Source_Port,Destination_Port,Protocol,Total_Length_of_Fwd_Packets,Total_Length_of_Bwd_Packets,Fwd_Packet_Length_Max,Fwd_Packet_Length_Min,Fwd_Packet_Length_Mean,Fwd_Packet_Length_Std,Bwd_Packet_Length_Max,Bwd_Packet_Length_Min,Bwd_Packet_Length_Mean,Bwd_Packet_Length_Std,Flow_IAT_Mean,Flow_IAT_Std,Flow_IAT_Max,Flow_IAT_Min,Fwd_IAT_Total,Fwd_IAT_Mean,Fwd_IAT_Std,Fwd_IAT_Max,Fwd_IAT_Min,Bwd_IAT_Total,Bwd_IAT_Mean,Bwd_IAT_Std,Bwd_IAT_Max,Bwd_IAT_Min,Fwd_PSH_Flags,Bwd_PSH_Flags,Fwd_URG_Flags,Bwd_URG_Flags,Min_Packet_Length,Max_Packet_Length,FIN_Flag_Count,SYN_Flag_Count,RST_Flag_Count,PSH_Flag_Count,ACK_Flag_Count,URG_Flag_Count,CWE_Flag_Count,ECE_Flag_Count,Down_Up_Ratio,Average_Packet_Size,Avg_Fwd_Segment_Size,Avg_Bwd_Segment_Size,Fwd_Avg_Bytes_Bulk,Fwd_Avg_Packets_Bulk,Fwd_Avg_Bulk_Rate,Bwd_Avg_Bytes_Bulk,Bwd_Avg_Packets_Bulk,Bwd_Avg_Bulk_Rate,Subflow_Fwd_Packets,Subflow_Fwd_Bytes,Subflow_Bwd_Packets,Subflow_Bwd_Bytes,Init_Win_bytes_fwd,Init_Win_bytes_bwd,act_data_pkt_fwd,min_seg_size_fwd,Active_Mean,Active_Std,Active_Max,Active_Min,Idle_Mean,Idle_Std,Idle_Max,Idle_Min
55448,443,6,896.0,3546.0,399.0,0.0,69.6,126.5954,1448.0,0.0,281.5455,528.8412,2307988.65,4175668.923,10030521.0,6.0,60767757.0,4316855.28,5182919.913,10070925.0,216.0,60415038.0,5642973.0,5248019.924,10080165.0,49.0,0,0,0,0,0.0,1448.0,0,0,0,1,0,0,0,0,0.0,173.6857,69.6,281.5455,0,0,0,0,0,0,15,896,11,3546,29200,114,3,32,87089.5,273026.408,607743.0,50286.0,10011032.16,31991.619,10030523.0,9954278.0
33913,80,6,434.0,1779.0,434.0,0.0,27.125,108.5,1779.0,0.0,127.9444,472.8667,3975030.43,4885960.447,10205943.0,34.0,115386130.0,7694266.53,4377001.149,10240018.0,4520.0,112678046.0,8651535.24,3755576.46,10240070.0,845.0,0,0,0,0,0.0,1779.0,0,0,0,1,0,0,0,0,0.0,73.1,27.125,127.9444,0,0,0,0,0,0,16,434,14,1779,29200,939,1,32,42399.81,12727.817,96382.0,36786.0,10198494.63,55711.28,10205944.0,9999548.0
61424,53,17,54.0,70.0,54.0,54.0,54.0,0.0,70.0,70.0,70.0,0.0,47060.0,0.0,47060.0,47060.0,0.0,0.0,0.0,0.0,0.0,0.0,0.0,0.0,0.0,0.0,0,0,0,0,54.0,70.0,0,0,0,0,0,0,0,0,1.0,89.0,54.0,70.0,0,0,0,0,0,0,1,54,1,70,-1,-1,0,20,0.0,0.0,0.0,0.0,0.0,0.0,0.0,0.0
443,56461,6,0.0,0.0,0.0,0.0,0.0,0.0,0.0,0.0,0.0,0.0,3.0,0.0,3.0,3.0,3.0,3.0,0.0,3.0,3.0,0.0,0.0,0.0,0.0,0.0,0,0,0,0,0.0,0.0,0,0,0,0,1,0,0,0,0.0,0.0,0.0,0.0,0,0,0,0,0,0,2,0,0,0,127,-1,0,32,0.0,0.0,0.0,0.0,0.0,0.0,0.0,0.0
443,62789,6,0.0,18.0,0.0,0.0,0.0,0.0,6.0,6.0,6.0,0.0,43760.75,87597.034,174865.0,1.0,174992.0,174992.0,0.0,174992.0,174992.0,5.0,2.5,2.121,4.0,1.0,0,0,0,0,0.0,6.0,0,0,0,0,1,0,0,0,1.0,3.6,0.0,6.0,0,0,0,0,0,0,2,0,3,18,114,0,0,32,0.0,0.0,0.0,0.0,0.0,0.0,0.0,0.0
443,53836,6,0.0,0.0,0.0,0.0,0.0,0.0,0.0,0.0,0.0,0.0,88.0,0.0,88.0,88.0,0.0,0.0,0.0,0.0,0.0,0.0,0.0,0.0,0.0,0.0,0,0,0,0,0.0,0.0,0,0,0,0,1,1,0,0,1.0,0.0,0.0,0.0,0,0,0,0,0,0,1,0,1,0,122,323,0,32,0.0,0.0,0.0,0.0,0.0,0.0,0.0,0.0
443,52197,6,0.0,18.0,0.0,0.0,0.0,0.0,6.0,6.0,6.0,0.0,43432.25,86350.152,173618.0,1.0,173782.0,173782.0,0.0,173782.0,173782.0,4.0,2.0,1.414,3.0,1.0,0,0,0,0,0.0,6.0,0,0,0,0,1,0,0,0,1.0,3.6,0.0,6.0,0,0,0,0,0,0,2,0,3,18,117,0,0,32,0.0,0.0,0.0,0.0,0.0,0.0,0.0,0.0
50502,443,6,86.0,7.0,86.0,0.0,28.6667,49.6521,7.0,0.0,1.3333,4.0415,13087.6,17178.675,32188.0,4.0,33135.0,16567.5,23166.073,32173.0,429.0,33905.0,16922.5,23440.312,33213.0,4.0,0,0,0,0,0.0,86.0,0,0,0,1,0,0,0,0,1.0,15.2857,28.6667,1.3333,0,0,0,0,0,0,3,86,3,7,65535,57,1,32,0.0,0.0,0.0,0.0,0.0,0.0,0.0,0.0
42832,80,6,437.0,1746.0,437.0,0.0,27.3125,109.25,1448.0,0.0,105.2857,379.3698,3998150.89,4949391.004,10216695.0,49.0,115980294.0,7734057.33,4356036.448,10240038.0,150.0,112487434.0,8687722.76,3833052.785,10240139.0,717.0,0,0,0,0,0.0,1448.0,0,0,0,1,0,0,0,0,0.0,79.436,27.3125,105.2857,0,0,0,0,0,0,16,437,14,1746,29200,939,1,32,42481.45,17020.635,78259.0,36831.0,10191633.81,10347.329,10216696.0,10001592.0
50495,443,6,12.0,0.0,6.0,6.0,6.0,0.0,0.0,0.0,0.0,0.0,145.0,0.0,145.0,145.0,145.0,145.0,0.0,145.0,145.0,0.0,0.0,0.0,0.0,0.0,0,0,0,0,6.0,6.0,0,0,0,0,1,0,0,0,0.0,9.0,6.0,0.0,0,0,0,0,0,0,2,12,0,0,16218,-1,1,20,0.0,0.0,0.0,0.0,0.0,0.0,0.0,0.0
60198,53,17,41.0,143.0,41.0,41.0,41.0,0.0,143.0,143.0,143.0,0.0,74156.0,0.0,74156.0,74156.0,0.0,0.0,0.0,0.0,0.0,0.0,0.0,0.0,0.0,0.0,0,0,0,0,41.0,143.0,0,0,0,0,0,0,0,0,1.0,112.5,41.0,143.0,0,0,0,0,0,0,1,41,1,143,-1,-1,0,20,0.0,0.0,0.0,0.0,0.0,0.0,0.0,0.0
44182,443,6,3809.0,34007.0,1302.0,0.0,102.1447,360.7261,2860.0,0.0,951.4167,737.9809,1173203.84,7550822.353,58913619.0,1.0,119060270.0,2673686.52,11885791.252,58913619.0,1.0,119974055.0,2129330.38,8618577.031,59001779.0,1.0,0,0,0,0,0.0,2860.0,0,0,0,1,0,0,0,0,1.0,576.8722,102.1447,951.4167,0,0,0,0,0,0,45,3809,45,34007,29200,405,40,32,812267.5,1298385.081,50752199.0,822853.0,58797470.5,273342.179,58913611.0,58280853.0
59729,53,17,62.0,236.0,31.0,31.0,31.0,0.0,118.0,118.0,118.0,0.0,20360.0,35294.106,61074.0,3.0,4.0,4.0,0.0,4.0,4.0,3.0,3.0,0.0,3.0,3.0,0,0,0,0,31.0,118.0,0,0,0,0,0,0,0,0,1.0,82.25,31.0,118.0,0,0,0,0,0,0,2,62,2,236,-1,-1,1,44,0.0,0.0,0.0,0.0,0.0,0.0,0.0,0.0
62357,53,17,46.0,98.0,46.0,46.0,46.0,0.0,98.0,98.0,98.0,0.0,204165.0,0.0,204165.0,204165.0,0.0,0.0,0.0,0.0,0.0,0.0,0.0,0.0,0.0,0.0,0,0,0,0,46.0,98.0,0,0,0,0,0,0,0,0,1.0,95.0,46.0,98.0,0,0,0,0,0,0,1,46,1,98,-1,-1,0,32,0.0,0.0,0.0,0.0,0.0,0.0,0.0,0.0
51078,53,17,80.0,202.0,40.0,40.0,40.0,0.0,101.0,101.0,101.0,0.0,20670.66,35480.273,61907.0,1.0,1.0,1.0,0.0,1.0,1.0,3.0,3.0,0.0,3.0,3.0,0,0,0,0,40.0,101.0,0,0,0,0,0,0,0,0,1.0,80.5,40.0,101.0,0,0,0,0,0,0,2,80,2,202,-1,-1,1,20,0.0,0.0,0.0,0.0,0.0,0.0,0.0,0.0
443,59404,6,0.0,18.0,0.0,0.0,0.0,0.0,6.0,6.0,6.0,0.0,27085.25,54240.519,100656.0,1.0,100710.0,100710.0,0.0,100710.0,100710.0,4.0,2.0,1.414,3.0,1.0,0,0,0,0,0.0,6.0,0,0,0,0,1,0,0,0,1.0,3.6,0.0,6.0,0,0,0,0,0,0,2,0,3,18,126,0,0,32,0.0,0.0,0.0,0.0,0.0,0.0,0.0,0.0
57350,53,17,64.0,96.0,32.0,32.0,32.0,0.0,48.0,48.0,48.0,0.0,54.66,89.302,157.0,4.0,4.0,4.0,0.0,4.0,4.0,4.0,4.0,0.0,4.0,4.0,0,0,0,0,32.0,48.0,0,0,0,0,0,0,0,0,1.0,48.0,32.0,48.0,0,0,0,0,0,0,2,64,2,96,-1,-1,1,32,0.0,0.0,0.0,0.0,0.0,0.0,0.0,0.0
48776,443,6,356.0,3782.0,212.0,0.0,59.3333,89.2248,1460.0,0.0,630.3333,677.2171,24014.9,39227.048,85910.0,49.0,260464.0,52190.8,46000.964,91865.0,193.0,177708.0,35365.6,46203.352,89904.0,48.0,0,0,0,0,0.0,1460.0,0,0,0,1,0,0,0,0,1.0,344.8333,59.3333,630.3333,0,0,0,0,0,0,6,356,6,3782,8192,60,5,20,0.0,0.0,0.0,0.0,0.0,0.0,0.0,0.0
63371,53,17,60.0,264.0,30.0,30.0,30.0,0.0,132.0,132.0,132.0,0.0,64.0,76.077,141.0,4.0,48.0,48.0,0.0,48.0,48.0,4.0,4.0,0.0,4.0,4.0,0,0,0,0,30.0,132.0,0,0,0,0,0,0,0,0,1.0,88.5,30.0,132.0,0,0,0,0,0,0,2,60,2,264,-1,-1,1,32,0.0,0.0,0.0,0.0,0.0,0.0,0.0,0.0
54927,443,6,34181.0,15736.0,1069.0,6.0,195.156,243.5729,1193.0,6.0,206.7273,359.8514,188731.88,1897504.771,9252209.0,1.0,117177792.0,355418.8,2021836.921,9358219.0,223388.0,117759603.0,271950.91,2006908.112,19287194.0,1.0,1,0,0,0,6.0,1163.0,0,1,0,0,1,0,0,0,1.0,263.0008,195.156,206.7273,0,0,0,0,0,0,210,54181,103,15736,62721,1600,109,20,11097518.72,2123947.832,13090956.0,98719.0,7730048.75,1136621.315,9252209.0,6996672.0
37449,53,17,76.0,164.0,38.0,38.0,38.0,0.0,82.0,82.0,82.0,0.0,20859.66,36075.579,62524.0,1.0,1.0,1.0,0.0,1.0,1.0,3.0,3.0,0.0,3.0,3.0,0,0,0,0,38.0,82.0,0,0,0,0,0,0,0,0,1.0,69.5,38.0,82.0,0,0,0,0,0,0,2,76,2,164,-1,-1,1,32,0.0,0.0,0.0,0.0,0.0,0.0,0.0,0.0
64650,443,6,1116.0,3579.0,917.0,0.0,92.6667,260.2206,1400.0,0.0,440.875,645.5711,4061.18,6833.107,15412.0,3.0,70843.0,4081.91,9597.338,22985.0,3.0,40222.0,3744.42,5850.341,15245.0,4.0,0,0,0,0,0.0,1400.0,0,0,0,1,0,0,0,0,0.0,219.0768,92.6667,440.875,0,0,0,0,0,0,12,1116,8,3579,65535,14232,11,20,0.0,0.0,0.0,0.0,0.0,0.0,0.0,0.0
34208,443,6,900.0,17756.0,422.0,0.0,50.9231,111.1299,2896.0,0.0,739.9067,902.1768,4175.57,10004.33,37568.0,1.0,149964.0,9848.75,11720.144,32374.0,1.0,113361.0,2998.27,13673.398,37917.0,1.0,0,0,0,0,0.0,2896.0,0,0,0,1,0,0,0,0,0.0,374.5919,50.9231,739.9067,0,0,0,0,0,0,18,900,18,17756,29200,122,6,32,0.0,0.0,0.0,0.0,0.0,0.0,0.0,0.0
53899,53,17,76.0,332.0,38.0,38.0,38.0,0.0,166.0,166.0,166.0,0.0,92.0,157.817,279.0,3.0,3.0,3.0,0.0,3.0,3.0,4.0,4.0,0.0,4.0,4.0,0,0,0,0,38.0,166.0,0,0,0,0,0,0,0,0,1.0,111.5,38.0,166.0,0,0,0,0,0,0,2,76,2,332,-1,-1,1,20,0.0,0.0,0.0,0.0,0.0,0.0,0.0,0.0
443,50004,6,43.0,6.0,31.0,6.0,14.3333,14.4338,6.0,6.0,6.0,0.0,29.0,32.221,55.0,0.0,69.0,34.5,12.821,55.0,0.0,0.0,0.0,0.0,0.0,0.0,0,0,0,0,6.0,31.0,0,0,0,0,1,0,0,0,0.0,13.75,14.3333,6.0,0,0,0,0,0,0,3,43,1,6,1088,0,2,20,0.0,0.0,0.0,0.0,0.0,0.0,0.0,0.0
49346,53,17,74.0,270.0,37.0,37.0,37.0,0.0,135.0,135.0,135.0,0.0,30428.66,52541.574,91282.0,1.0,1.0,1.0,0.0,1.0,1.0,3.0,3.0,0.0,3.0,3.0,0,0,0,0,37.0,135.0,0,0,0,0,0,0,0,0,1.0,95.25,37.0,135.0,0,0,0,0,0,0,2,74,2,270,-1,-1,1,20,0.0,0.0,0.0,0.0,0.0,0.0,0.0,0.0
33078,443,6,12.0,0.0,6.0,6.0,6.0,0.0,0.0,0.0,0.0,0.0,1.0,0.0,1.0,1.0,1.0,1.0,0.0,1.0,1.0,0.0,0.0,0.0,0.0,0.0,0,0,0,0,6.0,6.0,1,0,0,0,0,0,0,0,0.0,9.0,6.0,0.0,0,0,0,0,0,0,2,12,0,0,0,-1,1,20,0.0,0.0,0.0,0.0,0.0,0.0,0.0,0.0
49389,53,17,92.0,248.0,46.0,46.0,46.0,0.0,124.0,124.0,124.0,0.0,90.66,158.69,269.0,1.0,1.0,1.0,0.0,1.0,1.0,1.0,1.0,0.0,1.0,1.0,0,0,0,0,46.0,124.0,0,0,0,0,0,0,0,0,1.0,96.5,46.0,124.0,0,0,0,0,0,0,2,92,2,248,-1,-1,1,32,0.0,0.0,0.0,0.0,0.0,0.0,0.0,0.0
60535,53,17,50.0,151.0,50.0,50.0,50.0,0.0,151.0,151.0,151.0,0.0,47867.0,0.0,47867.0,47867.0,0.0,0.0,0.0,0.0,0.0,0.0,0.0,0.0,0.0,0.0,0,0,0,0,50.0,151.0,0,0,0,0,0,0,0,0,1.0,125.5,50.0,151.0,0,0,0,0,0,0,1,50,1,151,-1,-1,0,32,0.0,0.0,0.0,0.0,0.0,0.0,0.0,0.0
64383,443,6,12.0,0.0,6.0,6.0,6.0,0.0,0.0,0.0,0.0,0.0,49.0,0.0,49.0,49.0,49.0,49.0,0.0,49.0,49.0,0.0,0.0,0.0,0.0,0.0,0,0,0,0,6.0,6.0,1,0,0,0,0,0,0,0,0.0,9.0,6.0,0.0,0,0,0,0,0,0,2,12,0,0,0,-1,1,20,0.0,0.0,0.0,0.0,0.0,0.0,0.0,0.0
57537,80,6,1189.0,734.0,1189.0,0.0,249.8,561.9144,724.0,0.0,233.3333,461.5567,2226294.28,3438045.585,9954565.0,56.0,10101035.0,2515709.25,4979635.469,9954565.0,232.0,15163732.0,4056071.0,5686424.568,9990246.0,39051.0,0,0,0,0,0.0,1189.0,0,0,0,1,0,0,0,0,1.0,222.775,249.8,233.3333,0,0,0,0,0,0,5,1189,3,734,8192,246,4,20,669359.0,0.0,669359.0,669359.0,9954545.0,0.0,9954565.0,9954545.0
57691,443,6,356.0,3782.0,212.0,0.0,59.3333,89.2248,2542.0,0.0,666.4,1677.5162,1006993.54,3101093.282,10516075.0,57.0,10068789.0,1614177.8,4204222.033,10016075.0,92.0,84472.0,26484.5,22539.357,47914.0,296.0,0,0,0,0,0.0,2542.0,0,0,0,1,0,0,0,0,0.0,344.1818,59.3333,666.4,0,0,0,0,0,0,6,356,5,3782,8192,60,5,20,0.0,0.0,0.0,0.0,0.0,0.0,0.0,0.0
54736,53,17,90.0,122.0,45.0,45.0,45.0,0.0,61.0,61.0,61.0,0.0,45.0,76.0,139.0,3.0,3.0,3.0,0.0,3.0,3.0,4.0,4.0,0.0,4.0,4.0,0,0,0,0,45.0,61.0,0,0,0,0,0,0,0,0,1.0,64.25,45.0,61.0,0,0,0,0,0,0,2,90,2,122,-1,-1,1,32,0.0,0.0,0.0,0.0,0.0,0.0,0.0,0.0
443,40990,6,31.0,0.0,31.0,0.0,15.5,21.9203,0.0,0.0,0.0,0.0,3.0,0.0,3.0,3.0,3.0,3.0,0.0,3.0,3.0,0.0,0.0,0.0,0.0,0.0,1,0,0,0,0.0,31.0,0,1,0,0,1,0,0,0,0.0,31.0,15.5,0.0,0,0,0,0,0,0,2,31,0,0,79,-1,0,32,0.0,0.0,0.0,0.0,0.0,0.0,0.0,0.0
443,57682,6,0.0,0.0,0.0,0.0,0.0,0.0,0.0,0.0,0.0,0.0,18.0,0.0,18.0,18.0,0.0,0.0,0.0,0.0,0.0,0.0,0.0,0.0,0.0,0.0,0,0,0,0,0.0,0.0,0,0,0,0,1,0,0,0,1.0,0.0,0.0,0.0,0,0,0,0,0,0,1,0,1,0,118,33304,0,32,0.0,0.0,0.0,0.0,0.0,0.0,0.0,0.0
49608,80,6,1024.0,0.0,1006.0,6.0,314.8,473.6135,0.0,0.0,0.0,0.0,5325736.16,9907401.692,16025618.0,23044.0,16015582.0,6407643.0,10612150.946,16025618.0,65418.0,0.0,0.0,0.0,0.0,0.0,0,0,0,0,6.0,1006.0,0,0,0,0,1,0,0,0,0.0,604.2,314.8,0.0,0,0,0,0,0,0,5,1024,0,0,16281,-1,4,20,0.0,0.0,0.0,0.0,0.0,0.0,0.0,0.0
3106,53,17,68.0,158.0,34.0,34.0,34.0,0.0,79.0,79.0,79.0,0.0,10267.66,17738.687,30799.0,3.0,3.0,3.0,0.0,3.0,3.0,4.0,4.0,0.0,4.0,4.0,0,0,0,0,34.0,79.0,0,0,0,0,0,0,0,0,1.0,65.0,34.0,79.0,0,0,0,0,0,0,2,68,2,158,-1,-1,1,20,0.0,0.0,0.0,0.0,0.0,0.0,0.0,0.0
55381,53,17,88.0,202.0,44.0,44.0,44.0,0.0,101.0,101.0,101.0,0.0,52.0,89.779,158.0,4.0,4.0,4.0,0.0,4.0,4.0,4.0,4.0,0.0,4.0,4.0,0,0,0,0,44.0,101.0,0,0,0,0,0,0,0,0,1.0,83.5,44.0,101.0,0,0,0,0,0,0,2,88,2,202,-1,-1,1,32,0.0,0.0,0.0,0.0,0.0,0.0,0.0,0.0
51415,80,6,373.0,33004.0,357.0,0.0,20.3636,93.0557,4344.0,0.0,1981.0,1030.7322,1871495.0,3802885.801,10217704.0,37.0,115847389.0,3092015.94,4655292.18,10240017.0,180.0,112745579.0,3316358.02,4886714.327,10240490.0,3872.0,0,0,0,0,0.0,4344.0,0,0,0,1,0,0,0,0,1.0,695.5355,20.3636,1981.0,0,0,0,0,0,0,32,373,33,33004,29200,61,1,32,41233.36,17333.65,194678.0,14947.0,10201158.36,39715.901,10217702.0,10001901.0
61324,443,6,37.0,0.0,37.0,0.0,7.4,16.5469,0.0,0.0,0.0,0.0,2362.66,4836.935,7786.0,1.0,8766.0,2691.5,4822.662,7786.0,1.0,0.0,0.0,0.0,0.0,0.0,0,0,0,0,0.0,37.0,0,0,0,0,1,0,0,0,0.0,7.4,7.4,0.0,0,0,0,0,0,0,5,37,0,0,33213,-1,1,32,0.0,0.0,0.0,0.0,0.0,0.0,0.0,0.0
443,57375,6,0.0,0.0,0.0,0.0,0.0,0.0,0.0,0.0,0.0,0.0,95.0,0.0,95.0,95.0,0.0,0.0,0.0,0.0,0.0,0.0,0.0,0.0,0.0,0.0,0,0,0,0,0.0,0.0,0,0,0,0,1,1,0,0,1.0,0.0,0.0,0.0,0,0,0,0,0,0,1,0,1,0,357,32832,0,32,0.0,0.0,0.0,0.0,0.0,0.0,0.0,0.0
54580,443,6,86.0,7.0,86.0,0.0,21.5,47.0,7.0,0.0,2.3333,4.0415,6114.0,8505.903,15338.0,31.0,35436.0,11438.0,8195.651,15382.0,421.0,12532.0,7281.0,10600.0,12531.0,12531.0,0,0,0,0,0.0,86.0,0,0,0,1,0,0,0,0,0.0,13.2857,21.5,2.3333,0,0,0,0,0,0,4,86,3,7,65535,57,1,32,0.0,0.0,0.0,0.0,0.0,0.0,0.0,0.0
54578,443,6,2559.0,15100.0,1368.0,0.0,111.4375,348.9949,2636.0,0.0,684.3614,832.5633,2240780.86,4071655.128,10000783.0,2.0,115656278.0,4780549.59,4960817.881,10051593.0,4.0,110449209.0,4513747.95,5197755.634,10055347.0,50.0,0,0,0,0,0.0,2636.0,0,0,0,1,0,0,0,0,0.0,350.3429,111.4375,684.3614,0,0,0,0,0,0,26,2559,21,15100,8192,1121,25,20,43099.18,77303.132,383381.0,32807.0,9599398.43,1322776.661,10000786.0,5410290.0
5159,53,17,64.0,192.0,32.0,32.0,32.0,0.0,96.0,96.0,96.0,0.0,48.0,74.191,139.0,3.0,3.0,3.0,0.0,3.0,3.0,4.0,4.0,0.0,4.0,4.0,0,0,0,0,32.0,96.0,0,0,0,0,0,0,0,0,1.0,72.0,32.0,96.0,0,0,0,0,0,0,2,64,2,192,-1,-1,1,20,0.0,0.0,0.0,0.0,0.0,0.0,0.0,0.0
61803,53,17,50.0,66.0,50.0,50.0,50.0,0.0,66.0,66.0,66.0,0.0,30481.0,0.0,30481.0,30481.0,0.0,0.0,0.0,0.0,0.0,0.0,0.0,0.0,0.0,0.0,0,0,0,0,50.0,66.0,0,0,0,0,0,0,0,0,1.0,83.0,50.0,66.0,0,0,0,0,0,0,1,50,1,66,-1,-1,0,32,0.0,0.0,0.0,0.0,0.0,0.0,0.0,0.0
58148,53,17,90.0,172.0,45.0,45.0,45.0,0.0,86.0,86.0,86.0,0.0,55.0,92.066,163.0,3.0,3.0,3.0,0.0,3.0,3.0,3.0,3.0,0.0,3.0,3.0,0,0,0,0,45.0,86.0,0,0,0,0,0,0,0,0,1.0,76.75,45.0,86.0,0,0,0,0,0,0,2,90,2,172,-1,-1,1,40,0.0,0.0,0.0,0.0,0.0,0.0,0.0,0.0
49984,443,6,1738.0,319.0,1368.0,0.0,154.8,405.6733,271.0,0.0,63.1667,93.1401,11301.0,15347.57,36114.0,3.0,167852.0,18937.22,21384.384,52362.0,3.0,102746.0,20724.2,16803.355,37229.0,476.0,0,0,0,0,0.0,1368.0,0,0,0,1,0,0,0,0,0.0,137.1774,154.8,63.1667,0,0,0,0,0,0,10,1738,6,319,65535,383,6,32,0.0,0.0,0.0,0.0,0.0,0.0,0.0,0.0
62119,443,6,2861.0,55042.0,441.0,0.0,60.5,112.2893,1787.0,0.0,1154.7087,621.365,988107.1,6891223.918,54883760.0,1.0,64579915.0,2146024.27,8676905.471,54883764.0,1.0,64210440.0,2844349.34,9909177.836,55037631.0,1.0,0,0,0,0,0.0,1787.0,0,0,0,1,0,0,0,0,1.0,757.8459,60.5,1154.7087,0,0,0,0,0,0,40,2861,63,55042,65535,269,9,32,843610.0,1552063.38,4091123.0,77980.0,32672407.53,26783317.96,54883762.0,19028209.0
50524,443,6,453.0,5742.0,196.0,0.0,41.1111,71.7051,1460.0,0.0,729.4,652.4274,356447.16,1313267.262,5370956.0,4.0,5611102.0,621201.25,1770407.239,5370956.0,4.0,666675.0,96361.25,108198.334,283914.0,49.0,0,0,0,0,0.0,1460.0,0,0,0,1,0,0,0,0,0.0,320.6253,41.1111,729.4,0,0,0,0,0,0,9,453,5,5742,8192,110,8,20,538197.0,0.0,538197.0,538197.0,5370068.0,0.0,5370958.0,5370068.0
43804,443,6,1975.0,1674.0,1448.0,0.0,257.1667,551.5826,1051.0,0.0,214.6667,449.0326,38197.61,99824.059,365868.0,3.0,376826.0,71481.2,86558.189,305868.0,3.0,342457.0,90448.4,135162.01,325242.0,4.0,0,0,0,0,0.0,1448.0,0,0,0,1,0,0,0,0,0.0,210.25,257.1667,214.6667,0,0,0,0,0,0,9,1975,6,1674,29200,16218,7,32,0.0,0.0,0.0,0.0,0.0,0.0,0.0,0.0
61153,53,17,58.0,124.0,58.0,58.0,58.0,0.0,124.0,124.0,124.0,0.0,30868.0,0.0,30868.0,30868.0,0.0,0.0,0.0,0.0,0.0,0.0,0.0,0.0,0.0,0.0,0,0,0,0,58.0,124.0,0,0,0,0,0,0,0,0,1.0,120.0,58.0,124.0,0,0,0,0,0,0,1,58,1,124,-1,-1,0,32,0.0,0.0,0.0,0.0,0.0,0.0,0.0,0.0
61876,53,17,44.0,202.0,44.0,44.0,44.0,0.0,202.0,202.0,202.0,0.0,60707.0,0.0,60707.0,60707.0,0.0,0.0,0.0,0.0,0.0,0.0,0.0,0.0,0.0,0.0,0,0,0,0,44.0,202.0,0,0,0,0,0,0,0,0,1.0,145.0,44.0,202.0,0,0,0,0,0,0,1,44,1,202,-1,-1,0,20,0.0,0.0,0.0,0.0,0.0,0.0,0.0,0.0
57011,443,6,1830.0,5771.0,1534.0,0.0,88.3529,289.2558,1418.0,0.0,270.8182,514.275,2779723.08,4572181.518,9999291.0,3.0,115923719.0,5224179.73,4971511.645,10023510.0,3.0,110780548.0,5536233.15,5007426.555,10023788.0,49.0,0,0,0,0,0.0,1538.0,0,0,0,1,0,0,0,0,0.0,194.3857,88.3529,270.8182,0,0,0,0,0,0,27,1830,19,5771,8192,362,26,20,51003.75,17198.425,171621.0,30827.0,9624577.5,1342695.034,9999292.0,5110346.0
63576,80,6,12.0,0.0,6.0,0.0,4.0,3.4641,0.0,0.0,0.0,0.0,1762857.0,2967413.242,5946894.0,178.0,5988450.0,2994275.0,3454105.488,5946894.0,36405.0,0.0,0.0,0.0,0.0,0.0,0,0,0,0,0.0,6.0,0,0,0,1,0,0,0,0,0.0,3.0,4.0,0.0,0,0,0,0,0,0,3,12,1,0,8192,29200,2,20,0.0,0.0,0.0,0.0,0.0,0.0,0.0,0.0
55405,443,6,937.0,9529.0,453.0,0.0,70.4667,137.2153,1397.0,0.0,659.9474,645.4995,25325.08,53665.445,220727.0,2.0,594370.0,44613.07,94814.963,320725.0,3.0,402962.0,57994.85,91249.818,289205.0,2.0,0,0,0,0,0.0,1397.0,0,0,0,1,0,0,0,0,0.0,335.331,70.4667,659.9474,0,0,0,0,0,0,15,937,13,9529,65535,33,6,32,0.0,0.0,0.0,0.0,0.0,0.0,0.0,0.0
61885,53,17,157.0,307.0,90.0,42.0,74.1667,42.0218,286.0,64.0,183.5,102.2203,24594476.33,40858286.903,73436162.0,47998.0,73414137.0,73414137.5,0.0,73414137.0,73414137.0,73456916.0,73556916.0,0.0,73456916.0,73556916.0,0,0,0,0,42.0,286.0,0,0,0,0,0,0,0,0,1.0,138.5,74.1667,183.5,0,0,0,0,0,0,3,157,2,307,-1,-1,2,32,30525.0,0.0,30525.0,30525.0,73436141.0,0.0,73436161.0,73436141.0
443,52818,6,6.0,6.0,6.0,6.0,6.0,0.0,6.0,6.0,6.0,0.0,92.0,0.0,92.0,92.0,0.0,0.0,0.0,0.0,0.0,0.0,0.0,0.0,0.0,0.0,0,0,0,0,6.0,6.0,0,0,0,0,1,1,0,0,1.0,9.0,6.0,6.0,0,0,0,0,0,0,1,6,1,6,131,32850,0,20,0.0,0.0,0.0,0.0,0.0,0.0,0.0,0.0
48134,443,6,12.0,0.0,6.0,6.0,6.0,0.0,0.0,0.0,0.0,0.0,163.0,0.0,163.0,163.0,163.0,163.0,0.0,163.0,163.0,0.0,0.0,0.0,0.0,0.0,0,0,0,0,6.0,6.0,0,0,0,0,1,0,0,0,0.0,9.0,6.0,0.0,0,0,0,0,0,0,2,12,0,0,321,-1,1,20,0.0,0.0,0.0,0.0,0.0,0.0,0.0,0.0
443,58690,6,0.0,0.0,0.0,0.0,0.0,0.0,0.0,0.0,0.0,0.0,57.0,0.0,57.0,57.0,0.0,0.0,0.0,0.0,0.0,0.0,0.0,0.0,0.0,0.0,0,0,0,0,0.0,0.0,0,0,0,0,1,0,0,0,1.0,0.0,0.0,0.0,0,0,0,0,0,0,1,0,1,0,5118,65535,0,32,0.0,0.0,0.0,0.0,0.0,0.0,0.0,0.0
63466,80,6,346.0,259.0,346.0,0.0,98.2,188.084,259.0,0.0,89.75,149.5,9646.14,15903.846,29312.0,2.0,29399.0,9899.75,16301.167,29196.0,561.0,21909.0,10359.0,12319.165,20598.0,1472.0,0,0,0,0,0.0,346.0,0,0,0,1,0,0,0,0,1.0,81.5,98.2,89.75,0,0,0,0,0,0,5,346,4,259,8192,22,4,20,0.0,0.0,0.0,0.0,0.0,0.0,0.0,0.0
60060,443,6,578.0,662.0,517.0,0.0,95.6667,206.3021,356.0,0.0,84.0,127.3318,28146.14,48185.85,105054.0,3.0,215264.0,48264.8,60122.605,103936.0,3.0,252835.0,50315.0,72335.924,137753.0,3.0,0,0,0,0,0.0,517.0,0,0,0,1,0,0,0,0,1.0,83.3308,95.6667,84.0,0,0,0,0,0,0,6,578,8,662,8192,39,5,20,0.0,0.0,0.0,0.0,0.0,0.0,0.0,0.0
443,60317,6,0.0,0.0,0.0,0.0,0.0,0.0,0.0,0.0,0.0,0.0,57.0,0.0,57.0,57.0,0.0,0.0,0.0,0.0,0.0,0.0,0.0,0.0,0.0,0.0,0,0,0,0,0.0,0.0,0,0,0,0,1,0,0,0,1.0,0.0,0.0,0.0,0,0,0,0,0,0,1,0,1,0,8192,33304,0,32,0.0,0.0,0.0,0.0,0.0,0.0,0.0,0.0
57007,443,6,1205.0,4534.0,700.0,0.0,104.3333,233.2768,1398.0,0.0,561.4286,648.0498,10702.76,15606.052,43399.0,2.0,187066.0,13512.0,20346.362,42488.0,2.0,148744.0,21544.0,22287.379,73614.0,2.0,0,0,0,0,0.0,1398.0,0,0,0,1,0,0,0,0,0.0,272.4525,104.3333,561.4286,0,0,0,0,0,0,12,1205,7,4534,65535,121,6,32,0.0,0.0,0.0,0.0,0.0,0.0,0.0,0.0
41218,443,6,9062.0,5898.0,783.0,0.0,255.0,337.3551,2916.0,0.0,386.4947,571.1646,1732044.11,3755200.627,10011647.0,98.0,113072932.0,3740133.14,4581033.867,10048004.0,123.0,113092169.0,3666641.95,4600995.297,10049999.0,215.0,0,0,0,0,0.0,2916.0,0,0,0,1,0,0,0,0,1.0,348.6467,255.0,386.4947,0,0,0,0,0,0,33,9062,32,5898,29200,431,22,20,378993.41,1350996.564,6704639.0,50377.0,10083883.9,2164.928,10011640.0,10019229.0
62167,53,17,62.0,236.0,62.0,62.0,62.0,0.0,236.0,236.0,236.0,0.0,53745.0,0.0,53745.0,53745.0,0.0,0.0,0.0,0.0,0.0,0.0,0.0,0.0,0.0,0.0,0,0,0,0,62.0,236.0,0,0,0,0,0,0,0,0,1.0,190.0,62.0,236.0,0,0,0,0,0,0,1,62,1,236,-1,-1,0,32,0.0,0.0,0.0,0.0,0.0,0.0,0.0,0.0
65241,80,6,12.0,0.0,6.0,0.0,4.0,3.4641,0.0,0.0,0.0,0.0,1886371.0,3186841.115,5423975.0,50.0,5456168.0,2778084.0,3865098.99,5423975.0,23204.0,0.0,0.0,0.0,0.0,0.0,0,0,0,0,0.0,6.0,0,0,0,1,0,0,0,0,0.0,3.0,4.0,0.0,0,0,0,0,0,0,3,12,1,0,8192,29200,2,20,0.0,0.0,0.0,0.0,0.0,0.0,0.0,0.0
443,52579,6,12.0,6.0,6.0,6.0,6.0,0.0,6.0,6.0,6.0,0.0,39.5,54.659,76.0,4.0,4.0,4.0,0.0,4.0,4.0,0.0,0.0,0.0,0.0,0.0,0,0,0,0,6.0,6.0,0,0,0,0,1,1,0,0,0.0,8.0,6.0,6.0,0,0,0,0,0,0,2,12,1,6,2049,65535,1,20,0.0,0.0,0.0,0.0,0.0,0.0,0.0,0.0
58052,443,6,12.0,0.0,6.0,6.0,6.0,0.0,0.0,0.0,0.0,0.0,7129662.0,0.0,7129662.0,7129662.0,7129662.0,7129662.0,0.0,7129662.0,7129662.0,0.0,0.0,0.0,0.0,0.0,0,0,0,0,6.0,6.0,0,0,0,0,1,0,0,0,0.0,9.0,6.0,0.0,0,0,0,0,0,0,2,12,0,0,251,-1,1,20,0.0,0.0,0.0,0.0,0.0,0.0,0.0,0.0
443,53902,6,31.0,6.0,31.0,0.0,15.5,21.9203,6.0,6.0,6.0,0.0,27.5,33.134,49.0,3.0,3.0,3.0,0.0,3.0,3.0,0.0,0.0,0.0,0.0,0.0,1,0,0,0,0.0,31.0,0,1,0,0,1,0,0,0,0.0,22.6667,15.5,6.0,0,0,0,0,0,0,2,31,1,6,1079,0,0,32,0.0,0.0,0.0,0.0,0.0,0.0,0.0,0.0
80,52483,6,0.0,0.0,0.0,0.0,0.0,0.0,0.0,0.0,0.0,0.0,48.0,0.0,48.0,48.0,0.0,0.0,0.0,0.0,0.0,0.0,0.0,0.0,0.0,0.0,0,0,0,0,0.0,0.0,0,0,0,0,1,1,0,0,1.0,0.0,0.0,0.0,0,0,0,0,0,0,1,0,1,0,332,32832,0,32,0.0,0.0,0.0,0.0,0.0,0.0,0.0,0.0
59566,443,6,18.0,0.0,6.0,6.0,6.0,0.0,0.0,0.0,0.0,0.0,42371.66,87112.15,174122.0,11.0,134.0,67.0,132.495,123.0,48.0,175567.0,175567.0,0.0,175567.0,175567.0,0,0,0,0,0.0,6.0,1,0,0,0,0,0,0,0,0.0,4.8,6.0,0.0,0,0,0,0,0,0,3,18,2,0,0,114,2,20,0.0,0.0,0.0,0.0,0.0,0.0,0.0,0.0
443,57863,6,37.0,0.0,37.0,0.0,18.5,26.163,0.0,0.0,0.0,0.0,3.0,0.0,3.0,3.0,3.0,3.0,0.0,3.0,3.0,0.0,0.0,0.0,0.0,0.0,1,0,0,0,0.0,37.0,0,1,0,0,1,0,0,0,0.0,37.0,18.5,0.0,0,0,0,0,0,0,2,37,0,0,83,-1,0,32,0.0,0.0,0.0,0.0,0.0,0.0,0.0,0.0
62107,53,17,64.0,117.0,64.0,64.0,64.0,0.0,117.0,117.0,117.0,0.0,60616.0,0.0,60616.0,60616.0,0.0,0.0,0.0,0.0,0.0,0.0,0.0,0.0,0.0,0.0,0,0,0,0,64.0,117.0,0,0,0,0,0,0,0,0,1.0,122.5,64.0,117.0,0,0,0,0,0,0,1,64,1,117,-1,-1,0,20,0.0,0.0,0.0,0.0,0.0,0.0,0.0,0.0
443,50950,6,6.0,6.0,6.0,6.0,6.0,0.0,6.0,6.0,6.0,0.0,21.0,0.0,21.0,21.0,0.0,0.0,0.0,0.0,0.0,0.0,0.0,0.0,0.0,0.0,0,0,0,0,6.0,6.0,0,0,0,0,1,1,0,0,1.0,9.0,6.0,6.0,0,0,0,0,0,0,1,6,1,6,32,32850,0,20,0.0,0.0,0.0,0.0,0.0,0.0,0.0,0.0
49990,80,6,12.0,0.0,6.0,6.0,6.0,0.0,0.0,0.0,0.0,0.0,41.0,0.0,41.0,41.0,41.0,41.0,0.0,41.0,41.0,0.0,0.0,0.0,0.0,0.0,0,0,0,0,6.0,6.0,0,0,0,0,1,0,0,0,0.0,9.0,6.0,0.0,0,0,0,0,0,0,2,12,0,0,64240,-1,1,20,0.0,0.0,0.0,0.0,0.0,0.0,0.0,0.0
61865,53,17,113.0,248.0,53.0,50.0,56.5,2.1213,157.0,111.0,124.0,30.1171,34472937.66,66079307.729,114424796.0,30621.0,114467102.0,114467102.0,0.0,114467102.0,114467102.0,114564562.0,114564562.0,0.0,114564562.0,114564562.0,0,0,0,0,50.0,157.0,0,0,0,0,0,0,0,0,1.0,104.25,56.5,124.0,0,0,0,0,0,0,2,113,2,248,-1,-1,1,20,61738.0,0.0,61738.0,61738.0,114424790.0,0.0,114424790.0,114424790.0
53956,53,17,82.0,152.0,41.0,41.0,41.0,0.0,76.0,76.0,76.0,0.0,10550.66,18292.942,31645.0,3.0,3.0,3.0,0.0,3.0,3.0,3.0,3.0,0.0,3.0,3.0,0,0,0,0,41.0,76.0,0,0,0,0,0,0,0,0,1.0,68.75,41.0,76.0,0,0,0,0,0,0,2,82,2,152,-1,-1,1,20,0.0,0.0,0.0,0.0,0.0,0.0,0.0,0.0
61968,53,17,72.0,286.0,36.0,36.0,36.0,0.0,143.0,143.0,143.0,0.0,328.0,562.644,978.0,48.0,48.0,48.0,0.0,48.0,48.0,48.0,48.0,0.0,48.0,48.0,0,0,0,0,36.0,143.0,0,0,0,0,0,0,0,0,1.0,98.5,36.0,143.0,0,0,0,0,0,0,2,72,2,286,-1,-1,1,20,0.0,0.0,0.0,0.0,0.0,0.0,0.0,0.0
63211,53,17,72.0,228.0,36.0,36.0,36.0,0.0,114.0,114.0,114.0,0.0,8074.0,13978.282,24210.0,3.0,4.0,4.0,0.0,4.0,4.0,3.0,3.0,0.0,3.0,3.0,0,0,0,0,36.0,114.0,0,0,0,0,0,0,0,0,1.0,84.0,36.0,114.0,0,0,0,0,0,0,2,72,2,228,-1,-1,1,32,0.0,0.0,0.0,0.0,0.0,0.0,0.0,0.0
61465,53,17,52.0,68.0,52.0,52.0,52.0,0.0,68.0,68.0,68.0,0.0,30386.0,0.0,30386.0,30386.0,0.0,0.0,0.0,0.0,0.0,0.0,0.0,0.0,0.0,0.0,0,0,0,0,52.0,68.0,0,0,0,0,0,0,0,0,1.0,86.0,52.0,68.0,0,0,0,0,0,0,1,52,1,68,-1,-1,0,32,0.0,0.0,0.0,0.0,0.0,0.0,0.0,0.0
57146,443,6,2243.0,5582.0,1061.0,0.0,106.3125,292.507,1418.0,0.0,251.125,482.9793,2875430.52,4476035.372,10017079.0,1.0,115763745.0,5788360.25,4964940.974,10048026.0,3.0,110673476.0,6510424.0,4922610.061,10048191.0,1.0,0,0,0,0,0.0,1418.0,0,0,0,1,0,0,0,0,0.0,183.8171,106.3125,251.125,0,0,0,0,0,0,22,2243,16,5582,29200,381,4,32,51538.27,32338.347,341392.0,36574.0,9609021.08,1315897.65,10017079.0,5059996.0
443,55139,6,37.0,0.0,37.0,0.0,18.5,26.163,0.0,0.0,0.0,0.0,3.0,0.0,3.0,3.0,3.0,3.0,0.0,3.0,3.0,0.0,0.0,0.0,0.0,0.0,1,0,0,0,0.0,37.0,0,1,0,0,1,0,0,0,0.0,37.0,18.5,0.0,0,0,0,0,0,0,2,37,0,0,114,-1,0,32,0.0,0.0,0.0,0.0,0.0,0.0,0.0,0.0
58631,80,6,387.0,594.0,387.0,0.0,97.4,182.0017,594.0,0.0,116.6667,245.812,29614.85,56417.148,112015.0,25.0,117916.0,58979.5,85483.681,112317.0,362.0,123594.0,43598.0,0.0,123594.0,123594.0,0,0,0,0,0.0,594.0,0,0,0,1,0,0,0,0,0.0,107.625,97.4,116.6667,0,0,0,0,0,0,5,387,2,594,65535,118,1,32,0.0,0.0,0.0,0.0,0.0,0.0,0.0,0.0
39111,80,6,363.0,37800.0,341.0,0.0,16.9444,66.9386,4344.0,0.0,1726.8176,1039.8407,76496.2,782256.123,4946195.0,1.0,146787.0,16936.36,28785.139,43551.0,41.0,5000956.0,193995.39,1005736.451,4966747.0,1.0,0,0,0,0,0.0,4344.0,0,0,0,1,0,0,0,0,1.0,1082.9,16.9444,1726.8176,0,0,0,0,0,0,29,363,35,37800,29200,340,1,32,0.0,0.0,0.0,0.0,0.0,0.0,0.0,0.0
80,63310,6,12.0,0.0,6.0,6.0,6.0,0.0,0.0,0.0,0.0,0.0,754.0,0.0,754.0,754.0,754.0,754.0,0.0,754.0,754.0,0.0,0.0,0.0,0.0,0.0,0,0,0,0,6.0,6.0,0,0,0,0,1,0,0,0,0.0,9.0,6.0,0.0,0,0,0,0,0,0,2,12,0,0,913,-1,1,20,0.0,0.0,0.0,0.0,0.0,0.0,0.0,0.0
4553,53,17,76.0,172.0,38.0,38.0,38.0,0.0,86.0,86.0,86.0,0.0,12971.66,22876.118,38907.0,3.0,3.0,3.0,0.0,3.0,3.0,4.0,4.0,0.0,4.0,4.0,0,0,0,0,38.0,86.0,0,0,0,0,0,0,0,0,1.0,71.5,38.0,86.0,0,0,0,0,0,0,2,76,2,172,-1,-1,1,32,0.0,0.0,0.0,0.0,0.0,0.0,0.0,0.0
44804,53,17,84.0,116.0,42.0,42.0,42.0,0.0,58.0,58.0,58.0,0.0,57.33,92.169,164.0,3.0,3.0,3.0,0.0,3.0,3.0,3.0,3.0,0.0,3.0,3.0,0,0,0,0,42.0,58.0,0,0,0,0,0,0,0,0,1.0,60.5,42.0,58.0,0,0,0,0,0,0,2,84,2,116,-1,-1,1,20,0.0,0.0,0.0,0.0,0.0,0.0,0.0,0.0
443,59916,6,37.0,6.0,37.0,0.0,18.5,26.163,6.0,6.0,6.0,0.0,107.0,58.383,141.0,77.0,213.0,213.0,0.0,213.0,213.0,0.0,0.0,0.0,0.0,0.0,1,0,0,0,0.0,37.0,0,1,0,0,1,0,0,0,0.0,26.6667,18.5,6.0,0,0,0,0,0,0,2,37,1,6,122,0,0,32,0.0,0.0,0.0,0.0,0.0,0.0,0.0,0.0
59840,443,6,913.0,4200.0,248.0,0.0,56.9167,75.6833,1430.0,0.0,117.8889,454.051,3053105.79,13162201.131,58966663.0,0.0,117603145.0,6666514.14,19423167.156,58966663.0,0.0,117675200.0,6941200.31,19376766.955,59007056.0,0.0,0,0,0,0,0.0,1430.0,0,0,0,1,0,0,0,0,1.0,54.8293,56.9167,117.8889,0,0,0,0,0,0,15,913,18,4200,8192,360,14,20,201576.0,246189.964,460026.0,97682.0,58430775.0,49326.368,58966665.0,58949672.0
51104,80,6,12.0,0.0,6.0,6.0,6.0,0.0,0.0,0.0,0.0,0.0,57.0,0.0,57.0,57.0,57.0,57.0,0.0,57.0,57.0,0.0,0.0,0.0,0.0,0.0,0,0,0,0,6.0,6.0,0,0,0,0,1,0,0,0,0.0,9.0,6.0,0.0,0,0,0,0,0,0,2,12,0,0,63017,-1,1,20,0.0,0.0,0.0,0.0,0.0,0.0,0.0,0.0
59088,443,6,816.0,4852.0,437.0,0.0,62.8,127.1003,1418.0,0.0,642.7273,637.7275,10899.71,16673.562,53408.0,3.0,181310.0,15616.77,24019.425,55066.0,3.0,135417.0,27451.66,26190.483,68341.0,4.0,0,0,0,0,0.0,1418.0,0,0,0,1,0,0,0,0,0.0,289.5388,62.8,642.7273,0,0,0,0,0,0,15,816,7,4852,65535,349,6,32,0.0,0.0,0.0,0.0,0.0,0.0,0.0,0.0
39776,53,17,60.0,264.0,30.0,30.0,30.0,0.0,132.0,132.0,132.0,0.0,67.66,117.964,196.0,4.0,4.0,4.0,0.0,4.0,4.0,4.0,4.0,0.0,4.0,4.0,0,0,0,0,30.0,132.0,0,0,0,0,0,0,0,0,1.0,88.5,30.0,132.0,0,0,0,0,0,0,2,60,2,264,-1,-1,1,20,0.0,0.0,0.0,0.0,0.0,0.0,0.0,0.0
443,60314,6,0.0,18.0,0.0,0.0,0.0,0.0,6.0,6.0,6.0,0.0,43811.25,87453.836,174774.0,1.0,174863.0,174863.0,0.0,174863.0,174863.0,4.0,2.0,1.414,3.0,1.0,0,0,0,0,0.0,6.0,0,0,0,0,1,0,0,0,1.0,3.6,0.0,6.0,0,0,0,0,0,0,2,0,3,18,114,0,0,32,0.0,0.0,0.0,0.0,0.0,0.0,0.0,0.0
58834,443,6,2319.0,39707.0,581.0,0.0,69.62,146.5581,2896.0,0.0,964.0969,984.1652,918731.62,2901204.109,10199260.0,3.0,51387819.0,1966008.42,3948871.532,10240004.0,179.0,66403379.0,1527011.66,3497594.143,10240115.0,48.0,0,0,0,0,0.0,2896.0,0,0,0,1,0,0,0,0,1.0,541.6883,69.62,964.0969,0,0,0,0,0,0,34,2319,33,39707,29200,68,6,32,403203.66,764135.481,1984053.0,80725.0,9787144.16,408379.956,10199263.0,8096070.0
45226,53,17,68.0,250.0,34.0,34.0,34.0,0.0,125.0,125.0,125.0,0.0,6185.33,10635.195,18550.0,3.0,3.0,3.0,0.0,3.0,3.0,49.0,49.0,0.0,49.0,49.0,0,0,0,0,34.0,125.0,0,0,0,0,0,0,0,0,1.0,88.0,34.0,125.0,0,0,0,0,0,0,2,68,2,250,-1,-1,1,32,0.0,0.0,0.0,0.0,0.0,0.0,0.0,0.0
61988,443,6,617.0,164.0,517.0,0.0,88.1429,189.989,152.0,0.0,41.0,74.054,557133.9,1726061.141,5423731.0,4.0,5573749.0,914722.16,2211123.228,5479010.0,4.0,85795.0,28528.0,21285.971,59128.0,7249.0,0,0,0,0,0.0,517.0,0,0,0,1,0,0,0,0,0.0,71.0,88.1429,41.0,0,0,0,0,0,0,7,617,4,164,29200,30,6,20,94093.0,0.0,94093.0,94093.0,5423763.0,0.0,5423733.0,5423763.0
61306,53,17,50.0,162.0,50.0,50.0,50.0,0.0,162.0,162.0,162.0,0.0,92865.0,0.0,92865.0,92865.0,0.0,0.0,0.0,0.0,0.0,0.0,0.0,0.0,0.0,0.0,0,0,0,0,50.0,162.0,0,0,0,0,0,0,0,0,1.0,131.0,50.0,162.0,0,0,0,0,0,0,1,50,1,162,-1,-1,0,32,0.0,0.0,0.0,0.0,0.0,0.0,0.0,0.0
443,53127,6,12.0,0.0,6.0,6.0,6.0,0.0,0.0,0.0,0.0,0.0,270.0,0.0,270.0,270.0,270.0,270.0,0.0,270.0,270.0,0.0,0.0,0.0,0.0,0.0,0,0,0,0,6.0,6.0,0,0,0,0,1,0,0,0,0.0,9.0,6.0,0.0,0,0,0,0,0,0,2,12,0,0,12473,-1,1,20,0.0,0.0,0.0,0.0,0.0,0.0,0.0,0.0
52582,53,17,86.0,118.0,43.0,43.0,43.0,0.0,59.0,59.0,59.0,0.0,47.33,79.659,149.0,3.0,3.0,3.0,0.0,3.0,3.0,3.0,3.0,0.0,3.0,3.0,0,0,0,0,43.0,59.0,0,0,0,0,0,0,0,0,1.0,61.75,43.0,59.0,0,0,0,0,0,0,2,86,2,118,-1,-1,1,32,0.0,0.0,0.0,0.0,0.0,0.0,0.0,0.0
60035,443,6,37.0,0.0,37.0,0.0,12.3333,21.362,0.0,0.0,0.0,0.0,13655191.8,24811630.543,23329521.0,682.0,23329585.0,13364792.5,18841427.771,23329521.0,84.0,0.0,0.0,0.0,0.0,0.0,0,0,0,0,0.0,37.0,0,0,0,0,1,0,0,0,0.0,12.3333,12.3333,0.0,0,0,0,0,0,0,3,37,0,0,33285,-1,1,32,0.0,0.0,0.0,0.0,23329548.0,0.0,23329548.0,23329548.0
12427,53,17,76.0,186.0,38.0,38.0,38.0,0.0,93.0,93.0,93.0,0.0,10424.66,18049.867,31272.0,1.0,1.0,1.0,0.0,1.0,1.0,48.0,48.0,0.0,48.0,48.0,0,0,0,0,38.0,93.0,0,0,0,0,0,0,0,0,1.0,75.0,38.0,93.0,0,0,0,0,0,0,2,76,2,186,-1,-1,1,32,0.0,0.0,0.0,0.0,0.0,0.0,0.0,0.0
56592,443,6,1043.0,4690.0,565.0,0.0,87.5231,156.1614,1448.0,0.0,527.0,612.3533,31789.1,53377.069,249878.0,1.0,758260.0,65511.25,84648.288,249878.0,48.0,657301.0,88283.55,114370.698,377745.0,2.0,0,0,0,0,0.0,1448.0,0,0,0,1,0,0,0,0,0.0,253.1762,87.5231,527.0,0,0,0,0,0,0,13,1043,9,4690,65535,975,6,32,0.0,0.0,0.0,0.0,0.0,0.0,0.0,0.0
59010,53,17,66.0,98.0,33.0,33.0,33.0,0.0,49.0,49.0,49.0,0.0,60.0,24.484,83.0,49.0,49.0,49.0,0.0,49.0,49.0,49.0,49.0,0.0,49.0,49.0,0,0,0,0,33.0,49.0,0,0,0,0,0,0,0,0,1.0,49.25,33.0,49.0,0,0,0,0,0,0,2,66,2,98,-1,-1,1,32,0.0,0.0,0.0,0.0,0.0,0.0,0.0,0.0
61018,53,17,42.0,100.0,42.0,42.0,42.0,0.0,100.0,100.0,100.0,0.0,61013.0,0.0,61013.0,61013.0,0.0,0.0,0.0,0.0,0.0,0.0,0.0,0.0,0.0,0.0,0,0,0,0,42.0,100.0,0,0,0,0,0,0,0,0,1.0,92.0,42.0,100.0,0,0,0,0,0,0,1,42,1,100,-1,-1,0,20,0.0,0.0,0.0,0.0,0.0,0.0,0.0,0.0
61875,53,17,46.0,62.0,46.0,46.0,46.0,0.0,62.0,62.0,62.0,0.0,31296.0,0.0,31296.0,31296.0,0.0,0.0,0.0,0.0,0.0,0.0,0.0,0.0,0.0,0.0,0,0,0,0,46.0,62.0,0,0,0,0,0,0,0,0,1.0,77.0,46.0,62.0,0,0,0,0,0,0,1,46,1,62,-1,-1,0,32,0.0,0.0,0.0,0.0,0.0,0.0,0.0,0.0
27750,53,17,68.0,272.0,34.0,34.0,34.0,0.0,136.0,136.0,136.0,0.0,20535.66,35346.068,61507.0,3.0,3.0,3.0,0.0,3.0,3.0,48.0,48.0,0.0,48.0,48.0,0,0,0,0,34.0,136.0,0,0,0,0,0,0,0,0,1.0,93.5,34.0,136.0,0,0,0,0,0,0,2,68,2,272,-1,-1,1,32,0.0,0.0,0.0,0.0,0.0,0.0,0.0,0.0
56497,80,6,12.0,0.0,6.0,0.0,4.0,3.4641,0.0,0.0,0.0,0.0,1914173.0,3371077.266,5873456.0,135.0,6838313.0,2919156.5,4029011.979,5873456.0,23842.0,0.0,0.0,0.0,0.0,0.0,0,0,0,0,0.0,6.0,0,0,0,1,0,0,0,0,0.0,3.0,4.0,0.0,0,0,0,0,0,0,3,12,1,0,8192,29200,2,20,0.0,0.0,0.0,0.0,0.0,0.0,0.0,0.0
52006,53,17,76.0,108.0,38.0,38.0,38.0,0.0,54.0,54.0,54.0,0.0,53.66,58.016,119.0,3.0,3.0,3.0,0.0,3.0,3.0,49.0,49.0,0.0,49.0,49.0,0,0,0,0,38.0,54.0,0,0,0,0,0,0,0,0,1.0,55.5,38.0,54.0,0,0,0,0,0,0,2,76,2,108,-1,-1,1,20,0.0,0.0,0.0,0.0,0.0,0.0,0.0,0.0
17855,53,17,60.0,344.0,30.0,30.0,30.0,0.0,172.0,172.0,172.0,0.0,16194.66,28149.645,48587.0,0.0,0.0,0.0,0.0,0.0,0.0,1.0,1.0,0.0,1.0,1.0,0,0,0,0,30.0,172.0,0,0,0,0,0,0,0,0,1.0,108.5,30.0,172.0,0,0,0,0,0,0,2,60,2,344,-1,-1,1,32,0.0,0.0,0.0,0.0,0.0,0.0,0.0,0.0
60818,53,17,46.0,175.0,46.0,46.0,46.0,0.0,175.0,175.0,175.0,0.0,30939.0,0.0,30939.0,30939.0,0.0,0.0,0.0,0.0,0.0,0.0,0.0,0.0,0.0,0.0,0,0,0,0,46.0,175.0,0,0,0,0,0,0,0,0,1.0,133.5,46.0,175.0,0,0,0,0,0,0,1,46,1,175,-1,-1,0,32,0.0,0.0,0.0,0.0,0.0,0.0,0.0,0.0
60439,53,17,49.0,65.0,49.0,49.0,49.0,0.0,65.0,65.0,65.0,0.0,30288.0,0.0,30288.0,30288.0,0.0,0.0,0.0,0.0,0.0,0.0,0.0,0.0,0.0,0.0,0,0,0,0,49.0,65.0,0,0,0,0,0,0,0,0,1.0,81.5,49.0,65.0,0,0,0,0,0,0,1,49,1,65,-1,-1,0,20,0.0,0.0,0.0,0.0,0.0,0.0,0.0,0.0
61402,443,6,981.0,4405.0,303.0,0.0,77.75,112.8555,1718.0,0.0,682.7778,799.3507,445858.8,2006265.786,10048019.0,3.0,11737880.0,1174273.28,3105771.063,10048019.0,3.0,739653.0,62933.62,73134.273,171556.0,49.0,0,0,0,0,0.0,1718.0,0,0,0,1,0,0,0,0,0.0,329.8167,77.75,682.7778,0,0,0,0,0,0,12,981,9,4405,65535,249,6,32,0.0,0.0,0.0,0.0,0.0,0.0,0.0,0.0
60907,53,17,64.0,117.0,64.0,64.0,64.0,0.0,117.0,117.0,117.0,0.0,76418.0,0.0,76418.0,76418.0,0.0,0.0,0.0,0.0,0.0,0.0,0.0,0.0,0.0,0.0,0,0,0,0,64.0,117.0,0,0,0,0,0,0,0,0,1.0,122.5,64.0,117.0,0,0,0,0,0,0,1,64,1,117,-1,-1,0,20,0.0,0.0,0.0,0.0,0.0,0.0,0.0,0.0
53240,443,6,703.0,3950.0,267.0,0.0,78.1111,103.3023,1448.0,0.0,395.0,587.4831,50202.64,71578.766,298175.0,4.0,790701.0,85266.12,91900.271,495605.0,227.0,798845.0,81747.77,95472.436,399104.0,4.0,0,0,0,0,0.0,1448.0,0,0,0,1,0,0,0,0,1.0,244.8947,78.1111,395.0,0,0,0,0,0,0,9,703,10,3950,29200,252,4,32,0.0,0.0,0.0,0.0,0.0,0.0,0.0,0.0
123,123,17,48.0,48.0,48.0,48.0,48.0,0.0,48.0,48.0,48.0,0.0,23131.0,0.0,23131.0,23131.0,0.0,0.0,0.0,0.0,0.0,0.0,0.0,0.0,0.0,0.0,0,0,0,0,48.0,48.0,0,0,0,0,0,0,0,0,1.0,72.0,48.0,48.0,0,0,0,0,0,0,1,48,1,48,-1,-1,0,20,0.0,0.0,0.0,0.0,0.0,0.0,0.0,0.0
34587,443,6,399.0,147.0,236.0,0.0,49.125,89.9368,145.0,0.0,39.25,70.5567,535170.2,1563073.652,5381891.0,3.0,5550580.0,950090.71,2117550.943,5485140.0,3.0,102785.0,30571.33,31792.166,88781.0,383.0,0,0,0,0,0.0,236.0,0,0,0,1,0,0,0,0,0.0,43.2778,49.125,39.25,0,0,0,0,0,0,8,399,4,147,29200,4790,3,32,109151.0,0.0,109151.0,109151.0,5381859.0,0.0,5381899.0,5381859.0
443,51300,6,0.0,0.0,0.0,0.0,0.0,0.0,0.0,0.0,0.0,0.0,32.5,43.533,62.0,2.0,2.0,2.0,0.0,2.0,2.0,0.0,0.0,0.0,0.0,0.0,0,0,0,0,0.0,0.0,0,0,0,0,1,1,0,0,0.0,0.0,0.0,0.0,0,0,0,0,0,0,2,0,1,0,162,33304,0,32,0.0,0.0,0.0,0.0,0.0,0.0,0.0,0.0
53868,80,6,434.0,15218.0,220.0,0.0,41.2941,94.5449,2920.0,0.0,972.5,861.3868,2868406.3,4466682.83,9999205.0,16.0,115356644.0,5710933.55,4935790.242,10026503.0,218.0,110376310.0,5883682.72,5111401.414,10021109.0,150.0,0,0,0,0,0.0,2920.0,0,0,0,1,0,0,0,0,1.0,584.1442,41.2941,972.5,0,0,0,0,0,0,17,434,25,15218,8192,946,16,20,26678.18,29653.219,53473.0,23867.0,9996292.75,71185.667,9999209.0,9995100.0
53222,53,17,82.0,254.0,41.0,41.0,41.0,0.0,127.0,127.0,127.0,0.0,8027.66,13851.36,23028.0,3.0,3.0,3.0,0.0,3.0,3.0,48.0,48.0,0.0,48.0,48.0,0,0,0,0,41.0,127.0,0,0,0,0,0,0,0,0,1.0,94.25,41.0,127.0,0,0,0,0,0,0,2,82,2,254,-1,-1,1,32,0.0,0.0,0.0,0.0,0.0,0.0,0.0,0.0
443,62057,6,0.0,0.0,0.0,0.0,0.0,0.0,0.0,0.0,0.0,0.0,48.0,0.0,48.0,48.0,0.0,0.0,0.0,0.0,0.0,0.0,0.0,0.0,0.0,0.0,0,0,0,0,0.0,0.0,0,0,0,0,1,1,0,0,1.0,0.0,0.0,0.0,0,0,0,0,0,0,1,0,1,0,979,32832,0,32,0.0,0.0,0.0,0.0,0.0,0.0,0.0,0.0
57232,53,17,70.0,102.0,35.0,35.0,35.0,0.0,51.0,51.0,51.0,0.0,67.0,73.614,154.0,3.0,3.0,3.0,0.0,3.0,3.0,48.0,48.0,0.0,48.0,48.0,0,0,0,0,35.0,51.0,0,0,0,0,0,0,0,0,1.0,51.75,35.0,51.0,0,0,0,0,0,0,2,70,2,102,-1,-1,1,20,0.0,0.0,0.0,0.0,0.0,0.0,0.0,0.0
42930,443,6,311.0,2577.0,182.0,0.0,41.8333,73.3193,1498.0,0.0,844.5,815.1419,251670.4,826455.732,2650456.0,4.0,2854689.0,413169.87,1158652.392,2650456.0,230.0,108905.0,23920.0,32799.701,54068.0,211.0,0,0,0,0,0.0,1498.0,0,0,0,1,0,0,0,0,0.0,310.4627,41.8333,844.5,0,0,0,0,0,0,9,311,6,2577,29200,110,3,32,0.0,0.0,0.0,0.0,0.0,0.0,0.0,0.0
60757,53,17,170.0,238.0,45.0,45.0,45.0,0.0,119.0,119.0,119.0,0.0,15189.6,26999.715,60558.0,3.0,95567.0,32522.66,53125.485,95550.0,3.0,3.0,3.0,0.0,3.0,3.0,0,0,0,0,45.0,119.0,0,0,0,0,0,0,0,0,0.0,73.5,45.0,119.0,0,0,0,0,0,0,4,170,2,238,-1,-1,3,20,0.0,0.0,0.0,0.0,0.0,0.0,0.0,0.0
50323,53,17,72.0,328.0,36.0,36.0,36.0,0.0,164.0,164.0,164.0,0.0,10323.0,17881.026,30963.0,3.0,3.0,3.0,0.0,3.0,3.0,3.0,3.0,0.0,3.0,3.0,0,0,0,0,36.0,164.0,0,0,0,0,0,0,0,0,1.0,109.0,36.0,164.0,0,0,0,0,0,0,2,72,2,328,-1,-1,1,32,0.0,0.0,0.0,0.0,0.0,0.0,0.0,0.0
62234,53,17,52.0,117.0,52.0,52.0,52.0,0.0,117.0,117.0,117.0,0.0,24231.0,0.0,24231.0,24231.0,0.0,0.0,0.0,0.0,0.0,0.0,0.0,0.0,0.0,0.0,0,0,0,0,52.0,117.0,0,0,0,0,0,0,0,0,1.0,110.5,52.0,117.0,0,0,0,0,0,0,1,52,1,117,-1,-1,0,32,0.0,0.0,0.0,0.0,0.0,0.0,0.0,0.0
80,39471,6,0.0,0.0,0.0,0.0,0.0,0.0,0.0,0.0,0.0,0.0,83.0,0.0,83.0,83.0,0.0,0.0,0.0,0.0,0.0,0.0,0.0,0.0,0.0,0.0,0,0,0,0,0.0,0.0,0,0,0,0,1,1,0,0,1.0,0.0,0.0,0.0,0,0,0,0,0,0,1,0,1,0,354,242,0,32,0.0,0.0,0.0,0.0,0.0,0.0,0.0,0.0
56637,53,17,84.0,284.0,42.0,42.0,42.0,0.0,142.0,142.0,142.0,0.0,10252.0,17762.662,30750.0,3.0,4.0,4.0,0.0,4.0,4.0,3.0,3.0,0.0,3.0,3.0,0,0,0,0,42.0,142.0,0,0,0,0,0,0,0,0,1.0,102.5,42.0,142.0,0,0,0,0,0,0,2,84,2,284,-1,-1,1,32,0.0,0.0,0.0,0.0,0.0,0.0,0.0,0.0
48439,443,6,0.0,0.0,0.0,0.0,0.0,0.0,0.0,0.0,0.0,0.0,135.0,0.0,135.0,135.0,135.0,135.0,0.0,135.0,135.0,0.0,0.0,0.0,0.0,0.0,0,0,0,0,0.0,0.0,0,0,0,0,1,0,0,0,0.0,0.0,0.0,0.0,0,0,0,0,0,0,2,0,0,0,249,-1,0,32,0.0,0.0,0.0,0.0,0.0,0.0,0.0,0.0
51174,443,6,720.0,1151.0,469.0,0.0,72.0,147.7084,1013.0,0.0,191.8333,406.0573,19087.13,36718.205,87250.0,3.0,278691.0,30685.33,43839.23,90721.0,48.0,184244.0,47831.8,45563.52,87245.0,353.0,0,0,0,0,0.0,1013.0,0,0,0,1,0,0,0,0,0.0,116.9373,72.0,191.8333,0,0,0,0,0,0,10,720,6,1151,65535,65,5,32,0.0,0.0,0.0,0.0,0.0,0.0,0.0,0.0
56721,53,17,60.0,414.0,30.0,30.0,30.0,0.0,207.0,207.0,207.0,0.0,71.33,114.056,208.0,3.0,4.0,4.0,0.0,4.0,4.0,3.0,3.0,0.0,3.0,3.0,0,0,0,0,30.0,207.0,0,0,0,0,0,0,0,0,1.0,126.0,30.0,207.0,0,0,0,0,0,0,2,60,2,414,-1,-1,1,20,0.0,0.0,0.0,0.0,0.0,0.0,0.0,0.0
60984,53,17,42.0,223.0,42.0,42.0,42.0,0.0,223.0,223.0,223.0,0.0,61817.0,0.0,61817.0,61817.0,0.0,0.0,0.0,0.0,0.0,0.0,0.0,0.0,0.0,0.0,0,0,0,0,42.0,223.0,0,0,0,0,0,0,0,0,1.0,153.5,42.0,223.0,0,0,0,0,0,0,1,42,1,223,-1,-1,0,20,0.0,0.0,0.0,0.0,0.0,0.0,0.0,0.0
443,49302,6,0.0,0.0,0.0,0.0,0.0,0.0,0.0,0.0,0.0,0.0,63.0,0.0,63.0,63.0,0.0,0.0,0.0,0.0,0.0,0.0,0.0,0.0,0.0,0.0,0,0,0,0,0.0,0.0,0,0,0,0,1,1,0,0,1.0,0.0,0.0,0.0,0,0,0,0,0,0,1,0,1,0,122,33304,0,32,0.0,0.0,0.0,0.0,0.0,0.0,0.0,0.0
56483,80,6,514.0,1778.0,430.0,0.0,32.125,106.1106,1763.0,0.0,126.5957,479.7018,3989526.81,4878242.466,10009441.0,44.0,115396096.0,7691159.46,4173669.756,10031213.0,20207.0,110320035.0,8481219.61,3760372.662,10031748.0,1499.0,0,0,0,0,0.0,1763.0,0,0,0,1,0,0,0,0,0.0,74.4333,32.125,126.5957,0,0,0,0,0,0,16,514,13,1778,8192,946,15,20,40225.27,8458.633,99738.0,36368.0,10007849.04,6894.925,10009448.0,9999157.0
60147,53,17,76.0,354.0,38.0,38.0,38.0,0.0,177.0,177.0,177.0,0.0,87.66,107.938,208.0,1.0,1.0,1.0,0.0,1.0,1.0,48.0,48.0,0.0,48.0,48.0,0,0,0,0,38.0,177.0,0,0,0,0,0,0,0,0,1.0,117.0,38.0,177.0,0,0,0,0,0,0,2,76,2,354,-1,-1,1,40,0.0,0.0,0.0,0.0,0.0,0.0,0.0,0.0
39348,80,6,0.0,0.0,0.0,0.0,0.0,0.0,0.0,0.0,0.0,0.0,294020.0,0.0,294020.0,294020.0,0.0,0.0,0.0,0.0,0.0,0.0,0.0,0.0,0.0,0.0,0,0,0,0,0.0,0.0,0,0,0,0,1,1,0,0,1.0,0.0,0.0,0.0,0,0,0,0,0,0,1,0,1,0,257,4029,0,32,0.0,0.0,0.0,0.0,0.0,0.0,0.0,0.0
58418,53,17,168.0,212.0,42.0,42.0,42.0,0.0,106.0,106.0,106.0,0.0,50750.6,75317.823,172959.0,1.0,33904.0,11608.0,19317.676,33959.0,1.0,1.0,1.0,0.0,1.0,1.0,0,0,0,0,42.0,106.0,0,0,0,0,0,0,0,0,0.0,72.3333,42.0,106.0,0,0,0,0,0,0,4,168,2,212,-1,-1,3,20,0.0,0.0,0.0,0.0,0.0,0.0,0.0,0.0
62788,53,17,68.0,182.0,34.0,34.0,34.0,0.0,91.0,91.0,91.0,0.0,28541.66,49182.461,85617.0,3.0,3.0,3.0,0.0,3.0,3.0,3.0,3.0,0.0,3.0,3.0,0,0,0,0,34.0,91.0,0,0,0,0,0,0,0,0,1.0,71.0,34.0,91.0,0,0,0,0,0,0,2,68,2,182,-1,-1,1,32,0.0,0.0,0.0,0.0,0.0,0.0,0.0,0.0
443,51270,6,6.0,6.0,6.0,6.0,6.0,0.0,6.0,6.0,6.0,0.0,3.0,0.0,3.0,3.0,0.0,0.0,0.0,0.0,0.0,0.0,0.0,0.0,0.0,0.0,0,0,0,0,6.0,6.0,0,0,0,0,1,1,0,0,1.0,9.0,6.0,6.0,0,0,0,0,0,0,1,6,1,6,60,255,0,20,0.0,0.0,0.0,0.0,0.0,0.0,0.0,0.0
443,58486,6,37.0,0.0,37.0,0.0,18.5,26.163,0.0,0.0,0.0,0.0,1.0,0.0,1.0,1.0,1.0,1.0,0.0,1.0,1.0,0.0,0.0,0.0,0.0,0.0,1,0,0,0,0.0,37.0,0,1,0,0,1,0,0,0,0.0,37.0,18.5,0.0,0,0,0,0,0,0,2,37,0,0,972,-1,0,32,0.0,0.0,0.0,0.0,0.0,0.0,0.0,0.0
37927,53,17,66.0,98.0,33.0,33.0,33.0,0.0,49.0,49.0,49.0,0.0,17033.0,29563.298,51094.0,3.0,3.0,3.0,0.0,3.0,3.0,3.0,3.0,0.0,3.0,3.0,0,0,0,0,33.0,49.0,0,0,0,0,0,0,0,0,1.0,49.25,33.0,49.0,0,0,0,0,0,0,2,66,2,98,-1,-1,1,20,0.0,0.0,0.0,0.0,0.0,0.0,0.0,0.0
50990,53,17,76.0,108.0,38.0,38.0,38.0,0.0,54.0,54.0,54.0,0.0,45.66,73.768,131.0,3.0,3.0,3.0,0.0,3.0,3.0,3.0,3.0,0.0,3.0,3.0,0,0,0,0,38.0,54.0,0,0,0,0,0,0,0,0,1.0,55.5,38.0,54.0,0,0,0,0,0,0,2,76,2,108,-1,-1,1,32,0.0,0.0,0.0,0.0,0.0,0.0,0.0,0.0
80,54417,6,0.0,0.0,0.0,0.0,0.0,0.0,0.0,0.0,0.0,0.0,58.0,0.0,58.0,58.0,0.0,0.0,0.0,0.0,0.0,0.0,0.0,0.0,0.0,0.0,0,0,0,0,0.0,0.0,0,0,0,0,1,1,0,0,1.0,0.0,0.0,0.0,0,0,0,0,0,0,1,0,1,0,118,33304,0,32,0.0,0.0,0.0,0.0,0.0,0.0,0.0,0.0
443,52878,6,37.0,0.0,37.0,0.0,12.3333,21.362,0.0,0.0,0.0,0.0,8.5,4.121,14.0,3.0,17.0,8.5,4.541,14.0,3.0,0.0,0.0,0.0,0.0,0.0,0,0,0,0,0.0,37.0,0,0,0,0,1,0,0,0,0.0,12.3333,12.3333,0.0,0,0,0,0,0,0,3,37,0,0,117,-1,1,32,0.0,0.0,0.0,0.0,0.0,0.0,0.0,0.0
80,56386,6,0.0,0.0,0.0,0.0,0.0,0.0,0.0,0.0,0.0,0.0,88.0,0.0,88.0,88.0,0.0,0.0,0.0,0.0,0.0,0.0,0.0,0.0,0.0,0.0,0,0,0,0,0.0,0.0,0,0,0,0,1,1,0,0,1.0,0.0,0.0,0.0,0,0,0,0,0,0,1,0,1,0,340,32832,0,32,0.0,0.0,0.0,0.0,0.0,0.0,0.0,0.0
53206,80,6,12.0,6.0,6.0,6.0,6.0,0.0,6.0,6.0,6.0,0.0,14923.5,18029.853,29887.0,41.0,29841.0,29841.0,0.0,29841.0,29841.0,0.0,0.0,0.0,0.0,0.0,0,0,0,0,6.0,6.0,0,0,0,0,1,1,0,0,0.0,8.0,6.0,6.0,0,0,0,0,0,0,2,12,1,6,254,32,1,20,0.0,0.0,0.0,0.0,0.0,0.0,0.0,0.0
49676,443,6,1129.0,3643.0,901.0,0.0,117.2857,268.0538,1448.0,0.0,367.875,555.1831,146155.44,530190.819,2966403.0,3.0,605574.0,80334.0,37578.503,430926.0,2.0,3514915.0,342598.33,687969.695,2999568.0,4.0,0,0,0,0,0.0,1448.0,0,0,0,1,0,0,0,0,0.0,236.5502,117.2857,367.875,0,0,0,0,0,0,14,1129,7,3643,65535,63,4,32,0.0,0.0,0.0,0.0,0.0,0.0,0.0,0.0
443,50756,6,37.0,0.0,37.0,0.0,12.3333,21.362,0.0,0.0,0.0,0.0,139.0,156.96,278.0,48.0,268.0,134.0,116.661,278.0,48.0,0.0,0.0,0.0,0.0,0.0,0,0,0,0,0.0,37.0,0,0,0,0,1,0,0,0,0.0,12.3333,12.3333,0.0,0,0,0,0,0,0,3,37,0,0,116,-1,1,32,0.0,0.0,0.0,0.0,0.0,0.0,0.0,0.0
80,59353,6,6.0,6.0,6.0,6.0,6.0,0.0,6.0,6.0,6.0,0.0,63.0,0.0,63.0,63.0,0.0,0.0,0.0,0.0,0.0,0.0,0.0,0.0,0.0,0.0,0,0,0,0,6.0,6.0,0,0,0,0,1,1,0,0,1.0,9.0,6.0,6.0,0,0,0,0,0,0,1,6,1,6,58,32850,0,20,0.0,0.0,0.0,0.0,0.0,0.0,0.0,0.0
60810,53,17,56.0,109.0,56.0,56.0,56.0,0.0,109.0,109.0,109.0,0.0,198593.0,0.0,198593.0,198593.0,0.0,0.0,0.0,0.0,0.0,0.0,0.0,0.0,0.0,0.0,0,0,0,0,56.0,109.0,0,0,0,0,0,0,0,0,1.0,110.5,56.0,109.0,0,0,0,0,0,0,1,56,1,109,-1,-1,0,40,0.0,0.0,0.0,0.0,0.0,0.0,0.0,0.0
123,123,17,96.0,96.0,48.0,48.0,48.0,0.0,48.0,48.0,48.0,0.0,22303827.66,38592863.723,66961380.0,28676.0,67999672.0,67999672.0,0.0,67999672.0,67999672.0,67000000.0,67000000.0,0.0,67000000.0,67000000.0,0,0,0,0,48.0,48.0,0,0,0,0,0,0,0,0,1.0,60.0,48.0,48.0,0,0,0,0,0,0,2,96,1,96,-1,-1,1,32,81710.0,0.0,81710.0,81710.0,66961330.0,0.0,66961330.0,66961330.0
54709,53,17,82.0,248.0,41.0,41.0,41.0,0.0,124.0,124.0,124.0,0.0,65.33,79.402,146.0,1.0,1.0,1.0,0.0,1.0,1.0,49.0,49.0,0.0,49.0,49.0,0,0,0,0,41.0,124.0,0,0,0,0,0,0,0,0,1.0,92.75,41.0,124.0,0,0,0,0,0,0,2,82,2,248,-1,-1,1,40,0.0,0.0,0.0,0.0,0.0,0.0,0.0,0.0
59674,443,6,1916.0,5684.0,563.0,0.0,191.2727,256.9955,1460.0,0.0,517.1,592.8083,177871.91,957481.338,3705497.0,43.0,3860542.0,450014.12,822297.304,3706416.0,181.0,3806807.0,591283.26,1169938.839,3900627.0,48.0,0,0,0,0,0.0,1460.0,0,0,0,1,0,0,0,0,1.0,354.9794,191.2727,517.1,0,0,0,0,0,0,9,1916,10,5684,8192,296,8,20,0.0,0.0,0.0,0.0,0.0,0.0,0.0,0.0
50118,443,6,5167.0,92614.0,445.0,0.0,94.1038,168.8018,4780.0,0.0,1259.8154,682.7326,389737.2,2768563.371,9894068.0,0.0,14482432.0,777898.64,2999891.448,9894068.0,1.0,14246417.0,602955.76,2978175.677,10020619.0,0.0,0,0,0,0,0.0,4780.0,0,0,0,1,0,0,0,0,1.0,789.1919,94.1038,1259.8154,0,0,0,0,0,0,56,5167,163,92614,8192,47,55,20,470139.0,0.0,470139.0,470139.0,9894057.0,0.0,9894067.0,9894057.0
137,137,17,124.0,0.0,62.0,62.0,62.0,0.0,0.0,0.0,0.0,0.0,4.0,0.0,4.0,4.0,4.0,4.0,0.0,4.0,4.0,0.0,0.0,0.0,0.0,0.0,0,0,0,0,62.0,62.0,0,0,0,0,0,0,0,0,0.0,93.0,62.0,0.0,0,0,0,0,0,0,2,124,0,0,-1,-1,1,20,0.0,0.0,0.0,0.0,0.0,0.0,0.0,0.0
54452,53,17,88.0,188.0,44.0,44.0,44.0,0.0,94.0,94.0,94.0,0.0,7800.66,13503.77,23306.0,4.0,48.0,48.0,0.0,48.0,48.0,4.0,4.0,0.0,4.0,4.0,0,0,0,0,44.0,94.0,0,0,0,0,0,0,0,0,1.0,80.0,44.0,94.0,0,0,0,0,0,0,2,88,2,188,-1,-1,1,20,0.0,0.0,0.0,0.0,0.0,0.0,0.0,0.0
42524,53,17,70.0,170.0,35.0,35.0,35.0,0.0,85.0,85.0,85.0,0.0,20206.0,35002.685,60616.0,0.0,0.0,0.0,0.0,0.0,0.0,3.0,3.0,0.0,3.0,3.0,0,0,0,0,35.0,85.0,0,0,0,0,0,0,0,0,1.0,68.75,35.0,85.0,0,0,0,0,0,0,2,70,2,170,-1,-1,1,32,0.0,0.0,0.0,0.0,0.0,0.0,0.0,0.0
123,123,17,432.0,388.0,48.0,48.0,48.0,0.0,48.0,48.0,48.0,0.0,1047984.0,1811414.097,4974932.0,3.0,8009912.0,859929.77,2017914.353,4000276.0,3.0,9999400.0,3693400.0,1272225.866,5000877.0,3.0,0,0,0,0,48.0,48.0,0,0,0,0,0,0,0,0,1.0,50.0,48.0,48.0,0,0,0,0,0,0,10,432,9,388,-1,-1,9,20,3000161.0,0.0,13000161.0,5000161.0,5974915.0,0.0,5974915.0,4974915.0
58934,53,17,90.0,196.0,45.0,45.0,45.0,0.0,98.0,98.0,98.0,0.0,55.0,94.58,169.0,3.0,3.0,3.0,0.0,3.0,3.0,3.0,3.0,0.0,3.0,3.0,0,0,0,0,45.0,98.0,0,0,0,0,0,0,0,0,1.0,82.75,45.0,98.0,0,0,0,0,0,0,2,90,2,196,-1,-1,1,20,0.0,0.0,0.0,0.0,0.0,0.0,0.0,0.0
50335,53,17,72.0,328.0,36.0,36.0,36.0,0.0,164.0,164.0,164.0,0.0,7984.66,13863.922,23952.0,1.0,1.0,1.0,0.0,1.0,1.0,3.0,3.0,0.0,3.0,3.0,0,0,0,0,36.0,164.0,0,0,0,0,0,0,0,0,1.0,109.0,36.0,164.0,0,0,0,0,0,0,2,72,2,328,-1,-1,1,32,0.0,0.0,0.0,0.0,0.0,0.0,0.0,0.0
443,59150,6,6.0,6.0,6.0,6.0,6.0,0.0,6.0,6.0,6.0,0.0,131.0,0.0,131.0,131.0,0.0,0.0,0.0,0.0,0.0,0.0,0.0,0.0,0.0,0.0,0,0,0,0,6.0,6.0,0,0,0,0,1,1,0,0,1.0,9.0,6.0,6.0,0,0,0,0,0,0,1,6,1,6,32,32850,0,20,0.0,0.0,0.0,0.0,0.0,0.0,0.0,0.0
61274,53,17,132.0,388.0,33.0,33.0,33.0,0.0,97.0,97.0,97.0,0.0,4336.42,11599.708,31733.0,1.0,31728.0,10509.33,18583.341,31725.0,3.0,663.0,231.33,163.328,689.0,1.0,0,0,0,0,33.0,97.0,0,0,0,0,0,0,0,0,1.0,78.875,33.0,97.0,0,0,0,0,0,0,4,132,4,388,-1,-1,3,20,0.0,0.0,0.0,0.0,0.0,0.0,0.0,0.0
443,56600,6,0.0,0.0,0.0,0.0,0.0,0.0,0.0,0.0,0.0,0.0,32.0,47.965,64.0,4.0,4.0,4.0,0.0,4.0,4.0,0.0,0.0,0.0,0.0,0.0,0,0,0,0,0.0,0.0,0,0,0,0,1,1,0,0,0.0,0.0,0.0,0.0,0,0,0,0,0,0,2,0,1,0,132,33304,0,32,0.0,0.0,0.0,0.0,0.0,0.0,0.0,0.0
65260,53,17,176.0,212.0,44.0,44.0,44.0,0.0,106.0,106.0,106.0,0.0,17478.4,27142.162,69510.0,4.0,31533.0,10517.66,18053.341,31535.0,48.0,48.0,48.0,0.0,48.0,48.0,0,0,0,0,44.0,106.0,0,0,0,0,0,0,0,0,0.0,70.0,44.0,106.0,0,0,0,0,0,0,4,176,2,212,-1,-1,3,20,0.0,0.0,0.0,0.0,0.0,0.0,0.0,0.0
56796,53,17,70.0,126.0,35.0,35.0,35.0,0.0,63.0,63.0,63.0,0.0,56.66,55.422,112.0,3.0,3.0,3.0,0.0,3.0,3.0,48.0,48.0,0.0,48.0,48.0,0,0,0,0,35.0,63.0,0,0,0,0,0,0,0,0,1.0,57.75,35.0,63.0,0,0,0,0,0,0,2,70,2,126,-1,-1,1,20,0.0,0.0,0.0,0.0,0.0,0.0,0.0,0.0
51845,443,6,545.0,3956.0,198.0,0.0,68.375,79.9235,1460.0,0.0,469.0,626.2264,7448.3,13748.711,37289.0,3.0,117802.0,14779.14,17662.46,37374.0,3.0,72586.0,14227.57,17396.893,37752.0,4.0,0,0,0,0,0.0,1460.0,0,0,0,1,0,0,0,0,0.0,254.075,68.375,469.0,0,0,0,0,0,0,8,545,8,3956,8192,980,7,20,0.0,0.0,0.0,0.0,0.0,0.0,0.0,0.0
56219,53,17,68.0,186.0,34.0,34.0,34.0,0.0,93.0,93.0,93.0,0.0,10342.66,17928.736,31011.0,3.0,3.0,3.0,0.0,3.0,3.0,3.0,3.0,0.0,3.0,3.0,0,0,0,0,34.0,93.0,0,0,0,0,0,0,0,0,1.0,71.0,34.0,93.0,0,0,0,0,0,0,2,68,2,186,-1,-1,1,20,0.0,0.0,0.0,0.0,0.0,0.0,0.0,0.0
53384,80,6,12.0,0.0,6.0,0.0,4.0,3.4641,0.0,0.0,0.0,0.0,1979837.0,3298076.209,5654339.0,73.0,5778407.0,2889203.5,3920418.673,5654339.0,119316.0,0.0,0.0,0.0,0.0,0.0,0,0,0,0,0.0,6.0,0,0,0,1,0,0,0,0,0.0,3.0,4.0,0.0,0,0,0,0,0,0,3,12,1,0,8192,29200,2,20,0.0,0.0,0.0,0.0,0.0,0.0,0.0,0.0
54310,53,17,94.0,196.0,47.0,47.0,47.0,0.0,98.0,98.0,98.0,0.0,65.66,102.668,180.0,3.0,3.0,3.0,0.0,3.0,3.0,4.0,4.0,0.0,4.0,4.0,0,0,0,0,47.0,98.0,0,0,0,0,0,0,0,0,1.0,84.25,47.0,98.0,0,0,0,0,0,0,2,94,2,196,-1,-1,1,32,0.0,0.0,0.0,0.0,0.0,0.0,0.0,0.0
443,38753,6,0.0,0.0,0.0,0.0,0.0,0.0,0.0,0.0,0.0,0.0,3.0,0.0,3.0,3.0,3.0,3.0,0.0,3.0,3.0,0.0,0.0,0.0,0.0,0.0,0,0,0,0,0.0,0.0,0,0,0,0,1,0,0,0,0.0,0.0,0.0,0.0,0,0,0,0,0,0,2,0,0,0,349,-1,0,32,0.0,0.0,0.0,0.0,0.0,0.0,0.0,0.0
52494,443,6,8664.0,5574.0,1801.0,0.0,397.9412,516.5864,1448.0,0.0,276.5294,535.4703,2575672.76,4361623.965,10015100.0,3.0,114045114.0,4788053.68,4881374.492,10047926.0,3.0,114243296.0,5934139.91,5026592.064,10048208.0,49.0,0,0,0,0,0.0,1801.0,0,0,0,1,0,0,0,0,0.0,399.3967,397.9412,276.5294,0,0,0,0,0,0,23,8664,22,5574,29200,1147,6,32,453131.09,1417577.472,3875267.0,23537.0,10007336.27,8528.351,10015104.0,10000516.0
48644,53,17,82.0,114.0,41.0,41.0,41.0,0.0,57.0,57.0,57.0,0.0,120375.66,285203.364,480921.0,3.0,3.0,3.0,0.0,3.0,3.0,4.0,4.0,0.0,4.0,4.0,0,0,0,0,41.0,57.0,0,0,0,0,0,0,0,0,1.0,59.25,41.0,57.0,0,0,0,0,0,0,2,82,2,114,-1,-1,1,32,0.0,0.0,0.0,0.0,0.0,0.0,0.0,0.0
58128,53,17,72.0,328.0,36.0,36.0,36.0,0.0,164.0,164.0,164.0,0.0,20532.66,35580.235,61591.0,1.0,48.0,48.0,0.0,48.0,48.0,1.0,1.0,0.0,1.0,1.0,0,0,0,0,36.0,164.0,0,0,0,0,0,0,0,0,1.0,109.0,36.0,164.0,0,0,0,0,0,0,2,72,2,328,-1,-1,1,32,0.0,0.0,0.0,0.0,0.0,0.0,0.0,0.0
39794,443,6,879.0,5897.0,233.0,0.0,48.9375,72.6919,2722.0,0.0,441.6211,768.6146,4149957.91,15471716.59,58631416.0,2.0,117796210.0,8388862.9,21194610.811,58631413.0,20.0,117716694.0,11709086.92,24530137.105,58633482.0,2.0,0,0,0,0,0.0,2722.0,0,0,0,1,0,0,0,0,0.0,221.9353,48.9375,441.6211,0,0,0,0,0,0,16,879,13,5897,29200,32,8,32,510599.5,318273.004,931774.0,236145.0,58256881.5,436491.654,58631417.0,58926975.0
45254,80,6,974.0,1492.0,437.0,0.0,54.5385,138.4399,746.0,0.0,99.4667,262.4446,3620708.51,4820065.725,10025835.0,27.0,115558156.0,6825529.94,4673657.415,10030105.0,27.0,110571022.0,7884303.78,4266175.577,10032587.0,10867.0,0,0,0,0,0.0,746.0,0,0,0,1,0,0,0,0,0.0,71.42,54.5385,99.4667,0,0,0,0,0,0,19,974,15,1492,29200,349,2,32,42504.63,9031.736,76708.0,36216.0,10023515.09,6867.394,10025835.0,9999598.0
39845,443,6,1336.0,5119.0,901.0,0.0,103.2727,247.5595,2292.0,0.0,561.0,887.0007,7311.13,13573.886,37686.0,1.0,115089.0,9176.7,14680.531,37757.0,1.0,85611.0,6402.5,17038.061,39775.0,1.0,0,0,0,0,0.0,2292.0,0,0,0,1,0,0,0,0,0.0,280.125,103.2727,561.0,0,0,0,0,0,0,11,1336,9,5119,29200,32,6,32,0.0,0.0,0.0,0.0,0.0,0.0,0.0,0.0
56498,443,6,74.0,0.0,37.0,37.0,37.0,0.0,0.0,0.0,0.0,0.0,64066836.0,0.0,64066836.0,64066836.0,64066836.0,64066836.0,0.0,64066836.0,64066836.0,0.0,0.0,0.0,0.0,0.0,1,0,0,0,37.0,37.0,0,1,0,0,1,1,0,0,0.0,55.5,37.0,0.0,0,0,0,0,0,0,2,74,0,0,33304,-1,1,32,0.0,0.0,0.0,0.0,0.0,0.0,0.0,0.0
22217,53,17,24.0,86.0,22.0,22.0,22.0,0.0,43.0,43.0,43.0,0.0,61.66,92.561,177.0,3.0,3.0,3.0,0.0,3.0,3.0,3.0,3.0,0.0,3.0,3.0,0,0,0,0,22.0,43.0,0,0,0,0,0,0,0,0,1.0,33.0,22.0,43.0,0,0,0,0,0,0,2,24,2,86,-1,-1,1,20,0.0,0.0,0.0,0.0,0.0,0.0,0.0,0.0
80,50971,6,6.0,6.0,6.0,6.0,6.0,0.0,6.0,6.0,6.0,0.0,43.0,0.0,43.0,43.0,0.0,0.0,0.0,0.0,0.0,0.0,0.0,0.0,0.0,0.0,0,0,0,0,6.0,6.0,0,0,0,0,1,1,0,0,1.0,9.0,6.0,6.0,0,0,0,0,0,0,1,6,1,6,946,256,0,20,0.0,0.0,0.0,0.0,0.0,0.0,0.0,0.0
443,56911,6,0.0,0.0,0.0,0.0,0.0,0.0,0.0,0.0,0.0,0.0,12.5,18.989,21.0,3.0,3.0,3.0,0.0,3.0,3.0,0.0,0.0,0.0,0.0,0.0,0,0,0,0,0.0,0.0,0,0,0,0,1,1,0,0,0.0,0.0,0.0,0.0,0,0,0,0,0,0,2,0,1,0,362,32832,0,32,0.0,0.0,0.0,0.0,0.0,0.0,0.0,0.0
443,62246,6,0.0,0.0,0.0,0.0,0.0,0.0,0.0,0.0,0.0,0.0,3.0,0.0,3.0,3.0,3.0,3.0,0.0,3.0,3.0,0.0,0.0,0.0,0.0,0.0,0,0,0,0,0.0,0.0,0,0,0,0,1,0,0,0,0.0,0.0,0.0,0.0,0,0,0,0,0,0,2,0,0,0,5839,-1,0,32,0.0,0.0,0.0,0.0,0.0,0.0,0.0,0.0
443,58348,6,0.0,0.0,0.0,0.0,0.0,0.0,0.0,0.0,0.0,0.0,189.0,0.0,189.0,189.0,0.0,0.0,0.0,0.0,0.0,0.0,0.0,0.0,0.0,0.0,0,0,0,0,0.0,0.0,0,0,0,0,1,0,0,0,1.0,0.0,0.0,0.0,0,0,0,0,0,0,1,0,1,0,383,32832,0,32,0.0,0.0,0.0,0.0,0.0,0.0,0.0,0.0
63973,443,6,1140.0,943.0,901.0,0.0,114.0,280.1793,805.0,0.0,188.6,349.721,11202.21,15402.786,36675.0,3.0,147913.0,16349.77,20965.436,56646.0,3.0,103233.0,26048.25,17750.113,37014.0,617.0,0,0,0,0,0.0,901.0,0,0,0,1,0,0,0,0,0.0,138.8667,114.0,188.6,0,0,0,0,0,0,10,1140,5,943,65535,10162,5,32,0.0,0.0,0.0,0.0,0.0,0.0,0.0,0.0
61845,53,17,48.0,64.0,48.0,48.0,48.0,0.0,64.0,64.0,64.0,0.0,93378.0,0.0,93378.0,93378.0,0.0,0.0,0.0,0.0,0.0,0.0,0.0,0.0,0.0,0.0,0,0,0,0,48.0,64.0,0,0,0,0,0,0,0,0,1.0,80.0,48.0,64.0,0,0,0,0,0,0,1,48,1,64,-1,-1,0,20,0.0,0.0,0.0,0.0,0.0,0.0,0.0,0.0
59523,443,6,1306.0,2367.0,853.0,0.0,257.3333,366.541,1448.0,0.0,353.7143,591.4097,7762.52,11430.089,23964.0,1.0,28530.0,9703.0,17818.968,23531.0,297.0,27187.0,7333.83,15059.1,26835.0,1.0,0,0,0,0,0.0,1448.0,0,0,0,1,0,0,0,0,1.0,308.0857,257.3333,353.7143,0,0,0,0,0,0,6,1306,7,2367,8192,66,5,20,0.0,0.0,0.0,0.0,0.0,0.0,0.0,0.0
54653,53,17,90.0,208.0,45.0,45.0,45.0,0.0,104.0,104.0,104.0,0.0,64.0,63.595,141.0,3.0,49.0,49.0,0.0,49.0,49.0,3.0,3.0,0.0,3.0,3.0,0,0,0,0,45.0,104.0,0,0,0,0,0,0,0,0,1.0,85.75,45.0,104.0,0,0,0,0,0,0,2,90,2,208,-1,-1,1,32,0.0,0.0,0.0,0.0,0.0,0.0,0.0,0.0
61169,53,17,58.0,172.0,58.0,58.0,58.0,0.0,172.0,172.0,172.0,0.0,120917.0,0.0,120917.0,120917.0,0.0,0.0,0.0,0.0,0.0,0.0,0.0,0.0,0.0,0.0,0,0,0,0,58.0,172.0,0,0,0,0,0,0,0,0,1.0,154.0,58.0,172.0,0,0,0,0,0,0,1,58,1,172,-1,-1,0,40,0.0,0.0,0.0,0.0,0.0,0.0,0.0,0.0
443,61257,6,6.0,12.0,6.0,6.0,6.0,0.0,6.0,6.0,6.0,0.0,34.5,25.754,48.0,19.0,0.0,0.0,0.0,0.0,0.0,49.0,49.0,0.0,49.0,49.0,0,0,0,0,6.0,6.0,0,0,0,0,1,1,0,0,2.0,8.0,6.0,6.0,0,0,0,0,0,0,1,6,2,12,221,256,0,20,0.0,0.0,0.0,0.0,0.0,0.0,0.0,0.0
54588,443,6,580.0,164.0,517.0,0.0,116.0,225.1011,152.0,0.0,41.0,74.054,1149475.0,3335928.491,9836401.0,68.0,10339855.0,2564906.75,4972521.236,9999904.0,361.0,94020.0,31640.33,35408.825,64728.0,204.0,0,0,0,0,0.0,517.0,0,0,0,1,0,0,0,0,0.0,82.6667,116.0,41.0,0,0,0,0,0,0,5,580,4,164,8192,946,4,20,0.0,0.0,0.0,0.0,0.0,0.0,0.0,0.0
55195,53,17,66.0,98.0,33.0,33.0,33.0,0.0,49.0,49.0,49.0,0.0,10347.66,17933.041,31037.0,1.0,4.0,4.0,0.0,4.0,4.0,1.0,1.0,0.0,1.0,1.0,0,0,0,0,33.0,49.0,0,0,0,0,0,0,0,0,1.0,49.25,33.0,49.0,0,0,0,0,0,0,2,66,2,98,-1,-1,1,32,0.0,0.0,0.0,0.0,0.0,0.0,0.0,0.0
54693,53,17,68.0,422.0,34.0,34.0,34.0,0.0,211.0,211.0,211.0,0.0,10511.0,18205.29,31525.0,1.0,3.0,3.0,0.0,3.0,3.0,1.0,1.0,0.0,1.0,1.0,0,0,0,0,34.0,211.0,0,0,0,0,0,0,0,0,1.0,131.0,34.0,211.0,0,0,0,0,0,0,2,68,2,422,-1,-1,1,32,0.0,0.0,0.0,0.0,0.0,0.0,0.0,0.0
53428,53,17,72.0,202.0,36.0,36.0,36.0,0.0,101.0,101.0,101.0,0.0,20328.66,35289.7,61080.0,1.0,1.0,1.0,0.0,1.0,1.0,3.0,3.0,0.0,3.0,3.0,0,0,0,0,36.0,101.0,0,0,0,0,0,0,0,0,1.0,77.5,36.0,101.0,0,0,0,0,0,0,2,72,2,202,-1,-1,1,20,0.0,0.0,0.0,0.0,0.0,0.0,0.0,0.0
62193,53,17,127.0,407.0,95.0,44.0,63.5,31.8192,195.0,120.0,123.5,87.4355,17237668.66,30567580.396,51853895.0,46634.0,51881301.0,51881301.0,0.0,52881301.0,51881301.0,51828938.0,51828938.0,0.0,51828938.0,51828938.0,0,0,0,0,44.0,195.0,0,0,0,0,0,0,0,0,1.0,129.75,63.5,123.5,0,0,0,0,0,0,2,127,2,407,-1,-1,1,20,30505.0,0.0,30505.0,30505.0,51853866.0,0.0,51853896.0,51853866.0
443,56466,6,37.0,0.0,37.0,0.0,18.5,26.163,0.0,0.0,0.0,0.0,4.0,0.0,4.0,4.0,4.0,4.0,0.0,4.0,4.0,0.0,0.0,0.0,0.0,0.0,1,0,0,0,0.0,37.0,0,1,0,0,1,0,0,0,0.0,37.0,18.5,0.0,0,0,0,0,0,0,2,37,0,0,61,-1,0,32,0.0,0.0,0.0,0.0,0.0,0.0,0.0,0.0
54402,443,6,2383.0,406144.0,649.0,0.0,18.3077,45.0397,4344.0,0.0,2111.4462,874.1115,7358.67,27524.121,188452.0,0.0,1364050.0,15305.87,32284.013,188582.0,1.0,1332604.0,2812.37,25377.536,288598.0,1.0,0,0,0,0,0.0,4344.0,0,0,0,1,0,0,0,0,1.0,1205.7695,18.3077,2111.4462,0,0,0,0,0,0,219,2383,234,1406144,29200,144,9,32,0.0,0.0,0.0,0.0,0.0,0.0,0.0,0.0
50985,53,17,72.0,136.0,36.0,36.0,36.0,0.0,68.0,68.0,68.0,0.0,65.33,102.661,189.0,3.0,3.0,3.0,0.0,3.0,3.0,4.0,4.0,0.0,4.0,4.0,0,0,0,0,36.0,68.0,0,0,0,0,0,0,0,0,1.0,61.0,36.0,68.0,0,0,0,0,0,0,2,72,2,136,-1,-1,1,20,0.0,0.0,0.0,0.0,0.0,0.0,0.0,0.0
42336,443,6,599.0,152.0,517.0,0.0,85.5714,191.3085,152.0,0.0,38.0,76.0,507757.0,1551737.561,5008282.0,3.0,5238940.0,841190.33,2023338.191,5197005.0,3.0,190111.0,50033.66,63876.67,77320.0,337.0,0,0,0,0,0.0,517.0,0,0,0,1,0,0,0,0,0.0,68.2727,85.5714,38.0,0,0,0,0,0,0,7,599,4,152,29200,939,3,32,115641.0,0.0,115641.0,115641.0,5008274.0,0.0,5008284.0,5008274.0
443,42054,6,0.0,12.0,0.0,0.0,0.0,0.0,6.0,6.0,6.0,0.0,64.33,79.294,146.0,3.0,3.0,3.0,0.0,3.0,3.0,48.0,48.0,0.0,48.0,48.0,0,0,0,0,0.0,6.0,0,0,0,0,1,0,0,0,1.0,4.0,0.0,6.0,0,0,0,0,0,0,2,0,2,12,922,0,0,32,0.0,0.0,0.0,0.0,0.0,0.0,0.0,0.0
39651,53,17,74.0,106.0,37.0,37.0,37.0,0.0,53.0,53.0,53.0,0.0,50772.0,83322.639,152317.0,3.0,3.0,3.0,0.0,3.0,3.0,4.0,4.0,0.0,4.0,4.0,0,0,0,0,37.0,53.0,0,0,0,0,0,0,0,0,1.0,54.25,37.0,53.0,0,0,0,0,0,0,2,74,2,106,-1,-1,1,20,0.0,0.0,0.0,0.0,0.0,0.0,0.0,0.0
36463,443,6,1629.0,4479.0,848.0,0.0,106.2778,239.8505,1448.0,0.0,304.6923,548.4301,26490.24,51967.306,237323.0,1.0,412282.0,46286.58,73406.964,287323.0,1.0,467184.0,47271.62,66982.815,271476.0,2.0,0,0,0,0,0.0,1448.0,0,0,0,1,0,0,0,0,0.0,198.079,106.2778,304.6923,0,0,0,0,0,0,19,1629,13,4479,29200,19,6,32,0.0,0.0,0.0,0.0,0.0,0.0,0.0,0.0
58057,443,6,580.0,164.0,517.0,0.0,116.0,225.1011,152.0,0.0,41.0,74.054,1340813.0,4067640.367,10759261.0,68.0,10817748.0,2073987.0,5885082.793,10898914.0,3823.0,30922.0,16947.33,27505.924,37208.0,510.0,0,0,0,0,0.0,517.0,0,0,0,1,0,0,0,0,0.0,82.6667,116.0,41.0,0,0,0,0,0,0,5,580,4,164,8192,946,4,20,0.0,0.0,0.0,0.0,0.0,0.0,0.0,0.0
53507,53,17,164.0,362.0,41.0,41.0,41.0,0.0,181.0,181.0,181.0,0.0,32948.14,46476.852,123610.0,3.0,33621.0,11243.0,19926.966,33610.0,3.0,4.0,4.0,0.0,4.0,4.0,0,0,0,0,41.0,181.0,0,0,0,0,0,0,0,0,0.0,91.5,41.0,181.0,0,0,0,0,0,0,4,164,2,362,-1,-1,3,20,0.0,0.0,0.0,0.0,0.0,0.0,0.0,0.0
58232,80,6,660.0,10.0,686.0,0.0,136.0,281.1329,6.0,2.0,8.0,0.0,1680709.66,3050352.689,5457842.0,58.0,5661907.0,2830953.5,3713942.525,5457842.0,24738.0,42010.0,40010.0,0.0,42010.0,42010.0,0,0,0,0,0.0,686.0,0,0,0,1,0,0,0,0,0.0,107.4,136.0,8.0,0,0,0,0,0,0,3,660,1,10,29200,14480,2,20,0.0,0.0,0.0,0.0,0.0,0.0,0.0,0.0
443,36160,6,0.0,0.0,0.0,0.0,0.0,0.0,0.0,0.0,0.0,0.0,53.0,0.0,53.0,53.0,0.0,0.0,0.0,0.0,0.0,0.0,0.0,0.0,0.0,0.0,0,0,0,0,0.0,0.0,0,0,0,0,1,1,0,0,1.0,0.0,0.0,0.0,0,0,0,0,0,0,1,0,1,0,128,327,0,32,0.0,0.0,0.0,0.0,0.0,0.0,0.0,0.0
57004,443,6,381.0,4775.0,204.0,0.0,47.5556,74.7418,1460.0,0.0,625.5,642.8257,361952.0,1335572.598,4936583.0,3.0,5268640.0,656065.5,1705166.146,4936583.0,3.0,78136.0,11543.6,17884.964,32184.0,49.0,0,0,0,0,0.0,1460.0,0,0,0,1,0,0,0,0,0.0,312.7609,47.5556,625.5,0,0,0,0,0,0,9,381,6,4775,8192,946,8,20,0.0,0.0,0.0,0.0,0.0,0.0,0.0,0.0
60606,53,17,43.0,133.0,43.0,43.0,43.0,0.0,133.0,133.0,133.0,0.0,30716.0,0.0,30716.0,30716.0,0.0,0.0,0.0,0.0,0.0,0.0,0.0,0.0,0.0,0.0,0,0,0,0,43.0,133.0,0,0,0,0,0,0,0,0,1.0,109.5,43.0,133.0,0,0,0,0,0,0,1,43,1,133,-1,-1,0,20,0.0,0.0,0.0,0.0,0.0,0.0,0.0,0.0
443,59000,6,12.0,6.0,6.0,6.0,6.0,0.0,6.0,6.0,6.0,0.0,26.0,39.224,31.0,3.0,3.0,3.0,0.0,3.0,3.0,0.0,0.0,0.0,0.0,0.0,0,0,0,0,6.0,6.0,0,0,0,0,1,1,0,0,0.0,8.0,6.0,6.0,0,0,0,0,0,0,2,12,1,6,32,32850,1,20,0.0,0.0,0.0,0.0,0.0,0.0,0.0,0.0
56311,53,17,90.0,122.0,45.0,45.0,45.0,0.0,61.0,61.0,61.0,0.0,55.0,51.732,114.0,3.0,49.0,49.0,0.0,49.0,49.0,3.0,3.0,0.0,3.0,3.0,0,0,0,0,45.0,61.0,0,0,0,0,0,0,0,0,1.0,64.25,45.0,61.0,0,0,0,0,0,0,2,90,2,122,-1,-1,1,20,0.0,0.0,0.0,0.0,0.0,0.0,0.0,0.0
53746,443,6,74.0,0.0,37.0,37.0,37.0,0.0,0.0,0.0,0.0,0.0,64061864.0,0.0,64061864.0,64061864.0,64061864.0,64061864.0,0.0,64061864.0,64061864.0,0.0,0.0,0.0,0.0,0.0,1,0,0,0,37.0,37.0,0,1,0,0,1,1,0,0,0.0,55.5,37.0,0.0,0,0,0,0,0,0,2,74,0,0,65535,-1,1,32,0.0,0.0,0.0,0.0,0.0,0.0,0.0,0.0
52415,53,17,88.0,662.0,44.0,44.0,44.0,0.0,331.0,331.0,331.0,0.0,40672.0,69350.094,121911.0,4.0,4.0,4.0,0.0,4.0,4.0,4.0,4.0,0.0,4.0,4.0,0,0,0,0,44.0,331.0,0,0,0,0,0,0,0,0,1.0,198.5,44.0,331.0,0,0,0,0,0,0,2,88,2,662,-1,-1,1,20,0.0,0.0,0.0,0.0,0.0,0.0,0.0,0.0
443,52346,6,37.0,0.0,37.0,0.0,18.5,26.163,0.0,0.0,0.0,0.0,4.0,0.0,4.0,4.0,4.0,4.0,0.0,4.0,4.0,0.0,0.0,0.0,0.0,0.0,1,0,0,0,0.0,37.0,0,1,0,0,1,0,0,0,0.0,37.0,18.5,0.0,0,0,0,0,0,0,2,37,0,0,114,-1,0,32,0.0,0.0,0.0,0.0,0.0,0.0,0.0,0.0
55794,443,6,12.0,0.0,6.0,6.0,6.0,0.0,0.0,0.0,0.0,0.0,4.0,0.0,4.0,4.0,4.0,4.0,0.0,4.0,4.0,0.0,0.0,0.0,0.0,0.0,0,0,0,0,6.0,6.0,1,0,0,0,0,0,0,0,0.0,9.0,6.0,0.0,0,0,0,0,0,0,2,12,0,0,0,-1,1,20,0.0,0.0,0.0,0.0,0.0,0.0,0.0,0.0
46568,53,17,68.0,306.0,34.0,34.0,34.0,0.0,153.0,153.0,153.0,0.0,10452.33,18060.032,31253.0,2.0,2.0,2.0,0.0,2.0,2.0,48.0,48.0,0.0,48.0,48.0,0,0,0,0,34.0,153.0,0,0,0,0,0,0,0,0,1.0,102.0,34.0,153.0,0,0,0,0,0,0,2,68,2,306,-1,-1,1,20,0.0,0.0,0.0,0.0,0.0,0.0,0.0,0.0
50059,80,6,1710.0,358.0,1448.0,0.0,621.5,839.0,359.0,0.0,89.0,179.5634,664228.57,1872921.945,5371512.0,6.0,5662025.0,1384004.0,2446744.5,5371512.0,110018.0,72766.0,22582.0,13852.01,39119.0,57.0,0,0,0,0,0.0,1448.0,0,0,0,1,0,0,0,0,1.0,190.0,621.5,89.0,0,0,0,0,0,0,4,1710,4,358,8192,7064,3,20,0.0,0.0,0.0,0.0,0.0,0.0,0.0,0.0
50186,443,6,829.0,6531.0,471.0,0.0,51.0769,116.7823,2022.0,0.0,307.6111,601.5751,2467665.46,4350216.957,10004863.0,2.0,93269171.0,4846526.78,5358416.552,10026592.0,216.0,91144514.0,5096698.0,5007632.096,10028165.0,2.0,0,0,0,0,0.0,2022.0,0,0,0,1,0,0,0,0,1.0,175.7195,51.0769,307.6111,0,0,0,0,0,0,17,829,19,6531,8192,127,16,20,23282.66,155686.854,332194.0,15353.0,9997583.28,86249.914,10004862.0,9835211.0
45274,443,6,728.0,435.0,517.0,0.0,76.0,161.6139,327.0,0.0,82.5714,161.1435,174253.28,714496.304,2182362.0,3.0,2113766.0,266559.66,898485.953,2186345.0,128.0,2411266.0,417478.33,1106643.825,2162555.0,3.0,0,0,0,0,0.0,517.0,0,0,0,1,0,0,0,0,0.0,79.5375,76.0,82.5714,0,0,0,0,0,0,10,728,7,435,29200,61,3,32,0.0,0.0,0.0,0.0,0.0,0.0,0.0,0.0
6380,53,17,62.0,90.0,31.0,31.0,31.0,0.0,45.0,45.0,45.0,0.0,56.0,93.53,161.0,3.0,3.0,3.0,0.0,3.0,3.0,4.0,4.0,0.0,4.0,4.0,0,0,0,0,31.0,45.0,0,0,0,0,0,0,0,0,1.0,45.75,31.0,45.0,0,0,0,0,0,0,2,62,2,90,-1,-1,1,32,0.0,0.0,0.0,0.0,0.0,0.0,0.0,0.0
56059,443,6,1015.0,70248.0,342.0,0.0,27.04,65.2202,2866.0,0.0,1273.4565,422.1721,753799.84,2495384.42,10077633.0,1.0,116655277.0,1912671.52,3652146.946,10103929.0,1.0,111662100.0,1230719.84,3306050.233,10105684.0,1.0,0,0,0,0,0.0,2866.0,0,0,0,1,0,0,0,0,1.0,765.0339,27.04,1273.4565,0,0,0,0,0,0,46,1015,60,70248,29200,365,5,32,157731.63,113934.883,623562.0,15066.0,10009404.09,7014.404,10077629.0,9996953.0
53273,53,17,64.0,96.0,32.0,32.0,32.0,0.0,48.0,48.0,48.0,0.0,45.33,77.1,130.0,3.0,3.0,3.0,0.0,3.0,3.0,3.0,3.0,0.0,3.0,3.0,0,0,0,0,32.0,48.0,0,0,0,0,0,0,0,0,1.0,48.0,32.0,48.0,0,0,0,0,0,0,2,64,2,96,-1,-1,1,20,0.0,0.0,0.0,0.0,0.0,0.0,0.0,0.0
63446,443,6,741.0,2807.0,469.0,0.0,72.2857,141.062,1571.0,0.0,583.0,763.6345,74819.77,112286.834,310449.0,2.0,709050.0,77978.0,140964.968,310449.0,2.0,706548.0,75114.0,125543.252,386416.0,2.0,0,0,0,0,0.0,1571.0,0,0,0,1,0,0,0,0,0.0,241.5375,72.2857,583.0,0,0,0,0,0,0,7,741,6,2807,65535,244,4,32,0.0,0.0,0.0,0.0,0.0,0.0,0.0,0.0
63645,53,17,90.0,322.0,45.0,45.0,45.0,0.0,161.0,161.0,161.0,0.0,7966.0,13745.745,23898.0,3.0,3.0,3.0,0.0,3.0,3.0,4.0,4.0,0.0,4.0,4.0,0,0,0,0,45.0,161.0,0,0,0,0,0,0,0,0,1.0,114.25,45.0,161.0,0,0,0,0,0,0,2,90,2,322,-1,-1,1,20,0.0,0.0,0.0,0.0,0.0,0.0,0.0,0.0
56252,443,6,352.0,3782.0,208.0,0.0,58.6667,87.8605,1460.0,0.0,630.3333,677.2171,23794.09,39595.598,85750.0,87.0,251304.0,52838.8,46910.736,87709.0,202.0,178476.0,35587.2,47856.77,88777.0,49.0,0,0,0,0,0.0,1460.0,0,0,0,1,0,0,0,0,1.0,344.5,58.6667,630.3333,0,0,0,0,0,0,6,352,6,3782,8192,60,5,20,0.0,0.0,0.0,0.0,0.0,0.0,0.0,0.0
62136,53,17,51.0,112.0,51.0,51.0,51.0,0.0,112.0,112.0,112.0,0.0,445.0,0.0,445.0,445.0,0.0,0.0,0.0,0.0,0.0,0.0,0.0,0.0,0.0,0.0,0,0,0,0,51.0,112.0,0,0,0,0,0,0,0,0,1.0,107.0,51.0,112.0,0,0,0,0,0,0,1,51,1,112,-1,-1,0,32,0.0,0.0,0.0,0.0,0.0,0.0,0.0,0.0
443,49546,6,12.0,0.0,6.0,6.0,6.0,0.0,0.0,0.0,0.0,0.0,225.0,0.0,225.0,225.0,225.0,225.0,0.0,225.0,225.0,0.0,0.0,0.0,0.0,0.0,0,0,0,0,6.0,6.0,0,0,0,0,1,0,0,0,0.0,9.0,6.0,0.0,0,0,0,0,0,0,2,12,0,0,30,-1,1,20,0.0,0.0,0.0,0.0,0.0,0.0,0.0,0.0
41296,443,6,391.0,4191.0,190.0,0.0,43.625,72.1193,1418.0,0.0,683.2,664.989,420093.92,1413630.338,5179527.0,3.0,5638325.0,779034.14,1946037.579,5179527.0,3.0,283838.0,41474.0,75017.9,189694.0,49.0,0,0,0,0,0.0,1418.0,0,0,0,1,0,0,0,0,0.0,299.7333,43.625,683.2,0,0,0,0,0,0,8,391,5,4191,29200,175,2,32,235790.0,0.0,235790.0,235790.0,5179548.0,0.0,5179548.0,5179548.0
443,52514,6,0.0,0.0,0.0,0.0,0.0,0.0,0.0,0.0,0.0,0.0,47.0,0.0,47.0,47.0,0.0,0.0,0.0,0.0,0.0,0.0,0.0,0.0,0.0,0.0,0,0,0,0,0.0,0.0,0,0,0,0,1,1,0,0,1.0,0.0,0.0,0.0,0,0,0,0,0,0,1,0,1,0,362,32832,0,32,0.0,0.0,0.0,0.0,0.0,0.0,0.0,0.0
443,60672,6,0.0,0.0,0.0,0.0,0.0,0.0,0.0,0.0,0.0,0.0,60.0,0.0,60.0,60.0,0.0,0.0,0.0,0.0,0.0,0.0,0.0,0.0,0.0,0.0,0,0,0,0,0.0,0.0,0,0,0,0,1,1,0,0,1.0,0.0,0.0,0.0,0,0,0,0,0,0,1,0,1,0,349,32832,0,32,0.0,0.0,0.0,0.0,0.0,0.0,0.0,0.0
53323,443,6,0.0,0.0,0.0,0.0,0.0,0.0,0.0,0.0,0.0,0.0,157692.0,0.0,157692.0,157692.0,0.0,0.0,0.0,0.0,0.0,0.0,0.0,0.0,0.0,0.0,0,0,0,0,0.0,0.0,0,0,0,0,1,1,0,0,1.0,0.0,0.0,0.0,0,0,0,0,0,0,1,0,1,0,378,243,0,32,0.0,0.0,0.0,0.0,0.0,0.0,0.0,0.0
49830,443,6,18.0,0.0,6.0,6.0,6.0,0.0,0.0,0.0,0.0,0.0,5008.0,9228.351,15814.0,3.0,15025.0,7512.5,13228.541,15918.0,3.0,0.0,0.0,0.0,0.0,0.0,0,0,0,0,0.0,6.0,1,0,0,0,0,0,0,0,0.0,6.0,6.0,0.0,0,0,0,0,0,0,3,18,1,0,0,118,2,20,0.0,0.0,0.0,0.0,0.0,0.0,0.0,0.0
443,51343,6,37.0,0.0,37.0,0.0,18.5,26.163,0.0,0.0,0.0,0.0,3.0,0.0,3.0,3.0,3.0,3.0,0.0,3.0,3.0,0.0,0.0,0.0,0.0,0.0,1,0,0,0,0.0,37.0,0,1,0,0,1,0,0,0,0.0,37.0,18.5,0.0,0,0,0,0,0,0,2,37,0,0,1120,-1,0,32,0.0,0.0,0.0,0.0,0.0,0.0,0.0,0.0
49579,443,6,1079.0,4827.0,503.0,0.0,58.3636,132.5779,1460.0,0.0,246.2941,475.416,1928105.03,3864064.842,10002408.0,1.0,61716939.0,3814966.35,4874820.289,10190565.0,8.0,61356664.0,3743220.51,4937382.01,10112056.0,1.0,0,0,0,0,0.0,1460.0,0,0,0,1,0,0,0,0,1.0,157.6333,58.3636,246.2941,0,0,0,0,0,0,15,1079,17,4827,8192,60,14,20,373682.33,634839.674,1765804.0,50401.0,9995004.33,89982.216,10002406.0,9760584.0
60971,53,17,48.0,139.0,48.0,48.0,48.0,0.0,139.0,139.0,139.0,0.0,30662.0,0.0,30662.0,30662.0,0.0,0.0,0.0,0.0,0.0,0.0,0.0,0.0,0.0,0.0,0,0,0,0,48.0,139.0,0,0,0,0,0,0,0,0,1.0,117.5,48.0,139.0,0,0,0,0,0,0,1,48,1,139,-1,-1,0,32,0.0,0.0,0.0,0.0,0.0,0.0,0.0,0.0
443,37513,6,31.0,6.0,31.0,0.0,15.5,21.9203,6.0,6.0,6.0,0.0,20.0,31.919,50.0,1.0,1.0,1.0,0.0,1.0,1.0,0.0,0.0,0.0,0.0,0.0,1,0,0,0,0.0,31.0,0,1,0,0,1,0,0,0,0.0,22.6667,15.5,6.0,0,0,0,0,0,0,2,31,1,6,972,0,0,32,0.0,0.0,0.0,0.0,0.0,0.0,0.0,0.0
43462,443,6,129.0,41.0,45.0,6.0,25.8,18.7803,41.0,41.0,41.0,0.0,817659.8,1834043.734,4110533.0,3.0,4130810.0,1037722.5,2037547.376,4110533.0,3.0,0.0,0.0,0.0,0.0,0.0,1,0,0,0,6.0,45.0,0,1,0,0,1,0,0,0,0.0,35.1667,25.8,41.0,0,0,0,0,0,0,5,129,1,41,16427,32,4,20,0.0,0.0,0.0,0.0,0.0,0.0,0.0,0.0
59071,443,6,2694.0,7809.0,1098.0,0.0,140.4286,292.9948,1460.0,0.0,464.4,571.4854,2547905.81,4334400.996,10187687.0,5.0,115702364.0,5229988.1,5048134.04,10240783.0,48.0,111489966.0,5512951.0,5154811.9,10240687.0,48.0,0,0,0,0,0.0,1460.0,0,0,0,1,0,0,0,0,0.0,283.2222,140.4286,464.4,0,0,0,0,0,0,24,2694,20,7809,8192,5120,23,20,35805.36,246114.041,751050.0,23666.0,10089572.45,64057.524,10187681.0,9959981.0
443,58990,6,0.0,0.0,0.0,0.0,0.0,0.0,0.0,0.0,0.0,0.0,64.0,0.0,64.0,64.0,0.0,0.0,0.0,0.0,0.0,0.0,0.0,0.0,0.0,0.0,0,0,0,0,0.0,0.0,0,0,0,0,1,1,0,0,1.0,0.0,0.0,0.0,0,0,0,0,0,0,1,0,1,0,250,292,0,32,0.0,0.0,0.0,0.0,0.0,0.0,0.0,0.0
55287,443,6,2675.0,27402.0,448.0,0.0,87.8,149.7819,3783.0,0.0,1043.2391,1085.4733,1242537.92,8189167.432,58963359.0,6.0,64003576.0,2134261.94,13610682.956,58960650.0,171.0,64004398.0,1745853.5,11219685.601,58997345.0,48.0,1,0,0,0,0.0,3783.0,0,1,0,0,1,0,0,0,1.0,672.6933,87.8,1043.2391,0,0,0,0,0,0,20,2675,26,27402,1499,126,10,32,1072816.0,1244795.092,1159311.0,184510.0,33703905.5,31142419.113,58965357.0,5064067.0
52628,443,6,974.0,7419.0,469.0,0.0,64.9333,134.266,1581.0,0.0,674.4545,743.9542,13866.76,25833.791,93214.0,1.0,341334.0,26860.21,48053.165,95337.0,1.0,223291.0,23030.3,33423.71,95903.0,2.0,0,0,0,0,0.0,1581.0,0,0,0,1,0,0,0,0,0.0,322.96,64.9333,674.4545,0,0,0,0,0,0,15,974,11,7419,65535,179,6,32,0.0,0.0,0.0,0.0,0.0,0.0,0.0,0.0
443,55582,6,6.0,6.0,6.0,6.0,6.0,0.0,6.0,6.0,6.0,0.0,29.0,0.0,29.0,29.0,0.0,0.0,0.0,0.0,0.0,0.0,0.0,0.0,0.0,0.0,0,0,0,0,6.0,6.0,0,0,0,0,1,1,0,0,1.0,9.0,6.0,6.0,0,0,0,0,0,0,1,6,1,6,237,16160,0,20,0.0,0.0,0.0,0.0,0.0,0.0,0.0,0.0
61525,53,17,101.0,219.0,53.0,48.0,50.5,7.7782,129.0,105.0,109.5,18.4987,4186856.33,7538308.051,12346127.0,465.0,12466028.0,12466028.0,0.0,12466028.0,12466028.0,12466319.0,12466319.0,0.0,12466319.0,12466319.0,0,0,0,0,48.0,129.0,0,0,0,0,0,0,0,0,1.0,92.25,50.5,109.5,0,0,0,0,0,0,2,101,2,219,-1,-1,1,32,0.0,0.0,0.0,0.0,12346121.0,0.0,12346121.0,12346121.0
56582,80,6,426.0,279.0,420.0,0.0,142.0,240.7738,259.0,0.0,119.75,131.5034,11490.16,16580.565,39567.0,4.0,33941.0,16971.5,22229.131,39093.0,545.0,33527.0,32571.33,0.0,39580.0,33521.0,0,0,0,0,0.0,420.0,0,0,0,1,0,0,0,0,0.0,136.5714,142.0,119.75,0,0,0,0,0,0,3,426,4,279,8192,127,2,20,0.0,0.0,0.0,0.0,0.0,0.0,0.0,0.0
58591,443,6,12.0,0.0,6.0,6.0,6.0,0.0,0.0,0.0,0.0,0.0,418.0,0.0,418.0,418.0,418.0,418.0,0.0,418.0,418.0,0.0,0.0,0.0,0.0,0.0,0,0,0,0,6.0,6.0,0,0,0,0,1,0,0,0,0.0,9.0,6.0,0.0,0,0,0,0,0,0,2,12,0,0,16216,-1,1,20,0.0,0.0,0.0,0.0,0.0,0.0,0.0,0.0
443,49046,6,37.0,0.0,31.0,6.0,18.5,17.6777,0.0,0.0,0.0,0.0,3.0,0.0,3.0,3.0,3.0,3.0,0.0,3.0,3.0,0.0,0.0,0.0,0.0,0.0,1,0,0,0,6.0,31.0,0,1,0,0,1,0,0,0,0.0,34.0,18.5,0.0,0,0,0,0,0,0,2,37,0,0,62,-1,1,20,0.0,0.0,0.0,0.0,0.0,0.0,0.0,0.0
52011,53,17,126.0,432.0,33.0,33.0,33.0,0.0,216.0,216.0,216.0,0.0,19871.8,26137.156,61093.0,2.0,61065.0,20328.66,53064.057,61028.0,2.0,4.0,4.0,0.0,4.0,4.0,0,0,0,0,33.0,216.0,0,0,0,0,0,0,0,0,0.0,90.1667,33.0,216.0,0,0,0,0,0,0,4,126,2,432,-1,-1,3,20,0.0,0.0,0.0,0.0,0.0,0.0,0.0,0.0
60899,53,17,47.0,175.0,47.0,47.0,47.0,0.0,175.0,175.0,175.0,0.0,31376.0,0.0,31376.0,31376.0,0.0,0.0,0.0,0.0,0.0,0.0,0.0,0.0,0.0,0.0,0,0,0,0,47.0,175.0,0,0,0,0,0,0,0,0,1.0,134.5,47.0,175.0,0,0,0,0,0,0,1,47,1,175,-1,-1,0,32,0.0,0.0,0.0,0.0,0.0,0.0,0.0,0.0
60848,443,6,37.0,0.0,37.0,0.0,9.25,18.5,0.0,0.0,0.0,0.0,7940118.0,10574223.876,22919213.0,3.0,22940234.0,4240074.0,16109212.462,22919213.0,3.0,0.0,0.0,0.0,0.0,0.0,0,0,0,0,0.0,37.0,0,0,0,0,1,0,0,0,0.0,9.25,9.25,0.0,0,0,0,0,0,0,4,37,0,0,33285,-1,1,32,0.0,0.0,0.0,0.0,22919240.0,0.0,22919240.0,22919240.0
443,59018,6,12.0,0.0,6.0,6.0,6.0,0.0,0.0,0.0,0.0,0.0,3.0,0.0,3.0,3.0,3.0,3.0,0.0,3.0,3.0,0.0,0.0,0.0,0.0,0.0,0,0,0,0,6.0,6.0,0,0,0,0,1,0,0,0,0.0,9.0,6.0,0.0,0,0,0,0,0,0,2,12,0,0,360,-1,1,20,0.0,0.0,0.0,0.0,0.0,0.0,0.0,0.0
80,58156,6,6.0,6.0,6.0,6.0,6.0,0.0,6.0,6.0,6.0,0.0,199.0,0.0,199.0,199.0,0.0,0.0,0.0,0.0,0.0,0.0,0.0,0.0,0.0,0.0,0,0,0,0,6.0,6.0,0,0,0,0,1,1,0,0,1.0,9.0,6.0,6.0,0,0,0,0,0,0,1,6,1,6,913,256,0,20,0.0,0.0,0.0,0.0,0.0,0.0,0.0,0.0
443,52297,6,0.0,0.0,0.0,0.0,0.0,0.0,0.0,0.0,0.0,0.0,51.0,0.0,51.0,51.0,0.0,0.0,0.0,0.0,0.0,0.0,0.0,0.0,0.0,0.0,0,0,0,0,0.0,0.0,0,0,0,0,1,1,0,0,1.0,0.0,0.0,0.0,0,0,0,0,0,0,1,0,1,0,122,355,0,32,0.0,0.0,0.0,0.0,0.0,0.0,0.0,0.0
443,49663,6,0.0,18.0,0.0,0.0,0.0,0.0,6.0,6.0,6.0,0.0,25362.75,50425.199,101656.0,1.0,101763.0,101763.0,0.0,101763.0,101763.0,2.0,1.0,0.0,1.0,1.0,0,0,0,0,0.0,6.0,0,0,0,0,1,0,0,0,1.0,3.6,0.0,6.0,0,0,0,0,0,0,2,0,3,18,115,0,0,32,0.0,0.0,0.0,0.0,0.0,0.0,0.0,0.0
55731,443,6,943.0,943.0,677.0,0.0,94.3,218.473,805.0,0.0,188.6,349.721,13721.57,17529.135,40511.0,3.0,167086.0,25770.55,27625.559,76237.0,3.0,125733.0,26186.75,24988.731,40651.0,248.0,0,0,0,0,0.0,805.0,0,0,0,1,0,0,0,0,0.0,124.8,94.3,188.6,0,0,0,0,0,0,10,943,5,943,65535,351,5,32,0.0,0.0,0.0,0.0,0.0,0.0,0.0,0.0
6118,443,6,1878.0,3838.0,1224.0,0.0,142.1667,383.9666,1400.0,0.0,213.3846,488.3867,3033767.33,4563966.792,10009629.0,10.0,115353166.0,6067046.27,4804448.964,10034333.0,18.0,110862130.0,6510011.5,4909434.22,10034117.0,169.0,0,0,0,0,0.0,1400.0,0,0,0,1,0,0,0,0,0.0,165.0,142.1667,213.3846,0,0,0,0,0,0,22,1878,18,3838,8192,16060,21,20,21343.0,30956.345,95744.0,22680.0,9647027.54,1417001.955,10009627.0,5738776.0
57234,80,6,1568.0,24956.0,408.0,0.0,119.8,180.4083,1460.0,0.0,1134.3647,526.088,1204447.89,3142181.022,10010432.0,10.0,43700455.0,2441229.55,4416670.952,10046159.0,112.0,43977708.0,2193448.27,4093548.983,10043974.0,48.0,0,0,0,0,0.0,1460.0,0,0,0,1,0,0,0,0,1.0,634.1815,119.8,1134.3647,0,0,0,0,0,0,20,1568,35,24956,8192,1035,19,20,196779.75,836076.994,1695813.0,13550.0,9996880.57,1838.637,10010431.0,9976768.0
45391,80,6,434.0,2279.0,428.0,0.0,108.0,211.0,2269.0,0.0,569.75,1131.5,134259.83,368119.539,889585.0,4.0,819706.0,209925.0,395761.594,889515.0,23111.0,860137.0,260088.33,482376.87,889074.0,4.0,0,0,0,0,0.0,2269.0,0,0,0,1,0,0,0,0,1.0,303.2857,108.0,569.75,0,0,0,0,0,0,4,434,4,2279,29200,235,1,32,0.0,0.0,0.0,0.0,0.0,0.0,0.0,0.0
58395,80,6,435.0,859.0,435.0,0.0,145.0,241.9656,859.0,0.0,214.75,429.5,7832.16,11915.285,23212.0,4.0,23601.0,11850.5,16777.402,23214.0,175.0,24377.0,8195.33,13780.785,23888.0,4.0,0,0,0,0,0.0,859.0,0,0,0,1,0,0,0,0,1.0,185.3714,145.0,214.75,0,0,0,0,0,0,3,435,4,859,29200,31,1,32,0.0,0.0,0.0,0.0,0.0,0.0,0.0,0.0
50937,53,17,92.0,284.0,46.0,46.0,46.0,0.0,142.0,142.0,142.0,0.0,58.66,95.062,169.0,3.0,3.0,3.0,0.0,3.0,3.0,3.0,3.0,0.0,3.0,3.0,0,0,0,0,46.0,142.0,0,0,0,0,0,0,0,0,1.0,105.5,46.0,142.0,0,0,0,0,0,0,2,92,2,284,-1,-1,1,32,0.0,0.0,0.0,0.0,0.0,0.0,0.0,0.0
61227,53,17,76.0,204.0,76.0,76.0,76.0,0.0,204.0,204.0,204.0,0.0,120658.0,0.0,120658.0,120658.0,0.0,0.0,0.0,0.0,0.0,0.0,0.0,0.0,0.0,0.0,0,0,0,0,76.0,204.0,0,0,0,0,0,0,0,0,1.0,178.0,76.0,204.0,0,0,0,0,0,0,1,76,1,204,-1,-1,0,20,0.0,0.0,0.0,0.0,0.0,0.0,0.0,0.0
62466,53,17,50.0,66.0,50.0,50.0,50.0,0.0,66.0,66.0,66.0,0.0,544.0,0.0,544.0,544.0,0.0,0.0,0.0,0.0,0.0,0.0,0.0,0.0,0.0,0.0,0,0,0,0,50.0,66.0,0,0,0,0,0,0,0,0,1.0,83.0,50.0,66.0,0,0,0,0,0,0,1,50,1,66,-1,-1,0,20,0.0,0.0,0.0,0.0,0.0,0.0,0.0,0.0
443,55140,6,37.0,0.0,37.0,0.0,18.5,26.163,0.0,0.0,0.0,0.0,4.0,0.0,4.0,4.0,4.0,4.0,0.0,4.0,4.0,0.0,0.0,0.0,0.0,0.0,1,0,0,0,0.0,37.0,0,1,0,0,1,0,0,0,0.0,37.0,18.5,0.0,0,0,0,0,0,0,2,37,0,0,61,-1,0,32,0.0,0.0,0.0,0.0,0.0,0.0,0.0,0.0
49893,443,6,1378.0,4904.0,469.0,0.0,89.5,156.4542,1430.0,0.0,245.0,496.3791,1044960.57,8065085.746,58537128.0,1.0,77926110.0,2918802.65,12208811.012,58553832.0,113.0,57812708.0,1877454.09,11911721.605,58678592.0,1.0,0,0,0,0,0.0,1430.0,0,0,0,1,0,0,0,0,1.0,163.3,89.5,245.0,0,0,0,0,0,0,14,1378,20,4904,8192,368,13,20,2148192.0,186751.086,4242410.0,6150703.0,36412385.5,35289824.397,58537123.0,10268563.0
3781,80,6,12.0,0.0,6.0,6.0,6.0,0.0,0.0,0.0,0.0,0.0,130.0,0.0,130.0,130.0,130.0,130.0,0.0,130.0,130.0,0.0,0.0,0.0,0.0,0.0,0,0,0,0,6.0,6.0,0,0,0,0,1,0,0,0,0.0,9.0,6.0,0.0,0,0,0,0,0,0,2,12,0,0,254,-1,1,20,0.0,0.0,0.0,0.0,0.0,0.0,0.0,0.0
59920,443,6,0.0,0.0,0.0,0.0,0.0,0.0,0.0,0.0,0.0,0.0,26090.0,37570.763,52229.0,0.0,0.0,0.0,0.0,0.0,0.0,0.0,0.0,0.0,0.0,0.0,0,0,0,0,0.0,0.0,0,0,0,0,1,1,0,0,0.0,0.0,0.0,0.0,0,0,0,0,0,0,2,0,1,0,32832,350,0,32,0.0,0.0,0.0,0.0,0.0,0.0,0.0,0.0
61522,53,17,98.0,310.0,49.0,49.0,49.0,0.0,155.0,155.0,155.0,0.0,16627.0,28861.541,49874.0,3.0,48.0,48.0,0.0,48.0,48.0,3.0,3.0,0.0,3.0,3.0,0,0,0,0,49.0,155.0,0,0,0,0,0,0,0,0,1.0,114.25,49.0,155.0,0,0,0,0,0,0,2,98,2,310,-1,-1,1,20,0.0,0.0,0.0,0.0,0.0,0.0,0.0,0.0
64745,443,6,950.0,1167.0,693.0,0.0,84.0,196.1053,1029.0,0.0,194.4,342.9296,25832.5,33472.221,87619.0,38.0,379406.0,47629.0,61318.516,107721.0,35.0,209904.0,54461.0,49934.094,88057.0,371.0,0,0,0,0,0.0,1029.0,0,0,0,1,0,0,0,0,0.0,134.9375,84.0,194.4,0,0,0,0,0,0,10,950,5,1167,65535,115,5,32,0.0,0.0,0.0,0.0,0.0,0.0,0.0,0.0
42188,80,6,0.0,0.0,0.0,0.0,0.0,0.0,0.0,0.0,0.0,0.0,152.0,0.0,152.0,152.0,152.0,152.0,0.0,152.0,152.0,0.0,0.0,0.0,0.0,0.0,0,0,0,0,0.0,0.0,0,0,0,0,1,0,0,0,0.0,0.0,0.0,0.0,0,0,0,0,0,0,2,0,0,0,242,-1,0,32,0.0,0.0,0.0,0.0,0.0,0.0,0.0,0.0
61222,53,17,74.0,240.0,37.0,37.0,37.0,0.0,120.0,120.0,120.0,0.0,10481.0,18110.516,31492.0,3.0,47.0,47.0,0.0,47.0,47.0,3.0,3.0,0.0,3.0,3.0,0,0,0,0,37.0,120.0,0,0,0,0,0,0,0,0,1.0,87.75,37.0,120.0,0,0,0,0,0,0,2,74,2,240,-1,-1,1,20,0.0,0.0,0.0,0.0,0.0,0.0,0.0,0.0
64829,53,17,94.0,256.0,47.0,47.0,47.0,0.0,128.0,128.0,128.0,0.0,10252.0,17718.624,30750.0,3.0,48.0,48.0,0.0,48.0,48.0,3.0,3.0,0.0,3.0,3.0,0,0,0,0,47.0,128.0,0,0,0,0,0,0,0,0,1.0,99.25,47.0,128.0,0,0,0,0,0,0,2,94,2,256,-1,-1,1,32,0.0,0.0,0.0,0.0,0.0,0.0,0.0,0.0
443,41453,6,0.0,0.0,0.0,0.0,0.0,0.0,0.0,0.0,0.0,0.0,68.0,0.0,68.0,68.0,0.0,0.0,0.0,0.0,0.0,0.0,0.0,0.0,0.0,0.0,0,0,0,0,0.0,0.0,0,0,0,0,1,1,0,0,1.0,0.0,0.0,0.0,0,0,0,0,0,0,1,0,1,0,62,338,0,32,0.0,0.0,0.0,0.0,0.0,0.0,0.0,0.0
58278,53,17,86.0,118.0,43.0,43.0,43.0,0.0,59.0,59.0,59.0,0.0,60.0,67.501,128.0,3.0,3.0,3.0,0.0,3.0,3.0,48.0,48.0,0.0,48.0,48.0,0,0,0,0,43.0,59.0,0,0,0,0,0,0,0,0,1.0,61.75,43.0,59.0,0,0,0,0,0,0,2,86,2,118,-1,-1,1,20,0.0,0.0,0.0,0.0,0.0,0.0,0.0,0.0
6593,443,6,12.0,0.0,6.0,6.0,6.0,0.0,0.0,0.0,0.0,0.0,3.0,0.0,3.0,3.0,3.0,3.0,0.0,3.0,3.0,0.0,0.0,0.0,0.0,0.0,0,0,0,0,6.0,6.0,1,0,0,0,0,0,0,0,0.0,9.0,6.0,0.0,0,0,0,0,0,0,2,12,0,0,0,-1,1,20,0.0,0.0,0.0,0.0,0.0,0.0,0.0,0.0
50816,443,6,12.0,0.0,6.0,6.0,6.0,0.0,0.0,0.0,0.0,0.0,103.0,0.0,103.0,103.0,103.0,103.0,0.0,103.0,103.0,0.0,0.0,0.0,0.0,0.0,0,0,0,0,6.0,6.0,0,0,0,0,1,0,0,0,0.0,9.0,6.0,0.0,0,0,0,0,0,0,2,12,0,0,254,-1,1,20,0.0,0.0,0.0,0.0,0.0,0.0,0.0,0.0
49533,53,17,92.0,248.0,46.0,46.0,46.0,0.0,124.0,124.0,124.0,0.0,60.0,67.106,138.0,3.0,48.0,48.0,0.0,48.0,48.0,3.0,3.0,0.0,3.0,3.0,0,0,0,0,46.0,124.0,0,0,0,0,0,0,0,0,1.0,96.5,46.0,124.0,0,0,0,0,0,0,2,92,2,248,-1,-1,1,32,0.0,0.0,0.0,0.0,0.0,0.0,0.0,0.0
53239,443,6,759.0,18498.0,316.0,0.0,38.5714,94.9303,2896.0,0.0,1272.0882,1131.2536,140477.23,883001.362,4775194.0,3.0,240130.0,37291.76,67170.057,75687.0,19.0,5059102.0,342607.19,1076510.022,4798224.0,48.0,0,0,0,0,0.0,2896.0,0,0,0,1,0,0,0,0,1.0,788.2121,38.5714,1272.0882,0,0,0,0,0,0,14,759,17,18498,29200,35,3,32,0.0,0.0,0.0,0.0,0.0,0.0,0.0,0.0
443,61146,6,37.0,0.0,37.0,0.0,18.5,26.163,0.0,0.0,0.0,0.0,3.0,0.0,3.0,3.0,3.0,3.0,0.0,3.0,3.0,0.0,0.0,0.0,0.0,0.0,1,0,0,0,0.0,37.0,0,1,0,0,1,0,0,0,0.0,37.0,18.5,0.0,0,0,0,0,0,0,2,37,0,0,1120,-1,0,32,0.0,0.0,0.0,0.0,0.0,0.0,0.0,0.0
443,55134,6,0.0,0.0,0.0,0.0,0.0,0.0,0.0,0.0,0.0,0.0,25.0,0.0,25.0,25.0,0.0,0.0,0.0,0.0,0.0,0.0,0.0,0.0,0.0,0.0,0,0,0,0,0.0,0.0,0,0,0,0,1,1,0,0,1.0,0.0,0.0,0.0,0,0,0,0,0,0,1,0,1,0,115,33304,0,32,0.0,0.0,0.0,0.0,0.0,0.0,0.0,0.0
60267,53,17,106.0,228.0,55.0,51.0,53.0,2.8284,115.0,113.0,114.0,2.8292,38488216.33,61918709.034,108390203.0,30474.0,108361758.0,108361758.0,0.0,108361758.0,108361758.0,108360317.0,108360317.0,0.0,108360317.0,108360317.0,0,0,0,0,51.0,115.0,0,0,0,0,0,0,0,0,1.0,90.25,53.0,114.0,0,0,0,0,0,0,2,106,2,228,-1,-1,1,20,60393.0,0.0,60393.0,60393.0,108390206.0,0.0,108390206.0,108390206.0
443,61352,6,37.0,0.0,37.0,0.0,12.3333,21.362,0.0,0.0,0.0,0.0,2.0,1.414,3.0,1.0,4.0,2.0,1.414,3.0,1.0,0.0,0.0,0.0,0.0,0.0,0,0,0,0,0.0,37.0,0,0,0,0,1,0,0,0,0.0,12.3333,12.3333,0.0,0,0,0,0,0,0,3,37,0,0,114,-1,1,32,0.0,0.0,0.0,0.0,0.0,0.0,0.0,0.0
63553,53,17,78.0,134.0,39.0,39.0,39.0,0.0,67.0,67.0,67.0,0.0,47.33,75.755,134.0,3.0,3.0,3.0,0.0,3.0,3.0,3.0,3.0,0.0,3.0,3.0,0,0,0,0,39.0,67.0,0,0,0,0,0,0,0,0,1.0,62.75,39.0,67.0,0,0,0,0,0,0,2,78,2,134,-1,-1,1,20,0.0,0.0,0.0,0.0,0.0,0.0,0.0,0.0
28359,53,17,62.0,146.0,31.0,31.0,31.0,0.0,73.0,73.0,73.0,0.0,10316.66,17867.775,30947.0,1.0,1.0,1.0,0.0,1.0,1.0,3.0,3.0,0.0,3.0,3.0,0,0,0,0,31.0,73.0,0,0,0,0,0,0,0,0,1.0,59.75,31.0,73.0,0,0,0,0,0,0,2,62,2,146,-1,-1,1,32,0.0,0.0,0.0,0.0,0.0,0.0,0.0,0.0
62220,53,17,81.0,163.0,81.0,81.0,81.0,0.0,163.0,163.0,163.0,0.0,31253.0,0.0,31253.0,31253.0,0.0,0.0,0.0,0.0,0.0,0.0,0.0,0.0,0.0,0.0,0,0,0,0,81.0,163.0,0,0,0,0,0,0,0,0,1.0,162.5,81.0,163.0,0,0,0,0,0,0,1,81,1,163,-1,-1,0,32,0.0,0.0,0.0,0.0,0.0,0.0,0.0,0.0
58018,443,6,1948.0,963.0,1368.0,0.0,180.7857,406.0283,825.0,0.0,170.5,323.0153,10551.0,15476.542,36986.0,4.0,149204.0,15343.16,19388.653,33285.0,4.0,108797.0,27199.4,18304.807,37970.0,783.0,0,0,0,0,0.0,1368.0,0,0,0,1,0,0,0,0,0.0,166.8056,180.7857,170.5,0,0,0,0,0,0,14,1948,6,963,65535,383,7,32,0.0,0.0,0.0,0.0,0.0,0.0,0.0,0.0
64684,53,17,78.0,206.0,39.0,39.0,39.0,0.0,103.0,103.0,103.0,0.0,20295.0,35165.951,60784.0,3.0,48.0,48.0,0.0,48.0,48.0,3.0,3.0,0.0,3.0,3.0,0,0,0,0,39.0,103.0,0,0,0,0,0,0,0,0,1.0,80.75,39.0,103.0,0,0,0,0,0,0,2,78,2,206,-1,-1,1,32,0.0,0.0,0.0,0.0,0.0,0.0,0.0,0.0
443,47536,6,0.0,0.0,0.0,0.0,0.0,0.0,0.0,0.0,0.0,0.0,58.0,0.0,58.0,58.0,0.0,0.0,0.0,0.0,0.0,0.0,0.0,0.0,0.0,0.0,0,0,0,0,0.0,0.0,0,0,0,0,1,1,0,0,1.0,0.0,0.0,0.0,0,0,0,0,0,0,1,0,1,0,122,397,0,32,0.0,0.0,0.0,0.0,0.0,0.0,0.0,0.0
57676,443,6,352.0,3782.0,208.0,0.0,58.6667,87.8605,1460.0,0.0,630.3333,677.2171,23889.09,39090.148,85905.0,48.0,258845.0,53785.0,47260.411,88471.0,80.0,175737.0,35981.4,46028.606,87481.0,49.0,0,0,0,0,0.0,1460.0,0,0,0,1,0,0,0,0,1.0,344.5,58.6667,630.3333,0,0,0,0,0,0,6,352,6,3782,8192,60,5,20,0.0,0.0,0.0,0.0,0.0,0.0,0.0,0.0
443,51108,6,12.0,0.0,6.0,6.0,6.0,0.0,0.0,0.0,0.0,0.0,353.0,0.0,353.0,353.0,353.0,353.0,0.0,353.0,353.0,0.0,0.0,0.0,0.0,0.0,0,0,0,0,6.0,6.0,0,0,0,0,1,0,0,0,0.0,9.0,6.0,0.0,0,0,0,0,0,0,2,12,0,0,30,-1,1,20,0.0,0.0,0.0,0.0,0.0,0.0,0.0,0.0
6104,443,6,1182.0,5155.0,901.0,0.0,79.2143,210.2757,1397.0,0.0,383.375,541.5292,2686.23,5841.416,15174.0,1.0,63664.0,4123.0,7181.025,21358.0,1.0,40203.0,3684.42,256.116,16969.0,2.0,0,0,0,0,0.0,1397.0,0,0,0,1,0,0,0,0,0.0,210.9768,79.2143,383.375,0,0,0,0,0,0,14,1182,16,5155,65535,32,13,20,0.0,0.0,0.0,0.0,0.0,0.0,0.0,0.0
80,58489,6,6.0,6.0,6.0,6.0,6.0,0.0,6.0,6.0,6.0,0.0,90.0,0.0,90.0,90.0,0.0,0.0,0.0,0.0,0.0,0.0,0.0,0.0,0.0,0.0,0,0,0,0,6.0,6.0,0,0,0,0,1,1,0,0,1.0,9.0,6.0,6.0,0,0,0,0,0,0,1,6,1,6,65535,37300,0,20,0.0,0.0,0.0,0.0,0.0,0.0,0.0,0.0
57633,80,6,506.0,333.0,526.0,0.0,100.0,226.0187,333.0,0.0,116.6667,158.0792,13927.71,19331.51,45269.0,70.0,89639.0,22634.25,23719.543,45352.0,391.0,41456.0,20858.0,34750.579,45040.0,337.0,0,0,0,0,0.0,526.0,0,0,0,1,0,0,0,0,0.0,110.2857,100.0,116.6667,0,0,0,0,0,0,5,506,3,333,65535,59,1,32,0.0,0.0,0.0,0.0,0.0,0.0,0.0,0.0
51474,443,6,1151.0,78970.0,517.0,0.0,36.8529,95.6562,4344.0,0.0,1280.5831,852.274,1313324.7,7302250.598,58293733.0,0.0,117244431.0,3466803.27,11868695.821,58283752.0,21.0,117213848.0,2198097.29,10629388.799,58252465.0,0.0,0,0,0,0,0.0,4344.0,0,0,0,1,0,0,0,0,1.0,824.5078,36.8529,1280.5831,0,0,0,0,0,0,38,1151,56,78970,29200,133,6,32,128669.33,128178.184,299773.0,71838.0,58273165.0,172894.637,58293730.0,58036451.0
56690,53,17,60.0,264.0,30.0,30.0,30.0,0.0,132.0,132.0,132.0,0.0,54.33,88.149,156.0,4.0,4.0,4.0,0.0,4.0,4.0,4.0,4.0,0.0,4.0,4.0,0,0,0,0,30.0,132.0,0,0,0,0,0,0,0,0,1.0,88.5,30.0,132.0,0,0,0,0,0,0,2,60,2,264,-1,-1,1,20,0.0,0.0,0.0,0.0,0.0,0.0,0.0,0.0
63770,53,17,66.0,164.0,33.0,33.0,33.0,0.0,82.0,82.0,82.0,0.0,54.66,85.645,158.0,3.0,3.0,3.0,0.0,3.0,3.0,4.0,4.0,0.0,4.0,4.0,0,0,0,0,33.0,82.0,0,0,0,0,0,0,0,0,1.0,65.75,33.0,82.0,0,0,0,0,0,0,2,66,2,164,-1,-1,1,20,0.0,0.0,0.0,0.0,0.0,0.0,0.0,0.0
59617,443,6,74.0,0.0,37.0,37.0,37.0,0.0,0.0,0.0,0.0,0.0,64065108.0,0.0,64065108.0,64065108.0,64065108.0,64065108.0,0.0,64065108.0,64065108.0,0.0,0.0,0.0,0.0,0.0,1,0,0,0,37.0,37.0,0,1,0,0,1,1,0,0,0.0,55.5,37.0,0.0,0,0,0,0,0,0,2,74,0,0,33304,-1,1,32,0.0,0.0,0.0,0.0,0.0,0.0,0.0,0.0
46216,80,6,0.0,0.0,0.0,0.0,0.0,0.0,0.0,0.0,0.0,0.0,50851.0,0.0,50851.0,50851.0,0.0,0.0,0.0,0.0,0.0,0.0,0.0,0.0,0.0,0.0,0,0,0,0,0.0,0.0,0,0,0,0,1,1,0,0,1.0,0.0,0.0,0.0,0,0,0,0,0,0,1,0,1,0,237,114,0,32,0.0,0.0,0.0,0.0,0.0,0.0,0.0,0.0
443,50939,6,6.0,6.0,6.0,6.0,6.0,0.0,6.0,6.0,6.0,0.0,134.0,0.0,134.0,134.0,0.0,0.0,0.0,0.0,0.0,0.0,0.0,0.0,0.0,0.0,0,0,0,0,6.0,6.0,0,0,0,0,1,1,0,0,1.0,9.0,6.0,6.0,0,0,0,0,0,0,1,6,1,6,257,256,0,20,0.0,0.0,0.0,0.0,0.0,0.0,0.0,0.0
50942,53,17,60.0,264.0,30.0,30.0,30.0,0.0,132.0,132.0,132.0,0.0,109.0,141.614,270.0,1.0,1.0,1.0,0.0,1.0,1.0,48.0,48.0,0.0,48.0,48.0,0,0,0,0,30.0,132.0,0,0,0,0,0,0,0,0,1.0,88.5,30.0,132.0,0,0,0,0,0,0,2,60,2,264,-1,-1,1,20,0.0,0.0,0.0,0.0,0.0,0.0,0.0,0.0
443,57885,6,6.0,6.0,6.0,6.0,6.0,0.0,6.0,6.0,6.0,0.0,68.0,0.0,68.0,68.0,0.0,0.0,0.0,0.0,0.0,0.0,0.0,0.0,0.0,0.0,0,0,0,0,6.0,6.0,0,0,0,0,1,1,0,0,1.0,9.0,6.0,6.0,0,0,0,0,0,0,1,6,1,6,32,32850,0,20,0.0,0.0,0.0,0.0,0.0,0.0,0.0,0.0
63970,53,17,74.0,298.0,37.0,37.0,37.0,0.0,149.0,149.0,149.0,0.0,68.0,118.906,202.0,1.0,1.0,1.0,0.0,1.0,1.0,1.0,1.0,0.0,1.0,1.0,0,0,0,0,37.0,149.0,0,0,0,0,0,0,0,0,1.0,102.25,37.0,149.0,0,0,0,0,0,0,2,74,2,298,-1,-1,1,20,0.0,0.0,0.0,0.0,0.0,0.0,0.0,0.0
50300,53,17,64.0,96.0,32.0,32.0,32.0,0.0,48.0,48.0,48.0,0.0,46.0,73.023,131.0,3.0,4.0,4.0,0.0,4.0,4.0,3.0,3.0,0.0,3.0,3.0,0,0,0,0,32.0,48.0,0,0,0,0,0,0,0,0,1.0,48.0,32.0,48.0,0,0,0,0,0,0,2,64,2,96,-1,-1,1,20,0.0,0.0,0.0,0.0,0.0,0.0,0.0,0.0
52294,443,6,921.0,39524.0,201.0,0.0,36.7193,63.1751,2920.0,0.0,1405.1813,1089.9477,305725.23,1793275.26,13024486.0,1.0,16222097.0,722629.76,2785432.381,13044486.0,1.0,93428.0,4874.21,1303.553,43710.0,1.0,0,0,0,0,0.0,2920.0,0,0,0,1,0,0,0,0,1.0,924.7529,36.7193,1405.1893,0,0,0,0,0,0,37,921,32,39524,8192,123,36,20,0.0,0.0,0.0,0.0,0.0,0.0,0.0,0.0
64410,53,17,92.0,284.0,46.0,46.0,46.0,0.0,142.0,142.0,142.0,0.0,51.33,81.206,146.0,3.0,4.0,4.0,0.0,4.0,4.0,3.0,3.0,0.0,3.0,3.0,0,0,0,0,46.0,142.0,0,0,0,0,0,0,0,0,1.0,105.5,46.0,142.0,0,0,0,0,0,0,2,92,2,284,-1,-1,1,20,0.0,0.0,0.0,0.0,0.0,0.0,0.0,0.0
60653,53,17,78.0,218.0,39.0,39.0,39.0,0.0,109.0,109.0,109.0,0.0,55.66,99.689,161.0,3.0,3.0,3.0,0.0,3.0,3.0,3.0,3.0,0.0,3.0,3.0,0,0,0,0,39.0,109.0,0,0,0,0,0,0,0,0,1.0,83.75,39.0,109.0,0,0,0,0,0,0,2,78,2,218,-1,-1,1,20,0.0,0.0,0.0,0.0,0.0,0.0,0.0,0.0
53022,443,6,1660.0,623.0,1389.0,0.0,156.0,425.6863,465.0,0.0,65.7143,130.6112,15672.06,22558.328,77807.0,3.0,215235.0,20672.0,23058.845,118841.0,3.0,182891.0,38759.83,20285.755,71323.0,224.0,0,0,0,0,0.0,1389.0,0,0,0,1,0,0,0,0,0.0,138.5,156.0,65.7143,0,0,0,0,0,0,11,1660,7,623,65535,362,6,32,0.0,0.0,0.0,0.0,0.0,0.0,0.0,0.0
56557,443,6,12.0,0.0,6.0,6.0,6.0,0.0,0.0,0.0,0.0,0.0,112.0,0.0,112.0,112.0,112.0,112.0,0.0,112.0,112.0,0.0,0.0,0.0,0.0,0.0,0,0,0,0,6.0,6.0,0,0,0,0,1,0,0,0,0.0,9.0,6.0,0.0,0,0,0,0,0,0,2,12,0,0,253,-1,1,20,0.0,0.0,0.0,0.0,0.0,0.0,0.0,0.0
41134,46832,6,427.0,0.0,255.0,0.0,76.7,106.9871,0.0,0.0,0.0,0.0,1.4,1.924,4.0,1.0,17.0,1.25,1.442,4.0,1.0,0.0,0.0,0.0,0.0,0.0,1,0,0,0,0.0,255.0,0,1,0,0,1,0,0,0,0.0,103.4286,76.7,0.0,0,0,0,0,0,0,5,427,0,0,1002,-1,3,32,0.0,0.0,0.0,0.0,0.0,0.0,0.0,0.0
47441,53,17,80.0,156.0,40.0,40.0,40.0,0.0,78.0,78.0,78.0,0.0,20332.66,35254.558,61092.0,3.0,3.0,3.0,0.0,3.0,3.0,49.0,49.0,0.0,49.0,49.0,0,0,0,0,40.0,78.0,0,0,0,0,0,0,0,0,1.0,69.0,40.0,78.0,0,0,0,0,0,0,2,80,2,156,-1,-1,1,20,0.0,0.0,0.0,0.0,0.0,0.0,0.0,0.0
57061,80,6,428.0,2266.0,428.0,0.0,142.6667,247.1059,2266.0,0.0,566.5,1133.0,11771.0,16950.123,39807.0,4.0,30709.0,15354.5,20030.176,30801.0,121.0,30199.0,10099.0,20875.014,39193.0,4.0,0,0,0,0,0.0,2266.0,0,0,0,1,0,0,0,0,1.0,384.8571,142.6667,566.5,0,0,0,0,0,0,3,428,4,2266,29200,235,1,32,0.0,0.0,0.0,0.0,0.0,0.0,0.0,0.0
61034,53,17,100.0,132.0,52.0,48.0,50.0,2.8284,63.0,69.0,66.0,9.9996,34982676.66,63009502.198,112840243.0,60669.0,112816480.0,112816480.0,0.0,112816480.0,112816480.0,112880451.0,112880451.0,0.0,112880451.0,112880451.0,0,0,0,0,48.0,63.0,0,0,0,0,0,0,0,0,1.0,66.5,50.0,66.0,0,0,0,0,0,0,2,100,2,132,-1,-1,1,32,60522.0,0.0,60522.0,60522.0,112840257.0,0.0,112840257.0,112840257.0
55588,443,6,12.0,0.0,6.0,6.0,6.0,0.0,0.0,0.0,0.0,0.0,183.0,0.0,183.0,183.0,183.0,183.0,0.0,183.0,183.0,0.0,0.0,0.0,0.0,0.0,0,0,0,0,6.0,6.0,0,0,0,0,1,0,0,0,0.0,9.0,6.0,0.0,0,0,0,0,0,0,2,12,0,0,253,-1,1,20,0.0,0.0,0.0,0.0,0.0,0.0,0.0,0.0
50708,443,6,18.0,18.0,6.0,6.0,6.0,0.0,6.0,6.0,6.0,0.0,18016639.8,24635177.853,45009421.0,32428.0,90045898.0,45022949.0,134.824,45026491.0,45020085.0,90056288.0,45022249.0,38428.453,45022243.0,45016736.0,0,0,0,0,6.0,6.0,0,0,0,0,1,0,0,0,1.0,7.0,6.0,6.0,0,0,0,0,0,0,3,18,3,18,252,40958,2,20,36929.5,50.163,36089.0,36636.0,45001417.5,4844.18,45009425.0,47000560.0
443,49083,6,12.0,0.0,6.0,6.0,6.0,0.0,0.0,0.0,0.0,0.0,999807.0,0.0,999807.0,999807.0,999807.0,999807.0,0.0,999807.0,999807.0,0.0,0.0,0.0,0.0,0.0,0,0,0,0,6.0,6.0,0,0,0,0,1,0,0,0,0.0,9.0,6.0,0.0,0,0,0,0,0,0,2,12,0,0,14769,-1,1,20,0.0,0.0,0.0,0.0,0.0,0.0,0.0,0.0
443,33388,6,0.0,0.0,0.0,0.0,0.0,0.0,0.0,0.0,0.0,0.0,47.0,0.0,47.0,47.0,0.0,0.0,0.0,0.0,0.0,0.0,0.0,0.0,0.0,0.0,0,0,0,0,0.0,0.0,0,0,0,0,1,1,0,0,1.0,0.0,0.0,0.0,0,0,0,0,0,0,1,0,1,0,112,360,0,32,0.0,0.0,0.0,0.0,0.0,0.0,0.0,0.0
443,32016,6,0.0,0.0,0.0,0.0,0.0,0.0,0.0,0.0,0.0,0.0,55.0,0.0,55.0,55.0,0.0,0.0,0.0,0.0,0.0,0.0,0.0,0.0,0.0,0.0,0,0,0,0,0.0,0.0,0,0,0,0,1,1,0,0,1.0,0.0,0.0,0.0,0,0,0,0,0,0,1,0,1,0,720,391,0,32,0.0,0.0,0.0,0.0,0.0,0.0,0.0,0.0
60002,53,17,48.0,102.0,48.0,48.0,48.0,0.0,102.0,102.0,102.0,0.0,187877.0,0.0,187877.0,187877.0,0.0,0.0,0.0,0.0,0.0,0.0,0.0,0.0,0.0,0.0,0,0,0,0,48.0,102.0,0,0,0,0,0,0,0,0,1.0,99.0,48.0,102.0,0,0,0,0,0,0,1,48,1,102,-1,-1,0,40,0.0,0.0,0.0,0.0,0.0,0.0,0.0,0.0
443,53989,6,6.0,6.0,6.0,6.0,6.0,0.0,6.0,6.0,6.0,0.0,73.0,0.0,73.0,73.0,0.0,0.0,0.0,0.0,0.0,0.0,0.0,0.0,0.0,0.0,0,0,0,0,6.0,6.0,0,0,0,0,1,1,0,0,1.0,9.0,6.0,6.0,0,0,0,0,0,0,1,6,1,6,18,255,0,20,0.0,0.0,0.0,0.0,0.0,0.0,0.0,0.0
32732,53,17,62.0,160.0,31.0,31.0,31.0,0.0,80.0,80.0,80.0,0.0,110506.66,201226.977,331565.0,1.0,1.0,1.0,0.0,1.0,1.0,3.0,3.0,0.0,3.0,3.0,0,0,0,0,31.0,80.0,0,0,0,0,0,0,0,0,1.0,63.25,31.0,80.0,0,0,0,0,0,0,2,62,2,160,-1,-1,1,32,0.0,0.0,0.0,0.0,0.0,0.0,0.0,0.0
54734,53,17,152.0,176.0,38.0,38.0,38.0,0.0,88.0,88.0,88.0,0.0,6304.4,10481.952,29563.0,3.0,29508.0,6836.33,14358.016,29593.0,3.0,4.0,4.0,0.0,4.0,4.0,0,0,0,0,38.0,88.0,0,0,0,0,0,0,0,0,0.0,66.3333,38.0,88.0,0,0,0,0,0,0,4,152,2,176,-1,-1,3,20,0.0,0.0,0.0,0.0,0.0,0.0,0.0,0.0
443,56962,6,37.0,0.0,37.0,0.0,18.5,26.163,0.0,0.0,0.0,0.0,3.0,0.0,3.0,3.0,3.0,3.0,0.0,3.0,3.0,0.0,0.0,0.0,0.0,0.0,1,0,0,0,0.0,37.0,0,1,0,0,1,0,0,0,0.0,37.0,18.5,0.0,0,0,0,0,0,0,2,37,0,0,116,-1,0,32,0.0,0.0,0.0,0.0,0.0,0.0,0.0,0.0
57408,443,6,2937.0,1196.0,2389.0,0.0,288.125,966.2465,408.0,0.0,114.3,186.2874,571440.35,2123884.166,9969337.0,2.0,15258069.0,1257515.9,3525588.933,9969337.0,75.0,15867630.0,1235960.75,3173249.624,10113226.0,2.0,0,0,0,0,0.0,2389.0,0,0,0,1,0,0,0,0,1.0,219.0771,288.125,114.3,0,0,0,0,0,0,8,2937,10,1196,29200,69,3,32,453793.0,0.0,453793.0,453793.0,9969351.0,0.0,9969331.0,9969351.0
54787,53,17,80.0,112.0,40.0,40.0,40.0,0.0,56.0,56.0,56.0,0.0,56.0,58.779,118.0,3.0,49.0,49.0,0.0,49.0,49.0,3.0,3.0,0.0,3.0,3.0,0,0,0,0,40.0,56.0,0,0,0,0,0,0,0,0,1.0,58.0,40.0,56.0,0,0,0,0,0,0,2,80,2,112,-1,-1,1,20,0.0,0.0,0.0,0.0,0.0,0.0,0.0,0.0
80,50374,6,6.0,6.0,6.0,6.0,6.0,0.0,6.0,6.0,6.0,0.0,74.0,0.0,74.0,74.0,0.0,0.0,0.0,0.0,0.0,0.0,0.0,0.0,0.0,0.0,0,0,0,0,6.0,6.0,0,0,0,0,1,1,0,0,1.0,9.0,6.0,6.0,0,0,0,0,0,0,1,6,1,6,29,256,0,20,0.0,0.0,0.0,0.0,0.0,0.0,0.0,0.0
80,39756,6,6.0,6.0,6.0,6.0,6.0,0.0,6.0,6.0,6.0,0.0,24.0,0.0,24.0,24.0,0.0,0.0,0.0,0.0,0.0,0.0,0.0,0.0,0.0,0.0,0,0,0,0,6.0,6.0,0,0,0,0,1,1,0,0,1.0,9.0,6.0,6.0,0,0,0,0,0,0,1,6,1,6,913,231,0,20,0.0,0.0,0.0,0.0,0.0,0.0,0.0,0.0
60684,53,17,44.0,183.0,44.0,44.0,44.0,0.0,183.0,183.0,183.0,0.0,60206.0,0.0,60206.0,60206.0,0.0,0.0,0.0,0.0,0.0,0.0,0.0,0.0,0.0,0.0,0,0,0,0,44.0,183.0,0,0,0,0,0,0,0,0,1.0,135.5,44.0,183.0,0,0,0,0,0,0,1,44,1,183,-1,-1,0,32,0.0,0.0,0.0,0.0,0.0,0.0,0.0,0.0
35957,53,17,60.0,264.0,30.0,30.0,30.0,0.0,132.0,132.0,132.0,0.0,28045.33,48289.481,84188.0,2.0,4.0,4.0,0.0,4.0,4.0,2.0,2.0,0.0,2.0,2.0,0,0,0,0,30.0,132.0,0,0,0,0,0,0,0,0,1.0,88.5,30.0,132.0,0,0,0,0,0,0,2,60,2,264,-1,-1,1,32,0.0,0.0,0.0,0.0,0.0,0.0,0.0,0.0
50675,80,6,375.0,508.0,329.0,0.0,75.0,168.2836,586.0,0.0,121.6,245.228,469197.57,1125283.345,3512052.0,10.0,3892295.0,746295.25,1469777.505,3512052.0,34548.0,3285966.0,1695192.0,2296671.211,3594787.0,20421.0,0,0,0,0,0.0,586.0,0,0,0,1,0,0,0,0,0.0,92.9,75.0,121.6,0,0,0,0,0,0,5,375,5,508,29200,110,1,20,0.0,0.0,0.0,0.0,0.0,0.0,0.0,0.0
53759,443,6,1067.0,2098.0,517.0,0.0,152.2857,230.8312,1390.0,2.0,639.4545,696.5066,191406.41,228395.009,700817.0,6.0,1052917.0,296320.83,446873.966,700877.0,132.0,1040106.0,132025.6,331420.672,905334.0,79.0,0,0,0,0,0.0,1390.0,0,0,0,1,0,0,0,0,1.0,394.1571,152.2857,639.4545,0,0,0,0,0,0,7,1067,6,2098,8192,31088,6,20,0.0,0.0,0.0,0.0,0.0,0.0,0.0,0.0
59593,443,6,4032.0,4881.0,2804.0,0.0,369.3333,840.0762,1459.0,2.0,436.8667,616.4208,519717.57,2382702.171,9938643.0,124.0,11570993.0,1169229.63,3350684.892,9938643.0,223.0,11381753.0,1040194.9,3100973.082,10098921.0,250.0,0,0,0,0,0.0,2804.0,0,0,0,1,0,0,0,0,1.0,442.3547,369.3333,436.8667,0,0,0,0,0,0,12,4032,12,4881,8192,65535,11,20,1089501.0,0.0,1089501.0,1089501.0,9938672.0,0.0,9938642.0,9938672.0
54962,53,17,80.0,202.0,40.0,40.0,40.0,0.0,101.0,101.0,101.0,0.0,16247.66,28381.57,48637.0,3.0,3.0,3.0,0.0,3.0,3.0,3.0,3.0,0.0,3.0,3.0,0,0,0,0,40.0,101.0,0,0,0,0,0,0,0,0,1.0,80.5,40.0,101.0,0,0,0,0,0,0,2,80,2,202,-1,-1,1,20,0.0,0.0,0.0,0.0,0.0,0.0,0.0,0.0
59300,443,6,707.0,3049.0,469.0,0.0,58.9167,135.742,1413.0,0.0,482.125,666.7411,14112.35,25138.483,83966.0,0.0,283803.0,23582.31,24671.313,85965.0,0.0,190065.0,28661.85,37935.929,76124.0,1.0,0,0,0,0,0.0,1413.0,0,0,0,1,0,0,0,0,0.0,217.8,58.9167,482.125,0,0,0,0,0,0,12,707,8,3049,65535,357,5,32,0.0,0.0,0.0,0.0,0.0,0.0,0.0,0.0
60301,53,17,84.0,310.0,84.0,84.0,84.0,0.0,310.0,310.0,310.0,0.0,31194.0,0.0,31194.0,31194.0,0.0,0.0,0.0,0.0,0.0,0.0,0.0,0.0,0.0,0.0,0,0,0,0,84.0,310.0,0,0,0,0,0,0,0,0,1.0,259.0,84.0,310.0,0,0,0,0,0,0,1,84,1,310,-1,-1,0,32,0.0,0.0,0.0,0.0,0.0,0.0,0.0,0.0
443,57064,6,37.0,0.0,37.0,0.0,18.5,26.163,0.0,0.0,0.0,0.0,3.0,0.0,3.0,3.0,3.0,3.0,0.0,3.0,3.0,0.0,0.0,0.0,0.0,0.0,1,0,0,0,0.0,37.0,0,1,0,0,1,0,0,0,0.0,37.0,18.5,0.0,0,0,0,0,0,0,2,37,0,0,972,-1,0,32,0.0,0.0,0.0,0.0,0.0,0.0,0.0,0.0
54629,443,6,997.0,6982.0,517.0,0.0,86.7,160.4076,1885.0,0.0,604.2308,810.4051,6702.91,10242.031,36867.0,1.0,167106.0,14812.11,14108.695,36678.0,1.0,108003.0,14684.38,25302.78,58507.0,1.0,0,0,0,0,0.0,1885.0,0,0,0,1,0,0,0,0,0.0,335.0477,86.7,604.2308,0,0,0,0,0,0,10,997,13,6982,65535,243,5,32,0.0,0.0,0.0,0.0,0.0,0.0,0.0,0.0
59690,443,6,896.0,327.0,645.0,0.0,89.6,201.1032,189.0,0.0,87.4,91.7515,20453.78,36245.35,86966.0,3.0,286104.0,32267.77,43732.541,96971.0,3.0,185690.0,47224.5,44023.64,87708.0,325.0,0,0,0,0,0.0,645.0,0,0,0,1,0,0,0,0,0.0,89.8,89.6,87.4,0,0,0,0,0,0,10,896,5,327,65535,115,5,32,0.0,0.0,0.0,0.0,0.0,0.0,0.0,0.0
41962,443,6,12.0,0.0,6.0,6.0,6.0,0.0,0.0,0.0,0.0,0.0,1.0,0.0,1.0,1.0,1.0,1.0,0.0,1.0,1.0,0.0,0.0,0.0,0.0,0.0,0,0,0,0,6.0,6.0,1,0,0,0,0,0,0,0,0.0,9.0,6.0,0.0,0,0,0,0,0,0,2,12,0,0,0,-1,1,20,0.0,0.0,0.0,0.0,0.0,0.0,0.0,0.0
443,48334,6,0.0,0.0,0.0,0.0,0.0,0.0,0.0,0.0,0.0,0.0,4.0,0.0,4.0,4.0,4.0,4.0,0.0,4.0,4.0,0.0,0.0,0.0,0.0,0.0,0,0,0,0,0.0,0.0,0,0,0,0,1,0,0,0,0.0,0.0,0.0,0.0,0,0,0,0,0,0,2,0,0,0,110,-1,0,32,0.0,0.0,0.0,0.0,0.0,0.0,0.0,0.0
61430,443,6,704.0,1327.0,453.0,0.0,70.4,142.9399,1189.0,0.0,265.4,519.7546,49406.35,74723.106,216763.0,3.0,891333.0,51438.33,145344.687,216763.0,3.0,874425.0,296804.25,239720.346,334164.0,212.0,0,0,0,0,0.0,1189.0,0,0,0,1,0,0,0,0,0.0,135.4,70.4,265.4,0,0,0,0,0,0,10,704,5,1327,65535,114,5,32,0.0,0.0,0.0,0.0,0.0,0.0,0.0,0.0
60567,53,17,59.0,117.0,59.0,59.0,59.0,0.0,117.0,117.0,117.0,0.0,32630.0,0.0,32630.0,32630.0,0.0,0.0,0.0,0.0,0.0,0.0,0.0,0.0,0.0,0.0,0,0,0,0,59.0,117.0,0,0,0,0,0,0,0,0,1.0,117.5,59.0,117.0,0,0,0,0,0,0,1,59,1,117,-1,-1,0,20,0.0,0.0,0.0,0.0,0.0,0.0,0.0,0.0
62370,53,17,60.0,166.0,30.0,30.0,30.0,0.0,83.0,83.0,83.0,0.0,41669.0,71033.015,124911.0,3.0,3.0,3.0,0.0,3.0,3.0,3.0,3.0,0.0,3.0,3.0,0,0,0,0,30.0,83.0,0,0,0,0,0,0,0,0,1.0,64.0,30.0,83.0,0,0,0,0,0,0,2,60,2,166,-1,-1,1,32,0.0,0.0,0.0,0.0,0.0,0.0,0.0,0.0
443,51491,6,0.0,18.0,0.0,0.0,0.0,0.0,6.0,6.0,6.0,0.0,45331.25,90480.309,186514.0,1.0,186523.0,186523.0,0.0,186523.0,186523.0,4.0,2.0,1.414,3.0,1.0,0,0,0,0,0.0,6.0,0,0,0,0,1,0,0,0,1.0,3.6,0.0,6.0,0,0,0,0,0,0,2,0,3,18,116,0,0,32,0.0,0.0,0.0,0.0,0.0,0.0,0.0,0.0
28658,53,17,46.0,46.0,23.0,23.0,23.0,0.0,23.0,23.0,23.0,0.0,47.0,78.214,133.0,0.0,1.0,1.0,0.0,1.0,1.0,0.0,0.0,0.0,0.0,0.0,0,0,0,0,23.0,23.0,0,0,0,0,0,0,0,0,1.0,28.75,23.0,23.0,0,0,0,0,0,0,2,46,2,46,-1,-1,1,32,0.0,0.0,0.0,0.0,0.0,0.0,0.0,0.0
54692,80,6,437.0,859.0,437.0,0.0,145.6667,252.3021,859.0,0.0,214.75,429.5,7953.16,11950.232,23456.0,4.0,23563.0,11781.5,16264.379,23474.0,270.0,24262.0,8020.66,13730.54,23460.0,4.0,0,0,0,0,0.0,859.0,0,0,0,1,0,0,0,0,1.0,185.1429,145.6667,214.75,0,0,0,0,0,0,3,437,4,859,29200,31,1,32,0.0,0.0,0.0,0.0,0.0,0.0,0.0,0.0
59194,53,17,62.0,254.0,31.0,31.0,31.0,0.0,127.0,127.0,127.0,0.0,62.33,104.491,181.0,3.0,4.0,4.0,0.0,4.0,4.0,3.0,3.0,0.0,3.0,3.0,0,0,0,0,31.0,127.0,0,0,0,0,0,0,0,0,1.0,86.75,31.0,127.0,0,0,0,0,0,0,2,62,2,254,-1,-1,1,20,0.0,0.0,0.0,0.0,0.0,0.0,0.0,0.0
60966,53,17,58.0,139.0,58.0,58.0,58.0,0.0,139.0,139.0,139.0,0.0,23343.0,0.0,23343.0,23343.0,0.0,0.0,0.0,0.0,0.0,0.0,0.0,0.0,0.0,0.0,0,0,0,0,58.0,139.0,0,0,0,0,0,0,0,0,1.0,127.5,58.0,139.0,0,0,0,0,0,0,1,58,1,139,-1,-1,0,32,0.0,0.0,0.0,0.0,0.0,0.0,0.0,0.0
61953,53,17,55.0,342.0,55.0,55.0,55.0,0.0,342.0,342.0,342.0,0.0,151763.0,0.0,151763.0,151763.0,0.0,0.0,0.0,0.0,0.0,0.0,0.0,0.0,0.0,0.0,0,0,0,0,55.0,342.0,0,0,0,0,0,0,0,0,1.0,226.0,55.0,342.0,0,0,0,0,0,0,1,55,1,342,-1,-1,0,32,0.0,0.0,0.0,0.0,0.0,0.0,0.0,0.0
60618,53,17,55.0,71.0,55.0,55.0,55.0,0.0,71.0,71.0,71.0,0.0,191620.0,0.0,191620.0,191620.0,0.0,0.0,0.0,0.0,0.0,0.0,0.0,0.0,0.0,0.0,0,0,0,0,55.0,71.0,0,0,0,0,0,0,0,0,1.0,90.5,55.0,71.0,0,0,0,0,0,0,1,55,1,71,-1,-1,0,20,0.0,0.0,0.0,0.0,0.0,0.0,0.0,0.0
443,56277,6,37.0,0.0,37.0,0.0,18.5,26.163,0.0,0.0,0.0,0.0,4.0,0.0,4.0,4.0,4.0,4.0,0.0,4.0,4.0,0.0,0.0,0.0,0.0,0.0,1,0,0,0,0.0,37.0,0,1,0,0,1,0,0,0,0.0,37.0,18.5,0.0,0,0,0,0,0,0,2,37,0,0,1020,-1,0,32,0.0,0.0,0.0,0.0,0.0,0.0,0.0,0.0
55851,80,6,18.0,0.0,6.0,6.0,6.0,0.0,0.0,0.0,0.0,0.0,18007998.2,24662740.133,45000526.0,14576.0,90023784.0,45011892.0,7995.552,45015849.0,45010446.0,90024405.0,45014102.5,3517.945,45013020.0,45012177.0,0,0,0,0,0.0,6.0,0,0,0,0,1,0,0,0,1.0,4.0,6.0,0.0,0,0,0,0,0,0,3,18,3,0,256,66,2,20,23121.5,144.082,23115.0,23181.0,45000096.0,2350.37,45000526.0,45000373.0
40819,443,6,995.0,72742.0,384.0,0.0,27.697,75.7652,4344.0,0.0,1757.131,967.1795,806402.06,2757155.597,10021019.0,1.0,116782182.0,2276110.59,4157044.401,10044025.0,1.0,110549904.0,1737825.41,3598489.673,10048125.0,1.0,0,0,0,0,0.0,4344.0,0,0,0,1,0,0,0,0,1.0,991.493,27.692,1757.131,0,0,0,0,0,0,62,995,98,72742,29200,6,4,32,46620.41,40408.119,162643.0,36103.0,9648406.66,1309796.552,10021018.0,5592983.0
49443,53,17,78.0,110.0,39.0,39.0,39.0,0.0,55.0,55.0,55.0,0.0,10319.33,17869.066,30954.0,3.0,3.0,3.0,0.0,3.0,3.0,4.0,4.0,0.0,4.0,4.0,0,0,0,0,39.0,55.0,0,0,0,0,0,0,0,0,1.0,56.75,39.0,55.0,0,0,0,0,0,0,2,78,2,110,-1,-1,1,32,0.0,0.0,0.0,0.0,0.0,0.0,0.0,0.0
59669,53,17,68.0,100.0,34.0,34.0,34.0,0.0,50.0,50.0,50.0,0.0,60.33,60.095,122.0,4.0,47.0,47.0,0.0,47.0,47.0,4.0,4.0,0.0,4.0,4.0,0,0,0,0,34.0,50.0,0,0,0,0,0,0,0,0,1.0,50.5,34.0,50.0,0,0,0,0,0,0,2,68,2,100,-1,-1,1,32,0.0,0.0,0.0,0.0,0.0,0.0,0.0,0.0
1638,80,6,6.0,6.0,6.0,6.0,6.0,0.0,6.0,6.0,6.0,0.0,4.0,0.0,4.0,4.0,0.0,0.0,0.0,0.0,0.0,0.0,0.0,0.0,0.0,0.0,0,0,0,0,6.0,6.0,0,0,0,0,1,0,0,0,1.0,9.0,6.0,6.0,0,0,0,0,0,0,1,6,1,6,254,323,0,20,0.0,0.0,0.0,0.0,0.0,0.0,0.0,0.0
63087,53,17,46.0,46.0,23.0,23.0,23.0,0.0,23.0,23.0,23.0,0.0,57.0,96.517,164.0,1.0,1.0,1.0,0.0,1.0,1.0,1.0,1.0,0.0,1.0,1.0,0,0,0,0,23.0,23.0,0,0,0,0,0,0,0,0,1.0,28.75,23.0,23.0,0,0,0,0,0,0,2,46,2,46,-1,-1,1,40,0.0,0.0,0.0,0.0,0.0,0.0,0.0,0.0
54461,80,6,0.0,0.0,0.0,0.0,0.0,0.0,0.0,0.0,0.0,0.0,318487.5,537329.389,1228080.0,50.0,1279233.0,639616.5,738353.951,1228050.0,23863.0,0.0,0.0,0.0,0.0,0.0,0,0,0,0,0.0,0.0,0,0,0,1,0,0,0,0,0.0,0.0,0.0,0.0,0,0,0,0,0,0,3,0,0,0,29200,-1,0,32,0.0,0.0,0.0,0.0,0.0,0.0,0.0,0.0
55703,443,6,803.0,698.0,485.0,0.0,133.3333,192.9971,501.0,0.0,87.25,176.542,94605.09,265041.069,976971.0,1.0,255683.0,77546.6,48289.993,114525.0,145.0,1151865.0,164820.14,370745.646,1000671.0,1.0,0,0,0,0,0.0,501.0,0,0,0,1,0,0,0,0,1.0,107.0,133.3333,87.25,0,0,0,0,0,0,6,803,8,698,8192,5168,5,20,0.0,0.0,0.0,0.0,0.0,0.0,0.0,0.0
61703,53,17,53.0,157.0,53.0,53.0,53.0,0.0,157.0,157.0,157.0,0.0,60672.0,0.0,60672.0,60672.0,0.0,0.0,0.0,0.0,0.0,0.0,0.0,0.0,0.0,0.0,0,0,0,0,53.0,157.0,0,0,0,0,0,0,0,0,1.0,131.5,53.0,157.0,0,0,0,0,0,0,1,53,1,157,-1,-1,0,20,0.0,0.0,0.0,0.0,0.0,0.0,0.0,0.0
49650,80,6,349.0,598.0,349.0,0.0,69.8,146.7856,598.0,0.0,147.6667,236.3238,9719.78,14407.921,32552.0,14.0,63712.0,16973.5,14606.024,32309.0,379.0,35946.0,18488.0,20307.483,32702.0,2395.0,0,0,0,0,0.0,598.0,0,0,0,1,0,0,0,0,0.0,102.125,69.8,147.6667,0,0,0,0,0,0,5,349,3,598,65535,118,1,32,0.0,0.0,0.0,0.0,0.0,0.0,0.0,0.0
42446,443,6,0.0,0.0,0.0,0.0,0.0,0.0,0.0,0.0,0.0,0.0,15226.0,0.0,15226.0,15226.0,0.0,0.0,0.0,0.0,0.0,0.0,0.0,0.0,0.0,0.0,0,0,0,0,0.0,0.0,0,0,0,0,1,1,0,0,1.0,0.0,0.0,0.0,0,0,0,0,0,0,1,0,1,0,304,75,0,32,0.0,0.0,0.0,0.0,0.0,0.0,0.0,0.0
52508,443,6,617.0,164.0,517.0,0.0,88.1429,189.989,152.0,0.0,41.0,74.054,538297.5,1557159.987,4974896.0,3.0,5056305.0,883886.83,2038134.845,4930778.0,3.0,79856.0,26915.0,30382.43,59615.0,204.0,0,0,0,0,0.0,517.0,0,0,0,1,0,0,0,0,0.0,71.0,88.1429,41.0,0,0,0,0,0,0,7,617,4,164,29200,30,6,20,0.0,0.0,0.0,0.0,0.0,0.0,0.0,0.0
56037,443,6,1007.0,4058.0,405.0,0.0,71.4615,108.0068,1430.0,0.0,206.25,482.7586,4737881.31,16980187.42,58610361.0,1.0,117497295.0,9787368.58,21856664.376,58680461.0,26.0,117183903.0,9798530.05,22497269.102,58740233.0,1.0,0,0,0,0,0.0,1430.0,0,0,0,1,0,0,0,0,1.0,142.9562,71.4615,206.25,0,0,0,0,0,0,13,1007,12,4058,8192,360,12,20,136613.5,95197.129,191797.0,73436.0,57183656.5,335307.156,58610368.0,58613848.0
60632,53,17,52.0,68.0,52.0,52.0,52.0,0.0,68.0,68.0,68.0,0.0,30398.0,0.0,30398.0,30398.0,0.0,0.0,0.0,0.0,0.0,0.0,0.0,0.0,0.0,0.0,0,0,0,0,52.0,68.0,0,0,0,0,0,0,0,0,1.0,86.0,52.0,68.0,0,0,0,0,0,0,1,52,1,68,-1,-1,0,32,0.0,0.0,0.0,0.0,0.0,0.0,0.0,0.0
36463,443,6,941.0,22323.0,692.0,0.0,43.1059,150.8705,1448.0,0.0,1082.5556,565.8759,2034265.32,4024617.856,10216271.0,3.0,115020757.0,4005829.68,5011668.058,10240012.0,3.0,112572656.0,3634055.75,5070608.627,10240179.0,48.0,0,0,0,0,0.0,1448.0,0,0,0,1,0,0,0,0,1.0,597.5795,43.1059,1082.5556,0,0,0,0,0,0,28,941,31,22323,29200,974,4,32,47076.18,55797.488,265919.0,21909.0,10199451.36,59428.921,10216279.0,10087616.0
56191,443,6,720.0,1295.0,469.0,0.0,72.0,147.7084,1157.0,0.0,259.0,505.5413,19977.21,36802.4,87272.0,4.0,277893.0,30525.0,45002.901,90832.0,4.0,173472.0,45578.0,49746.609,88036.0,471.0,0,0,0,0,0.0,1157.0,0,0,0,1,0,0,0,0,0.0,134.3333,72.0,259.0,0,0,0,0,0,0,10,720,5,1295,65535,114,5,32,0.0,0.0,0.0,0.0,0.0,0.0,0.0,0.0
60838,53,17,84.0,162.0,84.0,84.0,84.0,0.0,162.0,162.0,162.0,0.0,30570.0,0.0,30570.0,30570.0,0.0,0.0,0.0,0.0,0.0,0.0,0.0,0.0,0.0,0.0,0,0,0,0,84.0,162.0,0,0,0,0,0,0,0,0,1.0,165.0,84.0,162.0,0,0,0,0,0,0,1,84,1,162,-1,-1,0,20,0.0,0.0,0.0,0.0,0.0,0.0,0.0,0.0
53695,443,6,927.0,4534.0,453.0,0.0,73.2,132.4558,1448.0,0.0,503.0,697.3558,19706.59,33731.448,135894.0,1.0,296843.0,39555.22,49190.784,135894.0,1.0,160680.0,27637.22,34136.013,62768.0,3.0,0,0,0,0,0.0,1448.0,0,0,0,1,0,0,0,0,0.0,257.4084,73.2,503.0,0,0,0,0,0,0,15,927,9,4534,65535,122,6,32,0.0,0.0,0.0,0.0,0.0,0.0,0.0,0.0
49622,443,6,135.0,46.0,46.0,6.0,27.0,20.1246,46.0,46.0,46.0,0.0,1140029.4,2481851.551,5452055.0,3.0,5519259.0,1304839.25,2632389.616,5452055.0,3.0,0.0,0.0,0.0,0.0,0.0,1,0,0,0,6.0,46.0,0,1,0,0,1,0,0,0,0.0,37.8333,27.0,46.0,0,0,0,0,0,0,5,135,1,46,258,360,4,20,67870.0,0.0,67870.0,67870.0,5452008.0,0.0,5452008.0,5452008.0
80,46494,6,989.0,0.0,944.0,0.0,860.3333,950.8702,0.0,0.0,0.0,0.0,2.0,1.414,3.0,0.0,4.0,2.0,1.414,3.0,0.0,0.0,0.0,0.0,0.0,0.0,0,0,0,0,0.0,944.0,0,0,0,0,1,0,0,0,0.0,481.3333,860.3333,0.0,0,0,0,0,0,0,3,989,0,0,29,-1,1,32,0.0,0.0,0.0,0.0,0.0,0.0,0.0,0.0
50162,443,6,758.0,4893.0,378.0,0.0,67.5714,116.1811,1448.0,0.0,419.0,605.5475,48877.67,103442.953,460813.0,3.0,1223247.0,74936.46,153979.923,460813.0,3.0,701334.0,136702.44,219593.523,500543.0,48.0,0,0,0,0,0.0,1448.0,0,0,0,1,0,0,0,0,0.0,214.3117,67.5714,419.0,0,0,0,0,0,0,14,758,8,4893,65535,79,6,32,0.0,0.0,0.0,0.0,0.0,0.0,0.0,0.0
60836,53,17,52.0,68.0,52.0,52.0,52.0,0.0,68.0,68.0,68.0,0.0,23553.0,0.0,23553.0,23553.0,0.0,0.0,0.0,0.0,0.0,0.0,0.0,0.0,0.0,0.0,0,0,0,0,52.0,68.0,0,0,0,0,0,0,0,0,1.0,86.0,52.0,68.0,0,0,0,0,0,0,1,52,1,68,-1,-1,0,32,0.0,0.0,0.0,0.0,0.0,0.0,0.0,0.0
5719,53,17,92.0,170.0,46.0,46.0,46.0,0.0,85.0,85.0,85.0,0.0,78.33,138.966,231.0,1.0,1.0,1.0,0.0,1.0,1.0,1.0,1.0,0.0,1.0,1.0,0,0,0,0,46.0,85.0,0,0,0,0,0,0,0,0,1.0,77.0,46.0,85.0,0,0,0,0,0,0,2,92,2,170,-1,-1,1,32,0.0,0.0,0.0,0.0,0.0,0.0,0.0,0.0
61309,53,17,51.0,112.0,51.0,51.0,51.0,0.0,112.0,112.0,112.0,0.0,47690.0,0.0,47690.0,47690.0,0.0,0.0,0.0,0.0,0.0,0.0,0.0,0.0,0.0,0.0,0,0,0,0,51.0,112.0,0,0,0,0,0,0,0,0,1.0,107.0,51.0,112.0,0,0,0,0,0,0,1,51,1,112,-1,-1,0,32,0.0,0.0,0.0,0.0,0.0,0.0,0.0,0.0
443,51894,6,0.0,18.0,0.0,0.0,0.0,0.0,6.0,6.0,6.0,0.0,71.33,125.971,201.0,1.0,0.0,0.0,0.0,0.0,0.0,4.0,2.0,1.414,3.0,1.0,0,0,0,0,0.0,6.0,0,0,0,0,1,0,0,0,3.0,4.5,0.0,6.0,0,0,0,0,0,0,1,0,3,18,1542,0,0,32,0.0,0.0,0.0,0.0,0.0,0.0,0.0,0.0
49480,443,6,4381.0,62567.0,517.0,0.0,90.7882,166.5161,4124.0,0.0,1339.9858,685.9424,475838.18,2031506.213,10000026.0,3.0,51417629.0,905660.97,2950604.765,10051620.0,3.0,61466596.0,889435.4,2861648.233,10058733.0,45.0,0,0,0,0,0.0,4124.0,0,0,0,1,0,0,0,0,1.0,880.5609,90.7882,1339.9858,0,0,0,0,0,0,47,4381,51,62567,29200,58,9,32,337262.6,796577.003,1789400.0,55008.0,9957862.5,5589.342,10000027.0,9998448.0
43861,80,6,433.0,1962.0,433.0,0.0,28.5556,106.75,1962.0,0.0,160.9737,583.6387,4211367.57,4903484.627,10200315.0,67.0,116315339.0,7710809.46,4366470.513,10240033.0,404.0,112861178.0,9697305.38,2825011.114,10240667.0,1033.0,0,0,0,0,0.0,1962.0,0,0,0,1,0,0,0,0,0.0,74.8,28.5556,160.9737,0,0,0,0,0,0,17,433,14,1962,29200,939,1,32,25307.72,12896.107,49318.0,23519.0,10201380.0,38516.159,10200319.0,10006781.0
22749,53,17,104.0,220.0,52.0,52.0,52.0,0.0,110.0,110.0,110.0,0.0,70.66,110.573,206.0,3.0,4.0,4.0,0.0,4.0,4.0,3.0,3.0,0.0,3.0,3.0,0,0,0,0,52.0,110.0,0,0,0,0,0,0,0,0,1.0,94.0,52.0,110.0,0,0,0,0,0,0,2,104,2,220,-1,-1,1,32,0.0,0.0,0.0,0.0,0.0,0.0,0.0,0.0
53265,443,6,1340.0,4498.0,713.0,0.0,98.0,215.6441,1400.0,0.0,499.9222,589.4792,4263978.72,16429629.528,58623032.0,2.0,118761796.0,9747967.6,22946086.828,58623032.0,31.0,118745621.0,10363944.0,23812981.913,58785030.0,3.0,0,0,0,0,0.0,1400.0,0,0,0,1,0,0,0,0,0.0,288.4637,98.0,499.9222,0,0,0,0,0,0,14,1340,13,4498,29200,128,8,32,203159.5,65134.953,286417.0,273936.0,58470780.5,255383.461,58623037.0,58215431.0
61503,53,17,55.0,92.0,55.0,55.0,55.0,0.0,92.0,92.0,92.0,0.0,47809.0,0.0,47809.0,47809.0,0.0,0.0,0.0,0.0,0.0,0.0,0.0,0.0,0.0,0.0,0,0,0,0,55.0,92.0,0,0,0,0,0,0,0,0,1.0,101.0,55.0,92.0,0,0,0,0,0,0,1,55,1,92,-1,-1,0,20,0.0,0.0,0.0,0.0,0.0,0.0,0.0,0.0
34962,443,6,384.0,5014.0,192.0,0.0,38.4,67.4193,1308.0,0.0,855.1429,690.7202,343195.27,1330946.176,5128321.0,8.0,5464707.0,651714.55,1705777.841,5128321.0,48.0,340336.0,57517.66,98978.823,188234.0,202.0,0,0,0,0,0.0,1308.0,0,0,0,1,0,0,0,0,0.0,390.5086,38.4,855.1429,0,0,0,0,0,0,10,384,7,5014,29200,110,3,32,179437.0,0.0,179437.0,179437.0,5128323.0,0.0,5128323.0,5128323.0
47843,53,17,74.0,262.0,37.0,37.0,37.0,0.0,131.0,131.0,131.0,0.0,20302.66,35162.423,60902.0,3.0,3.0,3.0,0.0,3.0,3.0,49.0,49.0,0.0,49.0,49.0,0,0,0,0,37.0,131.0,0,0,0,0,0,0,0,0,1.0,93.25,37.0,131.0,0,0,0,0,0,0,2,74,2,262,-1,-1,1,32,0.0,0.0,0.0,0.0,0.0,0.0,0.0,0.0
57702,443,6,580.0,164.0,517.0,0.0,116.0,225.1011,152.0,0.0,41.0,74.054,1132831.12,5305857.639,11719297.0,86.0,11810497.0,2415399.75,5722566.319,11861342.0,165.0,82742.0,27580.33,32825.861,63702.0,256.0,0,0,0,0,0.0,517.0,0,0,0,1,0,0,0,0,0.0,82.6667,116.0,41.0,0,0,0,0,0,0,5,580,4,164,8192,946,4,20,0.0,0.0,0.0,0.0,0.0,0.0,0.0,0.0
3685,53,17,94.0,220.0,47.0,47.0,47.0,0.0,110.0,110.0,110.0,0.0,81.0,138.547,249.0,1.0,1.0,1.0,0.0,1.0,1.0,2.0,2.0,0.0,2.0,2.0,0,0,0,0,47.0,110.0,0,0,0,0,0,0,0,0,1.0,90.25,47.0,110.0,0,0,0,0,0,0,2,94,2,220,-1,-1,1,32,0.0,0.0,0.0,0.0,0.0,0.0,0.0,0.0
443,53685,6,37.0,0.0,31.0,6.0,18.5,17.6777,0.0,0.0,0.0,0.0,3.0,0.0,3.0,3.0,3.0,3.0,0.0,3.0,3.0,0.0,0.0,0.0,0.0,0.0,1,0,0,0,6.0,31.0,0,1,0,0,1,0,0,0,0.0,34.0,18.5,0.0,0,0,0,0,0,0,2,37,0,0,16,-1,1,20,0.0,0.0,0.0,0.0,0.0,0.0,0.0,0.0
51683,443,6,576.0,248.0,517.0,0.0,114.4,225.8192,176.0,0.0,41.0,81.5418,1396370.0,3417970.07,17411374.0,98.0,17548370.0,2192537.5,5790350.671,17464574.0,194.0,90182.0,35020.0,21452.301,67113.0,62504.0,0,0,0,0,0.0,517.0,0,0,0,1,0,0,0,0,0.0,89.125,114.4,41.0,0,0,0,0,0,0,5,576,3,248,8192,119,4,20,0.0,0.0,0.0,0.0,0.0,0.0,0.0,0.0
51511,53,17,76.0,132.0,38.0,38.0,38.0,0.0,66.0,66.0,66.0,0.0,59.0,60.841,125.0,3.0,3.0,3.0,0.0,3.0,3.0,48.0,48.0,0.0,48.0,48.0,0,0,0,0,38.0,66.0,0,0,0,0,0,0,0,0,1.0,61.5,38.0,66.0,0,0,0,0,0,0,2,76,2,132,-1,-1,1,32,0.0,0.0,0.0,0.0,0.0,0.0,0.0,0.0
35772,443,6,750.0,3950.0,267.0,0.0,78.1111,103.8864,1448.0,0.0,359.0909,569.9183,51406.13,105750.917,295475.0,7.0,857114.0,81278.75,155988.642,496428.0,212.0,895461.0,93822.1,115297.576,385428.0,49.0,0,0,0,0,0.0,1448.0,0,0,0,1,0,0,0,0,1.0,232.65,78.1111,359.0909,0,0,0,0,0,0,9,750,11,3950,29200,254,4,32,0.0,0.0,0.0,0.0,0.0,0.0,0.0,0.0
58624,53,17,64.0,158.0,32.0,32.0,32.0,0.0,79.0,79.0,79.0,0.0,63.33,109.209,193.0,4.0,4.0,4.0,0.0,4.0,4.0,4.0,4.0,0.0,4.0,4.0,0,0,0,0,32.0,79.0,0,0,0,0,0,0,0,0,1.0,63.5,32.0,79.0,0,0,0,0,0,0,2,64,2,158,-1,-1,1,20,0.0,0.0,0.0,0.0,0.0,0.0,0.0,0.0
443,56887,6,0.0,0.0,0.0,0.0,0.0,0.0,0.0,0.0,0.0,0.0,36.0,0.0,36.0,36.0,0.0,0.0,0.0,0.0,0.0,0.0,0.0,0.0,0.0,0.0,0,0,0,0,0.0,0.0,0,0,0,0,1,0,0,0,1.0,0.0,0.0,0.0,0,0,0,0,0,0,1,0,1,0,349,32832,0,32,0.0,0.0,0.0,0.0,0.0,0.0,0.0,0.0
56576,53,17,74.0,106.0,37.0,37.0,37.0,0.0,53.0,53.0,53.0,0.0,52.0,89.502,150.0,3.0,3.0,3.0,0.0,3.0,3.0,4.0,4.0,0.0,4.0,4.0,0,0,0,0,37.0,53.0,0,0,0,0,0,0,0,0,1.0,54.25,37.0,53.0,0,0,0,0,0,0,2,74,2,106,-1,-1,1,32,0.0,0.0,0.0,0.0,0.0,0.0,0.0,0.0
51428,443,6,974.0,19076.0,453.0,0.0,60.2381,123.3161,2896.0,0.0,1229.6316,935.32,13112.69,32180.217,143460.0,1.0,335910.0,23127.81,49766.322,143558.0,1.0,309347.0,18459.13,59413.166,172672.0,47.0,0,0,0,0,0.0,2896.0,0,0,0,1,0,0,0,0,0.0,583.0577,60.2381,1229.6316,0,0,0,0,0,0,19,974,17,19076,65535,972,6,32,0.0,0.0,0.0,0.0,0.0,0.0,0.0,0.0
4117,443,6,939.0,7381.0,453.0,0.0,60.9,123.3457,1673.0,0.0,451.5455,676.4659,2301617.33,4279954.272,10000301.0,35.0,61319848.0,4350554.34,5166212.516,10055456.0,261.0,61354596.0,5091294.43,5290724.344,10050878.0,210.0,0,0,0,0,0.0,1673.0,0,0,0,1,0,0,0,0,1.0,289.2377,60.9,451.5455,0,0,0,0,0,0,15,939,16,7381,8192,123,14,20,99543.83,112833.478,419324.0,51095.0,9997493.83,89028.359,10000305.0,9927956.0
64579,443,6,932.0,3041.0,553.0,0.0,105.1429,190.8246,1400.0,0.0,428.125,514.8504,59258.42,106541.221,350226.0,89.0,603654.0,100358.66,122665.781,360223.0,208.0,926611.0,106682.42,237992.469,665684.0,214.0,0,0,0,0,0.0,1400.0,0,0,0,1,0,0,0,0,0.0,266.5363,105.1429,428.125,0,0,0,0,0,0,7,932,8,3041,8192,20232,6,20,0.0,0.0,0.0,0.0,0.0,0.0,0.0,0.0
443,58161,6,0.0,0.0,0.0,0.0,0.0,0.0,0.0,0.0,0.0,0.0,19.5,21.11,36.0,1.0,1.0,1.0,0.0,1.0,1.0,0.0,0.0,0.0,0.0,0.0,0,0,0,0,0.0,0.0,0,0,0,0,1,1,0,0,0.0,0.0,0.0,0.0,0,0,0,0,0,0,2,0,1,0,362,32832,0,32,0.0,0.0,0.0,0.0,0.0,0.0,0.0,0.0
64580,443,6,5320.0,11464.0,755.0,0.0,390.0,389.4579,1750.0,0.0,843.4167,695.3489,88258.2,202264.832,969876.0,0.0,7071270.0,162987.54,308180.62,968076.0,123.0,7000229.0,24.76,210539.264,1969760.0,0.0,0,0,0,0,0.0,1750.0,0,0,0,1,0,0,0,0,1.0,631.4273,390.0,843.4167,0,0,0,0,0,0,17,5320,12,11464,8192,136,16,20,0.0,0.0,0.0,0.0,0.0,0.0,0.0,0.0
60703,53,17,55.0,109.0,55.0,55.0,55.0,0.0,109.0,109.0,109.0,0.0,61247.0,0.0,61247.0,61247.0,0.0,0.0,0.0,0.0,0.0,0.0,0.0,0.0,0.0,0.0,0,0,0,0,55.0,109.0,0,0,0,0,0,0,0,0,1.0,119.5,55.0,109.0,0,0,0,0,0,0,1,55,1,109,-1,-1,0,20,0.0,0.0,0.0,0.0,0.0,0.0,0.0,0.0
44837,53,17,70.0,246.0,35.0,35.0,35.0,0.0,123.0,123.0,123.0,0.0,111.66,167.258,338.0,1.0,1.0,1.0,0.0,1.0,1.0,48.0,48.0,0.0,48.0,48.0,0,0,0,0,35.0,123.0,0,0,0,0,0,0,0,0,1.0,87.75,35.0,123.0,0,0,0,0,0,0,2,70,2,246,-1,-1,1,20,0.0,0.0,0.0,0.0,0.0,0.0,0.0,0.0
61529,443,6,843.0,9040.0,373.0,0.0,54.3125,110.2914,2085.0,0.0,507.0909,791.9189,2242096.8,4187680.398,10011040.0,54.0,62285719.0,4332245.96,4917856.858,10043971.0,185.0,61158834.0,5098093.69,5127591.037,10055429.0,48.0,0,0,0,0,0.0,2085.0,0,0,0,1,0,0,0,0,1.0,306.4,54.3125,507.0909,0,0,0,0,0,0,16,843,13,9040,8192,115,15,20,146375.33,299725.757,821146.0,50561.0,10010784.16,10385.807,10011048.0,9944961.0
31857,443,6,0.0,6.0,0.0,0.0,0.0,0.0,6.0,6.0,6.0,0.0,236285.0,0.0,236285.0,236285.0,0.0,0.0,0.0,0.0,0.0,0.0,0.0,0.0,0.0,0.0,0,0,0,0,0.0,6.0,0,0,0,1,0,0,0,0,1.0,3.0,0.0,6.0,0,0,0,0,0,0,1,0,1,6,29200,0,0,40,0.0,0.0,0.0,0.0,0.0,0.0,0.0,0.0
443,61867,6,37.0,0.0,37.0,0.0,18.5,26.163,0.0,0.0,0.0,0.0,3.0,0.0,3.0,3.0,3.0,3.0,0.0,3.0,3.0,0.0,0.0,0.0,0.0,0.0,1,0,0,0,0.0,37.0,0,1,0,0,1,0,0,0,0.0,37.0,18.5,0.0,0,0,0,0,0,0,2,37,0,0,1120,-1,0,32,0.0,0.0,0.0,0.0,0.0,0.0,0.0,0.0
80,50213,6,6.0,6.0,6.0,6.0,6.0,0.0,6.0,6.0,6.0,0.0,23.0,0.0,23.0,23.0,0.0,0.0,0.0,0.0,0.0,0.0,0.0,0.0,0.0,0.0,0,0,0,0,6.0,6.0,0,0,0,0,1,1,0,0,1.0,9.0,6.0,6.0,0,0,0,0,0,0,1,6,1,6,129,16425,0,20,0.0,0.0,0.0,0.0,0.0,0.0,0.0,0.0
53355,443,6,314.0,145.0,232.0,0.0,44.5,75.3155,145.0,0.0,36.25,72.5,540928.9,1506930.41,4848280.0,76.0,5041624.0,840236.88,2035714.718,4008580.0,456.0,143475.0,43435.33,40782.434,86037.0,229.0,0,0,0,0,0.0,232.0,0,0,0,1,0,0,0,0,0.0,41.5,44.5,36.25,0,0,0,0,0,0,8,314,4,145,8192,110,7,20,0.0,0.0,0.0,0.0,0.0,0.0,0.0,0.0
64596,443,6,974.0,7387.0,469.0,0.0,64.9333,134.266,1581.0,0.0,671.5455,745.9321,13671.44,25815.879,98243.0,0.0,376752.0,24638.28,37822.55,96773.0,0.0,240128.0,25021.3,37127.317,96227.0,1.0,0,0,0,0,0.0,1581.0,0,0,0,1,0,0,0,0,0.0,321.5769,64.9333,671.5455,0,0,0,0,0,0,15,974,11,7387,65535,179,6,32,0.0,0.0,0.0,0.0,0.0,0.0,0.0,0.0
60264,53,17,85.0,328.0,45.0,40.0,42.5,3.5355,214.0,109.0,164.0,77.6535,214994.33,310839.619,603664.0,23994.0,731573.0,731573.0,0.0,731573.0,731573.0,633281.0,633281.0,0.0,733281.0,633281.0,0,0,0,0,40.0,214.0,0,0,0,0,0,0,0,0,1.0,112.25,42.5,164.0,0,0,0,0,0,0,2,85,2,328,-1,-1,1,20,0.0,0.0,0.0,0.0,0.0,0.0,0.0,0.0
443,51925,6,12.0,0.0,6.0,6.0,6.0,0.0,0.0,0.0,0.0,0.0,208.0,0.0,208.0,208.0,208.0,208.0,0.0,208.0,208.0,0.0,0.0,0.0,0.0,0.0,0,0,0,0,6.0,6.0,0,0,0,0,1,0,0,0,0.0,9.0,6.0,0.0,0,0,0,0,0,0,2,12,0,0,5114,-1,1,20,0.0,0.0,0.0,0.0,0.0,0.0,0.0,0.0
50498,443,6,617.0,164.0,517.0,0.0,88.1429,189.989,152.0,0.0,41.0,74.054,557367.2,1704092.296,5452293.0,3.0,5582377.0,930391.83,2241349.045,5546139.0,3.0,80934.0,26374.66,30042.508,59814.0,415.0,0,0,0,0,0.0,517.0,0,0,0,1,0,0,0,0,0.0,71.0,88.1429,41.0,0,0,0,0,0,0,7,617,4,164,29200,30,6,20,104021.0,0.0,104021.0,104021.0,5452218.0,0.0,5452298.0,5452218.0
443,39059,6,0.0,0.0,0.0,0.0,0.0,0.0,0.0,0.0,0.0,0.0,63.0,0.0,63.0,63.0,0.0,0.0,0.0,0.0,0.0,0.0,0.0,0.0,0.0,0.0,0,0,0,0,0.0,0.0,0,0,0,0,1,1,0,0,1.0,0.0,0.0,0.0,0,0,0,0,0,0,1,0,1,0,422,360,0,32,0.0,0.0,0.0,0.0,0.0,0.0,0.0,0.0
52921,80,6,315.0,1406.0,303.0,0.0,65.3333,138.3591,1296.0,0.0,333.5,661.9726,27102.0,24145.162,51988.0,20.0,112143.0,36570.6,37551.153,74147.0,329.0,51088.0,20368.0,38381.751,51753.0,1049.0,0,0,0,0,0.0,1296.0,0,0,0,1,0,0,0,0,0.0,174.75,65.3333,333.5,0,0,0,0,0,0,6,315,4,1406,65535,340,1,32,0.0,0.0,0.0,0.0,0.0,0.0,0.0,0.0
443,53895,6,12.0,0.0,6.0,6.0,6.0,0.0,0.0,0.0,0.0,0.0,3999906.0,0.0,3999906.0,3999906.0,3999906.0,3999906.0,0.0,3999906.0,3999906.0,0.0,0.0,0.0,0.0,0.0,0,0,0,0,6.0,6.0,0,0,0,0,1,0,0,0,0.0,9.0,6.0,0.0,0,0,0,0,0,0,2,12,0,0,4972,-1,1,20,0.0,0.0,0.0,0.0,0.0,0.0,0.0,0.0
52466,53,17,62.0,136.0,31.0,31.0,31.0,0.0,68.0,68.0,68.0,0.0,62.66,103.728,182.0,3.0,3.0,3.0,0.0,3.0,3.0,3.0,3.0,0.0,3.0,3.0,0,0,0,0,31.0,68.0,0,0,0,0,0,0,0,0,1.0,57.25,31.0,68.0,0,0,0,0,0,0,2,62,2,136,-1,-1,1,20,0.0,0.0,0.0,0.0,0.0,0.0,0.0,0.0
36063,53,17,68.0,158.0,34.0,34.0,34.0,0.0,79.0,79.0,79.0,0.0,10464.33,18108.026,31387.0,3.0,4.0,4.0,0.0,4.0,4.0,3.0,3.0,0.0,3.0,3.0,0,0,0,0,34.0,79.0,0,0,0,0,0,0,0,0,1.0,65.0,34.0,79.0,0,0,0,0,0,0,2,68,2,158,-1,-1,1,32,0.0,0.0,0.0,0.0,0.0,0.0,0.0,0.0
50240,443,6,18.0,0.0,6.0,6.0,6.0,0.0,0.0,0.0,0.0,0.0,62.66,64.582,134.0,4.0,206.0,103.0,123.419,194.0,4.0,0.0,0.0,0.0,0.0,0.0,0,0,0,0,0.0,6.0,1,0,0,0,0,0,0,0,0.0,6.0,6.0,0.0,0,0,0,0,0,0,3,18,1,0,0,972,2,20,0.0,0.0,0.0,0.0,0.0,0.0,0.0,0.0
62322,53,17,46.0,62.0,46.0,46.0,46.0,0.0,62.0,62.0,62.0,0.0,30506.0,0.0,30506.0,30506.0,0.0,0.0,0.0,0.0,0.0,0.0,0.0,0.0,0.0,0.0,0,0,0,0,46.0,62.0,0,0,0,0,0,0,0,0,1.0,77.0,46.0,62.0,0,0,0,0,0,0,1,46,1,62,-1,-1,0,44,0.0,0.0,0.0,0.0,0.0,0.0,0.0,0.0
443,49285,6,37.0,0.0,31.0,6.0,18.5,17.6777,0.0,0.0,0.0,0.0,3.0,0.0,3.0,3.0,3.0,3.0,0.0,3.0,3.0,0.0,0.0,0.0,0.0,0.0,1,0,0,0,6.0,31.0,0,1,0,0,1,0,0,0,0.0,34.0,18.5,0.0,0,0,0,0,0,0,2,37,0,0,946,-1,1,20,0.0,0.0,0.0,0.0,0.0,0.0,0.0,0.0
56996,443,6,1655.0,1067.0,1368.0,0.0,173.1667,405.4073,1029.0,0.0,233.4286,448.7506,13608.21,21191.234,56138.0,3.0,194890.0,22838.6,33817.505,96592.0,3.0,190727.0,48654.16,30102.659,87541.0,224.0,0,0,0,0,0.0,1368.0,0,0,0,1,0,0,0,0,0.0,170.5667,173.1667,233.4286,0,0,0,0,0,0,12,1655,7,1067,65535,362,6,32,0.0,0.0,0.0,0.0,0.0,0.0,0.0,0.0
59193,53,17,70.0,102.0,35.0,35.0,35.0,0.0,51.0,51.0,51.0,0.0,47.0,75.357,134.0,3.0,3.0,3.0,0.0,3.0,3.0,4.0,4.0,0.0,4.0,4.0,0,0,0,0,35.0,51.0,0,0,0,0,0,0,0,0,1.0,51.75,35.0,51.0,0,0,0,0,0,0,2,70,2,102,-1,-1,1,32,0.0,0.0,0.0,0.0,0.0,0.0,0.0,0.0
38894,53,17,92.0,148.0,46.0,46.0,46.0,0.0,74.0,74.0,74.0,0.0,48.66,77.749,139.0,3.0,3.0,3.0,0.0,3.0,3.0,4.0,4.0,0.0,4.0,4.0,0,0,0,0,46.0,74.0,0,0,0,0,0,0,0,0,1.0,71.5,46.0,74.0,0,0,0,0,0,0,2,92,2,148,-1,-1,1,32,0.0,0.0,0.0,0.0,0.0,0.0,0.0,0.0
443,58517,6,0.0,0.0,0.0,0.0,0.0,0.0,0.0,0.0,0.0,0.0,4.0,0.0,4.0,4.0,4.0,4.0,0.0,4.0,4.0,0.0,0.0,0.0,0.0,0.0,0,0,0,0,0.0,0.0,0,0,0,0,1,1,0,0,0.0,0.0,0.0,0.0,0,0,0,0,0,0,2,0,0,0,349,-1,0,32,0.0,0.0,0.0,0.0,0.0,0.0,0.0,0.0
60074,53,17,54.0,70.0,54.0,54.0,54.0,0.0,70.0,70.0,70.0,0.0,60943.0,0.0,60943.0,60943.0,0.0,0.0,0.0,0.0,0.0,0.0,0.0,0.0,0.0,0.0,0,0,0,0,54.0,70.0,0,0,0,0,0,0,0,0,1.0,89.0,54.0,70.0,0,0,0,0,0,0,1,54,1,70,-1,-1,0,20,0.0,0.0,0.0,0.0,0.0,0.0,0.0,0.0
53908,443,6,811.0,11234.0,341.0,0.0,47.7059,104.1828,2889.0,0.0,872.5,1003.1562,2302854.81,4181229.774,10029594.0,1.0,65368737.0,4660936.94,4997015.423,10079934.0,3.0,60368937.0,5813456.37,5194525.212,10080101.0,48.0,0,0,0,0,0.0,2889.0,0,0,0,1,0,0,0,0,1.0,443.0979,47.7059,872.5,0,0,0,0,0,0,17,811,20,11234,29200,295,3,32,73810.16,91269.379,278862.0,50156.0,10016692.33,5175.539,10029597.0,9997154.0
80,59095,6,0.0,0.0,0.0,0.0,0.0,0.0,0.0,0.0,0.0,0.0,53.0,0.0,53.0,53.0,0.0,0.0,0.0,0.0,0.0,0.0,0.0,0.0,0.0,0.0,0,0,0,0,0.0,0.0,0,0,0,0,1,1,0,0,1.0,0.0,0.0,0.0,0,0,0,0,0,0,1,0,1,0,59,33304,0,32,0.0,0.0,0.0,0.0,0.0,0.0,0.0,0.0
56084,443,6,6.0,6.0,6.0,6.0,6.0,0.0,6.0,6.0,6.0,0.0,290560.0,0.0,290560.0,290560.0,0.0,0.0,0.0,0.0,0.0,0.0,0.0,0.0,0.0,0.0,0,0,0,0,6.0,6.0,1,0,0,0,1,0,0,0,1.0,9.0,6.0,6.0,0,0,0,0,0,0,1,6,1,6,0,0,0,20,0.0,0.0,0.0,0.0,0.0,0.0,0.0,0.0
54851,443,6,362.0,3782.0,208.0,0.0,45.6667,87.8605,1460.0,0.0,630.3333,677.2171,12866.45,19975.396,42054.0,49.0,133179.0,26261.8,22011.22,47516.0,49.0,98884.0,17496.8,20006.658,44507.0,48.0,0,0,0,0,0.0,1460.0,0,0,0,1,0,0,0,0,1.0,344.5,45.6667,630.3333,0,0,0,0,0,0,6,362,6,3782,8192,60,5,20,0.0,0.0,0.0,0.0,0.0,0.0,0.0,0.0
55631,443,6,24.0,0.0,6.0,6.0,6.0,0.0,0.0,0.0,0.0,0.0,21245.75,43433.828,86000.0,1.0,86220.0,28070.33,50493.347,86227.0,1.0,0.0,0.0,0.0,0.0,0.0,0,0,0,0,0.0,6.0,1,0,0,0,0,0,0,0,0.0,6.0,6.0,0.0,0,0,0,0,0,0,4,24,1,0,0,114,3,20,0.0,0.0,0.0,0.0,0.0,0.0,0.0,0.0
46952,53,17,72.0,146.0,36.0,36.0,36.0,0.0,73.0,73.0,73.0,0.0,10361.66,17906.786,31049.0,3.0,3.0,3.0,0.0,3.0,3.0,3.0,3.0,0.0,3.0,3.0,0,0,0,0,36.0,73.0,0,0,0,0,0,0,0,0,1.0,63.5,36.0,73.0,0,0,0,0,0,0,2,72,2,146,-1,-1,1,32,0.0,0.0,0.0,0.0,0.0,0.0,0.0,0.0
5310,443,6,12.0,0.0,6.0,6.0,6.0,0.0,0.0,0.0,0.0,0.0,160.0,0.0,160.0,160.0,160.0,160.0,0.0,160.0,160.0,0.0,0.0,0.0,0.0,0.0,0,0,0,0,6.0,6.0,0,0,0,0,1,0,0,0,0.0,9.0,6.0,0.0,0,0,0,0,0,0,2,12,0,0,254,-1,1,20,0.0,0.0,0.0,0.0,0.0,0.0,0.0,0.0
123,123,17,96.0,96.0,48.0,48.0,48.0,0.0,48.0,48.0,48.0,0.0,22346963.66,38530277.964,66979186.0,28889.0,67000105.0,67000105.0,0.0,67000105.0,67000105.0,67000333.0,67000333.0,0.0,67000333.0,67000333.0,0,0,0,0,48.0,48.0,0,0,0,0,0,0,0,0,1.0,60.0,48.0,48.0,0,0,0,0,0,0,2,96,2,96,-1,-1,1,20,47153.0,0.0,47153.0,47153.0,66979184.0,0.0,66979184.0,66979184.0
60828,53,17,46.0,117.0,46.0,46.0,46.0,0.0,117.0,117.0,117.0,0.0,61429.0,0.0,61429.0,61429.0,0.0,0.0,0.0,0.0,0.0,0.0,0.0,0.0,0.0,0.0,0,0,0,0,46.0,117.0,0,0,0,0,0,0,0,0,1.0,104.5,46.0,117.0,0,0,0,0,0,0,1,46,1,117,-1,-1,0,32,0.0,0.0,0.0,0.0,0.0,0.0,0.0,0.0
53228,443,6,713.0,479.0,469.0,0.0,71.3077,147.2874,341.0,0.0,95.8,149.5299,6071.5,9578.254,23113.0,3.0,82806.0,9209.88,10458.42,24483.0,3.0,50678.0,12434.5,12793.007,27550.0,323.0,0,0,0,0,0.0,469.0,0,0,0,1,0,0,0,0,0.0,79.4667,71.3077,95.8,0,0,0,0,0,0,10,713,5,479,65535,972,5,32,0.0,0.0,0.0,0.0,0.0,0.0,0.0,0.0
50863,53,17,84.0,116.0,42.0,42.0,42.0,0.0,58.0,58.0,58.0,0.0,48.0,74.588,139.0,3.0,3.0,3.0,0.0,3.0,3.0,3.0,3.0,0.0,3.0,3.0,0,0,0,0,42.0,58.0,0,0,0,0,0,0,0,0,1.0,60.5,42.0,58.0,0,0,0,0,0,0,2,84,2,116,-1,-1,1,32,0.0,0.0,0.0,0.0,0.0,0.0,0.0,0.0
80,54996,6,6.0,6.0,6.0,6.0,6.0,0.0,6.0,6.0,6.0,0.0,34.0,0.0,34.0,34.0,0.0,0.0,0.0,0.0,0.0,0.0,0.0,0.0,0.0,0.0,0,0,0,0,6.0,6.0,0,0,0,0,1,1,0,0,1.0,9.0,6.0,6.0,0,0,0,0,0,0,1,6,1,6,335,258,0,20,0.0,0.0,0.0,0.0,0.0,0.0,0.0,0.0
49276,443,6,123.0,46.0,46.0,0.0,24.6,23.2766,46.0,46.0,46.0,0.0,640959.4,1384585.438,3156281.0,16.0,3224956.0,804494.0,1599491.491,3156281.0,16.0,0.0,0.0,0.0,0.0,0.0,1,0,0,0,0.0,46.0,0,1,0,0,1,0,0,0,0.0,35.8333,24.6,46.0,0,0,0,0,0,0,5,123,1,46,1124,357,2,32,0.0,0.0,0.0,0.0,0.0,0.0,0.0,0.0
62031,53,17,72.0,246.0,36.0,36.0,36.0,0.0,123.0,123.0,123.0,0.0,73.0,122.378,218.0,3.0,3.0,3.0,0.0,3.0,3.0,4.0,4.0,0.0,4.0,4.0,0,0,0,0,36.0,123.0,0,0,0,0,0,0,0,0,1.0,88.5,36.0,123.0,0,0,0,0,0,0,2,72,2,246,-1,-1,1,32,0.0,0.0,0.0,0.0,0.0,0.0,0.0,0.0
26059,53,17,80.0,200.0,40.0,40.0,40.0,0.0,100.0,100.0,100.0,0.0,20649.0,35734.654,61990.0,3.0,3.0,3.0,0.0,3.0,3.0,49.0,49.0,0.0,49.0,49.0,0,0,0,0,40.0,100.0,0,0,0,0,0,0,0,0,1.0,80.0,40.0,100.0,0,0,0,0,0,0,2,80,2,200,-1,-1,1,44,0.0,0.0,0.0,0.0,0.0,0.0,0.0,0.0
443,63823,6,37.0,0.0,31.0,6.0,18.5,17.6777,0.0,0.0,0.0,0.0,4.0,0.0,4.0,4.0,4.0,4.0,0.0,4.0,4.0,0.0,0.0,0.0,0.0,0.0,1,0,0,0,6.0,31.0,0,1,0,0,1,0,0,0,0.0,34.0,18.5,0.0,0,0,0,0,0,0,2,37,0,0,30110,-1,1,20,0.0,0.0,0.0,0.0,0.0,0.0,0.0,0.0
56148,53,17,166.0,234.0,83.0,83.0,83.0,0.0,117.0,117.0,117.0,0.0,59.66,94.108,173.0,3.0,3.0,3.0,0.0,3.0,3.0,3.0,3.0,0.0,3.0,3.0,0,0,0,0,83.0,117.0,0,0,0,0,0,0,0,0,1.0,123.75,83.0,117.0,0,0,0,0,0,0,2,166,2,234,-1,-1,1,20,0.0,0.0,0.0,0.0,0.0,0.0,0.0,0.0
443,57044,6,43.0,0.0,31.0,6.0,14.3333,14.4338,0.0,0.0,0.0,0.0,2.0,1.414,3.0,1.0,4.0,2.0,1.414,3.0,1.0,0.0,0.0,0.0,0.0,0.0,0,0,0,0,6.0,31.0,0,0,0,0,1,0,0,0,0.0,16.3333,14.3333,0.0,0,0,0,0,0,0,3,43,0,0,946,-1,2,20,0.0,0.0,0.0,0.0,0.0,0.0,0.0,0.0
60032,53,17,45.0,90.0,45.0,45.0,45.0,0.0,90.0,90.0,90.0,0.0,94731.0,0.0,94731.0,94731.0,0.0,0.0,0.0,0.0,0.0,0.0,0.0,0.0,0.0,0.0,0,0,0,0,45.0,90.0,0,0,0,0,0,0,0,0,1.0,90.0,45.0,90.0,0,0,0,0,0,0,1,45,1,90,-1,-1,0,32,0.0,0.0,0.0,0.0,0.0,0.0,0.0,0.0
443,58615,6,0.0,0.0,0.0,0.0,0.0,0.0,0.0,0.0,0.0,0.0,26.0,0.0,26.0,26.0,0.0,0.0,0.0,0.0,0.0,0.0,0.0,0.0,0.0,0.0,0,0,0,0,0.0,0.0,0,0,0,0,1,1,0,0,1.0,0.0,0.0,0.0,0,0,0,0,0,0,1,0,1,0,62,33304,0,32,0.0,0.0,0.0,0.0,0.0,0.0,0.0,0.0
49334,443,6,3480.0,37877.0,511.0,0.0,94.5545,171.2307,2117.0,0.0,772.639,878.0988,1477785.89,7857410.994,58185210.0,1.0,119044560.0,3060767.92,10573186.962,58185700.0,2.0,119043886.0,2548842.66,11248944.531,58188145.0,1.0,0,0,0,0,0.0,2117.0,0,0,0,1,0,0,0,0,1.0,478.0278,94.5545,772.639,0,0,0,0,0,0,42,3480,93,37877,29200,294,10,32,1361650.5,1305656.137,3345290.0,129856.0,58032245.0,119455.89,58185210.0,58456618.0
80,6350,6,6.0,6.0,6.0,6.0,6.0,0.0,6.0,6.0,6.0,0.0,138.0,0.0,138.0,138.0,0.0,0.0,0.0,0.0,0.0,0.0,0.0,0.0,0.0,0.0,0,0,0,0,6.0,6.0,0,0,0,0,1,1,0,0,1.0,9.0,6.0,6.0,0,0,0,0,0,0,1,6,1,6,913,256,0,20,0.0,0.0,0.0,0.0,0.0,0.0,0.0,0.0
61663,53,17,49.0,65.0,49.0,49.0,49.0,0.0,65.0,65.0,65.0,0.0,30870.0,0.0,30870.0,30870.0,0.0,0.0,0.0,0.0,0.0,0.0,0.0,0.0,0.0,0.0,0,0,0,0,49.0,65.0,0,0,0,0,0,0,0,0,1.0,81.5,49.0,65.0,0,0,0,0,0,0,1,49,1,65,-1,-1,0,20,0.0,0.0,0.0,0.0,0.0,0.0,0.0,0.0
62657,443,6,1265.0,2818.0,901.0,0.0,106.6667,266.9863,1397.0,0.0,542.8,644.109,3485.61,5251.701,15866.0,2.0,66540.0,6893.18,8278.96,21453.0,2.0,69060.0,13211.5,7477.727,17711.0,2.0,0,0,0,0,0.0,1397.0,0,0,0,1,0,0,0,0,0.0,286.3384,106.6667,542.8,0,0,0,0,0,0,12,1265,5,2818,65535,32,11,20,0.0,0.0,0.0,0.0,0.0,0.0,0.0,0.0
123,123,17,48.0,48.0,48.0,48.0,48.0,0.0,48.0,48.0,48.0,0.0,84724.0,0.0,84724.0,84724.0,0.0,0.0,0.0,0.0,0.0,0.0,0.0,0.0,0.0,0.0,0,0,0,0,48.0,48.0,0,0,0,0,0,0,0,0,1.0,72.0,48.0,48.0,0,0,0,0,0,0,1,48,1,48,-1,-1,0,20,0.0,0.0,0.0,0.0,0.0,0.0,0.0,0.0
6434,80,6,12.0,0.0,6.0,6.0,6.0,0.0,0.0,0.0,0.0,0.0,191.0,0.0,191.0,191.0,191.0,191.0,0.0,191.0,191.0,0.0,0.0,0.0,0.0,0.0,0,0,0,0,6.0,6.0,0,0,0,0,1,0,0,0,0.0,9.0,6.0,0.0,0,0,0,0,0,0,2,12,0,0,63891,-1,1,20,0.0,0.0,0.0,0.0,0.0,0.0,0.0,0.0
57361,443,6,821.0,5045.0,373.0,0.0,62.5714,116.4084,1909.0,0.0,607.5,825.2589,20987.27,39210.701,187849.0,0.0,415782.0,35549.0,41755.125,187509.0,0.0,342697.0,46084.77,157296.097,155971.0,4.0,0,0,0,0,0.0,1909.0,0,0,0,1,0,0,0,0,0.0,277.4305,62.5714,607.5,0,0,0,0,0,0,14,821,8,5045,65535,11244,13,20,0.0,0.0,0.0,0.0,0.0,0.0,0.0,0.0
33902,53,17,64.0,96.0,32.0,32.0,32.0,0.0,48.0,48.0,48.0,0.0,46.33,72.909,133.0,3.0,3.0,3.0,0.0,3.0,3.0,3.0,3.0,0.0,3.0,3.0,0,0,0,0,32.0,48.0,0,0,0,0,0,0,0,0,1.0,48.0,32.0,48.0,0,0,0,0,0,0,2,64,2,96,-1,-1,1,20,0.0,0.0,0.0,0.0,0.0,0.0,0.0,0.0
63489,443,6,0.0,0.0,0.0,0.0,0.0,0.0,0.0,0.0,0.0,0.0,52141.5,19876.397,68979.0,42104.0,4.0,4.0,0.0,4.0,4.0,0.0,0.0,0.0,0.0,0.0,0,0,0,0,0.0,0.0,0,0,0,0,1,1,0,0,0.0,0.0,0.0,0.0,0,0,0,0,0,0,2,0,1,0,65535,5783,0,32,0.0,0.0,0.0,0.0,0.0,0.0,0.0,0.0
34885,443,6,879.0,74103.0,517.0,0.0,13.9,84.5097,2896.0,0.0,1477.1704,695.0907,988037.67,2686525.668,10024629.0,1.0,115644351.0,2601740.03,4589538.189,10048089.0,1.0,110585948.0,1432447.09,3573322.814,10048177.0,47.0,0,0,0,0,0.0,2896.0,0,0,0,1,0,0,0,0,1.0,760.7339,13.9,1477.1704,0,0,0,0,0,0,50,879,51,74103,29200,61,7,32,48808.92,83311.895,236674.0,32940.0,10002475.36,7921.192,10024625.0,9996709.0
61079,53,17,53.0,126.0,53.0,53.0,53.0,0.0,126.0,126.0,126.0,0.0,60305.0,0.0,60305.0,60305.0,0.0,0.0,0.0,0.0,0.0,0.0,0.0,0.0,0.0,0.0,0,0,0,0,53.0,126.0,0,0,0,0,0,0,0,0,1.0,115.0,53.0,126.0,0,0,0,0,0,0,1,53,1,126,-1,-1,0,32,0.0,0.0,0.0,0.0,0.0,0.0,0.0,0.0
443,64145,6,0.0,0.0,0.0,0.0,0.0,0.0,0.0,0.0,0.0,0.0,96.0,62.226,157.0,45.0,42.0,42.0,0.0,42.0,42.0,0.0,0.0,0.0,0.0,0.0,0,0,0,0,0.0,0.0,0,0,0,0,1,1,0,0,0.0,0.0,0.0,0.0,0,0,0,0,0,0,2,0,1,0,357,32832,0,32,0.0,0.0,0.0,0.0,0.0,0.0,0.0,0.0
443,50625,6,6.0,6.0,6.0,6.0,6.0,0.0,6.0,6.0,6.0,0.0,15.0,0.0,15.0,15.0,0.0,0.0,0.0,0.0,0.0,0.0,0.0,0.0,0.0,0.0,0,0,0,0,6.0,6.0,0,0,0,0,1,1,0,0,1.0,9.0,6.0,6.0,0,0,0,0,0,0,1,6,1,6,116,16360,0,20,0.0,0.0,0.0,0.0,0.0,0.0,0.0,0.0
59019,53,17,106.0,212.0,53.0,53.0,53.0,0.0,106.0,106.0,106.0,0.0,57.0,56.77,125.0,4.0,4.0,4.0,0.0,4.0,4.0,48.0,48.0,0.0,48.0,48.0,0,0,0,0,53.0,106.0,0,0,0,0,0,0,0,0,1.0,90.75,53.0,106.0,0,0,0,0,0,0,2,106,2,212,-1,-1,1,32,0.0,0.0,0.0,0.0,0.0,0.0,0.0,0.0
60894,53,17,70.0,126.0,35.0,35.0,35.0,0.0,63.0,63.0,63.0,0.0,10225.66,17637.031,30670.0,3.0,3.0,3.0,0.0,3.0,3.0,3.0,3.0,0.0,3.0,3.0,0,0,0,0,35.0,63.0,0,0,0,0,0,0,0,0,1.0,57.75,35.0,63.0,0,0,0,0,0,0,2,70,2,126,-1,-1,1,32,0.0,0.0,0.0,0.0,0.0,0.0,0.0,0.0
123,123,17,384.0,384.0,48.0,48.0,48.0,0.0,48.0,48.0,48.0,0.0,4976190.0,14870989.859,57919955.0,15001.0,68110676.0,9392297.33,27079200.678,57009977.0,989258.0,68007186.0,18384758.0,21007406.479,58005487.0,1999648.0,0,0,0,0,48.0,48.0,0,0,0,0,0,0,0,0,1.0,51.0,48.0,48.0,0,0,0,0,0,0,7,384,8,384,-1,-1,6,20,151292.0,0.0,151292.0,10151292.0,57919982.0,0.0,57919952.0,57919982.0
44844,80,6,6.0,6.0,6.0,6.0,6.0,0.0,6.0,6.0,6.0,0.0,180504.0,0.0,180504.0,180504.0,0.0,0.0,0.0,0.0,0.0,0.0,0.0,0.0,0.0,0.0,0,0,0,0,6.0,6.0,0,0,0,0,1,1,0,0,1.0,9.0,6.0,6.0,0,0,0,0,0,0,1,6,1,6,2850,31018,0,20,0.0,0.0,0.0,0.0,0.0,0.0,0.0,0.0
57367,53,17,62.0,94.0,31.0,31.0,31.0,0.0,47.0,47.0,47.0,0.0,7935.0,13783.594,23790.0,3.0,3.0,3.0,0.0,3.0,3.0,3.0,3.0,0.0,3.0,3.0,0,0,0,0,31.0,47.0,0,0,0,0,0,0,0,0,1.0,46.75,31.0,47.0,0,0,0,0,0,0,2,62,2,94,-1,-1,1,32,0.0,0.0,0.0,0.0,0.0,0.0,0.0,0.0
57840,53,17,84.0,160.0,42.0,42.0,42.0,0.0,80.0,80.0,80.0,0.0,68.66,77.475,154.0,3.0,186.0,186.0,0.0,186.0,186.0,3.0,3.0,0.0,3.0,3.0,0,0,0,0,42.0,80.0,0,0,0,0,0,0,0,0,1.0,71.5,42.0,80.0,0,0,0,0,0,0,2,84,2,160,-1,-1,1,44,0.0,0.0,0.0,0.0,0.0,0.0,0.0,0.0
443,50804,6,0.0,0.0,0.0,0.0,0.0,0.0,0.0,0.0,0.0,0.0,94.0,0.0,94.0,94.0,0.0,0.0,0.0,0.0,0.0,0.0,0.0,0.0,0.0,0.0,0,0,0,0,0.0,0.0,0,0,0,0,1,1,0,0,1.0,0.0,0.0,0.0,0,0,0,0,0,0,1,0,1,0,179,32832,0,32,0.0,0.0,0.0,0.0,0.0,0.0,0.0,0.0
62102,53,17,44.0,143.0,44.0,44.0,44.0,0.0,143.0,143.0,143.0,0.0,95023.0,0.0,95023.0,95023.0,0.0,0.0,0.0,0.0,0.0,0.0,0.0,0.0,0.0,0.0,0,0,0,0,44.0,143.0,0,0,0,0,0,0,0,0,1.0,115.5,44.0,143.0,0,0,0,0,0,0,1,44,1,143,-1,-1,0,32,0.0,0.0,0.0,0.0,0.0,0.0,0.0,0.0
443,51565,6,6.0,6.0,6.0,6.0,6.0,0.0,6.0,6.0,6.0,0.0,65.0,0.0,65.0,65.0,0.0,0.0,0.0,0.0,0.0,0.0,0.0,0.0,0.0,0.0,0,0,0,0,6.0,6.0,0,0,0,0,1,1,0,0,1.0,9.0,6.0,6.0,0,0,0,0,0,0,1,6,1,6,114,256,0,20,0.0,0.0,0.0,0.0,0.0,0.0,0.0,0.0
61783,53,17,62.0,172.0,31.0,31.0,31.0,0.0,86.0,86.0,86.0,0.0,16319.0,28249.222,48958.0,2.0,3.0,3.0,0.0,3.0,3.0,48.0,48.0,0.0,48.0,48.0,0,0,0,0,31.0,86.0,0,0,0,0,0,0,0,0,1.0,66.25,31.0,86.0,0,0,0,0,0,0,2,62,2,172,-1,-1,1,32,0.0,0.0,0.0,0.0,0.0,0.0,0.0,0.0
55319,443,6,12.0,0.0,6.0,6.0,6.0,0.0,0.0,0.0,0.0,0.0,3.0,0.0,3.0,3.0,3.0,3.0,0.0,3.0,3.0,0.0,0.0,0.0,0.0,0.0,0,0,0,0,6.0,6.0,1,0,0,0,0,0,0,0,0.0,9.0,6.0,0.0,0,0,0,0,0,0,2,12,0,0,0,-1,1,20,0.0,0.0,0.0,0.0,0.0,0.0,0.0,0.0
18069,53,17,82.0,236.0,41.0,41.0,41.0,0.0,118.0,118.0,118.0,0.0,69.0,110.851,201.0,0.0,0.0,0.0,0.0,0.0,0.0,1.0,1.0,0.0,1.0,1.0,0,0,0,0,41.0,118.0,0,0,0,0,0,0,0,0,1.0,89.75,41.0,118.0,0,0,0,0,0,0,2,82,2,236,-1,-1,1,32,0.0,0.0,0.0,0.0,0.0,0.0,0.0,0.0
55249,80,6,461.0,1766.0,431.0,0.0,65.25,151.5273,1768.0,0.0,253.75,625.9774,2418319.93,4344265.74,10203352.0,36.0,30948036.0,5846062.0,5546963.985,10240004.0,159.0,33377444.0,5949571.0,5042681.995,10240344.0,1036.0,0,0,0,0,0.0,1768.0,0,0,0,1,0,0,0,0,1.0,154.5756,65.25,253.75,0,0,0,0,0,0,8,461,4,1766,29200,939,1,20,23643.25,96694.752,126101.0,22937.0,10137423.0,49614.761,10203356.0,10000177.0
59171,443,6,1032.0,3549.0,581.0,0.0,103.2,193.3541,1483.0,2.0,481.5,645.2289,129144.46,412887.923,1948263.0,3.0,2299948.0,289189.88,571425.331,1948263.0,980179.0,2103986.0,18661.42,567086.213,501795.0,3.0,0,0,0,0,0.0,1483.0,0,0,0,1,0,0,0,0,0.0,245.1878,103.2,481.5,0,0,0,0,0,0,10,1032,8,3549,8192,14233,9,20,0.0,0.0,0.0,0.0,0.0,0.0,0.0,0.0
62493,53,17,56.0,453.0,56.0,56.0,56.0,0.0,253.0,253.0,253.0,0.0,60329.0,0.0,60329.0,60329.0,0.0,0.0,0.0,0.0,0.0,0.0,0.0,0.0,0.0,0.0,0,0,0,0,56.0,253.0,0,0,0,0,0,0,0,0,1.0,182.5,56.0,253.0,0,0,0,0,0,0,1,56,1,453,-1,-1,0,20,0.0,0.0,0.0,0.0,0.0,0.0,0.0,0.0
52558,443,6,950.0,9841.0,565.0,0.0,116.2143,183.4572,1460.0,0.0,606.375,649.0688,630987.53,2400609.497,10003562.0,1.0,220594.0,30790.66,22277.105,127613.0,147.0,10217068.0,1466394.11,3389706.605,10000765.0,1.0,0,0,0,0,0.0,1460.0,0,0,0,1,0,0,0,0,1.0,473.9432,116.2143,606.375,0,0,0,0,0,0,7,950,16,9841,8192,31,6,20,216188.0,0.0,216188.0,216188.0,10003249.0,0.0,10003549.0,10003549.0
443,53535,6,6.0,6.0,6.0,6.0,6.0,0.0,6.0,6.0,6.0,0.0,64.0,0.0,64.0,64.0,0.0,0.0,0.0,0.0,0.0,0.0,0.0,0.0,0.0,0.0,0,0,0,0,6.0,6.0,0,0,0,0,1,1,0,0,1.0,9.0,6.0,6.0,0,0,0,0,0,0,1,6,1,6,31110,63740,0,20,0.0,0.0,0.0,0.0,0.0,0.0,0.0,0.0
56003,53,17,78.0,190.0,39.0,39.0,39.0,0.0,95.0,95.0,95.0,0.0,103.66,91.428,210.0,48.0,48.0,48.0,0.0,48.0,48.0,48.0,48.0,0.0,48.0,48.0,0,0,0,0,39.0,95.0,0,0,0,0,0,0,0,0,1.0,76.75,39.0,95.0,0,0,0,0,0,0,2,78,2,190,-1,-1,1,20,0.0,0.0,0.0,0.0,0.0,0.0,0.0,0.0
443,51074,6,0.0,0.0,0.0,0.0,0.0,0.0,0.0,0.0,0.0,0.0,76.0,0.0,76.0,76.0,0.0,0.0,0.0,0.0,0.0,0.0,0.0,0.0,0.0,0.0,0,0,0,0,0.0,0.0,0,0,0,0,1,1,0,0,1.0,0.0,0.0,0.0,0,0,0,0,0,0,1,0,1,0,117,338,0,32,0.0,0.0,0.0,0.0,0.0,0.0,0.0,0.0
53879,443,6,18.0,0.0,6.0,6.0,6.0,0.0,0.0,0.0,0.0,0.0,80.66,106.437,200.0,1.0,241.0,120.5,166.148,249.0,1.0,0.0,0.0,0.0,0.0,0.0,0,0,0,0,0.0,6.0,1,0,0,0,0,0,0,0,0.0,6.0,6.0,0.0,0,0,0,0,0,0,3,18,1,0,0,972,2,20,0.0,0.0,0.0,0.0,0.0,0.0,0.0,0.0
443,53488,6,0.0,0.0,0.0,0.0,0.0,0.0,0.0,0.0,0.0,0.0,69.0,0.0,69.0,69.0,0.0,0.0,0.0,0.0,0.0,0.0,0.0,0.0,0.0,0.0,0,0,0,0,0.0,0.0,0,0,0,0,1,1,0,0,1.0,0.0,0.0,0.0,0,0,0,0,0,0,1,0,1,0,351,32832,0,32,0.0,0.0,0.0,0.0,0.0,0.0,0.0,0.0
44658,443,6,12.0,0.0,6.0,6.0,6.0,0.0,0.0,0.0,0.0,0.0,3.0,0.0,3.0,3.0,3.0,3.0,0.0,3.0,3.0,0.0,0.0,0.0,0.0,0.0,0,0,0,0,6.0,6.0,1,0,0,0,0,0,0,0,0.0,9.0,6.0,0.0,0,0,0,0,0,0,2,12,0,0,0,-1,1,20,0.0,0.0,0.0,0.0,0.0,0.0,0.0,0.0
443,65723,6,37.0,0.0,37.0,0.0,18.5,26.163,0.0,0.0,0.0,0.0,3.0,0.0,3.0,3.0,3.0,3.0,0.0,3.0,3.0,0.0,0.0,0.0,0.0,0.0,1,0,0,0,0.0,37.0,0,1,0,0,1,0,0,0,0.0,37.0,18.5,0.0,0,0,0,0,0,0,2,37,0,0,114,-1,0,32,0.0,0.0,0.0,0.0,0.0,0.0,0.0,0.0
80,57078,6,0.0,0.0,0.0,0.0,0.0,0.0,0.0,0.0,0.0,0.0,57.0,0.0,57.0,57.0,0.0,0.0,0.0,0.0,0.0,0.0,0.0,0.0,0.0,0.0,0,0,0,0,0.0,0.0,0,0,0,0,1,1,0,0,1.0,0.0,0.0,0.0,0,0,0,0,0,0,1,0,1,0,905,229,0,32,0.0,0.0,0.0,0.0,0.0,0.0,0.0,0.0
59245,80,6,0.0,0.0,0.0,0.0,0.0,0.0,0.0,0.0,0.0,0.0,85.0,0.0,85.0,85.0,85.0,85.0,0.0,85.0,85.0,0.0,0.0,0.0,0.0,0.0,0,0,0,0,0.0,0.0,0,0,0,0,1,0,0,0,0.0,0.0,0.0,0.0,0,0,0,0,0,0,2,0,0,0,242,-1,0,32,0.0,0.0,0.0,0.0,0.0,0.0,0.0,0.0
443,57238,6,0.0,0.0,0.0,0.0,0.0,0.0,0.0,0.0,0.0,0.0,73.0,0.0,73.0,73.0,0.0,0.0,0.0,0.0,0.0,0.0,0.0,0.0,0.0,0.0,0,0,0,0,0.0,0.0,0,0,0,0,1,1,0,0,1.0,0.0,0.0,0.0,0,0,0,0,0,0,1,0,1,0,125,640,0,32,0.0,0.0,0.0,0.0,0.0,0.0,0.0,0.0
443,57522,6,0.0,0.0,0.0,0.0,0.0,0.0,0.0,0.0,0.0,0.0,45.0,41.212,87.0,3.0,3.0,3.0,0.0,3.0,3.0,0.0,0.0,0.0,0.0,0.0,0,0,0,0,0.0,0.0,0,0,0,0,1,1,0,0,0.0,0.0,0.0,0.0,0,0,0,0,0,0,2,0,1,0,352,32832,0,32,0.0,0.0,0.0,0.0,0.0,0.0,0.0,0.0
25850,53,17,76.0,180.0,38.0,38.0,38.0,0.0,90.0,90.0,90.0,0.0,10413.66,18046.146,31234.0,1.0,1.0,1.0,0.0,1.0,1.0,3.0,3.0,0.0,3.0,3.0,0,0,0,0,38.0,90.0,0,0,0,0,0,0,0,0,1.0,73.5,38.0,90.0,0,0,0,0,0,0,2,76,2,180,-1,-1,1,32,0.0,0.0,0.0,0.0,0.0,0.0,0.0,0.0
50910,80,6,738.0,622.0,726.0,0.0,44.875,197.9054,615.0,0.0,22.1429,181.2586,3986442.84,4893030.863,10008273.0,40.0,115136923.0,7670190.33,4166112.96,10041929.0,565.0,110305047.0,8472688.23,3757094.33,10041270.0,2666.0,0,0,0,0,0.0,726.0,0,0,0,1,0,0,0,0,0.0,33.6333,44.875,22.1429,0,0,0,0,0,0,16,738,14,622,8192,512,15,20,39943.63,53122.645,209290.0,23188.0,9997866.0,53655.849,10008279.0,9929496.0
80,59198,6,6.0,6.0,6.0,6.0,6.0,0.0,6.0,6.0,6.0,0.0,21.0,0.0,21.0,21.0,0.0,0.0,0.0,0.0,0.0,0.0,0.0,0.0,0.0,0.0,0,0,0,0,6.0,6.0,0,0,0,0,1,1,0,0,1.0,9.0,6.0,6.0,0,0,0,0,0,0,1,6,1,6,946,252,0,20,0.0,0.0,0.0,0.0,0.0,0.0,0.0,0.0
58516,443,6,611.0,164.0,517.0,0.0,101.8333,204.3051,152.0,0.0,41.0,74.054,662976.0,1978884.175,5453174.0,12.0,5504857.0,1120479.8,2628595.889,5557589.0,48.0,81125.0,40148.66,30547.864,60108.0,12.0,0,0,0,0,0.0,517.0,0,0,0,1,0,0,0,0,0.0,77.5,101.8333,41.0,0,0,0,0,0,0,6,611,4,164,8192,946,5,20,143099.0,0.0,143099.0,143090.0,5453171.0,0.0,5453171.0,5453171.0
59868,443,6,1174.0,6809.0,901.0,0.0,106.7273,266.9281,1397.0,0.0,681.4545,678.3952,4203.8,6474.958,15039.0,0.0,72569.0,6693.9,8292.0,20049.0,3.0,47204.0,3060.1,7080.043,15167.0,2.0,0,0,0,0,0.0,1397.0,0,0,0,1,0,0,0,0,0.0,356.3526,106.7273,681.4545,0,0,0,0,0,0,11,1174,6,6809,65535,32,10,20,0.0,0.0,0.0,0.0,0.0,0.0,0.0,0.0
443,58126,6,0.0,0.0,0.0,0.0,0.0,0.0,0.0,0.0,0.0,0.0,33.0,46.46,64.0,3.0,3.0,3.0,0.0,3.0,3.0,0.0,0.0,0.0,0.0,0.0,0,0,0,0,0.0,0.0,0,0,0,0,1,1,0,0,0.0,0.0,0.0,0.0,0,0,0,0,0,0,2,0,1,0,349,32832,0,32,0.0,0.0,0.0,0.0,0.0,0.0,0.0,0.0
61462,53,17,51.0,112.0,51.0,51.0,51.0,0.0,112.0,112.0,112.0,0.0,30980.0,0.0,30980.0,30980.0,0.0,0.0,0.0,0.0,0.0,0.0,0.0,0.0,0.0,0.0,0,0,0,0,51.0,112.0,0,0,0,0,0,0,0,0,1.0,107.0,51.0,112.0,0,0,0,0,0,0,1,51,1,112,-1,-1,0,20,0.0,0.0,0.0,0.0,0.0,0.0,0.0,0.0
443,49958,6,6.0,6.0,6.0,6.0,6.0,0.0,6.0,6.0,6.0,0.0,3.0,0.0,3.0,3.0,0.0,0.0,0.0,0.0,0.0,0.0,0.0,0.0,0.0,0.0,0,0,0,0,6.0,6.0,0,0,0,0,1,1,0,0,1.0,9.0,6.0,6.0,0,0,0,0,0,0,1,6,1,6,60,254,0,20,0.0,0.0,0.0,0.0,0.0,0.0,0.0,0.0
443,58488,6,6.0,6.0,6.0,6.0,6.0,0.0,6.0,6.0,6.0,0.0,22.0,0.0,22.0,22.0,0.0,0.0,0.0,0.0,0.0,0.0,0.0,0.0,0.0,0.0,0,0,0,0,6.0,6.0,0,0,0,0,1,1,0,0,1.0,9.0,6.0,6.0,0,0,0,0,0,0,1,6,1,6,119,254,0,20,0.0,0.0,0.0,0.0,0.0,0.0,0.0,0.0
443,51887,6,6.0,6.0,6.0,6.0,6.0,0.0,6.0,6.0,6.0,0.0,26.0,0.0,26.0,26.0,0.0,0.0,0.0,0.0,0.0,0.0,0.0,0.0,0.0,0.0,0,0,0,0,6.0,6.0,0,0,0,0,1,1,0,0,1.0,9.0,6.0,6.0,0,0,0,0,0,0,1,6,1,6,60,255,0,20,0.0,0.0,0.0,0.0,0.0,0.0,0.0,0.0
62328,443,6,12.0,0.0,6.0,6.0,6.0,0.0,0.0,0.0,0.0,0.0,109491.0,0.0,109491.0,109491.0,109491.0,109491.0,0.0,109491.0,109491.0,0.0,0.0,0.0,0.0,0.0,0,0,0,0,6.0,6.0,0,0,0,0,1,0,0,0,0.0,9.0,6.0,0.0,0,0,0,0,0,0,2,12,0,0,63802,-1,1,20,0.0,0.0,0.0,0.0,0.0,0.0,0.0,0.0
56233,443,6,14190.0,13361.0,1527.0,0.0,419.5909,580.7252,1460.0,0.0,283.6211,467.5679,201876.4,1699286.347,9998939.0,2.0,11449478.0,668188.42,1904875.354,9993919.0,173.0,11460448.0,401723.55,1940290.84,9995500.0,2.0,0,0,0,0,0.0,1527.0,0,0,0,1,0,0,0,0,1.0,398.8123,419.5909,283.6211,0,0,0,0,0,0,32,14190,31,13361,8192,552,31,20,7304269.0,0.0,7304269.0,7304269.0,9998972.0,0.0,9998932.0,9998972.0
57485,53,17,96.0,180.0,48.0,48.0,48.0,0.0,90.0,90.0,90.0,0.0,7965.0,13789.331,23888.0,4.0,4.0,4.0,0.0,4.0,4.0,4.0,4.0,0.0,4.0,4.0,0,0,0,0,48.0,90.0,0,0,0,0,0,0,0,0,1.0,81.0,48.0,90.0,0,0,0,0,0,0,2,96,2,180,-1,-1,1,20,0.0,0.0,0.0,0.0,0.0,0.0,0.0,0.0
62242,53,17,90.0,166.0,51.0,49.0,45.0,5.6569,85.0,57.0,83.0,9.6908,23972155.66,42584763.33,71789801.0,37207.0,71853212.0,71853212.0,0.0,71853212.0,71853212.0,71768798.0,71768798.0,0.0,71768798.0,71768798.0,0,0,0,0,49.0,85.0,0,0,0,0,0,0,0,0,1.0,73.75,45.0,83.0,0,0,0,0,0,0,2,90,2,166,-1,-1,1,20,30351.0,0.0,30351.0,30351.0,71789865.0,0.0,71789865.0,71789865.0
49280,443,6,18604.0,27976.0,932.0,0.0,198.3667,367.4769,1418.0,0.0,722.2059,545.5686,352723.79,2619297.289,20689944.0,3.0,117052679.0,955601.27,3828588.355,20680040.0,19.0,117099594.0,699448.5,2941544.2,20955764.0,3.0,0,0,0,0,0.0,1418.0,0,0,0,1,0,0,0,0,1.0,487.7545,198.3667,722.2059,0,0,0,0,0,0,210,18604,123,27976,8192,816,215,20,6872999.25,1616482.983,29043046.0,5000825.0,12461712.33,1378244.032,20689946.0,11545648.0
55119,443,6,24.0,0.0,6.0,6.0,6.0,0.0,0.0,0.0,0.0,0.0,12968.33,25637.034,50811.0,0.0,50932.0,16310.66,27890.634,50931.0,0.0,50210.0,50210.0,0.0,50210.0,50210.0,0,0,0,0,0.0,6.0,1,0,0,0,0,0,0,0,0.0,6.0,6.0,0.0,0,0,0,0,0,0,4,24,1,0,0,118,3,20,0.0,0.0,0.0,0.0,0.0,0.0,0.0,0.0
62245,443,6,12.0,0.0,6.0,6.0,6.0,0.0,0.0,0.0,0.0,0.0,3.0,0.0,3.0,3.0,3.0,3.0,0.0,3.0,3.0,0.0,0.0,0.0,0.0,0.0,0,0,0,0,6.0,6.0,1,0,0,0,0,0,0,0,0.0,9.0,6.0,0.0,0,0,0,0,0,0,2,12,0,0,0,-1,1,20,0.0,0.0,0.0,0.0,0.0,0.0,0.0,0.0
60389,53,17,72.0,189.0,72.0,72.0,72.0,0.0,189.0,189.0,189.0,0.0,30662.0,0.0,30662.0,30662.0,0.0,0.0,0.0,0.0,0.0,0.0,0.0,0.0,0.0,0.0,0,0,0,0,72.0,189.0,0,0,0,0,0,0,0,0,1.0,156.5,72.0,189.0,0,0,0,0,0,0,1,72,1,189,-1,-1,0,32,0.0,0.0,0.0,0.0,0.0,0.0,0.0,0.0
56524,443,6,18.0,0.0,6.0,6.0,6.0,0.0,0.0,0.0,0.0,0.0,45118.33,91260.613,180440.0,1.0,453.0,226.5,389.211,440.0,1.0,170160.0,170160.0,0.0,170160.0,170160.0,0,0,0,0,0.0,6.0,1,0,0,0,0,0,0,0,0.0,4.8,6.0,0.0,0,0,0,0,0,0,3,18,2,0,0,114,2,20,0.0,0.0,0.0,0.0,0.0,0.0,0.0,0.0
62444,53,17,53.0,80.0,53.0,53.0,53.0,0.0,80.0,80.0,80.0,0.0,30451.0,0.0,30451.0,30451.0,0.0,0.0,0.0,0.0,0.0,0.0,0.0,0.0,0.0,0.0,0,0,0,0,53.0,80.0,0,0,0,0,0,0,0,0,1.0,93.0,53.0,80.0,0,0,0,0,0,0,1,53,1,80,-1,-1,0,32,0.0,0.0,0.0,0.0,0.0,0.0,0.0,0.0
53056,443,6,1032.0,6181.0,681.0,0.0,114.4444,218.8718,1562.0,0.0,660.0,731.0353,330175.42,1138499.288,4999472.0,38.0,104750.0,27389.75,35690.259,37995.0,21.0,5088284.0,613690.76,1942430.404,4999852.0,48.0,0,0,0,0,0.0,1562.0,0,0,0,1,0,0,0,0,1.0,389.8923,114.4444,660.0,0,0,0,0,0,0,9,1032,10,6181,8192,64,8,20,0.0,0.0,0.0,0.0,0.0,0.0,0.0,0.0
38542,53,17,80.0,196.0,40.0,40.0,40.0,0.0,98.0,98.0,98.0,0.0,10346.0,17919.541,31034.0,49.0,49.0,49.0,0.0,49.0,49.0,49.0,49.0,0.0,49.0,49.0,0,0,0,0,40.0,98.0,0,0,0,0,0,0,0,0,1.0,79.0,40.0,98.0,0,0,0,0,0,0,2,80,2,196,-1,-1,1,32,0.0,0.0,0.0,0.0,0.0,0.0,0.0,0.0
443,60478,6,6.0,6.0,6.0,6.0,6.0,0.0,6.0,6.0,6.0,0.0,65.0,0.0,65.0,65.0,0.0,0.0,0.0,0.0,0.0,0.0,0.0,0.0,0.0,0.0,0,0,0,0,6.0,6.0,0,0,0,0,1,1,0,0,1.0,9.0,6.0,6.0,0,0,0,0,0,0,1,6,1,6,5220,253,0,20,0.0,0.0,0.0,0.0,0.0,0.0,0.0,0.0
60200,53,17,48.0,160.0,48.0,48.0,48.0,0.0,160.0,160.0,160.0,0.0,30672.0,0.0,30672.0,30672.0,0.0,0.0,0.0,0.0,0.0,0.0,0.0,0.0,0.0,0.0,0,0,0,0,48.0,160.0,0,0,0,0,0,0,0,0,1.0,128.0,48.0,160.0,0,0,0,0,0,0,1,48,1,160,-1,-1,0,32,0.0,0.0,0.0,0.0,0.0,0.0,0.0,0.0
40319,443,6,332.0,157.0,232.0,0.0,58.0,87.8199,145.0,0.0,39.25,70.5567,583131.4,1662283.96,5405523.0,3.0,5667272.0,915385.0,2217640.845,5563718.0,3.0,122366.0,40688.66,47712.109,96033.0,3.0,0,0,0,0,0.0,232.0,0,0,0,1,0,0,0,0,0.0,47.8818,58.0,39.25,0,0,0,0,0,0,6,332,4,157,29200,110,3,32,391010.0,0.0,391010.0,391010.0,5405568.0,0.0,5405528.0,5405568.0
443,60912,6,0.0,18.0,0.0,0.0,0.0,0.0,6.0,6.0,6.0,0.0,20824.75,43124.801,82174.0,1.0,82157.0,82157.0,0.0,82157.0,82157.0,86004.0,43002.0,60001.414,86003.0,1.0,0,0,0,0,0.0,6.0,0,0,0,0,1,0,0,0,1.0,3.6,0.0,6.0,0,0,0,0,0,0,2,0,3,18,120,0,0,32,0.0,0.0,0.0,0.0,0.0,0.0,0.0,0.0
443,35452,6,0.0,0.0,0.0,0.0,0.0,0.0,0.0,0.0,0.0,0.0,55.0,0.0,55.0,55.0,0.0,0.0,0.0,0.0,0.0,0.0,0.0,0.0,0.0,0.0,0,0,0,0,0.0,0.0,0,0,0,0,1,1,0,0,1.0,0.0,0.0,0.0,0,0,0,0,0,0,1,0,1,0,185,339,0,32,0.0,0.0,0.0,0.0,0.0,0.0,0.0,0.0
50544,443,6,938.0,4920.0,534.0,0.0,58.8,147.1017,1418.0,0.0,237.5833,489.0516,3043302.0,4598716.845,10016318.0,4.0,115147042.0,5798913.88,4819379.418,10047984.0,4.0,110565401.0,6102958.56,5033465.215,10048704.0,4.0,0,0,0,0,0.0,1418.0,0,0,0,1,0,0,0,0,0.0,135.65,58.8,237.5833,0,0,0,0,0,0,20,938,18,4920,29200,357,4,32,19209.36,34562.711,32267.0,14982.0,10012026.09,4062.812,10016311.0,9999486.0
35569,443,6,903.0,9527.0,517.0,0.0,120.7273,207.048,2380.0,0.0,846.5,900.974,61308.21,116534.734,242151.0,1.0,795793.0,149495.62,189861.567,243154.0,171.0,535548.0,72388.85,109150.068,262468.0,1.0,0,0,0,0,0.0,2380.0,0,0,0,1,0,0,0,0,1.0,615.7,120.7273,846.5,0,0,0,0,0,0,9,903,8,9527,29200,243,8,20,0.0,0.0,0.0,0.0,0.0,0.0,0.0,0.0
55704,443,6,720.0,1295.0,469.0,0.0,72.0,147.7084,1157.0,0.0,259.0,505.5413,19513.71,36587.658,86802.0,4.0,274448.0,30806.88,43498.953,90052.0,56.0,171546.0,44316.0,47642.029,88049.0,373.0,0,0,0,0,0.0,1157.0,0,0,0,1,0,0,0,0,0.0,134.3333,72.0,259.0,0,0,0,0,0,0,10,720,5,1295,65535,65,5,32,0.0,0.0,0.0,0.0,0.0,0.0,0.0,0.0
63760,443,6,844.0,40321.0,309.0,0.0,47.5455,80.8654,2896.0,0.0,1215.5429,924.6118,3595.5,7600.777,25856.0,1.0,154947.0,4761.3,8653.062,23629.0,1.0,141813.0,4208.68,9075.052,41754.0,52.0,0,0,0,0,0.0,2896.0,0,0,0,1,0,0,0,0,1.0,657.22,47.5455,1215.5429,0,0,0,0,0,0,33,844,38,40321,65535,61,6,32,0.0,0.0,0.0,0.0,0.0,0.0,0.0,0.0
52380,443,6,901.0,6568.0,441.0,0.0,106.125,169.4003,2221.0,0.0,805.2857,958.6362,105337.83,159002.885,940123.0,3.0,488076.0,74007.0,135746.461,149501.0,163.0,1391568.0,168212.87,366301.324,990842.0,3.0,0,0,0,0,0.0,2221.0,0,0,0,1,0,0,0,0,1.0,530.5875,106.125,805.2857,0,0,0,0,0,0,8,901,9,6568,8192,245,7,20,0.0,0.0,0.0,0.0,0.0,0.0,0.0,0.0
443,44218,6,0.0,18.0,0.0,0.0,0.0,0.0,6.0,6.0,6.0,0.0,47.33,30.702,83.0,1.0,0.0,0.0,0.0,0.0,0.0,4.0,2.0,1.414,3.0,1.0,0,0,0,0,0.0,6.0,0,0,0,0,1,0,0,0,3.0,4.5,0.0,6.0,0,0,0,0,0,0,1,0,3,18,1939,0,0,32,0.0,0.0,0.0,0.0,0.0,0.0,0.0,0.0
443,55431,6,0.0,0.0,0.0,0.0,0.0,0.0,0.0,0.0,0.0,0.0,54.0,0.0,54.0,54.0,0.0,0.0,0.0,0.0,0.0,0.0,0.0,0.0,0.0,0.0,0,0,0,0,0.0,0.0,0,0,0,0,1,1,0,0,1.0,0.0,0.0,0.0,0,0,0,0,0,0,1,0,1,0,114,338,0,32,0.0,0.0,0.0,0.0,0.0,0.0,0.0,0.0
55541,53,17,84.0,190.0,42.0,42.0,42.0,0.0,95.0,95.0,95.0,0.0,10321.0,17889.99,30958.0,3.0,3.0,3.0,0.0,3.0,3.0,4.0,4.0,0.0,4.0,4.0,0,0,0,0,42.0,95.0,0,0,0,0,0,0,0,0,1.0,79.0,42.0,95.0,0,0,0,0,0,0,2,84,2,190,-1,-1,1,40,0.0,0.0,0.0,0.0,0.0,0.0,0.0,0.0
44226,443,6,1067.0,4397.0,541.0,0.0,79.0833,160.6165,2896.0,0.0,320.6364,843.0856,2254444.08,4115787.086,10145534.0,23.0,62151039.0,4703579.36,5019746.737,10240034.0,203.0,62989084.0,5162864.0,5098628.981,10240161.0,258.0,0,0,0,0,0.0,2896.0,0,0,0,1,0,0,0,0,0.0,191.2,79.0833,320.6364,0,0,0,0,0,0,12,1067,11,4397,29200,972,3,32,122213.66,80847.788,336051.0,83576.0,10041725.83,387803.473,10145539.0,9427617.0
61097,53,17,76.0,358.0,38.0,38.0,38.0,0.0,179.0,179.0,179.0,0.0,174.66,285.216,413.0,3.0,3.0,3.0,0.0,3.0,3.0,3.0,3.0,0.0,3.0,3.0,0,0,0,0,38.0,179.0,0,0,0,0,0,0,0,0,1.0,118.0,38.0,179.0,0,0,0,0,0,0,2,76,2,358,-1,-1,1,20,0.0,0.0,0.0,0.0,0.0,0.0,0.0,0.0
54520,443,6,12.0,0.0,6.0,6.0,6.0,0.0,0.0,0.0,0.0,0.0,1.0,0.0,1.0,1.0,1.0,1.0,0.0,1.0,1.0,0.0,0.0,0.0,0.0,0.0,0,0,0,0,6.0,6.0,1,0,0,0,0,0,0,0,0.0,9.0,6.0,0.0,0,0,0,0,0,0,2,12,0,0,0,-1,1,20,0.0,0.0,0.0,0.0,0.0,0.0,0.0,0.0
80,4661,6,12.0,0.0,6.0,6.0,6.0,0.0,0.0,0.0,0.0,0.0,3315.0,0.0,3315.0,3315.0,3315.0,3315.0,0.0,3315.0,3315.0,0.0,0.0,0.0,0.0,0.0,0,0,0,0,6.0,6.0,0,0,0,0,1,0,0,0,0.0,9.0,6.0,0.0,0,0,0,0,0,0,2,12,0,0,940,-1,1,20,0.0,0.0,0.0,0.0,0.0,0.0,0.0,0.0
33862,80,6,1088.0,630.0,1074.0,0.0,211.0,475.7,630.0,0.0,166.25,330.1553,1941624.28,3956077.32,9999172.0,69.0,10023071.0,2501367.66,4912449.113,9999172.0,99.0,15031264.0,3650451.33,4640986.236,10025613.0,1231.0,0,0,0,0,0.0,1074.0,0,0,0,1,0,0,0,0,1.0,158.4,211.0,166.25,0,0,0,0,0,0,4,1088,4,630,29200,5886,1,32,372029.0,0.0,372029.0,372029.0,9999171.0,0.0,9999171.0,9999171.0
51857,443,6,617.0,164.0,517.0,0.0,88.1429,189.989,152.0,0.0,41.0,74.054,534020.5,1756654.467,5416552.0,9.0,5563865.0,940653.16,2288664.674,5472206.0,49.0,82536.0,26548.33,38498.73,61948.0,208.0,0,0,0,0,0.0,517.0,0,0,0,1,0,0,0,0,0.0,71.0,88.1429,41.0,0,0,0,0,0,0,7,617,4,164,29200,30,6,20,109116.0,0.0,109116.0,109116.0,5416546.0,0.0,5416546.0,5416546.0
59855,53,17,88.0,210.0,44.0,44.0,44.0,0.0,105.0,105.0,105.0,0.0,7907.0,13619.067,23714.0,3.0,3.0,3.0,0.0,3.0,3.0,3.0,3.0,0.0,3.0,3.0,0,0,0,0,44.0,105.0,0,0,0,0,0,0,0,0,1.0,85.5,44.0,105.0,0,0,0,0,0,0,2,88,2,210,-1,-1,1,20,0.0,0.0,0.0,0.0,0.0,0.0,0.0,0.0
443,49460,6,0.0,0.0,0.0,0.0,0.0,0.0,0.0,0.0,0.0,0.0,39.0,0.0,39.0,39.0,0.0,0.0,0.0,0.0,0.0,0.0,0.0,0.0,0.0,0.0,0,0,0,0,0.0,0.0,0,0,0,0,1,1,0,0,1.0,0.0,0.0,0.0,0,0,0,0,0,0,1,0,1,0,22,33304,0,32,0.0,0.0,0.0,0.0,0.0,0.0,0.0,0.0
443,59261,6,0.0,0.0,0.0,0.0,0.0,0.0,0.0,0.0,0.0,0.0,96.0,0.0,96.0,96.0,0.0,0.0,0.0,0.0,0.0,0.0,0.0,0.0,0.0,0.0,0,0,0,0,0.0,0.0,0,0,0,0,1,1,0,0,1.0,0.0,0.0,0.0,0,0,0,0,0,0,1,0,1,0,362,32832,0,32,0.0,0.0,0.0,0.0,0.0,0.0,0.0,0.0
57996,80,6,12.0,0.0,6.0,6.0,6.0,0.0,0.0,0.0,0.0,0.0,5054.0,0.0,5054.0,5054.0,5054.0,5054.0,0.0,5054.0,5054.0,0.0,0.0,0.0,0.0,0.0,0,0,0,0,6.0,6.0,0,0,0,0,1,0,0,0,0.0,9.0,6.0,0.0,0,0,0,0,0,0,2,12,0,0,63429,-1,1,20,0.0,0.0,0.0,0.0,0.0,0.0,0.0,0.0
54053,53,17,62.0,222.0,31.0,31.0,31.0,0.0,111.0,111.0,111.0,0.0,10201.66,17645.116,30592.0,3.0,4.0,4.0,0.0,4.0,4.0,3.0,3.0,0.0,3.0,3.0,0,0,0,0,31.0,111.0,0,0,0,0,0,0,0,0,1.0,78.75,31.0,111.0,0,0,0,0,0,0,2,62,2,222,-1,-1,1,20,0.0,0.0,0.0,0.0,0.0,0.0,0.0,0.0
53613,53,17,136.0,392.0,68.0,68.0,68.0,0.0,196.0,196.0,196.0,0.0,84.33,105.067,206.0,4.0,48.0,48.0,0.0,48.0,48.0,4.0,4.0,0.0,4.0,4.0,0,0,0,0,68.0,196.0,0,0,0,0,0,0,0,0,1.0,149.0,68.0,196.0,0,0,0,0,0,0,2,136,2,392,-1,-1,1,20,0.0,0.0,0.0,0.0,0.0,0.0,0.0,0.0
443,52107,6,0.0,0.0,0.0,0.0,0.0,0.0,0.0,0.0,0.0,0.0,61.0,0.0,61.0,61.0,0.0,0.0,0.0,0.0,0.0,0.0,0.0,0.0,0.0,0.0,0,0,0,0,0.0,0.0,0,0,0,0,1,1,0,0,1.0,0.0,0.0,0.0,0,0,0,0,0,0,1,0,1,0,60,33304,0,32,0.0,0.0,0.0,0.0,0.0,0.0,0.0,0.0
61354,53,17,58.0,74.0,58.0,58.0,58.0,0.0,74.0,74.0,74.0,0.0,23282.0,0.0,23282.0,23282.0,0.0,0.0,0.0,0.0,0.0,0.0,0.0,0.0,0.0,0.0,0,0,0,0,58.0,74.0,0,0,0,0,0,0,0,0,1.0,95.0,58.0,74.0,0,0,0,0,0,0,1,58,1,74,-1,-1,0,20,0.0,0.0,0.0,0.0,0.0,0.0,0.0,0.0
55549,53,17,88.0,164.0,44.0,44.0,44.0,0.0,82.0,82.0,82.0,0.0,16599.66,28784.916,49793.0,3.0,48.0,48.0,0.0,48.0,48.0,3.0,3.0,0.0,3.0,3.0,0,0,0,0,44.0,82.0,0,0,0,0,0,0,0,0,1.0,74.0,44.0,82.0,0,0,0,0,0,0,2,88,2,164,-1,-1,1,20,0.0,0.0,0.0,0.0,0.0,0.0,0.0,0.0
443,48678,6,0.0,0.0,0.0,0.0,0.0,0.0,0.0,0.0,0.0,0.0,75.0,0.0,75.0,75.0,0.0,0.0,0.0,0.0,0.0,0.0,0.0,0.0,0.0,0.0,0,0,0,0,0.0,0.0,0,0,0,0,1,1,0,0,1.0,0.0,0.0,0.0,0,0,0,0,0,0,1,0,1,0,349,32832,0,32,0.0,0.0,0.0,0.0,0.0,0.0,0.0,0.0
57455,80,6,12.0,0.0,6.0,0.0,4.0,3.4641,0.0,0.0,0.0,0.0,1916150.33,3280497.977,5719464.0,39.0,5734762.0,2867381.0,4046309.175,5719464.0,53949.0,0.0,0.0,0.0,0.0,0.0,0,0,0,0,0.0,6.0,0,0,0,1,0,0,0,0,0.0,3.0,4.0,0.0,0,0,0,0,0,0,3,12,1,0,8192,4380,2,20,0.0,0.0,0.0,0.0,0.0,0.0,0.0,0.0
80,49865,6,0.0,0.0,0.0,0.0,0.0,0.0,0.0,0.0,0.0,0.0,65.0,0.0,65.0,65.0,0.0,0.0,0.0,0.0,0.0,0.0,0.0,0.0,0.0,0.0,0,0,0,0,0.0,0.0,0,0,0,0,1,1,0,0,1.0,0.0,0.0,0.0,0,0,0,0,0,0,1,0,1,0,285,229,0,32,0.0,0.0,0.0,0.0,0.0,0.0,0.0,0.0
6860,443,6,2997.0,9007.0,643.0,0.0,166.3529,247.1812,1460.0,0.0,479.0714,616.0278,2349650.4,4180577.067,9992368.0,10.0,76132119.0,4418518.97,4872141.591,10020433.0,36267.0,76022688.0,5838218.76,4894583.524,10020019.0,189.0,0,0,0,0,0.0,1460.0,0,0,0,1,0,0,0,0,0.0,304.5868,166.3529,479.0714,0,0,0,0,0,0,29,2997,17,9007,8192,1130,28,20,133388.66,94095.698,326945.0,28592.0,9495557.57,1241449.608,9992369.0,5384163.0
60602,53,17,45.0,130.0,45.0,45.0,45.0,0.0,130.0,130.0,130.0,0.0,46438.0,0.0,46438.0,46438.0,0.0,0.0,0.0,0.0,0.0,0.0,0.0,0.0,0.0,0.0,0,0,0,0,45.0,130.0,0,0,0,0,0,0,0,0,1.0,110.0,45.0,130.0,0,0,0,0,0,0,1,45,1,130,-1,-1,0,20,0.0,0.0,0.0,0.0,0.0,0.0,0.0,0.0
60380,53,17,76.0,154.0,76.0,76.0,76.0,0.0,154.0,154.0,154.0,0.0,48632.0,0.0,48632.0,48632.0,0.0,0.0,0.0,0.0,0.0,0.0,0.0,0.0,0.0,0.0,0,0,0,0,76.0,154.0,0,0,0,0,0,0,0,0,1.0,153.0,76.0,154.0,0,0,0,0,0,0,1,76,1,154,-1,-1,0,20,0.0,0.0,0.0,0.0,0.0,0.0,0.0,0.0
54377,443,6,74.0,0.0,37.0,37.0,37.0,0.0,0.0,0.0,0.0,0.0,64068186.0,0.0,64068186.0,64068186.0,64068186.0,64068186.0,0.0,64068186.0,64068186.0,0.0,0.0,0.0,0.0,0.0,1,0,0,0,37.0,37.0,0,1,0,0,1,1,0,0,0.0,55.5,37.0,0.0,0,0,0,0,0,0,2,74,0,0,33304,-1,1,32,0.0,0.0,0.0,0.0,0.0,0.0,0.0,0.0
3538,53,17,104.0,352.0,52.0,52.0,52.0,0.0,176.0,176.0,176.0,0.0,10316.33,17861.533,30944.0,3.0,3.0,3.0,0.0,3.0,3.0,3.0,3.0,0.0,3.0,3.0,0,0,0,0,52.0,176.0,0,0,0,0,0,0,0,0,1.0,127.0,52.0,176.0,0,0,0,0,0,0,2,104,2,352,-1,-1,1,20,0.0,0.0,0.0,0.0,0.0,0.0,0.0,0.0
54973,443,6,2957.0,6593.0,460.0,0.0,112.32,197.0916,1518.0,0.0,352.2455,586.0766,2637150.62,4373421.312,10008155.0,3.0,116776509.0,4837286.1,4999998.76,10025210.0,3.0,110826651.0,4620428.39,5080085.836,10029901.0,49.0,0,0,0,0,0.0,1518.0,0,0,0,1,0,0,0,0,1.0,226.2128,112.32,352.2455,0,0,0,0,0,0,25,2957,29,6593,8192,726,24,20,61599.0,120299.49,608827.0,28954.0,9632229.81,1227805.556,10008159.0,5235352.0
59501,443,6,1206.0,4952.0,917.0,0.0,82.1364,210.1793,1400.0,0.0,555.5,647.1907,3968.52,5727.254,15275.0,2.0,78385.0,5720.91,7922.862,26376.0,3.0,53588.0,1112.25,7364.281,15209.0,2.0,0,0,0,0,0.0,1400.0,0,0,0,1,0,0,0,0,0.0,266.0,82.1364,555.5,0,0,0,0,0,0,12,1206,12,4952,65535,32,11,20,0.0,0.0,0.0,0.0,0.0,0.0,0.0,0.0
53745,443,6,1617.0,2799.0,517.0,0.0,67.8333,157.4269,1418.0,0.0,165.8824,360.1578,2885648.85,4406299.248,10018682.0,3.0,115290575.0,5244542.75,4920118.969,10061916.0,3.0,111221308.0,6192026.58,5072452.309,10062962.0,49.0,0,0,0,0,0.0,1418.0,0,0,0,1,0,0,0,0,0.0,108.6151,67.8333,165.8824,0,0,0,0,0,0,24,1617,18,2799,29200,357,5,32,58918.54,158478.736,592967.0,36249.0,10000167.18,3911.822,10018688.0,9998604.0
443,57549,6,0.0,0.0,0.0,0.0,0.0,0.0,0.0,0.0,0.0,0.0,73.0,0.0,73.0,73.0,0.0,0.0,0.0,0.0,0.0,0.0,0.0,0.0,0.0,0.0,0,0,0,0,0.0,0.0,0,0,0,0,1,1,0,0,1.0,0.0,0.0,0.0,0,0,0,0,0,0,1,0,1,0,357,32832,0,32,0.0,0.0,0.0,0.0,0.0,0.0,0.0,0.0
53038,80,6,1834.0,769.0,433.0,0.0,68.1538,173.2199,792.0,0.0,53.6471,115.8399,3615037.36,4795257.351,10011266.0,18.0,116809153.0,6402554.17,4675309.648,10048018.0,278.0,111628442.0,7142191.15,4220165.3,10048172.0,816.0,0,0,0,0,0.0,792.0,0,0,0,1,0,0,0,0,0.0,50.1503,68.1538,53.6471,0,0,0,0,0,0,19,1834,17,769,29200,1068,4,32,108981.09,394970.661,1223225.0,23187.0,9999592.18,12298.012,10011265.0,9989674.0
60792,53,17,48.0,80.0,48.0,48.0,48.0,0.0,80.0,80.0,80.0,0.0,158530.0,0.0,158530.0,158530.0,0.0,0.0,0.0,0.0,0.0,0.0,0.0,0.0,0.0,0.0,0,0,0,0,48.0,80.0,0,0,0,0,0,0,0,0,1.0,88.0,48.0,80.0,0,0,0,0,0,0,1,48,1,80,-1,-1,0,20,0.0,0.0,0.0,0.0,0.0,0.0,0.0,0.0
50813,443,6,3757.0,4045.0,643.0,0.0,273.4286,387.322,1616.0,0.0,314.4737,608.2785,681885.78,2236562.857,9440448.0,17.0,14428092.0,1238002.84,3330485.31,9440448.0,143.0,14441852.0,1535950.86,3203565.56,10560026.0,214.0,0,0,0,0,0.0,1616.0,0,0,0,1,0,0,0,0,0.0,329.9,273.4286,314.4737,0,0,0,0,0,0,14,3757,13,4045,8192,125,13,20,2369196.0,0.0,2369196.0,2369196.0,9440454.0,0.0,9440454.0,9440454.0
62437,53,17,53.0,148.0,53.0,53.0,53.0,0.0,148.0,148.0,148.0,0.0,76365.0,0.0,76365.0,76365.0,0.0,0.0,0.0,0.0,0.0,0.0,0.0,0.0,0.0,0.0,0,0,0,0,53.0,148.0,0,0,0,0,0,0,0,0,1.0,127.0,53.0,148.0,0,0,0,0,0,0,1,53,1,148,-1,-1,0,32,0.0,0.0,0.0,0.0,0.0,0.0,0.0,0.0
41704,443,6,1364.0,41346.0,901.0,0.0,55.3077,186.1611,3453.0,0.0,1026.1455,1053.9291,716375.79,2596121.729,10029930.0,3.0,30496415.0,2663563.53,4438191.318,10046016.0,222.0,30742509.0,1487340.34,3753094.698,10048917.0,4.0,0,0,0,0,0.0,3453.0,0,0,0,1,0,0,0,0,1.0,571.4843,55.3077,1026.1455,0,0,0,0,0,0,26,1364,38,41346,29200,62,3,32,56210.14,187750.863,400618.0,36573.0,10017351.9,14835.598,10029933.0,9997367.0
62096,443,6,611.0,168.0,517.0,0.0,101.8333,204.3051,156.0,0.0,42.0,76.0526,644788.22,1668500.671,5316555.0,3.0,5479209.0,1094436.8,2250242.504,5461725.0,3.0,188158.0,44819.33,42883.124,89383.0,3430.0,0,0,0,0,0.0,517.0,0,0,0,1,0,0,0,0,0.0,77.9,101.8333,42.0,0,0,0,0,0,0,6,611,4,168,8192,118,5,20,967509.0,0.0,967509.0,967509.0,5316530.0,0.0,5316550.0,5316530.0
443,54891,6,0.0,0.0,0.0,0.0,0.0,0.0,0.0,0.0,0.0,0.0,40.0,0.0,40.0,40.0,0.0,0.0,0.0,0.0,0.0,0.0,0.0,0.0,0.0,0.0,0,0,0,0,0.0,0.0,0,0,0,0,1,1,0,0,1.0,0.0,0.0,0.0,0,0,0,0,0,0,1,0,1,0,357,32832,0,32,0.0,0.0,0.0,0.0,0.0,0.0,0.0,0.0
63629,443,6,37.0,0.0,37.0,0.0,7.4,16.5469,0.0,0.0,0.0,0.0,6789.5,13632.042,13265.0,0.0,13267.0,6811.75,10822.105,13265.0,0.0,0.0,0.0,0.0,0.0,0.0,0,0,0,0,0.0,37.0,0,0,0,0,1,0,0,0,0.0,7.4,7.4,0.0,0,0,0,0,0,0,5,37,0,0,33213,-1,1,32,0.0,0.0,0.0,0.0,0.0,0.0,0.0,0.0
443,39195,6,0.0,0.0,0.0,0.0,0.0,0.0,0.0,0.0,0.0,0.0,89.0,0.0,89.0,89.0,0.0,0.0,0.0,0.0,0.0,0.0,0.0,0.0,0.0,0.0,0,0,0,0,0.0,0.0,0,0,0,0,1,1,0,0,1.0,0.0,0.0,0.0,0,0,0,0,0,0,1,0,1,0,122,332,0,32,0.0,0.0,0.0,0.0,0.0,0.0,0.0,0.0
55202,53,17,128.0,290.0,32.0,32.0,32.0,0.0,145.0,145.0,145.0,0.0,6207.2,10244.626,24322.0,3.0,24463.0,8484.0,14879.958,24312.0,3.0,3.0,3.0,0.0,3.0,3.0,0,0,0,0,32.0,145.0,0,0,0,0,0,0,0,0,0.0,73.3333,32.0,145.0,0,0,0,0,0,0,4,128,2,290,-1,-1,3,20,0.0,0.0,0.0,0.0,0.0,0.0,0.0,0.0
443,64826,6,43.0,6.0,31.0,6.0,14.3333,14.4338,6.0,6.0,6.0,0.0,25.66,30.819,61.0,1.0,5.0,2.5,0.0,2.0,2.0,0.0,0.0,0.0,0.0,0.0,0,0,0,0,6.0,31.0,0,0,0,0,1,0,0,0,0.0,13.75,14.3333,6.0,0,0,0,0,0,0,3,43,1,6,1751,0,2,20,0.0,0.0,0.0,0.0,0.0,0.0,0.0,0.0
58577,80,6,376.0,344.0,376.0,0.0,23.4286,83.2436,344.0,0.0,15.8,104.4635,3521415.47,4881712.359,10025599.0,62.0,115928238.0,7342745.33,4274136.821,10055547.0,202.0,110429477.0,7904032.84,4529630.761,10057226.0,15746.0,0,0,0,0,0.0,374.0,0,0,0,1,0,0,0,0,0.0,25.25,23.4286,15.8,0,0,0,0,0,0,19,376,15,344,29200,114,1,32,41807.81,8543.198,75800.0,36226.0,10012696.54,5938.394,10025597.0,9999817.0
61538,53,17,47.0,107.0,47.0,47.0,47.0,0.0,107.0,107.0,107.0,0.0,506224.0,0.0,506224.0,506224.0,0.0,0.0,0.0,0.0,0.0,0.0,0.0,0.0,0.0,0.0,0,0,0,0,47.0,107.0,0,0,0,0,0,0,0,0,1.0,100.5,47.0,107.0,0,0,0,0,0,0,1,47,1,107,-1,-1,0,32,0.0,0.0,0.0,0.0,0.0,0.0,0.0,0.0
56704,53,17,156.0,224.0,39.0,39.0,39.0,0.0,56.0,56.0,56.0,0.0,5049.71,11629.019,36642.0,1.0,36569.0,12889.0,22681.009,36552.0,3.0,2937.0,649.33,7158.562,2928.0,1.0,0,0,0,0,39.0,56.0,0,0,0,0,0,0,0,0,1.0,52.75,39.0,56.0,0,0,0,0,0,0,4,156,4,224,-1,-1,3,20,0.0,0.0,0.0,0.0,0.0,0.0,0.0,0.0
56633,53,17,136.0,262.0,34.0,34.0,34.0,0.0,61.0,61.0,61.0,0.0,6152.0,12405.202,30219.0,1.0,30390.0,10133.0,17587.974,30283.0,1.0,48.0,48.0,0.0,48.0,48.0,0,0,0,0,34.0,61.0,0,0,0,0,0,0,0,0,0.0,52.0,34.0,61.0,0,0,0,0,0,0,4,136,2,262,-1,-1,3,20,0.0,0.0,0.0,0.0,0.0,0.0,0.0,0.0
62070,443,6,585.0,4980.0,196.0,0.0,68.3571,82.7729,1430.0,0.0,599.0,678.9812,26742.46,45097.646,186836.0,1.0,498816.0,45771.0,57911.553,186806.0,3.0,298543.0,59285.85,70947.204,187148.0,88.0,0,0,0,0,0.0,1430.0,0,0,0,1,0,0,0,0,0.0,321.6611,68.3571,599.0,0,0,0,0,0,0,9,585,8,4980,8192,343,8,20,0.0,0.0,0.0,0.0,0.0,0.0,0.0,0.0
55377,80,6,12.0,0.0,6.0,6.0,6.0,0.0,0.0,0.0,0.0,0.0,225.0,0.0,225.0,225.0,225.0,225.0,0.0,225.0,225.0,0.0,0.0,0.0,0.0,0.0,0,0,0,0,6.0,6.0,0,0,0,0,1,0,0,0,0.0,9.0,6.0,0.0,0,0,0,0,0,0,2,12,0,0,255,-1,1,20,0.0,0.0,0.0,0.0,0.0,0.0,0.0,0.0
6777,53,17,82.0,274.0,41.0,41.0,41.0,0.0,137.0,137.0,137.0,0.0,31030.0,53772.549,93088.0,2.0,3.0,3.0,0.0,3.0,3.0,2.0,2.0,0.0,2.0,2.0,0,0,0,0,41.0,137.0,0,0,0,0,0,0,0,0,1.0,99.25,41.0,137.0,0,0,0,0,0,0,2,82,2,274,-1,-1,1,20,0.0,0.0,0.0,0.0,0.0,0.0,0.0,0.0
48706,443,6,390.0,4866.0,189.0,0.0,38.8889,70.1292,1613.0,0.0,811.2,805.355,398742.03,1421210.111,5526408.0,3.0,5787301.0,620880.87,1836376.256,5526408.0,3.0,78719.0,13454.25,18056.311,39741.0,55.0,0,0,0,0,0.0,1613.0,0,0,0,1,0,0,0,0,0.0,340.6,38.8889,811.2,0,0,0,0,0,0,9,390,5,4866,29200,115,3,32,115269.0,0.0,115269.0,115269.0,5586463.0,0.0,5526483.0,5526463.0
22832,53,17,64.0,406.0,32.0,32.0,32.0,0.0,203.0,203.0,203.0,0.0,78.33,132.649,239.0,3.0,3.0,3.0,0.0,3.0,3.0,4.0,4.0,0.0,4.0,4.0,0,0,0,0,32.0,203.0,0,0,0,0,0,0,0,0,1.0,125.5,32.0,203.0,0,0,0,0,0,0,2,64,2,406,-1,-1,1,20,0.0,0.0,0.0,0.0,0.0,0.0,0.0,0.0
56315,80,6,0.0,0.0,0.0,0.0,0.0,0.0,0.0,0.0,0.0,0.0,64066179.04,0.0,64066179.0,64066179.0,64066179.0,64066179.0,0.0,64066179.0,64066179.0,0.0,0.0,0.0,0.0,0.0,0,0,0,0,0.0,0.0,0,0,0,0,1,1,0,0,0.0,0.0,0.0,0.0,0,0,0,0,0,0,2,0,0,0,33304,-1,0,32,0.0,0.0,0.0,0.0,0.0,0.0,0.0,0.0
443,39676,6,0.0,0.0,0.0,0.0,0.0,0.0,0.0,0.0,0.0,0.0,51.0,0.0,51.0,51.0,0.0,0.0,0.0,0.0,0.0,0.0,0.0,0.0,0.0,0.0,0,0,0,0,0.0,0.0,0,0,0,0,1,1,0,0,1.0,0.0,0.0,0.0,0,0,0,0,0,0,1,0,1,0,362,350,0,32,0.0,0.0,0.0,0.0,0.0,0.0,0.0,0.0
50097,80,6,0.0,0.0,0.0,0.0,0.0,0.0,0.0,0.0,0.0,0.0,64068888.0,0.0,64068888.0,64068888.0,64068888.0,64068888.0,0.0,64068888.0,64068888.0,0.0,0.0,0.0,0.0,0.0,0,0,0,0,0.0,0.0,0,0,0,0,1,1,0,0,0.0,0.0,0.0,0.0,0,0,0,0,0,0,2,0,0,0,33304,-1,0,32,0.0,0.0,0.0,0.0,0.0,0.0,0.0,0.0
443,55336,6,31.0,0.0,31.0,0.0,15.5,21.9203,0.0,0.0,0.0,0.0,3.0,0.0,3.0,3.0,3.0,3.0,0.0,3.0,3.0,0.0,0.0,0.0,0.0,0.0,1,0,0,0,0.0,31.0,0,1,0,0,1,0,0,0,0.0,31.0,15.5,0.0,0,0,0,0,0,0,2,31,0,0,116,-1,0,32,0.0,0.0,0.0,0.0,0.0,0.0,0.0,0.0
2058,80,6,12.0,0.0,6.0,0.0,4.0,3.4641,0.0,0.0,0.0,0.0,1225511.0,1919434.264,4433148.0,109.0,5547541.0,2571870.33,2276421.722,4433148.0,15393.0,0.0,0.0,0.0,0.0,0.0,0,0,0,0,0.0,6.0,0,0,0,1,0,0,0,0,0.0,3.0,4.0,0.0,0,0,0,0,0,0,4,12,1,0,8192,42780,2,20,0.0,0.0,0.0,0.0,0.0,0.0,0.0,0.0
62038,53,17,51.0,83.0,51.0,51.0,51.0,0.0,83.0,83.0,83.0,0.0,30669.0,0.0,30669.0,30669.0,0.0,0.0,0.0,0.0,0.0,0.0,0.0,0.0,0.0,0.0,0,0,0,0,51.0,83.0,0,0,0,0,0,0,0,0,1.0,92.5,51.0,83.0,0,0,0,0,0,0,1,51,1,83,-1,-1,0,32,0.0,0.0,0.0,0.0,0.0,0.0,0.0,0.0
60277,53,17,90.0,481.0,45.0,45.0,45.0,0.0,241.0,241.0,241.0,0.0,40770.33,69779.013,122304.0,8.0,0.0,0.0,0.0,0.0,0.0,48.0,48.0,0.0,48.0,48.0,0,0,0,0,45.0,241.0,0,0,0,0,0,0,0,0,1.0,154.25,45.0,241.0,0,0,0,0,0,0,2,90,2,481,-1,-1,1,20,0.0,0.0,0.0,0.0,0.0,0.0,0.0,0.0
443,54212,6,0.0,0.0,0.0,0.0,0.0,0.0,0.0,0.0,0.0,0.0,42.0,59.835,80.0,3.0,3.0,3.0,0.0,3.0,3.0,0.0,0.0,0.0,0.0,0.0,0,0,0,0,0.0,0.0,0,0,0,0,1,1,0,0,0.0,0.0,0.0,0.0,0,0,0,0,0,0,2,0,1,0,351,32832,0,32,0.0,0.0,0.0,0.0,0.0,0.0,0.0,0.0
62467,53,17,97.0,225.0,50.0,47.0,48.5,3.5355,110.0,145.0,112.5,9.7927,13645799.66,23204316.63,40753195.0,69110.0,40783338.0,40783338.0,0.0,40783338.0,40783338.0,40786305.0,40786305.0,0.0,40786305.0,40786305.0,0,0,0,0,47.0,110.0,0,0,0,0,0,0,0,0,1.0,98.5,48.5,112.5,0,0,0,0,0,0,2,97,2,225,-1,-1,1,20,30530.0,0.0,30530.0,30530.0,40753181.0,0.0,40753191.0,40753181.0
443,53718,6,6.0,6.0,6.0,6.0,6.0,0.0,6.0,6.0,6.0,0.0,33.0,0.0,33.0,33.0,0.0,0.0,0.0,0.0,0.0,0.0,0.0,0.0,0.0,0.0,0,0,0,0,6.0,6.0,0,0,0,0,1,1,0,0,1.0,9.0,6.0,6.0,0,0,0,0,0,0,1,6,1,6,288,16360,0,20,0.0,0.0,0.0,0.0,0.0,0.0,0.0,0.0
443,54659,6,12.0,6.0,6.0,6.0,6.0,0.0,6.0,6.0,6.0,0.0,5797.0,0.0,5797.0,5797.0,5797.0,5797.0,0.0,5797.0,5797.0,0.0,0.0,0.0,0.0,0.0,0,0,0,0,6.0,6.0,0,0,0,0,1,0,0,0,0.0,8.0,6.0,6.0,0,0,0,0,0,0,2,12,1,6,32,32850,1,20,0.0,0.0,0.0,0.0,0.0,0.0,0.0,0.0
443,58358,6,37.0,0.0,37.0,0.0,18.5,26.163,0.0,0.0,0.0,0.0,3.0,0.0,3.0,3.0,3.0,3.0,0.0,3.0,3.0,0.0,0.0,0.0,0.0,0.0,1,0,0,0,0.0,37.0,0,1,0,0,1,0,0,0,0.0,37.0,18.5,0.0,0,0,0,0,0,0,2,37,0,0,972,-1,0,32,0.0,0.0,0.0,0.0,0.0,0.0,0.0,0.0
60656,53,17,54.0,111.0,54.0,54.0,54.0,0.0,111.0,111.0,111.0,0.0,30569.0,0.0,30569.0,30569.0,0.0,0.0,0.0,0.0,0.0,0.0,0.0,0.0,0.0,0.0,0,0,0,0,54.0,111.0,0,0,0,0,0,0,0,0,1.0,109.5,54.0,111.0,0,0,0,0,0,0,1,54,1,111,-1,-1,0,32,0.0,0.0,0.0,0.0,0.0,0.0,0.0,0.0
50827,53,17,60.0,264.0,30.0,30.0,30.0,0.0,132.0,132.0,132.0,0.0,31870.33,54446.687,95609.0,3.0,4.0,4.0,0.0,4.0,4.0,3.0,3.0,0.0,3.0,3.0,0,0,0,0,30.0,132.0,0,0,0,0,0,0,0,0,1.0,88.5,30.0,132.0,0,0,0,0,0,0,2,60,2,264,-1,-1,1,32,0.0,0.0,0.0,0.0,0.0,0.0,0.0,0.0
60306,53,17,46.0,74.0,46.0,46.0,46.0,0.0,74.0,74.0,74.0,0.0,23990.0,0.0,23990.0,23990.0,0.0,0.0,0.0,0.0,0.0,0.0,0.0,0.0,0.0,0.0,0,0,0,0,46.0,74.0,0,0,0,0,0,0,0,0,1.0,83.0,46.0,74.0,0,0,0,0,0,0,1,46,1,74,-1,-1,0,20,0.0,0.0,0.0,0.0,0.0,0.0,0.0,0.0
59218,443,6,1176.0,1819.0,885.0,0.0,115.6,275.3613,1381.0,0.0,303.8,557.7847,21959.57,36310.48,85252.0,3.0,317688.0,37248.33,43285.213,145211.0,3.0,220931.0,50195.25,49290.317,88635.0,372.0,0,0,0,0,0.0,1381.0,0,0,0,1,0,0,0,0,0.0,183.3333,115.6,303.8,0,0,0,0,0,0,10,1176,5,1819,65535,69,5,32,0.0,0.0,0.0,0.0,0.0,0.0,0.0,0.0
61212,53,17,50.0,66.0,50.0,50.0,50.0,0.0,66.0,66.0,66.0,0.0,30013.0,0.0,30013.0,30013.0,0.0,0.0,0.0,0.0,0.0,0.0,0.0,0.0,0.0,0.0,0,0,0,0,50.0,66.0,0,0,0,0,0,0,0,0,1.0,83.0,50.0,66.0,0,0,0,0,0,0,1,50,1,66,-1,-1,0,32,0.0,0.0,0.0,0.0,0.0,0.0,0.0,0.0
61261,53,17,147.0,266.0,85.0,52.0,73.5,20.7071,145.0,93.0,133.0,70.2056,1162271.33,2074594.908,4306760.0,48505.0,4476829.0,2476829.0,0.0,4476829.0,4476829.0,4420950.0,4420950.0,0.0,4420950.0,4420950.0,0,0,0,0,52.0,145.0,0,0,0,0,0,0,0,0,1.0,122.75,73.5,133.0,0,0,0,0,0,0,2,147,2,266,-1,-1,1,32,0.0,0.0,0.0,0.0,0.0,0.0,0.0,0.0
61742,443,6,1180.0,3343.0,901.0,0.0,98.3333,256.1616,1397.0,0.0,588.375,693.1011,3844.92,5932.534,15119.0,1.0,61424.0,6810.81,9578.497,20178.0,1.0,41874.0,7253.42,7476.424,18377.0,2.0,0,0,0,0,0.0,1397.0,0,0,0,1,0,0,0,0,0.0,264.6411,98.3333,588.375,0,0,0,0,0,0,12,1180,8,3343,65535,32,11,20,0.0,0.0,0.0,0.0,0.0,0.0,0.0,0.0
44879,443,6,599.0,152.0,517.0,0.0,85.5714,191.3085,152.0,0.0,38.0,76.0,553567.6,1552251.928,4990996.0,67.0,5091312.0,845844.33,2037246.533,5075781.0,97.0,84093.0,28061.0,30042.114,60913.0,1998.0,0,0,0,0,0.0,517.0,0,0,0,1,0,0,0,0,0.0,68.2727,85.5714,38.0,0,0,0,0,0,0,7,599,4,152,29200,939,3,32,0.0,0.0,0.0,0.0,0.0,0.0,0.0,0.0
55189,53,17,56.0,568.0,28.0,28.0,28.0,0.0,284.0,284.0,284.0,0.0,16027.66,27743.49,48036.0,3.0,3.0,3.0,0.0,3.0,3.0,3.0,3.0,0.0,3.0,3.0,0,0,0,0,28.0,284.0,0,0,0,0,0,0,0,0,1.0,163.0,28.0,284.0,0,0,0,0,0,0,2,56,2,568,-1,-1,1,32,0.0,0.0,0.0,0.0,0.0,0.0,0.0,0.0
443,63920,6,0.0,18.0,0.0,0.0,0.0,0.0,6.0,6.0,6.0,0.0,25929.75,51990.008,101897.0,1.0,101957.0,101957.0,0.0,101957.0,101957.0,5.0,2.5,2.121,4.0,1.0,0,0,0,0,0.0,6.0,0,0,0,0,1,0,0,0,1.0,3.6,0.0,6.0,0,0,0,0,0,0,2,0,3,18,118,0,0,32,0.0,0.0,0.0,0.0,0.0,0.0,0.0,0.0
56786,443,6,931.0,3913.0,789.0,0.0,93.875,245.1465,1448.0,0.0,553.1429,623.9857,7774.8,13414.812,36483.0,3.0,137010.0,11552.57,16345.585,36707.0,3.0,103094.0,14096.66,17126.93,36247.0,3.0,0,0,0,0,0.0,1448.0,0,0,0,1,0,0,0,0,0.0,267.5333,93.875,553.1429,0,0,0,0,0,0,12,931,7,3913,65535,116,5,32,0.0,0.0,0.0,0.0,0.0,0.0,0.0,0.0
60085,53,17,52.0,145.0,52.0,52.0,52.0,0.0,145.0,145.0,145.0,0.0,108086.0,0.0,108086.0,108086.0,0.0,0.0,0.0,0.0,0.0,0.0,0.0,0.0,0.0,0.0,0,0,0,0,52.0,145.0,0,0,0,0,0,0,0,0,1.0,124.5,52.0,145.0,0,0,0,0,0,0,1,52,1,145,-1,-1,0,32,0.0,0.0,0.0,0.0,0.0,0.0,0.0,0.0
443,50261,6,0.0,18.0,0.0,0.0,0.0,0.0,6.0,6.0,6.0,0.0,25030.25,50645.028,103929.0,1.0,103061.0,103061.0,0.0,103061.0,103061.0,4.0,2.0,1.414,3.0,1.0,0,0,0,0,0.0,6.0,0,0,0,0,1,0,0,0,1.0,3.6,0.0,6.0,0,0,0,0,0,0,2,0,3,18,116,0,0,32,0.0,0.0,0.0,0.0,0.0,0.0,0.0,0.0
57418,53,17,132.0,276.0,33.0,33.0,33.0,0.0,138.0,138.0,138.0,0.0,12608.0,16670.891,36893.0,1.0,36040.0,12040.33,15122.504,36043.0,1.0,3.0,3.0,0.0,3.0,3.0,0,0,0,0,33.0,138.0,0,0,0,0,0,0,0,0,0.0,73.1667,33.0,138.0,0,0,0,0,0,0,4,132,2,276,-1,-1,3,20,0.0,0.0,0.0,0.0,0.0,0.0,0.0,0.0
57467,443,6,12.0,0.0,6.0,6.0,6.0,0.0,0.0,0.0,0.0,0.0,8045.0,0.0,8045.0,8045.0,8045.0,8045.0,0.0,8045.0,8045.0,0.0,0.0,0.0,0.0,0.0,0,0,0,0,6.0,6.0,0,0,0,0,1,0,0,0,0.0,9.0,6.0,0.0,0,0,0,0,0,0,2,12,0,0,253,-1,1,20,0.0,0.0,0.0,0.0,0.0,0.0,0.0,0.0
2945,443,6,2854.0,213140.0,219.0,0.0,29.7308,62.4887,2920.0,0.0,1808.2071,641.4483,116490.24,1357190.93,10010982.0,-2.0,21621572.0,111562.76,1630766.196,10113990.0,46.0,31174529.0,170227.19,1275933.653,10117056.0,2.0,0,0,0,0,0.0,2920.0,0,0,0,1,0,0,0,0,1.0,1386.0059,29.7308,1808.2071,0,0,0,0,0,0,122,2854,235,213140,8192,34,220,20,1723172.75,2099309.174,7110366.0,85046.0,9975459.5,90047.803,10010982.0,9977217.0
443,56351,6,37.0,0.0,37.0,0.0,18.5,26.163,0.0,0.0,0.0,0.0,4.0,0.0,4.0,4.0,4.0,4.0,0.0,4.0,4.0,0.0,0.0,0.0,0.0,0.0,1,0,0,0,0.0,37.0,0,1,0,0,1,0,0,0,0.0,37.0,18.5,0.0,0,0,0,0,0,0,2,37,0,0,114,-1,0,32,0.0,0.0,0.0,0.0,0.0,0.0,0.0,0.0
443,61657,6,37.0,0.0,31.0,6.0,18.5,17.6777,0.0,0.0,0.0,0.0,3.0,0.0,3.0,3.0,3.0,3.0,0.0,3.0,3.0,0.0,0.0,0.0,0.0,0.0,1,0,0,0,6.0,31.0,0,1,0,0,1,0,0,0,0.0,34.0,18.5,0.0,0,0,0,0,0,0,2,37,0,0,115,-1,1,20,0.0,0.0,0.0,0.0,0.0,0.0,0.0,0.0
443,56232,6,0.0,0.0,0.0,0.0,0.0,0.0,0.0,0.0,0.0,0.0,33.0,0.0,33.0,33.0,0.0,0.0,0.0,0.0,0.0,0.0,0.0,0.0,0.0,0.0,0,0,0,0,0.0,0.0,0,0,0,0,1,0,0,0,1.0,0.0,0.0,0.0,0,0,0,0,0,0,1,0,1,0,115,33304,0,32,0.0,0.0,0.0,0.0,0.0,0.0,0.0,0.0
59614,443,6,12.0,0.0,6.0,6.0,6.0,0.0,0.0,0.0,0.0,0.0,14471901.0,0.0,14571901.0,14471901.0,14571901.0,14571901.0,0.0,14571901.0,14571901.0,0.0,0.0,0.0,0.0,0.0,0,0,0,0,6.0,6.0,0,0,0,0,1,0,0,0,0.0,9.0,6.0,0.0,0,0,0,0,0,0,2,12,0,0,255,-1,1,20,0.0,0.0,0.0,0.0,0.0,0.0,0.0,0.0
33427,443,6,2328.0,4379.0,502.0,0.0,65.8571,166.01,1448.0,0.0,178.1738,320.589,1665110.85,6311050.196,58913397.0,1.0,67606024.0,3418432.5,9650567.788,58913297.0,19.0,67690846.0,4049098.73,16973291.92,59000869.0,1.0,0,0,0,0,0.0,1448.0,0,0,0,1,0,0,0,0,1.0,122.2264,65.8571,178.1738,0,0,0,0,0,0,49,2328,53,4379,29200,183,9,32,279907.0,265603.864,460155.0,104122.0,36394148.5,37189714.659,58913396.0,5373837.0
80,53012,6,6.0,6.0,6.0,6.0,6.0,0.0,6.0,6.0,6.0,0.0,29.0,0.0,29.0,29.0,0.0,0.0,0.0,0.0,0.0,0.0,0.0,0.0,0.0,0.0,0,0,0,0,6.0,6.0,0,0,0,0,1,1,0,0,1.0,9.0,6.0,6.0,0,0,0,0,0,0,1,6,1,6,343,254,0,20,0.0,0.0,0.0,0.0,0.0,0.0,0.0,0.0
58346,53,17,84.0,162.0,42.0,42.0,42.0,0.0,81.0,81.0,81.0,0.0,20391.66,35227.893,61170.0,3.0,3.0,3.0,0.0,3.0,3.0,3.0,3.0,0.0,3.0,3.0,0,0,0,0,42.0,81.0,0,0,0,0,0,0,0,0,1.0,72.0,42.0,81.0,0,0,0,0,0,0,2,84,2,162,-1,-1,1,32,0.0,0.0,0.0,0.0,0.0,0.0,0.0,0.0
53585,53,17,90.0,122.0,45.0,45.0,45.0,0.0,61.0,61.0,61.0,0.0,54.66,81.026,157.0,3.0,3.0,3.0,0.0,3.0,3.0,3.0,3.0,0.0,3.0,3.0,0,0,0,0,45.0,61.0,0,0,0,0,0,0,0,0,1.0,64.25,45.0,61.0,0,0,0,0,0,0,2,90,2,122,-1,-1,1,20,0.0,0.0,0.0,0.0,0.0,0.0,0.0,0.0
36674,443,6,599.0,152.0,517.0,0.0,85.5714,191.3085,152.0,0.0,38.0,76.0,505285.1,1540494.838,4946937.0,1.0,5042304.0,840900.0,2036723.083,5002100.0,1.0,83375.0,27155.66,32893.342,65024.0,412.0,0,0,0,0,0.0,517.0,0,0,0,1,0,0,0,0,0.0,68.2727,85.5714,38.0,0,0,0,0,0,0,7,599,4,152,29200,939,3,32,0.0,0.0,0.0,0.0,0.0,0.0,0.0,0.0
58457,53,17,72.0,328.0,36.0,36.0,36.0,0.0,164.0,164.0,164.0,0.0,8097.33,13947.629,24281.0,4.0,49.0,49.0,0.0,49.0,49.0,4.0,4.0,0.0,4.0,4.0,0,0,0,0,36.0,164.0,0,0,0,0,0,0,0,0,1.0,109.0,36.0,164.0,0,0,0,0,0,0,2,72,2,328,-1,-1,1,20,0.0,0.0,0.0,0.0,0.0,0.0,0.0,0.0
50559,443,6,12.0,0.0,6.0,6.0,6.0,0.0,0.0,0.0,0.0,0.0,227622.0,0.0,227622.0,227622.0,227622.0,227622.0,0.0,227622.0,227622.0,0.0,0.0,0.0,0.0,0.0,0,0,0,0,6.0,6.0,0,0,0,0,1,0,0,0,0.0,9.0,6.0,0.0,0,0,0,0,0,0,2,12,0,0,254,-1,1,20,0.0,0.0,0.0,0.0,0.0,0.0,0.0,0.0
443,51542,6,0.0,0.0,0.0,0.0,0.0,0.0,0.0,0.0,0.0,0.0,18.0,0.0,18.0,18.0,0.0,0.0,0.0,0.0,0.0,0.0,0.0,0.0,0.0,0.0,0,0,0,0,0.0,0.0,0,0,0,0,1,0,0,0,1.0,0.0,0.0,0.0,0,0,0,0,0,0,1,0,1,0,8686,33304,0,32,0.0,0.0,0.0,0.0,0.0,0.0,0.0,0.0
36302,443,6,351.0,3716.0,194.0,0.0,39.0,71.4902,1448.0,0.0,615.3333,679.5427,392593.46,1319150.14,5013165.0,19.0,5231286.0,688953.28,1612600.435,5013165.0,15.0,133127.0,24461.4,21002.239,60272.0,48.0,0,0,0,0,0.0,1448.0,0,0,0,1,0,0,0,0,0.0,278.9286,39.0,615.3333,0,0,0,0,0,0,9,351,6,3716,29200,118,3,32,205391.0,0.0,205391.0,205391.0,5013197.0,0.0,5013167.0,5013197.0
60399,53,17,40.0,166.0,40.0,40.0,40.0,0.0,166.0,166.0,166.0,0.0,30493.0,0.0,30493.0,30493.0,0.0,0.0,0.0,0.0,0.0,0.0,0.0,0.0,0.0,0.0,0,0,0,0,40.0,166.0,0,0,0,0,0,0,0,0,1.0,123.0,40.0,166.0,0,0,0,0,0,0,1,40,1,166,-1,-1,0,32,0.0,0.0,0.0,0.0,0.0,0.0,0.0,0.0
53824,443,6,976.0,7408.0,469.0,0.0,65.0667,134.3489,1586.0,0.0,740.8,749.5048,15702.0,24480.236,73896.0,1.0,305176.0,22615.21,24735.338,73196.0,1.0,250608.0,25874.88,40651.809,93317.0,2.0,0,0,0,0,0.0,1586.0,0,0,0,1,0,0,0,0,0.0,335.36,65.0667,740.8,0,0,0,0,0,0,15,976,10,7408,65535,357,6,32,0.0,0.0,0.0,0.0,0.0,0.0,0.0,0.0
54250,443,6,599.0,160.0,517.0,0.0,85.5714,191.3085,160.0,0.0,53.3333,92.376,602665.77,1838237.436,5256566.0,23.0,5319132.0,833223.0,2329733.887,5312472.0,33.0,94497.0,44499.5,21702.446,66973.0,22995.0,0,0,0,0,0.0,517.0,0,0,0,1,0,0,0,0,0.0,75.9,85.5714,53.3333,0,0,0,0,0,0,7,599,3,160,29200,59,3,32,121415.0,0.0,121415.0,121415.0,5256510.0,0.0,5256560.0,5256510.0
57009,53,17,160.0,204.0,40.0,40.0,40.0,0.0,102.0,102.0,102.0,0.0,26335.0,33874.302,79809.0,3.0,71913.0,20634.0,47875.143,71919.0,3.0,4.0,4.0,0.0,4.0,4.0,0,0,0,0,40.0,102.0,0,0,0,0,0,0,0,0,0.0,69.3333,40.0,102.0,0,0,0,0,0,0,4,160,2,204,-1,-1,3,32,0.0,0.0,0.0,0.0,0.0,0.0,0.0,0.0
63187,53,17,68.0,422.0,34.0,34.0,34.0,0.0,211.0,211.0,211.0,0.0,8045.33,13939.058,24120.0,4.0,4.0,4.0,0.0,4.0,4.0,4.0,4.0,0.0,4.0,4.0,0,0,0,0,34.0,211.0,0,0,0,0,0,0,0,0,1.0,131.0,34.0,211.0,0,0,0,0,0,0,2,68,2,422,-1,-1,1,20,0.0,0.0,0.0,0.0,0.0,0.0,0.0,0.0
56528,80,6,461.0,1782.0,433.0,0.0,31.9375,104.25,2896.0,0.0,149.1333,409.9222,3995591.69,4880397.545,10025353.0,23.0,115221698.0,7607736.86,4154511.262,10047935.0,227.0,110549460.0,8506201.15,3760312.232,10048229.0,403.0,0,0,0,0,0.0,2896.0,0,0,0,1,0,0,0,0,0.0,93.3667,31.9375,149.1333,0,0,0,0,0,0,16,461,15,1782,29200,939,1,32,41862.72,12076.38,95409.0,36185.0,10020577.36,6632.008,10025357.0,9999288.0
51937,443,6,6.0,37.0,6.0,6.0,6.0,0.0,37.0,37.0,37.0,0.0,386.0,0.0,386.0,386.0,0.0,0.0,0.0,0.0,0.0,0.0,0.0,0.0,0.0,0.0,0,0,0,0,6.0,37.0,1,0,0,0,0,0,0,0,1.0,24.5,6.0,37.0,0,0,0,0,0,0,1,6,1,37,0,19,0,20,0.0,0.0,0.0,0.0,0.0,0.0,0.0,0.0
56082,53,17,62.0,130.0,31.0,31.0,31.0,0.0,65.0,65.0,65.0,0.0,10327.0,17863.426,30973.0,3.0,3.0,3.0,0.0,3.0,3.0,3.0,3.0,0.0,3.0,3.0,0,0,0,0,31.0,65.0,0,0,0,0,0,0,0,0,1.0,55.75,31.0,65.0,0,0,0,0,0,0,2,62,2,130,-1,-1,1,20,0.0,0.0,0.0,0.0,0.0,0.0,0.0,0.0
443,59840,6,12.0,6.0,6.0,6.0,6.0,0.0,6.0,6.0,6.0,0.0,79.0,101.813,195.0,4.0,4.0,4.0,0.0,4.0,4.0,0.0,0.0,0.0,0.0,0.0,0,0,0,0,6.0,6.0,0,0,0,0,1,1,0,0,0.0,8.0,6.0,6.0,0,0,0,0,0,0,2,12,1,6,12049,64298,1,20,0.0,0.0,0.0,0.0,0.0,0.0,0.0,0.0
56623,443,6,720.0,1295.0,469.0,0.0,72.0,147.7084,1157.0,0.0,259.0,505.5413,11556.71,20072.019,50662.0,4.0,161092.0,17418.44,24088.503,54777.0,4.0,103334.0,25632.0,21891.564,51259.0,4.0,0,0,0,0,0.0,1157.0,0,0,0,1,0,0,0,0,0.0,134.3333,72.0,259.0,0,0,0,0,0,0,10,720,5,1295,65535,65,5,32,0.0,0.0,0.0,0.0,0.0,0.0,0.0,0.0
443,61388,6,0.0,0.0,0.0,0.0,0.0,0.0,0.0,0.0,0.0,0.0,243.0,0.0,243.0,243.0,0.0,0.0,0.0,0.0,0.0,0.0,0.0,0.0,0.0,0.0,0,0,0,0,0.0,0.0,0,0,0,0,1,1,0,0,1.0,0.0,0.0,0.0,0,0,0,0,0,0,1,0,1,0,179,32832,0,32,0.0,0.0,0.0,0.0,0.0,0.0,0.0,0.0
443,59118,6,0.0,0.0,0.0,0.0,0.0,0.0,0.0,0.0,0.0,0.0,13472.5,17234.71,29936.0,48.0,29941.0,29941.0,0.0,29941.0,29941.0,0.0,0.0,0.0,0.0,0.0,0,0,0,0,0.0,0.0,0,0,0,0,1,0,0,0,0.0,0.0,0.0,0.0,0,0,0,0,0,0,2,0,1,0,357,32832,0,32,0.0,0.0,0.0,0.0,0.0,0.0,0.0,0.0
80,50290,6,6.0,6.0,6.0,6.0,6.0,0.0,6.0,6.0,6.0,0.0,38.0,0.0,38.0,38.0,0.0,0.0,0.0,0.0,0.0,0.0,0.0,0.0,0.0,0.0,0,0,0,0,6.0,6.0,0,0,0,0,1,1,0,0,1.0,9.0,6.0,6.0,0,0,0,0,0,0,1,6,1,6,1024,253,0,20,0.0,0.0,0.0,0.0,0.0,0.0,0.0,0.0
49544,443,6,1320.0,6800.0,565.0,0.0,92.8,171.0436,2226.0,0.0,624.3846,820.8091,3065001.18,13680450.203,60070970.0,3.0,60687479.0,5099785.11,16021839.29,60070970.0,47.0,455956.0,66295.66,74503.648,110524.0,3.0,0,0,0,0,0.0,2226.0,0,0,0,1,0,0,0,0,0.0,353.8429,92.8,624.3846,0,0,0,0,0,0,15,1320,7,6800,65535,62,7,32,344326.0,0.0,344326.0,344326.0,60070916.0,0.0,60070976.0,60070916.0
50659,443,6,1619.0,6707.0,402.0,0.0,100.3846,151.817,1430.0,0.0,454.0,518.4933,407555.7,2115262.689,9967620.0,0.0,11378634.0,993878.0,2553832.006,9967620.0,188.0,11384656.0,933805.73,2891522.492,10008552.0,0.0,0,0,0,0,0.0,1430.0,0,0,0,1,0,0,0,0,0.0,263.2181,100.3846,454.0,0,0,0,0,0,0,13,1619,14,6707,8192,164,12,20,1241502.5,283719.314,1300995.0,5381.0,7977649.0,332780.906,9967627.0,7924804.0
38963,53,17,64.0,120.0,32.0,32.0,32.0,0.0,60.0,60.0,60.0,0.0,40669.0,69248.4,122000.0,2.0,2.0,2.0,0.0,2.0,2.0,4.0,4.0,0.0,4.0,4.0,0,0,0,0,32.0,60.0,0,0,0,0,0,0,0,0,1.0,54.0,32.0,60.0,0,0,0,0,0,0,2,64,2,120,-1,-1,1,40,0.0,0.0,0.0,0.0,0.0,0.0,0.0,0.0
53106,443,6,12.0,0.0,6.0,6.0,6.0,0.0,0.0,0.0,0.0,0.0,187.0,0.0,187.0,187.0,187.0,187.0,0.0,187.0,187.0,0.0,0.0,0.0,0.0,0.0,0,0,0,0,6.0,6.0,0,0,0,0,1,0,0,0,0.0,9.0,6.0,0.0,0,0,0,0,0,0,2,12,0,0,16284,-1,1,20,0.0,0.0,0.0,0.0,0.0,0.0,0.0,0.0
443,60275,6,0.0,0.0,0.0,0.0,0.0,0.0,0.0,0.0,0.0,0.0,24.0,33.534,48.0,1.0,1.0,1.0,0.0,1.0,1.0,0.0,0.0,0.0,0.0,0.0,0,0,0,0,0.0,0.0,0,0,0,0,1,1,0,0,0.0,0.0,0.0,0.0,0,0,0,0,0,0,2,0,1,0,362,32832,0,32,0.0,0.0,0.0,0.0,0.0,0.0,0.0,0.0
61480,53,17,46.0,74.0,46.0,46.0,46.0,0.0,74.0,74.0,74.0,0.0,23358.0,0.0,23358.0,23358.0,0.0,0.0,0.0,0.0,0.0,0.0,0.0,0.0,0.0,0.0,0,0,0,0,46.0,74.0,0,0,0,0,0,0,0,0,1.0,83.0,46.0,74.0,0,0,0,0,0,0,1,46,1,74,-1,-1,0,20,0.0,0.0,0.0,0.0,0.0,0.0,0.0,0.0
38530,53,17,68.0,384.0,34.0,34.0,34.0,0.0,192.0,192.0,192.0,0.0,15865.0,27389.95,47599.0,3.0,3.0,3.0,0.0,3.0,3.0,48.0,48.0,0.0,48.0,48.0,0,0,0,0,34.0,192.0,0,0,0,0,0,0,0,0,1.0,121.5,34.0,192.0,0,0,0,0,0,0,2,68,2,384,-1,-1,1,32,0.0,0.0,0.0,0.0,0.0,0.0,0.0,0.0
53305,443,6,552.0,3988.0,208.0,0.0,58.4118,82.2258,1430.0,0.0,595.6,677.2891,18659.95,23140.405,97395.0,1.0,279156.0,37227.75,51301.0,90365.0,4.0,182028.0,26681.55,39376.737,74030.0,5.0,0,0,0,0,0.0,1430.0,0,0,0,1,0,0,0,0,0.0,275.3182,58.4118,595.6,0,0,0,0,0,0,9,552,5,3988,8192,343,8,20,0.0,0.0,0.0,0.0,0.0,0.0,0.0,0.0
53623,443,6,135.0,46.0,46.0,6.0,27.0,20.1246,46.0,46.0,46.0,0.0,631210.8,638663.334,1829858.0,3.0,1839780.0,204495.0,406510.714,1829858.0,3.0,0.0,0.0,0.0,0.0,0.0,1,0,0,0,6.0,46.0,0,1,0,0,1,0,0,0,0.0,37.8333,27.0,46.0,0,0,0,0,0,0,5,135,1,46,16065,619,4,20,0.0,0.0,0.0,0.0,0.0,0.0,0.0,0.0
63356,53,17,88.0,214.0,44.0,44.0,44.0,0.0,107.0,107.0,107.0,0.0,52.66,84.193,151.0,3.0,4.0,4.0,0.0,4.0,4.0,3.0,3.0,0.0,3.0,3.0,0,0,0,0,44.0,107.0,0,0,0,0,0,0,0,0,1.0,86.5,44.0,107.0,0,0,0,0,0,0,2,88,2,214,-1,-1,1,32,0.0,0.0,0.0,0.0,0.0,0.0,0.0,0.0
56294,443,6,12.0,0.0,6.0,6.0,6.0,0.0,0.0,0.0,0.0,0.0,1.0,0.0,1.0,1.0,1.0,1.0,0.0,1.0,1.0,0.0,0.0,0.0,0.0,0.0,0,0,0,0,6.0,6.0,1,0,0,0,0,0,0,0,0.0,9.0,6.0,0.0,0,0,0,0,0,0,2,12,0,0,0,-1,1,20,0.0,0.0,0.0,0.0,0.0,0.0,0.0,0.0
443,57325,6,12.0,0.0,6.0,6.0,6.0,0.0,0.0,0.0,0.0,0.0,3358373.0,0.0,3358373.0,3358373.0,3358373.0,3358373.0,0.0,3358373.0,3358373.0,0.0,0.0,0.0,0.0,0.0,0,0,0,0,6.0,6.0,0,0,0,0,1,0,0,0,0.0,9.0,6.0,0.0,0,0,0,0,0,0,2,12,0,0,540,-1,1,20,0.0,0.0,0.0,0.0,0.0,0.0,0.0,0.0
60219,53,17,47.0,79.0,47.0,47.0,47.0,0.0,79.0,79.0,79.0,0.0,30678.0,0.0,30678.0,30678.0,0.0,0.0,0.0,0.0,0.0,0.0,0.0,0.0,0.0,0.0,0,0,0,0,47.0,79.0,0,0,0,0,0,0,0,0,1.0,86.5,47.0,79.0,0,0,0,0,0,0,1,47,1,79,-1,-1,0,20,0.0,0.0,0.0,0.0,0.0,0.0,0.0,0.0
51038,53,17,82.0,254.0,41.0,41.0,41.0,0.0,127.0,127.0,127.0,0.0,24177.33,41832.275,72586.0,3.0,48.0,48.0,0.0,48.0,48.0,3.0,3.0,0.0,3.0,3.0,0,0,0,0,41.0,127.0,0,0,0,0,0,0,0,0,1.0,94.25,41.0,127.0,0,0,0,0,0,0,2,82,2,254,-1,-1,1,32,0.0,0.0,0.0,0.0,0.0,0.0,0.0,0.0
59222,53,17,78.0,334.0,39.0,39.0,39.0,0.0,167.0,167.0,167.0,0.0,84.66,149.677,248.0,1.0,4.0,4.0,0.0,4.0,4.0,1.0,1.0,0.0,1.0,1.0,0,0,0,0,39.0,167.0,0,0,0,0,0,0,0,0,1.0,112.75,39.0,167.0,0,0,0,0,0,0,2,78,2,334,-1,-1,1,20,0.0,0.0,0.0,0.0,0.0,0.0,0.0,0.0
443,51423,6,37.0,0.0,37.0,0.0,18.5,26.163,0.0,0.0,0.0,0.0,3.0,0.0,3.0,3.0,3.0,3.0,0.0,3.0,3.0,0.0,0.0,0.0,0.0,0.0,1,0,0,0,0.0,37.0,0,1,0,0,1,0,0,0,0.0,37.0,18.5,0.0,0,0,0,0,0,0,2,37,0,0,972,-1,0,32,0.0,0.0,0.0,0.0,0.0,0.0,0.0,0.0
53306,443,6,12.0,0.0,6.0,6.0,6.0,0.0,0.0,0.0,0.0,0.0,3.0,0.0,3.0,3.0,3.0,3.0,0.0,3.0,3.0,0.0,0.0,0.0,0.0,0.0,0,0,0,0,6.0,6.0,1,0,0,0,0,0,0,0,0.0,9.0,6.0,0.0,0,0,0,0,0,0,2,12,0,0,0,-1,1,20,0.0,0.0,0.0,0.0,0.0,0.0,0.0,0.0
36076,443,6,0.0,0.0,0.0,0.0,0.0,0.0,0.0,0.0,0.0,0.0,94178.0,0.0,94178.0,94178.0,0.0,0.0,0.0,0.0,0.0,0.0,0.0,0.0,0.0,0.0,0,0,0,0,0.0,0.0,0,0,0,0,1,1,0,0,1.0,0.0,0.0,0.0,0,0,0,0,0,0,1,0,1,0,516,230,0,32,0.0,0.0,0.0,0.0,0.0,0.0,0.0,0.0
443,50815,6,6.0,6.0,6.0,6.0,6.0,0.0,6.0,6.0,6.0,0.0,116.0,0.0,116.0,116.0,0.0,0.0,0.0,0.0,0.0,0.0,0.0,0.0,0.0,0.0,0,0,0,0,6.0,6.0,0,0,0,0,1,1,0,0,1.0,9.0,6.0,6.0,0,0,0,0,0,0,1,6,1,6,60,255,0,20,0.0,0.0,0.0,0.0,0.0,0.0,0.0,0.0
63802,53,17,70.0,174.0,35.0,35.0,35.0,0.0,87.0,87.0,87.0,0.0,20367.0,35273.221,61096.0,4.0,48.0,48.0,0.0,48.0,48.0,4.0,4.0,0.0,4.0,4.0,0,0,0,0,35.0,87.0,0,0,0,0,0,0,0,0,1.0,69.75,35.0,87.0,0,0,0,0,0,0,2,70,2,174,-1,-1,1,32,0.0,0.0,0.0,0.0,0.0,0.0,0.0,0.0
58914,443,6,12.0,0.0,6.0,6.0,6.0,0.0,0.0,0.0,0.0,0.0,8884318.0,0.0,8884318.0,8884318.0,8884318.0,8884318.0,0.0,8884318.0,8884318.0,0.0,0.0,0.0,0.0,0.0,0,0,0,0,6.0,6.0,0,0,0,0,1,0,0,0,0.0,9.0,6.0,0.0,0,0,0,0,0,0,2,12,0,0,256,-1,1,20,0.0,0.0,0.0,0.0,0.0,0.0,0.0,0.0
36871,3268,6,2964.0,6356.0,1303.0,0.0,135.5,379.8934,2910.0,0.0,488.9231,867.6078,3079172.0,15431744.077,118732650.0,1.0,117800914.0,5777674.6,25762814.389,118732650.0,1.0,117794405.0,108418320.53,37088625.252,118733636.0,3.0,0,0,0,0,0.0,2910.0,0,0,0,1,0,0,0,0,0.0,266.5143,135.5,488.9231,0,0,0,0,0,0,20,2964,13,6356,65535,0,17,32,100400.0,0.0,100400.0,100400.0,118732671.0,0.0,118732651.0,118732671.0
80,64007,6,0.0,0.0,0.0,0.0,0.0,0.0,0.0,0.0,0.0,0.0,22.0,0.0,22.0,22.0,0.0,0.0,0.0,0.0,0.0,0.0,0.0,0.0,0.0,0.0,0,0,0,0,0.0,0.0,0,0,0,0,1,1,0,0,1.0,0.0,0.0,0.0,0,0,0,0,0,0,1,0,1,0,118,33304,0,32,0.0,0.0,0.0,0.0,0.0,0.0,0.0,0.0
57325,80,6,320.0,517.0,250.0,0.0,80.0,112.0121,501.0,0.0,143.0,204.2142,135476.25,111303.435,200542.0,55.0,363447.0,167871.5,148106.551,200542.0,30361.0,250754.0,250732.0,0.0,250754.0,250754.0,0,0,0,0,0.0,501.0,0,0,0,1,0,0,0,0,0.0,110.0,80.0,143.0,0,0,0,0,0,0,3,320,2,517,65535,910,1,32,0.0,0.0,0.0,0.0,0.0,0.0,0.0,0.0
51185,443,6,554.0,3477.0,193.0,0.0,68.1429,79.0669,2511.0,0.0,695.8,1291.4858,40945.16,71407.037,299057.0,1.0,852902.0,119795.33,103383.355,299019.0,3.0,815857.0,109261.25,117919.238,399136.0,1.0,0,0,0,0,0.0,2511.0,0,0,0,1,0,0,0,0,0.0,290.8875,68.1429,695.8,0,0,0,0,0,0,7,554,5,3477,8192,943,6,20,0.0,0.0,0.0,0.0,0.0,0.0,0.0,0.0
443,42822,6,12.0,0.0,6.0,6.0,6.0,0.0,0.0,0.0,0.0,0.0,5509.0,0.0,5509.0,5509.0,5509.0,5509.0,0.0,5509.0,5509.0,0.0,0.0,0.0,0.0,0.0,0,0,0,0,6.0,6.0,0,0,0,0,1,0,0,0,0.0,9.0,6.0,0.0,0,0,0,0,0,0,2,12,0,0,30,-1,1,20,0.0,0.0,0.0,0.0,0.0,0.0,0.0,0.0
64752,80,6,12.0,0.0,6.0,6.0,6.0,0.0,0.0,0.0,0.0,0.0,49.0,0.0,49.0,49.0,49.0,49.0,0.0,49.0,49.0,0.0,0.0,0.0,0.0,0.0,0,0,0,0,6.0,6.0,0,0,0,0,1,0,0,0,0.0,9.0,6.0,0.0,0,0,0,0,0,0,2,12,0,0,253,-1,1,20,0.0,0.0,0.0,0.0,0.0,0.0,0.0,0.0
80,57994,6,6.0,6.0,6.0,6.0,6.0,0.0,6.0,6.0,6.0,0.0,58.0,0.0,58.0,58.0,0.0,0.0,0.0,0.0,0.0,0.0,0.0,0.0,0.0,0.0,0,0,0,0,6.0,6.0,0,0,0,0,1,1,0,0,1.0,9.0,6.0,6.0,0,0,0,0,0,0,1,6,1,6,946,256,0,20,0.0,0.0,0.0,0.0,0.0,0.0,0.0,0.0
443,59467,6,12.0,0.0,6.0,6.0,6.0,0.0,0.0,0.0,0.0,0.0,232.0,0.0,232.0,232.0,232.0,232.0,0.0,232.0,232.0,0.0,0.0,0.0,0.0,0.0,0,0,0,0,6.0,6.0,0,0,0,0,1,0,0,0,0.0,9.0,6.0,0.0,0,0,0,0,0,0,2,12,0,0,361,-1,1,20,0.0,0.0,0.0,0.0,0.0,0.0,0.0,0.0
56556,80,6,12.0,0.0,6.0,0.0,4.0,3.4641,0.0,0.0,0.0,0.0,1822747.0,3201916.536,5688815.0,25.0,5617295.0,2803647.5,3912280.101,5688815.0,32132.0,0.0,0.0,0.0,0.0,0.0,0,0,0,0,0.0,6.0,0,0,0,1,0,0,0,0,0.0,3.0,4.0,0.0,0,0,0,0,0,0,3,12,1,0,8192,29200,2,20,0.0,0.0,0.0,0.0,0.0,0.0,0.0,0.0
63544,443,6,804.0,698.0,485.0,0.0,80.3333,162.9971,501.0,0.0,87.25,176.542,49488.43,80654.827,373760.0,3.0,951034.0,71837.8,116653.494,370760.0,3.0,959586.0,161343.0,101306.92,333865.0,3.0,0,0,0,0,0.0,501.0,0,0,0,1,0,0,0,0,1.0,88.0,80.3333,87.25,0,0,0,0,0,0,6,804,8,698,65535,5166,4,32,0.0,0.0,0.0,0.0,0.0,0.0,0.0,0.0
55849,443,6,384.0,3974.0,203.0,0.0,48.0,75.3639,1460.0,0.0,655.3333,677.6197,388751.31,1397361.434,4766866.0,3.0,5005481.0,743883.57,1776792.374,4766866.0,3.0,274045.0,68384.0,69317.349,136476.0,48.0,0,0,0,0,0.0,1460.0,0,0,0,1,0,0,0,0,0.0,293.83,48.0,655.3333,0,0,0,0,0,0,8,384,6,3974,8192,119,7,20,0.0,0.0,0.0,0.0,0.0,0.0,0.0,0.0
38266,443,6,3205.0,8000.0,1633.0,0.0,158.0,418.4592,1418.0,0.0,334.1429,508.3107,2114704.91,4024612.85,10016166.0,1.0,61566608.0,4363955.54,5050160.901,10279901.0,252.0,65599802.0,4688291.05,5087983.138,10200168.0,48.0,0,0,0,0,0.0,1633.0,0,0,0,1,0,0,0,0,0.0,270.5245,158.0,334.1429,0,0,0,0,0,0,25,3205,21,8000,29200,418,5,32,276316.0,322454.892,970666.0,100565.0,10001837.83,17944.212,10016164.0,9950807.0
60083,53,17,50.0,209.0,50.0,50.0,50.0,0.0,209.0,209.0,209.0,0.0,61163.0,0.0,61163.0,61163.0,0.0,0.0,0.0,0.0,0.0,0.0,0.0,0.0,0.0,0.0,0,0,0,0,50.0,209.0,0,0,0,0,0,0,0,0,1.0,154.5,50.0,209.0,0,0,0,0,0,0,1,50,1,209,-1,-1,0,32,0.0,0.0,0.0,0.0,0.0,0.0,0.0,0.0
60424,53,17,59.0,116.0,59.0,59.0,59.0,0.0,116.0,116.0,116.0,0.0,30909.0,0.0,30909.0,30909.0,0.0,0.0,0.0,0.0,0.0,0.0,0.0,0.0,0.0,0.0,0,0,0,0,59.0,116.0,0,0,0,0,0,0,0,0,1.0,117.0,59.0,116.0,0,0,0,0,0,0,1,59,1,116,-1,-1,0,32,0.0,0.0,0.0,0.0,0.0,0.0,0.0,0.0
60113,443,6,801.0,3239.0,449.0,0.0,114.125,171.5281,1481.0,0.0,487.8,698.6148,512481.35,1825542.49,6702861.0,4.0,7917161.0,957516.62,2675430.607,6702861.0,80186.0,6882974.0,1335892.5,2030044.123,6880342.0,4.0,0,0,0,0,0.0,1481.0,0,0,0,1,0,0,0,0,1.0,326.5,114.125,487.8,0,0,0,0,0,0,8,801,5,3239,8192,65535,7,20,0.0,0.0,0.0,0.0,0.0,0.0,0.0,0.0
53243,443,6,309.0,157.0,235.0,0.0,65.8,101.969,145.0,0.0,39.25,70.5567,2632870.37,6834694.132,16789501.0,3.0,16058026.0,5517201.0,9824154.469,16859404.0,35.0,145818.0,45109.66,49651.926,87782.0,3.0,0,0,0,0,0.0,235.0,0,0,0,1,0,0,0,0,0.0,51.0,65.8,39.25,0,0,0,0,0,0,5,309,4,157,8192,110,4,20,0.0,0.0,0.0,0.0,0.0,0.0,0.0,0.0
49532,443,6,1016.0,6507.0,563.0,0.0,75.0435,161.6528,1460.0,0.0,487.6118,640.2971,1568748.17,3542030.668,10003820.0,3.0,60889617.0,3822233.38,4979675.775,10051915.0,86.0,60773689.0,3124448.92,4948042.707,10051617.0,3.0,0,0,0,0,0.0,1460.0,0,0,0,1,0,0,0,0,1.0,276.7553,75.0435,487.6118,0,0,0,0,0,0,13,1016,19,6507,8192,123,12,20,96803.66,103258.576,319706.0,50499.0,9997060.83,53619.329,10003825.0,9959512.0
61207,53,17,51.0,67.0,51.0,51.0,51.0,0.0,67.0,67.0,67.0,0.0,30477.0,0.0,30477.0,30477.0,0.0,0.0,0.0,0.0,0.0,0.0,0.0,0.0,0.0,0.0,0,0,0,0,51.0,67.0,0,0,0,0,0,0,0,0,1.0,84.5,51.0,67.0,0,0,0,0,0,0,1,51,1,67,-1,-1,0,20,0.0,0.0,0.0,0.0,0.0,0.0,0.0,0.0
137,137,17,150.0,0.0,50.0,50.0,50.0,0.0,0.0,0.0,0.0,0.0,2174530.0,0.0,2174530.0,2174530.0,2174530.0,2174530.0,0.0,2174530.0,2174530.0,0.0,0.0,0.0,0.0,0.0,0,0,0,0,50.0,50.0,0,0,0,0,0,0,0,0,0.0,66.6667,50.0,0.0,0,0,0,0,0,0,2,150,0,0,-1,-1,2,32,0.0,0.0,0.0,0.0,0.0,0.0,0.0,0.0
52798,443,6,0.0,0.0,0.0,0.0,0.0,0.0,0.0,0.0,0.0,0.0,174.0,0.0,174.0,174.0,174.0,174.0,0.0,174.0,174.0,0.0,0.0,0.0,0.0,0.0,0,0,0,0,0.0,0.0,0,0,0,0,1,0,0,0,0.0,0.0,0.0,0.0,0,0,0,0,0,0,2,0,0,0,419,-1,0,32,0.0,0.0,0.0,0.0,0.0,0.0,0.0,0.0
52132,443,6,108.0,57.0,46.0,6.0,29.3333,23.094,46.0,46.0,46.5,0.0,11025768.5,20122758.624,58924533.0,3.0,63900781.0,10950395.5,23527067.953,58924533.0,3.0,59046308.0,53046308.0,0.0,59046308.0,59046308.0,1,0,0,0,6.0,46.0,0,1,0,0,1,0,0,0,0.0,37.1667,29.3333,46.5,0,0,0,0,0,0,3,108,2,57,256,77,2,20,89190.5,82.399,89520.0,89170.0,32404581.5,37019488.739,58924533.0,5526585.0
49094,443,6,3204.0,1479.0,1448.0,0.0,269.8333,553.0885,1341.0,0.0,219.875,449.3307,7669.63,12111.878,41494.0,3.0,155356.0,13130.45,19625.719,63064.0,3.0,110906.0,15103.28,16973.184,41426.0,44.0,0,0,0,0,0.0,1448.0,0,0,0,1,0,0,0,0,0.0,218.45,269.8333,219.875,0,0,0,0,0,0,12,3204,8,1479,65535,1120,7,32,0.0,0.0,0.0,0.0,0.0,0.0,0.0,0.0
57557,443,6,942.0,1387.0,685.0,0.0,65.2,186.1683,1209.0,0.0,221.4,505.1376,2310070.06,4243141.857,10028359.0,49.0,60270910.0,4690081.55,5158934.235,10080010.0,99.0,60219637.0,5518809.77,5286321.532,10080213.0,43.0,0,0,0,0,0.0,1209.0,0,0,0,1,0,0,0,0,0.0,122.8429,65.2,221.4,0,0,0,0,0,0,15,942,10,1387,29200,115,3,32,117623.0,81895.475,292327.0,83838.0,10016094.5,18776.457,10028350.0,9959990.0
123,123,17,96.0,96.0,48.0,48.0,48.0,0.0,48.0,48.0,48.0,0.0,22039893.66,38000136.299,65919570.0,96346.0,65999922.0,65999922.0,0.0,65999922.0,65999922.0,65999002.0,65999002.0,0.0,65999002.0,65999002.0,0,0,0,0,48.0,48.0,0,0,0,0,0,0,0,0,1.0,60.0,48.0,48.0,0,0,0,0,0,0,2,96,2,96,-1,-1,1,20,92421.0,0.0,92421.0,92421.0,65919597.0,0.0,65919597.0,65919597.0
58391,53,17,152.0,232.0,38.0,38.0,38.0,0.0,116.0,116.0,116.0,0.0,6193.6,13654.586,24196.0,2.0,24117.0,8309.66,14426.652,24104.0,2.0,4.0,4.0,0.0,4.0,4.0,0,0,0,0,38.0,116.0,0,0,0,0,0,0,0,0,0.0,60.6667,38.0,116.0,0,0,0,0,0,0,4,152,2,232,-1,-1,3,20,0.0,0.0,0.0,0.0,0.0,0.0,0.0,0.0
53521,80,6,12.0,0.0,6.0,0.0,4.0,3.4641,0.0,0.0,0.0,0.0,1840627.0,3159954.343,5502426.0,67.0,5522653.0,2761326.5,3858022.594,5502426.0,84419.0,0.0,0.0,0.0,0.0,0.0,0,0,0,0,0.0,6.0,0,0,0,1,0,0,0,0,0.0,3.0,4.0,0.0,0,0,0,0,0,0,3,12,1,0,29200,29200,2,20,0.0,0.0,0.0,0.0,0.0,0.0,0.0,0.0
62028,53,17,47.0,190.0,47.0,47.0,47.0,0.0,190.0,190.0,190.0,0.0,61044.0,0.0,61044.0,61044.0,0.0,0.0,0.0,0.0,0.0,0.0,0.0,0.0,0.0,0.0,0,0,0,0,47.0,190.0,0,0,0,0,0,0,0,0,1.0,142.0,47.0,190.0,0,0,0,0,0,0,1,47,1,190,-1,-1,0,32,0.0,0.0,0.0,0.0,0.0,0.0,0.0,0.0
63909,53,17,152.0,480.0,38.0,38.0,38.0,0.0,120.0,120.0,110.0,0.0,18100.57,24126.4,60551.0,3.0,60649.0,20283.66,35398.56,60651.0,3.0,179.0,23.0,0.0,179.0,173.0,0,0,0,0,38.0,120.0,0,0,0,0,0,0,0,0,0.0,71.6667,38.0,110.0,0,0,0,0,0,0,4,152,2,480,-1,-1,3,20,0.0,0.0,0.0,0.0,0.0,0.0,0.0,0.0
32900,443,6,0.0,0.0,0.0,0.0,0.0,0.0,0.0,0.0,0.0,0.0,451.0,626.788,856.0,36.0,806.0,453.0,634.019,856.0,36.0,0.0,0.0,0.0,0.0,0.0,0,0,0,0,0.0,0.0,0,0,0,0,1,0,0,0,0.0,0.0,0.0,0.0,0,0,0,0,0,0,3,0,0,0,343,-1,0,32,0.0,0.0,0.0,0.0,0.0,0.0,0.0,0.0
60945,53,17,48.0,64.0,48.0,48.0,48.0,0.0,64.0,64.0,64.0,0.0,30559.0,0.0,30559.0,30559.0,0.0,0.0,0.0,0.0,0.0,0.0,0.0,0.0,0.0,0.0,0,0,0,0,48.0,64.0,0,0,0,0,0,0,0,0,1.0,80.0,48.0,64.0,0,0,0,0,0,0,1,48,1,64,-1,-1,0,44,0.0,0.0,0.0,0.0,0.0,0.0,0.0,0.0
60762,53,17,162.0,358.0,81.0,81.0,81.0,0.0,179.0,179.0,179.0,0.0,62.0,109.219,180.0,3.0,4.0,4.0,0.0,4.0,4.0,3.0,3.0,0.0,3.0,3.0,0,0,0,0,81.0,179.0,0,0,0,0,0,0,0,0,1.0,140.25,81.0,179.0,0,0,0,0,0,0,2,162,2,358,-1,-1,1,20,0.0,0.0,0.0,0.0,0.0,0.0,0.0,0.0
62448,53,17,76.0,154.0,38.0,38.0,38.0,0.0,77.0,77.0,77.0,0.0,43603.33,76515.062,130814.0,3.0,3.0,3.0,0.0,3.0,3.0,3.0,3.0,0.0,3.0,3.0,0,0,0,0,38.0,77.0,0,0,0,0,0,0,0,0,1.0,67.0,38.0,77.0,0,0,0,0,0,0,2,76,2,154,-1,-1,1,32,0.0,0.0,0.0,0.0,0.0,0.0,0.0,0.0
60274,53,17,49.0,114.0,49.0,49.0,49.0,0.0,114.0,114.0,114.0,0.0,30356.0,0.0,30356.0,30356.0,0.0,0.0,0.0,0.0,0.0,0.0,0.0,0.0,0.0,0.0,0,0,0,0,49.0,114.0,0,0,0,0,0,0,0,0,1.0,106.0,49.0,114.0,0,0,0,0,0,0,1,49,1,114,-1,-1,0,32,0.0,0.0,0.0,0.0,0.0,0.0,0.0,0.0
443,49081,6,6.0,6.0,6.0,6.0,6.0,0.0,6.0,6.0,6.0,0.0,101.0,0.0,101.0,101.0,0.0,0.0,0.0,0.0,0.0,0.0,0.0,0.0,0.0,0.0,0,0,0,0,6.0,6.0,0,0,0,0,1,1,0,0,1.0,9.0,6.0,6.0,0,0,0,0,0,0,1,6,1,6,114,16160,0,20,0.0,0.0,0.0,0.0,0.0,0.0,0.0,0.0
56712,53,17,68.0,182.0,34.0,34.0,34.0,0.0,91.0,91.0,91.0,0.0,24010.33,41092.52,72020.0,3.0,3.0,3.0,0.0,3.0,3.0,4.0,4.0,0.0,4.0,4.0,0,0,0,0,34.0,91.0,0,0,0,0,0,0,0,0,1.0,71.0,34.0,91.0,0,0,0,0,0,0,2,68,2,182,-1,-1,1,32,0.0,0.0,0.0,0.0,0.0,0.0,0.0,0.0
45620,443,6,1349.0,258533.0,203.0,0.0,13.2901,57.0096,4344.0,0.0,1828.0952,874.1133,199133.12,2996613.357,58802569.0,1.0,117744024.0,356669.9,3081797.354,58800569.0,18.0,117624420.0,147239.71,5954938.589,58855982.0,1.0,0,0,0,0,0.0,4344.0,0,0,0,1,0,0,0,0,2.0,1034.356,13.2901,1828.0952,0,0,0,0,0,0,112,1349,182,258533,29200,39,10,32,415281.5,362669.929,923199.0,229150.0,58596353.5,146040.082,58802562.0,58430765.0
59968,443,6,18.0,0.0,6.0,6.0,6.0,0.0,0.0,0.0,0.0,0.0,89.66,167.387,269.0,1.0,261.0,130.5,131.426,269.0,1.0,0.0,0.0,0.0,0.0,0.0,0,0,0,0,0.0,6.0,1,0,0,0,0,0,0,0,0.0,6.0,6.0,0.0,0,0,0,0,0,0,3,18,1,0,0,1065,2,20,0.0,0.0,0.0,0.0,0.0,0.0,0.0,0.0
55021,443,6,1246.0,4582.0,917.0,0.0,91.3333,256.1581,1397.0,0.0,644.1429,668.4406,3282.45,7730.595,15122.0,2.0,63563.0,4122.91,8585.436,22997.0,48.0,41692.0,2948.25,7641.224,17431.0,48.0,0,0,0,0,0.0,1397.0,0,0,0,1,0,0,0,0,0.0,317.1471,91.3333,644.1429,0,0,0,0,0,0,12,1246,9,4582,65535,32,11,20,0.0,0.0,0.0,0.0,0.0,0.0,0.0,0.0
61991,53,17,45.0,356.0,45.0,45.0,45.0,0.0,356.0,356.0,356.0,0.0,186122.0,0.0,186122.0,186122.0,0.0,0.0,0.0,0.0,0.0,0.0,0.0,0.0,0.0,0.0,0,0,0,0,45.0,356.0,0,0,0,0,0,0,0,0,1.0,223.0,45.0,356.0,0,0,0,0,0,0,1,45,1,356,-1,-1,0,20,0.0,0.0,0.0,0.0,0.0,0.0,0.0,0.0
60278,53,17,120.0,204.0,30.0,30.0,30.0,0.0,102.0,102.0,102.0,0.0,9524.6,13317.292,25154.0,4.0,25092.0,8367.0,14099.455,25094.0,4.0,4.0,4.0,0.0,4.0,4.0,0,0,0,0,30.0,102.0,0,0,0,0,0,0,0,0,0.0,69.0,30.0,102.0,0,0,0,0,0,0,4,120,2,204,-1,-1,3,20,0.0,0.0,0.0,0.0,0.0,0.0,0.0,0.0
80,43782,6,0.0,0.0,0.0,0.0,0.0,0.0,0.0,0.0,0.0,0.0,43.0,0.0,43.0,43.0,0.0,0.0,0.0,0.0,0.0,0.0,0.0,0.0,0.0,0.0,0,0,0,0,0.0,0.0,0,0,0,0,1,1,0,0,1.0,0.0,0.0,0.0,0,0,0,0,0,0,1,0,1,0,14386,229,0,32,0.0,0.0,0.0,0.0,0.0,0.0,0.0,0.0
50374,53,17,84.0,284.0,42.0,42.0,42.0,0.0,142.0,142.0,142.0,0.0,17257.33,30069.001,51766.0,3.0,3.0,3.0,0.0,3.0,3.0,48.0,48.0,0.0,48.0,48.0,0,0,0,0,42.0,142.0,0,0,0,0,0,0,0,0,1.0,102.5,42.0,142.0,0,0,0,0,0,0,2,84,2,284,-1,-1,1,32,0.0,0.0,0.0,0.0,0.0,0.0,0.0,0.0
443,54639,6,247.0,0.0,216.0,31.0,123.5,130.8148,0.0,0.0,0.0,0.0,4.0,0.0,4.0,4.0,4.0,4.0,0.0,4.0,4.0,0.0,0.0,0.0,0.0,0.0,1,0,0,0,31.0,216.0,0,1,0,0,1,0,0,0,0.0,231.5,123.5,0.0,0,0,0,0,0,0,2,247,0,0,60,-1,1,20,0.0,0.0,0.0,0.0,0.0,0.0,0.0,0.0
54477,443,6,370.0,3190.0,193.0,0.0,46.0,72.7486,1606.0,0.0,627.5,823.4161,433749.07,1565666.417,5722638.0,36.0,5937052.0,885495.57,1962878.63,5722638.0,48.0,59288.0,14844.66,18644.106,23457.0,228.0,0,0,0,0,0.0,1606.0,0,0,0,1,0,0,0,0,0.0,268.3531,46.0,627.5,0,0,0,0,0,0,9,370,4,3190,8192,60,7,20,129559.0,0.0,129559.0,129559.0,5722684.0,0.0,5722684.0,5722684.0
123,123,17,48.0,48.0,48.0,48.0,48.0,0.0,48.0,48.0,48.0,0.0,22035.0,0.0,22035.0,22035.0,0.0,0.0,0.0,0.0,0.0,0.0,0.0,0.0,0.0,0.0,0,0,0,0,48.0,48.0,0,0,0,0,0,0,0,0,1.0,72.0,48.0,48.0,0,0,0,0,0,0,1,48,1,48,-1,-1,0,20,0.0,0.0,0.0,0.0,0.0,0.0,0.0,0.0
57146,22,6,2686.0,6718.0,408.0,0.0,76.7429,105.427,976.0,0.0,167.9524,317.0514,16818.73,110555.462,953140.0,0.0,1429336.0,31823.1,158902.344,998194.0,3.0,483346.0,19695.76,30566.913,196285.0,0.0,0,0,0,0,0.0,976.0,0,0,0,1,0,0,0,0,1.0,125.3511,76.7429,167.9524,0,0,0,0,0,0,35,2686,42,6718,8192,245,33,20,0.0,0.0,0.0,0.0,0.0,0.0,0.0,0.0
63722,53,17,70.0,102.0,35.0,35.0,35.0,0.0,51.0,51.0,51.0,0.0,49.66,78.952,142.0,3.0,3.0,3.0,0.0,3.0,3.0,3.0,3.0,0.0,3.0,3.0,0,0,0,0,35.0,51.0,0,0,0,0,0,0,0,0,1.0,51.75,35.0,51.0,0,0,0,0,0,0,2,70,2,102,-1,-1,1,20,0.0,0.0,0.0,0.0,0.0,0.0,0.0,0.0
443,56430,6,43.0,0.0,31.0,6.0,14.3333,14.4338,0.0,0.0,0.0,0.0,153.0,260.635,303.0,3.0,306.0,103.0,215.509,303.0,3.0,0.0,0.0,0.0,0.0,0.0,0,0,0,0,6.0,31.0,0,0,0,0,1,0,0,0,0.0,16.3333,14.3333,0.0,0,0,0,0,0,0,3,43,0,0,1013,-1,2,20,0.0,0.0,0.0,0.0,0.0,0.0,0.0,0.0
14504,53,17,90.0,146.0,45.0,45.0,45.0,0.0,73.0,73.0,73.0,0.0,10486.0,18134.269,31457.0,3.0,4.0,4.0,0.0,4.0,4.0,3.0,3.0,0.0,3.0,3.0,0,0,0,0,45.0,73.0,0,0,0,0,0,0,0,0,1.0,70.25,45.0,73.0,0,0,0,0,0,0,2,90,2,146,-1,-1,1,20,0.0,0.0,0.0,0.0,0.0,0.0,0.0,0.0
443,64295,6,0.0,18.0,0.0,0.0,0.0,0.0,6.0,6.0,6.0,0.0,17693.91,34361.89,64470.0,1.0,64493.0,64493.0,0.0,64493.0,64493.0,5.0,2.5,2.121,4.0,1.0,0,0,0,0,0.0,6.0,0,0,0,0,1,0,0,0,1.0,3.6,0.0,6.0,0,0,0,0,0,0,2,0,3,18,123,0,0,32,0.0,0.0,0.0,0.0,0.0,0.0,0.0,0.0
56703,80,6,1888.0,3750.0,1460.0,0.0,458.0,688.0095,1720.0,0.0,622.0,828.7093,33742.85,50895.734,152262.0,39.0,355023.0,71658.5,62521.064,153942.0,99.0,325570.0,87795.5,108269.484,189569.0,229.0,0,0,0,0,0.0,1720.0,0,0,0,1,0,0,0,0,0.0,583.9,458.0,622.0,0,0,0,0,0,0,6,1888,5,3750,29200,68,5,20,0.0,0.0,0.0,0.0,0.0,0.0,0.0,0.0
49192,443,6,999.0,1783.0,502.0,0.0,66.5625,131.0725,1645.0,0.0,125.5455,291.0153,3050547.17,4528495.427,10131844.0,11.0,116014739.0,5846093.15,4961795.109,10199984.0,49.0,112557876.0,6677154.05,5145719.124,10292365.0,336.0,0,0,0,0,0.0,1645.0,0,0,0,1,0,0,0,0,0.0,90.45,66.5625,125.5455,0,0,0,0,0,0,22,999,19,1783,29200,123,4,32,64046.45,90930.677,386624.0,36292.0,10029361.45,20842.185,10131840.0,9959801.0
52437,443,6,400.0,3302.0,238.0,0.0,60.0,101.0402,1430.0,0.0,675.0,721.6111,15660.77,28364.236,83492.0,49.0,203322.0,36680.4,28739.455,80746.0,139.0,132810.0,35952.0,41305.104,89670.0,254.0,0,0,0,0,0.0,1430.0,0,0,0,1,0,0,0,0,0.0,310.3333,60.0,675.0,0,0,0,0,0,0,6,400,5,3302,8192,60,5,20,0.0,0.0,0.0,0.0,0.0,0.0,0.0,0.0
61602,53,17,186.0,664.0,49.0,49.0,49.0,0.0,332.0,332.0,332.0,0.0,20556.6,32273.487,88048.0,3.0,32030.0,10610.66,18119.374,32034.0,3.0,3.0,3.0,0.0,3.0,3.0,0,0,0,0,49.0,332.0,0,0,0,0,0,0,0,0,0.0,147.1667,49.0,332.0,0,0,0,0,0,0,4,186,2,664,-1,-1,3,32,0.0,0.0,0.0,0.0,0.0,0.0,0.0,0.0
64414,53,17,82.0,114.0,41.0,41.0,41.0,0.0,57.0,57.0,57.0,0.0,72.33,46.883,122.0,48.0,49.0,49.0,0.0,49.0,49.0,48.0,48.0,0.0,48.0,48.0,0,0,0,0,41.0,57.0,0,0,0,0,0,0,0,0,1.0,59.25,41.0,57.0,0,0,0,0,0,0,2,82,2,114,-1,-1,1,32,0.0,0.0,0.0,0.0,0.0,0.0,0.0,0.0
52208,443,6,1707.0,4873.0,597.0,0.0,150.8636,230.425,1689.0,2.0,645.0,727.228,557318.23,2338538.837,9741573.0,3.0,804856.0,120273.0,191231.998,235391.0,98.0,10871367.0,1094369.66,3118852.133,9722964.0,3.0,0,0,0,0,0.0,1689.0,0,0,0,1,0,0,0,0,1.0,429.3611,150.8636,645.0,0,0,0,0,0,0,9,1707,12,4873,8192,40258,8,20,341763.0,0.0,341763.0,341763.0,9741538.0,0.0,9741578.0,9741538.0
61486,53,17,49.0,108.0,49.0,49.0,49.0,0.0,108.0,108.0,108.0,0.0,147526.0,0.0,147526.0,147526.0,0.0,0.0,0.0,0.0,0.0,0.0,0.0,0.0,0.0,0.0,0,0,0,0,49.0,108.0,0,0,0,0,0,0,0,0,1.0,103.0,49.0,108.0,0,0,0,0,0,0,1,49,1,108,-1,-1,0,32,0.0,0.0,0.0,0.0,0.0,0.0,0.0,0.0
55390,443,6,1182.0,4530.0,901.0,0.0,91.2,247.2569,1397.0,0.0,515.0,695.0537,4303.2,7211.924,15329.0,3.0,73280.0,7149.11,9770.905,20707.0,3.0,31432.0,3648.26,6964.83,15553.0,4.0,0,0,0,0,0.0,1397.0,0,0,0,1,0,0,0,0,0.0,251.7223,91.2,515.0,0,0,0,0,0,0,20,1182,10,4530,65535,32,19,20,0.0,0.0,0.0,0.0,0.0,0.0,0.0,0.0
443,56174,6,0.0,0.0,0.0,0.0,0.0,0.0,0.0,0.0,0.0,0.0,29.0,0.0,29.0,29.0,0.0,0.0,0.0,0.0,0.0,0.0,0.0,0.0,0.0,0.0,0,0,0,0,0.0,0.0,0,0,0,0,1,1,0,0,1.0,0.0,0.0,0.0,0,0,0,0,0,0,1,0,1,0,134,338,0,32,0.0,0.0,0.0,0.0,0.0,0.0,0.0,0.0
63255,80,6,12.0,0.0,6.0,0.0,4.0,3.4641,0.0,0.0,0.0,0.0,1713928.33,3079453.609,5285164.0,96.0,5351341.0,2675670.5,3769988.512,5285164.0,37393.0,0.0,0.0,0.0,0.0,0.0,0,0,0,0,0.0,6.0,0,0,0,1,0,0,0,0,0.0,3.0,4.0,0.0,0,0,0,0,0,0,3,12,1,0,8192,29200,2,20,0.0,0.0,0.0,0.0,0.0,0.0,0.0,0.0
443,51878,6,6.0,6.0,6.0,6.0,6.0,0.0,6.0,6.0,6.0,0.0,18.0,0.0,18.0,18.0,0.0,0.0,0.0,0.0,0.0,0.0,0.0,0.0,0.0,0.0,0,0,0,0,6.0,6.0,0,0,0,0,1,1,0,0,1.0,9.0,6.0,6.0,0,0,0,0,0,0,1,6,1,6,519,255,0,20,0.0,0.0,0.0,0.0,0.0,0.0,0.0,0.0
443,52837,6,0.0,0.0,0.0,0.0,0.0,0.0,0.0,0.0,0.0,0.0,63.0,0.0,63.0,63.0,0.0,0.0,0.0,0.0,0.0,0.0,0.0,0.0,0.0,0.0,0,0,0,0,0.0,0.0,0,0,0,0,1,0,0,0,1.0,0.0,0.0,0.0,0,0,0,0,0,0,1,0,1,0,10340,32832,0,32,0.0,0.0,0.0,0.0,0.0,0.0,0.0,0.0
16528,53,17,72.0,328.0,36.0,36.0,36.0,0.0,164.0,164.0,164.0,0.0,72.33,48.447,128.0,48.0,48.0,48.0,0.0,48.0,48.0,48.0,48.0,0.0,48.0,48.0,0,0,0,0,36.0,164.0,0,0,0,0,0,0,0,0,1.0,109.0,36.0,164.0,0,0,0,0,0,0,2,72,2,328,-1,-1,1,40,0.0,0.0,0.0,0.0,0.0,0.0,0.0,0.0
60369,53,17,50.0,135.0,50.0,50.0,50.0,0.0,135.0,135.0,135.0,0.0,31269.0,0.0,31269.0,31269.0,0.0,0.0,0.0,0.0,0.0,0.0,0.0,0.0,0.0,0.0,0,0,0,0,50.0,135.0,0,0,0,0,0,0,0,0,1.0,117.5,50.0,135.0,0,0,0,0,0,0,1,50,1,135,-1,-1,0,20,0.0,0.0,0.0,0.0,0.0,0.0,0.0,0.0
59224,443,6,1208.0,4251.0,731.0,0.0,120.7143,244.6723,1396.0,0.0,562.1111,638.1182,10014.8,12462.244,57461.0,2.0,191049.0,10880.9,24170.82,51588.0,3.0,150508.0,11970.66,26242.971,53884.0,2.0,0,0,0,0,0.0,1396.0,0,0,0,1,0,0,0,0,0.0,303.3547,120.7143,562.1111,0,0,0,0,0,0,14,1208,7,4251,65535,445,6,32,0.0,0.0,0.0,0.0,0.0,0.0,0.0,0.0
443,45487,6,0.0,0.0,0.0,0.0,0.0,0.0,0.0,0.0,0.0,0.0,15202.0,22342.388,30463.0,67.0,30404.0,30404.0,0.0,30404.0,30404.0,0.0,0.0,0.0,0.0,0.0,0,0,0,0,0.0,0.0,0,0,0,0,1,1,0,0,0.0,0.0,0.0,0.0,0,0,0,0,0,0,2,0,1,0,122,313,0,32,0.0,0.0,0.0,0.0,0.0,0.0,0.0,0.0
58060,443,6,825.0,10301.0,254.0,0.0,60.3077,74.0423,2225.0,0.0,589.2222,883.074,2266378.82,10915567.339,58160219.0,1.0,117590338.0,5834067.23,15380520.954,58160219.0,26.0,117431390.0,4748799.21,15025040.741,58110901.0,1.0,0,0,0,0,0.0,2225.0,0,0,0,1,0,0,0,0,1.0,428.0429,60.3077,589.2222,0,0,0,0,0,0,17,825,23,10301,8192,1027,16,20,207156.0,171534.567,350384.0,241804.0,58153037.0,60867.214,58160217.0,58122400.0
443,60633,6,37.0,0.0,37.0,0.0,18.5,26.163,0.0,0.0,0.0,0.0,3.0,0.0,3.0,3.0,3.0,3.0,0.0,3.0,3.0,0.0,0.0,0.0,0.0,0.0,1,0,0,0,0.0,37.0,0,1,0,0,1,0,0,0,0.0,37.0,18.5,0.0,0,0,0,0,0,0,2,37,0,0,114,-1,0,32,0.0,0.0,0.0,0.0,0.0,0.0,0.0,0.0
61846,53,17,69.0,147.0,69.0,69.0,69.0,0.0,147.0,147.0,147.0,0.0,289142.0,0.0,289142.0,289142.0,0.0,0.0,0.0,0.0,0.0,0.0,0.0,0.0,0.0,0.0,0,0,0,0,69.0,147.0,0,0,0,0,0,0,0,0,1.0,132.5,69.0,147.0,0,0,0,0,0,0,1,69,1,147,-1,-1,0,20,0.0,0.0,0.0,0.0,0.0,0.0,0.0,0.0
60293,53,17,50.0,82.0,50.0,50.0,50.0,0.0,82.0,82.0,82.0,0.0,30685.0,0.0,30685.0,30685.0,0.0,0.0,0.0,0.0,0.0,0.0,0.0,0.0,0.0,0.0,0,0,0,0,50.0,82.0,0,0,0,0,0,0,0,0,1.0,91.0,50.0,82.0,0,0,0,0,0,0,1,50,1,82,-1,-1,0,20,0.0,0.0,0.0,0.0,0.0,0.0,0.0,0.0
61452,53,17,44.0,90.0,44.0,44.0,44.0,0.0,90.0,90.0,90.0,0.0,117352.0,0.0,117352.0,117352.0,0.0,0.0,0.0,0.0,0.0,0.0,0.0,0.0,0.0,0.0,0,0,0,0,44.0,90.0,0,0,0,0,0,0,0,0,1.0,99.0,44.0,90.0,0,0,0,0,0,0,1,44,1,90,-1,-1,0,20,0.0,0.0,0.0,0.0,0.0,0.0,0.0,0.0
443,36822,6,0.0,0.0,0.0,0.0,0.0,0.0,0.0,0.0,0.0,0.0,1351.0,0.0,1351.0,1351.0,1351.0,1351.0,0.0,1351.0,1351.0,0.0,0.0,0.0,0.0,0.0,0,0,0,0,0.0,0.0,0,0,0,0,1,0,0,0,0.0,0.0,0.0,0.0,0,0,0,0,0,0,2,0,0,0,114,-1,0,32,0.0,0.0,0.0,0.0,0.0,0.0,0.0,0.0
60760,443,6,664.0,463.0,421.0,0.0,66.4,132.9051,325.0,0.0,77.6,135.1213,3607.64,6082.071,12115.0,3.0,64293.0,7309.77,8989.038,24146.0,3.0,47308.0,7684.0,4499.849,12394.0,203.0,0,0,0,0,0.0,421.0,0,0,0,1,0,0,0,0,0.0,67.0667,66.4,77.6,0,0,0,0,0,0,10,664,5,463,65535,31,5,32,0.0,0.0,0.0,0.0,0.0,0.0,0.0,0.0
443,63456,6,6.0,6.0,6.0,6.0,6.0,0.0,6.0,6.0,6.0,0.0,70.0,0.0,70.0,70.0,0.0,0.0,0.0,0.0,0.0,0.0,0.0,0.0,0.0,0.0,0,0,0,0,6.0,6.0,0,0,0,0,1,1,0,0,1.0,9.0,6.0,6.0,0,0,0,0,0,0,1,6,1,6,32,32850,0,20,0.0,0.0,0.0,0.0,0.0,0.0,0.0,0.0
51888,443,6,24.0,0.0,6.0,6.0,6.0,0.0,0.0,0.0,0.0,0.0,21640.4,43710.413,87418.0,1.0,87470.0,29823.66,50739.1,87478.0,1.0,0.0,0.0,0.0,0.0,0.0,0,0,0,0,0.0,6.0,1,0,0,0,0,0,0,0,0.0,6.0,6.0,0.0,0,0,0,0,0,0,4,24,1,0,0,115,3,20,0.0,0.0,0.0,0.0,0.0,0.0,0.0,0.0
61678,53,17,45.0,147.0,45.0,45.0,45.0,0.0,147.0,147.0,147.0,0.0,173039.0,0.0,173039.0,173039.0,0.0,0.0,0.0,0.0,0.0,0.0,0.0,0.0,0.0,0.0,0,0,0,0,45.0,147.0,0,0,0,0,0,0,0,0,1.0,118.5,45.0,147.0,0,0,0,0,0,0,1,45,1,147,-1,-1,0,20,0.0,0.0,0.0,0.0,0.0,0.0,0.0,0.0
55216,443,6,948.0,5803.0,399.0,0.0,61.5,99.8973,1709.0,0.0,317.7143,763.403,2998837.31,12993160.911,58059066.0,4.0,117144444.0,6100762.0,18587095.114,58059046.0,4.0,117140839.0,6914011.07,18653824.41,58031716.0,4.0,0,0,0,0,0.0,1709.0,0,0,0,1,0,0,0,0,0.0,171.8222,61.5,317.7143,0,0,0,0,0,0,16,948,14,5803,8192,51,15,20,174694.5,322225.599,382713.0,72829.0,58007661.0,389245.824,58059067.0,58735379.0
443,60298,6,6.0,6.0,6.0,6.0,6.0,0.0,6.0,6.0,6.0,0.0,98.0,0.0,98.0,98.0,0.0,0.0,0.0,0.0,0.0,0.0,0.0,0.0,0.0,0.0,0,0,0,0,6.0,6.0,0,0,0,0,1,1,0,0,1.0,9.0,6.0,6.0,0,0,0,0,0,0,1,6,1,6,60,255,0,20,0.0,0.0,0.0,0.0,0.0,0.0,0.0,0.0
4010,443,6,2073.0,2761.0,1680.0,0.0,376.1667,654.9081,1599.0,0.0,310.375,754.2336,1532102.51,3478752.654,10000239.0,4.0,17254284.0,2855327.2,4525934.911,10000239.0,532.0,11025905.0,2608351.85,4945395.053,10002377.0,4.0,0,0,0,0,0.0,1880.0,0,0,0,1,0,0,0,0,1.0,338.8833,376.1667,310.375,0,0,0,0,0,0,6,2073,8,2761,8192,7858,5,20,194579.0,0.0,194579.0,194579.0,10000252.0,0.0,10000232.0,10000252.0
50248,53,17,72.0,176.0,36.0,36.0,36.0,0.0,88.0,88.0,88.0,0.0,10254.0,17712.304,30755.0,3.0,3.0,3.0,0.0,3.0,3.0,3.0,3.0,0.0,3.0,3.0,0,0,0,0,36.0,88.0,0,0,0,0,0,0,0,0,1.0,71.0,36.0,88.0,0,0,0,0,0,0,2,72,2,176,-1,-1,1,32,0.0,0.0,0.0,0.0,0.0,0.0,0.0,0.0
65271,53,17,70.0,268.0,35.0,35.0,35.0,0.0,134.0,134.0,134.0,0.0,23377.0,40259.861,70120.0,3.0,3.0,3.0,0.0,3.0,3.0,3.0,3.0,0.0,3.0,3.0,0,0,0,0,35.0,134.0,0,0,0,0,0,0,0,0,1.0,93.25,35.0,134.0,0,0,0,0,0,0,2,70,2,268,-1,-1,1,20,0.0,0.0,0.0,0.0,0.0,0.0,0.0,0.0
443,58377,6,29.0,0.0,23.0,6.0,14.5,12.0208,0.0,0.0,0.0,0.0,3.0,0.0,3.0,3.0,3.0,3.0,0.0,3.0,3.0,0.0,0.0,0.0,0.0,0.0,1,0,0,0,6.0,23.0,0,1,0,0,1,0,0,0,0.0,26.0,14.5,0.0,0,0,0,0,0,0,2,29,0,0,1028,-1,1,20,0.0,0.0,0.0,0.0,0.0,0.0,0.0,0.0
60983,53,17,49.0,127.0,49.0,49.0,49.0,0.0,127.0,127.0,127.0,0.0,91030.0,0.0,91030.0,91030.0,0.0,0.0,0.0,0.0,0.0,0.0,0.0,0.0,0.0,0.0,0,0,0,0,49.0,127.0,0,0,0,0,0,0,0,0,1.0,112.5,49.0,127.0,0,0,0,0,0,0,1,49,1,127,-1,-1,0,32,0.0,0.0,0.0,0.0,0.0,0.0,0.0,0.0
443,53953,6,37.0,6.0,31.0,6.0,18.5,17.6777,6.0,6.0,6.0,0.0,102.0,46.869,131.0,59.0,214.0,214.0,0.0,214.0,214.0,0.0,0.0,0.0,0.0,0.0,1,0,0,0,6.0,31.0,0,1,0,0,1,0,0,0,0.0,24.6667,18.5,6.0,0,0,0,0,0,0,2,37,1,6,16,0,1,20,0.0,0.0,0.0,0.0,0.0,0.0,0.0,0.0
1034,443,6,12.0,0.0,6.0,6.0,6.0,0.0,0.0,0.0,0.0,0.0,14222.0,0.0,14222.0,14222.0,14222.0,14222.0,0.0,14222.0,14222.0,0.0,0.0,0.0,0.0,0.0,0,0,0,0,6.0,6.0,0,0,0,0,1,0,0,0,0.0,9.0,6.0,0.0,0,0,0,0,0,0,2,12,0,0,22950,-1,1,20,0.0,0.0,0.0,0.0,0.0,0.0,0.0,0.0
443,52316,6,6.0,6.0,6.0,6.0,6.0,0.0,6.0,6.0,6.0,0.0,82.0,0.0,82.0,82.0,0.0,0.0,0.0,0.0,0.0,0.0,0.0,0.0,0.0,0.0,0,0,0,0,6.0,6.0,0,0,0,0,1,1,0,0,1.0,9.0,6.0,6.0,0,0,0,0,0,0,1,6,1,6,119,256,0,20,0.0,0.0,0.0,0.0,0.0,0.0,0.0,0.0
64828,443,6,704.0,1327.0,453.0,0.0,70.4,142.9399,1189.0,0.0,265.4,519.7546,19995.92,36489.364,87061.0,42.0,275497.0,30349.44,43923.844,89608.0,48.0,186516.0,46809.0,49753.722,88929.0,214.0,0,0,0,0,0.0,1189.0,0,0,0,1,0,0,0,0,0.0,135.4,70.4,265.4,0,0,0,0,0,0,10,704,5,1327,65535,115,5,32,0.0,0.0,0.0,0.0,0.0,0.0,0.0,0.0
54209,80,6,382.0,4073.0,382.0,0.0,57.4,133.0375,2145.0,0.0,1416.8333,1086.8395,4721.66,7734.588,15369.0,6.0,40522.0,8768.55,10300.532,25724.0,71.0,20754.0,7649.8,7227.062,15449.0,58.0,0,0,0,0,0.0,2145.0,0,0,0,1,0,0,0,0,0.0,241.4667,57.4,1416.8333,0,0,0,0,0,0,10,382,6,4073,65535,8190,1,32,0.0,0.0,0.0,0.0,0.0,0.0,0.0,0.0
57620,443,6,0.0,0.0,0.0,0.0,0.0,0.0,0.0,0.0,0.0,0.0,26647.5,37673.184,53256.0,1.0,1.0,1.0,0.0,1.0,1.0,0.0,0.0,0.0,0.0,0.0,0,0,0,0,0.0,0.0,0,0,0,0,1,1,0,0,0.0,0.0,0.0,0.0,0,0,0,0,0,0,2,0,1,0,32832,357,0,32,0.0,0.0,0.0,0.0,0.0,0.0,0.0,0.0
80,58101,6,12.0,0.0,6.0,6.0,6.0,0.0,0.0,0.0,0.0,0.0,4.0,0.0,4.0,4.0,4.0,4.0,0.0,4.0,4.0,0.0,0.0,0.0,0.0,0.0,0,0,0,0,6.0,6.0,0,0,0,0,1,0,0,0,0.0,9.0,6.0,0.0,0,0,0,0,0,0,2,12,0,0,913,-1,1,20,0.0,0.0,0.0,0.0,0.0,0.0,0.0,0.0
38724,53,17,78.0,188.0,39.0,39.0,39.0,0.0,94.0,94.0,94.0,0.0,80.0,98.932,193.0,2.0,4.0,4.0,0.0,4.0,4.0,49.0,49.0,0.0,49.0,49.0,0,0,0,0,39.0,94.0,0,0,0,0,0,0,0,0,1.0,76.25,39.0,94.0,0,0,0,0,0,0,2,78,2,188,-1,-1,1,32,0.0,0.0,0.0,0.0,0.0,0.0,0.0,0.0
56443,443,6,5263.0,3177.0,621.0,0.0,140.8308,222.3145,233.0,0.0,164.4882,120.0685,493616.24,1440819.986,14625346.0,1.0,24323269.0,994467.58,1402234.048,14625346.0,1.0,24725085.0,1098477.78,2279245.168,14742637.0,1.0,1,0,0,0,0.0,621.0,0,1,0,0,1,0,0,0,0.0,155.7061,140.8308,164.4882,0,0,0,0,0,0,43,5263,26,3177,1744,456,29,32,4685501.33,3774745.398,9594274.0,50854.0,6442342.5,7425967.192,14625341.0,5270303.0
56163,53,17,60.0,194.0,30.0,30.0,30.0,0.0,97.0,97.0,97.0,0.0,7957.33,13761.209,23862.0,3.0,4.0,4.0,0.0,4.0,4.0,3.0,3.0,0.0,3.0,3.0,0,0,0,0,30.0,97.0,0,0,0,0,0,0,0,0,1.0,71.0,30.0,97.0,0,0,0,0,0,0,2,60,2,194,-1,-1,1,32,0.0,0.0,0.0,0.0,0.0,0.0,0.0,0.0
11784,53,17,64.0,96.0,32.0,32.0,32.0,0.0,48.0,48.0,48.0,0.0,110.0,190.954,323.0,1.0,1.0,1.0,0.0,1.0,1.0,1.0,1.0,0.0,1.0,1.0,0,0,0,0,32.0,48.0,0,0,0,0,0,0,0,0,1.0,48.0,32.0,48.0,0,0,0,0,0,0,2,64,2,96,-1,-1,1,32,0.0,0.0,0.0,0.0,0.0,0.0,0.0,0.0
51012,443,6,5275.0,26502.0,1549.0,0.0,379.5606,693.9233,2697.0,0.0,799.9694,735.5658,831892.9,2630086.126,10020698.0,16.0,894775.0,36315.07,58241.004,280768.0,150.0,10817910.0,1230854.4,3563418.18,10076212.0,12.0,0,0,0,0,0.0,2697.0,0,0,0,1,0,0,0,0,1.0,606.8267,379.5606,799.9694,0,0,0,0,0,0,21,5275,33,26502,8192,27,20,20,144781.0,0.0,144781.0,144781.0,10020690.0,0.0,10020690.0,10020690.0
62982,443,6,713.0,479.0,469.0,0.0,71.3,147.2874,341.0,0.0,95.8,149.5299,5876.35,9287.405,23119.0,3.0,81485.0,9105.66,12325.086,24370.0,3.0,50212.0,12303.5,13235.717,20146.0,228.0,0,0,0,0,0.0,469.0,0,0,0,1,0,0,0,0,0.0,79.4667,71.3,95.8,0,0,0,0,0,0,10,713,5,479,65535,972,5,32,0.0,0.0,0.0,0.0,0.0,0.0,0.0,0.0
50345,443,6,726.0,781.0,453.0,0.0,66.0,135.3869,629.0,0.0,110.375,230.1271,10462.24,15992.59,36823.0,3.0,163954.0,18740.1,24632.348,52139.0,3.0,113203.0,28820.85,20072.873,51858.0,4.0,0,0,0,0,0.0,629.0,0,0,0,1,0,0,0,0,0.0,83.9444,66.0,110.375,0,0,0,0,0,0,11,726,8,781,65535,10160,10,20,0.0,0.0,0.0,0.0,0.0,0.0,0.0,0.0
63018,443,6,966.0,575.0,729.0,0.0,96.6,235.523,437.0,0.0,115.0,183.6525,12458.0,17389.32,44691.0,4.0,182630.0,15649.22,20764.923,55494.0,4.0,109596.0,29849.5,17880.807,40980.0,4.0,0,0,0,0,0.0,729.0,0,0,0,1,0,0,0,0,0.0,99.5333,96.6,115.0,0,0,0,0,0,0,10,966,5,575,65535,186,5,32,0.0,0.0,0.0,0.0,0.0,0.0,0.0,0.0
59482,53,17,56.0,568.0,28.0,28.0,28.0,0.0,284.0,284.0,284.0,0.0,66.0,109.419,191.0,3.0,3.0,3.0,0.0,3.0,3.0,4.0,4.0,0.0,4.0,4.0,0,0,0,0,28.0,284.0,0,0,0,0,0,0,0,0,1.0,163.0,28.0,284.0,0,0,0,0,0,0,2,56,2,568,-1,-1,1,20,0.0,0.0,0.0,0.0,0.0,0.0,0.0,0.0
56901,80,6,482.0,12635.0,494.0,0.0,26.125,90.6507,1460.0,0.0,586.1923,690.9246,2749033.35,4474324.515,10031441.0,4.0,115467770.0,5199475.46,4934795.989,10244444.0,23948.0,112360259.0,5978308.95,5042856.775,10122173.0,47.0,0,0,0,0,0.0,1460.0,0,0,0,1,0,0,0,0,1.0,316.7187,26.125,586.1923,0,0,0,0,0,0,24,482,23,12635,8192,946,23,20,29967.45,51715.805,259836.0,14905.0,10028313.81,3603.339,10031446.0,9996434.0
443,58851,6,6.0,6.0,6.0,6.0,6.0,0.0,6.0,6.0,6.0,0.0,77.0,0.0,77.0,77.0,0.0,0.0,0.0,0.0,0.0,0.0,0.0,0.0,0.0,0.0,0,0,0,0,6.0,6.0,0,0,0,0,1,1,0,0,1.0,9.0,6.0,6.0,0,0,0,0,0,0,1,6,1,6,8192,255,0,20,0.0,0.0,0.0,0.0,0.0,0.0,0.0,0.0
443,33753,6,12.0,0.0,6.0,6.0,6.0,0.0,0.0,0.0,0.0,0.0,35755.0,0.0,35755.0,35755.0,35755.0,35755.0,0.0,35755.0,35755.0,0.0,0.0,0.0,0.0,0.0,0,0,0,0,6.0,6.0,0,0,0,0,1,0,0,0,0.0,9.0,6.0,0.0,0,0,0,0,0,0,2,12,0,0,30,-1,1,20,0.0,0.0,0.0,0.0,0.0,0.0,0.0,0.0
60902,53,17,70.0,126.0,35.0,35.0,35.0,0.0,63.0,63.0,63.0,0.0,42.66,67.651,122.0,4.0,4.0,4.0,0.0,4.0,4.0,4.0,4.0,0.0,4.0,4.0,0,0,0,0,35.0,63.0,0,0,0,0,0,0,0,0,1.0,57.75,35.0,63.0,0,0,0,0,0,0,2,70,2,126,-1,-1,1,32,0.0,0.0,0.0,0.0,0.0,0.0,0.0,0.0
6883,80,6,12.0,0.0,6.0,6.0,6.0,0.0,0.0,0.0,0.0,0.0,8286.0,0.0,8286.0,8286.0,8286.0,8286.0,0.0,8286.0,8286.0,0.0,0.0,0.0,0.0,0.0,0,0,0,0,6.0,6.0,0,0,0,0,1,0,0,0,0.0,9.0,6.0,0.0,0,0,0,0,0,0,2,12,0,0,256,-1,1,20,0.0,0.0,0.0,0.0,0.0,0.0,0.0,0.0
54609,443,6,12.0,0.0,6.0,6.0,6.0,0.0,0.0,0.0,0.0,0.0,3767148.0,0.0,3767148.0,3767148.0,3767148.0,3767148.0,0.0,3767148.0,3767148.0,0.0,0.0,0.0,0.0,0.0,0,0,0,0,6.0,6.0,0,0,0,0,1,0,0,0,0.0,9.0,6.0,0.0,0,0,0,0,0,0,2,12,0,0,16217,-1,1,20,0.0,0.0,0.0,0.0,0.0,0.0,0.0,0.0
36044,443,6,12.0,0.0,6.0,6.0,6.0,0.0,0.0,0.0,0.0,0.0,3.0,0.0,3.0,3.0,3.0,3.0,0.0,3.0,3.0,0.0,0.0,0.0,0.0,0.0,0,0,0,0,6.0,6.0,1,0,0,0,0,0,0,0,0.0,9.0,6.0,0.0,0,0,0,0,0,0,2,12,0,0,0,-1,1,20,0.0,0.0,0.0,0.0,0.0,0.0,0.0,0.0
53921,443,6,1194.0,54945.0,517.0,0.0,30.437,122.6576,4344.0,0.0,1758.8833,866.1959,32507.35,55645.299,137329.0,2.0,821933.0,92128.37,82660.667,137329.0,43.0,510996.0,11922.93,53794.612,238201.0,2.0,0,0,0,0,0.0,4344.0,0,0,0,1,0,0,0,0,1.0,1180.5833,30.437,1758.8833,0,0,0,0,0,0,31,1194,44,54945,29200,243,3,32,0.0,0.0,0.0,0.0,0.0,0.0,0.0,0.0
1369,80,6,12.0,0.0,6.0,6.0,6.0,0.0,0.0,0.0,0.0,0.0,3273.0,0.0,3273.0,3273.0,3273.0,3273.0,0.0,3273.0,3273.0,0.0,0.0,0.0,0.0,0.0,0,0,0,0,6.0,6.0,0,0,0,0,1,0,0,0,0.0,9.0,6.0,0.0,0,0,0,0,0,0,2,12,0,0,256,-1,1,20,0.0,0.0,0.0,0.0,0.0,0.0,0.0,0.0
60770,53,17,41.0,75.0,41.0,41.0,41.0,0.0,75.0,75.0,75.0,0.0,30621.0,0.0,30621.0,30621.0,0.0,0.0,0.0,0.0,0.0,0.0,0.0,0.0,0.0,0.0,0,0,0,0,41.0,75.0,0,0,0,0,0,0,0,0,1.0,88.5,41.0,75.0,0,0,0,0,0,0,1,41,1,75,-1,-1,0,20,0.0,0.0,0.0,0.0,0.0,0.0,0.0,0.0
443,44721,6,0.0,18.0,0.0,0.0,0.0,0.0,6.0,6.0,6.0,0.0,11093.0,22820.332,42373.0,1.0,42394.0,42394.0,0.0,42394.0,42394.0,4.0,2.0,1.414,3.0,1.0,0,0,0,0,0.0,6.0,0,0,0,0,1,0,0,0,1.0,3.6,0.0,6.0,0,0,0,0,0,0,2,0,3,18,52,0,0,32,0.0,0.0,0.0,0.0,0.0,0.0,0.0,0.0
80,52983,6,6.0,6.0,6.0,6.0,6.0,0.0,6.0,6.0,6.0,0.0,21.0,0.0,21.0,21.0,0.0,0.0,0.0,0.0,0.0,0.0,0.0,0.0,0.0,0.0,0,0,0,0,6.0,6.0,0,0,0,0,1,1,0,0,1.0,9.0,6.0,6.0,0,0,0,0,0,0,1,6,1,6,115,256,0,20,0.0,0.0,0.0,0.0,0.0,0.0,0.0,0.0
443,52722,6,0.0,0.0,0.0,0.0,0.0,0.0,0.0,0.0,0.0,0.0,154.0,0.0,154.0,154.0,0.0,0.0,0.0,0.0,0.0,0.0,0.0,0.0,0.0,0.0,0,0,0,0,0.0,0.0,0,0,0,0,1,1,0,0,1.0,0.0,0.0,0.0,0,0,0,0,0,0,1,0,1,0,61,33304,0,32,0.0,0.0,0.0,0.0,0.0,0.0,0.0,0.0
123,123,17,48.0,48.0,48.0,48.0,48.0,0.0,48.0,48.0,48.0,0.0,26164.0,0.0,26164.0,26164.0,0.0,0.0,0.0,0.0,0.0,0.0,0.0,0.0,0.0,0.0,0,0,0,0,48.0,48.0,0,0,0,0,0,0,0,0,1.0,72.0,48.0,48.0,0,0,0,0,0,0,1,48,1,48,-1,-1,0,32,0.0,0.0,0.0,0.0,0.0,0.0,0.0,0.0
80,55153,6,6.0,6.0,6.0,6.0,6.0,0.0,6.0,6.0,6.0,0.0,21.0,0.0,21.0,21.0,0.0,0.0,0.0,0.0,0.0,0.0,0.0,0.0,0.0,0.0,0,0,0,0,6.0,6.0,0,0,0,0,1,1,0,0,1.0,9.0,6.0,6.0,0,0,0,0,0,0,1,6,1,6,332,255,0,20,0.0,0.0,0.0,0.0,0.0,0.0,0.0,0.0
443,58307,6,43.0,6.0,31.0,6.0,14.3333,14.4338,6.0,6.0,6.0,0.0,3153.33,5353.165,6286.0,1.0,6202.0,3101.0,2113.333,6209.0,1.0,0.0,0.0,0.0,0.0,0.0,0,0,0,0,6.0,31.0,0,0,0,0,1,0,0,0,0.0,13.75,14.3333,6.0,0,0,0,0,0,0,3,43,1,6,34847,0,2,20,0.0,0.0,0.0,0.0,0.0,0.0,0.0,0.0
60075,53,17,56.0,568.0,28.0,28.0,28.0,0.0,284.0,284.0,284.0,0.0,8069.33,13930.994,24200.0,3.0,3.0,3.0,0.0,3.0,3.0,4.0,4.0,0.0,4.0,4.0,0,0,0,0,28.0,284.0,0,0,0,0,0,0,0,0,1.0,163.0,28.0,284.0,0,0,0,0,0,0,2,56,2,568,-1,-1,1,20,0.0,0.0,0.0,0.0,0.0,0.0,0.0,0.0
443,58552,6,0.0,0.0,0.0,0.0,0.0,0.0,0.0,0.0,0.0,0.0,53.0,0.0,53.0,53.0,0.0,0.0,0.0,0.0,0.0,0.0,0.0,0.0,0.0,0.0,0,0,0,0,0.0,0.0,0,0,0,0,1,0,0,0,1.0,0.0,0.0,0.0,0,0,0,0,0,0,1,0,1,0,349,32832,0,32,0.0,0.0,0.0,0.0,0.0,0.0,0.0,0.0
443,57749,6,0.0,0.0,0.0,0.0,0.0,0.0,0.0,0.0,0.0,0.0,78.0,0.0,78.0,78.0,0.0,0.0,0.0,0.0,0.0,0.0,0.0,0.0,0.0,0.0,0,0,0,0,0.0,0.0,0,0,0,0,1,0,0,0,1.0,0.0,0.0,0.0,0,0,0,0,0,0,1,0,1,0,183,33304,0,32,0.0,0.0,0.0,0.0,0.0,0.0,0.0,0.0
59514,443,6,1312.0,19171.0,901.0,0.0,61.4077,190.6729,2896.0,0.0,1019.0789,813.0573,1821.84,3012.558,19465.0,1.0,91684.0,3484.66,6252.075,20016.0,49.0,50122.0,4206.35,7733.672,12907.0,1.0,0,0,0,0,0.0,2896.0,0,0,0,1,0,0,0,0,0.0,530.1717,61.4077,1019.0789,0,0,0,0,0,0,26,1312,19,19171,65535,32,6,20,0.0,0.0,0.0,0.0,0.0,0.0,0.0,0.0
49569,443,6,200.0,17.0,197.0,0.0,30.0,65.1353,7.0,0.0,2.3333,4.0415,12491.0,17106.023,34795.0,1.0,99200.0,24800.5,21660.319,34340.0,350.0,36927.0,18923.5,26406.281,36900.0,1.0,0,0,0,0,0.0,197.0,0,0,0,1,0,0,0,0,1.0,20.8857,30.0,2.3333,0,0,0,0,0,0,5,200,3,17,8192,23,4,20,0.0,0.0,0.0,0.0,0.0,0.0,0.0,0.0
443,48026,6,0.0,0.0,0.0,0.0,0.0,0.0,0.0,0.0,0.0,0.0,56.0,0.0,56.0,56.0,0.0,0.0,0.0,0.0,0.0,0.0,0.0,0.0,0.0,0.0,0,0,0,0,0.0,0.0,0,0,0,0,1,1,0,0,1.0,0.0,0.0,0.0,0,0,0,0,0,0,1,0,1,0,122,338,0,32,0.0,0.0,0.0,0.0,0.0,0.0,0.0,0.0
61143,53,17,55.0,90.0,55.0,55.0,55.0,0.0,90.0,90.0,90.0,0.0,46777.0,0.0,46777.0,46777.0,0.0,0.0,0.0,0.0,0.0,0.0,0.0,0.0,0.0,0.0,0,0,0,0,55.0,90.0,0,0,0,0,0,0,0,0,1.0,100.0,55.0,90.0,0,0,0,0,0,0,1,55,1,90,-1,-1,0,20,0.0,0.0,0.0,0.0,0.0,0.0,0.0,0.0
443,54630,6,6.0,6.0,6.0,6.0,6.0,0.0,6.0,6.0,6.0,0.0,39.0,0.0,39.0,39.0,0.0,0.0,0.0,0.0,0.0,0.0,0.0,0.0,0.0,0.0,0,0,0,0,6.0,6.0,0,0,0,0,1,0,0,0,1.0,9.0,6.0,6.0,0,0,0,0,0,0,1,6,1,6,115,255,0,20,0.0,0.0,0.0,0.0,0.0,0.0,0.0,0.0
58934,443,6,974.0,7387.0,469.0,0.0,64.9333,134.266,1581.0,0.0,671.5455,745.9321,13259.12,25487.591,83772.0,1.0,328788.0,25375.57,34568.946,87766.0,1.0,279318.0,25420.2,46053.18,84484.0,2.0,0,0,0,0,0.0,1581.0,0,0,0,1,0,0,0,0,0.0,321.5769,64.9333,671.5455,0,0,0,0,0,0,15,974,11,7387,65535,357,6,32,0.0,0.0,0.0,0.0,0.0,0.0,0.0,0.0
26034,53,17,66.0,170.0,33.0,33.0,33.0,0.0,85.0,85.0,85.0,0.0,44.0,78.942,135.0,3.0,3.0,3.0,0.0,3.0,3.0,4.0,4.0,0.0,4.0,4.0,0,0,0,0,33.0,85.0,0,0,0,0,0,0,0,0,1.0,67.25,33.0,85.0,0,0,0,0,0,0,2,66,2,170,-1,-1,1,32,0.0,0.0,0.0,0.0,0.0,0.0,0.0,0.0
443,59666,6,37.0,0.0,31.0,6.0,18.5,17.6777,0.0,0.0,0.0,0.0,3.0,0.0,3.0,3.0,3.0,3.0,0.0,3.0,3.0,0.0,0.0,0.0,0.0,0.0,1,0,0,0,6.0,31.0,0,1,0,0,1,0,0,0,0.0,34.0,18.5,0.0,0,0,0,0,0,0,2,37,0,0,15,-1,1,20,0.0,0.0,0.0,0.0,0.0,0.0,0.0,0.0
33996,443,6,12.0,0.0,6.0,6.0,6.0,0.0,0.0,0.0,0.0,0.0,4.0,0.0,4.0,4.0,4.0,4.0,0.0,4.0,4.0,0.0,0.0,0.0,0.0,0.0,0,0,0,0,6.0,6.0,1,0,0,0,0,0,0,0,0.0,9.0,6.0,0.0,0,0,0,0,0,0,2,12,0,0,0,-1,1,20,0.0,0.0,0.0,0.0,0.0,0.0,0.0,0.0
55105,80,6,12.0,0.0,6.0,6.0,6.0,0.0,0.0,0.0,0.0,0.0,8430.0,0.0,8430.0,8430.0,8430.0,8430.0,0.0,8430.0,8430.0,0.0,0.0,0.0,0.0,0.0,0,0,0,0,6.0,6.0,0,0,0,0,1,0,0,0,0.0,9.0,6.0,0.0,0,0,0,0,0,0,2,12,0,0,256,-1,1,20,0.0,0.0,0.0,0.0,0.0,0.0,0.0,0.0
443,55257,6,6.0,6.0,6.0,6.0,6.0,0.0,6.0,6.0,6.0,0.0,27.0,0.0,27.0,27.0,0.0,0.0,0.0,0.0,0.0,0.0,0.0,0.0,0.0,0.0,0,0,0,0,6.0,6.0,0,0,0,0,1,1,0,0,1.0,9.0,6.0,6.0,0,0,0,0,0,0,1,6,1,6,30,256,0,20,0.0,0.0,0.0,0.0,0.0,0.0,0.0,0.0
61423,53,17,82.0,204.0,41.0,41.0,41.0,0.0,102.0,102.0,102.0,0.0,63.66,66.632,139.0,4.0,4.0,4.0,0.0,4.0,4.0,49.0,49.0,0.0,49.0,49.0,0,0,0,0,41.0,102.0,0,0,0,0,0,0,0,0,1.0,81.75,41.0,102.0,0,0,0,0,0,0,2,82,2,204,-1,-1,1,20,0.0,0.0,0.0,0.0,0.0,0.0,0.0,0.0
443,38118,6,0.0,0.0,0.0,0.0,0.0,0.0,0.0,0.0,0.0,0.0,16024.5,22642.992,32064.0,56.0,32047.0,32047.0,0.0,32047.0,32047.0,0.0,0.0,0.0,0.0,0.0,0,0,0,0,0.0,0.0,0,0,0,0,1,1,0,0,0.0,0.0,0.0,0.0,0,0,0,0,0,0,2,0,1,0,118,366,0,32,0.0,0.0,0.0,0.0,0.0,0.0,0.0,0.0
57091,53,17,62.0,254.0,31.0,31.0,31.0,0.0,127.0,127.0,127.0,0.0,70.0,35.374,113.0,48.0,49.0,49.0,0.0,49.0,49.0,49.0,49.0,0.0,49.0,49.0,0,0,0,0,31.0,127.0,0,0,0,0,0,0,0,0,1.0,86.75,31.0,127.0,0,0,0,0,0,0,2,62,2,254,-1,-1,1,20,0.0,0.0,0.0,0.0,0.0,0.0,0.0,0.0
39790,53,17,78.0,110.0,39.0,39.0,39.0,0.0,55.0,55.0,55.0,0.0,49.0,83.419,140.0,3.0,4.0,4.0,0.0,4.0,4.0,3.0,3.0,0.0,3.0,3.0,0,0,0,0,39.0,55.0,0,0,0,0,0,0,0,0,1.0,56.75,39.0,55.0,0,0,0,0,0,0,2,78,2,110,-1,-1,1,32,0.0,0.0,0.0,0.0,0.0,0.0,0.0,0.0
443,35807,6,31.0,0.0,31.0,0.0,15.5,21.9203,0.0,0.0,0.0,0.0,4.0,0.0,4.0,4.0,4.0,4.0,0.0,4.0,4.0,0.0,0.0,0.0,0.0,0.0,1,0,0,0,0.0,31.0,0,1,0,0,1,0,0,0,0.0,31.0,15.5,0.0,0,0,0,0,0,0,2,31,0,0,293,-1,0,32,0.0,0.0,0.0,0.0,0.0,0.0,0.0,0.0
60129,53,17,49.0,144.0,49.0,49.0,49.0,0.0,144.0,144.0,144.0,0.0,115681.0,0.0,115681.0,115681.0,0.0,0.0,0.0,0.0,0.0,0.0,0.0,0.0,0.0,0.0,0,0,0,0,49.0,144.0,0,0,0,0,0,0,0,0,1.0,121.0,49.0,144.0,0,0,0,0,0,0,1,49,1,144,-1,-1,0,20,0.0,0.0,0.0,0.0,0.0,0.0,0.0,0.0
39199,53,17,76.0,252.0,38.0,38.0,38.0,0.0,126.0,126.0,126.0,0.0,26194.0,45831.771,78573.0,1.0,3.0,3.0,0.0,3.0,3.0,49.0,49.0,0.0,49.0,49.0,0,0,0,0,38.0,126.0,0,0,0,0,0,0,0,0,1.0,81.5,38.0,126.0,0,0,0,0,0,0,2,76,2,252,-1,-1,1,20,0.0,0.0,0.0,0.0,0.0,0.0,0.0,0.0
443,62561,6,0.0,0.0,0.0,0.0,0.0,0.0,0.0,0.0,0.0,0.0,84.0,0.0,84.0,84.0,0.0,0.0,0.0,0.0,0.0,0.0,0.0,0.0,0.0,0.0,0,0,0,0,0.0,0.0,0,0,0,0,1,1,0,0,1.0,0.0,0.0,0.0,0,0,0,0,0,0,1,0,1,0,548,33304,0,32,0.0,0.0,0.0,0.0,0.0,0.0,0.0,0.0
443,62605,6,0.0,0.0,0.0,0.0,0.0,0.0,0.0,0.0,0.0,0.0,89.0,0.0,89.0,89.0,0.0,0.0,0.0,0.0,0.0,0.0,0.0,0.0,0.0,0.0,0,0,0,0,0.0,0.0,0,0,0,0,1,0,0,0,1.0,0.0,0.0,0.0,0,0,0,0,0,0,1,0,1,0,362,32832,0,32,0.0,0.0,0.0,0.0,0.0,0.0,0.0,0.0
39375,443,6,123.0,46.0,46.0,0.0,24.6,23.2766,46.0,46.0,46.0,0.0,872542.0,1804126.666,4033106.0,3.0,4190914.0,1037741.5,2000412.654,4033106.0,3.0,0.0,0.0,0.0,0.0,0.0,1,0,0,0,0.0,46.0,0,1,0,0,1,0,0,0,0.0,35.8333,24.6,46.0,0,0,0,0,0,0,5,123,1,46,354,370,2,32,0.0,0.0,0.0,0.0,0.0,0.0,0.0,0.0
60931,53,17,60.0,142.0,30.0,30.0,30.0,0.0,71.0,71.0,71.0,0.0,45.66,76.5,130.0,3.0,3.0,3.0,0.0,3.0,3.0,4.0,4.0,0.0,4.0,4.0,0,0,0,0,30.0,71.0,0,0,0,0,0,0,0,0,1.0,58.0,30.0,71.0,0,0,0,0,0,0,2,60,2,142,-1,-1,1,32,0.0,0.0,0.0,0.0,0.0,0.0,0.0,0.0
60625,53,17,49.0,65.0,49.0,49.0,49.0,0.0,65.0,65.0,65.0,0.0,30570.0,0.0,30570.0,30570.0,0.0,0.0,0.0,0.0,0.0,0.0,0.0,0.0,0.0,0.0,0,0,0,0,49.0,65.0,0,0,0,0,0,0,0,0,1.0,81.5,49.0,65.0,0,0,0,0,0,0,1,49,1,65,-1,-1,0,20,0.0,0.0,0.0,0.0,0.0,0.0,0.0,0.0
443,54086,6,37.0,0.0,31.0,6.0,18.5,17.6777,0.0,0.0,0.0,0.0,4.0,0.0,4.0,4.0,4.0,4.0,0.0,4.0,4.0,0.0,0.0,0.0,0.0,0.0,1,0,0,0,6.0,31.0,0,1,0,0,1,0,0,0,0.0,34.0,18.5,0.0,0,0,0,0,0,0,2,37,0,0,63,-1,1,20,0.0,0.0,0.0,0.0,0.0,0.0,0.0,0.0
47858,443,6,635.0,168.0,517.0,0.0,90.7143,190.7072,168.0,0.0,42.0,84.0,504805.9,1550779.476,4996710.0,17.0,5026320.0,854756.0,2039073.569,5016775.0,15.0,95899.0,37779.0,31941.062,76671.0,588.0,0,0,0,0,0.0,517.0,0,0,0,1,0,0,0,0,0.0,73.0,90.7143,42.0,0,0,0,0,0,0,7,635,4,168,29200,340,3,32,0.0,0.0,0.0,0.0,0.0,0.0,0.0,0.0
61376,53,17,93.0,255.0,54.0,47.0,46.5,2.1213,147.0,112.0,127.5,17.434,30820144.0,53127908.311,90354418.0,23596.0,90446592.0,90446592.0,0.0,90446592.0,90446592.0,90426201.0,90426201.0,0.0,90426201.0,90426201.0,0,0,0,0,47.0,147.0,0,0,0,0,0,0,0,0,1.0,103.75,46.5,127.5,0,0,0,0,0,0,2,93,2,255,-1,-1,1,20,623734.0,0.0,623734.0,623734.0,90354414.0,0.0,90354414.0,90354414.0
50836,80,6,361.0,107467.0,361.0,0.0,20.1667,40.7764,2896.0,0.0,1426.2308,858.2096,126808.18,1111007.007,10003263.0,3.0,10833348.0,207738.21,1509037.697,10003262.0,3.0,15132949.0,318556.94,1757115.84,10103883.0,3.0,0,0,0,0,0.0,2896.0,0,0,0,1,0,0,0,0,1.0,935.7266,20.1667,1426.2308,0,0,0,0,0,0,75,361,84,107467,29200,61,1,32,72806.0,0.0,72806.0,72806.0,10003264.0,0.0,10003264.0,10003264.0
36156,53,17,76.0,268.0,38.0,38.0,38.0,0.0,134.0,134.0,134.0,0.0,10329.66,17878.361,30973.0,3.0,3.0,3.0,0.0,3.0,3.0,48.0,48.0,0.0,48.0,48.0,0,0,0,0,38.0,134.0,0,0,0,0,0,0,0,0,1.0,95.5,38.0,134.0,0,0,0,0,0,0,2,76,2,268,-1,-1,1,20,0.0,0.0,0.0,0.0,0.0,0.0,0.0,0.0
1932,443,6,929.0,8270.0,223.0,0.0,67.9375,73.9455,1539.0,0.0,457.8182,677.1865,4113208.34,15067722.677,58441780.0,1.0,117613166.0,7311966.13,20002758.584,58441780.0,4.0,117528908.0,8801787.0,21326060.699,58464889.0,1.0,0,0,0,0,0.0,1539.0,0,0,0,1,0,0,0,0,1.0,294.6182,67.9375,457.8182,0,0,0,0,0,0,16,929,16,8270,8192,360,14,20,415562.5,214850.843,745431.0,285078.0,58263728.5,41924.603,58441781.0,58128071.0
61155,53,17,44.0,124.0,44.0,44.0,44.0,0.0,124.0,124.0,124.0,0.0,31377.0,0.0,31377.0,31377.0,0.0,0.0,0.0,0.0,0.0,0.0,0.0,0.0,0.0,0.0,0,0,0,0,44.0,124.0,0,0,0,0,0,0,0,0,1.0,106.0,44.0,124.0,0,0,0,0,0,0,1,44,1,124,-1,-1,0,20,0.0,0.0,0.0,0.0,0.0,0.0,0.0,0.0
52764,53,17,92.0,348.0,46.0,46.0,46.0,0.0,174.0,174.0,174.0,0.0,7909.33,13611.077,23728.0,1.0,1.0,1.0,0.0,1.0,1.0,4.0,4.0,0.0,4.0,4.0,0,0,0,0,46.0,174.0,0,0,0,0,0,0,0,0,1.0,121.5,46.0,174.0,0,0,0,0,0,0,2,92,2,348,-1,-1,1,32,0.0,0.0,0.0,0.0,0.0,0.0,0.0,0.0
49095,53,17,196.0,164.0,49.0,49.0,49.0,0.0,82.0,82.0,82.0,0.0,12576.2,26857.228,64719.0,3.0,31804.0,10668.33,18765.189,31899.0,3.0,4.0,4.0,0.0,4.0,4.0,0,0,0,0,49.0,82.0,0,0,0,0,0,0,0,0,0.0,65.5,49.0,82.0,0,0,0,0,0,0,4,196,2,164,-1,-1,3,20,0.0,0.0,0.0,0.0,0.0,0.0,0.0,0.0
60802,443,6,37.0,0.0,37.0,0.0,9.25,18.5,0.0,0.0,0.0,0.0,19901048.66,31644218.726,59603244.0,48.0,59603098.0,29801336.66,41815474.742,59603244.0,48.0,0.0,0.0,0.0,0.0,0.0,0,0,0,0,0.0,37.0,0,0,0,0,1,1,0,0,0.0,9.25,9.25,0.0,0,0,0,0,0,0,4,37,0,0,67,-1,1,32,3.0,0.0,3.0,3.0,59603295.0,0.0,59603245.0,59603295.0
49043,53,17,90.0,210.0,45.0,45.0,45.0,0.0,105.0,105.0,105.0,0.0,16391.66,28223.563,48179.0,1.0,1.0,1.0,0.0,1.0,1.0,1.0,1.0,0.0,1.0,1.0,0,0,0,0,45.0,105.0,0,0,0,0,0,0,0,0,1.0,86.25,45.0,105.0,0,0,0,0,0,0,2,90,2,210,-1,-1,1,32,0.0,0.0,0.0,0.0,0.0,0.0,0.0,0.0
64806,443,6,763.0,4238.0,382.0,0.0,96.3077,140.6437,1460.0,0.0,460.4286,657.4954,294206.07,862830.046,2152095.0,83.0,2763691.0,313272.25,1118878.097,2152095.0,517.0,1718434.0,582356.0,1161622.771,1156180.0,223.0,0,0,0,0,0.0,1460.0,0,0,0,1,0,0,0,0,1.0,322.8286,96.3077,460.4286,0,0,0,0,0,0,9,763,7,4238,8192,145,8,20,0.0,0.0,0.0,0.0,0.0,0.0,0.0,0.0
55902,80,6,5204.0,4090.0,503.0,0.0,203.1333,206.6279,248.0,0.0,151.6479,112.8603,1363048.46,2333234.475,10008511.0,180.0,54668883.0,1919808.03,3537884.857,10111840.0,159.0,64768818.0,2429052.37,3086017.622,10112231.0,9800.0,0,0,0,0,0.0,503.0,0,0,0,1,0,0,0,0,0.0,167.3913,203.1333,151.6479,0,0,0,0,0,0,24,5204,18,4090,8192,512,23,20,4261634.75,3580706.379,3317681.0,87650.0,9887986.33,182389.81,10008513.0,6112298.0
443,52129,6,12.0,6.0,6.0,6.0,6.0,0.0,6.0,6.0,6.0,0.0,15793.5,21416.389,23342.0,21.0,23387.0,23387.0,0.0,23387.0,23387.0,0.0,0.0,0.0,0.0,0.0,0,0,0,0,6.0,6.0,0,0,0,0,1,1,0,0,0.0,8.0,6.0,6.0,0,0,0,0,0,0,2,12,1,6,32,32850,1,20,0.0,0.0,0.0,0.0,0.0,0.0,0.0,0.0
443,58488,6,43.0,0.0,31.0,6.0,14.3333,14.4338,0.0,0.0,0.0,0.0,2.0,1.414,3.0,1.0,4.0,2.0,1.414,3.0,1.0,0.0,0.0,0.0,0.0,0.0,0,0,0,0,6.0,31.0,0,0,0,0,1,0,0,0,0.0,16.3333,14.3333,0.0,0,0,0,0,0,0,3,43,0,0,946,-1,2,20,0.0,0.0,0.0,0.0,0.0,0.0,0.0,0.0
24162,53,17,66.0,206.0,33.0,33.0,33.0,0.0,103.0,103.0,103.0,0.0,70.66,111.27,206.0,1.0,1.0,1.0,0.0,1.0,1.0,1.0,1.0,0.0,1.0,1.0,0,0,0,0,33.0,103.0,0,0,0,0,0,0,0,0,1.0,76.25,33.0,103.0,0,0,0,0,0,0,2,66,2,206,-1,-1,1,20,0.0,0.0,0.0,0.0,0.0,0.0,0.0,0.0
61848,53,17,46.0,199.0,46.0,46.0,46.0,0.0,199.0,199.0,199.0,0.0,147441.0,0.0,147441.0,147441.0,0.0,0.0,0.0,0.0,0.0,0.0,0.0,0.0,0.0,0.0,0,0,0,0,46.0,199.0,0,0,0,0,0,0,0,0,1.0,145.5,46.0,199.0,0,0,0,0,0,0,1,46,1,199,-1,-1,0,20,0.0,0.0,0.0,0.0,0.0,0.0,0.0,0.0
54056,443,6,1334.0,1119.0,885.0,0.0,103.4,265.4358,981.0,0.0,186.5,393.1187,28190.66,55128.051,216033.0,3.0,475634.0,41183.0,104438.615,416136.0,3.0,443578.0,81559.0,128701.288,211248.0,3.0,0,0,0,0,0.0,981.0,0,0,0,1,0,0,0,0,0.0,140.9375,103.4,186.5,0,0,0,0,0,0,10,1334,6,1119,65535,118,5,32,0.0,0.0,0.0,0.0,0.0,0.0,0.0,0.0
80,58970,6,0.0,0.0,0.0,0.0,0.0,0.0,0.0,0.0,0.0,0.0,74.0,0.0,74.0,74.0,0.0,0.0,0.0,0.0,0.0,0.0,0.0,0.0,0.0,0.0,0,0,0,0,0.0,0.0,0,0,0,0,1,1,0,0,1.0,0.0,0.0,0.0,0,0,0,0,0,0,1,0,1,0,128,33304,0,32,0.0,0.0,0.0,0.0,0.0,0.0,0.0,0.0
443,52094,6,0.0,0.0,0.0,0.0,0.0,0.0,0.0,0.0,0.0,0.0,46.0,0.0,46.0,46.0,0.0,0.0,0.0,0.0,0.0,0.0,0.0,0.0,0.0,0.0,0,0,0,0,0.0,0.0,0,0,0,0,1,0,0,0,1.0,0.0,0.0,0.0,0,0,0,0,0,0,1,0,1,0,362,32832,0,32,0.0,0.0,0.0,0.0,0.0,0.0,0.0,0.0
61039,53,17,45.0,213.0,45.0,45.0,45.0,0.0,213.0,213.0,213.0,0.0,60813.0,0.0,60813.0,60813.0,0.0,0.0,0.0,0.0,0.0,0.0,0.0,0.0,0.0,0.0,0,0,0,0,45.0,213.0,0,0,0,0,0,0,0,0,1.0,151.5,45.0,213.0,0,0,0,0,0,0,1,45,1,213,-1,-1,0,20,0.0,0.0,0.0,0.0,0.0,0.0,0.0,0.0
31809,443,6,1001.0,5193.0,517.0,0.0,123.2,208.3384,1448.0,0.0,569.1,689.3592,9957.11,14028.792,38664.0,10.0,130978.0,12592.88,22152.517,54794.0,17.0,104043.0,13776.57,23216.714,52588.0,49.0,0,0,0,0,0.0,1448.0,0,0,0,1,0,0,0,0,1.0,377.6518,123.2,569.1,0,0,0,0,0,0,10,1001,10,5193,29200,60,5,32,0.0,0.0,0.0,0.0,0.0,0.0,0.0,0.0
60452,53,17,82.0,176.0,41.0,41.0,41.0,0.0,88.0,88.0,88.0,0.0,55.33,88.149,159.0,3.0,3.0,3.0,0.0,3.0,3.0,3.0,3.0,0.0,3.0,3.0,0,0,0,0,41.0,88.0,0,0,0,0,0,0,0,0,1.0,74.75,41.0,88.0,0,0,0,0,0,0,2,82,2,176,-1,-1,1,32,0.0,0.0,0.0,0.0,0.0,0.0,0.0,0.0
62757,53,17,48.0,180.0,48.0,48.0,48.0,0.0,180.0,180.0,180.0,0.0,70641.0,0.0,70641.0,70641.0,0.0,0.0,0.0,0.0,0.0,0.0,0.0,0.0,0.0,0.0,0,0,0,0,48.0,180.0,0,0,0,0,0,0,0,0,1.0,148.0,48.0,180.0,0,0,0,0,0,0,1,48,1,180,-1,-1,0,20,0.0,0.0,0.0,0.0,0.0,0.0,0.0,0.0
443,62252,6,0.0,0.0,0.0,0.0,0.0,0.0,0.0,0.0,0.0,0.0,11.0,0.0,11.0,11.0,0.0,0.0,0.0,0.0,0.0,0.0,0.0,0.0,0.0,0.0,0,0,0,0,0.0,0.0,0,0,0,0,1,1,0,0,1.0,0.0,0.0,0.0,0,0,0,0,0,0,1,0,1,0,351,32832,0,32,0.0,0.0,0.0,0.0,0.0,0.0,0.0,0.0
80,57255,6,12.0,0.0,6.0,6.0,6.0,0.0,0.0,0.0,0.0,0.0,4.0,0.0,4.0,4.0,4.0,4.0,0.0,4.0,4.0,0.0,0.0,0.0,0.0,0.0,0,0,0,0,6.0,6.0,0,0,0,0,1,0,0,0,0.0,9.0,6.0,0.0,0,0,0,0,0,0,2,12,0,0,4600,-1,1,20,0.0,0.0,0.0,0.0,0.0,0.0,0.0,0.0
56324,80,6,407.0,622.0,407.0,0.0,81.4,181.322,612.0,0.0,204.6667,385.6385,10177.0,15737.896,32747.0,71.0,68756.0,17684.5,13570.817,32018.0,370.0,38524.0,19107.0,25275.837,32767.0,1813.0,0,0,0,0,0.0,617.0,0,0,0,1,0,0,0,0,0.0,133.625,81.4,204.6667,0,0,0,0,0,0,5,407,3,622,65535,59,1,32,0.0,0.0,0.0,0.0,0.0,0.0,0.0,0.0
58784,53,17,76.0,376.0,38.0,38.0,38.0,0.0,188.0,188.0,188.0,0.0,10214.0,17685.444,30639.0,3.0,3.0,3.0,0.0,3.0,3.0,47.0,47.0,0.0,47.0,47.0,0,0,0,0,38.0,188.0,0,0,0,0,0,0,0,0,1.0,122.5,38.0,188.0,0,0,0,0,0,0,2,76,2,376,-1,-1,1,44,0.0,0.0,0.0,0.0,0.0,0.0,0.0,0.0
61816,53,17,88.0,120.0,44.0,44.0,44.0,0.0,60.0,60.0,60.0,0.0,7978.33,13852.873,23939.0,2.0,4.0,4.0,0.0,4.0,4.0,2.0,2.0,0.0,2.0,2.0,0,0,0,0,44.0,60.0,0,0,0,0,0,0,0,0,1.0,63.0,44.0,60.0,0,0,0,0,0,0,2,88,2,120,-1,-1,1,20,0.0,0.0,0.0,0.0,0.0,0.0,0.0,0.0
443,37332,6,0.0,0.0,0.0,0.0,0.0,0.0,0.0,0.0,0.0,0.0,51.0,0.0,51.0,51.0,0.0,0.0,0.0,0.0,0.0,0.0,0.0,0.0,0.0,0.0,0,0,0,0,0.0,0.0,0,0,0,0,1,1,0,0,1.0,0.0,0.0,0.0,0,0,0,0,0,0,1,0,1,0,126,312,0,32,0.0,0.0,0.0,0.0,0.0,0.0,0.0,0.0
53936,80,6,12.0,0.0,6.0,0.0,4.0,3.4641,0.0,0.0,0.0,0.0,1986149.66,3383386.538,5838106.0,143.0,5855358.0,2927679.0,4122381.195,5838106.0,36604.0,0.0,0.0,0.0,0.0,0.0,0,0,0,0,0.0,6.0,0,0,0,1,0,0,0,0,0.0,3.0,4.0,0.0,0,0,0,0,0,0,3,12,1,0,8192,65535,2,20,0.0,0.0,0.0,0.0,0.0,0.0,0.0,0.0
6878,53,17,84.0,228.0,42.0,42.0,42.0,0.0,114.0,114.0,114.0,0.0,54.0,88.211,156.0,3.0,3.0,3.0,0.0,3.0,3.0,3.0,3.0,0.0,3.0,3.0,0,0,0,0,42.0,114.0,0,0,0,0,0,0,0,0,1.0,88.5,42.0,114.0,0,0,0,0,0,0,2,84,2,228,-1,-1,1,32,0.0,0.0,0.0,0.0,0.0,0.0,0.0,0.0
80,64929,6,12.0,0.0,6.0,6.0,6.0,0.0,0.0,0.0,0.0,0.0,639.0,0.0,639.0,639.0,639.0,639.0,0.0,639.0,639.0,0.0,0.0,0.0,0.0,0.0,0,0,0,0,6.0,6.0,0,0,0,0,1,0,0,0,0.0,9.0,6.0,0.0,0,0,0,0,0,0,2,12,0,0,913,-1,1,20,0.0,0.0,0.0,0.0,0.0,0.0,0.0,0.0
443,62722,6,12.0,18.0,6.0,6.0,6.0,0.0,6.0,6.0,6.0,0.0,38.0,40.306,68.0,1.0,4.0,4.0,0.0,4.0,4.0,49.0,24.5,33.827,48.0,1.0,0,0,0,0,6.0,6.0,0,0,0,0,1,0,0,0,1.0,7.5,6.0,6.0,0,0,0,0,0,0,2,12,3,18,948,0,1,20,0.0,0.0,0.0,0.0,0.0,0.0,0.0,0.0
59367,443,6,713.0,479.0,469.0,0.0,71.3,147.2874,341.0,0.0,95.8,149.5299,6043.92,9535.562,23672.0,4.0,81359.0,9696.22,10133.207,23936.0,4.0,50475.0,12501.25,12677.493,25874.0,241.0,0,0,0,0,0.0,469.0,0,0,0,1,0,0,0,0,0.0,79.4667,71.3,95.8,0,0,0,0,0,0,10,713,5,479,65535,972,5,32,0.0,0.0,0.0,0.0,0.0,0.0,0.0,0.0
55366,443,6,29.0,0.0,29.0,0.0,7.25,14.5,0.0,0.0,0.0,0.0,71740.0,102093.758,155744.0,4.0,105020.0,35333.0,145363.731,155744.0,4.0,0.0,0.0,0.0,0.0,0.0,0,0,0,0,0.0,29.0,0,0,0,0,1,0,0,0,0.0,7.25,7.25,0.0,0,0,0,0,0,0,4,29,0,0,33061,-1,1,32,0.0,0.0,0.0,0.0,0.0,0.0,0.0,0.0
443,52885,6,0.0,0.0,0.0,0.0,0.0,0.0,0.0,0.0,0.0,0.0,55.0,0.0,55.0,55.0,0.0,0.0,0.0,0.0,0.0,0.0,0.0,0.0,0.0,0.0,0,0,0,0,0.0,0.0,0,0,0,0,1,0,0,0,1.0,0.0,0.0,0.0,0,0,0,0,0,0,1,0,1,0,357,32832,0,32,0.0,0.0,0.0,0.0,0.0,0.0,0.0,0.0
54427,443,6,135.0,46.0,46.0,6.0,27.0,20.1246,46.0,46.0,46.0,0.0,1111966.6,2492865.101,5757232.0,3.0,5057345.0,1214336.25,2304098.68,5757232.0,3.0,0.0,0.0,0.0,0.0,0.0,1,0,0,0,6.0,46.0,0,1,0,0,1,0,0,0,0.0,37.8333,27.0,46.0,0,0,0,0,0,0,5,135,1,46,256,188,4,20,217834.0,0.0,217834.0,217834.0,5757258.0,0.0,5757258.0,5757258.0
60822,53,17,58.0,144.0,58.0,58.0,58.0,0.0,144.0,144.0,144.0,0.0,90774.0,0.0,90774.0,90774.0,0.0,0.0,0.0,0.0,0.0,0.0,0.0,0.0,0.0,0.0,0,0,0,0,58.0,144.0,0,0,0,0,0,0,0,0,1.0,130.0,58.0,144.0,0,0,0,0,0,0,1,58,1,144,-1,-1,0,32,0.0,0.0,0.0,0.0,0.0,0.0,0.0,0.0
59186,443,6,4011.0,658860.0,549.0,0.0,24.3743,72.0989,4180.0,0.0,1833.5139,888.0182,404758.37,1881836.885,58547907.0,0.0,117133444.0,923957.22,2766355.763,58543906.0,0.0,117973289.0,736842.54,3445734.443,58585354.0,1.0,0,0,0,0,0.0,4180.0,0,0,0,1,0,0,0,0,1.0,1012.6546,24.3743,1833.5139,0,0,0,0,0,0,276,4011,351,1658860,8192,32,175,20,208615.5,357202.204,480022.0,62121.0,58415485.5,201929.462,58547908.0,58248000.0
60064,53,17,47.0,63.0,47.0,47.0,47.0,0.0,63.0,63.0,63.0,0.0,23555.0,0.0,23555.0,23555.0,0.0,0.0,0.0,0.0,0.0,0.0,0.0,0.0,0.0,0.0,0,0,0,0,47.0,63.0,0,0,0,0,0,0,0,0,1.0,78.5,47.0,63.0,0,0,0,0,0,0,1,47,1,63,-1,-1,0,32,0.0,0.0,0.0,0.0,0.0,0.0,0.0,0.0
65097,443,6,720.0,1295.0,469.0,0.0,72.0,147.7084,1157.0,0.0,259.0,505.5413,20002.57,36317.162,87667.0,3.0,213128.0,33438.88,46174.991,89738.0,3.0,182357.0,45731.25,48070.492,88463.0,3.0,0,0,0,0,0.0,1157.0,0,0,0,1,0,0,0,0,0.0,134.3333,72.0,259.0,0,0,0,0,0,0,10,720,5,1295,65535,114,5,32,0.0,0.0,0.0,0.0,0.0,0.0,0.0,0.0
51513,443,6,18.0,0.0,6.0,6.0,6.0,0.0,0.0,0.0,0.0,0.0,18017429.0,24675433.988,45001225.0,26225.0,90065468.0,45032734.0,7323.05,45033465.0,45024154.0,90041281.0,45018565.0,6866.622,45031380.0,45011045.0,0,0,0,0,0.0,6.0,0,0,0,0,1,0,0,0,1.0,4.0,6.0,0.0,0,0,0,0,0,0,3,18,3,0,253,62,2,20,28289.0,85.387,28186.0,28260.0,45000950.0,45.761,45001220.0,45000242.0
50895,443,6,0.0,0.0,0.0,0.0,0.0,0.0,0.0,0.0,0.0,0.0,149.0,0.0,149.0,149.0,149.0,149.0,0.0,149.0,149.0,0.0,0.0,0.0,0.0,0.0,0,0,0,0,0.0,0.0,0,0,0,0,1,0,0,0,0.0,0.0,0.0,0.0,0,0,0,0,0,0,2,0,0,0,346,-1,0,32,0.0,0.0,0.0,0.0,0.0,0.0,0.0,0.0
443,53264,6,0.0,0.0,0.0,0.0,0.0,0.0,0.0,0.0,0.0,0.0,49.0,0.0,49.0,49.0,49.0,49.0,0.0,49.0,49.0,0.0,0.0,0.0,0.0,0.0,0,0,0,0,0.0,0.0,0,0,0,0,1,0,0,0,0.0,0.0,0.0,0.0,0,0,0,0,0,0,2,0,0,0,362,-1,0,32,0.0,0.0,0.0,0.0,0.0,0.0,0.0,0.0
47259,53,17,62.0,178.0,31.0,31.0,31.0,0.0,89.0,89.0,89.0,0.0,62.66,65.557,135.0,2.0,2.0,2.0,0.0,2.0,2.0,48.0,48.0,0.0,48.0,48.0,0,0,0,0,31.0,89.0,0,0,0,0,0,0,0,0,1.0,67.75,31.0,89.0,0,0,0,0,0,0,2,62,2,178,-1,-1,1,40,0.0,0.0,0.0,0.0,0.0,0.0,0.0,0.0
443,49590,6,0.0,0.0,0.0,0.0,0.0,0.0,0.0,0.0,0.0,0.0,26498.0,37377.246,52974.0,48.0,52994.0,52994.0,0.0,52994.0,52994.0,0.0,0.0,0.0,0.0,0.0,0,0,0,0,0.0,0.0,0,0,0,0,1,0,0,0,0.0,0.0,0.0,0.0,0,0,0,0,0,0,2,0,1,0,362,32832,0,32,0.0,0.0,0.0,0.0,0.0,0.0,0.0,0.0
50752,80,6,12.0,0.0,6.0,0.0,4.0,3.4641,0.0,0.0,0.0,0.0,1767463.66,2966769.672,5181341.0,50.0,5111726.0,2555863.0,3569541.27,5181341.0,85976.0,0.0,0.0,0.0,0.0,0.0,0,0,0,0,0.0,6.0,0,0,0,1,0,0,0,0,0.0,3.0,4.0,0.0,0,0,0,0,0,0,3,12,1,0,8192,4600,2,20,0.0,0.0,0.0,0.0,0.0,0.0,0.0,0.0
443,52322,6,31.0,0.0,31.0,0.0,10.3333,17.8979,0.0,0.0,0.0,0.0,902.5,1243.744,1838.0,3.0,1807.0,903.5,818.001,1838.0,3.0,0.0,0.0,0.0,0.0,0.0,0,0,0,0,0.0,31.0,0,0,0,0,1,0,0,0,0.0,10.3333,10.3333,0.0,0,0,0,0,0,0,3,31,0,0,59,-1,1,32,0.0,0.0,0.0,0.0,0.0,0.0,0.0,0.0
51514,443,6,216.0,39.0,112.0,0.0,18.3333,49.1238,37.0,0.0,14.75,27.5,1038559.0,2870283.36,6050862.0,18.0,6277876.0,1738455.0,3558089.308,6050862.0,187.0,90674.0,45274.33,43.386,70685.0,34616.0,0,0,0,0,0.0,132.0,0,0,0,1,0,0,0,0,0.0,10.4,18.3333,14.75,0,0,0,0,0,0,6,216,4,39,8192,60,5,20,0.0,0.0,0.0,0.0,0.0,0.0,0.0,0.0
43500,53,17,92.0,284.0,46.0,46.0,46.0,0.0,142.0,142.0,142.0,0.0,59.66,93.515,162.0,3.0,3.0,3.0,0.0,3.0,3.0,3.0,3.0,0.0,3.0,3.0,0,0,0,0,46.0,142.0,0,0,0,0,0,0,0,0,1.0,105.5,46.0,142.0,0,0,0,0,0,0,2,92,2,284,-1,-1,1,32,0.0,0.0,0.0,0.0,0.0,0.0,0.0,0.0
62453,443,6,2160.0,87283.0,1051.0,0.0,91.9333,256.6187,3154.0,0.0,1913.8778,929.7356,115034.13,789039.735,5018423.0,1.0,275012.0,9058.6,15698.788,86720.0,1.0,5220616.0,202493.09,933141.923,5088270.0,2.0,0,0,0,0,0.0,3154.0,0,0,0,1,0,0,0,0,1.0,1017.2784,91.9333,1913.8778,0,0,0,0,0,0,30,2160,52,87283,65535,136,7,32,0.0,0.0,0.0,0.0,0.0,0.0,0.0,0.0
52183,443,6,74.0,0.0,37.0,37.0,37.0,0.0,30.0,30.0,30.0,0.0,64069016.0,0.0,64069016.0,64069016.0,64069016.0,64069016.0,0.0,64069016.0,64069016.0,0.0,0.0,0.0,0.0,0.0,1,0,0,0,37.0,37.0,0,1,0,0,1,1,0,0,0.0,55.5,37.0,30.0,0,0,0,0,0,0,2,74,0,0,33304,-1,1,32,0.0,0.0,0.0,0.0,0.0,0.0,0.0,0.0
80,54370,6,6.0,6.0,6.0,6.0,6.0,0.0,6.0,6.0,6.0,0.0,26.0,0.0,26.0,26.0,0.0,0.0,0.0,0.0,0.0,0.0,0.0,0.0,0.0,0.0,0,0,0,0,6.0,6.0,0,0,0,0,1,1,0,0,1.0,9.0,6.0,6.0,0,0,0,0,0,0,1,6,1,6,913,256,0,20,0.0,0.0,0.0,0.0,0.0,0.0,0.0,0.0
56935,443,6,816.0,5658.0,421.0,0.0,61.2308,128.9013,1978.0,0.0,709.0,870.8555,10172.5,16228.598,50731.0,1.0,241407.0,14059.35,22544.239,50081.0,1.0,125031.0,13715.54,24617.42,51988.0,48.0,0,0,0,0,0.0,1978.0,0,0,0,1,0,0,0,0,0.0,322.7286,61.2308,709.0,0,0,0,0,0,0,13,816,8,5658,65535,114,6,32,0.0,0.0,0.0,0.0,0.0,0.0,0.0,0.0
443,55670,6,0.0,0.0,0.0,0.0,0.0,0.0,0.0,0.0,0.0,0.0,142.0,0.0,142.0,142.0,0.0,0.0,0.0,0.0,0.0,0.0,0.0,0.0,0.0,0.0,0,0,0,0,0.0,0.0,0,0,0,0,1,1,0,0,1.0,0.0,0.0,0.0,0,0,0,0,0,0,1,0,1,0,362,32832,0,32,0.0,0.0,0.0,0.0,0.0,0.0,0.0,0.0
61462,53,17,55.0,111.0,55.0,55.0,55.0,0.0,111.0,111.0,111.0,0.0,30330.0,0.0,30330.0,30330.0,0.0,0.0,0.0,0.0,0.0,0.0,0.0,0.0,0.0,0.0,0,0,0,0,55.0,111.0,0,0,0,0,0,0,0,0,1.0,110.5,55.0,111.0,0,0,0,0,0,0,1,55,1,111,-1,-1,0,20,0.0,0.0,0.0,0.0,0.0,0.0,0.0,0.0
59215,443,6,865.0,233.0,681.0,0.0,215.0,323.2523,137.0,0.0,16.25,76.5,35796.42,42934.538,87517.0,49.0,60242.0,15010.5,15987.174,30657.0,153.0,42538.0,14106.66,22245.887,47092.0,212.0,0,0,0,0,0.0,681.0,0,0,0,1,0,0,0,0,1.0,106.5,215.0,16.25,0,0,0,0,0,0,3,865,4,233,8192,36,2,20,0.0,0.0,0.0,0.0,0.0,0.0,0.0,0.0
47024,443,6,0.0,0.0,0.0,0.0,0.0,0.0,0.0,0.0,0.0,0.0,170.0,0.0,170.0,170.0,170.0,170.0,0.0,170.0,170.0,0.0,0.0,0.0,0.0,0.0,0,0,0,0,0.0,0.0,0,0,0,0,1,0,0,0,0.0,0.0,0.0,0.0,0,0,0,0,0,0,2,0,0,0,316,-1,0,32,0.0,0.0,0.0,0.0,0.0,0.0,0.0,0.0
43429,443,6,0.0,0.0,0.0,0.0,0.0,0.0,0.0,0.0,0.0,0.0,919776.0,0.0,919776.0,919776.0,919776.0,919776.0,0.0,919776.0,919776.0,0.0,0.0,0.0,0.0,0.0,0,0,0,0,0.0,0.0,0,0,0,0,1,1,0,0,0.0,0.0,0.0,0.0,0,0,0,0,0,0,2,0,0,0,449,-1,0,32,0.0,0.0,0.0,0.0,0.0,0.0,0.0,0.0
443,39097,6,31.0,0.0,31.0,0.0,10.3333,17.8979,0.0,0.0,0.0,0.0,2.0,1.414,3.0,1.0,4.0,2.0,1.414,3.0,1.0,0.0,0.0,0.0,0.0,0.0,0,0,0,0,0.0,31.0,0,0,0,0,1,0,0,0,0.0,10.3333,10.3333,0.0,0,0,0,0,0,0,3,31,0,0,59,-1,1,32,0.0,0.0,0.0,0.0,0.0,0.0,0.0,0.0
27528,53,17,70.0,178.0,35.0,35.0,35.0,0.0,89.0,89.0,89.0,0.0,57.0,98.046,174.0,3.0,3.0,3.0,0.0,3.0,3.0,3.0,3.0,0.0,3.0,3.0,0,0,0,0,35.0,89.0,0,0,0,0,0,0,0,0,1.0,70.75,35.0,89.0,0,0,0,0,0,0,2,70,2,178,-1,-1,1,32,0.0,0.0,0.0,0.0,0.0,0.0,0.0,0.0
14181,53,17,64.0,158.0,32.0,32.0,32.0,0.0,79.0,79.0,79.0,0.0,69.33,115.502,202.0,1.0,1.0,1.0,0.0,1.0,1.0,1.0,1.0,0.0,1.0,1.0,0,0,0,0,32.0,79.0,0,0,0,0,0,0,0,0,1.0,63.5,32.0,79.0,0,0,0,0,0,0,2,64,2,158,-1,-1,1,20,0.0,0.0,0.0,0.0,0.0,0.0,0.0,0.0
61170,53,17,51.0,92.0,51.0,51.0,51.0,0.0,92.0,92.0,92.0,0.0,48402.0,0.0,48402.0,48402.0,0.0,0.0,0.0,0.0,0.0,0.0,0.0,0.0,0.0,0.0,0,0,0,0,51.0,92.0,0,0,0,0,0,0,0,0,1.0,97.0,51.0,92.0,0,0,0,0,0,0,1,51,1,92,-1,-1,0,20,0.0,0.0,0.0,0.0,0.0,0.0,0.0,0.0
30334,53,17,82.0,338.0,41.0,41.0,41.0,0.0,169.0,169.0,169.0,0.0,75.66,129.76,220.0,2.0,2.0,2.0,0.0,2.0,2.0,3.0,3.0,0.0,3.0,3.0,0,0,0,0,41.0,169.0,0,0,0,0,0,0,0,0,1.0,115.25,41.0,169.0,0,0,0,0,0,0,2,82,2,338,-1,-1,1,32,0.0,0.0,0.0,0.0,0.0,0.0,0.0,0.0
59664,53,17,76.0,108.0,38.0,38.0,38.0,0.0,54.0,54.0,54.0,0.0,56.33,61.019,122.0,3.0,48.0,48.0,0.0,48.0,48.0,3.0,3.0,0.0,3.0,3.0,0,0,0,0,38.0,54.0,0,0,0,0,0,0,0,0,1.0,55.5,38.0,54.0,0,0,0,0,0,0,2,76,2,108,-1,-1,1,20,0.0,0.0,0.0,0.0,0.0,0.0,0.0,0.0
48872,80,6,693.0,308.0,693.0,0.0,41.8333,151.7989,398.0,0.0,34.0,117.2104,3473076.21,4642453.541,10027917.0,48.0,116122179.0,6988597.54,4693693.278,10113922.0,172.0,110549699.0,7830452.53,4249741.402,10113088.0,560.0,0,0,0,0,0.0,693.0,0,0,0,1,0,0,0,0,0.0,46.6382,41.8333,34.0,0,0,0,0,0,0,18,693,17,308,29200,979,2,32,76408.81,109682.927,480053.0,31851.0,10027612.72,4531.435,10027910.0,9996587.0
56386,53,17,104.0,136.0,52.0,52.0,52.0,0.0,68.0,68.0,68.0,0.0,59.33,94.406,172.0,3.0,3.0,3.0,0.0,3.0,3.0,3.0,3.0,0.0,3.0,3.0,0,0,0,0,52.0,68.0,0,0,0,0,0,0,0,0,1.0,73.0,52.0,68.0,0,0,0,0,0,0,2,104,2,136,-1,-1,1,20,0.0,0.0,0.0,0.0,0.0,0.0,0.0,0.0
49987,443,6,617.0,164.0,517.0,0.0,88.1429,189.989,152.0,0.0,41.0,74.054,559304.5,1683258.163,5389146.0,4.0,5472694.0,918197.33,2250405.614,5441641.0,4.0,80868.0,26652.66,30172.064,60263.0,479.0,0,0,0,0,0.0,517.0,0,0,0,1,0,0,0,0,0.0,71.0,88.1429,41.0,0,0,0,0,0,0,7,617,4,164,29200,30,6,20,104756.0,0.0,104756.0,104756.0,5389136.0,0.0,5389146.0,5389136.0
61232,53,17,51.0,112.0,51.0,51.0,51.0,0.0,112.0,112.0,112.0,0.0,23513.0,0.0,23513.0,23513.0,0.0,0.0,0.0,0.0,0.0,0.0,0.0,0.0,0.0,0.0,0,0,0,0,51.0,112.0,0,0,0,0,0,0,0,0,1.0,107.0,51.0,112.0,0,0,0,0,0,0,1,51,1,112,-1,-1,0,32,0.0,0.0,0.0,0.0,0.0,0.0,0.0,0.0
80,59548,6,6.0,6.0,6.0,6.0,6.0,0.0,6.0,6.0,6.0,0.0,53.0,0.0,53.0,53.0,0.0,0.0,0.0,0.0,0.0,0.0,0.0,0.0,0.0,0.0,0,0,0,0,6.0,6.0,0,0,0,0,1,1,0,0,1.0,9.0,6.0,6.0,0,0,0,0,0,0,1,6,1,6,913,256,0,20,0.0,0.0,0.0,0.0,0.0,0.0,0.0,0.0
123,123,17,96.0,96.0,48.0,48.0,48.0,0.0,48.0,48.0,48.0,0.0,22397188.66,39276932.328,67928510.0,88679.0,68999585.0,68999585.0,0.0,68999585.0,68999585.0,67999476.0,67999476.0,0.0,67999476.0,67999476.0,0,0,0,0,48.0,48.0,0,0,0,0,0,0,0,0,1.0,60.0,48.0,48.0,0,0,0,0,0,0,2,96,2,96,-1,-1,1,20,28400.0,0.0,28400.0,28400.0,67928540.0,0.0,67928540.0,67928540.0
443,63823,6,0.0,0.0,0.0,0.0,0.0,0.0,0.0,0.0,0.0,0.0,179.5,282.755,371.0,3.0,3.0,3.0,0.0,3.0,3.0,0.0,0.0,0.0,0.0,0.0,0,0,0,0,0.0,0.0,0,0,0,0,1,1,0,0,0.0,0.0,0.0,0.0,0,0,0,0,0,0,2,0,1,0,362,32832,0,32,0.0,0.0,0.0,0.0,0.0,0.0,0.0,0.0
60072,53,17,47.0,116.0,47.0,47.0,47.0,0.0,116.0,116.0,116.0,0.0,46382.0,0.0,46382.0,46382.0,0.0,0.0,0.0,0.0,0.0,0.0,0.0,0.0,0.0,0.0,0,0,0,0,47.0,116.0,0,0,0,0,0,0,0,0,1.0,105.0,47.0,116.0,0,0,0,0,0,0,1,47,1,116,-1,-1,0,32,0.0,0.0,0.0,0.0,0.0,0.0,0.0,0.0
51844,443,6,24.0,0.0,6.0,6.0,6.0,0.0,0.0,0.0,0.0,0.0,21780.5,43474.371,87950.0,1.0,87181.0,29323.0,50694.591,87150.0,1.0,0.0,0.0,0.0,0.0,0.0,0,0,0,0,0.0,6.0,1,0,0,0,0,0,0,0,0.0,6.0,6.0,0.0,0,0,0,0,0,0,4,24,1,0,0,117,3,20,0.0,0.0,0.0,0.0,0.0,0.0,0.0,0.0
46488,53,17,62.0,194.0,31.0,31.0,31.0,0.0,97.0,97.0,97.0,0.0,7932.66,13763.011,23741.0,3.0,3.0,3.0,0.0,3.0,3.0,3.0,3.0,0.0,3.0,3.0,0,0,0,0,31.0,97.0,0,0,0,0,0,0,0,0,1.0,71.75,31.0,97.0,0,0,0,0,0,0,2,62,2,194,-1,-1,1,32,0.0,0.0,0.0,0.0,0.0,0.0,0.0,0.0
443,54554,6,0.0,0.0,0.0,0.0,0.0,0.0,0.0,0.0,0.0,0.0,67.0,0.0,67.0,67.0,0.0,0.0,0.0,0.0,0.0,0.0,0.0,0.0,0.0,0.0,0,0,0,0,0.0,0.0,0,0,0,0,1,1,0,0,1.0,0.0,0.0,0.0,0,0,0,0,0,0,1,0,1,0,351,32832,0,32,0.0,0.0,0.0,0.0,0.0,0.0,0.0,0.0
34766,53,17,46.0,46.0,23.0,23.0,23.0,0.0,23.0,23.0,23.0,0.0,59.33,97.562,172.0,0.0,0.0,0.0,0.0,0.0,0.0,1.0,1.0,0.0,1.0,1.0,0,0,0,0,23.0,23.0,0,0,0,0,0,0,0,0,1.0,28.75,23.0,23.0,0,0,0,0,0,0,2,46,2,46,-1,-1,1,32,0.0,0.0,0.0,0.0,0.0,0.0,0.0,0.0
4068,465,6,1668.0,5274.0,362.0,0.0,86.7429,89.8548,2736.0,0.0,123.6923,549.0088,59691.16,105088.435,731754.0,1.0,1909076.0,145209.27,193143.947,718974.0,627.0,1850172.0,96101.8,170778.33,731913.0,4.0,0,0,0,0,0.0,2736.0,0,0,0,1,0,0,0,0,1.0,129.4667,86.7429,123.6923,0,0,0,0,0,0,17,1668,24,5274,8192,176,16,20,0.0,0.0,0.0,0.0,0.0,0.0,0.0,0.0
48890,443,6,0.0,0.0,0.0,0.0,0.0,0.0,0.0,0.0,0.0,0.0,105.0,0.0,105.0,105.0,105.0,105.0,0.0,105.0,105.0,0.0,0.0,0.0,0.0,0.0,0,0,0,0,0.0,0.0,0,0,0,0,1,0,0,0,0.0,0.0,0.0,0.0,0,0,0,0,0,0,2,0,0,0,489,-1,0,32,0.0,0.0,0.0,0.0,0.0,0.0,0.0,0.0
443,56837,6,43.0,6.0,37.0,6.0,21.5,21.9203,6.0,6.0,6.0,0.0,104.5,2.023,115.0,103.0,209.0,209.0,0.0,209.0,209.0,0.0,0.0,0.0,0.0,0.0,1,0,0,0,6.0,37.0,0,1,0,0,1,0,0,0,0.0,28.3333,21.5,6.0,0,0,0,0,0,0,2,43,1,6,40290,0,1,20,0.0,0.0,0.0,0.0,0.0,0.0,0.0,0.0
62314,53,17,40.0,56.0,40.0,40.0,40.0,0.0,56.0,56.0,56.0,0.0,59783.0,0.0,59783.0,59783.0,0.0,0.0,0.0,0.0,0.0,0.0,0.0,0.0,0.0,0.0,0,0,0,0,40.0,56.0,0,0,0,0,0,0,0,0,1.0,68.0,40.0,56.0,0,0,0,0,0,0,1,40,1,56,-1,-1,0,32,0.0,0.0,0.0,0.0,0.0,0.0,0.0,0.0
443,50667,6,12.0,0.0,6.0,6.0,6.0,0.0,0.0,0.0,0.0,0.0,4037.0,0.0,4037.0,4037.0,4037.0,4037.0,0.0,4037.0,4037.0,0.0,0.0,0.0,0.0,0.0,0,0,0,0,6.0,6.0,0,0,0,0,1,0,0,0,0.0,9.0,6.0,0.0,0,0,0,0,0,0,2,12,0,0,131,-1,1,20,0.0,0.0,0.0,0.0,0.0,0.0,0.0,0.0
56235,443,6,1079.0,825.0,669.0,0.0,159.1111,273.9225,689.0,2.0,165.1429,293.8472,60511.12,118700.963,200305.0,3.0,856666.0,162601.0,156048.351,200406.0,174.0,754059.0,164653.16,149250.535,311343.0,3.0,0,0,0,0,0.0,689.0,0,0,0,1,0,0,0,0,1.0,155.1833,159.1111,165.1429,0,0,0,0,0,0,9,1079,7,825,29200,65535,8,20,0.0,0.0,0.0,0.0,0.0,0.0,0.0,0.0
443,38996,6,31.0,0.0,31.0,0.0,10.3333,17.8979,0.0,0.0,0.0,0.0,313.5,314.104,623.0,3.0,647.0,323.5,434.991,643.0,3.0,0.0,0.0,0.0,0.0,0.0,0,0,0,0,0.0,31.0,0,0,0,0,1,0,0,0,0.0,10.3333,10.3333,0.0,0,0,0,0,0,0,3,31,0,0,59,-1,1,32,0.0,0.0,0.0,0.0,0.0,0.0,0.0,0.0
61758,80,6,0.0,0.0,0.0,0.0,0.0,0.0,0.0,0.0,0.0,0.0,64067200.0,0.0,64067200.0,64067200.0,64067200.0,64067200.0,0.0,64067200.0,64067200.0,0.0,0.0,0.0,0.0,0.0,0,0,0,0,0.0,0.0,0,0,0,0,1,1,0,0,0.0,0.0,0.0,0.0,0,0,0,0,0,0,2,0,0,0,33304,-1,0,32,0.0,0.0,0.0,0.0,0.0,0.0,0.0,0.0
58793,53,17,98.0,316.0,49.0,49.0,49.0,0.0,158.0,158.0,158.0,0.0,20388.66,35202.954,61150.0,48.0,48.0,48.0,0.0,48.0,48.0,48.0,48.0,0.0,48.0,48.0,0,0,0,0,49.0,158.0,0,0,0,0,0,0,0,0,1.0,115.75,49.0,158.0,0,0,0,0,0,0,2,98,2,316,-1,-1,1,20,0.0,0.0,0.0,0.0,0.0,0.0,0.0,0.0
54616,443,6,352.0,3782.0,208.0,0.0,58.6667,87.8605,1460.0,0.0,630.3333,677.2171,23732.54,39416.763,85262.0,57.0,261142.0,52220.4,47096.029,87819.0,197.0,177313.0,35756.1,47786.584,87894.0,50.0,0,0,0,0,0.0,1460.0,0,0,0,1,0,0,0,0,1.0,344.5,58.6667,630.3333,0,0,0,0,0,0,6,352,6,3782,8192,60,5,20,0.0,0.0,0.0,0.0,0.0,0.0,0.0,0.0
54118,443,6,12.0,0.0,6.0,6.0,6.0,0.0,0.0,0.0,0.0,0.0,56.0,0.0,56.0,56.0,56.0,56.0,0.0,56.0,56.0,0.0,0.0,0.0,0.0,0.0,0,0,0,0,6.0,6.0,0,0,0,0,1,0,0,0,0.0,9.0,6.0,0.0,0,0,0,0,0,0,2,12,0,0,254,-1,1,20,0.0,0.0,0.0,0.0,0.0,0.0,0.0,0.0
50058,53,17,92.0,348.0,46.0,46.0,46.0,0.0,174.0,174.0,174.0,0.0,71.0,125.67,211.0,1.0,1.0,1.0,0.0,1.0,1.0,3.0,3.0,0.0,3.0,3.0,0,0,0,0,46.0,174.0,0,0,0,0,0,0,0,0,1.0,121.5,46.0,174.0,0,0,0,0,0,0,2,92,2,348,-1,-1,1,32,0.0,0.0,0.0,0.0,0.0,0.0,0.0,0.0
51573,443,6,1140.0,17013.0,590.0,0.0,77.4048,179.2682,2796.0,0.0,854.8182,902.5404,2569846.03,11992605.831,57887479.0,3.0,117233539.0,5839397.94,17146854.137,57887479.0,3.0,117019185.0,4422708.53,15847219.346,57884412.0,3.0,0,0,0,0,0.0,2796.0,0,0,0,1,0,0,0,0,1.0,594.9844,77.4048,854.8182,0,0,0,0,0,0,23,1140,23,17013,29200,105,7,32,382323.5,142512.561,443720.0,73721.0,57266646.0,245567.618,57887476.0,57385044.0
59234,443,6,1213.0,4961.0,917.0,0.0,94.6667,255.2142,1839.0,0.0,736.8333,783.2693,21553.3,32683.599,98583.0,3.0,488030.0,37621.58,43235.867,98960.0,3.0,380321.0,45517.2,68641.601,159470.0,50.0,0,0,0,0,0.0,1839.0,0,0,0,1,0,0,0,0,0.0,334.0,94.6667,736.8333,0,0,0,0,0,0,12,1213,6,4961,65535,117,6,32,0.0,0.0,0.0,0.0,0.0,0.0,0.0,0.0
59422,53,17,92.0,284.0,46.0,46.0,46.0,0.0,142.0,142.0,142.0,0.0,10334.66,17835.904,30957.0,3.0,3.0,3.0,0.0,3.0,3.0,3.0,3.0,0.0,3.0,3.0,0,0,0,0,46.0,142.0,0,0,0,0,0,0,0,0,1.0,105.5,46.0,142.0,0,0,0,0,0,0,2,92,2,284,-1,-1,1,32,0.0,0.0,0.0,0.0,0.0,0.0,0.0,0.0
1873,443,6,384.0,5004.0,197.0,0.0,42.6667,70.2157,1460.0,0.0,720.8,693.8834,353005.25,1236538.86,4831928.0,3.0,5061009.0,650038.87,1503598.79,4831928.0,3.0,138092.0,19784.42,27004.602,61066.0,49.0,0,0,0,0,0.0,1460.0,0,0,0,1,0,0,0,0,0.0,342.1571,42.6667,720.8,0,0,0,0,0,0,9,384,8,5004,8192,110,8,20,0.0,0.0,0.0,0.0,0.0,0.0,0.0,0.0
55312,80,6,335.0,844.0,335.0,0.0,95.0,192.1282,844.0,0.0,286.0,485.4583,7462.66,11833.024,23341.0,3.0,23803.0,11901.5,16247.316,23329.0,386.0,18761.0,9655.66,18049.685,25552.0,3.0,0,0,0,0,0.0,844.0,0,0,0,1,0,0,0,0,1.0,218.1429,95.0,286.0,0,0,0,0,0,0,3,335,4,844,8192,61,2,20,0.0,0.0,0.0,0.0,0.0,0.0,0.0,0.0
57207,443,6,993.0,23730.0,421.0,0.0,55.75,119.3576,2836.0,0.0,1188.4737,949.6796,5002.8,11569.271,50635.0,1.0,165944.0,8761.57,11672.988,53808.0,1.0,153800.0,4476.21,18832.942,51036.0,2.0,0,0,0,0,0.0,2836.0,0,0,0,1,0,0,0,0,1.0,656.075,55.75,1188.4737,0,0,0,0,0,0,20,993,23,23730,65535,349,6,32,0.0,0.0,0.0,0.0,0.0,0.0,0.0,0.0
62416,53,17,57.0,73.0,57.0,57.0,57.0,0.0,73.0,73.0,73.0,0.0,23523.0,0.0,23523.0,23523.0,0.0,0.0,0.0,0.0,0.0,0.0,0.0,0.0,0.0,0.0,0,0,0,0,57.0,73.0,0,0,0,0,0,0,0,0,1.0,93.5,57.0,73.0,0,0,0,0,0,0,1,57,1,73,-1,-1,0,20,0.0,0.0,0.0,0.0,0.0,0.0,0.0,0.0
5210,80,6,446.0,871.0,436.0,0.0,147.6667,250.588,867.0,0.0,217.75,427.5093,40408.33,70510.696,123339.0,4.0,124816.0,22408.0,80934.98,123439.0,24668.0,122155.0,37151.66,119797.561,123769.0,4.0,0,0,0,0,0.0,867.0,0,0,0,1,0,0,0,0,1.0,187.7143,147.6667,217.75,0,0,0,0,0,0,3,446,4,871,8192,31,2,20,0.0,0.0,0.0,0.0,0.0,0.0,0.0,0.0
63586,443,6,5611.0,177807.0,2035.0,0.0,50.939,162.5562,4380.0,0.0,1730.5018,960.0129,982153.62,7980207.227,58323060.0,0.0,117610815.0,2104446.15,12185504.685,58333065.0,19.0,117625708.0,1324234.82,8564372.227,58469972.0,1.0,0,0,0,0,0.0,4380.0,0,0,0,1,0,0,0,0,1.0,1039.8413,50.939,1730.5018,0,0,0,0,0,0,205,5611,243,177807,8192,1435,114,20,186747.5,170291.251,286665.0,87918.0,58268975.0,261454.248,58323066.0,58193351.0
27097,53,17,60.0,344.0,30.0,30.0,30.0,0.0,172.0,172.0,172.0,0.0,74.66,85.133,170.0,1.0,1.0,1.0,0.0,1.0,1.0,48.0,48.0,0.0,48.0,48.0,0,0,0,0,30.0,172.0,0,0,0,0,0,0,0,0,1.0,108.5,30.0,172.0,0,0,0,0,0,0,2,60,2,344,-1,-1,1,32,0.0,0.0,0.0,0.0,0.0,0.0,0.0,0.0
4596,53,17,76.0,122.0,38.0,38.0,38.0,0.0,61.0,61.0,61.0,0.0,65.33,20.506,90.0,49.0,49.0,49.0,0.0,49.0,49.0,49.0,49.0,0.0,49.0,49.0,0,0,0,0,38.0,61.0,0,0,0,0,0,0,0,0,1.0,59.0,38.0,61.0,0,0,0,0,0,0,2,76,2,122,-1,-1,1,32,0.0,0.0,0.0,0.0,0.0,0.0,0.0,0.0
60844,53,17,132.0,486.0,33.0,33.0,33.0,0.0,243.0,243.0,243.0,0.0,12218.4,16753.314,31212.0,3.0,31291.0,10433.0,17416.395,31292.0,3.0,3.0,3.0,0.0,3.0,3.0,0,0,0,0,33.0,243.0,0,0,0,0,0,0,0,0,0.0,100.5,33.0,243.0,0,0,0,0,0,0,4,132,2,486,-1,-1,3,20,0.0,0.0,0.0,0.0,0.0,0.0,0.0,0.0
5275,443,6,356.0,3782.0,212.0,0.0,59.3333,89.2248,1460.0,0.0,630.3333,677.2171,24141.45,39923.149,86550.0,30.0,264933.0,52194.6,46592.267,88466.0,85.0,176745.0,35386.0,47196.175,89401.0,48.0,0,0,0,0,0.0,1460.0,0,0,0,1,0,0,0,0,1.0,344.8333,59.3333,630.3333,0,0,0,0,0,0,6,356,6,3782,8192,60,5,20,0.0,0.0,0.0,0.0,0.0,0.0,0.0,0.0
443,54114,6,0.0,0.0,0.0,0.0,0.0,0.0,0.0,0.0,0.0,0.0,67.0,0.0,67.0,67.0,0.0,0.0,0.0,0.0,0.0,0.0,0.0,0.0,0.0,0.0,0,0,0,0,0.0,0.0,0,0,0,0,1,1,0,0,1.0,0.0,0.0,0.0,0,0,0,0,0,0,1,0,1,0,349,822,0,32,0.0,0.0,0.0,0.0,0.0,0.0,0.0,0.0
62567,53,17,44.0,60.0,44.0,44.0,44.0,0.0,60.0,60.0,60.0,0.0,32545.0,0.0,32545.0,32545.0,0.0,0.0,0.0,0.0,0.0,0.0,0.0,0.0,0.0,0.0,0,0,0,0,44.0,60.0,0,0,0,0,0,0,0,0,1.0,74.0,44.0,60.0,0,0,0,0,0,0,1,44,1,60,-1,-1,0,32,0.0,0.0,0.0,0.0,0.0,0.0,0.0,0.0
60266,53,17,55.0,111.0,55.0,55.0,55.0,0.0,111.0,111.0,111.0,0.0,487.0,0.0,487.0,487.0,0.0,0.0,0.0,0.0,0.0,0.0,0.0,0.0,0.0,0.0,0,0,0,0,55.0,111.0,0,0,0,0,0,0,0,0,1.0,110.5,55.0,111.0,0,0,0,0,0,0,1,55,1,111,-1,-1,0,32,0.0,0.0,0.0,0.0,0.0,0.0,0.0,0.0
443,43740,6,31.0,0.0,31.0,0.0,15.5,21.9203,0.0,0.0,0.0,0.0,3.0,0.0,3.0,3.0,3.0,3.0,0.0,3.0,3.0,0.0,0.0,0.0,0.0,0.0,1,0,0,0,0.0,31.0,0,1,0,0,1,0,0,0,0.0,31.0,15.5,0.0,0,0,0,0,0,0,2,31,0,0,62,-1,0,32,0.0,0.0,0.0,0.0,0.0,0.0,0.0,0.0
58871,443,6,709.0,3950.0,267.0,0.0,78.9,103.3023,1448.0,0.0,359.0909,569.9183,55980.66,109535.97,514182.0,4.0,913312.0,103444.22,208338.756,514182.0,217.0,866754.0,88978.2,137252.17,404008.0,4.0,0,0,0,0,0.0,1448.0,0,0,0,1,0,0,0,0,1.0,232.65,78.9,359.0909,0,0,0,0,0,0,10,709,11,3950,29200,254,5,32,0.0,0.0,0.0,0.0,0.0,0.0,0.0,0.0
443,52438,6,37.0,0.0,37.0,0.0,18.5,26.163,0.0,0.0,0.0,0.0,3.0,0.0,3.0,3.0,3.0,3.0,0.0,3.0,3.0,0.0,0.0,0.0,0.0,0.0,1,0,0,0,0.0,37.0,0,1,0,0,1,0,0,0,0.0,37.0,18.5,0.0,0,0,0,0,0,0,2,37,0,0,118,-1,0,32,0.0,0.0,0.0,0.0,0.0,0.0,0.0,0.0
36292,53,17,68.0,132.0,34.0,34.0,34.0,0.0,66.0,66.0,66.0,0.0,10337.66,17848.139,30900.0,4.0,4.0,4.0,0.0,4.0,4.0,48.0,48.0,0.0,48.0,48.0,0,0,0,0,34.0,66.0,0,0,0,0,0,0,0,0,1.0,58.5,34.0,66.0,0,0,0,0,0,0,2,68,2,132,-1,-1,1,40,0.0,0.0,0.0,0.0,0.0,0.0,0.0,0.0
55368,443,6,18.0,0.0,6.0,6.0,6.0,0.0,0.0,0.0,0.0,0.0,79.33,93.474,185.0,3.0,217.0,108.5,173.679,213.0,3.0,0.0,0.0,0.0,0.0,0.0,0,0,0,0,0.0,6.0,1,0,0,0,0,0,0,0,0.0,6.0,6.0,0.0,0,0,0,0,0,0,3,18,1,0,0,972,2,20,0.0,0.0,0.0,0.0,0.0,0.0,0.0,0.0
443,56034,6,37.0,0.0,37.0,0.0,18.5,26.163,0.0,0.0,0.0,0.0,3.0,0.0,3.0,3.0,3.0,3.0,0.0,3.0,3.0,0.0,0.0,0.0,0.0,0.0,1,0,0,0,0.0,37.0,0,1,0,0,1,0,0,0,0.0,37.0,18.5,0.0,0,0,0,0,0,0,2,37,0,0,114,-1,0,32,0.0,0.0,0.0,0.0,0.0,0.0,0.0,0.0
443,52985,6,0.0,0.0,0.0,0.0,0.0,0.0,0.0,0.0,0.0,0.0,2.0,0.0,2.0,2.0,0.0,0.0,0.0,0.0,0.0,0.0,0.0,0.0,0.0,0.0,0,0,0,0,0.0,0.0,0,0,0,0,1,1,0,0,1.0,0.0,0.0,0.0,0,0,0,0,0,0,1,0,1,0,362,32832,0,32,0.0,0.0,0.0,0.0,0.0,0.0,0.0,0.0
80,50162,6,6.0,6.0,6.0,6.0,6.0,0.0,6.0,6.0,6.0,0.0,168.0,0.0,168.0,168.0,0.0,0.0,0.0,0.0,0.0,0.0,0.0,0.0,0.0,0.0,0,0,0,0,6.0,6.0,0,0,0,0,1,1,0,0,1.0,9.0,6.0,6.0,0,0,0,0,0,0,1,6,1,6,29,256,0,20,0.0,0.0,0.0,0.0,0.0,0.0,0.0,0.0
443,55868,6,0.0,0.0,0.0,0.0,0.0,0.0,0.0,0.0,0.0,0.0,64.0,0.0,64.0,64.0,0.0,0.0,0.0,0.0,0.0,0.0,0.0,0.0,0.0,0.0,0,0,0,0,0.0,0.0,0,0,0,0,1,1,0,0,1.0,0.0,0.0,0.0,0,0,0,0,0,0,1,0,1,0,349,32832,0,32,0.0,0.0,0.0,0.0,0.0,0.0,0.0,0.0
51570,443,6,879.0,4560.0,403.0,0.0,57.9286,112.7669,1418.0,0.0,293.7368,514.9818,2419317.77,4287151.617,10011167.0,7.0,61673776.0,4801622.18,5117064.693,10080061.0,215.0,65379593.0,5562623.15,4977486.221,10080924.0,49.0,0,0,0,0,0.0,1418.0,0,0,0,1,0,0,0,0,0.0,177.0,57.9286,293.7368,0,0,0,0,0,0,14,879,13,4560,29200,357,5,32,81720.83,159427.628,335792.0,50402.0,10010383.33,22403.946,10011168.0,9994512.0
60310,443,6,1244.0,16606.0,901.0,0.0,55.7692,196.2484,1460.0,0.0,961.3684,696.5575,2799.84,5128.135,15238.0,1.0,73302.0,3016.81,7136.101,22235.0,1.0,47068.0,3372.05,5371.759,16591.0,2.0,0,0,0,0,0.0,1460.0,0,0,0,1,0,0,0,0,0.0,405.2264,55.7692,961.3684,0,0,0,0,0,0,23,1244,19,16606,65535,32,22,20,0.0,0.0,0.0,0.0,0.0,0.0,0.0,0.0
12956,53,17,66.0,178.0,33.0,33.0,33.0,0.0,89.0,89.0,89.0,0.0,58.33,97.575,170.0,3.0,3.0,3.0,0.0,3.0,3.0,3.0,3.0,0.0,3.0,3.0,0,0,0,0,33.0,89.0,0,0,0,0,0,0,0,0,1.0,69.25,33.0,89.0,0,0,0,0,0,0,2,66,2,178,-1,-1,1,32,0.0,0.0,0.0,0.0,0.0,0.0,0.0,0.0
55532,80,6,1942.0,15616.0,556.0,0.0,81.3105,168.4841,3069.0,0.0,535.6474,887.3375,2504770.5,4275536.56,10050630.0,32.0,117563181.0,5354638.66,4907594.788,10051504.0,295.0,112167598.0,5606859.05,4922978.127,10054076.0,47.0,0,0,0,0,0.0,3069.0,0,0,0,1,0,0,0,0,1.0,329.4778,81.3105,535.6474,0,0,0,0,0,0,23,1942,28,15616,8192,112,22,20,270752.18,716478.841,1593673.0,23597.0,9930000.83,16599.572,10050635.0,9998992.0
38214,21,6,0.0,0.0,0.0,0.0,0.0,0.0,0.0,0.0,0.0,0.0,27.0,39.406,49.0,0.0,0.0,0.0,0.0,0.0,0.0,49.0,49.0,0.0,49.0,49.0,0,0,0,0,0.0,0.0,0,0,0,0,1,1,0,0,2.0,0.0,0.0,0.0,0,0,0,0,0,0,1,0,2,0,229,227,0,32,0.0,0.0,0.0,0.0,0.0,0.0,0.0,0.0
443,59875,6,0.0,0.0,0.0,0.0,0.0,0.0,0.0,0.0,0.0,0.0,91.0,0.0,91.0,91.0,0.0,0.0,0.0,0.0,0.0,0.0,0.0,0.0,0.0,0.0,0,0,0,0,0.0,0.0,0,0,0,0,1,1,0,0,1.0,0.0,0.0,0.0,0,0,0,0,0,0,1,0,1,0,383,32832,0,32,0.0,0.0,0.0,0.0,0.0,0.0,0.0,0.0
57860,80,6,12.0,0.0,6.0,0.0,4.0,3.4641,0.0,0.0,0.0,0.0,1937528.33,3351458.801,5798922.0,2.0,5868354.0,2934177.0,4029491.997,5798922.0,23482.0,0.0,0.0,0.0,0.0,0.0,0,0,0,0,0.0,6.0,0,0,0,1,0,0,0,0,0.0,3.0,4.0,0.0,0,0,0,0,0,0,3,12,1,0,8192,42780,2,20,0.0,0.0,0.0,0.0,0.0,0.0,0.0,0.0
443,42194,6,0.0,0.0,0.0,0.0,0.0,0.0,0.0,0.0,0.0,0.0,51.0,0.0,51.0,51.0,0.0,0.0,0.0,0.0,0.0,0.0,0.0,0.0,0.0,0.0,0,0,0,0,0.0,0.0,0,0,0,0,1,1,0,0,1.0,0.0,0.0,0.0,0,0,0,0,0,0,1,0,1,0,118,296,0,32,0.0,0.0,0.0,0.0,0.0,0.0,0.0,0.0
62418,53,17,65.0,137.0,65.0,65.0,65.0,0.0,137.0,137.0,137.0,0.0,23403.0,0.0,23403.0,23403.0,0.0,0.0,0.0,0.0,0.0,0.0,0.0,0.0,0.0,0.0,0,0,0,0,65.0,137.0,0,0,0,0,0,0,0,0,1.0,123.5,65.0,137.0,0,0,0,0,0,0,1,65,1,137,-1,-1,0,20,0.0,0.0,0.0,0.0,0.0,0.0,0.0,0.0
36570,53,17,74.0,154.0,37.0,37.0,37.0,0.0,77.0,77.0,77.0,0.0,56.66,99.796,164.0,3.0,3.0,3.0,0.0,3.0,3.0,3.0,3.0,0.0,3.0,3.0,0,0,0,0,37.0,77.0,0,0,0,0,0,0,0,0,1.0,66.25,37.0,77.0,0,0,0,0,0,0,2,74,2,154,-1,-1,1,32,0.0,0.0,0.0,0.0,0.0,0.0,0.0,0.0
61474,53,17,50.0,66.0,50.0,50.0,50.0,0.0,66.0,66.0,66.0,0.0,62261.0,0.0,62261.0,62261.0,0.0,0.0,0.0,0.0,0.0,0.0,0.0,0.0,0.0,0.0,0,0,0,0,50.0,66.0,0,0,0,0,0,0,0,0,1.0,83.0,50.0,66.0,0,0,0,0,0,0,1,50,1,66,-1,-1,0,20,0.0,0.0,0.0,0.0,0.0,0.0,0.0,0.0
443,53977,6,37.0,0.0,37.0,0.0,18.5,26.163,0.0,0.0,0.0,0.0,3.0,0.0,3.0,3.0,3.0,3.0,0.0,3.0,3.0,0.0,0.0,0.0,0.0,0.0,1,0,0,0,0.0,37.0,0,1,0,0,1,0,0,0,0.0,37.0,18.5,0.0,0,0,0,0,0,0,2,37,0,0,972,-1,0,32,0.0,0.0,0.0,0.0,0.0,0.0,0.0,0.0
61540,53,17,55.0,118.0,55.0,55.0,55.0,0.0,118.0,118.0,118.0,0.0,30444.0,0.0,30444.0,30444.0,0.0,0.0,0.0,0.0,0.0,0.0,0.0,0.0,0.0,0.0,0,0,0,0,55.0,118.0,0,0,0,0,0,0,0,0,1.0,114.0,55.0,118.0,0,0,0,0,0,0,1,55,1,118,-1,-1,0,20,0.0,0.0,0.0,0.0,0.0,0.0,0.0,0.0
48983,53,17,68.0,158.0,34.0,34.0,34.0,0.0,79.0,79.0,79.0,0.0,10510.33,18269.853,31488.0,3.0,3.0,3.0,0.0,3.0,3.0,3.0,3.0,0.0,3.0,3.0,0,0,0,0,34.0,79.0,0,0,0,0,0,0,0,0,1.0,65.0,34.0,79.0,0,0,0,0,0,0,2,68,2,158,-1,-1,1,32,0.0,0.0,0.0,0.0,0.0,0.0,0.0,0.0
443,2336,6,43.0,0.0,31.0,6.0,14.3333,14.4338,0.0,0.0,0.0,0.0,122.5,150.805,232.0,1.0,245.0,122.5,160.514,232.0,1.0,0.0,0.0,0.0,0.0,0.0,0,0,0,0,6.0,31.0,0,0,0,0,1,0,0,0,0.0,16.3333,14.3333,0.0,0,0,0,0,0,0,3,43,0,0,13,-1,2,20,0.0,0.0,0.0,0.0,0.0,0.0,0.0,0.0
62408,443,6,31.0,6.0,31.0,31.0,31.0,0.0,6.0,6.0,6.0,0.0,361657.0,0.0,361657.0,361657.0,0.0,0.0,0.0,0.0,0.0,0.0,0.0,0.0,0.0,0.0,1,0,0,0,6.0,31.0,0,1,0,0,1,0,0,0,1.0,34.0,31.0,6.0,0,0,0,0,0,0,1,31,1,6,256,116,0,20,0.0,0.0,0.0,0.0,0.0,0.0,0.0,0.0
60248,53,17,53.0,69.0,53.0,53.0,53.0,0.0,69.0,69.0,69.0,0.0,477.0,0.0,477.0,477.0,0.0,0.0,0.0,0.0,0.0,0.0,0.0,0.0,0.0,0.0,0,0,0,0,53.0,69.0,0,0,0,0,0,0,0,0,1.0,87.5,53.0,69.0,0,0,0,0,0,0,1,53,1,69,-1,-1,0,32,0.0,0.0,0.0,0.0,0.0,0.0,0.0,0.0
80,55744,6,12.0,0.0,6.0,6.0,6.0,0.0,0.0,0.0,0.0,0.0,4.0,0.0,4.0,4.0,4.0,4.0,0.0,4.0,4.0,0.0,0.0,0.0,0.0,0.0,0,0,0,0,6.0,6.0,0,0,0,0,1,0,0,0,0.0,9.0,6.0,0.0,0,0,0,0,0,0,2,12,0,0,4913,-1,1,20,0.0,0.0,0.0,0.0,0.0,0.0,0.0,0.0
443,62528,6,0.0,0.0,0.0,0.0,0.0,0.0,0.0,0.0,0.0,0.0,342.0,0.0,342.0,342.0,0.0,0.0,0.0,0.0,0.0,0.0,0.0,0.0,0.0,0.0,0,0,0,0,0.0,0.0,0,0,0,0,1,0,0,0,1.0,0.0,0.0,0.0,0,0,0,0,0,0,1,0,1,0,362,32832,0,32,0.0,0.0,0.0,0.0,0.0,0.0,0.0,0.0
62132,53,17,41.0,129.0,41.0,41.0,41.0,0.0,129.0,129.0,129.0,0.0,30780.0,0.0,30780.0,30780.0,0.0,0.0,0.0,0.0,0.0,0.0,0.0,0.0,0.0,0.0,0,0,0,0,41.0,129.0,0,0,0,0,0,0,0,0,1.0,105.5,41.0,129.0,0,0,0,0,0,0,1,41,1,129,-1,-1,0,32,0.0,0.0,0.0,0.0,0.0,0.0,0.0,0.0
58037,53,17,76.0,172.0,38.0,38.0,38.0,0.0,86.0,86.0,86.0,0.0,62.0,106.302,180.0,3.0,3.0,3.0,0.0,3.0,3.0,3.0,3.0,0.0,3.0,3.0,0,0,0,0,38.0,86.0,0,0,0,0,0,0,0,0,1.0,71.5,38.0,86.0,0,0,0,0,0,0,2,76,2,172,-1,-1,1,20,0.0,0.0,0.0,0.0,0.0,0.0,0.0,0.0
56346,443,6,0.0,0.0,0.0,0.0,0.0,0.0,0.0,0.0,0.0,0.0,17292.0,0.0,17292.0,17292.0,17292.0,17292.0,0.0,17292.0,17292.0,0.0,0.0,0.0,0.0,0.0,0,0,0,0,0.0,0.0,0,0,0,0,1,0,0,0,0.0,0.0,0.0,0.0,0,0,0,0,0,0,2,0,0,0,249,-1,0,32,0.0,0.0,0.0,0.0,0.0,0.0,0.0,0.0
42845,53,17,102.0,158.0,51.0,51.0,51.0,0.0,79.0,79.0,79.0,0.0,59.33,90.442,170.0,3.0,3.0,3.0,0.0,3.0,3.0,3.0,3.0,0.0,3.0,3.0,0,0,0,0,51.0,79.0,0,0,0,0,0,0,0,0,1.0,77.75,51.0,79.0,0,0,0,0,0,0,2,102,2,158,-1,-1,1,20,0.0,0.0,0.0,0.0,0.0,0.0,0.0,0.0
443,47758,6,0.0,0.0,0.0,0.0,0.0,0.0,0.0,0.0,0.0,0.0,204.0,0.0,204.0,204.0,204.0,204.0,0.0,204.0,204.0,0.0,0.0,0.0,0.0,0.0,0,0,0,0,0.0,0.0,0,0,0,0,1,0,0,0,0.0,0.0,0.0,0.0,0,0,0,0,0,0,2,0,0,0,5682,-1,0,32,0.0,0.0,0.0,0.0,0.0,0.0,0.0,0.0
80,50969,6,6.0,6.0,6.0,6.0,6.0,0.0,6.0,6.0,6.0,0.0,69.0,0.0,69.0,69.0,0.0,0.0,0.0,0.0,0.0,0.0,0.0,0.0,0.0,0.0,0,0,0,0,6.0,6.0,0,0,0,0,1,1,0,0,1.0,9.0,6.0,6.0,0,0,0,0,0,0,1,6,1,6,58,256,0,20,0.0,0.0,0.0,0.0,0.0,0.0,0.0,0.0
60243,53,17,46.0,191.0,46.0,46.0,46.0,0.0,191.0,191.0,191.0,0.0,60656.0,0.0,60656.0,60656.0,0.0,0.0,0.0,0.0,0.0,0.0,0.0,0.0,0.0,0.0,0,0,0,0,46.0,191.0,0,0,0,0,0,0,0,0,1.0,141.5,46.0,191.0,0,0,0,0,0,0,1,46,1,191,-1,-1,0,20,0.0,0.0,0.0,0.0,0.0,0.0,0.0,0.0
61716,53,17,46.0,62.0,46.0,46.0,46.0,0.0,62.0,62.0,62.0,0.0,30945.0,0.0,30945.0,30945.0,0.0,0.0,0.0,0.0,0.0,0.0,0.0,0.0,0.0,0.0,0,0,0,0,46.0,62.0,0,0,0,0,0,0,0,0,1.0,77.0,46.0,62.0,0,0,0,0,0,0,1,46,1,62,-1,-1,0,20,0.0,0.0,0.0,0.0,0.0,0.0,0.0,0.0
64913,80,6,0.0,0.0,0.0,0.0,0.0,0.0,0.0,0.0,0.0,0.0,98937.0,0.0,98937.0,98937.0,0.0,0.0,0.0,0.0,0.0,0.0,0.0,0.0,0.0,0.0,0,0,0,0,0.0,0.0,0,0,0,0,1,1,0,0,1.0,0.0,0.0,0.0,0,0,0,0,0,0,1,0,1,0,1304,931,0,32,0.0,0.0,0.0,0.0,0.0,0.0,0.0,0.0
55730,80,6,0.0,0.0,0.0,0.0,0.0,0.0,0.0,0.0,0.0,0.0,13360.0,0.0,13360.0,13360.0,0.0,0.0,0.0,0.0,0.0,0.0,0.0,0.0,0.0,0.0,0,0,0,0,0.0,0.0,0,0,0,0,1,1,0,0,1.0,0.0,0.0,0.0,0,0,0,0,0,0,1,0,1,0,237,930,0,32,0.0,0.0,0.0,0.0,0.0,0.0,0.0,0.0
443,50830,6,0.0,0.0,0.0,0.0,0.0,0.0,0.0,0.0,0.0,0.0,3.0,0.0,3.0,3.0,3.0,3.0,0.0,3.0,3.0,0.0,0.0,0.0,0.0,0.0,0,0,0,0,0.0,0.0,0,0,0,0,1,0,0,0,0.0,0.0,0.0,0.0,0,0,0,0,0,0,2,0,0,0,6060,-1,0,32,0.0,0.0,0.0,0.0,0.0,0.0,0.0,0.0
58865,53,17,176.0,218.0,44.0,44.0,44.0,0.0,109.0,109.0,109.0,0.0,9820.4,14674.662,33639.0,3.0,33632.0,11577.66,19868.622,33639.0,3.0,4.0,4.0,0.0,4.0,4.0,0,0,0,0,44.0,109.0,0,0,0,0,0,0,0,0,0.0,73.0,44.0,109.0,0,0,0,0,0,0,4,176,2,218,-1,-1,3,20,0.0,0.0,0.0,0.0,0.0,0.0,0.0,0.0
62416,53,17,136.0,392.0,68.0,68.0,68.0,0.0,196.0,196.0,196.0,0.0,66.66,105.787,193.0,3.0,3.0,3.0,0.0,3.0,3.0,4.0,4.0,0.0,4.0,4.0,0,0,0,0,68.0,196.0,0,0,0,0,0,0,0,0,1.0,149.0,68.0,196.0,0,0,0,0,0,0,2,136,2,392,-1,-1,1,20,0.0,0.0,0.0,0.0,0.0,0.0,0.0,0.0
53896,443,6,952.0,5068.0,469.0,0.0,83.4286,141.4872,1760.0,0.0,632.1667,708.7727,37823.16,68256.541,214440.0,1.0,676502.0,51657.5,94233.903,214240.0,1.0,474221.0,77685.16,125467.21,375267.0,1.0,0,0,0,0,0.0,1760.0,0,0,0,1,0,0,0,0,0.0,301.7,83.4286,632.1667,0,0,0,0,0,0,14,952,9,5068,65535,122,6,32,0.0,0.0,0.0,0.0,0.0,0.0,0.0,0.0
443,49614,6,0.0,18.0,0.0,0.0,0.0,0.0,6.0,6.0,6.0,0.0,18.33,29.342,51.0,1.0,0.0,0.0,0.0,0.0,0.0,4.0,2.0,1.414,3.0,1.0,0,0,0,0,0.0,6.0,0,0,0,0,1,0,0,0,3.0,4.5,0.0,6.0,0,0,0,0,0,0,1,0,3,18,1220,0,0,32,0.0,0.0,0.0,0.0,0.0,0.0,0.0,0.0
443,62824,6,37.0,0.0,37.0,0.0,18.5,26.163,0.0,0.0,0.0,0.0,3.0,0.0,3.0,3.0,3.0,3.0,0.0,3.0,3.0,0.0,0.0,0.0,0.0,0.0,1,0,0,0,0.0,37.0,0,1,0,0,1,0,0,0,0.0,37.0,18.5,0.0,0,0,0,0,0,0,2,37,0,0,66,-1,0,32,0.0,0.0,0.0,0.0,0.0,0.0,0.0,0.0
443,52843,6,6.0,6.0,6.0,6.0,6.0,0.0,6.0,6.0,6.0,0.0,28.0,0.0,28.0,28.0,0.0,0.0,0.0,0.0,0.0,0.0,0.0,0.0,0.0,0.0,0,0,0,0,6.0,6.0,0,0,0,0,1,1,0,0,1.0,9.0,6.0,6.0,0,0,0,0,0,0,1,6,1,6,60,255,0,20,0.0,0.0,0.0,0.0,0.0,0.0,0.0,0.0
44358,443,6,810.0,10806.0,515.0,0.0,47.1875,135.908,2054.0,0.0,975.6667,840.5224,2149824.44,4118933.626,10025069.0,11.0,66411606.0,4141176.43,4910214.662,10171927.0,19.0,60933917.0,4650934.64,5131455.512,10180171.0,48.0,0,0,0,0,0.0,2054.0,0,0,0,1,0,0,0,0,0.0,469.8857,47.1875,975.6667,0,0,0,0,0,0,16,810,15,10806,29200,114,3,32,74817.5,107405.46,381005.0,50053.0,10019922.33,19161.912,10025068.0,9999434.0
443,37163,6,50.0,6.0,38.0,6.0,16.6667,18.4752,6.0,6.0,6.0,0.0,45.0,67.099,114.0,3.0,182.0,91.0,164.919,179.0,3.0,0.0,0.0,0.0,0.0,0.0,0,0,0,0,6.0,38.0,0,0,0,0,1,0,0,0,0.0,15.5,16.6667,6.0,0,0,0,0,0,0,3,50,1,6,351,0,2,20,0.0,0.0,0.0,0.0,0.0,0.0,0.0,0.0
46664,443,6,943.0,81690.0,292.0,0.0,16.0,34.5432,2896.0,0.0,1494.6641,823.9947,774189.04,2764590.559,10029977.0,1.0,117762030.0,1963404.04,3972052.222,10179914.0,3.0,112592034.0,1747258.12,3614291.085,10172168.0,1.0,0,0,0,0,0.0,2896.0,0,0,0,1,0,0,0,0,1.0,832.1506,16.0,1494.6641,0,0,0,0,0,0,44,943,54,81690,29200,61,7,32,118564.83,319492.787,1283032.0,146143.0,9690705.09,1373576.773,10029989.0,5628337.0
50544,443,6,0.0,0.0,0.0,0.0,0.0,0.0,0.0,0.0,0.0,0.0,16578.0,28538.532,33943.0,1.0,1.0,1.0,0.0,1.0,1.0,0.0,0.0,0.0,0.0,0.0,0,0,0,0,0.0,0.0,0,0,0,0,1,1,0,0,0.0,0.0,0.0,0.0,0,0,0,0,0,0,2,0,1,0,65535,5579,0,32,0.0,0.0,0.0,0.0,0.0,0.0,0.0,0.0
3198,53,17,78.0,180.0,39.0,39.0,39.0,0.0,90.0,90.0,90.0,0.0,20527.33,35560.282,61577.0,1.0,1.0,1.0,0.0,1.0,1.0,4.0,4.0,0.0,4.0,4.0,0,0,0,0,39.0,90.0,0,0,0,0,0,0,0,0,1.0,74.25,39.0,90.0,0,0,0,0,0,0,2,78,2,180,-1,-1,1,20,0.0,0.0,0.0,0.0,0.0,0.0,0.0,0.0
62445,53,17,51.0,171.0,51.0,51.0,51.0,0.0,171.0,171.0,171.0,0.0,127601.0,0.0,127601.0,127601.0,0.0,0.0,0.0,0.0,0.0,0.0,0.0,0.0,0.0,0.0,0,0,0,0,51.0,171.0,0,0,0,0,0,0,0,0,1.0,136.5,51.0,171.0,0,0,0,0,0,0,1,51,1,171,-1,-1,0,32,0.0,0.0,0.0,0.0,0.0,0.0,0.0,0.0
55878,80,6,472.0,1773.0,430.0,0.0,58.2,150.776,1773.0,0.0,226.3,668.8998,2602799.15,4409172.835,9997233.0,46.0,30023027.0,5807709.22,5581643.242,10020608.0,234.0,39024834.0,5985979.5,5747792.872,10027130.0,879.0,0,0,0,0,0.0,1773.0,0,0,0,1,0,0,0,0,1.0,147.6,58.2,226.3,0,0,0,0,0,0,5,472,5,1773,8192,946,3,20,29653.66,12038.173,81828.0,22973.0,9996817.33,305.034,9997234.0,9992688.0
35050,443,6,74.0,0.0,37.0,37.0,37.0,0.0,0.0,0.0,0.0,0.0,64068869.0,0.0,64068869.0,64068869.0,64068869.0,64068869.0,0.0,64068869.0,64068869.0,0.0,0.0,0.0,0.0,0.0,1,0,0,0,37.0,37.0,0,1,0,0,1,1,0,0,0.0,55.5,37.0,0.0,0,0,0,0,0,0,2,74,0,0,65535,-1,1,32,0.0,0.0,0.0,0.0,0.0,0.0,0.0,0.0
49188,53,17,62.0,94.0,31.0,31.0,31.0,0.0,47.0,47.0,47.0,0.0,63.0,64.406,139.0,3.0,11.0,11.0,0.0,11.0,11.0,48.0,48.0,0.0,48.0,48.0,0,0,0,0,31.0,47.0,0,0,0,0,0,0,0,0,1.0,46.75,31.0,47.0,0,0,0,0,0,0,2,62,2,94,-1,-1,1,32,0.0,0.0,0.0,0.0,0.0,0.0,0.0,0.0
55768,80,6,432.0,1778.0,432.0,0.0,37.7143,117.0,1778.0,0.0,126.8286,470.9426,3979346.03,4881101.16,10000340.0,46.0,115575659.0,7721732.73,4175517.866,10043500.0,79.0,110598178.0,8506824.0,3767386.332,10048229.0,1040.0,0,0,0,0,0.0,1778.0,0,0,0,1,0,0,0,0,0.0,77.5,37.7143,126.8286,0,0,0,0,0,0,14,432,14,1778,8192,946,13,20,44445.81,17875.508,98910.0,36982.0,10000886.81,8315.987,10000345.0,9999572.0
61442,53,17,95.0,177.0,95.0,95.0,95.0,0.0,177.0,177.0,177.0,0.0,47787.0,0.0,47787.0,47787.0,0.0,0.0,0.0,0.0,0.0,0.0,0.0,0.0,0.0,0.0,0,0,0,0,95.0,177.0,0,0,0,0,0,0,0,0,1.0,183.5,95.0,177.0,0,0,0,0,0,0,1,95,1,177,-1,-1,0,20,0.0,0.0,0.0,0.0,0.0,0.0,0.0,0.0
53779,443,6,12.0,0.0,6.0,6.0,6.0,0.0,0.0,0.0,0.0,0.0,90638.0,0.0,90638.0,90638.0,90638.0,90638.0,0.0,90638.0,90638.0,0.0,0.0,0.0,0.0,0.0,0,0,0,0,6.0,6.0,0,0,0,0,1,0,0,0,0.0,9.0,6.0,0.0,0,0,0,0,0,0,2,12,0,0,64240,-1,1,20,0.0,0.0,0.0,0.0,0.0,0.0,0.0,0.0
49276,443,6,941.0,404.0,708.0,0.0,141.9091,241.3759,348.0,0.0,90.25,179.1232,2432513.29,6972581.457,10012723.0,70.0,10238901.0,3206486.75,8048559.09,10012723.0,153.0,112754.0,29757.66,17208.679,51722.0,263.0,0,0,0,0,0.0,708.0,0,0,0,1,0,0,0,0,1.0,93.4286,141.9091,90.25,0,0,0,0,0,0,9,941,4,404,8192,115,8,20,0.0,0.0,0.0,0.0,0.0,0.0,0.0,0.0
60874,53,17,80.0,200.0,40.0,40.0,40.0,0.0,100.0,100.0,100.0,0.0,65.0,75.655,148.0,3.0,3.0,3.0,0.0,3.0,3.0,48.0,48.0,0.0,48.0,48.0,0,0,0,0,40.0,100.0,0,0,0,0,0,0,0,0,1.0,80.0,40.0,100.0,0,0,0,0,0,0,2,80,2,200,-1,-1,1,20,0.0,0.0,0.0,0.0,0.0,0.0,0.0,0.0
61291,53,17,57.0,148.0,57.0,57.0,57.0,0.0,148.0,148.0,148.0,0.0,31447.0,0.0,31447.0,31447.0,0.0,0.0,0.0,0.0,0.0,0.0,0.0,0.0,0.0,0.0,0,0,0,0,57.0,148.0,0,0,0,0,0,0,0,0,1.0,131.0,57.0,148.0,0,0,0,0,0,0,1,57,1,148,-1,-1,0,32,0.0,0.0,0.0,0.0,0.0,0.0,0.0,0.0
56289,53,17,64.0,188.0,32.0,32.0,32.0,0.0,94.0,94.0,94.0,0.0,66.0,101.698,182.0,2.0,2.0,2.0,0.0,2.0,2.0,4.0,4.0,0.0,4.0,4.0,0,0,0,0,32.0,94.0,0,0,0,0,0,0,0,0,1.0,61.0,32.0,94.0,0,0,0,0,0,0,2,64,2,188,-1,-1,1,32,0.0,0.0,0.0,0.0,0.0,0.0,0.0,0.0
443,50236,6,37.0,0.0,37.0,0.0,18.5,26.163,0.0,0.0,0.0,0.0,3.0,0.0,3.0,3.0,3.0,3.0,0.0,3.0,3.0,0.0,0.0,0.0,0.0,0.0,1,0,0,0,0.0,37.0,0,1,0,0,1,0,0,0,0.0,37.0,18.5,0.0,0,0,0,0,0,0,2,37,0,0,1150,-1,0,32,0.0,0.0,0.0,0.0,0.0,0.0,0.0,0.0
443,2107,6,43.0,6.0,31.0,6.0,14.3333,14.4338,6.0,6.0,6.0,0.0,32.66,47.274,61.0,3.0,66.0,33.0,77.214,62.0,3.0,0.0,0.0,0.0,0.0,0.0,0,0,0,0,6.0,31.0,0,0,0,0,1,0,0,0,0.0,13.75,14.3333,6.0,0,0,0,0,0,0,3,43,1,6,1646,0,2,20,0.0,0.0,0.0,0.0,0.0,0.0,0.0,0.0
62443,53,17,45.0,135.0,45.0,45.0,45.0,0.0,135.0,135.0,135.0,0.0,60690.0,0.0,60690.0,60690.0,0.0,0.0,0.0,0.0,0.0,0.0,0.0,0.0,0.0,0.0,0,0,0,0,45.0,135.0,0,0,0,0,0,0,0,0,1.0,112.5,45.0,135.0,0,0,0,0,0,0,1,45,1,135,-1,-1,0,32,0.0,0.0,0.0,0.0,0.0,0.0,0.0,0.0
55577,80,6,12.0,0.0,6.0,6.0,6.0,0.0,0.0,0.0,0.0,0.0,50.0,0.0,50.0,50.0,50.0,50.0,0.0,50.0,50.0,0.0,0.0,0.0,0.0,0.0,0,0,0,0,6.0,6.0,0,0,0,0,1,0,0,0,0.0,9.0,6.0,0.0,0,0,0,0,0,0,2,12,0,0,16425,-1,1,20,0.0,0.0,0.0,0.0,0.0,0.0,0.0,0.0
32045,53,17,72.0,328.0,36.0,36.0,36.0,0.0,164.0,164.0,164.0,0.0,50.33,81.983,146.0,3.0,3.0,3.0,0.0,3.0,3.0,3.0,3.0,0.0,3.0,3.0,0,0,0,0,36.0,164.0,0,0,0,0,0,0,0,0,1.0,109.0,36.0,164.0,0,0,0,0,0,0,2,72,2,328,-1,-1,1,32,0.0,0.0,0.0,0.0,0.0,0.0,0.0,0.0
48954,443,6,0.0,0.0,0.0,0.0,0.0,0.0,0.0,0.0,0.0,0.0,194.0,0.0,194.0,194.0,194.0,194.0,0.0,194.0,194.0,0.0,0.0,0.0,0.0,0.0,0,0,0,0,0.0,0.0,0,0,0,0,1,0,0,0,0.0,0.0,0.0,0.0,0,0,0,0,0,0,2,0,0,0,426,-1,0,32,0.0,0.0,0.0,0.0,0.0,0.0,0.0,0.0
62186,443,6,74.0,0.0,37.0,37.0,37.0,0.0,0.0,0.0,0.0,0.0,64083050.0,0.0,64083050.0,64083050.0,64083050.0,64083050.0,0.0,64083050.0,64083050.0,0.0,0.0,0.0,0.0,0.0,1,0,0,0,37.0,37.0,0,1,0,0,1,1,0,0,0.0,55.5,37.0,0.0,0,0,0,0,0,0,2,74,0,0,33304,-1,1,32,0.0,0.0,0.0,0.0,0.0,0.0,0.0,0.0
54211,443,6,12.0,0.0,6.0,6.0,6.0,0.0,0.0,0.0,0.0,0.0,80.0,0.0,80.0,80.0,80.0,80.0,0.0,80.0,80.0,0.0,0.0,0.0,0.0,0.0,0,0,0,0,6.0,6.0,0,0,0,0,1,0,0,0,0.0,9.0,6.0,0.0,0,0,0,0,0,0,2,12,0,0,62009,-1,1,20,0.0,0.0,0.0,0.0,0.0,0.0,0.0,0.0
57741,443,6,504.0,4123.0,202.0,0.0,66.5556,81.6225,2896.0,0.0,588.1429,1246.8237,8768.38,14284.828,32197.0,2.0,119920.0,12182.0,17455.467,31109.0,3.0,100062.0,18748.0,21626.575,50801.0,193.0,0,0,0,0,0.0,2896.0,0,0,0,1,0,0,0,0,0.0,296.4273,66.5556,588.1429,0,0,0,0,0,0,9,504,7,4123,8192,19,8,20,0.0,0.0,0.0,0.0,0.0,0.0,0.0,0.0
443,57083,6,0.0,0.0,0.0,0.0,0.0,0.0,0.0,0.0,0.0,0.0,58349.5,100410.071,176650.0,50.0,176798.0,176798.0,150470.053,176691.0,76698.0,0.0,0.0,0.0,0.0,0.0,0,0,0,0,0.0,0.0,0,0,0,0,1,1,0,0,0.0,0.0,0.0,0.0,0,0,0,0,0,0,2,0,1,0,357,32832,0,32,0.0,0.0,0.0,0.0,0.0,0.0,0.0,0.0
443,52891,6,6.0,6.0,6.0,6.0,6.0,0.0,6.0,6.0,6.0,0.0,91.0,0.0,91.0,91.0,0.0,0.0,0.0,0.0,0.0,0.0,0.0,0.0,0.0,0.0,0,0,0,0,6.0,6.0,0,0,0,0,1,1,0,0,1.0,9.0,6.0,6.0,0,0,0,0,0,0,1,6,1,6,32,32850,0,20,0.0,0.0,0.0,0.0,0.0,0.0,0.0,0.0
18348,53,17,74.0,266.0,37.0,37.0,37.0,0.0,133.0,133.0,133.0,0.0,52.33,86.115,152.0,3.0,3.0,3.0,0.0,3.0,3.0,3.0,3.0,0.0,3.0,3.0,0,0,0,0,37.0,133.0,0,0,0,0,0,0,0,0,1.0,94.25,37.0,133.0,0,0,0,0,0,0,2,74,2,266,-1,-1,1,32,0.0,0.0,0.0,0.0,0.0,0.0,0.0,0.0
63248,443,6,37.0,0.0,37.0,0.0,12.3333,21.362,0.0,0.0,0.0,0.0,34497588.0,44994314.112,81251165.0,49.0,81281194.0,81290597.0,63592471.761,81251165.0,49.0,0.0,0.0,0.0,0.0,0.0,0,0,0,0,0.0,37.0,0,0,0,0,1,0,0,0,0.0,12.3333,12.3333,0.0,0,0,0,0,0,0,3,37,0,0,33285,-1,1,32,3.0,0.0,3.0,3.0,81251175.0,0.0,81251165.0,81251175.0
60203,53,17,53.0,114.0,53.0,53.0,53.0,0.0,114.0,114.0,114.0,0.0,30437.0,0.0,30437.0,30437.0,0.0,0.0,0.0,0.0,0.0,0.0,0.0,0.0,0.0,0.0,0,0,0,0,53.0,114.0,0,0,0,0,0,0,0,0,1.0,110.0,53.0,114.0,0,0,0,0,0,0,1,53,1,114,-1,-1,0,32,0.0,0.0,0.0,0.0,0.0,0.0,0.0,0.0
64077,80,6,0.0,0.0,0.0,0.0,0.0,0.0,0.0,0.0,0.0,0.0,64079232.0,0.0,64079232.0,64079232.0,64079232.0,64079232.0,0.0,64079232.0,64079232.0,0.0,0.0,0.0,0.0,0.0,0,0,0,0,0.0,0.0,0,0,0,0,1,1,0,0,0.0,0.0,0.0,0.0,0,0,0,0,0,0,2,0,0,0,33304,-1,0,32,0.0,0.0,0.0,0.0,64079235.0,0.0,64079235.0,64079235.0
53095,443,6,664.0,445.0,421.0,0.0,66.75,132.9051,305.0,0.0,88.0,136.5301,14022.92,24107.575,70927.0,3.0,241369.0,23127.41,28960.629,78757.0,3.0,107667.0,24214.25,20387.336,55742.0,3.0,0,0,0,0,0.0,421.0,0,0,0,1,0,0,0,0,0.0,72.6474,66.75,88.0,0,0,0,0,0,0,12,664,5,445,65535,62,5,32,0.0,0.0,0.0,0.0,0.0,0.0,0.0,0.0
64140,53,17,154.0,498.0,77.0,77.0,77.0,0.0,249.0,249.0,249.0,0.0,89.0,145.472,260.0,3.0,3.0,3.0,0.0,3.0,3.0,3.0,3.0,0.0,3.0,3.0,0,0,0,0,77.0,249.0,0,0,0,0,0,0,0,0,1.0,169.25,77.0,249.0,0,0,0,0,0,0,2,154,2,498,-1,-1,1,32,0.0,0.0,0.0,0.0,0.0,0.0,0.0,0.0
123,123,17,96.0,96.0,48.0,48.0,48.0,0.0,48.0,48.0,48.0,0.0,23024111.66,39806867.59,68926154.0,77331.0,69000041.0,69000041.0,0.0,69000041.0,69000041.0,69000172.0,69000172.0,0.0,69000172.0,69000172.0,0,0,0,0,48.0,48.0,0,0,0,0,0,0,0,0,1.0,60.0,48.0,48.0,0,0,0,0,0,0,2,96,2,96,-1,-1,1,20,77057.0,0.0,77057.0,77057.0,68926113.0,0.0,68926113.0,68926113.0
56888,443,6,1354.0,16375.0,917.0,0.0,71.2,201.2732,1835.0,0.0,968.6667,656.1788,2998.28,5097.568,15172.0,1.0,75032.0,4768.56,7379.063,23381.0,1.0,49666.0,2373.5,6475.482,25383.0,2.0,0,0,0,0,0.0,1835.0,0,0,0,1,0,0,0,0,0.0,491.8439,71.2,968.6667,0,0,0,0,0,0,20,1354,15,16375,65535,32,19,20,0.0,0.0,0.0,0.0,0.0,0.0,0.0,0.0
62457,53,17,56.0,216.0,56.0,56.0,56.0,0.0,216.0,216.0,216.0,0.0,47778.0,0.0,47778.0,47778.0,0.0,0.0,0.0,0.0,0.0,0.0,0.0,0.0,0.0,0.0,0,0,0,0,56.0,216.0,0,0,0,0,0,0,0,0,1.0,164.0,56.0,216.0,0,0,0,0,0,0,1,56,1,216,-1,-1,0,32,0.0,0.0,0.0,0.0,0.0,0.0,0.0,0.0
1632,53,17,94.0,196.0,47.0,47.0,47.0,0.0,98.0,98.0,98.0,0.0,94.33,138.439,277.0,1.0,1.0,1.0,0.0,1.0,1.0,48.0,48.0,0.0,48.0,48.0,0,0,0,0,47.0,98.0,0,0,0,0,0,0,0,0,1.0,84.25,47.0,98.0,0,0,0,0,0,0,2,94,2,196,-1,-1,1,20,0.0,0.0,0.0,0.0,0.0,0.0,0.0,0.0
56717,443,6,4170.0,5271.0,2796.0,0.0,141.5625,810.9606,1418.0,0.0,224.7,490.2567,2907095.94,4506310.581,10011472.0,1.0,116045384.0,5890204.47,4883344.238,10055940.0,1.0,111055300.0,6184216.27,5020583.033,10057923.0,1.0,0,0,0,0,0.0,2796.0,0,0,0,1,0,0,0,0,0.0,181.5689,141.5625,224.7,0,0,0,0,0,0,26,4170,18,5271,29200,8721,5,32,52087.41,25285.258,107365.0,36637.0,10000007.63,4278.88,10011461.0,9999663.0
61922,53,17,86.0,118.0,86.0,86.0,86.0,0.0,118.0,118.0,118.0,0.0,1270.0,0.0,1270.0,1270.0,0.0,0.0,0.0,0.0,0.0,0.0,0.0,0.0,0.0,0.0,0,0,0,0,86.0,118.0,0,0,0,0,0,0,0,0,1.0,145.0,86.0,118.0,0,0,0,0,0,0,1,86,1,118,-1,-1,0,20,0.0,0.0,0.0,0.0,0.0,0.0,0.0,0.0
24706,53,17,82.0,254.0,41.0,41.0,41.0,0.0,127.0,127.0,127.0,0.0,66.66,105.655,193.0,3.0,3.0,3.0,0.0,3.0,3.0,3.0,3.0,0.0,3.0,3.0,0,0,0,0,41.0,127.0,0,0,0,0,0,0,0,0,1.0,94.25,41.0,127.0,0,0,0,0,0,0,2,82,2,254,-1,-1,1,20,0.0,0.0,0.0,0.0,0.0,0.0,0.0,0.0
443,56364,6,6.0,6.0,6.0,6.0,6.0,0.0,6.0,6.0,6.0,0.0,66.0,0.0,66.0,66.0,0.0,0.0,0.0,0.0,0.0,0.0,0.0,0.0,0.0,0.0,0,0,0,0,6.0,6.0,0,0,0,0,1,1,0,0,1.0,9.0,6.0,6.0,0,0,0,0,0,0,1,6,1,6,351,256,0,20,0.0,0.0,0.0,0.0,0.0,0.0,0.0,0.0
443,61527,6,37.0,0.0,37.0,0.0,18.5,26.163,0.0,0.0,0.0,0.0,3.0,0.0,3.0,3.0,3.0,3.0,0.0,3.0,3.0,0.0,0.0,0.0,0.0,0.0,1,0,0,0,0.0,37.0,0,1,0,0,1,0,0,0,0.0,37.0,18.5,0.0,0,0,0,0,0,0,2,37,0,0,114,-1,0,32,0.0,0.0,0.0,0.0,0.0,0.0,0.0,0.0
49598,443,6,981.0,9007.0,386.0,0.0,75.3646,123.4134,1973.0,0.0,764.6,833.8307,585656.55,2310277.814,9947946.0,4.0,16187154.0,1173852.25,3172275.983,9947946.0,229.0,16059201.0,1554427.35,3759439.166,10189471.0,4.0,0,0,0,0,0.0,1973.0,0,0,0,1,0,0,0,0,1.0,417.26,75.3646,764.6,0,0,0,0,0,0,13,981,15,9007,8192,980,12,20,353162.0,0.0,353162.0,353162.0,9947975.0,0.0,9947945.0,9947975.0
443,52008,6,43.0,6.0,31.0,6.0,14.3333,14.4338,6.0,6.0,6.0,0.0,174.33,227.195,349.0,1.0,347.0,173.5,238.708,349.0,1.0,0.0,0.0,0.0,0.0,0.0,0,0,0,0,6.0,31.0,0,0,0,0,1,0,0,0,0.0,13.75,14.3333,6.0,0,0,0,0,0,0,3,43,1,6,1013,0,2,20,0.0,0.0,0.0,0.0,0.0,0.0,0.0,0.0
443,63579,6,31.0,0.0,31.0,0.0,15.5,21.9203,0.0,0.0,0.0,0.0,3.0,0.0,3.0,3.0,3.0,3.0,0.0,3.0,3.0,0.0,0.0,0.0,0.0,0.0,1,0,0,0,0.0,31.0,0,1,0,0,1,0,0,0,0.0,31.0,15.5,0.0,0,0,0,0,0,0,2,31,0,0,120,-1,0,32,0.0,0.0,0.0,0.0,0.0,0.0,0.0,0.0
443,55912,6,12.0,0.0,6.0,6.0,6.0,0.0,0.0,0.0,0.0,0.0,4.0,0.0,4.0,4.0,4.0,4.0,0.0,4.0,4.0,0.0,0.0,0.0,0.0,0.0,0,0,0,0,6.0,6.0,0,0,0,0,1,0,0,0,0.0,9.0,6.0,0.0,0,0,0,0,0,0,2,12,0,0,6118,-1,1,20,0.0,0.0,0.0,0.0,0.0,0.0,0.0,0.0
34342,53,17,58.0,134.0,29.0,29.0,29.0,0.0,67.0,67.0,67.0,0.0,10428.66,18088.509,31287.0,48.0,48.0,48.0,0.0,48.0,48.0,50.0,50.0,0.0,50.0,50.0,0,0,0,0,29.0,67.0,0,0,0,0,0,0,0,0,1.0,50.25,29.0,67.0,0,0,0,0,0,0,2,58,2,134,-1,-1,1,20,0.0,0.0,0.0,0.0,0.0,0.0,0.0,0.0
38563,443,6,599.0,152.0,517.0,0.0,85.5714,191.3085,152.0,0.0,38.0,76.0,509141.7,1674873.401,5277062.0,3.0,5396921.0,897672.16,2167818.472,5235466.0,3.0,93565.0,31561.0,32436.55,65445.0,218.0,0,0,0,0,0.0,517.0,0,0,0,1,0,0,0,0,0.0,68.2727,85.5714,38.0,0,0,0,0,0,0,7,599,4,152,29200,939,3,32,118633.0,0.0,118633.0,118633.0,5277004.0,0.0,5277004.0,5277004.0
53377,443,6,1254.0,4992.0,457.0,0.0,145.3333,183.0048,1779.0,2.0,496.6667,785.2186,505901.7,1931457.209,7403594.0,19.0,7724224.0,965860.09,2836841.194,7403594.0,149.0,6722934.0,1337257.0,2333799.298,7548032.0,210.0,0,0,0,0,0.0,1779.0,0,0,0,1,0,0,0,0,0.0,300.8167,145.3333,496.6667,0,0,0,0,0,0,9,1254,9,4992,8192,31988,8,20,209509.0,0.0,209509.0,209509.0,7403547.0,0.0,7403597.0,7403547.0
60966,53,17,88.0,120.0,44.0,44.0,44.0,0.0,60.0,60.0,60.0,0.0,62.33,65.285,135.0,3.0,48.0,48.0,0.0,48.0,48.0,3.0,3.0,0.0,3.0,3.0,0,0,0,0,44.0,60.0,0,0,0,0,0,0,0,0,1.0,63.0,44.0,60.0,0,0,0,0,0,0,2,88,2,120,-1,-1,1,32,0.0,0.0,0.0,0.0,0.0,0.0,0.0,0.0
80,51062,6,6.0,6.0,6.0,6.0,6.0,0.0,6.0,6.0,6.0,0.0,57.0,0.0,57.0,57.0,0.0,0.0,0.0,0.0,0.0,0.0,0.0,0.0,0.0,0.0,0,0,0,0,6.0,6.0,0,0,0,0,1,1,0,0,1.0,9.0,6.0,6.0,0,0,0,0,0,0,1,6,1,6,348,255,0,20,0.0,0.0,0.0,0.0,0.0,0.0,0.0,0.0
443,61171,6,0.0,0.0,0.0,0.0,0.0,0.0,0.0,0.0,0.0,0.0,3.0,0.0,3.0,3.0,3.0,3.0,0.0,3.0,3.0,0.0,0.0,0.0,0.0,0.0,0,0,0,0,0.0,0.0,0,0,0,0,1,0,0,0,0.0,0.0,0.0,0.0,0,0,0,0,0,0,2,0,0,0,4758,-1,0,32,0.0,0.0,0.0,0.0,0.0,0.0,0.0,0.0
59594,443,6,3476.0,90747.0,517.0,0.0,69.4375,136.1146,1418.0,0.0,1008.5268,534.3689,88757.85,855264.403,9943027.0,2.0,11773553.0,121198.22,1330966.908,9973928.0,217.0,11615863.0,123294.73,1116551.754,9995886.0,2.0,0,0,0,0,0.0,1418.0,0,0,0,1,0,0,0,0,1.0,616.825,69.4375,1008.5268,0,0,0,0,0,0,70,3476,56,90747,8192,371,69,20,5755967.0,0.0,6755967.0,5755967.0,9943057.0,0.0,9943027.0,9943057.0
443,59146,6,0.0,0.0,0.0,0.0,0.0,0.0,0.0,0.0,0.0,0.0,3.0,0.0,3.0,3.0,3.0,3.0,0.0,3.0,3.0,0.0,0.0,0.0,0.0,0.0,0,0,0,0,0.0,0.0,0,0,0,0,1,0,0,0,0.0,0.0,0.0,0.0,0,0,0,0,0,0,2,0,0,0,5167,-1,0,32,0.0,0.0,0.0,0.0,0.0,0.0,0.0,0.0
60664,53,17,48.0,126.0,48.0,48.0,48.0,0.0,126.0,126.0,126.0,0.0,60184.0,0.0,60184.0,60184.0,0.0,0.0,0.0,0.0,0.0,0.0,0.0,0.0,0.0,0.0,0,0,0,0,48.0,126.0,0,0,0,0,0,0,0,0,1.0,111.0,48.0,126.0,0,0,0,0,0,0,1,48,1,126,-1,-1,0,20,0.0,0.0,0.0,0.0,0.0,0.0,0.0,0.0
33579,53,17,66.0,190.0,33.0,33.0,33.0,0.0,95.0,95.0,95.0,0.0,54.66,82.666,158.0,3.0,3.0,3.0,0.0,3.0,3.0,4.0,4.0,0.0,4.0,4.0,0,0,0,0,33.0,95.0,0,0,0,0,0,0,0,0,1.0,72.25,33.0,95.0,0,0,0,0,0,0,2,66,2,190,-1,-1,1,32,0.0,0.0,0.0,0.0,0.0,0.0,0.0,0.0
3401,443,6,454.0,3722.0,212.0,0.0,59.3333,89.2248,1460.0,0.0,620.3333,677.2171,23812.81,39381.13,86947.0,39.0,265450.0,53391.0,47353.761,88139.0,83.0,177946.0,35487.2,46066.018,99687.0,48.0,0,0,0,0,0.0,1460.0,0,0,0,1,0,0,0,0,1.0,344.8333,59.3333,620.3333,0,0,0,0,0,0,6,454,6,3722,8192,60,5,20,0.0,0.0,0.0,0.0,0.0,0.0,0.0,0.0
34927,443,6,0.0,0.0,0.0,0.0,0.0,0.0,0.0,0.0,0.0,0.0,95075.0,0.0,95075.0,95075.0,0.0,0.0,0.0,0.0,0.0,0.0,0.0,0.0,0.0,0.0,0,0,0,0,0.0,0.0,0,0,0,0,1,1,0,0,1.0,0.0,0.0,0.0,0,0,0,0,0,0,1,0,1,0,304,254,0,32,0.0,0.0,0.0,0.0,0.0,0.0,0.0,0.0
62188,53,17,48.0,125.0,48.0,48.0,48.0,0.0,125.0,125.0,125.0,0.0,30283.0,0.0,30283.0,30283.0,0.0,0.0,0.0,0.0,0.0,0.0,0.0,0.0,0.0,0.0,0,0,0,0,48.0,125.0,0,0,0,0,0,0,0,0,1.0,100.5,48.0,125.0,0,0,0,0,0,0,1,48,1,125,-1,-1,0,32,0.0,0.0,0.0,0.0,0.0,0.0,0.0,0.0
61300,53,17,50.0,160.0,50.0,50.0,50.0,0.0,160.0,160.0,160.0,0.0,30821.0,0.0,30821.0,30821.0,0.0,0.0,0.0,0.0,0.0,0.0,0.0,0.0,0.0,0.0,0,0,0,0,50.0,160.0,0,0,0,0,0,0,0,0,1.0,120.0,50.0,160.0,0,0,0,0,0,0,1,50,1,160,-1,-1,0,20,0.0,0.0,0.0,0.0,0.0,0.0,0.0,0.0
443,63157,6,0.0,0.0,0.0,0.0,0.0,0.0,0.0,0.0,0.0,0.0,32.0,0.0,32.0,32.0,0.0,0.0,0.0,0.0,0.0,0.0,0.0,0.0,0.0,0.0,0,0,0,0,0.0,0.0,0,0,0,0,1,0,0,0,1.0,0.0,0.0,0.0,0,0,0,0,0,0,1,0,1,0,349,32832,0,32,0.0,0.0,0.0,0.0,0.0,0.0,0.0,0.0
63166,443,6,1184.0,3599.0,885.0,0.0,108.75,266.1667,2696.0,0.0,679.8,1088.7057,8477.92,14991.365,42223.0,65.0,168918.0,17632.85,18151.591,53359.0,86.0,109484.0,26241.5,17405.543,44437.0,326.0,0,0,0,0,0.0,2696.0,0,0,0,1,0,0,0,0,0.0,315.925,108.75,679.8,0,0,0,0,0,0,12,1184,5,3599,65535,32,5,32,0.0,0.0,0.0,0.0,0.0,0.0,0.0,0.0
55352,53,17,68.0,132.0,34.0,34.0,34.0,0.0,66.0,66.0,66.0,0.0,69.33,71.71,156.0,3.0,48.0,48.0,0.0,48.0,48.0,3.0,3.0,0.0,3.0,3.0,0,0,0,0,34.0,66.0,0,0,0,0,0,0,0,0,1.0,58.5,34.0,66.0,0,0,0,0,0,0,2,68,2,132,-1,-1,1,20,0.0,0.0,0.0,0.0,0.0,0.0,0.0,0.0
51462,80,6,688.0,59289.0,508.0,0.0,24.425,92.3916,4380.0,0.0,1823.5947,1177.9063,104056.55,849995.636,9981566.0,0.0,263140.0,13287.54,58266.342,136041.0,4.0,10130824.0,206306.58,1024248.114,9999058.0,1.0,0,0,0,0,0.0,4380.0,0,0,0,1,0,0,0,0,1.0,1013.5355,24.425,1823.5947,0,0,0,0,0,0,36,688,56,59289,8192,31,35,20,0.0,0.0,0.0,0.0,0.0,0.0,0.0,0.0
443,56440,6,12.0,0.0,6.0,6.0,6.0,0.0,0.0,0.0,0.0,0.0,1705.0,0.0,1705.0,1705.0,1705.0,1705.0,0.0,1705.0,1705.0,0.0,0.0,0.0,0.0,0.0,0,0,0,0,6.0,6.0,0,0,0,0,1,0,0,0,0.0,9.0,6.0,0.0,0,0,0,0,0,0,2,12,0,0,4972,-1,1,20,0.0,0.0,0.0,0.0,0.0,0.0,0.0,0.0
443,64970,6,0.0,0.0,0.0,0.0,0.0,0.0,0.0,0.0,0.0,0.0,3.0,0.0,3.0,3.0,3.0,3.0,0.0,3.0,3.0,0.0,0.0,0.0,0.0,0.0,0,0,0,0,0.0,0.0,0,0,0,0,1,0,0,0,0.0,0.0,0.0,0.0,0,0,0,0,0,0,2,0,0,0,5679,-1,0,32,0.0,0.0,0.0,0.0,0.0,0.0,0.0,0.0
25160,53,17,84.0,116.0,42.0,42.0,42.0,0.0,58.0,58.0,58.0,0.0,66.33,103.239,194.0,3.0,4.0,4.0,0.0,4.0,4.0,3.0,3.0,0.0,3.0,3.0,0,0,0,0,42.0,58.0,0,0,0,0,0,0,0,0,1.0,60.5,42.0,58.0,0,0,0,0,0,0,2,84,2,116,-1,-1,1,20,0.0,0.0,0.0,0.0,0.0,0.0,0.0,0.0
56135,443,6,1276.0,534.0,885.0,0.0,205.2,359.1691,497.0,0.0,107.8,177.941,292863.91,929356.43,2149438.0,3.0,244134.0,26083.5,54283.734,120179.0,327.0,3117576.0,531909.0,1162473.919,2179436.0,3.0,0,0,0,0,0.0,885.0,0,0,0,1,0,0,0,0,1.0,150.8,205.2,107.8,0,0,0,0,0,0,5,1276,5,534,29200,65,3,20,0.0,0.0,0.0,0.0,0.0,0.0,0.0,0.0
24769,53,17,58.0,90.0,29.0,29.0,29.0,0.0,45.0,45.0,45.0,0.0,50991.66,87410.78,152979.0,48.0,48.0,48.0,0.0,48.0,48.0,48.0,48.0,0.0,48.0,48.0,0,0,0,0,29.0,45.0,0,0,0,0,0,0,0,0,1.0,44.25,29.0,45.0,0,0,0,0,0,0,2,58,2,90,-1,-1,1,20,0.0,0.0,0.0,0.0,0.0,0.0,0.0,0.0
57222,80,6,432.0,2278.0,426.0,0.0,144.0,244.2376,2266.0,0.0,569.5,1131.0035,10971.0,14306.498,29442.0,1.0,30515.0,15257.5,23896.222,29127.0,2056.0,37635.0,18617.33,18441.8,23036.0,1.0,0,0,0,0,0.0,2266.0,0,0,0,1,0,0,0,0,1.0,387.4286,144.0,569.5,0,0,0,0,0,0,3,432,4,2278,8192,237,2,20,0.0,0.0,0.0,0.0,0.0,0.0,0.0,0.0
63359,80,6,12.0,0.0,6.0,0.0,4.0,3.4641,0.0,0.0,0.0,0.0,1839426.66,3166200.383,5499047.0,68.0,5498687.0,2749843.5,3894056.962,5499047.0,269455.0,0.0,0.0,0.0,0.0,0.0,0,0,0,0,0.0,6.0,0,0,0,1,0,0,0,0,0.0,3.0,4.0,0.0,0,0,0,0,0,0,3,12,1,0,8192,29200,2,20,0.0,0.0,0.0,0.0,0.0,0.0,0.0,0.0
54914,443,6,2262.0,12317.0,607.0,0.0,132.8235,200.939,2090.0,2.0,813.0625,865.546,1576551.68,3638833.091,9995372.0,3.0,60357068.0,4342175.13,5188258.739,10130602.0,3.0,60603626.0,2278470.9,4727656.598,10120141.0,3.0,0,0,0,0,0.0,2090.0,0,0,0,1,0,0,0,0,1.0,426.9441,132.8235,813.0625,0,0,0,0,0,0,16,2262,16,12317,8192,37910,15,20,72838.33,142973.752,332069.0,50676.0,9994110.66,43.339,9995370.0,9795772.0
50139,443,6,12.0,0.0,6.0,6.0,6.0,0.0,0.0,0.0,0.0,0.0,3.0,0.0,3.0,3.0,3.0,3.0,0.0,3.0,3.0,0.0,0.0,0.0,0.0,0.0,0,0,0,0,6.0,6.0,1,0,0,0,0,0,0,0,0.0,9.0,6.0,0.0,0,0,0,0,0,0,2,12,0,0,0,-1,1,20,0.0,0.0,0.0,0.0,0.0,0.0,0.0,0.0
60597,443,6,580.0,164.0,517.0,0.0,116.0,225.1011,152.0,0.0,41.0,74.054,1138657.37,3354670.517,11732433.0,104.0,11934867.0,2185211.25,5480514.999,11819554.0,135.0,84066.0,21623.33,31504.139,65836.0,312.0,0,0,0,0,0.0,517.0,0,0,0,1,0,0,0,0,0.0,82.6667,116.0,41.0,0,0,0,0,0,0,5,580,4,164,8192,946,4,20,0.0,0.0,0.0,0.0,0.0,0.0,0.0,0.0
55823,443,6,348.0,3013.0,201.0,0.0,45.8,76.7923,1593.0,0.0,604.6,805.6832,1650089.14,5720552.223,19625489.0,46.0,9983949.0,2930899.75,8960507.13,9625489.0,149.0,85240.0,22340.0,22434.659,41994.0,627.0,0,0,0,0,0.0,1593.0,0,0,0,1,0,0,0,0,0.0,252.2571,45.8,604.6,0,0,0,0,0,0,5,348,5,3013,8192,119,4,20,0.0,0.0,0.0,0.0,0.0,0.0,0.0,0.0
51338,80,6,12.0,0.0,6.0,6.0,6.0,0.0,0.0,0.0,0.0,0.0,56.0,0.0,56.0,56.0,56.0,56.0,0.0,56.0,56.0,0.0,0.0,0.0,0.0,0.0,0,0,0,0,6.0,6.0,0,0,0,0,1,0,0,0,0.0,9.0,6.0,0.0,0,0,0,0,0,0,2,12,0,0,255,-1,1,20,0.0,0.0,0.0,0.0,0.0,0.0,0.0,0.0
56892,443,6,1209.0,15972.0,302.0,0.0,50.0714,70.6591,1430.0,0.0,716.2588,624.7656,19965.9,42496.327,315907.0,2.0,684951.0,33509.17,4671.979,311908.0,3.0,696062.0,10211.71,61665.894,316538.0,2.0,0,0,0,0,0.0,1430.0,0,0,0,1,0,0,0,0,1.0,485.7282,50.0714,716.2588,0,0,0,0,0,0,28,1209,27,15972,8192,360,27,20,0.0,0.0,0.0,0.0,0.0,0.0,0.0,0.0
137,137,17,124.0,0.0,62.0,62.0,62.0,0.0,0.0,0.0,0.0,0.0,3.0,0.0,3.0,3.0,3.0,3.0,0.0,3.0,3.0,0.0,0.0,0.0,0.0,0.0,0,0,0,0,62.0,62.0,0,0,0,0,0,0,0,0,0.0,93.0,62.0,0.0,0,0,0,0,0,0,2,124,0,0,-1,-1,1,20,0.0,0.0,0.0,0.0,0.0,0.0,0.0,0.0
2611,80,6,447.0,872.0,435.0,0.0,145.6667,252.3021,850.0,0.0,218.0,428.0094,7905.66,12936.395,23998.0,4.0,23911.0,11955.5,16961.79,23997.0,973.0,24219.0,8719.33,13545.751,23984.0,4.0,0,0,0,0,0.0,850.0,0,0,0,1,0,0,0,0,1.0,187.0,145.6667,218.0,0,0,0,0,0,0,3,447,4,872,8192,31,2,20,0.0,0.0,0.0,0.0,0.0,0.0,0.0,0.0
123,123,17,48.0,48.0,48.0,48.0,48.0,0.0,48.0,48.0,48.0,0.0,43019.0,0.0,43019.0,43019.0,0.0,0.0,0.0,0.0,0.0,0.0,0.0,0.0,0.0,0.0,0,0,0,0,48.0,48.0,0,0,0,0,0,0,0,0,1.0,72.0,48.0,48.0,0,0,0,0,0,0,1,48,1,48,-1,-1,0,32,0.0,0.0,0.0,0.0,0.0,0.0,0.0,0.0
61364,53,17,65.0,137.0,65.0,65.0,65.0,0.0,137.0,137.0,137.0,0.0,60223.0,0.0,60223.0,60223.0,0.0,0.0,0.0,0.0,0.0,0.0,0.0,0.0,0.0,0.0,0,0,0,0,65.0,137.0,0,0,0,0,0,0,0,0,1.0,123.5,65.0,137.0,0,0,0,0,0,0,1,65,1,137,-1,-1,0,20,0.0,0.0,0.0,0.0,0.0,0.0,0.0,0.0
51985,443,6,1240.0,543.0,901.0,0.0,114.0,280.1793,405.0,0.0,108.6,179.138,8202.57,12708.506,36112.0,4.0,106665.0,11348.33,15977.598,53427.0,4.0,65106.0,16769.5,18483.382,36358.0,53.0,0,0,0,0,0.0,901.0,0,0,0,1,0,0,0,0,0.0,116.7333,114.0,108.6,0,0,0,0,0,0,10,1240,5,543,65535,362,5,32,0.0,0.0,0.0,0.0,0.0,0.0,0.0,0.0
443,63564,6,0.0,0.0,0.0,0.0,0.0,0.0,0.0,0.0,0.0,0.0,38.0,0.0,38.0,38.0,0.0,0.0,0.0,0.0,0.0,0.0,0.0,0.0,0.0,0.0,0,0,0,0,0.0,0.0,0,0,0,0,1,0,0,0,1.0,0.0,0.0,0.0,0,0,0,0,0,0,1,0,1,0,357,32832,0,32,0.0,0.0,0.0,0.0,0.0,0.0,0.0,0.0
443,61386,6,0.0,0.0,0.0,0.0,0.0,0.0,0.0,0.0,0.0,0.0,33.5,44.547,63.0,3.0,3.0,3.0,0.0,3.0,3.0,0.0,0.0,0.0,0.0,0.0,0,0,0,0,0.0,0.0,0,0,0,0,1,1,0,0,0.0,0.0,0.0,0.0,0,0,0,0,0,0,2,0,1,0,349,32832,0,32,0.0,0.0,0.0,0.0,0.0,0.0,0.0,0.0
443,43541,6,43.0,0.0,31.0,6.0,14.3333,14.4338,0.0,0.0,0.0,0.0,2.5,2.121,4.0,1.0,5.0,2.5,2.128,4.0,1.0,0.0,0.0,0.0,0.0,0.0,0,0,0,0,6.0,31.0,0,0,0,0,1,0,0,0,0.0,16.3333,14.3333,0.0,0,0,0,0,0,0,3,43,0,0,1113,-1,2,20,0.0,0.0,0.0,0.0,0.0,0.0,0.0,0.0
58206,443,6,933.0,38416.0,356.0,0.0,30.22,96.3168,2920.0,0.0,1170.6497,946.7993,2434.87,6648.397,27707.0,1.0,124401.0,3278.63,8918.097,38273.0,1.0,135189.0,3544.88,9938.882,38130.0,48.0,0,0,0,0,0.0,2920.0,0,0,0,1,0,0,0,0,1.0,621.8371,30.22,1170.6497,0,0,0,0,0,0,25,933,33,38416,29200,295,24,20,0.0,0.0,0.0,0.0,0.0,0.0,0.0,0.0
40974,443,6,864.0,23027.0,517.0,0.0,23.4,74.8024,2896.0,0.0,820.7059,895.9472,1352166.25,3301372.403,10024132.0,5.0,116594237.0,2299422.47,4431136.777,10047915.0,42.0,111671780.0,2998544.61,4322690.793,10048225.0,46.0,0,0,0,0,0.0,2896.0,0,0,0,1,0,0,0,0,0.0,490.9851,23.4,820.7059,0,0,0,0,0,0,45,864,33,23027,29200,972,7,32,49724.41,71627.481,210937.0,36132.0,10024718.54,4749.21,10024130.0,9991433.0
52017,443,6,381.0,25899.0,194.0,0.0,42.5556,69.9412,4344.0,0.0,1959.9167,1062.3796,336.26,1267.817,8630.0,5.0,5044.0,220.75,8166.495,8712.0,43.0,59891.0,478.05,5510.272,20160.0,48.0,0,0,0,0,0.0,4344.0,0,0,0,1,0,0,0,0,1.0,1067.6444,42.5556,1959.9167,0,0,0,0,0,0,9,381,12,25899,65535,931,5,32,0.0,0.0,0.0,0.0,0.0,0.0,0.0,0.0
58793,53,17,62.0,150.0,31.0,31.0,31.0,0.0,75.0,75.0,75.0,0.0,10281.0,17770.316,30797.0,3.0,3.0,3.0,0.0,3.0,3.0,3.0,3.0,0.0,3.0,3.0,0,0,0,0,31.0,75.0,0,0,0,0,0,0,0,0,1.0,60.75,31.0,75.0,0,0,0,0,0,0,2,62,2,150,-1,-1,1,32,0.0,0.0,0.0,0.0,0.0,0.0,0.0,0.0
54036,443,6,24.0,0.0,6.0,6.0,6.0,0.0,0.0,0.0,0.0,0.0,21151.0,43794.616,86399.0,1.0,86307.0,29705.66,50720.415,86334.0,1.0,0.0,0.0,0.0,0.0,0.0,0,0,0,0,0.0,6.0,1,0,0,0,0,0,0,0,0.0,6.0,6.0,0.0,0,0,0,0,0,0,4,24,1,0,0,117,3,20,0.0,0.0,0.0,0.0,0.0,0.0,0.0,0.0
61637,53,17,54.0,108.0,54.0,54.0,54.0,0.0,108.0,108.0,108.0,0.0,48959.0,0.0,48959.0,48959.0,0.0,0.0,0.0,0.0,0.0,0.0,0.0,0.0,0.0,0.0,0,0,0,0,54.0,108.0,0,0,0,0,0,0,0,0,1.0,108.0,54.0,108.0,0,0,0,0,0,0,1,54,1,108,-1,-1,0,32,0.0,0.0,0.0,0.0,0.0,0.0,0.0,0.0
61412,53,17,49.0,177.0,49.0,49.0,49.0,0.0,177.0,177.0,177.0,0.0,30444.0,0.0,30444.0,30444.0,0.0,0.0,0.0,0.0,0.0,0.0,0.0,0.0,0.0,0.0,0,0,0,0,49.0,177.0,0,0,0,0,0,0,0,0,1.0,137.5,49.0,177.0,0,0,0,0,0,0,1,49,1,177,-1,-1,0,32,0.0,0.0,0.0,0.0,0.0,0.0,0.0,0.0
59835,53,17,70.0,102.0,35.0,35.0,35.0,0.0,51.0,51.0,51.0,0.0,49.33,89.089,142.0,3.0,3.0,3.0,0.0,3.0,3.0,3.0,3.0,0.0,3.0,3.0,0,0,0,0,35.0,51.0,0,0,0,0,0,0,0,0,1.0,51.75,35.0,51.0,0,0,0,0,0,0,2,70,2,102,-1,-1,1,32,0.0,0.0,0.0,0.0,0.0,0.0,0.0,0.0
62436,80,6,1751.0,363.0,437.0,0.0,153.5714,232.3379,315.0,0.0,40.5,102.9278,972281.75,2647391.064,9628547.0,157.0,16757709.0,1804349.5,3894773.548,9628547.0,108.0,10114189.0,1482129.4,3391459.084,9601563.0,90440.0,0,0,0,0,0.0,437.0,0,0,0,1,0,0,0,0,0.0,111.4323,153.5714,40.5,0,0,0,0,0,0,7,1751,6,363,8192,1192,6,20,281144.0,0.0,281144.0,281144.0,9628553.0,0.0,9628553.0,9628553.0
53715,53,17,88.0,200.0,44.0,44.0,44.0,0.0,100.0,100.0,100.0,0.0,75.33,128.448,219.0,2.0,2.0,2.0,0.0,2.0,2.0,3.0,3.0,0.0,3.0,3.0,0,0,0,0,44.0,100.0,0,0,0,0,0,0,0,0,1.0,83.0,44.0,100.0,0,0,0,0,0,0,2,88,2,200,-1,-1,1,32,0.0,0.0,0.0,0.0,0.0,0.0,0.0,0.0
60418,53,17,93.0,235.0,93.0,93.0,93.0,0.0,235.0,235.0,235.0,0.0,46703.0,0.0,46703.0,46703.0,0.0,0.0,0.0,0.0,0.0,0.0,0.0,0.0,0.0,0.0,0,0,0,0,93.0,235.0,0,0,0,0,0,0,0,0,1.0,200.5,93.0,235.0,0,0,0,0,0,0,1,93,1,235,-1,-1,0,20,0.0,0.0,0.0,0.0,0.0,0.0,0.0,0.0
443,61815,6,0.0,0.0,0.0,0.0,0.0,0.0,0.0,0.0,0.0,0.0,35.0,0.0,35.0,35.0,0.0,0.0,0.0,0.0,0.0,0.0,0.0,0.0,0.0,0.0,0,0,0,0,0.0,0.0,0,0,0,0,1,1,0,0,1.0,0.0,0.0,0.0,0,0,0,0,0,0,1,0,1,0,383,33304,0,32,0.0,0.0,0.0,0.0,0.0,0.0,0.0,0.0
443,64135,6,0.0,0.0,0.0,0.0,0.0,0.0,0.0,0.0,0.0,0.0,471.0,0.0,471.0,471.0,0.0,0.0,0.0,0.0,0.0,0.0,0.0,0.0,0.0,0.0,0,0,0,0,0.0,0.0,0,0,0,0,1,1,0,0,1.0,0.0,0.0,0.0,0,0,0,0,0,0,1,0,1,0,62,33304,0,32,0.0,0.0,0.0,0.0,0.0,0.0,0.0,0.0
62348,443,6,657.0,4201.0,373.0,0.0,65.5385,118.336,1448.0,0.0,662.8333,665.1111,338743.75,1267248.703,4986509.0,1.0,5343208.0,690026.16,1769608.803,4986509.0,1.0,241464.0,47318.8,79474.957,119695.0,49.0,0,0,0,0,0.0,1448.0,0,0,0,1,0,0,0,0,0.0,288.8077,65.5385,662.8333,0,0,0,0,0,0,13,657,6,4201,65535,4972,5,32,0.0,0.0,0.0,0.0,0.0,0.0,0.0,0.0
3895,53,17,66.0,122.0,33.0,33.0,33.0,0.0,61.0,61.0,61.0,0.0,11441.33,19534.287,34318.0,1.0,1.0,1.0,0.0,1.0,1.0,3.0,3.0,0.0,3.0,3.0,0,0,0,0,33.0,61.0,0,0,0,0,0,0,0,0,1.0,55.25,33.0,61.0,0,0,0,0,0,0,2,66,2,122,-1,-1,1,32,0.0,0.0,0.0,0.0,0.0,0.0,0.0,0.0
443,62317,6,6.0,6.0,6.0,6.0,6.0,0.0,6.0,6.0,6.0,0.0,28.0,0.0,28.0,28.0,0.0,0.0,0.0,0.0,0.0,0.0,0.0,0.0,0.0,0.0,0,0,0,0,6.0,6.0,0,0,0,0,1,1,0,0,1.0,9.0,6.0,6.0,0,0,0,0,0,0,1,6,1,6,31093,63729,0,20,0.0,0.0,0.0,0.0,0.0,0.0,0.0,0.0
33984,80,6,888.0,279.0,438.0,0.0,246.0,375.0,279.0,0.0,69.25,131.5,111031.0,289134.265,999927.0,4.0,125993.0,68996.5,75784.58,121039.0,174.0,1126450.0,365156.66,853469.74,1999989.0,4.0,0,0,0,0,0.0,438.0,0,0,0,1,0,0,0,0,1.0,187.1429,246.0,69.25,0,0,0,0,0,0,3,888,4,279,29200,130,2,32,0.0,0.0,0.0,0.0,0.0,0.0,0.0,0.0
48256,53,17,70.0,326.0,35.0,35.0,35.0,0.0,163.0,163.0,163.0,0.0,67860.0,100735.608,183572.0,2.0,2.0,2.0,0.0,2.0,2.0,4.0,4.0,0.0,4.0,4.0,0,0,0,0,35.0,163.0,0,0,0,0,0,0,0,0,1.0,107.75,35.0,163.0,0,0,0,0,0,0,2,70,2,326,-1,-1,1,32,0.0,0.0,0.0,0.0,0.0,0.0,0.0,0.0
44611,443,6,12.0,0.0,6.0,6.0,6.0,0.0,0.0,0.0,0.0,0.0,3.0,0.0,3.0,3.0,3.0,3.0,0.0,3.0,3.0,0.0,0.0,0.0,0.0,0.0,0,0,0,0,6.0,6.0,1,0,0,0,0,0,0,0,0.0,9.0,6.0,0.0,0,0,0,0,0,0,2,12,0,0,0,-1,1,20,0.0,0.0,0.0,0.0,0.0,0.0,0.0,0.0
443,52740,6,0.0,18.0,0.0,0.0,0.0,0.0,6.0,6.0,6.0,0.0,43920.25,87758.001,175292.0,1.0,175750.0,175750.0,0.0,175750.0,175750.0,4.0,2.0,1.414,3.0,1.0,0,0,0,0,0.0,6.0,0,0,0,0,1,0,0,0,1.0,3.6,0.0,6.0,0,0,0,0,0,0,2,0,3,18,1120,0,0,32,0.0,0.0,0.0,0.0,0.0,0.0,0.0,0.0
52082,53,17,88.0,200.0,44.0,44.0,44.0,0.0,100.0,100.0,100.0,0.0,56.33,96.294,163.0,3.0,3.0,3.0,0.0,3.0,3.0,3.0,3.0,0.0,3.0,3.0,0,0,0,0,44.0,100.0,0,0,0,0,0,0,0,0,1.0,83.0,44.0,100.0,0,0,0,0,0,0,2,88,2,200,-1,-1,1,20,0.0,0.0,0.0,0.0,0.0,0.0,0.0,0.0
4229,53,17,92.0,248.0,46.0,46.0,46.0,0.0,124.0,124.0,124.0,0.0,65.33,119.694,198.0,1.0,1.0,1.0,0.0,1.0,1.0,1.0,1.0,0.0,1.0,1.0,0,0,0,0,46.0,124.0,0,0,0,0,0,0,0,0,1.0,96.5,46.0,124.0,0,0,0,0,0,0,2,92,2,248,-1,-1,1,32,0.0,0.0,0.0,0.0,0.0,0.0,0.0,0.0
60459,53,17,60.0,168.0,30.0,30.0,30.0,0.0,84.0,84.0,84.0,0.0,58.33,99.011,170.0,3.0,4.0,4.0,0.0,4.0,4.0,3.0,3.0,0.0,3.0,3.0,0,0,0,0,30.0,84.0,0,0,0,0,0,0,0,0,1.0,64.5,30.0,84.0,0,0,0,0,0,0,2,60,2,168,-1,-1,1,32,0.0,0.0,0.0,0.0,0.0,0.0,0.0,0.0
52188,80,6,12.0,0.0,6.0,6.0,6.0,0.0,0.0,0.0,0.0,0.0,156.0,0.0,156.0,156.0,156.0,156.0,0.0,156.0,156.0,0.0,0.0,0.0,0.0,0.0,0,0,0,0,6.0,6.0,0,0,0,0,1,0,0,0,0.0,9.0,6.0,0.0,0,0,0,0,0,0,2,12,0,0,254,-1,1,20,0.0,0.0,0.0,0.0,0.0,0.0,0.0,0.0
58793,53,17,76.0,108.0,38.0,38.0,38.0,0.0,54.0,54.0,54.0,0.0,75.0,122.058,221.0,3.0,3.0,3.0,0.0,3.0,3.0,4.0,4.0,0.0,4.0,4.0,0,0,0,0,38.0,54.0,0,0,0,0,0,0,0,0,1.0,55.5,38.0,54.0,0,0,0,0,0,0,2,76,2,108,-1,-1,1,40,0.0,0.0,0.0,0.0,0.0,0.0,0.0,0.0
52425,443,6,0.0,0.0,0.0,0.0,0.0,0.0,0.0,0.0,0.0,0.0,1376.0,0.0,1376.0,1376.0,1376.0,1376.0,0.0,1376.0,1376.0,0.0,0.0,0.0,0.0,0.0,0,0,0,0,0.0,0.0,0,0,0,0,1,0,0,0,0.0,0.0,0.0,0.0,0,0,0,0,0,0,2,0,0,0,312,-1,0,32,0.0,0.0,0.0,0.0,0.0,0.0,0.0,0.0
49145,443,6,25069.0,9066.0,5177.0,0.0,743.7556,1213.3521,1413.0,0.0,272.21,436.575,169834.14,1143276.79,9926721.0,0.0,10807087.0,253363.38,1744387.085,9926721.0,1.0,10749023.0,387002.95,1785620.806,9933135.0,3.0,0,0,0,0,0.0,5177.0,0,0,0,1,0,0,0,0,1.0,793.5343,1743.7556,272.21,0,0,0,0,0,0,28,25069,22,9066,29200,269,16,32,1704946.0,0.0,1704946.0,1704946.0,9926741.0,0.0,9926721.0,9926741.0
22926,53,17,64.0,96.0,32.0,32.0,32.0,0.0,48.0,48.0,48.0,0.0,51.33,80.829,148.0,3.0,4.0,4.0,0.0,4.0,4.0,3.0,3.0,0.0,3.0,3.0,0,0,0,0,32.0,48.0,0,0,0,0,0,0,0,0,1.0,48.0,32.0,48.0,0,0,0,0,0,0,2,64,2,96,-1,-1,1,32,0.0,0.0,0.0,0.0,0.0,0.0,0.0,0.0
443,50095,6,37.0,0.0,37.0,0.0,18.5,26.163,0.0,0.0,0.0,0.0,3.0,0.0,3.0,3.0,3.0,3.0,0.0,3.0,3.0,0.0,0.0,0.0,0.0,0.0,1,0,0,0,0.0,37.0,0,1,0,0,1,0,0,0,0.0,37.0,18.5,0.0,0,0,0,0,0,0,2,37,0,0,118,-1,0,32,0.0,0.0,0.0,0.0,0.0,0.0,0.0,0.0
443,50334,6,0.0,0.0,0.0,0.0,0.0,0.0,0.0,0.0,0.0,0.0,40.0,0.0,40.0,40.0,0.0,0.0,0.0,0.0,0.0,0.0,0.0,0.0,0.0,0.0,0,0,0,0,0.0,0.0,0,0,0,0,1,1,0,0,1.0,0.0,0.0,0.0,0,0,0,0,0,0,1,0,1,0,392,32832,0,32,0.0,0.0,0.0,0.0,0.0,0.0,0.0,0.0
50884,53,17,88.0,120.0,44.0,44.0,44.0,0.0,60.0,60.0,60.0,0.0,48.0,76.27,138.0,3.0,3.0,3.0,0.0,3.0,3.0,4.0,4.0,0.0,4.0,4.0,0,0,0,0,44.0,60.0,0,0,0,0,0,0,0,0,1.0,63.0,44.0,60.0,0,0,0,0,0,0,2,88,2,120,-1,-1,1,20,0.0,0.0,0.0,0.0,0.0,0.0,0.0,0.0
64430,53,17,70.0,102.0,35.0,35.0,35.0,0.0,51.0,51.0,51.0,0.0,10271.66,17768.187,30808.0,3.0,3.0,3.0,0.0,3.0,3.0,4.0,4.0,0.0,4.0,4.0,0,0,0,0,35.0,51.0,0,0,0,0,0,0,0,0,1.0,51.75,35.0,51.0,0,0,0,0,0,0,2,70,2,102,-1,-1,1,20,0.0,0.0,0.0,0.0,0.0,0.0,0.0,0.0
443,57699,6,0.0,0.0,0.0,0.0,0.0,0.0,0.0,0.0,0.0,0.0,56.0,0.0,56.0,56.0,0.0,0.0,0.0,0.0,0.0,0.0,0.0,0.0,0.0,0.0,0,0,0,0,0.0,0.0,0,0,0,0,1,1,0,0,1.0,0.0,0.0,0.0,0,0,0,0,0,0,1,0,1,0,362,32832,0,32,0.0,0.0,0.0,0.0,0.0,0.0,0.0,0.0
6411,53,17,86.0,204.0,43.0,43.0,43.0,0.0,102.0,102.0,102.0,0.0,59.33,93.33,171.0,3.0,4.0,4.0,0.0,4.0,4.0,3.0,3.0,0.0,3.0,3.0,0,0,0,0,43.0,102.0,0,0,0,0,0,0,0,0,1.0,83.25,43.0,102.0,0,0,0,0,0,0,2,86,2,204,-1,-1,1,40,0.0,0.0,0.0,0.0,0.0,0.0,0.0,0.0
55157,443,6,955.0,3703.0,517.0,0.0,70.5385,156.6608,1448.0,0.0,331.9333,561.9471,2389348.23,4220052.274,10184740.0,39.0,60579407.0,4688092.05,5174318.423,10480035.0,168.0,60622470.0,5542630.14,5232712.334,10384361.0,213.0,0,0,0,0,0.0,1448.0,0,0,0,1,0,0,0,0,1.0,204.0667,70.5385,331.9333,0,0,0,0,0,0,13,955,15,3703,29200,23,3,32,110102.0,139920.622,344166.0,88209.0,10000767.0,241269.455,10184741.0,9000114.0
59175,443,6,6.0,0.0,6.0,6.0,6.0,0.0,0.0,0.0,0.0,0.0,3.0,0.0,3.0,3.0,3.0,3.0,0.0,3.0,3.0,0.0,0.0,0.0,0.0,0.0,0,0,0,0,0.0,6.0,1,0,0,0,0,0,0,0,0.0,6.0,6.0,0.0,0,0,0,0,0,0,2,6,0,0,0,-1,1,20,0.0,0.0,0.0,0.0,0.0,0.0,0.0,0.0
63769,53,17,64.0,160.0,32.0,32.0,32.0,0.0,80.0,80.0,80.0,0.0,10285.33,17895.489,30859.0,3.0,3.0,3.0,0.0,3.0,3.0,3.0,3.0,0.0,3.0,3.0,0,0,0,0,32.0,80.0,0,0,0,0,0,0,0,0,1.0,64.0,32.0,80.0,0,0,0,0,0,0,2,64,2,160,-1,-1,1,44,0.0,0.0,0.0,0.0,0.0,0.0,0.0,0.0
58555,53,17,58.0,506.0,29.0,29.0,29.0,0.0,253.0,253.0,253.0,0.0,10344.66,17921.458,31027.0,3.0,3.0,3.0,0.0,3.0,3.0,4.0,4.0,0.0,4.0,4.0,0,0,0,0,29.0,253.0,0,0,0,0,0,0,0,0,1.0,148.25,29.0,253.0,0,0,0,0,0,0,2,58,2,506,-1,-1,1,20,0.0,0.0,0.0,0.0,0.0,0.0,0.0,0.0
59460,53,17,64.0,117.0,64.0,64.0,64.0,0.0,117.0,117.0,117.0,0.0,408.0,0.0,408.0,408.0,0.0,0.0,0.0,0.0,0.0,0.0,0.0,0.0,0.0,0.0,0,0,0,0,64.0,117.0,0,0,0,0,0,0,0,0,1.0,122.5,64.0,117.0,0,0,0,0,0,0,1,64,1,117,-1,-1,0,32,0.0,0.0,0.0,0.0,0.0,0.0,0.0,0.0
54095,53,17,80.0,112.0,40.0,40.0,40.0,0.0,56.0,56.0,56.0,0.0,47.33,73.613,136.0,3.0,3.0,3.0,0.0,3.0,3.0,3.0,3.0,0.0,3.0,3.0,0,0,0,0,40.0,56.0,0,0,0,0,0,0,0,0,1.0,58.0,40.0,56.0,0,0,0,0,0,0,2,80,2,112,-1,-1,1,32,0.0,0.0,0.0,0.0,0.0,0.0,0.0,0.0
61493,53,17,60.0,344.0,30.0,30.0,30.0,0.0,172.0,172.0,172.0,0.0,20332.66,35231.57,61092.0,3.0,3.0,3.0,0.0,3.0,3.0,3.0,3.0,0.0,3.0,3.0,0,0,0,0,30.0,172.0,0,0,0,0,0,0,0,0,1.0,108.5,30.0,172.0,0,0,0,0,0,0,2,60,2,344,-1,-1,1,32,0.0,0.0,0.0,0.0,0.0,0.0,0.0,0.0
443,56992,6,0.0,0.0,0.0,0.0,0.0,0.0,0.0,0.0,0.0,0.0,3.0,0.0,3.0,3.0,3.0,3.0,0.0,3.0,3.0,0.0,0.0,0.0,0.0,0.0,0,0,0,0,0.0,0.0,0,0,0,0,1,0,0,0,0.0,0.0,0.0,0.0,0,0,0,0,0,0,2,0,0,0,5520,-1,0,32,0.0,0.0,0.0,0.0,0.0,0.0,0.0,0.0
3008,443,6,345.0,4882.0,198.0,0.0,36.7778,70.4957,1460.0,0.0,688.2857,651.6923,401750.15,1425405.571,5354675.0,3.0,5610580.0,758243.75,2051306.116,5354675.0,3.0,124907.0,22482.83,35731.715,73834.0,48.0,0,0,0,0,0.0,1460.0,0,0,0,1,0,0,0,0,0.0,311.2625,36.7778,688.2857,0,0,0,0,0,0,9,345,7,4882,8192,25,8,20,297105.0,0.0,297105.0,297105.0,5354667.0,0.0,5354677.0,5354667.0
2250,443,6,980.0,4699.0,453.0,0.0,78.5385,133.166,1755.0,0.0,519.875,712.5975,7497.85,11342.915,25311.0,4.0,100102.0,16167.66,18551.777,25391.0,4.0,104302.0,16920.28,17667.043,46769.0,219.0,0,0,0,0,0.0,1755.0,0,0,0,1,0,0,0,0,0.0,244.7905,78.5385,519.875,0,0,0,0,0,0,13,980,8,4699,65535,122,6,32,0.0,0.0,0.0,0.0,0.0,0.0,0.0,0.0
52501,53,17,56.0,500.0,28.0,28.0,28.0,0.0,250.0,250.0,250.0,0.0,8066.33,13926.905,24193.0,4.0,4.0,4.0,0.0,4.0,4.0,4.0,4.0,0.0,4.0,4.0,0,0,0,0,28.0,250.0,0,0,0,0,0,0,0,0,1.0,141.0,28.0,250.0,0,0,0,0,0,0,2,56,2,500,-1,-1,1,20,0.0,0.0,0.0,0.0,0.0,0.0,0.0,0.0
443,63090,6,37.0,0.0,37.0,0.0,18.5,26.163,0.0,0.0,0.0,0.0,4.0,0.0,4.0,4.0,4.0,4.0,0.0,4.0,4.0,0.0,0.0,0.0,0.0,0.0,1,0,0,0,0.0,37.0,0,1,0,0,1,0,0,0,0.0,37.0,18.5,0.0,0,0,0,0,0,0,2,37,0,0,116,-1,0,32,0.0,0.0,0.0,0.0,0.0,0.0,0.0,0.0
443,51806,6,12.0,0.0,6.0,6.0,6.0,0.0,0.0,0.0,0.0,0.0,225.0,0.0,225.0,225.0,225.0,225.0,0.0,225.0,225.0,0.0,0.0,0.0,0.0,0.0,0,0,0,0,6.0,6.0,0,0,0,0,1,0,0,0,0.0,9.0,6.0,0.0,0,0,0,0,0,0,2,12,0,0,4767,-1,1,20,0.0,0.0,0.0,0.0,0.0,0.0,0.0,0.0
53794,80,6,1286.0,568.0,1206.0,0.0,257.3333,529.667,588.0,0.0,184.6667,333.8455,7153.0,11262.226,23491.0,62.0,46855.0,11927.5,16470.645,25001.0,348.0,23514.0,14771.0,14369.097,23360.0,269.0,0,0,0,0,0.0,1206.0,0,0,0,1,0,0,0,0,0.0,225.7,257.3333,184.6667,0,0,0,0,0,0,6,1286,3,568,65535,29,1,32,0.0,0.0,0.0,0.0,0.0,0.0,0.0,0.0
123,123,17,96.0,96.0,48.0,48.0,48.0,0.0,48.0,48.0,48.0,0.0,22669464.66,38311582.876,65934846.0,87083.0,66998176.0,66998176.0,0.0,66998176.0,66998176.0,66994096.0,66994096.0,0.0,65994096.0,66994096.0,0,0,0,0,48.0,48.0,0,0,0,0,0,0,0,0,1.0,60.0,48.0,48.0,0,0,0,0,0,0,2,96,2,96,-1,-1,1,20,24068.0,0.0,24068.0,24068.0,65934891.0,0.0,65934841.0,65934891.0
443,57807,6,6.0,6.0,6.0,6.0,6.0,0.0,6.0,6.0,6.0,0.0,71.0,0.0,71.0,71.0,0.0,0.0,0.0,0.0,0.0,0.0,0.0,0.0,0.0,0.0,0,0,0,0,6.0,6.0,0,0,0,0,1,1,0,0,1.0,9.0,6.0,6.0,0,0,0,0,0,0,1,6,1,6,31088,63414,0,20,0.0,0.0,0.0,0.0,0.0,0.0,0.0,0.0
55752,53,17,74.0,178.0,37.0,37.0,37.0,0.0,89.0,89.0,89.0,0.0,8022.33,13872.991,24061.0,3.0,3.0,3.0,0.0,3.0,3.0,3.0,3.0,0.0,3.0,3.0,0,0,0,0,37.0,89.0,0,0,0,0,0,0,0,0,1.0,72.25,37.0,89.0,0,0,0,0,0,0,2,74,2,178,-1,-1,1,32,0.0,0.0,0.0,0.0,0.0,0.0,0.0,0.0
57040,443,6,29.0,0.0,29.0,0.0,7.25,14.5,0.0,0.0,0.0,0.0,12668.0,22277.342,38251.0,1.0,38335.0,12778.66,24816.205,38281.0,1.0,0.0,0.0,0.0,0.0,0.0,0,0,0,0,0.0,29.0,0,0,0,0,1,0,0,0,0.0,7.25,7.25,0.0,0,0,0,0,0,0,4,29,0,0,33061,-1,1,32,0.0,0.0,0.0,0.0,0.0,0.0,0.0,0.0
123,123,17,48.0,48.0,48.0,48.0,48.0,0.0,48.0,48.0,48.0,0.0,22308.0,0.0,22308.0,22308.0,0.0,0.0,0.0,0.0,0.0,0.0,0.0,0.0,0.0,0.0,0,0,0,0,48.0,48.0,0,0,0,0,0,0,0,0,1.0,72.0,48.0,48.0,0,0,0,0,0,0,1,48,1,48,-1,-1,0,20,0.0,0.0,0.0,0.0,0.0,0.0,0.0,0.0
443,56138,6,0.0,12.0,0.0,0.0,0.0,0.0,6.0,6.0,6.0,0.0,25120.66,50001.58,80149.0,1.0,80240.0,80240.0,0.0,80240.0,80240.0,1.0,1.0,0.0,1.0,1.0,0,0,0,0,0.0,6.0,0,0,0,0,1,0,0,0,1.0,3.0,0.0,6.0,0,0,0,0,0,0,2,0,2,12,118,0,0,32,0.0,0.0,0.0,0.0,0.0,0.0,0.0,0.0
61997,53,17,96.0,186.0,48.0,48.0,48.0,0.0,93.0,93.0,93.0,0.0,52.66,86.027,152.0,3.0,3.0,3.0,0.0,3.0,3.0,4.0,4.0,0.0,4.0,4.0,0,0,0,0,48.0,93.0,0,0,0,0,0,0,0,0,1.0,82.5,48.0,93.0,0,0,0,0,0,0,2,96,2,186,-1,-1,1,32,0.0,0.0,0.0,0.0,0.0,0.0,0.0,0.0
58418,53,17,140.0,454.0,35.0,35.0,35.0,0.0,117.0,117.0,117.0,0.0,4451.71,11956.792,31077.0,3.0,31063.0,10321.0,18268.794,31057.0,3.0,3526.0,4546.33,1889.749,2520.0,4.0,0,0,0,0,35.0,117.0,0,0,0,0,0,0,0,0,1.0,71.125,35.0,117.0,0,0,0,0,0,0,4,140,4,454,-1,-1,3,20,0.0,0.0,0.0,0.0,0.0,0.0,0.0,0.0
443,1488,6,6.0,6.0,6.0,6.0,6.0,0.0,6.0,6.0,6.0,0.0,68.0,0.0,68.0,68.0,0.0,0.0,0.0,0.0,0.0,0.0,0.0,0.0,0.0,0.0,0,0,0,0,6.0,6.0,0,0,0,0,1,1,0,0,1.0,9.0,6.0,6.0,0,0,0,0,0,0,1,6,1,6,105,256,0,20,0.0,0.0,0.0,0.0,0.0,0.0,0.0,0.0
28358,53,17,76.0,172.0,38.0,38.0,38.0,0.0,86.0,86.0,86.0,0.0,46229.33,81124.695,148683.0,4.0,4.0,4.0,0.0,4.0,4.0,47.0,47.0,0.0,47.0,47.0,0,0,0,0,38.0,86.0,0,0,0,0,0,0,0,0,1.0,71.5,38.0,86.0,0,0,0,0,0,0,2,76,2,172,-1,-1,1,32,0.0,0.0,0.0,0.0,0.0,0.0,0.0,0.0
6174,53,17,88.0,240.0,44.0,44.0,44.0,0.0,120.0,120.0,120.0,0.0,20480.33,35451.49,61499.0,3.0,49.0,49.0,0.0,49.0,49.0,3.0,3.0,0.0,3.0,3.0,0,0,0,0,44.0,120.0,0,0,0,0,0,0,0,0,1.0,93.0,44.0,120.0,0,0,0,0,0,0,2,88,2,240,-1,-1,1,20,0.0,0.0,0.0,0.0,0.0,0.0,0.0,0.0
443,58430,6,0.0,0.0,0.0,0.0,0.0,0.0,0.0,0.0,0.0,0.0,24.0,33.933,48.0,3.0,3.0,3.0,0.0,3.0,3.0,0.0,0.0,0.0,0.0,0.0,0,0,0,0,0.0,0.0,0,0,0,0,1,1,0,0,0.0,0.0,0.0,0.0,0,0,0,0,0,0,2,0,1,0,357,32832,0,32,0.0,0.0,0.0,0.0,0.0,0.0,0.0,0.0
58617,443,6,898.0,3140.0,549.0,0.0,89.6667,178.0309,1492.0,0.0,317.5,587.8838,7483.35,10819.973,29926.0,1.0,165273.0,11694.81,19654.134,20096.0,1.0,64858.0,13762.11,18323.726,30992.0,1.0,0,0,0,0,0.0,1492.0,0,0,0,1,0,0,0,0,0.0,180.5,89.6667,317.5,0,0,0,0,0,0,12,898,8,3140,65535,114,6,32,0.0,0.0,0.0,0.0,0.0,0.0,0.0,0.0
57537,53,17,90.0,122.0,45.0,45.0,45.0,0.0,61.0,61.0,61.0,0.0,68.0,72.376,143.0,4.0,4.0,4.0,0.0,4.0,4.0,48.0,48.0,0.0,48.0,48.0,0,0,0,0,45.0,61.0,0,0,0,0,0,0,0,0,1.0,64.25,45.0,61.0,0,0,0,0,0,0,2,90,2,122,-1,-1,1,20,0.0,0.0,0.0,0.0,0.0,0.0,0.0,0.0
443,51729,6,6.0,6.0,6.0,6.0,6.0,0.0,6.0,6.0,6.0,0.0,115.0,0.0,115.0,115.0,0.0,0.0,0.0,0.0,0.0,0.0,0.0,0.0,0.0,0.0,0,0,0,0,6.0,6.0,0,0,0,0,1,1,0,0,1.0,9.0,6.0,6.0,0,0,0,0,0,0,1,6,1,6,60,255,0,20,0.0,0.0,0.0,0.0,0.0,0.0,0.0,0.0
58838,80,6,12.0,0.0,6.0,0.0,4.0,3.4641,0.0,0.0,0.0,0.0,1957890.33,3278586.907,5921727.0,25.0,5964390.0,2982195.0,4244767.251,5921727.0,23876.0,0.0,0.0,0.0,0.0,0.0,0,0,0,0,0.0,6.0,0,0,0,1,0,0,0,0,0.0,3.0,4.0,0.0,0,0,0,0,0,0,3,12,1,0,8192,26883,2,20,0.0,0.0,0.0,0.0,0.0,0.0,0.0,0.0
56104,443,6,705.0,4477.0,469.0,0.0,55.5,131.0221,1418.0,0.0,487.375,611.7826,10136.45,15984.802,36098.0,1.0,193960.0,17910.84,18304.204,38251.0,3.0,131159.0,11786.85,29504.699,58821.0,1.0,0,0,0,0,0.0,1418.0,0,0,0,1,0,0,0,0,0.0,212.3617,55.5,487.375,0,0,0,0,0,0,14,705,8,4477,65535,349,6,32,0.0,0.0,0.0,0.0,0.0,0.0,0.0,0.0
51237,80,6,12.0,0.0,6.0,6.0,6.0,0.0,0.0,0.0,0.0,0.0,143349.0,0.0,143349.0,143349.0,143349.0,143349.0,0.0,143349.0,143349.0,0.0,0.0,0.0,0.0,0.0,0,0,0,0,6.0,6.0,0,0,0,0,1,0,0,0,0.0,9.0,6.0,0.0,0,0,0,0,0,0,2,12,0,0,16425,-1,1,20,0.0,0.0,0.0,0.0,0.0,0.0,0.0,0.0
443,38936,6,0.0,0.0,0.0,0.0,0.0,0.0,0.0,0.0,0.0,0.0,28.0,0.0,28.0,28.0,0.0,0.0,0.0,0.0,0.0,0.0,0.0,0.0,0.0,0.0,0,0,0,0,0.0,0.0,0,0,0,0,1,0,0,0,1.0,0.0,0.0,0.0,0,0,0,0,0,0,1,0,1,0,349,403,0,32,0.0,0.0,0.0,0.0,0.0,0.0,0.0,0.0
51859,53,17,68.0,158.0,34.0,34.0,34.0,0.0,79.0,79.0,79.0,0.0,20522.33,35537.26,61560.0,2.0,3.0,3.0,0.0,3.0,3.0,2.0,2.0,0.0,2.0,2.0,0,0,0,0,34.0,79.0,0,0,0,0,0,0,0,0,1.0,65.0,34.0,79.0,0,0,0,0,0,0,2,68,2,158,-1,-1,1,20,0.0,0.0,0.0,0.0,0.0,0.0,0.0,0.0
443,63573,6,0.0,0.0,0.0,0.0,0.0,0.0,0.0,0.0,0.0,0.0,77.0,0.0,77.0,77.0,0.0,0.0,0.0,0.0,0.0,0.0,0.0,0.0,0.0,0.0,0,0,0,0,0.0,0.0,0,0,0,0,1,0,0,0,1.0,0.0,0.0,0.0,0,0,0,0,0,0,1,0,1,0,357,32832,0,32,0.0,0.0,0.0,0.0,0.0,0.0,0.0,0.0
50396,80,6,12.0,0.0,6.0,0.0,4.0,3.4641,0.0,0.0,0.0,0.0,1873919.66,3021757.032,5375200.0,110.0,5429967.0,2714983.5,3787726.927,5375200.0,15187.0,0.0,0.0,0.0,0.0,0.0,0,0,0,0,0.0,6.0,0,0,0,1,0,0,0,0,0.0,3.0,4.0,0.0,0,0,0,0,0,0,3,12,1,0,8192,29200,2,20,0.0,0.0,0.0,0.0,0.0,0.0,0.0,0.0
17292,53,17,52.0,226.0,26.0,26.0,26.0,0.0,113.0,113.0,113.0,0.0,64.66,103.545,189.0,1.0,1.0,1.0,0.0,1.0,1.0,1.0,1.0,0.0,1.0,1.0,0,0,0,0,26.0,113.0,0,0,0,0,0,0,0,0,1.0,78.0,26.0,113.0,0,0,0,0,0,0,2,52,2,226,-1,-1,1,20,0.0,0.0,0.0,0.0,0.0,0.0,0.0,0.0
61944,53,17,43.0,159.0,43.0,43.0,43.0,0.0,159.0,159.0,159.0,0.0,91048.0,0.0,91048.0,91048.0,0.0,0.0,0.0,0.0,0.0,0.0,0.0,0.0,0.0,0.0,0,0,0,0,43.0,159.0,0,0,0,0,0,0,0,0,1.0,122.5,43.0,159.0,0,0,0,0,0,0,1,43,1,159,-1,-1,0,44,0.0,0.0,0.0,0.0,0.0,0.0,0.0,0.0
57521,445,6,1807.0,3956.0,378.0,0.0,88.1538,90.0065,1430.0,0.0,190.5,405.2052,51864.34,105421.809,703346.0,1.0,1547896.0,95873.25,172782.414,703308.0,217.0,1548690.0,81924.28,124739.189,763989.0,1.0,0,0,0,0,0.0,1430.0,0,0,0,1,0,0,0,0,1.0,146.2527,88.1538,190.5,0,0,0,0,0,0,13,1807,24,3956,8192,175,12,20,0.0,0.0,0.0,0.0,0.0,0.0,0.0,0.0
49860,443,6,12.0,0.0,6.0,6.0,6.0,0.0,0.0,0.0,0.0,0.0,48.0,0.0,48.0,48.0,48.0,48.0,0.0,48.0,48.0,0.0,0.0,0.0,0.0,0.0,0,0,0,0,6.0,6.0,1,0,0,0,0,0,0,0,0.0,9.0,6.0,0.0,0,0,0,0,0,0,2,12,0,0,0,-1,1,20,0.0,0.0,0.0,0.0,0.0,0.0,0.0,0.0
53564,80,6,0.0,0.0,0.0,0.0,0.0,0.0,0.0,0.0,0.0,0.0,105456.0,0.0,105456.0,105456.0,0.0,0.0,0.0,0.0,0.0,0.0,0.0,0.0,0.0,0.0,0,0,0,0,0.0,0.0,0,0,0,0,1,1,0,0,1.0,0.0,0.0,0.0,0,0,0,0,0,0,1,0,1,0,237,239,0,32,0.0,0.0,0.0,0.0,0.0,0.0,0.0,0.0
80,50305,6,0.0,0.0,0.0,0.0,0.0,0.0,0.0,0.0,0.0,0.0,47.0,0.0,47.0,47.0,0.0,0.0,0.0,0.0,0.0,0.0,0.0,0.0,0.0,0.0,0,0,0,0,0.0,0.0,0,0,0,0,1,1,0,0,1.0,0.0,0.0,0.0,0,0,0,0,0,0,1,0,1,0,51,33304,0,32,0.0,0.0,0.0,0.0,0.0,0.0,0.0,0.0
62447,53,17,51.0,105.0,51.0,51.0,51.0,0.0,105.0,105.0,105.0,0.0,121742.0,0.0,121742.0,121742.0,0.0,0.0,0.0,0.0,0.0,0.0,0.0,0.0,0.0,0.0,0,0,0,0,51.0,105.0,0,0,0,0,0,0,0,0,1.0,103.5,51.0,105.0,0,0,0,0,0,0,1,51,1,105,-1,-1,0,32,0.0,0.0,0.0,0.0,0.0,0.0,0.0,0.0
62357,53,17,45.0,212.0,45.0,45.0,45.0,0.0,212.0,212.0,212.0,0.0,61141.0,0.0,61141.0,61141.0,0.0,0.0,0.0,0.0,0.0,0.0,0.0,0.0,0.0,0.0,0,0,0,0,45.0,212.0,0,0,0,0,0,0,0,0,1.0,151.0,45.0,212.0,0,0,0,0,0,0,1,45,1,212,-1,-1,0,32,0.0,0.0,0.0,0.0,0.0,0.0,0.0,0.0
57707,443,6,352.0,3782.0,208.0,0.0,58.6667,87.8605,1460.0,0.0,630.3333,677.2171,23673.36,39668.994,87166.0,40.0,265983.0,53794.6,46405.875,85799.0,90.0,179168.0,35244.6,46987.332,87595.0,49.0,0,0,0,0,0.0,1460.0,0,0,0,1,0,0,0,0,1.0,344.5,58.6667,630.3333,0,0,0,0,0,0,6,352,6,3782,8192,60,5,20,0.0,0.0,0.0,0.0,0.0,0.0,0.0,0.0
56070,443,6,12.0,0.0,6.0,6.0,6.0,0.0,0.0,0.0,0.0,0.0,696.0,0.0,696.0,696.0,696.0,696.0,0.0,696.0,696.0,0.0,0.0,0.0,0.0,0.0,0,0,0,0,6.0,6.0,0,0,0,0,1,0,0,0,0.0,9.0,6.0,0.0,0,0,0,0,0,0,2,12,0,0,16167,-1,1,20,0.0,0.0,0.0,0.0,0.0,0.0,0.0,0.0
58233,53,17,74.0,178.0,37.0,37.0,37.0,0.0,89.0,89.0,89.0,0.0,61.66,95.594,176.0,4.0,4.0,4.0,0.0,4.0,4.0,4.0,4.0,0.0,4.0,4.0,0,0,0,0,37.0,89.0,0,0,0,0,0,0,0,0,1.0,72.25,37.0,89.0,0,0,0,0,0,0,2,74,2,178,-1,-1,1,32,0.0,0.0,0.0,0.0,0.0,0.0,0.0,0.0
6952,443,6,135.0,46.0,46.0,6.0,27.0,20.1246,46.0,46.0,46.0,0.0,839239.8,1558719.628,3858583.0,4.0,4181797.0,1045191.25,1869394.032,3858583.0,4.0,0.0,0.0,0.0,0.0,0.0,1,0,0,0,6.0,46.0,0,1,0,0,1,0,0,0,0.0,37.8333,27.0,46.0,0,0,0,0,0,0,5,135,1,46,258,380,4,20,0.0,0.0,0.0,0.0,0.0,0.0,0.0,0.0
60759,53,17,38.0,106.0,38.0,38.0,38.0,0.0,106.0,106.0,106.0,0.0,94384.0,0.0,94384.0,94384.0,0.0,0.0,0.0,0.0,0.0,0.0,0.0,0.0,0.0,0.0,0,0,0,0,38.0,106.0,0,0,0,0,0,0,0,0,1.0,91.0,38.0,106.0,0,0,0,0,0,0,1,38,1,106,-1,-1,0,40,0.0,0.0,0.0,0.0,0.0,0.0,0.0,0.0
34854,443,6,1311.0,2117.0,641.0,0.0,55.0375,153.2759,1458.0,0.0,225.75,427.4354,2802322.27,4519034.818,10020039.0,3.0,116972682.0,5523912.89,4943843.518,10065914.0,3.0,110681221.0,6503684.23,5036033.29,10068103.0,204.0,0,0,0,0,0.0,1458.0,0,0,0,1,0,0,0,0,0.0,133.2,55.0375,225.75,0,0,0,0,0,0,23,1311,18,2117,29200,5368,5,32,83644.91,138422.487,964640.0,47861.0,10020696.41,9434.363,10020038.0,9999109.0
61491,53,17,67.0,139.0,67.0,67.0,67.0,0.0,139.0,139.0,139.0,0.0,30918.0,0.0,30918.0,30918.0,0.0,0.0,0.0,0.0,0.0,0.0,0.0,0.0,0.0,0.0,0,0,0,0,67.0,139.0,0,0,0,0,0,0,0,0,1.0,136.5,67.0,139.0,0,0,0,0,0,0,1,67,1,139,-1,-1,0,32,0.0,0.0,0.0,0.0,0.0,0.0,0.0,0.0
48756,443,6,764.0,747.0,526.0,0.0,46.2941,134.096,641.0,0.0,49.4,193.4021,3485185.31,4682594.656,10039636.0,3.0,116029826.0,6806189.15,4641826.887,10084013.0,3.0,111747712.0,7093592.5,4904262.669,10080267.0,203.0,0,0,0,0,0.0,641.0,0,0,0,1,0,0,0,0,0.0,43.4036,46.2941,49.4,0,0,0,0,0,0,21,764,15,747,29200,349,4,32,132392.81,393692.909,1402896.0,36769.0,10008068.36,9364.383,10039636.0,9999063.0
57890,53,17,78.0,284.0,39.0,39.0,39.0,0.0,142.0,142.0,142.0,0.0,69649.0,119285.599,197890.0,1.0,1.0,1.0,0.0,1.0,1.0,4.0,4.0,0.0,4.0,4.0,0,0,0,0,39.0,142.0,0,0,0,0,0,0,0,0,1.0,90.25,39.0,142.0,0,0,0,0,0,0,2,78,2,284,-1,-1,1,32,0.0,0.0,0.0,0.0,0.0,0.0,0.0,0.0
443,49937,6,6.0,6.0,6.0,6.0,6.0,0.0,6.0,6.0,6.0,0.0,15.0,0.0,15.0,15.0,0.0,0.0,0.0,0.0,0.0,0.0,0.0,0.0,0.0,0.0,0,0,0,0,6.0,6.0,0,0,0,0,1,1,0,0,1.0,9.0,6.0,6.0,0,0,0,0,0,0,1,6,1,6,60,255,0,20,0.0,0.0,0.0,0.0,0.0,0.0,0.0,0.0
443,62225,6,12.0,6.0,6.0,6.0,6.0,0.0,6.0,6.0,6.0,0.0,1.5,2.121,2.0,0.0,1.0,1.0,0.0,1.0,1.0,0.0,0.0,0.0,0.0,0.0,0,0,0,0,6.0,6.0,0,0,0,0,1,1,0,0,0.0,8.0,6.0,6.0,0,0,0,0,0,0,2,12,1,6,32,32850,1,20,0.0,0.0,0.0,0.0,0.0,0.0,0.0,0.0
61106,53,17,76.0,354.0,38.0,38.0,38.0,0.0,177.0,177.0,177.0,0.0,32261.66,55860.518,96774.0,3.0,3.0,3.0,0.0,3.0,3.0,4.0,4.0,0.0,4.0,4.0,0,0,0,0,38.0,177.0,0,0,0,0,0,0,0,0,1.0,117.0,38.0,177.0,0,0,0,0,0,0,2,76,2,354,-1,-1,1,44,0.0,0.0,0.0,0.0,0.0,0.0,0.0,0.0
61399,53,17,45.0,77.0,45.0,45.0,45.0,0.0,77.0,77.0,77.0,0.0,31393.0,0.0,31393.0,31393.0,0.0,0.0,0.0,0.0,0.0,0.0,0.0,0.0,0.0,0.0,0,0,0,0,45.0,77.0,0,0,0,0,0,0,0,0,1.0,83.5,45.0,77.0,0,0,0,0,0,0,1,45,1,77,-1,-1,0,32,0.0,0.0,0.0,0.0,0.0,0.0,0.0,0.0
57662,443,6,704.0,1327.0,453.0,0.0,70.4,142.9399,1189.0,0.0,265.4,519.7546,27780.28,46536.433,103957.0,4.0,386875.0,31498.88,53579.373,103906.0,48.0,288233.0,79858.75,50975.964,134449.0,4.0,0,0,0,0,0.0,1189.0,0,0,0,1,0,0,0,0,0.0,135.4,70.4,265.4,0,0,0,0,0,0,10,704,5,1327,65535,65,5,32,0.0,0.0,0.0,0.0,0.0,0.0,0.0,0.0
62467,53,17,71.0,83.0,71.0,71.0,71.0,0.0,83.0,83.0,83.0,0.0,23444.0,0.0,23444.0,23444.0,0.0,0.0,0.0,0.0,0.0,0.0,0.0,0.0,0.0,0.0,0,0,0,0,71.0,83.0,0,0,0,0,0,0,0,0,1.0,92.5,71.0,83.0,0,0,0,0,0,0,1,71,1,83,-1,-1,0,20,0.0,0.0,0.0,0.0,0.0,0.0,0.0,0.0
14216,53,17,70.0,102.0,35.0,35.0,35.0,0.0,51.0,51.0,51.0,0.0,16261.33,28135.218,48778.0,3.0,3.0,3.0,0.0,3.0,3.0,3.0,3.0,0.0,3.0,3.0,0,0,0,0,35.0,51.0,0,0,0,0,0,0,0,0,1.0,51.75,35.0,51.0,0,0,0,0,0,0,2,70,2,102,-1,-1,1,20,0.0,0.0,0.0,0.0,0.0,0.0,0.0,0.0
56280,53,17,50.0,340.0,25.0,25.0,25.0,0.0,170.0,170.0,170.0,0.0,20376.33,35297.473,61117.0,3.0,3.0,3.0,0.0,3.0,3.0,4.0,4.0,0.0,4.0,4.0,0,0,0,0,25.0,170.0,0,0,0,0,0,0,0,0,1.0,106.75,25.0,170.0,0,0,0,0,0,0,2,50,2,340,-1,-1,1,20,0.0,0.0,0.0,0.0,0.0,0.0,0.0,0.0
123,123,17,96.0,96.0,48.0,48.0,48.0,0.0,48.0,48.0,48.0,0.0,22340060.0,38695722.76,66959923.0,28980.0,67000990.0,67000990.0,0.0,67000990.0,67000990.0,68000258.0,68000258.0,0.0,67000258.0,68000258.0,0,0,0,0,48.0,48.0,0,0,0,0,0,0,0,0,1.0,60.0,48.0,48.0,0,0,0,0,0,0,2,96,2,96,-1,-1,1,20,77344.0,0.0,77344.0,77344.0,66959917.0,0.0,66959917.0,66959917.0
61493,53,17,56.0,121.0,56.0,56.0,56.0,0.0,121.0,121.0,121.0,0.0,48774.0,0.0,48774.0,48774.0,0.0,0.0,0.0,0.0,0.0,0.0,0.0,0.0,0.0,0.0,0,0,0,0,56.0,121.0,0,0,0,0,0,0,0,0,1.0,116.5,56.0,121.0,0,0,0,0,0,0,1,56,1,121,-1,-1,0,32,0.0,0.0,0.0,0.0,0.0,0.0,0.0,0.0
55756,80,6,834.0,1492.0,434.0,0.0,47.0,144.0407,746.0,0.0,99.4667,262.6919,3697296.66,4873688.941,10028969.0,44.0,116121466.0,6588609.23,4716921.805,10047920.0,3510.0,110594422.0,7997779.84,4237359.225,10048685.0,20212.0,0,0,0,0,0.0,746.0,0,0,0,1,0,0,0,0,0.0,71.4611,47.0,99.4667,0,0,0,0,0,0,18,834,15,1492,29200,349,2,32,59797.36,123823.062,678227.0,23526.0,10022055.81,6539.554,10028964.0,9994793.0
51823,443,6,2355.0,4764.0,1405.0,0.0,375.1667,602.5305,1460.0,0.0,440.5455,616.3719,7241.66,10323.255,23455.0,48.0,51791.0,17536.2,11371.702,24234.0,196.0,64038.0,8001.2,13070.292,34408.0,48.0,0,0,0,0,0.0,1465.0,0,0,0,1,0,0,0,0,1.0,412.8364,375.1667,440.5455,0,0,0,0,0,0,6,2355,6,4764,8192,7092,5,20,0.0,0.0,0.0,0.0,0.0,0.0,0.0,0.0
62398,53,17,58.0,145.0,29.0,29.0,29.0,0.0,75.0,75.0,75.0,0.0,57.33,95.85,169.0,3.0,3.0,3.0,0.0,3.0,3.0,3.0,3.0,0.0,3.0,3.0,0,0,0,0,29.0,75.0,0,0,0,0,0,0,0,0,1.0,59.25,29.0,75.0,0,0,0,0,0,0,2,58,2,145,-1,-1,1,20,0.0,0.0,0.0,0.0,0.0,0.0,0.0,0.0
37777,443,6,971.0,4720.0,242.0,0.0,68.8333,82.8451,1460.0,0.0,364.3077,573.2726,4525004.46,16201995.519,58382386.0,1.0,117838088.0,9153334.28,22620935.061,58384386.0,4.0,117597583.0,9775505.75,21107064.171,58452084.0,1.0,0,0,0,0,0.0,1460.0,0,0,0,1,0,0,0,0,0.0,203.0697,68.8333,364.3077,0,0,0,0,0,0,15,971,13,4720,29200,127,16,20,671868.5,743438.174,1311197.0,82806.0,58196846.5,1001.966,58382381.0,58122603.0
49461,53,17,60.0,264.0,30.0,30.0,30.0,0.0,132.0,132.0,132.0,0.0,70.66,117.215,204.0,1.0,1.0,1.0,0.0,1.0,1.0,3.0,3.0,0.0,3.0,3.0,0,0,0,0,30.0,132.0,0,0,0,0,0,0,0,0,1.0,88.5,30.0,132.0,0,0,0,0,0,0,2,60,2,264,-1,-1,1,44,0.0,0.0,0.0,0.0,0.0,0.0,0.0,0.0
51811,443,6,12.0,0.0,6.0,6.0,6.0,0.0,0.0,0.0,0.0,0.0,354.0,0.0,354.0,354.0,354.0,354.0,0.0,354.0,354.0,0.0,0.0,0.0,0.0,0.0,0,0,0,0,6.0,6.0,0,0,0,0,1,0,0,0,0.0,9.0,6.0,0.0,0,0,0,0,0,0,2,12,0,0,253,-1,1,20,0.0,0.0,0.0,0.0,0.0,0.0,0.0,0.0
58320,22,6,2664.0,6718.0,456.0,0.0,64.9756,109.8646,976.0,0.0,158.0455,319.1252,16489.33,108317.77,954074.0,0.0,1425916.0,35066.61,158842.454,992244.0,1.0,470823.0,11049.6,28087.535,205275.0,1.0,0,0,0,0,0.0,976.0,0,0,0,1,0,0,0,0,1.0,113.8795,64.9756,158.0455,0,0,0,0,0,0,41,2664,44,6718,8192,245,34,20,0.0,0.0,0.0,0.0,0.0,0.0,0.0,0.0
40761,80,6,437.0,859.0,437.0,0.0,145.6667,252.3021,859.0,0.0,214.75,429.5,8329.33,11774.574,23748.0,4.0,26670.0,13335.0,17163.045,23678.0,6952.0,24294.0,8411.33,13507.975,23887.0,4.0,0,0,0,0,0.0,859.0,0,0,0,1,0,0,0,0,1.0,185.1429,145.6667,214.75,0,0,0,0,0,0,3,437,4,859,29200,31,1,32,0.0,0.0,0.0,0.0,0.0,0.0,0.0,0.0
56153,443,6,65.0,0.0,53.0,6.0,21.6667,27.1355,0.0,0.0,0.0,0.0,75.5,82.397,142.0,4.0,215.0,107.5,141.019,212.0,4.0,0.0,0.0,0.0,0.0,0.0,0,0,0,0,6.0,53.0,0,0,0,0,1,0,0,0,0.0,23.6667,21.6667,0.0,0,0,0,0,0,0,3,65,0,0,64247,-1,2,20,0.0,0.0,0.0,0.0,0.0,0.0,0.0,0.0
443,54923,6,12.0,0.0,6.0,6.0,6.0,0.0,0.0,0.0,0.0,0.0,971.0,0.0,971.0,971.0,971.0,971.0,0.0,971.0,971.0,0.0,0.0,0.0,0.0,0.0,0,0,0,0,6.0,6.0,0,0,0,0,1,0,0,0,0.0,9.0,6.0,0.0,0,0,0,0,0,0,2,12,0,0,130,-1,1,20,0.0,0.0,0.0,0.0,0.0,0.0,0.0,0.0
35749,443,6,8528.0,12745.0,1520.0,0.0,262.2308,529.7083,2275.0,0.0,450.7059,794.531,2481187.69,4287646.247,10024706.0,3.0,118669809.0,4940463.47,4916962.185,10048008.0,3.0,118635175.0,4928261.21,5125095.026,10051195.0,47.0,0,0,0,0,0.0,2270.0,0,0,0,1,0,0,0,0,0.0,325.0548,262.2308,450.7059,0,0,0,0,0,0,26,8528,27,12745,29200,1252,9,32,309435.22,1242795.803,3355546.0,22979.0,10017529.54,4983.74,10024703.0,9998560.0
56512,80,6,12.0,0.0,6.0,6.0,6.0,0.0,0.0,0.0,0.0,0.0,2103684.0,0.0,2103684.0,2103684.0,2103684.0,2103684.0,0.0,2103684.0,2103684.0,0.0,0.0,0.0,0.0,0.0,0,0,0,0,6.0,6.0,0,0,0,0,1,0,0,0,0.0,9.0,6.0,0.0,0,0,0,0,0,0,2,12,0,0,64240,-1,1,20,0.0,0.0,0.0,0.0,0.0,0.0,0.0,0.0
443,62245,6,0.0,0.0,0.0,0.0,0.0,0.0,0.0,0.0,0.0,0.0,111.0,0.0,111.0,111.0,0.0,0.0,0.0,0.0,0.0,0.0,0.0,0.0,0.0,0.0,0,0,0,0,0.0,0.0,0,0,0,0,1,0,0,0,1.0,0.0,0.0,0.0,0,0,0,0,0,0,1,0,1,0,357,32832,0,32,0.0,0.0,0.0,0.0,0.0,0.0,0.0,0.0
49307,53,17,88.0,218.0,44.0,44.0,44.0,0.0,109.0,109.0,109.0,0.0,10360.66,17922.576,31075.0,3.0,3.0,3.0,0.0,3.0,3.0,49.0,49.0,0.0,49.0,49.0,0,0,0,0,44.0,109.0,0,0,0,0,0,0,0,0,1.0,87.5,44.0,109.0,0,0,0,0,0,0,2,88,2,218,-1,-1,1,20,0.0,0.0,0.0,0.0,0.0,0.0,0.0,0.0
443,41176,6,31.0,0.0,31.0,0.0,10.3333,17.8979,0.0,0.0,0.0,0.0,214.5,330.107,425.0,3.0,529.0,264.5,370.707,425.0,3.0,0.0,0.0,0.0,0.0,0.0,0,0,0,0,0.0,31.0,0,0,0,0,1,0,0,0,0.0,10.3333,10.3333,0.0,0,0,0,0,0,0,3,31,0,0,122,-1,1,32,0.0,0.0,0.0,0.0,0.0,0.0,0.0,0.0
123,123,17,96.0,96.0,48.0,48.0,48.0,0.0,48.0,48.0,48.0,0.0,22024769.66,38000327.435,65909764.0,80769.0,66000064.0,66000064.0,0.0,66000064.0,66000064.0,66000336.0,66000336.0,0.0,66000336.0,66000336.0,0,0,0,0,48.0,48.0,0,0,0,0,0,0,0,0,1.0,60.0,48.0,48.0,0,0,0,0,0,0,2,96,2,96,-1,-1,1,20,23745.0,0.0,23745.0,23745.0,65909777.0,0.0,65909767.0,65909777.0
443,59479,6,6.0,6.0,6.0,6.0,6.0,0.0,6.0,6.0,6.0,0.0,40.0,0.0,40.0,40.0,0.0,0.0,0.0,0.0,0.0,0.0,0.0,0.0,0.0,0.0,0,0,0,0,6.0,6.0,0,0,0,0,1,1,0,0,1.0,9.0,6.0,6.0,0,0,0,0,0,0,1,6,1,6,32,32850,0,20,0.0,0.0,0.0,0.0,0.0,0.0,0.0,0.0
61256,443,6,968.0,975.0,732.0,0.0,146.0,252.3758,786.0,0.0,183.0,333.484,10517.0,15313.446,35913.0,4.0,108393.0,27844.6,18810.774,35477.0,349.0,108447.0,21087.16,22447.05,51837.0,4.0,0,0,0,0,0.0,782.0,0,0,0,1,0,0,0,0,0.0,152.0,146.0,183.0,0,0,0,0,0,0,6,968,7,975,29200,5304,3,32,0.0,0.0,0.0,0.0,0.0,0.0,0.0,0.0
62060,443,6,942.0,943.0,677.0,0.0,92.2,210.77,805.0,0.0,188.6,349.721,10598.14,15310.07,36786.0,47.0,160377.0,18197.66,20694.406,55302.0,49.0,90102.0,22553.0,17015.77,35107.0,512.0,0,0,0,0,0.0,805.0,0,0,0,1,0,0,0,0,0.0,124.2,92.2,188.6,0,0,0,0,0,0,10,942,5,943,65535,351,5,32,0.0,0.0,0.0,0.0,0.0,0.0,0.0,0.0
60353,53,17,56.0,317.0,56.0,56.0,56.0,0.0,317.0,317.0,317.0,0.0,60232.0,0.0,60232.0,60232.0,0.0,0.0,0.0,0.0,0.0,0.0,0.0,0.0,0.0,0.0,0,0,0,0,56.0,317.0,0,0,0,0,0,0,0,0,1.0,214.5,56.0,317.0,0,0,0,0,0,0,1,56,1,317,-1,-1,0,44,0.0,0.0,0.0,0.0,0.0,0.0,0.0,0.0
42946,443,6,896.0,7655.0,271.0,0.0,56.7727,96.1491,2231.0,0.0,450.8571,765.468,14193.18,56437.466,248726.0,1.0,472075.0,24760.36,78949.474,248556.0,17.0,274947.0,21316.56,41743.024,171535.0,1.0,0,0,0,0,0.0,2231.0,0,0,0,1,0,0,0,0,0.0,266.6052,56.7727,450.8571,0,0,0,0,0,0,14,896,14,7655,29200,357,7,32,0.0,0.0,0.0,0.0,0.0,0.0,0.0,0.0
63038,443,6,1144.0,3603.0,789.0,0.0,91.7692,245.819,1448.0,0.0,454.8889,622.3139,7312.15,12352.044,38996.0,1.0,149853.0,16952.3,19667.736,39367.0,1.0,118012.0,17702.0,21592.48,52767.0,4.0,0,0,0,0,0.0,1448.0,0,0,0,1,0,0,0,0,0.0,232.7824,91.7692,454.8889,0,0,0,0,0,0,13,1144,9,3603,65535,62,6,32,0.0,0.0,0.0,0.0,0.0,0.0,0.0,0.0
44002,443,6,0.0,0.0,0.0,0.0,0.0,0.0,0.0,0.0,0.0,0.0,26731.0,37428.791,53008.0,1.0,1.0,1.0,0.0,1.0,1.0,0.0,0.0,0.0,0.0,0.0,0,0,0,0,0.0,0.0,0,0,0,0,1,1,0,0,0.0,0.0,0.0,0.0,0,0,0,0,0,0,2,0,1,0,367,65,0,32,0.0,0.0,0.0,0.0,0.0,0.0,0.0,0.0
59446,80,6,12.0,0.0,6.0,6.0,6.0,0.0,0.0,0.0,0.0,0.0,130.0,0.0,130.0,130.0,130.0,130.0,0.0,130.0,130.0,0.0,0.0,0.0,0.0,0.0,0,0,0,0,6.0,6.0,0,0,0,0,1,0,0,0,0.0,9.0,6.0,0.0,0,0,0,0,0,0,2,12,0,0,256,-1,1,20,0.0,0.0,0.0,0.0,0.0,0.0,0.0,0.0
51677,443,6,12.0,0.0,6.0,6.0,6.0,0.0,0.0,0.0,0.0,0.0,112.0,0.0,112.0,112.0,112.0,112.0,0.0,112.0,112.0,0.0,0.0,0.0,0.0,0.0,0,0,0,0,6.0,6.0,0,0,0,0,1,0,0,0,0.0,9.0,6.0,0.0,0,0,0,0,0,0,2,12,0,0,253,-1,1,20,0.0,0.0,0.0,0.0,0.0,0.0,0.0,0.0
80,39782,6,0.0,0.0,0.0,0.0,0.0,0.0,0.0,0.0,0.0,0.0,37.0,0.0,37.0,37.0,0.0,0.0,0.0,0.0,0.0,0.0,0.0,0.0,0.0,0.0,0,0,0,0,0.0,0.0,0,0,0,0,1,1,0,0,1.0,0.0,0.0,0.0,0,0,0,0,0,0,1,0,1,0,905,229,0,32,0.0,0.0,0.0,0.0,0.0,0.0,0.0,0.0
60821,53,17,168.0,108.0,42.0,42.0,42.0,0.0,54.0,54.0,54.0,0.0,6106.8,13230.514,30857.0,3.0,30832.0,10274.33,17756.446,30827.0,3.0,3.0,3.0,0.0,3.0,3.0,0,0,0,0,42.0,54.0,0,0,0,0,0,0,0,0,0.0,48.0,42.0,54.0,0,0,0,0,0,0,4,168,2,108,-1,-1,3,20,0.0,0.0,0.0,0.0,0.0,0.0,0.0,0.0
51018,80,6,1694.0,254.0,1292.0,0.0,157.6,436.3268,254.0,0.0,67.4,96.4765,3772502.22,4851989.475,10009136.0,134.0,99136097.0,7029274.42,4367143.78,10049688.0,218.0,90358923.0,8474928.57,3743879.891,10047860.0,362.0,0,0,0,0,0.0,1292.0,0,0,0,1,0,0,0,0,0.0,106.1667,157.6,67.4,0,0,0,0,0,0,10,1694,10,254,8192,63,9,20,35943.5,18683.633,85321.0,34952.0,9885168.0,528958.494,10009137.0,7746285.0
53373,53,17,98.0,330.0,49.0,49.0,49.0,0.0,165.0,165.0,165.0,0.0,10290.66,17831.614,30866.0,3.0,3.0,3.0,0.0,3.0,3.0,4.0,4.0,0.0,4.0,4.0,0,0,0,0,49.0,165.0,0,0,0,0,0,0,0,0,1.0,121.25,49.0,165.0,0,0,0,0,0,0,2,98,2,330,-1,-1,1,32,0.0,0.0,0.0,0.0,0.0,0.0,0.0,0.0
65722,53,17,64.0,120.0,32.0,32.0,32.0,0.0,60.0,60.0,60.0,0.0,10284.66,17844.72,30846.0,3.0,3.0,3.0,0.0,3.0,3.0,4.0,4.0,0.0,4.0,4.0,0,0,0,0,32.0,60.0,0,0,0,0,0,0,0,0,1.0,54.0,32.0,60.0,0,0,0,0,0,0,2,64,2,120,-1,-1,1,32,0.0,0.0,0.0,0.0,0.0,0.0,0.0,0.0
51640,443,6,1014.0,4096.0,549.0,0.0,79.0714,143.0054,1418.0,0.0,472.0,604.5782,14902.08,22236.821,60429.0,1.0,368973.0,23065.86,29060.186,60317.0,1.0,215361.0,32945.14,46209.899,117638.0,2.0,0,0,0,0,0.0,1418.0,0,0,0,1,0,0,0,0,0.0,229.9,79.0714,472.0,0,0,0,0,0,0,14,1014,8,4096,65535,349,6,32,0.0,0.0,0.0,0.0,0.0,0.0,0.0,0.0
61582,53,17,42.0,58.0,42.0,42.0,42.0,0.0,58.0,58.0,58.0,0.0,90971.0,0.0,90971.0,90971.0,0.0,0.0,0.0,0.0,0.0,0.0,0.0,0.0,0.0,0.0,0,0,0,0,42.0,58.0,0,0,0,0,0,0,0,0,1.0,71.0,42.0,58.0,0,0,0,0,0,0,1,42,1,58,-1,-1,0,20,0.0,0.0,0.0,0.0,0.0,0.0,0.0,0.0
51779,443,6,879.0,3100.0,492.0,0.0,99.875,160.9603,1400.0,0.0,520.0,679.0232,382792.95,1202877.431,4947537.0,4.0,502488.0,88393.33,65592.094,67888.0,149.0,5478201.0,822258.16,2033675.35,4947476.0,4.0,0,0,0,0,0.0,1400.0,0,0,0,1,0,0,0,0,0.0,270.2571,99.875,520.0,0,0,0,0,0,0,8,879,7,3100,8192,26388,7,20,0.0,0.0,0.0,0.0,0.0,0.0,0.0,0.0
59695,53,17,46.0,46.0,23.0,23.0,23.0,0.0,23.0,23.0,23.0,0.0,52.33,87.979,150.0,3.0,3.0,3.0,0.0,3.0,3.0,3.0,3.0,0.0,3.0,3.0,0,0,0,0,23.0,23.0,0,0,0,0,0,0,0,0,1.0,28.75,23.0,23.0,0,0,0,0,0,0,2,46,2,46,-1,-1,1,32,0.0,0.0,0.0,0.0,0.0,0.0,0.0,0.0
43535,80,6,168.0,1422.0,168.0,0.0,43.625,85.9922,1402.0,0.0,235.4,546.0345,3511266.12,4764097.563,10024735.0,49.0,51125089.0,6852617.0,5186493.017,10077915.0,182.0,65081526.0,7516841.71,4252911.869,10088208.0,9881.0,0,0,0,0,0.0,1402.0,0,0,0,1,0,0,0,0,1.0,136.45,43.625,235.4,0,0,0,0,0,0,8,168,8,1422,29200,930,7,32,99041.75,118134.62,308456.0,50834.0,10011057.4,1643.114,10024730.0,9993419.0
5911,53,17,74.0,198.0,37.0,37.0,37.0,0.0,99.0,99.0,99.0,0.0,10808.33,18720.525,32328.0,1.0,1.0,1.0,0.0,1.0,1.0,49.0,49.0,0.0,49.0,49.0,0,0,0,0,37.0,99.0,0,0,0,0,0,0,0,0,1.0,77.25,37.0,99.0,0,0,0,0,0,0,2,74,2,198,-1,-1,1,32,0.0,0.0,0.0,0.0,0.0,0.0,0.0,0.0
57139,53,17,164.0,276.0,41.0,41.0,41.0,0.0,138.0,138.0,138.0,0.0,6302.2,13861.751,30852.0,3.0,30956.0,10352.33,17863.003,30852.0,3.0,3.0,3.0,0.0,3.0,3.0,0,0,0,0,41.0,138.0,0,0,0,0,0,0,0,0,0.0,80.5,41.0,138.0,0,0,0,0,0,0,4,164,2,276,-1,-1,3,20,0.0,0.0,0.0,0.0,0.0,0.0,0.0,0.0
443,52517,6,0.0,0.0,0.0,0.0,0.0,0.0,0.0,0.0,0.0,0.0,33.0,45.495,63.0,3.0,3.0,3.0,0.0,3.0,3.0,0.0,0.0,0.0,0.0,0.0,0,0,0,0,0.0,0.0,0,0,0,0,1,1,0,0,0.0,0.0,0.0,0.0,0,0,0,0,0,0,2,0,1,0,57,33304,0,32,0.0,0.0,0.0,0.0,0.0,0.0,0.0,0.0
36292,443,6,930.0,3652.0,514.0,0.0,59.8571,133.002,1460.0,0.0,172.2778,480.4992,2598229.78,4348289.857,10019670.0,3.0,115173700.0,5794389.0,4998530.082,10047900.0,3.0,110479857.0,5825305.62,5043016.306,10048242.0,47.0,0,0,0,0,0.0,1460.0,0,0,0,1,0,0,0,0,0.0,101.86,59.8571,172.2778,0,0,0,0,0,0,21,930,18,3652,29200,31,20,20,44428.09,47780.547,135601.0,38244.0,10011391.09,382.325,10019671.0,9999482.0
443,57717,6,0.0,0.0,0.0,0.0,0.0,0.0,0.0,0.0,0.0,0.0,4.0,0.0,4.0,4.0,4.0,4.0,0.0,4.0,4.0,0.0,0.0,0.0,0.0,0.0,0,0,0,0,0.0,0.0,0,0,0,0,1,0,0,0,0.0,0.0,0.0,0.0,0,0,0,0,0,0,2,0,0,0,5485,-1,0,32,0.0,0.0,0.0,0.0,0.0,0.0,0.0,0.0
49534,80,6,0.0,0.0,0.0,0.0,0.0,0.0,0.0,0.0,0.0,0.0,84145.0,0.0,84145.0,84145.0,0.0,0.0,0.0,0.0,0.0,0.0,0.0,0.0,0.0,0.0,0,0,0,0,0.0,0.0,0,0,0,0,1,1,0,0,1.0,0.0,0.0,0.0,0,0,0,0,0,0,1,0,1,0,237,939,0,32,0.0,0.0,0.0,0.0,0.0,0.0,0.0,0.0
60437,53,17,42.0,111.0,42.0,42.0,42.0,0.0,111.0,111.0,111.0,0.0,46842.0,0.0,46842.0,46842.0,0.0,0.0,0.0,0.0,0.0,0.0,0.0,0.0,0.0,0.0,0,0,0,0,42.0,111.0,0,0,0,0,0,0,0,0,1.0,97.5,42.0,111.0,0,0,0,0,0,0,1,42,1,111,-1,-1,0,20,0.0,0.0,0.0,0.0,0.0,0.0,0.0,0.0
58687,53,17,64.0,266.0,32.0,32.0,32.0,0.0,133.0,133.0,133.0,0.0,18463.0,32749.27,54384.0,4.0,4.0,4.0,0.0,4.0,4.0,4.0,4.0,0.0,4.0,4.0,0,0,0,0,32.0,133.0,0,0,0,0,0,0,0,0,1.0,90.5,32.0,133.0,0,0,0,0,0,0,2,64,2,266,-1,-1,1,20,0.0,0.0,0.0,0.0,0.0,0.0,0.0,0.0
42038,443,6,123.0,46.0,46.0,0.0,24.6,23.2766,46.0,46.0,46.0,0.0,707499.8,1414792.155,3882488.0,3.0,3213418.0,808324.0,1703604.564,3882488.0,3.0,0.0,0.0,0.0,0.0,0.0,1,0,0,0,0.0,46.0,0,1,0,0,1,0,0,0,0.0,35.8333,24.6,46.0,0,0,0,0,0,0,5,123,1,46,325,349,2,32,0.0,0.0,0.0,0.0,0.0,0.0,0.0,0.0
52601,443,6,37.0,0.0,31.0,6.0,18.5,17.6777,0.0,0.0,0.0,0.0,1.0,0.0,1.0,1.0,1.0,1.0,0.0,1.0,1.0,0.0,0.0,0.0,0.0,0.0,1,0,0,0,6.0,31.0,0,1,0,0,1,0,0,0,0.0,34.0,18.5,0.0,0,0,0,0,0,0,2,37,0,0,253,-1,1,20,0.0,0.0,0.0,0.0,0.0,0.0,0.0,0.0
62798,443,6,1180.0,943.0,901.0,0.0,114.0,280.1793,805.0,0.0,188.6,349.721,43600.21,81435.73,337248.0,48.0,530331.0,63794.0,118759.883,337248.0,48.0,102642.0,25268.0,28930.612,47506.0,630.0,0,0,0,0,0.0,901.0,0,0,0,1,0,0,0,0,0.0,138.8667,114.0,188.6,0,0,0,0,0,0,10,1180,5,943,65535,362,5,32,0.0,0.0,0.0,0.0,0.0,0.0,0.0,0.0
61109,53,17,68.0,380.0,34.0,34.0,34.0,0.0,190.0,190.0,190.0,0.0,88.66,144.336,259.0,3.0,3.0,3.0,0.0,3.0,3.0,4.0,4.0,0.0,4.0,4.0,0,0,0,0,34.0,190.0,0,0,0,0,0,0,0,0,1.0,120.5,34.0,190.0,0,0,0,0,0,0,2,68,2,380,-1,-1,1,20,0.0,0.0,0.0,0.0,0.0,0.0,0.0,0.0
56303,443,6,984.0,975.0,670.0,0.0,68.0,184.6416,837.0,0.0,82.1429,235.0621,3336340.17,4708389.086,10032495.0,46.0,60839671.0,6745695.66,5177969.851,10147914.0,16.0,60797411.0,7063984.11,5128270.844,10149012.0,303.0,0,0,0,0,0.0,837.0,0,0,0,1,0,0,0,0,0.0,79.07,68.0,82.1429,0,0,0,0,0,0,16,984,14,975,29200,124,3,32,118800.16,88749.887,296920.0,87285.0,9967936.5,23393.483,10032497.0,9736732.0
11549,53,17,82.0,254.0,41.0,41.0,41.0,0.0,127.0,127.0,127.0,0.0,71.66,85.202,164.0,4.0,48.0,48.0,0.0,48.0,48.0,4.0,4.0,0.0,4.0,4.0,0,0,0,0,41.0,127.0,0,0,0,0,0,0,0,0,1.0,94.25,41.0,127.0,0,0,0,0,0,0,2,82,2,254,-1,-1,1,40,0.0,0.0,0.0,0.0,0.0,0.0,0.0,0.0
443,59364,6,37.0,0.0,37.0,0.0,18.5,26.163,0.0,0.0,0.0,0.0,4.0,0.0,4.0,4.0,4.0,4.0,0.0,4.0,4.0,0.0,0.0,0.0,0.0,0.0,1,0,0,0,0.0,37.0,0,1,0,0,1,0,0,0,0.0,37.0,18.5,0.0,0,0,0,0,0,0,2,37,0,0,972,-1,0,32,0.0,0.0,0.0,0.0,0.0,0.0,0.0,0.0
57187,443,6,1609.0,365.0,921.0,0.0,75.2667,216.6598,220.0,0.0,56.3158,92.7938,2338469.96,4281848.505,10035229.0,68.0,116008793.0,4800654.53,4953471.921,10175985.0,193.0,111575386.0,5534611.62,4825775.167,10183743.0,150.0,0,0,0,0,0.0,921.0,0,0,0,1,0,0,0,0,0.0,64.8256,75.2667,56.3158,0,0,0,0,0,0,24,1609,19,365,29200,352,5,32,104232.09,124477.639,542484.0,84026.0,10022375.45,9864.802,10035224.0,9997400.0
54896,443,6,4573.0,192148.0,1368.0,0.0,23.9424,109.1229,4380.0,0.0,1942.0712,1089.739,206905.35,1504017.674,10008507.0,1.0,116568757.0,429853.34,2056850.866,10028875.0,1.0,110511238.0,532464.72,1970009.286,10023904.0,2.0,0,0,0,0,0.0,4380.0,0,0,0,1,0,0,0,0,1.0,1043.1577,23.9424,1942.0712,0,0,0,0,0,0,105,4573,462,192148,8192,371,204,20,91497.41,256905.372,901956.0,15961.0,9630681.36,1485911.881,10008506.0,5024549.0
59275,53,17,88.0,662.0,44.0,44.0,44.0,0.0,331.0,331.0,331.0,0.0,43510.0,76091.447,120620.0,3.0,3.0,3.0,0.0,3.0,3.0,3.0,3.0,0.0,3.0,3.0,0,0,0,0,44.0,331.0,0,0,0,0,0,0,0,0,1.0,198.5,44.0,331.0,0,0,0,0,0,0,2,88,2,662,-1,-1,1,20,0.0,0.0,0.0,0.0,0.0,0.0,0.0,0.0
60532,53,17,55.0,111.0,55.0,55.0,55.0,0.0,111.0,111.0,111.0,0.0,546.0,0.0,546.0,546.0,0.0,0.0,0.0,0.0,0.0,0.0,0.0,0.0,0.0,0.0,0,0,0,0,55.0,111.0,0,0,0,0,0,0,0,0,1.0,110.5,55.0,111.0,0,0,0,0,0,0,1,55,1,111,-1,-1,0,20,0.0,0.0,0.0,0.0,0.0,0.0,0.0,0.0
56918,443,6,617.0,164.0,517.0,0.0,88.1429,189.989,152.0,0.0,41.0,74.054,533330.7,1552013.893,4922230.0,3.0,5042540.0,840193.0,2039775.393,4945707.0,3.0,89326.0,26703.33,30134.725,69906.0,225.0,0,0,0,0,0.0,517.0,0,0,0,1,0,0,0,0,0.0,71.0,88.1429,41.0,0,0,0,0,0,0,7,617,4,164,29200,30,6,20,0.0,0.0,0.0,0.0,0.0,0.0,0.0,0.0
443,62561,6,0.0,0.0,0.0,0.0,0.0,0.0,0.0,0.0,0.0,0.0,3.0,0.0,3.0,3.0,3.0,3.0,0.0,3.0,3.0,0.0,0.0,0.0,0.0,0.0,0,0,0,0,0.0,0.0,0,0,0,0,1,0,0,0,0.0,0.0,0.0,0.0,0,0,0,0,0,0,2,0,0,0,5894,-1,0,32,0.0,0.0,0.0,0.0,0.0,0.0,0.0,0.0
49774,80,6,12.0,0.0,6.0,6.0,6.0,0.0,0.0,0.0,0.0,0.0,69.0,0.0,69.0,69.0,69.0,69.0,0.0,69.0,69.0,0.0,0.0,0.0,0.0,0.0,0,0,0,0,6.0,6.0,0,0,0,0,1,0,0,0,0.0,9.0,6.0,0.0,0,0,0,0,0,0,2,12,0,0,254,-1,1,20,0.0,0.0,0.0,0.0,0.0,0.0,0.0,0.0
53503,443,6,8382.0,8189.0,1617.0,0.0,393.3333,684.7873,1460.0,0.0,286.9091,439.7859,1816984.08,3844813.643,9999725.0,3.0,78615018.0,3171873.48,4685884.944,10151756.0,146.0,73422394.0,3676056.1,4754498.288,10156729.0,3.0,0,0,0,0,0.0,1617.0,0,0,0,1,0,0,0,0,1.0,372.8259,393.3333,286.9091,0,0,0,0,0,0,24,8382,21,8189,8192,6568,23,20,563482.82,1849976.228,3105883.0,102887.0,9950421.25,153740.378,9999726.0,9831564.0
443,65147,6,0.0,0.0,0.0,0.0,0.0,0.0,0.0,0.0,0.0,0.0,33.0,42.026,63.0,3.0,0.0,0.0,0.0,0.0,0.0,0.0,0.0,0.0,0.0,0.0,0,0,0,0,0.0,0.0,0,0,0,0,1,0,0,0,2.0,0.0,0.0,0.0,0,0,0,0,0,0,1,0,1,0,383,32832,0,32,0.0,0.0,0.0,0.0,0.0,0.0,0.0,0.0
443,52047,6,0.0,0.0,0.0,0.0,0.0,0.0,0.0,0.0,0.0,0.0,24.0,30.0,44.0,4.0,4.0,4.0,0.0,4.0,4.0,0.0,0.0,0.0,0.0,0.0,0,0,0,0,0.0,0.0,0,0,0,0,1,1,0,0,0.0,0.0,0.0,0.0,0,0,0,0,0,0,2,0,1,0,349,32832,0,32,0.0,0.0,0.0,0.0,0.0,0.0,0.0,0.0
63568,80,6,6.0,6.0,6.0,6.0,6.0,0.0,6.0,6.0,6.0,0.0,227562.0,0.0,227562.0,227562.0,0.0,0.0,0.0,0.0,0.0,0.0,0.0,0.0,0.0,0.0,0,0,0,0,6.0,6.0,0,0,0,0,1,1,0,0,1.0,9.0,6.0,6.0,0,0,0,0,0,0,1,6,1,6,32047,27,0,20,0.0,0.0,0.0,0.0,0.0,0.0,0.0,0.0
56932,53,17,84.0,138.0,42.0,42.0,42.0,0.0,69.0,69.0,69.0,0.0,20069.0,34743.439,60102.0,3.0,3.0,3.0,0.0,3.0,3.0,4.0,4.0,0.0,4.0,4.0,0,0,0,0,42.0,69.0,0,0,0,0,0,0,0,0,1.0,66.0,42.0,69.0,0,0,0,0,0,0,2,84,2,138,-1,-1,1,44,0.0,0.0,0.0,0.0,0.0,0.0,0.0,0.0
60260,53,17,66.0,258.0,33.0,33.0,33.0,0.0,129.0,129.0,129.0,0.0,10457.66,18104.741,31366.0,3.0,3.0,3.0,0.0,3.0,3.0,4.0,4.0,0.0,4.0,4.0,0,0,0,0,33.0,129.0,0,0,0,0,0,0,0,0,1.0,89.25,33.0,129.0,0,0,0,0,0,0,2,66,2,258,-1,-1,1,20,0.0,0.0,0.0,0.0,0.0,0.0,0.0,0.0
443,54532,6,0.0,0.0,0.0,0.0,0.0,0.0,0.0,0.0,0.0,0.0,16.0,0.0,16.0,16.0,0.0,0.0,0.0,0.0,0.0,0.0,0.0,0.0,0.0,0.0,0,0,0,0,0.0,0.0,0,0,0,0,1,1,0,0,1.0,0.0,0.0,0.0,0,0,0,0,0,0,1,0,1,0,362,32832,0,32,0.0,0.0,0.0,0.0,0.0,0.0,0.0,0.0
54651,443,6,996.0,4680.0,197.0,0.0,71.0,83.3391,1460.0,0.0,336.0,531.0639,4392239.31,16281738.551,58934991.0,1.0,117469168.0,8621905.92,21881816.834,58934991.0,18.0,117417834.0,8333908.55,21331638.426,59004975.0,1.0,0,0,0,0,0.0,1460.0,0,0,0,1,0,0,0,0,1.0,203.0933,71.0,336.0,0,0,0,0,0,0,14,996,15,4680,8192,70,13,20,220533.5,80207.623,270159.0,215004.0,58586702.5,929272.36,58934995.0,58413662.0
55303,53,17,140.0,224.0,35.0,35.0,35.0,0.0,112.0,112.0,112.0,0.0,9505.6,13806.522,30590.0,3.0,30511.0,10137.33,17539.606,30510.0,3.0,3.0,3.0,0.0,3.0,3.0,0,0,0,0,35.0,112.0,0,0,0,0,0,0,0,0,0.0,61.1667,35.0,112.0,0,0,0,0,0,0,4,140,2,224,-1,-1,3,32,0.0,0.0,0.0,0.0,0.0,0.0,0.0,0.0
60005,53,17,50.0,111.0,50.0,50.0,50.0,0.0,111.0,111.0,111.0,0.0,109493.0,0.0,109493.0,109493.0,0.0,0.0,0.0,0.0,0.0,0.0,0.0,0.0,0.0,0.0,0,0,0,0,50.0,111.0,0,0,0,0,0,0,0,0,1.0,105.5,50.0,111.0,0,0,0,0,0,0,1,50,1,111,-1,-1,0,32,0.0,0.0,0.0,0.0,0.0,0.0,0.0,0.0
443,52881,6,0.0,18.0,0.0,0.0,0.0,0.0,6.0,6.0,6.0,0.0,43517.5,86205.607,174121.0,1.0,174434.0,174434.0,0.0,174434.0,174434.0,4.0,2.0,1.414,3.0,1.0,0,0,0,0,0.0,6.0,0,0,0,0,1,0,0,0,1.0,3.6,0.0,6.0,0,0,0,0,0,0,2,0,3,18,115,0,0,32,0.0,0.0,0.0,0.0,0.0,0.0,0.0,0.0
59315,53,17,70.0,102.0,35.0,35.0,35.0,0.0,51.0,51.0,51.0,0.0,10345.0,17930.952,31029.0,3.0,3.0,3.0,0.0,3.0,3.0,4.0,4.0,0.0,4.0,4.0,0,0,0,0,35.0,51.0,0,0,0,0,0,0,0,0,1.0,51.75,35.0,51.0,0,0,0,0,0,0,2,70,2,102,-1,-1,1,20,0.0,0.0,0.0,0.0,0.0,0.0,0.0,0.0
56977,443,6,615.0,4504.0,342.0,0.0,67.0,112.7198,1400.0,0.0,688.4286,724.9552,385771.0,1583848.839,5604865.0,4.0,5763573.0,651696.14,1834564.416,5604865.0,4.0,67934.0,16988.33,11277.292,39996.0,4.0,0,0,0,0,0.0,1400.0,0,0,0,1,0,0,0,0,0.0,329.7125,67.0,688.4286,0,0,0,0,0,0,10,615,7,4504,8192,14684,9,20,245011.0,0.0,245011.0,245011.0,5604858.0,0.0,5604858.0,5604858.0
60194,53,17,109.0,368.0,51.0,58.0,54.5,0.7071,183.0,174.0,184.0,18.4543,37600530.33,64414491.037,111376759.0,593.0,111480945.0,111480945.0,0.0,111480945.0,111480945.0,111326551.0,111326551.0,0.0,111326551.0,111326551.0,0,0,0,0,58.0,183.0,0,0,0,0,0,0,0,0,1.0,131.5,54.5,184.0,0,0,0,0,0,0,2,109,2,368,-1,-1,1,32,836.0,0.0,836.0,836.0,111376794.0,0.0,111376794.0,111376794.0
64573,80,6,12.0,0.0,6.0,6.0,6.0,0.0,0.0,0.0,0.0,0.0,8852.0,0.0,8852.0,8852.0,8852.0,8852.0,0.0,8852.0,8852.0,0.0,0.0,0.0,0.0,0.0,0,0,0,0,6.0,6.0,0,0,0,0,1,0,0,0,0.0,9.0,6.0,0.0,0,0,0,0,0,0,2,12,0,0,64630,-1,1,20,0.0,0.0,0.0,0.0,0.0,0.0,0.0,0.0
50099,80,6,441.0,871.0,435.0,0.0,147.0,250.4194,859.0,0.0,217.75,427.5094,7894.0,11916.796,23168.0,3.0,23449.0,11774.5,16286.954,23238.0,108.0,21905.0,7901.33,13882.274,23525.0,3.0,0,0,0,0,0.0,859.0,0,0,0,1,0,0,0,0,1.0,187.4286,147.0,217.75,0,0,0,0,0,0,3,441,4,871,8192,31,2,20,0.0,0.0,0.0,0.0,0.0,0.0,0.0,0.0
443,54905,6,37.0,0.0,37.0,0.0,18.5,26.163,0.0,0.0,0.0,0.0,4.0,0.0,4.0,4.0,4.0,4.0,0.0,4.0,4.0,0.0,0.0,0.0,0.0,0.0,1,0,0,0,0.0,37.0,0,1,0,0,1,0,0,0,0.0,37.0,18.5,0.0,0,0,0,0,0,0,2,37,0,0,114,-1,0,32,0.0,0.0,0.0,0.0,0.0,0.0,0.0,0.0
62381,53,17,46.0,197.0,46.0,46.0,46.0,0.0,197.0,197.0,197.0,0.0,46824.0,0.0,46824.0,46824.0,0.0,0.0,0.0,0.0,0.0,0.0,0.0,0.0,0.0,0.0,0,0,0,0,46.0,197.0,0,0,0,0,0,0,0,0,1.0,144.5,46.0,197.0,0,0,0,0,0,0,1,46,1,197,-1,-1,0,32,0.0,0.0,0.0,0.0,0.0,0.0,0.0,0.0
80,38689,6,0.0,0.0,0.0,0.0,0.0,0.0,0.0,0.0,0.0,0.0,67.0,0.0,67.0,67.0,0.0,0.0,0.0,0.0,0.0,0.0,0.0,0.0,0.0,0.0,0,0,0,0,0.0,0.0,0,0,0,0,1,1,0,0,1.0,0.0,0.0,0.0,0,0,0,0,0,0,1,0,1,0,340,229,0,32,0.0,0.0,0.0,0.0,0.0,0.0,0.0,0.0
4988,80,6,454.0,387.0,454.0,0.0,114.8,225.8353,387.0,0.0,147.5,205.0,9477.16,15678.665,25584.0,4.0,25709.0,12474.75,13900.641,25383.0,446.0,25184.0,7184.0,16672.697,25151.0,4.0,0,0,0,0,0.0,454.0,0,0,0,1,0,0,0,0,1.0,137.375,114.8,147.5,0,0,0,0,0,0,5,454,4,387,65535,58,1,32,0.0,0.0,0.0,0.0,0.0,0.0,0.0,0.0
443,56029,6,0.0,0.0,0.0,0.0,0.0,0.0,0.0,0.0,0.0,0.0,95.0,0.0,95.0,95.0,0.0,0.0,0.0,0.0,0.0,0.0,0.0,0.0,0.0,0.0,0,0,0,0,0.0,0.0,0,0,0,0,1,1,0,0,1.0,0.0,0.0,0.0,0,0,0,0,0,0,1,0,1,0,362,32832,0,32,0.0,0.0,0.0,0.0,0.0,0.0,0.0,0.0
59188,53,17,60.0,264.0,30.0,30.0,30.0,0.0,132.0,132.0,132.0,0.0,64.66,104.601,187.0,3.0,3.0,3.0,0.0,3.0,3.0,3.0,3.0,0.0,3.0,3.0,0,0,0,0,30.0,132.0,0,0,0,0,0,0,0,0,1.0,88.5,30.0,132.0,0,0,0,0,0,0,2,60,2,264,-1,-1,1,20,0.0,0.0,0.0,0.0,0.0,0.0,0.0,0.0
50136,53,17,56.0,568.0,28.0,28.0,28.0,0.0,284.0,284.0,284.0,0.0,87.0,104.356,210.0,1.0,48.0,48.0,0.0,48.0,48.0,1.0,1.0,0.0,1.0,1.0,0,0,0,0,28.0,284.0,0,0,0,0,0,0,0,0,1.0,163.0,28.0,284.0,0,0,0,0,0,0,2,56,2,568,-1,-1,1,20,0.0,0.0,0.0,0.0,0.0,0.0,0.0,0.0
60566,53,17,47.0,104.0,47.0,47.0,47.0,0.0,104.0,104.0,104.0,0.0,24076.0,0.0,24076.0,24076.0,0.0,0.0,0.0,0.0,0.0,0.0,0.0,0.0,0.0,0.0,0,0,0,0,47.0,104.0,0,0,0,0,0,0,0,0,1.0,99.0,47.0,104.0,0,0,0,0,0,0,1,47,1,104,-1,-1,0,20,0.0,0.0,0.0,0.0,0.0,0.0,0.0,0.0
443,52709,6,0.0,0.0,0.0,0.0,0.0,0.0,0.0,0.0,0.0,0.0,16.0,0.0,16.0,16.0,0.0,0.0,0.0,0.0,0.0,0.0,0.0,0.0,0.0,0.0,0,0,0,0,0.0,0.0,0,0,0,0,1,1,0,0,1.0,0.0,0.0,0.0,0,0,0,0,0,0,1,0,1,0,349,32832,0,32,0.0,0.0,0.0,0.0,0.0,0.0,0.0,0.0
65137,53,17,88.0,200.0,44.0,44.0,44.0,0.0,100.0,100.0,100.0,0.0,63.33,28.96,95.0,48.0,48.0,48.0,0.0,48.0,48.0,48.0,48.0,0.0,48.0,48.0,0,0,0,0,44.0,100.0,0,0,0,0,0,0,0,0,1.0,83.0,44.0,100.0,0,0,0,0,0,0,2,88,2,200,-1,-1,1,20,0.0,0.0,0.0,0.0,0.0,0.0,0.0,0.0
37874,21,6,0.0,0.0,0.0,0.0,0.0,0.0,0.0,0.0,0.0,0.0,23.5,30.951,49.0,2.0,0.0,0.0,0.0,0.0,0.0,48.0,48.0,0.0,48.0,48.0,0,0,0,0,0.0,0.0,0,0,0,0,1,1,0,0,2.0,0.0,0.0,0.0,0,0,0,0,0,0,1,0,2,0,229,227,0,32,0.0,0.0,0.0,0.0,0.0,0.0,0.0,0.0
443,61326,6,37.0,0.0,37.0,0.0,18.5,26.163,0.0,0.0,0.0,0.0,3.0,0.0,3.0,3.0,3.0,3.0,0.0,3.0,3.0,0.0,0.0,0.0,0.0,0.0,1,0,0,0,0.0,37.0,0,1,0,0,1,0,0,0,0.0,37.0,18.5,0.0,0,0,0,0,0,0,2,37,0,0,61,-1,0,32,0.0,0.0,0.0,0.0,0.0,0.0,0.0,0.0
54809,443,6,53.0,0.0,53.0,0.0,17.6667,30.5996,0.0,0.0,0.0,0.0,77447.0,102665.872,175410.0,3.0,175792.0,77896.0,45938.555,175410.0,3.0,0.0,0.0,0.0,0.0,0.0,0,0,0,0,0.0,53.0,0,0,0,0,1,0,0,0,0.0,17.6667,17.6667,0.0,0,0,0,0,0,0,3,53,0,0,49210,-1,1,32,0.0,0.0,0.0,0.0,0.0,0.0,0.0,0.0
61698,53,17,40.0,116.0,40.0,40.0,40.0,0.0,116.0,116.0,116.0,0.0,63607.0,0.0,63607.0,63607.0,0.0,0.0,0.0,0.0,0.0,0.0,0.0,0.0,0.0,0.0,0,0,0,0,40.0,116.0,0,0,0,0,0,0,0,0,1.0,98.0,40.0,116.0,0,0,0,0,0,0,1,40,1,116,-1,-1,0,32,0.0,0.0,0.0,0.0,0.0,0.0,0.0,0.0
443,54061,6,0.0,0.0,0.0,0.0,0.0,0.0,0.0,0.0,0.0,0.0,65.0,0.0,65.0,65.0,0.0,0.0,0.0,0.0,0.0,0.0,0.0,0.0,0.0,0.0,0,0,0,0,0.0,0.0,0,0,0,0,1,1,0,0,1.0,0.0,0.0,0.0,0,0,0,0,0,0,1,0,1,0,120,837,0,32,0.0,0.0,0.0,0.0,0.0,0.0,0.0,0.0
35142,443,6,135.0,46.0,46.0,6.0,27.0,20.1246,46.0,46.0,46.0,0.0,1038104.4,2271018.227,4833132.0,3.0,5057213.0,1289052.25,2490937.186,4833132.0,3.0,0.0,0.0,0.0,0.0,0.0,1,0,0,0,6.0,46.0,0,1,0,0,1,0,0,0,0.0,37.8333,27.0,46.0,0,0,0,0,0,0,5,135,1,46,16248,40958,4,20,0.0,0.0,0.0,0.0,0.0,0.0,0.0,0.0
64527,443,6,135.0,46.0,46.0,6.0,27.0,20.1246,46.0,46.0,46.0,0.0,1037352.6,2249461.84,4968556.0,3.0,5189464.0,1272391.5,2357407.35,4968556.0,3.0,0.0,0.0,0.0,0.0,0.0,1,0,0,0,6.0,46.0,0,1,0,0,1,0,0,0,0.0,37.8333,27.0,46.0,0,0,0,0,0,0,5,135,1,46,16509,368,4,20,0.0,0.0,0.0,0.0,0.0,0.0,0.0,0.0
60686,53,17,109.0,251.0,63.0,46.0,54.5,12.0208,117.0,101.0,105.5,4.7477,16738432.0,29456055.092,39248752.0,31418.0,39338010.0,39338010.0,0.0,39338010.0,39338010.0,39349052.0,39349052.0,0.0,39349052.0,39349052.0,0,0,0,0,46.0,117.0,0,0,0,0,0,0,0,0,1.0,96.75,54.5,105.5,0,0,0,0,0,0,2,109,2,251,-1,-1,1,20,30987.0,0.0,30987.0,30987.0,39248795.0,0.0,39248755.0,39248795.0
443,59524,6,0.0,0.0,0.0,0.0,0.0,0.0,0.0,0.0,0.0,0.0,62.0,0.0,62.0,62.0,0.0,0.0,0.0,0.0,0.0,0.0,0.0,0.0,0.0,0.0,0,0,0,0,0.0,0.0,0,0,0,0,1,1,0,0,1.0,0.0,0.0,0.0,0,0,0,0,0,0,1,0,1,0,357,32832,0,32,0.0,0.0,0.0,0.0,0.0,0.0,0.0,0.0
57463,443,6,1190.0,2380.0,901.0,0.0,106.25,266.1681,1397.0,0.0,360.0,581.2281,2364.05,5296.104,15329.0,1.0,15754.0,3554.55,7712.341,21329.0,1.0,45553.0,6833.0,7999.522,15768.0,4.0,0,0,0,0,0.0,1397.0,0,0,0,1,0,0,0,0,0.0,186.6421,106.25,360.0,0,0,0,0,0,0,12,1190,6,2380,65535,32,11,20,0.0,0.0,0.0,0.0,0.0,0.0,0.0,0.0
44366,443,6,1364.0,1111.0,510.0,0.0,68.5385,162.5296,732.0,0.0,78.95,137.8465,3308422.71,4620581.474,10117012.0,3.0,117025337.0,6107544.46,4943869.76,10240049.0,3.0,114018923.0,7301333.21,4573690.942,10240216.0,3.0,0,0,0,0,0.0,732.0,0,0,0,1,0,0,0,0,0.0,61.6708,68.5385,78.95,0,0,0,0,0,0,19,1364,16,1111,29200,357,5,32,164905.18,357414.688,1660831.0,36601.0,10174489.45,55657.06,10117015.0,10011739.0
32832,80,6,0.0,0.0,0.0,0.0,0.0,0.0,0.0,0.0,0.0,0.0,151381.0,0.0,151381.0,151381.0,0.0,0.0,0.0,0.0,0.0,0.0,0.0,0.0,0.0,0.0,0,0,0,0,0.0,0.0,0,0,0,0,1,1,0,0,1.0,0.0,0.0,0.0,0,0,0,0,0,0,1,0,1,0,257,938,0,32,0.0,0.0,0.0,0.0,0.0,0.0,0.0,0.0
443,55536,6,0.0,0.0,0.0,0.0,0.0,0.0,0.0,0.0,0.0,0.0,263.0,0.0,263.0,263.0,263.0,263.0,0.0,263.0,263.0,0.0,0.0,0.0,0.0,0.0,0,0,0,0,0.0,0.0,0,0,0,0,1,0,0,0,0.0,0.0,0.0,0.0,0,0,0,0,0,0,2,0,0,0,5348,-1,0,32,0.0,0.0,0.0,0.0,0.0,0.0,0.0,0.0
443,57753,6,6.0,6.0,6.0,6.0,6.0,0.0,6.0,6.0,6.0,0.0,226.0,0.0,226.0,226.0,0.0,0.0,0.0,0.0,0.0,0.0,0.0,0.0,0.0,0.0,0,0,0,0,6.0,6.0,0,0,0,0,1,1,0,0,1.0,9.0,6.0,6.0,0,0,0,0,0,0,1,6,1,6,30,255,0,20,0.0,0.0,0.0,0.0,0.0,0.0,0.0,0.0
60185,53,17,54.0,70.0,54.0,54.0,54.0,0.0,70.0,70.0,70.0,0.0,31221.0,0.0,31221.0,31221.0,0.0,0.0,0.0,0.0,0.0,0.0,0.0,0.0,0.0,0.0,0,0,0,0,54.0,70.0,0,0,0,0,0,0,0,0,1.0,89.0,54.0,70.0,0,0,0,0,0,0,1,54,1,70,-1,-1,0,32,0.0,0.0,0.0,0.0,0.0,0.0,0.0,0.0
443,57684,6,12.0,0.0,6.0,6.0,6.0,0.0,0.0,0.0,0.0,0.0,3.0,0.0,3.0,3.0,3.0,3.0,0.0,3.0,3.0,0.0,0.0,0.0,0.0,0.0,0,0,0,0,6.0,6.0,0,0,0,0,1,0,0,0,0.0,9.0,6.0,0.0,0,0,0,0,0,0,2,12,0,0,5114,-1,1,20,0.0,0.0,0.0,0.0,0.0,0.0,0.0,0.0
61211,53,17,46.0,175.0,46.0,46.0,46.0,0.0,175.0,175.0,175.0,0.0,48914.0,0.0,48914.0,48914.0,0.0,0.0,0.0,0.0,0.0,0.0,0.0,0.0,0.0,0.0,0,0,0,0,46.0,175.0,0,0,0,0,0,0,0,0,1.0,133.5,46.0,175.0,0,0,0,0,0,0,1,46,1,175,-1,-1,0,32,0.0,0.0,0.0,0.0,0.0,0.0,0.0,0.0
60373,53,17,94.0,350.0,52.0,38.0,47.0,12.7284,280.0,130.0,175.0,122.9282,23507938.66,59236272.066,80592857.0,47042.0,80582387.0,80582387.0,0.0,80582387.0,80582387.0,80842588.0,80842588.0,0.0,80642588.0,80842588.0,0,0,0,0,38.0,280.0,0,0,0,0,0,0,0,0,1.0,129.25,47.0,175.0,0,0,0,0,0,0,2,94,2,350,-1,-1,1,20,42485.0,0.0,42485.0,42485.0,80592811.0,0.0,80592851.0,80592811.0
62435,53,17,51.0,67.0,51.0,51.0,51.0,0.0,67.0,67.0,67.0,0.0,78308.0,0.0,78308.0,78308.0,0.0,0.0,0.0,0.0,0.0,0.0,0.0,0.0,0.0,0.0,0,0,0,0,51.0,67.0,0,0,0,0,0,0,0,0,1.0,84.5,51.0,67.0,0,0,0,0,0,0,1,51,1,67,-1,-1,0,32,0.0,0.0,0.0,0.0,0.0,0.0,0.0,0.0
443,61397,6,0.0,0.0,0.0,0.0,0.0,0.0,0.0,0.0,0.0,0.0,3.0,0.0,3.0,3.0,3.0,3.0,0.0,3.0,3.0,0.0,0.0,0.0,0.0,0.0,0,0,0,0,0.0,0.0,0,0,0,0,1,0,0,0,0.0,0.0,0.0,0.0,0,0,0,0,0,0,2,0,0,0,5062,-1,0,32,0.0,0.0,0.0,0.0,0.0,0.0,0.0,0.0
28023,53,17,64.0,120.0,32.0,32.0,32.0,0.0,60.0,60.0,60.0,0.0,96.66,172.071,297.0,1.0,48.0,48.0,0.0,48.0,48.0,1.0,1.0,0.0,1.0,1.0,0,0,0,0,32.0,60.0,0,0,0,0,0,0,0,0,1.0,54.0,32.0,60.0,0,0,0,0,0,0,2,64,2,120,-1,-1,1,32,0.0,0.0,0.0,0.0,0.0,0.0,0.0,0.0
61216,53,17,56.0,122.0,56.0,56.0,56.0,0.0,122.0,122.0,122.0,0.0,30285.0,0.0,30285.0,30285.0,0.0,0.0,0.0,0.0,0.0,0.0,0.0,0.0,0.0,0.0,0,0,0,0,56.0,122.0,0,0,0,0,0,0,0,0,1.0,117.0,56.0,122.0,0,0,0,0,0,0,1,56,1,122,-1,-1,0,20,0.0,0.0,0.0,0.0,0.0,0.0,0.0,0.0
3906,53,17,58.0,186.0,29.0,29.0,29.0,0.0,93.0,93.0,93.0,0.0,74303.66,139315.86,223909.0,3.0,3.0,3.0,0.0,3.0,3.0,48.0,48.0,0.0,48.0,48.0,0,0,0,0,29.0,93.0,0,0,0,0,0,0,0,0,1.0,68.25,29.0,93.0,0,0,0,0,0,0,2,58,2,186,-1,-1,1,32,0.0,0.0,0.0,0.0,0.0,0.0,0.0,0.0
49785,443,6,772.0,53228.0,402.0,0.0,11.6667,69.1845,4220.0,0.0,1482.25,931.893,1137599.17,3105914.946,10012139.0,4.0,116735512.0,2252484.36,4156232.139,10067992.0,4.0,110465347.0,2299199.79,4054130.822,10163890.0,48.0,0,0,0,0,0.0,4220.0,0,0,0,1,0,0,0,0,1.0,845.9466,11.6667,1482.25,0,0,0,0,0,0,46,772,35,53228,8192,293,35,20,49454.9,137155.603,431828.0,23817.0,9605558.83,1322476.583,10012136.0,5255898.0
20638,53,17,68.0,158.0,34.0,34.0,34.0,0.0,79.0,79.0,79.0,0.0,7970.33,13799.262,23909.0,3.0,4.0,4.0,0.0,4.0,4.0,3.0,3.0,0.0,3.0,3.0,0,0,0,0,34.0,79.0,0,0,0,0,0,0,0,0,1.0,65.0,34.0,79.0,0,0,0,0,0,0,2,68,2,158,-1,-1,1,20,0.0,0.0,0.0,0.0,0.0,0.0,0.0,0.0
443,54436,6,6.0,6.0,6.0,6.0,6.0,0.0,6.0,6.0,6.0,0.0,26.0,0.0,26.0,26.0,0.0,0.0,0.0,0.0,0.0,0.0,0.0,0.0,0.0,0.0,0,0,0,0,6.0,6.0,1,0,0,0,1,0,0,0,1.0,9.0,6.0,6.0,0,0,0,0,0,0,1,6,1,6,31124,63182,0,20,0.0,0.0,0.0,0.0,0.0,0.0,0.0,0.0
60870,53,17,47.0,125.0,47.0,47.0,47.0,0.0,125.0,125.0,125.0,0.0,30682.0,0.0,30682.0,30682.0,0.0,0.0,0.0,0.0,0.0,0.0,0.0,0.0,0.0,0.0,0,0,0,0,47.0,125.0,0,0,0,0,0,0,0,0,1.0,109.5,47.0,125.0,0,0,0,0,0,0,1,47,1,125,-1,-1,0,40,0.0,0.0,0.0,0.0,0.0,0.0,0.0,0.0
61207,53,17,67.0,143.0,67.0,67.0,67.0,0.0,143.0,143.0,143.0,0.0,61569.0,0.0,61569.0,61569.0,0.0,0.0,0.0,0.0,0.0,0.0,0.0,0.0,0.0,0.0,0,0,0,0,67.0,143.0,0,0,0,0,0,0,0,0,1.0,148.5,67.0,143.0,0,0,0,0,0,0,1,67,1,143,-1,-1,0,20,0.0,0.0,0.0,0.0,0.0,0.0,0.0,0.0
48793,443,6,5492.0,11765.0,535.0,0.0,193.9059,222.9311,1448.0,0.0,588.0714,619.4654,1062256.36,1890644.431,11901428.0,9.0,43157905.0,1399740.83,2332329.732,11901478.0,36.0,48115760.0,1973140.82,2230923.909,11901437.0,48.0,0,0,0,0,0.0,1448.0,0,0,0,1,0,0,0,0,1.0,384.6822,193.9059,588.0714,0,0,0,0,0,0,33,5492,35,11765,29200,131,11,32,3999376.25,3915735.635,7225129.0,3297581.0,6730130.2,2715896.561,11901429.0,5781717.0
443,54215,6,0.0,0.0,0.0,0.0,0.0,0.0,0.0,0.0,0.0,0.0,91.0,0.0,91.0,91.0,0.0,0.0,0.0,0.0,0.0,0.0,0.0,0.0,0.0,0.0,0,0,0,0,0.0,0.0,0,0,0,0,1,1,0,0,1.0,0.0,0.0,0.0,0,0,0,0,0,0,1,0,1,0,122,33304,0,32,0.0,0.0,0.0,0.0,0.0,0.0,0.0,0.0
57600,443,6,1857.0,7374.0,1368.0,0.0,125.4706,360.5064,2920.0,0.0,720.0,992.2104,23337.03,61771.633,261169.0,3.0,592136.0,45641.04,85706.546,261161.0,3.0,591121.0,59907.36,89362.652,304941.0,48.0,0,0,0,0,0.0,2920.0,0,0,0,1,0,0,0,0,0.0,377.5341,125.4706,720.0,0,0,0,0,0,0,17,1857,10,7374,65535,62,6,32,0.0,0.0,0.0,0.0,0.0,0.0,0.0,0.0
62167,53,17,56.0,176.0,56.0,56.0,56.0,0.0,176.0,176.0,176.0,0.0,60309.0,0.0,60309.0,60309.0,0.0,0.0,0.0,0.0,0.0,0.0,0.0,0.0,0.0,0.0,0,0,0,0,56.0,176.0,0,0,0,0,0,0,0,0,1.0,144.0,56.0,176.0,0,0,0,0,0,0,1,56,1,176,-1,-1,0,20,0.0,0.0,0.0,0.0,0.0,0.0,0.0,0.0
57596,443,6,1528.0,3667.0,981.0,0.0,106.8,265.6433,1397.0,0.0,356.375,469.3003,4014.9,6286.093,15761.0,1.0,65056.0,5149.22,7512.875,20444.0,1.0,46506.0,4521.57,7250.599,15732.0,2.0,0,0,0,0,0.0,1397.0,0,0,0,1,0,0,0,0,0.0,209.0576,106.8,356.375,0,0,0,0,0,0,10,1528,8,3667,65535,32,9,20,0.0,0.0,0.0,0.0,0.0,0.0,0.0,0.0
34491,53,17,88.0,188.0,44.0,44.0,44.0,0.0,94.0,94.0,94.0,0.0,52.66,80.821,152.0,3.0,3.0,3.0,0.0,3.0,3.0,4.0,4.0,0.0,4.0,4.0,0,0,0,0,44.0,94.0,0,0,0,0,0,0,0,0,1.0,80.0,44.0,94.0,0,0,0,0,0,0,2,88,2,188,-1,-1,1,32,0.0,0.0,0.0,0.0,0.0,0.0,0.0,0.0
38947,80,6,0.0,0.0,0.0,0.0,0.0,0.0,0.0,0.0,0.0,0.0,674239.66,932224.933,2002457.0,74.0,1042209.0,621104.5,886251.139,1002470.0,39889.0,3042015.0,1546012.0,681252.698,2000985.0,1031545.0,0,0,0,0,0.0,0.0,0,0,0,1,0,0,0,0,1.0,0.0,0.0,0.0,0,0,0,0,0,0,3,0,3,0,29200,29,0,32,0.0,0.0,0.0,0.0,0.0,0.0,0.0,0.0
58645,53,17,68.0,100.0,34.0,34.0,34.0,0.0,50.0,50.0,50.0,0.0,58.33,63.845,125.0,2.0,48.0,48.0,0.0,48.0,48.0,2.0,2.0,0.0,2.0,2.0,0,0,0,0,34.0,50.0,0,0,0,0,0,0,0,0,1.0,50.5,34.0,50.0,0,0,0,0,0,0,2,68,2,100,-1,-1,1,32,0.0,0.0,0.0,0.0,0.0,0.0,0.0,0.0
50484,44319,6,0.0,24.0,0.0,0.0,0.0,0.0,6.0,6.0,6.0,0.0,136.4,225.554,435.0,1.0,589.0,294.0,0.0,489.0,599.0,191.0,96.33,133.187,192.0,1.0,0,0,0,0,0.0,6.0,0,0,0,0,1,0,0,0,4.0,4.0,0.0,6.0,0,0,0,0,0,0,2,0,4,24,972,0,0,32,0.0,0.0,0.0,0.0,0.0,0.0,0.0,0.0
57646,443,6,987.0,4975.0,469.0,0.0,65.3913,139.4399,1539.0,0.0,645.7778,754.7331,14297.31,28592.949,93767.0,1.0,394648.0,21917.19,32455.956,94167.0,1.0,268797.0,36349.75,49422.033,122623.0,51.0,0,0,0,0,0.0,1539.0,0,0,0,1,0,0,0,0,0.0,293.2857,65.3913,645.7778,0,0,0,0,0,0,13,987,9,4975,65535,114,6,32,0.0,0.0,0.0,0.0,0.0,0.0,0.0,0.0
60677,53,17,54.0,116.0,54.0,54.0,54.0,0.0,116.0,116.0,116.0,0.0,47901.0,0.0,47901.0,47901.0,0.0,0.0,0.0,0.0,0.0,0.0,0.0,0.0,0.0,0.0,0,0,0,0,54.0,116.0,0,0,0,0,0,0,0,0,1.0,112.0,54.0,116.0,0,0,0,0,0,0,1,54,1,116,-1,-1,0,20,0.0,0.0,0.0,0.0,0.0,0.0,0.0,0.0
61318,53,17,52.0,68.0,52.0,52.0,52.0,0.0,68.0,68.0,68.0,0.0,30309.0,0.0,30309.0,30309.0,0.0,0.0,0.0,0.0,0.0,0.0,0.0,0.0,0.0,0.0,0,0,0,0,52.0,68.0,0,0,0,0,0,0,0,0,1.0,86.0,52.0,68.0,0,0,0,0,0,0,1,52,1,68,-1,-1,0,20,0.0,0.0,0.0,0.0,0.0,0.0,0.0,0.0
48640,53,17,68.0,420.0,34.0,34.0,34.0,0.0,210.0,210.0,210.0,0.0,108.33,184.196,312.0,1.0,13.0,13.0,0.0,13.0,13.0,1.0,1.0,0.0,1.0,1.0,0,0,0,0,34.0,210.0,0,0,0,0,0,0,0,0,1.0,130.5,34.0,210.0,0,0,0,0,0,0,2,68,2,420,-1,-1,1,32,0.0,0.0,0.0,0.0,0.0,0.0,0.0,0.0
3443,46658,6,0.0,0.0,0.0,0.0,0.0,0.0,0.0,0.0,0.0,0.0,63.0,0.0,63.0,63.0,0.0,0.0,0.0,0.0,0.0,0.0,0.0,0.0,0.0,0.0,0,0,0,0,0.0,0.0,0,0,0,0,1,1,0,0,1.0,0.0,0.0,0.0,0,0,0,0,0,0,1,0,1,0,370,338,0,32,0.0,0.0,0.0,0.0,0.0,0.0,0.0,0.0
60580,53,17,62.0,78.0,62.0,62.0,62.0,0.0,78.0,78.0,78.0,0.0,30583.0,0.0,30583.0,30583.0,0.0,0.0,0.0,0.0,0.0,0.0,0.0,0.0,0.0,0.0,0,0,0,0,62.0,78.0,0,0,0,0,0,0,0,0,1.0,101.0,62.0,78.0,0,0,0,0,0,0,1,62,1,78,-1,-1,0,32,0.0,0.0,0.0,0.0,0.0,0.0,0.0,0.0
5001,53,17,88.0,246.0,44.0,44.0,44.0,0.0,123.0,123.0,123.0,0.0,15725.33,27221.347,47172.0,1.0,1.0,1.0,0.0,1.0,1.0,3.0,3.0,0.0,3.0,3.0,0,0,0,0,44.0,123.0,0,0,0,0,0,0,0,0,1.0,94.5,44.0,123.0,0,0,0,0,0,0,2,88,2,246,-1,-1,1,32,0.0,0.0,0.0,0.0,0.0,0.0,0.0,0.0
12852,53,17,92.0,254.0,46.0,46.0,46.0,0.0,127.0,127.0,127.0,0.0,78.0,91.511,182.0,1.0,48.0,48.0,0.0,48.0,48.0,1.0,1.0,0.0,1.0,1.0,0,0,0,0,46.0,127.0,0,0,0,0,0,0,0,0,1.0,98.0,46.0,127.0,0,0,0,0,0,0,2,92,2,254,-1,-1,1,20,0.0,0.0,0.0,0.0,0.0,0.0,0.0,0.0
37855,49603,6,6.0,12.0,6.0,6.0,6.0,0.0,6.0,6.0,6.0,0.0,28.5,37.256,53.0,3.0,0.0,0.0,0.0,0.0,0.0,3.0,3.0,0.0,3.0,3.0,0,0,0,0,6.0,6.0,0,0,0,0,1,1,0,0,2.0,8.0,6.0,6.0,0,0,0,0,0,0,1,6,2,12,2052,2256,0,20,0.0,0.0,0.0,0.0,0.0,0.0,0.0,0.0
443,56241,6,0.0,0.0,0.0,0.0,0.0,0.0,0.0,0.0,0.0,0.0,92.0,0.0,92.0,92.0,0.0,0.0,0.0,0.0,0.0,0.0,0.0,0.0,0.0,0.0,0,0,0,0,0.0,0.0,0,0,0,0,1,1,0,0,1.0,0.0,0.0,0.0,0,0,0,0,0,0,1,0,1,0,349,32832,0,32,0.0,0.0,0.0,0.0,0.0,0.0,0.0,0.0
61989,53,17,92.0,284.0,92.0,92.0,92.0,0.0,284.0,284.0,284.0,0.0,31424.0,0.0,31424.0,31424.0,0.0,0.0,0.0,0.0,0.0,0.0,0.0,0.0,0.0,0.0,0,0,0,0,92.0,284.0,0,0,0,0,0,0,0,0,1.0,204.0,92.0,284.0,0,0,0,0,0,0,1,92,1,284,-1,-1,0,40,0.0,0.0,0.0,0.0,0.0,0.0,0.0,0.0
50168,53,17,82.0,114.0,41.0,41.0,41.0,0.0,57.0,57.0,57.0,0.0,51.0,84.793,146.0,4.0,4.0,4.0,0.0,4.0,4.0,4.0,4.0,0.0,4.0,4.0,0,0,0,0,41.0,57.0,0,0,0,0,0,0,0,0,1.0,59.25,41.0,57.0,0,0,0,0,0,0,2,82,2,114,-1,-1,1,20,0.0,0.0,0.0,0.0,0.0,0.0,0.0,0.0
32870,443,6,739.0,10365.0,393.0,0.0,40.9167,102.0246,1418.0,0.0,636.6333,650.7616,1622101.8,3525305.212,10026541.0,2.0,61274392.0,3344299.18,4772518.834,10082024.0,3.0,61079762.0,3048900.27,4919308.953,10080084.0,2.0,0,0,0,0,0.0,1418.0,0,0,0,1,0,0,0,0,0.0,310.3474,40.9167,636.6333,0,0,0,0,0,0,18,739,18,10365,29200,359,4,32,176843.33,103178.189,301346.0,50314.0,9924022.0,117367.132,10026547.0,9779987.0
61381,53,17,66.0,130.0,66.0,66.0,66.0,0.0,130.0,130.0,130.0,0.0,394128.0,1000000.0,394128.0,394128.0,0.0,0.0,0.0,0.0,0.0,0.0,0.0,0.0,0.0,0.0,0,0,0,0,66.0,130.0,0,0,0,0,0,0,0,0,1.0,131.0,66.0,130.0,0,0,0,0,0,0,1,66,1,130,-1,-1,0,32,0.0,0.0,0.0,0.0,0.0,0.0,0.0,0.0
7777,53,17,66.0,246.0,33.0,33.0,33.0,0.0,123.0,123.0,123.0,0.0,65.0,32.746,107.0,47.0,47.0,47.0,0.0,47.0,47.0,49.0,49.0,0.0,49.0,49.0,0,0,0,0,33.0,123.0,0,0,0,0,0,0,0,0,1.0,86.25,33.0,123.0,0,0,0,0,0,0,2,66,2,246,-1,-1,1,32,0.0,0.0,0.0,0.0,0.0,0.0,0.0,0.0
62253,443,6,1765.0,3388.0,1129.0,0.0,127.5,352.6621,1448.0,0.0,260.4286,496.5168,13292.75,21568.285,61165.0,1.0,299361.0,29404.7,24269.895,62164.0,1.0,178277.0,32137.83,48240.676,94649.0,2.0,0,0,0,0,0.0,1448.0,0,0,0,1,0,0,0,0,0.0,172.0,127.5,260.4286,0,0,0,0,0,0,14,1765,7,3388,65535,93,6,32,0.0,0.0,0.0,0.0,0.0,0.0,0.0,0.0
51949,443,6,12.0,0.0,6.0,6.0,6.0,0.0,0.0,0.0,0.0,0.0,1.0,0.0,1.0,1.0,1.0,1.0,0.0,1.0,1.0,0.0,0.0,0.0,0.0,0.0,0,0,0,0,6.0,6.0,1,0,0,0,0,0,0,0,0.0,9.0,6.0,0.0,0,0,0,0,0,0,2,12,0,0,0,-1,1,20,0.0,0.0,0.0,0.0,0.0,0.0,0.0,0.0
54218,80,6,874.0,13404.0,437.0,0.0,44.125,133.2944,2896.0,0.0,904.3333,888.4545,2750052.58,4482110.374,10018244.0,35.0,78865736.0,5273653.1,5015796.576,10034035.0,161.0,71796331.0,5717153.0,4914132.092,10030089.0,48.0,0,0,0,0,0.0,2896.0,0,0,0,1,0,0,0,0,1.0,596.5338,44.125,904.3333,0,0,0,0,0,0,16,874,23,13404,29200,972,2,32,34422.14,17025.644,42847.0,23445.0,10018658.71,8208.119,10018240.0,9999347.0
61771,53,17,58.0,186.0,58.0,58.0,58.0,0.0,186.0,186.0,186.0,0.0,30350.0,0.0,30350.0,30350.0,0.0,0.0,0.0,0.0,0.0,0.0,0.0,0.0,0.0,0.0,0,0,0,0,58.0,186.0,0,0,0,0,0,0,0,0,1.0,151.0,58.0,186.0,0,0,0,0,0,0,1,58,1,186,-1,-1,0,20,0.0,0.0,0.0,0.0,0.0,0.0,0.0,0.0
60544,443,6,1104.0,4721.0,639.0,0.0,100.7143,203.8287,1448.0,0.0,546.375,655.9549,12590.93,21527.599,62524.0,1.0,242395.0,23724.76,27455.449,62224.0,1.0,219100.0,26410.85,35896.302,72302.0,1.0,0,0,0,0,0.0,1448.0,0,0,0,1,0,0,0,0,0.0,298.5612,100.7143,546.375,0,0,0,0,0,0,14,1104,8,4721,65535,116,6,32,0.0,0.0,0.0,0.0,0.0,0.0,0.0,0.0
57575,53,17,78.0,110.0,39.0,39.0,39.0,0.0,55.0,55.0,55.0,0.0,57.33,56.71,121.0,3.0,48.0,48.0,0.0,48.0,48.0,3.0,3.0,0.0,3.0,3.0,0,0,0,0,39.0,55.0,0,0,0,0,0,0,0,0,1.0,56.75,39.0,55.0,0,0,0,0,0,0,2,78,2,110,-1,-1,1,20,0.0,0.0,0.0,0.0,0.0,0.0,0.0,0.0
53807,53,17,148.0,204.0,37.0,37.0,37.0,0.0,102.0,102.0,102.0,0.0,13214.8,17059.326,38927.0,3.0,30938.0,10316.66,17898.685,30922.0,3.0,3.0,3.0,0.0,3.0,3.0,0,0,0,0,37.0,102.0,0,0,0,0,0,0,0,0,0.0,64.5,37.0,102.0,0,0,0,0,0,0,4,148,2,204,-1,-1,3,20,0.0,0.0,0.0,0.0,0.0,0.0,0.0,0.0
80,48865,6,0.0,0.0,0.0,0.0,0.0,0.0,0.0,0.0,0.0,0.0,3.0,0.0,3.0,3.0,3.0,3.0,0.0,3.0,3.0,0.0,0.0,0.0,0.0,0.0,0,0,0,0,0.0,0.0,0,0,0,0,1,0,0,0,0.0,0.0,0.0,0.0,0,0,0,0,0,0,2,0,0,0,4340,-1,0,32,0.0,0.0,0.0,0.0,0.0,0.0,0.0,0.0
443,43062,6,0.0,0.0,0.0,0.0,0.0,0.0,0.0,0.0,0.0,0.0,26130.5,36638.797,52258.0,38.0,52361.0,52361.0,0.0,52361.0,52361.0,0.0,0.0,0.0,0.0,0.0,0,0,0,0,0.0,0.0,0,0,0,0,1,0,0,0,0.0,0.0,0.0,0.0,0,0,0,0,0,0,2,0,1,0,127,51432,0,32,0.0,0.0,0.0,0.0,0.0,0.0,0.0,0.0
52960,53,17,88.0,120.0,44.0,44.0,44.0,0.0,60.0,60.0,60.0,0.0,56.33,55.501,114.0,4.0,4.0,4.0,0.0,4.0,4.0,47.0,47.0,0.0,47.0,47.0,0,0,0,0,44.0,60.0,0,0,0,0,0,0,0,0,1.0,63.0,44.0,60.0,0,0,0,0,0,0,2,88,2,120,-1,-1,1,32,0.0,0.0,0.0,0.0,0.0,0.0,0.0,0.0
61317,53,17,62.0,278.0,31.0,31.0,31.0,0.0,139.0,139.0,139.0,0.0,79.0,137.046,239.0,3.0,3.0,3.0,0.0,3.0,3.0,3.0,3.0,0.0,3.0,3.0,0,0,0,0,31.0,139.0,0,0,0,0,0,0,0,0,1.0,92.75,31.0,139.0,0,0,0,0,0,0,2,62,2,278,-1,-1,1,20,0.0,0.0,0.0,0.0,0.0,0.0,0.0,0.0
123,123,17,48.0,48.0,48.0,48.0,48.0,0.0,48.0,48.0,48.0,0.0,36623.0,0.0,36623.0,36623.0,0.0,0.0,0.0,0.0,0.0,0.0,0.0,0.0,0.0,0.0,0,0,0,0,48.0,48.0,0,0,0,0,0,0,0,0,1.0,72.0,48.0,48.0,0,0,0,0,0,0,1,48,1,48,-1,-1,0,20,0.0,0.0,0.0,0.0,0.0,0.0,0.0,0.0
443,50380,6,0.0,0.0,0.0,0.0,0.0,0.0,0.0,0.0,0.0,0.0,46.0,0.0,46.0,46.0,0.0,0.0,0.0,0.0,0.0,0.0,0.0,0.0,0.0,0.0,0,0,0,0,0.0,0.0,0,0,0,0,1,1,0,0,1.0,0.0,0.0,0.0,0,0,0,0,0,0,1,0,1,0,352,32832,0,32,0.0,0.0,0.0,0.0,0.0,0.0,0.0,0.0
443,60694,6,18.0,6.0,6.0,6.0,6.0,0.0,6.0,6.0,6.0,0.0,108.33,146.81,230.0,32.0,316.0,158.0,223.249,213.0,49.0,0.0,0.0,0.0,0.0,0.0,0,0,0,0,6.0,6.0,0,0,0,0,1,0,0,0,0.0,7.5,6.0,6.0,0,0,0,0,0,0,3,18,1,6,10032,32850,2,20,0.0,0.0,0.0,0.0,0.0,0.0,0.0,0.0
62178,53,17,52.0,220.0,52.0,52.0,52.0,0.0,220.0,220.0,220.0,0.0,23448.0,0.0,23448.0,23448.0,0.0,0.0,0.0,0.0,0.0,0.0,0.0,0.0,0.0,0.0,0,0,0,0,52.0,220.0,0,0,0,0,0,0,0,0,1.0,162.0,52.0,220.0,0,0,0,0,0,0,1,52,1,220,-1,-1,0,20,0.0,0.0,0.0,0.0,0.0,0.0,0.0,0.0
53107,53,17,74.0,262.0,37.0,37.0,37.0,0.0,131.0,131.0,131.0,0.0,20600.0,35662.498,61798.0,3.0,3.0,3.0,0.0,3.0,3.0,3.0,3.0,0.0,3.0,3.0,0,0,0,0,37.0,131.0,0,0,0,0,0,0,0,0,1.0,93.25,37.0,131.0,0,0,0,0,0,0,2,74,2,262,-1,-1,1,32,0.0,0.0,0.0,0.0,0.0,0.0,0.0,0.0
60297,53,17,39.0,136.0,39.0,39.0,39.0,0.0,136.0,136.0,136.0,0.0,48592.0,0.0,48592.0,48592.0,0.0,0.0,0.0,0.0,0.0,0.0,0.0,0.0,0.0,0.0,0,0,0,0,39.0,136.0,0,0,0,0,0,0,0,0,1.0,107.0,39.0,136.0,0,0,0,0,0,0,1,39,1,136,-1,-1,0,40,0.0,0.0,0.0,0.0,0.0,0.0,0.0,0.0
4303,443,6,1955.0,1243.0,1448.0,0.0,174.9091,425.0026,1065.0,0.0,140.5714,354.1464,12911.91,19177.377,53010.0,3.0,217941.0,14349.9,27783.759,53611.0,3.0,218813.0,26969.33,27292.738,53235.0,441.0,0,0,0,0,0.0,1448.0,0,0,0,1,0,0,0,0,0.0,165.8878,174.9091,140.5714,0,0,0,0,0,0,11,1955,7,1243,65535,362,6,32,0.0,0.0,0.0,0.0,0.0,0.0,0.0,0.0
3981,443,6,12.0,0.0,6.0,6.0,6.0,0.0,0.0,0.0,0.0,0.0,7222214.0,0.0,7222214.0,7222214.0,7222214.0,7222214.0,0.0,7222214.0,7222214.0,0.0,0.0,0.0,0.0,0.0,0,0,0,0,6.0,6.0,0,0,0,0,1,0,0,0,0.0,9.0,6.0,0.0,0,0,0,0,0,0,2,12,0,0,63568,-1,1,20,0.0,0.0,0.0,0.0,0.0,0.0,0.0,0.0
443,50258,6,12.0,0.0,6.0,6.0,6.0,0.0,0.0,0.0,0.0,0.0,203.0,0.0,203.0,203.0,203.0,203.0,0.0,203.0,203.0,0.0,0.0,0.0,0.0,0.0,0,0,0,0,6.0,6.0,0,0,0,0,1,0,0,0,0.0,9.0,6.0,0.0,0,0,0,0,0,0,2,12,0,0,8780,-1,1,20,0.0,0.0,0.0,0.0,0.0,0.0,0.0,0.0
443,40400,6,31.0,0.0,31.0,0.0,10.3333,17.8979,0.0,0.0,0.0,0.0,148.5,139.582,241.0,48.0,295.0,147.5,108.573,241.0,48.0,0.0,0.0,0.0,0.0,0.0,0,0,0,0,0.0,31.0,0,0,0,0,1,0,0,0,0.0,10.3333,10.3333,0.0,0,0,0,0,0,0,3,31,0,0,110,-1,1,32,0.0,0.0,0.0,0.0,0.0,0.0,0.0,0.0
51741,443,6,0.0,0.0,0.0,0.0,0.0,0.0,0.0,0.0,0.0,0.0,26530.5,37888.646,53048.0,0.0,0.0,0.0,0.0,0.0,0.0,0.0,0.0,0.0,0.0,0.0,0,0,0,0,0.0,0.0,0,0,0,0,1,1,0,0,0.0,0.0,0.0,0.0,0,0,0,0,0,0,2,0,1,0,32832,357,0,32,0.0,0.0,0.0,0.0,0.0,0.0,0.0,0.0
63049,53,17,140.0,192.0,35.0,35.0,35.0,0.0,96.0,96.0,96.0,0.0,19353.2,26969.289,63234.0,3.0,61387.0,20422.33,35144.53,61334.0,3.0,47.0,47.0,0.0,47.0,47.0,0,0,0,0,35.0,96.0,0,0,0,0,0,0,0,0,0.0,61.5,35.0,96.0,0,0,0,0,0,0,4,140,2,192,-1,-1,3,20,0.0,0.0,0.0,0.0,0.0,0.0,0.0,0.0
50816,443,6,371.0,3166.0,194.0,0.0,46.1,71.4093,1689.0,2.0,581.2,863.7539,446169.83,1519223.944,5404407.0,19.0,5655059.0,773764.77,2078010.343,5404407.0,48.0,76186.0,19323.0,27337.785,45641.0,2622.0,0,0,0,0,0.0,1689.0,0,0,0,1,0,0,0,0,0.0,266.0,46.1,581.2,0,0,0,0,0,0,5,371,5,3166,8192,30016,3,20,253187.0,0.0,253187.0,253187.0,5404456.0,0.0,5404456.0,5404456.0
61847,443,6,896.0,1471.0,645.0,0.0,89.6,201.1032,1333.0,0.0,294.2,583.7732,12610.07,20315.218,50867.0,24.0,141489.0,15299.9,22587.037,52308.0,48.0,107021.0,26005.25,29473.06,51790.0,329.0,0,0,0,0,0.0,1333.0,0,0,0,1,0,0,0,0,0.0,157.8,89.6,294.2,0,0,0,0,0,0,10,896,5,1471,65535,115,5,32,0.0,0.0,0.0,0.0,0.0,0.0,0.0,0.0
46197,443,6,909.0,4147.0,599.0,0.0,92.6154,192.1545,1448.0,0.0,530.125,635.45,718192.0,2776513.214,10180451.0,3.0,392957.0,41665.83,78554.365,248059.0,224.0,10119328.0,1164781.71,3638261.565,10200115.0,3.0,0,0,0,0,0.0,1448.0,0,0,0,1,0,0,0,0,1.0,315.4238,92.6154,530.125,0,0,0,0,0,0,7,909,8,4147,29200,243,3,32,0.0,0.0,0.0,0.0,0.0,0.0,0.0,0.0
60699,53,17,44.0,101.0,44.0,44.0,44.0,0.0,101.0,101.0,101.0,0.0,30776.0,0.0,30776.0,30776.0,0.0,0.0,0.0,0.0,0.0,0.0,0.0,0.0,0.0,0.0,0,0,0,0,44.0,101.0,0,0,0,0,0,0,0,0,1.0,94.5,44.0,101.0,0,0,0,0,0,0,1,44,1,101,-1,-1,0,32,0.0,0.0,0.0,0.0,0.0,0.0,0.0,0.0
39396,443,6,12.0,6.0,6.0,6.0,6.0,0.0,6.0,6.0,6.0,0.0,19434.0,0.0,19434.0,19434.0,19434.0,19434.0,0.0,19434.0,19434.0,0.0,0.0,0.0,0.0,0.0,0,0,0,0,6.0,6.0,0,0,0,0,1,0,0,0,0.0,8.0,6.0,6.0,0,0,0,0,0,0,2,12,1,6,64209,40000,1,20,0.0,0.0,0.0,0.0,0.0,0.0,0.0,0.0
57939,443,6,1202.0,3601.0,527.0,0.0,71.0909,145.707,1524.0,0.0,266.375,505.9633,2819264.11,4456726.892,10005931.0,3.0,115370787.0,5704690.95,4978260.521,10032633.0,3.0,110749720.0,6188422.23,5032901.568,10031614.0,15.0,0,0,0,0,0.0,1524.0,0,0,0,1,0,0,0,0,0.0,155.8902,71.0909,266.375,0,0,0,0,0,0,21,1202,16,3601,8192,980,20,20,25790.54,31018.329,35051.0,22227.0,9590579.5,1311429.374,10005938.0,5044228.0
443,57497,6,6.0,6.0,6.0,6.0,6.0,0.0,6.0,6.0,6.0,0.0,20.0,0.0,20.0,20.0,0.0,0.0,0.0,0.0,0.0,0.0,0.0,0.0,0.0,0.0,0,0,0,0,6.0,6.0,0,0,0,0,1,1,0,0,1.0,9.0,6.0,6.0,0,0,0,0,0,0,1,6,1,6,292,255,0,20,0.0,0.0,0.0,0.0,0.0,0.0,0.0,0.0
52351,53,17,154.0,532.0,46.0,26.0,26.7143,1.9911,163.0,159.0,151.0,55.9991,7922628.85,29893078.599,90432419.0,3.0,99658283.0,19979094.33,38563174.09,90504236.0,3.0,99612925.0,39404388.66,51335334.979,90512123.0,3.0,0,0,0,0,26.0,163.0,0,0,0,0,0,0,0,0,1.0,93.0,26.7143,151.0,0,0,0,0,0,0,7,154,4,532,-1,-1,6,20,102492.5,18.047,102944.0,102285.0,94582537.5,254979.133,90432410.0,98333171.0
61838,53,17,60.0,264.0,60.0,60.0,60.0,0.0,264.0,264.0,264.0,0.0,60467.0,0.0,60467.0,60467.0,0.0,0.0,0.0,0.0,0.0,0.0,0.0,0.0,0.0,0.0,0,0,0,0,60.0,264.0,0,0,0,0,0,0,0,0,1.0,182.0,60.0,264.0,0,0,0,0,0,0,1,60,1,264,-1,-1,0,32,0.0,0.0,0.0,0.0,0.0,0.0,0.0,0.0
6121,443,6,781.0,5796.0,435.0,0.0,37.1053,99.4819,1460.0,0.0,247.1744,488.8823,3034867.96,4595555.592,10008694.0,18.0,115343453.0,7670454.63,4175983.503,10031566.0,649.0,110333799.0,6406347.23,4919949.086,10034947.0,49.0,0,0,0,0,0.0,1460.0,0,0,0,1,0,0,0,0,0.0,130.4778,37.1053,247.1744,0,0,0,0,0,0,20,781,17,5796,8192,980,19,20,24853.63,79856.381,167864.0,21869.0,10002287.09,4378.995,10008691.0,9993186.0
443,57771,6,37.0,0.0,37.0,0.0,18.5,26.163,0.0,0.0,0.0,0.0,4.0,0.0,4.0,4.0,4.0,4.0,0.0,4.0,4.0,0.0,0.0,0.0,0.0,0.0,1,0,0,0,0.0,37.0,0,1,0,0,1,0,0,0,0.0,37.0,18.5,0.0,0,0,0,0,0,0,2,37,0,0,116,-1,0,32,0.0,0.0,0.0,0.0,0.0,0.0,0.0,0.0
49593,443,6,12.0,0.0,6.0,6.0,6.0,0.0,0.0,0.0,0.0,0.0,3.0,0.0,3.0,3.0,3.0,3.0,0.0,3.0,3.0,0.0,0.0,0.0,0.0,0.0,0,0,0,0,6.0,6.0,1,0,0,0,0,0,0,0,0.0,9.0,6.0,0.0,0,0,0,0,0,0,2,12,0,0,0,-1,1,20,0.0,0.0,0.0,0.0,0.0,0.0,0.0,0.0
62729,53,17,60.0,264.0,30.0,30.0,30.0,0.0,132.0,132.0,132.0,0.0,59.33,96.507,170.0,3.0,3.0,3.0,0.0,3.0,3.0,3.0,3.0,0.0,3.0,3.0,0,0,0,0,30.0,132.0,0,0,0,0,0,0,0,0,1.0,88.5,30.0,132.0,0,0,0,0,0,0,2,60,2,264,-1,-1,1,32,0.0,0.0,0.0,0.0,0.0,0.0,0.0,0.0
80,49931,6,50.0,0.0,50.0,0.0,20.0,30.0,0.0,0.0,0.0,0.0,4.0,0.0,4.0,4.0,4.0,4.0,0.0,4.0,4.0,0.0,0.0,0.0,0.0,0.0,0,0,0,0,0.0,50.0,0,0,0,0,1,0,0,0,0.0,50.0,20.0,0.0,0,0,0,0,0,0,2,50,0,0,4380,-1,0,32,0.0,0.0,0.0,0.0,0.0,0.0,0.0,0.0
57268,443,6,123.0,46.0,46.0,0.0,24.6,23.2766,46.0,46.0,46.0,0.0,735009.6,1513437.575,3794186.0,3.0,3753109.0,963772.25,1766766.353,3794186.0,3.0,0.0,0.0,0.0,0.0,0.0,1,0,0,0,0.0,46.0,0,1,0,0,1,0,0,0,0.0,35.8333,24.6,46.0,0,0,0,0,0,0,5,123,1,46,332,122,2,32,0.0,0.0,0.0,0.0,0.0,0.0,0.0,0.0
59774,53,17,152.0,106.0,38.0,38.0,38.0,0.0,53.0,53.0,53.0,0.0,15513.4,21166.505,61419.0,4.0,31529.0,10543.66,18492.729,31519.0,4.0,4.0,4.0,0.0,4.0,4.0,0,0,0,0,38.0,53.0,0,0,0,0,0,0,0,0,0.0,49.0,38.0,53.0,0,0,0,0,0,0,4,152,2,106,-1,-1,3,20,0.0,0.0,0.0,0.0,0.0,0.0,0.0,0.0
51164,443,6,599.0,160.0,517.0,0.0,85.5714,191.3085,160.0,0.0,53.3333,92.376,665498.55,1823024.292,5347320.0,4.0,5418484.0,909498.33,2219305.326,5443118.0,4.0,87097.0,47099.5,29793.881,62712.0,27904.0,0,0,0,0,0.0,517.0,0,0,0,1,0,0,0,0,0.0,75.2727,85.5714,53.3333,0,0,0,0,0,0,7,599,3,160,29200,59,3,32,105567.0,0.0,105567.0,105567.0,5347364.0,0.0,5347324.0,5347364.0
443,59550,6,12.0,0.0,6.0,6.0,6.0,0.0,0.0,0.0,0.0,0.0,1000202.0,0.0,1000202.0,1000202.0,1000202.0,1000202.0,0.0,1000202.0,1000202.0,0.0,0.0,0.0,0.0,0.0,0,0,0,0,6.0,6.0,0,0,0,0,1,0,0,0,0.0,9.0,6.0,0.0,0,0,0,0,0,0,2,12,0,0,23380,-1,1,20,0.0,0.0,0.0,0.0,0.0,0.0,0.0,0.0
51607,443,6,998.0,5068.0,517.0,0.0,116.3333,203.2755,1448.0,0.0,421.6667,619.1463,70168.8,114629.792,229143.0,1.0,509662.0,66490.75,139216.672,300443.0,174.0,595009.0,42907.54,123532.08,264938.0,1.0,0,0,0,0,0.0,1448.0,0,0,0,1,0,0,0,0,1.0,318.4744,116.3333,421.6667,0,0,0,0,0,0,9,998,12,5068,29200,245,3,32,0.0,0.0,0.0,0.0,0.0,0.0,0.0,0.0
60393,53,17,46.0,74.0,46.0,46.0,46.0,0.0,74.0,74.0,74.0,0.0,30313.0,0.0,30313.0,30313.0,0.0,0.0,0.0,0.0,0.0,0.0,0.0,0.0,0.0,0.0,0,0,0,0,46.0,74.0,0,0,0,0,0,0,0,0,1.0,83.0,46.0,74.0,0,0,0,0,0,0,1,46,1,74,-1,-1,0,32,0.0,0.0,0.0,0.0,0.0,0.0,0.0,0.0
443,55655,6,6.0,6.0,6.0,6.0,6.0,0.0,6.0,6.0,6.0,0.0,25.0,0.0,25.0,25.0,0.0,0.0,0.0,0.0,0.0,0.0,0.0,0.0,0.0,0.0,0,0,0,0,6.0,6.0,0,0,0,0,1,0,0,0,1.0,9.0,6.0,6.0,0,0,0,0,0,0,1,6,1,6,32,32850,0,20,0.0,0.0,0.0,0.0,0.0,0.0,0.0,0.0
40084,53,17,60.0,264.0,30.0,30.0,30.0,0.0,132.0,132.0,132.0,0.0,121.33,131.311,359.0,1.0,48.0,48.0,0.0,48.0,48.0,1.0,1.0,0.0,1.0,1.0,0,0,0,0,30.0,132.0,0,0,0,0,0,0,0,0,1.0,88.5,30.0,132.0,0,0,0,0,0,0,2,60,2,264,-1,-1,1,32,0.0,0.0,0.0,0.0,0.0,0.0,0.0,0.0
59290,53,17,60.0,92.0,30.0,30.0,30.0,0.0,46.0,46.0,46.0,0.0,52.33,84.47,150.0,3.0,3.0,3.0,0.0,3.0,3.0,3.0,3.0,0.0,3.0,3.0,0,0,0,0,30.0,46.0,0,0,0,0,0,0,0,0,1.0,45.5,30.0,46.0,0,0,0,0,0,0,2,60,2,92,-1,-1,1,32,0.0,0.0,0.0,0.0,0.0,0.0,0.0,0.0
53774,53,17,74.0,154.0,37.0,37.0,37.0,0.0,77.0,77.0,77.0,0.0,48.66,80.224,140.0,3.0,3.0,3.0,0.0,3.0,3.0,4.0,4.0,0.0,4.0,4.0,0,0,0,0,37.0,77.0,0,0,0,0,0,0,0,0,1.0,66.25,37.0,77.0,0,0,0,0,0,0,2,74,2,154,-1,-1,1,20,0.0,0.0,0.0,0.0,0.0,0.0,0.0,0.0
35119,53,17,84.0,362.0,42.0,42.0,42.0,0.0,181.0,181.0,181.0,0.0,10519.0,18138.761,31400.0,1.0,1.0,1.0,0.0,1.0,1.0,1.0,1.0,0.0,1.0,1.0,0,0,0,0,42.0,181.0,0,0,0,0,0,0,0,0,1.0,122.0,42.0,181.0,0,0,0,0,0,0,2,84,2,362,-1,-1,1,40,0.0,0.0,0.0,0.0,0.0,0.0,0.0,0.0
60816,53,17,67.0,111.0,67.0,67.0,67.0,0.0,111.0,111.0,111.0,0.0,61003.0,0.0,61003.0,61003.0,0.0,0.0,0.0,0.0,0.0,0.0,0.0,0.0,0.0,0.0,0,0,0,0,67.0,111.0,0,0,0,0,0,0,0,0,1.0,112.5,67.0,111.0,0,0,0,0,0,0,1,67,1,111,-1,-1,0,32,0.0,0.0,0.0,0.0,0.0,0.0,0.0,0.0
49173,443,6,975.0,5483.0,565.0,0.0,42.7692,119.3934,1448.0,0.0,274.7143,508.0539,2956694.64,4510297.324,10031542.0,6.0,115628190.0,5515247.0,4967968.753,10068014.0,48.0,110670251.0,6156562.64,5028748.81,10088399.0,49.0,0,0,0,0,0.0,1448.0,0,0,0,1,0,0,0,0,0.0,155.0,42.7692,274.7143,0,0,0,0,0,0,21,975,18,5483,29200,4691,4,32,48242.36,23390.863,176165.0,36714.0,10021905.54,4880.603,10031548.0,9996411.0
443,48688,6,0.0,0.0,0.0,0.0,0.0,0.0,0.0,0.0,0.0,0.0,64.0,0.0,64.0,64.0,0.0,0.0,0.0,0.0,0.0,0.0,0.0,0.0,0.0,0.0,0,0,0,0,0.0,0.0,0,0,0,0,1,1,0,0,1.0,0.0,0.0,0.0,0,0,0,0,0,0,1,0,1,0,351,329,0,32,0.0,0.0,0.0,0.0,0.0,0.0,0.0,0.0
49593,53,17,64.0,158.0,32.0,32.0,32.0,0.0,79.0,79.0,79.0,0.0,57.66,103.53,168.0,1.0,1.0,1.0,0.0,1.0,1.0,1.0,1.0,0.0,1.0,1.0,0,0,0,0,32.0,79.0,0,0,0,0,0,0,0,0,1.0,63.5,32.0,79.0,0,0,0,0,0,0,2,64,2,158,-1,-1,1,32,0.0,0.0,0.0,0.0,0.0,0.0,0.0,0.0
45133,443,6,31.0,0.0,31.0,0.0,15.5,21.9203,0.0,0.0,0.0,0.0,3.0,0.0,3.0,3.0,3.0,3.0,0.0,3.0,3.0,0.0,0.0,0.0,0.0,0.0,1,0,0,0,0.0,31.0,0,1,0,0,1,0,0,0,0.0,31.0,15.5,0.0,0,0,0,0,0,0,2,31,0,0,324,-1,0,32,0.0,0.0,0.0,0.0,0.0,0.0,0.0,0.0
80,52365,6,6.0,6.0,6.0,6.0,6.0,0.0,6.0,6.0,6.0,0.0,32.0,0.0,32.0,32.0,0.0,0.0,0.0,0.0,0.0,0.0,0.0,0.0,0.0,0.0,0,0,0,0,6.0,6.0,0,0,0,0,1,1,0,0,1.0,9.0,6.0,6.0,0,0,0,0,0,0,1,6,1,6,112,256,0,20,0.0,0.0,0.0,0.0,0.0,0.0,0.0,0.0
64872,443,6,0.0,0.0,0.0,0.0,0.0,0.0,0.0,0.0,0.0,0.0,3.0,0.0,3.0,3.0,3.0,3.0,0.0,3.0,3.0,0.0,0.0,0.0,0.0,0.0,0,0,0,0,0.0,0.0,0,0,0,0,1,1,0,0,0.0,0.0,0.0,0.0,0,0,0,0,0,0,2,0,0,0,32832,-1,0,32,0.0,0.0,0.0,0.0,0.0,0.0,0.0,0.0
51413,443,6,12.0,0.0,6.0,6.0,6.0,0.0,0.0,0.0,0.0,0.0,3787568.5,440.048,3796133.0,3080104.0,3786233.0,3786233.0,0.0,3786233.0,3786233.0,0.0,0.0,0.0,0.0,0.0,0,0,0,0,0.0,6.0,0,0,0,0,1,0,0,0,0.0,6.0,6.0,0.0,0,0,0,0,0,0,2,12,1,0,256,986,1,20,0.0,0.0,0.0,0.0,0.0,0.0,0.0,0.0
38512,53,17,86.0,198.0,43.0,43.0,43.0,0.0,99.0,99.0,99.0,0.0,131.0,107.362,253.0,1.0,1.0,1.0,0.0,1.0,1.0,1.0,1.0,0.0,1.0,1.0,0,0,0,0,43.0,99.0,0,0,0,0,0,0,0,0,1.0,81.75,43.0,99.0,0,0,0,0,0,0,2,86,2,198,-1,-1,1,32,0.0,0.0,0.0,0.0,0.0,0.0,0.0,0.0
57635,443,6,1027.0,581.0,517.0,0.0,58.9167,150.6204,327.0,0.0,72.3636,109.351,3315217.94,4640515.272,10025797.0,49.0,115468043.0,6008720.21,4884725.736,10048035.0,49.0,110678242.0,7354888.18,4940806.626,10048106.0,242.0,0,0,0,0,0.0,517.0,0,0,0,1,0,0,0,0,0.0,51.0758,58.9167,72.3636,0,0,0,0,0,0,24,1027,19,581,29200,349,4,32,22804.18,30255.287,48961.0,12953.0,10017719.54,5357.803,10025793.0,9990726.0
80,56325,6,6.0,6.0,6.0,6.0,6.0,0.0,6.0,6.0,6.0,0.0,54.0,0.0,54.0,54.0,0.0,0.0,0.0,0.0,0.0,0.0,0.0,0.0,0.0,0.0,0,0,0,0,6.0,6.0,0,0,0,0,1,1,0,0,1.0,9.0,6.0,6.0,0,0,0,0,0,0,1,6,1,6,8190,62840,0,20,0.0,0.0,0.0,0.0,0.0,0.0,0.0,0.0
49584,443,6,0.0,0.0,0.0,0.0,0.0,0.0,0.0,0.0,0.0,0.0,64059799.0,0.0,64059799.0,64059799.0,64000000.0,64000000.0,0.0,64000000.0,64000000.0,0.0,0.0,0.0,0.0,0.0,0,0,0,0,0.0,0.0,0,0,0,0,1,1,0,0,1.0,0.0,0.0,0.0,0,0,0,0,0,0,1,0,1,0,32832,172,0,32,0.0,0.0,0.0,0.0,0.0,0.0,0.0,0.0
62091,53,17,96.0,296.0,49.0,47.0,48.0,1.4142,152.0,101.0,148.0,21.0143,38471942.0,64669849.632,116143863.0,30423.0,116215519.0,116215519.0,0.0,116215519.0,116215519.0,116233511.0,116233511.0,0.0,116233511.0,116233511.0,0,0,0,0,47.0,152.0,0,0,0,0,0,0,0,0,1.0,101.0,48.0,148.0,0,0,0,0,0,0,2,96,2,296,-1,-1,1,20,50774.0,0.0,50774.0,50774.0,116143832.0,0.0,116143832.0,116143832.0
60502,53,17,40.0,95.0,40.0,40.0,40.0,0.0,95.0,95.0,95.0,0.0,59927.0,0.0,59927.0,59927.0,0.0,0.0,0.0,0.0,0.0,0.0,0.0,0.0,0.0,0.0,0,0,0,0,40.0,95.0,0,0,0,0,0,0,0,0,1.0,87.5,40.0,95.0,0,0,0,0,0,0,1,40,1,95,-1,-1,0,32,0.0,0.0,0.0,0.0,0.0,0.0,0.0,0.0
56998,443,6,580.0,159.0,517.0,0.0,116.0,225.1011,141.0,2.0,39.75,68.1931,1659467.0,7883100.557,17506061.0,3.0,17731605.0,3942626.25,9519538.119,17670813.0,315.0,112015.0,30675.33,35402.232,77105.0,5705.0,0,0,0,0,0.0,517.0,0,0,0,1,0,0,0,0,0.0,83.0,116.0,39.75,0,0,0,0,0,0,5,580,4,159,8192,30016,4,20,0.0,0.0,0.0,0.0,0.0,0.0,0.0,0.0
62029,53,17,65.0,139.0,65.0,65.0,65.0,0.0,139.0,139.0,139.0,0.0,152197.0,0.0,152197.0,152197.0,0.0,0.0,0.0,0.0,0.0,0.0,0.0,0.0,0.0,0.0,0,0,0,0,65.0,139.0,0,0,0,0,0,0,0,0,1.0,134.5,65.0,139.0,0,0,0,0,0,0,1,65,1,139,-1,-1,0,20,0.0,0.0,0.0,0.0,0.0,0.0,0.0,0.0
54067,443,6,885.0,5307.0,517.0,0.0,80.6154,168.0324,1460.0,0.0,483.0,620.8758,136224.06,470443.294,1945636.0,2.0,2354802.0,364882.75,940257.66,1945636.0,100.0,1248559.0,212751.11,504888.323,1911108.0,66.0,0,0,0,0,0.0,1460.0,0,0,0,1,0,0,0,0,0.0,281.6358,80.6154,483.0,0,0,0,0,0,0,13,885,10,5307,8192,123,12,20,0.0,0.0,0.0,0.0,0.0,0.0,0.0,0.0
57293,53,17,62.0,424.0,31.0,31.0,31.0,0.0,212.0,212.0,212.0,0.0,106.0,183.42,310.0,4.0,49.0,49.0,0.0,49.0,49.0,4.0,4.0,0.0,4.0,4.0,0,0,0,0,31.0,212.0,0,0,0,0,0,0,0,0,1.0,129.25,31.0,212.0,0,0,0,0,0,0,2,62,2,424,-1,-1,1,32,0.0,0.0,0.0,0.0,0.0,0.0,0.0,0.0
63154,53,17,80.0,294.0,40.0,40.0,40.0,0.0,147.0,147.0,147.0,0.0,10326.66,17890.65,30978.0,3.0,3.0,3.0,0.0,3.0,3.0,3.0,3.0,0.0,3.0,3.0,0,0,0,0,40.0,147.0,0,0,0,0,0,0,0,0,1.0,103.5,40.0,147.0,0,0,0,0,0,0,2,80,2,294,-1,-1,1,32,0.0,0.0,0.0,0.0,0.0,0.0,0.0,0.0
52785,443,6,713.0,479.0,469.0,0.0,71.3,147.2874,341.0,0.0,95.8,149.5299,6718.28,9521.306,23496.0,3.0,85195.0,9095.33,11253.393,24673.0,3.0,53416.0,13529.0,13229.046,26952.0,243.0,0,0,0,0,0.0,469.0,0,0,0,1,0,0,0,0,0.0,79.4667,71.3,95.8,0,0,0,0,0,0,10,713,5,479,65535,972,5,32,0.0,0.0,0.0,0.0,0.0,0.0,0.0,0.0
60949,443,6,713.0,479.0,469.0,0.0,71.3,147.2874,341.0,0.0,95.8,149.5299,7875.78,11857.275,33042.0,3.0,103832.0,11226.0,17537.445,34786.0,3.0,79487.0,19446.75,13594.417,33537.0,496.0,0,0,0,0,0.0,469.0,0,0,0,1,0,0,0,0,0.0,79.4667,71.3,95.8,0,0,0,0,0,0,10,713,5,479,65535,972,5,32,0.0,0.0,0.0,0.0,0.0,0.0,0.0,0.0
443,56195,6,6.0,6.0,6.0,6.0,6.0,0.0,6.0,6.0,6.0,0.0,116.0,0.0,116.0,116.0,0.0,0.0,0.0,0.0,0.0,0.0,0.0,0.0,0.0,0.0,0,0,0,0,6.0,6.0,0,0,0,0,1,1,0,0,1.0,9.0,6.0,6.0,0,0,0,0,0,0,1,6,1,6,32,32850,0,20,0.0,0.0,0.0,0.0,0.0,0.0,0.0,0.0
80,52700,6,6.0,6.0,6.0,6.0,6.0,0.0,6.0,6.0,6.0,0.0,20.0,0.0,20.0,20.0,0.0,0.0,0.0,0.0,0.0,0.0,0.0,0.0,0.0,0.0,0,0,0,0,6.0,6.0,0,0,0,0,1,1,0,0,1.0,9.0,6.0,6.0,0,0,0,0,0,0,1,6,1,6,60,256,0,20,0.0,0.0,0.0,0.0,0.0,0.0,0.0,0.0
52313,53,17,64.0,96.0,32.0,32.0,32.0,0.0,48.0,48.0,48.0,0.0,68.66,116.636,192.0,3.0,3.0,3.0,0.0,3.0,3.0,4.0,4.0,0.0,4.0,4.0,0,0,0,0,32.0,48.0,0,0,0,0,0,0,0,0,1.0,48.0,32.0,48.0,0,0,0,0,0,0,2,64,2,96,-1,-1,1,20,0.0,0.0,0.0,0.0,0.0,0.0,0.0,0.0
33220,443,6,2807.0,554097.0,529.0,0.0,10.5323,58.8539,4344.0,0.0,1614.4618,764.0293,271693.77,1687673.772,10024530.0,0.0,116478823.0,434844.83,2022870.074,10048013.0,0.0,110832492.0,405956.38,1993812.869,10058168.0,48.0,0,0,0,0,0.0,4344.0,0,0,0,1,0,0,0,0,1.0,1319.841,10.5323,1614.4618,0,0,0,0,0,0,381,2807,222,1554097,29200,65,7,32,61312.45,163283.929,614633.0,23378.0,9626566.91,1315836.923,10024539.0,5244356.0
21681,53,17,86.0,204.0,43.0,43.0,43.0,0.0,102.0,102.0,102.0,0.0,490.33,427.68,1464.0,3.0,3.0,3.0,0.0,3.0,3.0,49.0,49.0,0.0,49.0,49.0,0,0,0,0,43.0,102.0,0,0,0,0,0,0,0,0,1.0,83.25,43.0,102.0,0,0,0,0,0,0,2,86,2,204,-1,-1,1,20,0.0,0.0,0.0,0.0,0.0,0.0,0.0,0.0
23817,53,17,54.0,228.0,27.0,27.0,27.0,0.0,114.0,114.0,114.0,0.0,67.33,110.791,196.0,1.0,1.0,1.0,0.0,1.0,1.0,1.0,1.0,0.0,1.0,1.0,0,0,0,0,27.0,114.0,0,0,0,0,0,0,0,0,1.0,79.25,27.0,114.0,0,0,0,0,0,0,2,54,2,228,-1,-1,1,20,0.0,0.0,0.0,0.0,0.0,0.0,0.0,0.0
123,123,17,48.0,48.0,48.0,48.0,48.0,0.0,48.0,48.0,48.0,0.0,37795.0,0.0,37795.0,37795.0,0.0,0.0,0.0,0.0,0.0,0.0,0.0,0.0,0.0,0.0,0,0,0,0,48.0,48.0,0,0,0,0,0,0,0,0,1.0,72.0,48.0,48.0,0,0,0,0,0,0,1,48,1,48,-1,-1,0,20,0.0,0.0,0.0,0.0,0.0,0.0,0.0,0.0
443,51557,6,37.0,0.0,31.0,6.0,18.5,17.6777,0.0,0.0,0.0,0.0,3.0,0.0,3.0,3.0,3.0,3.0,0.0,3.0,3.0,0.0,0.0,0.0,0.0,0.0,1,0,0,0,6.0,31.0,0,1,0,0,1,0,0,0,0.0,34.0,18.5,0.0,0,0,0,0,0,0,2,37,0,0,110,-1,1,20,0.0,0.0,0.0,0.0,0.0,0.0,0.0,0.0
15306,53,17,92.0,284.0,46.0,46.0,46.0,0.0,142.0,142.0,142.0,0.0,60.0,98.226,174.0,3.0,3.0,3.0,0.0,3.0,3.0,4.0,4.0,0.0,4.0,4.0,0,0,0,0,46.0,142.0,0,0,0,0,0,0,0,0,1.0,105.5,46.0,142.0,0,0,0,0,0,0,2,92,2,284,-1,-1,1,32,0.0,0.0,0.0,0.0,0.0,0.0,0.0,0.0
65144,443,6,18.0,0.0,6.0,6.0,6.0,0.0,0.0,0.0,0.0,0.0,70.33,11.519,143.0,3.0,210.0,105.0,149.437,217.0,3.0,0.0,0.0,0.0,0.0,0.0,0,0,0,0,0.0,6.0,1,0,0,0,0,0,0,0,0.0,6.0,6.0,0.0,0,0,0,0,0,0,3,18,1,0,0,972,2,20,0.0,0.0,0.0,0.0,0.0,0.0,0.0,0.0
48620,53,17,66.0,170.0,33.0,33.0,33.0,0.0,85.0,85.0,85.0,0.0,75.66,122.438,220.0,1.0,1.0,1.0,0.0,1.0,1.0,1.0,1.0,0.0,1.0,1.0,0,0,0,0,33.0,85.0,0,0,0,0,0,0,0,0,1.0,67.25,33.0,85.0,0,0,0,0,0,0,2,66,2,170,-1,-1,1,32,0.0,0.0,0.0,0.0,0.0,0.0,0.0,0.0
51990,53,17,86.0,118.0,43.0,43.0,43.0,0.0,59.0,59.0,59.0,0.0,16479.0,28065.44,48430.0,4.0,4.0,4.0,0.0,4.0,4.0,49.0,49.0,0.0,49.0,49.0,0,0,0,0,43.0,59.0,0,0,0,0,0,0,0,0,1.0,61.75,43.0,59.0,0,0,0,0,0,0,2,86,2,118,-1,-1,1,20,0.0,0.0,0.0,0.0,0.0,0.0,0.0,0.0
1155,53,17,68.0,132.0,34.0,34.0,34.0,0.0,66.0,66.0,66.0,0.0,10167.66,17507.532,30495.0,1.0,3.0,3.0,0.0,3.0,3.0,1.0,1.0,0.0,1.0,1.0,0,0,0,0,34.0,66.0,0,0,0,0,0,0,0,0,1.0,58.5,34.0,66.0,0,0,0,0,0,0,2,68,2,132,-1,-1,1,32,0.0,0.0,0.0,0.0,0.0,0.0,0.0,0.0
43298,443,6,12.0,0.0,6.0,6.0,6.0,0.0,0.0,0.0,0.0,0.0,3.0,0.0,3.0,3.0,3.0,3.0,0.0,3.0,3.0,0.0,0.0,0.0,0.0,0.0,0,0,0,0,6.0,6.0,1,0,0,0,0,0,0,0,0.0,9.0,6.0,0.0,0,0,0,0,0,0,2,12,0,0,0,-1,1,20,0.0,0.0,0.0,0.0,0.0,0.0,0.0,0.0
60775,53,17,53.0,158.0,53.0,53.0,53.0,0.0,158.0,158.0,158.0,0.0,61339.0,0.0,61339.0,61339.0,0.0,0.0,0.0,0.0,0.0,0.0,0.0,0.0,0.0,0.0,0,0,0,0,53.0,158.0,0,0,0,0,0,0,0,0,1.0,132.0,53.0,158.0,0,0,0,0,0,0,1,53,1,158,-1,-1,0,32,0.0,0.0,0.0,0.0,0.0,0.0,0.0,0.0
60330,443,6,937.0,5668.0,517.0,0.0,102.1667,171.7089,2836.0,0.0,774.5,976.3023,144517.4,486894.27,1962526.0,1.0,1231975.0,142918.12,597179.957,1138556.0,88.0,1144198.0,108592.11,244397.678,1003669.0,1.0,0,0,0,0,0.0,2836.0,0,0,0,1,0,0,0,0,1.0,406.85,102.1667,774.5,0,0,0,0,0,0,9,937,8,5668,8192,245,8,20,0.0,0.0,0.0,0.0,0.0,0.0,0.0,0.0
60527,53,17,86.0,213.0,43.0,43.0,43.0,0.0,105.0,108.0,106.5,2.5343,41303.66,71034.356,134863.0,73.0,49.0,49.0,0.0,49.0,49.0,50.0,50.0,0.0,50.0,50.0,0,0,0,0,43.0,105.0,0,0,0,0,0,0,0,0,1.0,84.5,43.0,106.5,0,0,0,0,0,0,2,86,2,213,-1,-1,1,32,0.0,0.0,0.0,0.0,0.0,0.0,0.0,0.0
59918,53,17,68.0,500.0,34.0,34.0,34.0,0.0,250.0,250.0,250.0,0.0,83.66,65.655,154.0,49.0,49.0,49.0,0.0,49.0,49.0,49.0,49.0,0.0,49.0,49.0,0,0,0,0,34.0,250.0,0,0,0,0,0,0,0,0,1.0,140.5,34.0,250.0,0,0,0,0,0,0,2,68,2,500,-1,-1,1,20,0.0,0.0,0.0,0.0,0.0,0.0,0.0,0.0
56289,53,17,58.0,226.0,29.0,29.0,29.0,0.0,113.0,113.0,113.0,0.0,95.0,72.775,188.0,48.0,48.0,48.0,0.0,48.0,48.0,48.0,48.0,0.0,48.0,48.0,0,0,0,0,29.0,113.0,0,0,0,0,0,0,0,0,1.0,78.25,29.0,113.0,0,0,0,0,0,0,2,58,2,226,-1,-1,1,20,0.0,0.0,0.0,0.0,0.0,0.0,0.0,0.0
62047,53,17,47.0,98.0,47.0,47.0,47.0,0.0,98.0,98.0,98.0,0.0,189589.0,0.0,189589.0,189589.0,0.0,0.0,0.0,0.0,0.0,0.0,0.0,0.0,0.0,0.0,0,0,0,0,47.0,98.0,0,0,0,0,0,0,0,0,1.0,106.0,47.0,98.0,0,0,0,0,0,0,1,47,1,98,-1,-1,0,40,0.0,0.0,0.0,0.0,0.0,0.0,0.0,0.0
60052,53,17,52.0,68.0,52.0,52.0,52.0,0.0,68.0,68.0,68.0,0.0,52445.0,0.0,52445.0,52445.0,0.0,0.0,0.0,0.0,0.0,0.0,0.0,0.0,0.0,0.0,0,0,0,0,52.0,68.0,0,0,0,0,0,0,0,0,1.0,86.0,52.0,68.0,0,0,0,0,0,0,1,52,1,68,-1,-1,0,44,0.0,0.0,0.0,0.0,0.0,0.0,0.0,0.0
49216,53,17,90.0,160.0,45.0,45.0,45.0,0.0,80.0,80.0,80.0,0.0,65.66,24.263,90.0,49.0,49.0,49.0,0.0,49.0,49.0,49.0,49.0,0.0,49.0,49.0,0,0,0,0,45.0,80.0,0,0,0,0,0,0,0,0,1.0,73.75,45.0,80.0,0,0,0,0,0,0,2,90,2,160,-1,-1,1,20,0.0,0.0,0.0,0.0,0.0,0.0,0.0,0.0
57506,443,6,356.0,3782.0,212.0,0.0,59.3333,89.2248,1460.0,0.0,630.3333,677.2171,23983.54,39529.169,85929.0,48.0,265444.0,53206.8,47088.443,80140.0,93.0,175373.0,35064.6,47148.412,87428.0,49.0,0,0,0,0,0.0,1460.0,0,0,0,1,0,0,0,0,1.0,344.8333,59.3333,630.3333,0,0,0,0,0,0,6,356,6,3782,8192,60,5,20,0.0,0.0,0.0,0.0,0.0,0.0,0.0,0.0
49543,80,6,442.0,872.0,436.0,0.0,147.3333,250.0107,850.0,0.0,218.0,428.0094,7863.66,11900.005,23165.0,3.0,23209.0,11604.5,16024.894,23206.0,180.0,24320.0,8173.0,13498.049,23742.0,3.0,0,0,0,0,0.0,850.0,0,0,0,1,0,0,0,0,1.0,187.7143,147.3333,218.0,0,0,0,0,0,0,3,442,4,872,8192,31,2,20,0.0,0.0,0.0,0.0,0.0,0.0,0.0,0.0
50809,80,6,429.0,2267.0,429.0,0.0,143.0,247.6833,2267.0,0.0,566.75,1133.5,11273.5,16497.093,32159.0,4.0,32714.0,16357.0,21266.272,32173.0,2253.0,32001.0,10500.66,18367.782,32887.0,4.0,0,0,0,0,0.0,2267.0,0,0,0,1,0,0,0,0,1.0,385.8571,143.0,566.75,0,0,0,0,0,0,3,429,4,2267,29200,237,1,32,0.0,0.0,0.0,0.0,0.0,0.0,0.0,0.0
52302,443,6,786.0,5482.0,368.0,0.0,37.5556,82.9524,1448.0,0.0,202.5714,488.6806,2640131.27,4361171.805,10029336.0,3.0,115616574.0,5235858.86,4989064.545,10059994.0,3.0,110621557.0,5874845.92,5097240.054,10052985.0,48.0,0,0,0,0,0.0,1448.0,0,0,0,1,0,0,0,0,0.0,128.425,37.5556,202.5714,0,0,0,0,0,0,28,786,22,5482,29200,126,4,32,54166.16,45512.022,199600.0,33129.0,9592044.36,1327880.094,10029338.0,5260767.0
8321,80,6,12.0,0.0,6.0,0.0,4.0,3.4641,0.0,0.0,0.0,0.0,1729736.66,2986719.248,5169249.0,30.0,5169797.0,2584898.5,3573845.54,5169249.0,51802.0,0.0,0.0,0.0,0.0,0.0,0,0,0,0,0.0,6.0,0,0,0,1,0,0,0,0,0.0,3.0,4.0,0.0,0,0,0,0,0,0,3,12,1,0,8192,29200,2,20,0.0,0.0,0.0,0.0,0.0,0.0,0.0,0.0
53054,53,17,88.0,120.0,44.0,44.0,44.0,0.0,60.0,60.0,60.0,0.0,49.0,73.81,141.0,3.0,4.0,4.0,0.0,4.0,4.0,3.0,3.0,0.0,3.0,3.0,0,0,0,0,44.0,60.0,0,0,0,0,0,0,0,0,1.0,63.0,44.0,60.0,0,0,0,0,0,0,2,88,2,120,-1,-1,1,20,0.0,0.0,0.0,0.0,0.0,0.0,0.0,0.0
63214,53,17,82.0,254.0,41.0,41.0,41.0,0.0,127.0,127.0,127.0,0.0,65.66,38.702,100.0,48.0,48.0,48.0,0.0,48.0,48.0,48.0,48.0,0.0,48.0,48.0,0,0,0,0,41.0,127.0,0,0,0,0,0,0,0,0,1.0,94.25,41.0,127.0,0,0,0,0,0,0,2,82,2,254,-1,-1,1,20,0.0,0.0,0.0,0.0,0.0,0.0,0.0,0.0
443,52651,6,0.0,0.0,0.0,0.0,0.0,0.0,0.0,0.0,0.0,0.0,86.0,0.0,86.0,86.0,0.0,0.0,0.0,0.0,0.0,0.0,0.0,0.0,0.0,0.0,0,0,0,0,0.0,0.0,0,0,0,0,1,1,0,0,1.0,0.0,0.0,0.0,0,0,0,0,0,0,1,0,1,0,362,32832,0,32,0.0,0.0,0.0,0.0,0.0,0.0,0.0,0.0
52315,80,6,303.0,1459.0,303.0,0.0,60.6,149.544,1442.0,0.0,391.25,760.5142,44941.81,78667.592,107470.0,31.0,237376.0,74824.5,84751.379,107111.0,379.0,117973.0,38295.0,0.0,117972.0,117972.0,0,0,0,0,0.0,1442.0,0,0,0,1,0,0,0,0,0.0,207.8712,60.6,391.25,0,0,0,0,0,0,5,303,2,1459,65535,117,1,32,0.0,0.0,0.0,0.0,0.0,0.0,0.0,0.0
61410,53,17,64.0,117.0,64.0,64.0,64.0,0.0,117.0,117.0,117.0,0.0,60939.0,0.0,60939.0,60939.0,0.0,0.0,0.0,0.0,0.0,0.0,0.0,0.0,0.0,0.0,0,0,0,0,64.0,117.0,0,0,0,0,0,0,0,0,1.0,122.5,64.0,117.0,0,0,0,0,0,0,1,64,1,117,-1,-1,0,20,0.0,0.0,0.0,0.0,0.0,0.0,0.0,0.0
55969,443,6,1689.0,675.0,1368.0,0.0,168.8182,404.699,547.0,0.0,132.5714,258.7642,10709.62,14001.943,42590.0,3.0,153406.0,14155.6,23793.734,76840.0,3.0,128884.0,23133.0,20304.534,42708.0,594.0,0,0,0,0,0.0,1368.0,0,0,0,1,0,0,0,0,0.0,144.6,168.8182,132.5714,0,0,0,0,0,0,11,1689,7,675,65535,362,6,32,0.0,0.0,0.0,0.0,0.0,0.0,0.0,0.0
57734,443,6,367.0,3710.0,210.0,0.0,40.7778,78.8053,2504.0,0.0,785.0,1267.5854,406089.83,1474382.677,5265456.0,33.0,5668018.0,706539.5,1922181.214,5265450.0,48.0,76526.0,25638.0,24315.89,40977.0,250.0,0,0,0,0,0.0,2504.0,0,0,0,1,0,0,0,0,0.0,291.8,40.7778,785.0,0,0,0,0,0,0,9,367,5,3710,29200,118,3,32,54514.0,0.0,54514.0,54514.0,5265430.0,0.0,5265450.0,5265430.0
53813,443,6,24.0,0.0,6.0,6.0,6.0,0.0,0.0,0.0,0.0,0.0,21312.5,43401.198,86626.0,0.0,86746.0,28212.0,41716.462,86740.0,0.0,0.0,0.0,0.0,0.0,0.0,0,0,0,0,0.0,6.0,1,0,0,0,0,0,0,0,0.0,6.0,6.0,0.0,0,0,0,0,0,0,4,24,1,0,0,114,3,20,0.0,0.0,0.0,0.0,0.0,0.0,0.0,0.0
52585,53,17,116.0,234.0,58.0,58.0,58.0,0.0,117.0,117.0,117.0,0.0,67.66,114.16,197.0,3.0,3.0,3.0,0.0,3.0,3.0,4.0,4.0,0.0,4.0,4.0,0,0,0,0,58.0,117.0,0,0,0,0,0,0,0,0,1.0,97.0,58.0,117.0,0,0,0,0,0,0,2,116,2,234,-1,-1,1,20,0.0,0.0,0.0,0.0,0.0,0.0,0.0,0.0
39322,80,6,12.0,0.0,6.0,6.0,6.0,0.0,0.0,0.0,0.0,0.0,47.0,0.0,47.0,47.0,47.0,47.0,0.0,47.0,47.0,0.0,0.0,0.0,0.0,0.0,0,0,0,0,6.0,6.0,0,0,0,0,1,0,0,0,0.0,9.0,6.0,0.0,0,0,0,0,0,0,2,12,0,0,253,-1,1,20,0.0,0.0,0.0,0.0,0.0,0.0,0.0,0.0
52588,443,6,12.0,0.0,6.0,6.0,6.0,0.0,0.0,0.0,0.0,0.0,16388346.0,0.0,16388346.0,16388346.0,16388346.0,16488346.0,0.0,16388346.0,16388346.0,0.0,0.0,0.0,0.0,0.0,0,0,0,0,6.0,6.0,0,0,0,0,1,0,0,0,0.0,9.0,6.0,0.0,0,0,0,0,0,0,2,12,0,0,63809,-1,1,20,0.0,0.0,0.0,0.0,0.0,0.0,0.0,0.0
61227,53,17,51.0,67.0,51.0,51.0,51.0,0.0,67.0,67.0,67.0,0.0,30785.0,0.0,30785.0,30785.0,0.0,0.0,0.0,0.0,0.0,0.0,0.0,0.0,0.0,0.0,0,0,0,0,51.0,67.0,0,0,0,0,0,0,0,0,1.0,84.5,51.0,67.0,0,0,0,0,0,0,1,51,1,67,-1,-1,0,32,0.0,0.0,0.0,0.0,0.0,0.0,0.0,0.0
59665,53,17,84.0,310.0,42.0,42.0,42.0,0.0,155.0,155.0,155.0,0.0,10251.66,17737.918,30748.0,4.0,4.0,4.0,0.0,4.0,4.0,4.0,4.0,0.0,4.0,4.0,0,0,0,0,42.0,155.0,0,0,0,0,0,0,0,0,1.0,109.0,42.0,155.0,0,0,0,0,0,0,2,84,2,310,-1,-1,1,20,0.0,0.0,0.0,0.0,0.0,0.0,0.0,0.0
80,49418,6,6.0,6.0,6.0,6.0,6.0,0.0,6.0,6.0,6.0,0.0,1.0,0.0,1.0,1.0,0.0,0.0,0.0,0.0,0.0,0.0,0.0,0.0,0.0,0.0,0,0,0,0,6.0,6.0,0,0,0,0,1,1,0,0,1.0,9.0,6.0,6.0,0,0,0,0,0,0,1,6,1,6,335,254,0,20,0.0,0.0,0.0,0.0,0.0,0.0,0.0,0.0
50050,80,6,434.0,2279.0,428.0,0.0,144.6667,245.3922,2267.0,0.0,569.75,1131.5085,11909.66,16282.624,22039.0,4.0,32718.0,16359.0,20460.089,22818.0,2713.0,34316.0,11705.33,24809.506,33301.0,4.0,0,0,0,0,0.0,2267.0,0,0,0,1,0,0,0,0,1.0,387.7143,144.6667,569.75,0,0,0,0,0,0,3,434,4,2279,8192,237,2,20,0.0,0.0,0.0,0.0,0.0,0.0,0.0,0.0
443,59440,6,0.0,0.0,0.0,0.0,0.0,0.0,0.0,0.0,0.0,0.0,89.0,0.0,89.0,89.0,0.0,0.0,0.0,0.0,0.0,0.0,0.0,0.0,0.0,0.0,0,0,0,0,0.0,0.0,0,0,0,0,1,1,0,0,1.0,0.0,0.0,0.0,0,0,0,0,0,0,1,0,1,0,115,33304,0,32,0.0,0.0,0.0,0.0,0.0,0.0,0.0,0.0
13485,53,17,94.0,220.0,47.0,47.0,47.0,0.0,110.0,110.0,110.0,0.0,62.0,101.713,180.0,1.0,1.0,1.0,0.0,1.0,1.0,1.0,1.0,0.0,1.0,1.0,0,0,0,0,47.0,110.0,0,0,0,0,0,0,0,0,1.0,90.25,47.0,110.0,0,0,0,0,0,0,2,94,2,220,-1,-1,1,32,0.0,0.0,0.0,0.0,0.0,0.0,0.0,0.0
80,37069,6,6.0,6.0,6.0,6.0,6.0,0.0,6.0,6.0,6.0,0.0,68.0,0.0,68.0,68.0,0.0,0.0,0.0,0.0,0.0,0.0,0.0,0.0,0.0,0.0,0,0,0,0,6.0,6.0,0,0,0,0,1,1,0,0,1.0,9.0,6.0,6.0,0,0,0,0,0,0,1,6,1,6,913,229,0,20,0.0,0.0,0.0,0.0,0.0,0.0,0.0,0.0
443,51989,6,0.0,18.0,0.0,0.0,0.0,0.0,6.0,6.0,6.0,0.0,25214.75,50742.568,103157.0,1.0,103278.0,103278.0,0.0,103278.0,103278.0,4.0,2.0,1.414,3.0,1.0,0,0,0,0,0.0,6.0,0,0,0,0,1,0,0,0,1.0,3.6,0.0,6.0,0,0,0,0,0,0,2,0,3,18,119,0,0,32,0.0,0.0,0.0,0.0,0.0,0.0,0.0,0.0
61383,53,17,86.0,194.0,43.0,43.0,43.0,0.0,97.0,97.0,97.0,0.0,10326.66,17870.786,30979.0,3.0,3.0,3.0,0.0,3.0,3.0,3.0,3.0,0.0,3.0,3.0,0,0,0,0,43.0,97.0,0,0,0,0,0,0,0,0,1.0,80.75,43.0,97.0,0,0,0,0,0,0,2,86,2,194,-1,-1,1,32,0.0,0.0,0.0,0.0,0.0,0.0,0.0,0.0
49934,53,17,180.0,228.0,45.0,45.0,45.0,0.0,114.0,114.0,114.0,0.0,18203.4,26849.158,62806.0,3.0,61844.0,20611.0,45708.942,61836.0,3.0,3.0,3.0,0.0,3.0,3.0,0,0,0,0,45.0,114.0,0,0,0,0,0,0,0,0,0.0,70.1667,45.0,114.0,0,0,0,0,0,0,4,180,2,228,-1,-1,3,32,0.0,0.0,0.0,0.0,0.0,0.0,0.0,0.0
56783,443,6,769.0,28660.0,342.0,0.0,20.12,82.5531,2920.0,0.0,886.5294,753.1946,1368056.16,3362788.961,10010287.0,3.0,116239749.0,2846312.27,4498595.171,10034316.0,3.0,110752707.0,2903777.54,4597457.944,10036656.0,49.0,0,0,0,0,0.0,2920.0,0,0,0,1,0,0,0,0,1.0,464.589,20.12,886.5294,0,0,0,0,0,0,40,769,44,28660,8192,980,39,20,26527.36,37387.982,57986.0,22960.0,9615650.83,1344852.382,10010281.0,5269997.0
61942,443,6,74.0,0.0,37.0,37.0,37.0,0.0,0.0,0.0,0.0,0.0,8006378.0,0.0,8006378.0,8006378.0,8006378.0,8006378.0,0.0,8006378.0,8006378.0,0.0,0.0,0.0,0.0,0.0,1,0,0,0,37.0,37.0,0,1,0,0,1,1,0,0,0.0,55.5,37.0,0.0,0,0,0,0,0,0,2,74,0,0,33304,-1,1,32,0.0,0.0,0.0,0.0,0.0,0.0,0.0,0.0
53710,443,6,0.0,18.0,0.0,0.0,0.0,0.0,6.0,6.0,6.0,0.0,288298.8,222123.059,696582.0,135001.0,1624477.0,612238.5,6550.007,626578.0,631205.0,1693453.0,693851.5,1398.672,790625.0,698977.0,0,0,0,0,0.0,6.0,0,0,0,1,0,0,0,0,1.0,3.0,0.0,6.0,0,0,0,0,0,0,3,0,3,18,8192,0,0,28,0.0,0.0,0.0,0.0,0.0,0.0,0.0,0.0
55193,443,6,1029.0,1161.0,565.0,0.0,88.9,189.8084,1029.0,0.0,194.2,412.7596,20796.2,36951.856,87219.0,3.0,342973.0,38427.11,49698.828,190552.0,3.0,283564.0,65726.0,59365.924,117288.0,3.0,0,0,0,0,0.0,1029.0,0,0,0,1,0,0,0,0,0.0,124.8,88.9,194.2,0,0,0,0,0,0,10,1029,5,1161,65535,115,5,32,0.0,0.0,0.0,0.0,0.0,0.0,0.0,0.0
64595,53,17,72.0,104.0,36.0,36.0,36.0,0.0,52.0,52.0,52.0,0.0,347.66,594.573,1036.0,3.0,3.0,3.0,0.0,3.0,3.0,4.0,4.0,0.0,4.0,4.0,0,0,0,0,36.0,52.0,0,0,0,0,0,0,0,0,1.0,53.0,36.0,52.0,0,0,0,0,0,0,2,72,2,104,-1,-1,1,20,0.0,0.0,0.0,0.0,0.0,0.0,0.0,0.0
50302,53,17,68.0,100.0,34.0,34.0,34.0,0.0,50.0,50.0,50.0,0.0,8074.33,13917.824,24216.0,3.0,47.0,47.0,0.0,47.0,47.0,3.0,3.0,0.0,3.0,3.0,0,0,0,0,34.0,50.0,0,0,0,0,0,0,0,0,1.0,50.5,34.0,50.0,0,0,0,0,0,0,2,68,2,100,-1,-1,1,32,0.0,0.0,0.0,0.0,0.0,0.0,0.0,0.0
80,54885,6,6.0,6.0,6.0,6.0,6.0,0.0,6.0,6.0,6.0,0.0,27.0,0.0,27.0,27.0,0.0,0.0,0.0,0.0,0.0,0.0,0.0,0.0,0.0,0.0,0,0,0,0,6.0,6.0,0,0,0,0,1,1,0,0,1.0,9.0,6.0,6.0,0,0,0,0,0,0,1,6,1,6,913,256,0,20,0.0,0.0,0.0,0.0,0.0,0.0,0.0,0.0
443,47576,6,0.0,0.0,0.0,0.0,0.0,0.0,0.0,0.0,0.0,0.0,63.0,0.0,63.0,63.0,0.0,0.0,0.0,0.0,0.0,0.0,0.0,0.0,0.0,0.0,0,0,0,0,0.0,0.0,0,0,0,0,1,1,0,0,1.0,0.0,0.0,0.0,0,0,0,0,0,0,1,0,1,0,118,338,0,32,0.0,0.0,0.0,0.0,0.0,0.0,0.0,0.0
61155,53,17,55.0,71.0,55.0,55.0,55.0,0.0,71.0,71.0,71.0,0.0,30404.0,0.0,30404.0,30404.0,0.0,0.0,0.0,0.0,0.0,0.0,0.0,0.0,0.0,0.0,0,0,0,0,55.0,71.0,0,0,0,0,0,0,0,0,1.0,90.5,55.0,71.0,0,0,0,0,0,0,1,55,1,71,-1,-1,0,20,0.0,0.0,0.0,0.0,0.0,0.0,0.0,0.0
51055,443,6,1156.0,1119.0,885.0,0.0,113.6,275.3613,981.0,0.0,186.5,393.1187,25424.86,34665.499,80988.0,4.0,330911.0,43865.11,61491.747,137398.0,48.0,206528.0,56105.6,46714.216,87708.0,386.0,0,0,0,0,0.0,981.0,0,0,0,1,0,0,0,0,0.0,140.9375,113.6,186.5,0,0,0,0,0,0,10,1156,6,1119,65535,117,5,32,0.0,0.0,0.0,0.0,0.0,0.0,0.0,0.0
39919,53,17,66.0,98.0,33.0,33.0,33.0,0.0,49.0,49.0,49.0,0.0,65.33,28.285,90.0,49.0,49.0,49.0,0.0,49.0,49.0,49.0,49.0,0.0,49.0,49.0,0,0,0,0,33.0,49.0,0,0,0,0,0,0,0,0,1.0,49.25,33.0,49.0,0,0,0,0,0,0,2,66,2,98,-1,-1,1,32,0.0,0.0,0.0,0.0,0.0,0.0,0.0,0.0
443,55044,6,12.0,0.0,6.0,6.0,6.0,0.0,0.0,0.0,0.0,0.0,290.0,0.0,290.0,290.0,290.0,290.0,0.0,290.0,290.0,0.0,0.0,0.0,0.0,0.0,0,0,0,0,6.0,6.0,0,0,0,0,1,0,0,0,0.0,9.0,6.0,0.0,0,0,0,0,0,0,2,12,0,0,484,-1,1,20,0.0,0.0,0.0,0.0,0.0,0.0,0.0,0.0
43355,80,6,12.0,0.0,6.0,6.0,6.0,0.0,0.0,0.0,0.0,0.0,74.0,0.0,74.0,74.0,74.0,74.0,0.0,74.0,74.0,0.0,0.0,0.0,0.0,0.0,0,0,0,0,6.0,6.0,0,0,0,0,1,0,0,0,0.0,9.0,6.0,0.0,0,0,0,0,0,0,2,12,0,0,256,-1,1,20,0.0,0.0,0.0,0.0,0.0,0.0,0.0,0.0
20263,53,17,82.0,338.0,41.0,41.0,41.0,0.0,169.0,169.0,169.0,0.0,20400.33,35342.195,61146.0,1.0,1.0,1.0,0.0,1.0,1.0,4.0,4.0,0.0,4.0,4.0,0,0,0,0,41.0,169.0,0,0,0,0,0,0,0,0,1.0,115.25,41.0,169.0,0,0,0,0,0,0,2,82,2,338,-1,-1,1,32,0.0,0.0,0.0,0.0,0.0,0.0,0.0,0.0
50165,443,6,117.0,41.0,45.0,0.0,23.4,21.9613,41.0,41.0,41.0,0.0,861443.8,1806812.722,4069953.0,3.0,4040861.0,1010265.25,2003837.695,4069953.0,3.0,0.0,0.0,0.0,0.0,0.0,1,0,0,0,0.0,45.0,0,1,0,0,1,0,0,0,0.0,33.1667,23.4,41.0,0,0,0,0,0,0,5,117,1,41,520,185,2,32,0.0,0.0,0.0,0.0,0.0,0.0,0.0,0.0
443,57284,6,31.0,6.0,31.0,0.0,15.5,21.9203,6.0,6.0,6.0,0.0,26.5,33.841,49.0,3.0,3.0,3.0,0.0,3.0,3.0,0.0,0.0,0.0,0.0,0.0,1,0,0,0,0.0,31.0,0,1,0,0,1,0,0,0,0.0,22.6667,15.5,6.0,0,0,0,0,0,0,2,31,1,6,972,0,0,32,0.0,0.0,0.0,0.0,0.0,0.0,0.0,0.0
61312,443,6,1821.0,4786.0,838.0,0.0,201.2857,348.7341,1460.0,0.0,535.0,628.668,227537.7,875055.208,2224139.0,1.0,2662548.0,255417.0,1076237.166,2224139.0,6.0,408343.0,43862.36,58668.045,233799.0,1.0,0,0,0,0,0.0,1460.0,0,0,0,1,0,0,0,0,0.0,417.5,201.2857,535.0,0,0,0,0,0,0,7,1821,7,4786,8192,32,6,20,0.0,0.0,0.0,0.0,0.0,0.0,0.0,0.0
59297,53,17,70.0,254.0,35.0,35.0,35.0,0.0,127.0,127.0,127.0,0.0,70.66,111.135,206.0,3.0,3.0,3.0,0.0,3.0,3.0,3.0,3.0,0.0,3.0,3.0,0,0,0,0,35.0,127.0,0,0,0,0,0,0,0,0,1.0,89.75,35.0,127.0,0,0,0,0,0,0,2,70,2,254,-1,-1,1,20,0.0,0.0,0.0,0.0,0.0,0.0,0.0,0.0
62454,53,17,49.0,211.0,49.0,49.0,49.0,0.0,211.0,211.0,211.0,0.0,61572.0,0.0,61572.0,61572.0,0.0,0.0,0.0,0.0,0.0,0.0,0.0,0.0,0.0,0.0,0,0,0,0,49.0,211.0,0,0,0,0,0,0,0,0,1.0,154.5,49.0,211.0,0,0,0,0,0,0,1,49,1,211,-1,-1,0,32,0.0,0.0,0.0,0.0,0.0,0.0,0.0,0.0
62117,443,6,1160.0,943.0,901.0,0.0,114.0,280.1793,805.0,0.0,188.6,349.721,10255.85,14798.9,36902.0,47.0,148310.0,16064.55,22648.085,53919.0,49.0,97806.0,23835.0,16847.315,36086.0,489.0,0,0,0,0,0.0,901.0,0,0,0,1,0,0,0,0,0.0,138.8667,114.0,188.6,0,0,0,0,0,0,10,1160,5,943,65535,362,5,32,0.0,0.0,0.0,0.0,0.0,0.0,0.0,0.0
62695,53,17,156.0,212.0,78.0,78.0,78.0,0.0,106.0,106.0,106.0,0.0,56.0,57.261,117.0,3.0,4.0,4.0,0.0,4.0,4.0,49.0,49.0,0.0,49.0,49.0,0,0,0,0,78.0,106.0,0,0,0,0,0,0,0,0,1.0,111.5,78.0,106.0,0,0,0,0,0,0,2,156,2,212,-1,-1,1,20,0.0,0.0,0.0,0.0,0.0,0.0,0.0,0.0
5433,443,6,1368.0,6888.0,773.0,0.0,150.5,260.9444,1460.0,0.0,681.9091,645.3104,12150.4,20573.457,50217.0,4.0,249148.0,26227.0,27155.877,51606.0,1392.0,244912.0,30488.8,49909.719,110836.0,48.0,0,0,0,0,0.0,1460.0,0,0,0,1,0,0,0,0,1.0,454.9485,150.5,681.9091,0,0,0,0,0,0,8,1368,11,6888,8192,290,7,20,0.0,0.0,0.0,0.0,0.0,0.0,0.0,0.0
17949,53,17,70.0,192.0,35.0,35.0,35.0,0.0,96.0,96.0,96.0,0.0,186.66,209.596,452.0,1.0,1.0,1.0,0.0,1.0,1.0,49.0,49.0,0.0,49.0,49.0,0,0,0,0,35.0,96.0,0,0,0,0,0,0,0,0,1.0,74.25,35.0,96.0,0,0,0,0,0,0,2,70,2,192,-1,-1,1,40,0.0,0.0,0.0,0.0,0.0,0.0,0.0,0.0
56410,443,6,704.0,1327.0,453.0,0.0,70.4,142.9399,1189.0,0.0,265.4,519.7546,20929.5,36580.294,86645.0,3.0,283806.0,31877.66,43535.57,92949.0,3.0,206129.0,53057.75,48140.843,88338.0,385.0,0,0,0,0,0.0,1189.0,0,0,0,1,0,0,0,0,0.0,135.4,70.4,265.4,0,0,0,0,0,0,10,704,5,1327,65535,114,5,32,0.0,0.0,0.0,0.0,0.0,0.0,0.0,0.0
80,50491,6,6.0,6.0,6.0,6.0,6.0,0.0,6.0,6.0,6.0,0.0,70.0,0.0,70.0,70.0,0.0,0.0,0.0,0.0,0.0,0.0,0.0,0.0,0.0,0.0,0,0,0,0,6.0,6.0,1,0,0,0,1,1,0,0,1.0,9.0,6.0,6.0,0,0,0,0,0,0,1,6,1,6,58,16425,0,20,0.0,0.0,0.0,0.0,0.0,0.0,0.0,0.0
60012,53,17,55.0,118.0,55.0,55.0,55.0,0.0,118.0,118.0,118.0,0.0,48093.0,0.0,48093.0,48093.0,0.0,0.0,0.0,0.0,0.0,0.0,0.0,0.0,0.0,0.0,0,0,0,0,55.0,118.0,0,0,0,0,0,0,0,0,1.0,114.0,55.0,118.0,0,0,0,0,0,0,1,55,1,118,-1,-1,0,20,0.0,0.0,0.0,0.0,0.0,0.0,0.0,0.0
59906,53,17,74.0,166.0,37.0,37.0,37.0,0.0,83.0,83.0,83.0,0.0,121.66,132.603,253.0,1.0,1.0,1.0,0.0,1.0,1.0,1.0,1.0,0.0,1.0,1.0,0,0,0,0,37.0,83.0,0,0,0,0,0,0,0,0,1.0,69.25,37.0,83.0,0,0,0,0,0,0,2,74,2,166,-1,-1,1,32,0.0,0.0,0.0,0.0,0.0,0.0,0.0,0.0
443,48652,6,6.0,6.0,6.0,6.0,6.0,0.0,6.0,6.0,6.0,0.0,63.0,0.0,63.0,63.0,0.0,0.0,0.0,0.0,0.0,0.0,0.0,0.0,0.0,0.0,0,0,0,0,6.0,6.0,0,0,0,0,1,1,0,0,1.0,9.0,6.0,6.0,0,0,0,0,0,0,1,6,1,6,35540,257,0,20,0.0,0.0,0.0,0.0,0.0,0.0,0.0,0.0
443,54457,6,452.0,6.0,358.0,6.0,73.75,115.5415,6.0,6.0,6.0,0.0,8199.0,11241.366,29134.0,3.0,29478.0,1425.0,11511.428,29173.0,3.0,0.0,0.0,0.0,0.0,0.0,1,0,0,0,6.0,358.0,0,1,0,0,1,1,0,0,0.0,100.0,73.75,6.0,0,0,0,0,0,0,8,452,1,6,351,0,7,20,0.0,0.0,0.0,0.0,0.0,0.0,0.0,0.0
61432,53,17,56.0,114.0,56.0,56.0,56.0,0.0,114.0,114.0,114.0,0.0,23509.0,0.0,23509.0,23509.0,0.0,0.0,0.0,0.0,0.0,0.0,0.0,0.0,0.0,0.0,0,0,0,0,56.0,114.0,0,0,0,0,0,0,0,0,1.0,113.0,56.0,114.0,0,0,0,0,0,0,1,56,1,114,-1,-1,0,32,0.0,0.0,0.0,0.0,0.0,0.0,0.0,0.0
43874,443,6,206.0,246.0,46.0,6.0,16.0,23.2066,52.0,6.0,26.0,27.4373,4886172.51,5175888.88,10011384.0,27.0,112048745.0,10677509.33,682.516,10047906.0,10047171.0,112055651.0,10652640.32,7073098.728,10074094.0,1052843.0,1,0,0,0,6.0,46.0,0,1,0,0,1,0,0,0,1.0,15.7821,16.0,26.0,0,0,0,0,0,0,16,206,12,246,256,492,15,20,32059.27,108.352,32910.0,32370.0,10008173.27,942.7,10011386.0,10009857.0
30599,53,17,84.0,404.0,42.0,42.0,42.0,0.0,202.0,202.0,202.0,0.0,16830.33,29433.518,50486.0,4.0,4.0,4.0,0.0,4.0,4.0,4.0,4.0,0.0,4.0,4.0,0,0,0,0,42.0,202.0,0,0,0,0,0,0,0,0,1.0,132.5,42.0,202.0,0,0,0,0,0,0,2,84,2,404,-1,-1,1,32,0.0,0.0,0.0,0.0,0.0,0.0,0.0,0.0
443,50937,6,0.0,18.0,0.0,0.0,0.0,0.0,6.0,6.0,6.0,0.0,25908.5,51022.109,104692.0,0.0,104727.0,104727.0,0.0,104727.0,104727.0,4.0,2.0,1.414,3.0,0.0,0,0,0,0,0.0,6.0,0,0,0,0,1,0,0,0,1.0,3.6,0.0,6.0,0,0,0,0,0,0,2,0,3,18,114,0,0,32,0.0,0.0,0.0,0.0,0.0,0.0,0.0,0.0
443,44536,6,0.0,0.0,0.0,0.0,0.0,0.0,0.0,0.0,0.0,0.0,135.0,0.0,135.0,135.0,135.0,135.0,0.0,135.0,135.0,0.0,0.0,0.0,0.0,0.0,0,0,0,0,0.0,0.0,0,0,0,0,1,0,0,0,0.0,0.0,0.0,0.0,0,0,0,0,0,0,2,0,0,0,46,-1,0,32,0.0,0.0,0.0,0.0,0.0,0.0,0.0,0.0
54572,443,6,12.0,0.0,6.0,6.0,6.0,0.0,0.0,0.0,0.0,0.0,109.0,0.0,109.0,109.0,109.0,109.0,0.0,109.0,109.0,0.0,0.0,0.0,0.0,0.0,0,0,0,0,6.0,6.0,0,0,0,0,1,0,0,0,0.0,9.0,6.0,0.0,0,0,0,0,0,0,2,12,0,0,63866,-1,1,20,0.0,0.0,0.0,0.0,0.0,0.0,0.0,0.0
64819,443,6,12.0,0.0,6.0,6.0,6.0,0.0,0.0,0.0,0.0,0.0,20108082.0,28182285.885,30174159.0,23001.0,30000001.0,30000001.0,0.0,30000001.0,30000001.0,0.0,0.0,0.0,0.0,0.0,0,0,0,0,0.0,6.0,1,0,0,0,0,0,0,0,0.0,6.0,6.0,0.0,0,0,0,0,0,0,2,12,1,0,0,61,1,20,0.0,0.0,0.0,0.0,0.0,0.0,0.0,0.0
62375,53,17,46.0,239.0,46.0,46.0,46.0,0.0,239.0,239.0,239.0,0.0,23471.0,0.0,23471.0,23471.0,0.0,0.0,0.0,0.0,0.0,0.0,0.0,0.0,0.0,0.0,0,0,0,0,46.0,239.0,0,0,0,0,0,0,0,0,1.0,165.5,46.0,239.0,0,0,0,0,0,0,1,46,1,239,-1,-1,0,20,0.0,0.0,0.0,0.0,0.0,0.0,0.0,0.0
37264,80,6,0.0,0.0,0.0,0.0,0.0,0.0,0.0,0.0,0.0,0.0,28381.0,0.0,28381.0,28381.0,0.0,0.0,0.0,0.0,0.0,0.0,0.0,0.0,0.0,0.0,0,0,0,0,0.0,0.0,0,0,0,0,1,1,0,0,1.0,0.0,0.0,0.0,0,0,0,0,0,0,1,0,1,0,256,9,0,32,0.0,0.0,0.0,0.0,0.0,0.0,0.0,0.0
46148,443,6,0.0,0.0,0.0,0.0,0.0,0.0,0.0,0.0,0.0,0.0,197299.0,0.0,197299.0,197299.0,0.0,0.0,0.0,0.0,0.0,0.0,0.0,0.0,0.0,0.0,0,0,0,0,0.0,0.0,0,0,0,0,1,1,0,0,1.0,0.0,0.0,0.0,0,0,0,0,0,0,1,0,1,0,704,254,0,32,0.0,0.0,0.0,0.0,0.0,0.0,0.0,0.0
443,59218,6,6.0,6.0,6.0,6.0,6.0,0.0,6.0,6.0,6.0,0.0,288.0,0.0,288.0,288.0,0.0,0.0,0.0,0.0,0.0,0.0,0.0,0.0,0.0,0.0,0,0,0,0,6.0,6.0,0,0,0,0,1,1,0,0,1.0,9.0,6.0,6.0,0,0,0,0,0,0,1,6,1,6,31256,16356,0,20,0.0,0.0,0.0,0.0,0.0,0.0,0.0,0.0
443,48768,6,247.0,0.0,216.0,31.0,83.5,119.0488,0.0,0.0,0.0,0.0,4.0,0.0,4.0,4.0,4.0,4.0,0.0,4.0,4.0,0.0,0.0,0.0,0.0,0.0,1,0,0,0,31.0,216.0,0,1,0,0,1,0,0,0,0.0,231.5,83.5,0.0,0,0,0,0,0,0,2,247,0,0,38,-1,1,20,0.0,0.0,0.0,0.0,0.0,0.0,0.0,0.0
443,54839,6,12.0,0.0,6.0,6.0,6.0,0.0,0.0,0.0,0.0,0.0,3.0,0.0,3.0,3.0,3.0,3.0,0.0,3.0,3.0,0.0,0.0,0.0,0.0,0.0,0,0,0,0,6.0,6.0,0,0,0,0,1,0,0,0,0.0,9.0,6.0,0.0,0,0,0,0,0,0,2,12,0,0,360,-1,1,20,0.0,0.0,0.0,0.0,0.0,0.0,0.0,0.0
64889,53,17,92.0,284.0,46.0,46.0,46.0,0.0,142.0,142.0,142.0,0.0,7908.33,13627.276,23720.0,3.0,3.0,3.0,0.0,3.0,3.0,4.0,4.0,0.0,4.0,4.0,0,0,0,0,46.0,142.0,0,0,0,0,0,0,0,0,1.0,105.5,46.0,142.0,0,0,0,0,0,0,2,92,2,284,-1,-1,1,20,0.0,0.0,0.0,0.0,0.0,0.0,0.0,0.0
62341,53,17,42.0,115.0,42.0,42.0,42.0,0.0,115.0,115.0,115.0,0.0,60990.0,0.0,60990.0,60990.0,0.0,0.0,0.0,0.0,0.0,0.0,0.0,0.0,0.0,0.0,0,0,0,0,42.0,115.0,0,0,0,0,0,0,0,0,1.0,99.5,42.0,115.0,0,0,0,0,0,0,1,42,1,115,-1,-1,0,32,0.0,0.0,0.0,0.0,0.0,0.0,0.0,0.0
57158,53,17,84.0,284.0,42.0,42.0,42.0,0.0,142.0,142.0,142.0,0.0,61.33,100.522,178.0,3.0,3.0,3.0,0.0,3.0,3.0,3.0,3.0,0.0,3.0,3.0,0,0,0,0,42.0,142.0,0,0,0,0,0,0,0,0,1.0,102.5,42.0,142.0,0,0,0,0,0,0,2,84,2,284,-1,-1,1,20,0.0,0.0,0.0,0.0,0.0,0.0,0.0,0.0
51491,443,6,0.0,6.0,0.0,0.0,0.0,0.0,6.0,6.0,6.0,0.0,287289.0,0.0,287289.0,287289.0,0.0,0.0,0.0,0.0,0.0,0.0,0.0,0.0,0.0,0.0,0,0,0,0,0.0,6.0,0,0,0,1,0,0,0,0,1.0,3.0,0.0,6.0,0,0,0,0,0,0,1,0,1,6,29200,0,0,44,0.0,0.0,0.0,0.0,0.0,0.0,0.0,0.0
22,55284,6,0.0,0.0,0.0,0.0,0.0,0.0,0.0,0.0,0.0,0.0,22.5,18.194,49.0,8.0,0.0,0.0,0.0,0.0,0.0,48.0,48.0,0.0,48.0,48.0,0,0,0,0,0.0,0.0,0,0,0,0,1,1,0,0,2.0,0.0,0.0,0.0,0,0,0,0,0,0,1,0,2,0,243,290,0,32,0.0,0.0,0.0,0.0,0.0,0.0,0.0,0.0
55061,443,6,599.0,160.0,517.0,0.0,85.5714,191.3085,160.0,0.0,53.3333,92.376,609061.22,1777918.655,5362963.0,3.0,5321198.0,870322.0,2218320.969,5352352.0,3.0,87766.0,44756.0,27159.097,62201.0,26485.0,0,0,0,0,0.0,517.0,0,0,0,1,0,0,0,0,0.0,75.9,85.5714,53.3333,0,0,0,0,0,0,7,599,3,160,29200,59,3,32,101620.0,0.0,101620.0,101620.0,5362988.0,0.0,5362968.0,5362988.0
443,54556,6,0.0,0.0,0.0,0.0,0.0,0.0,0.0,0.0,0.0,0.0,3.0,0.0,3.0,3.0,3.0,3.0,0.0,3.0,3.0,0.0,0.0,0.0,0.0,0.0,0,0,0,0,0.0,0.0,0,0,0,0,1,0,0,0,0.0,0.0,0.0,0.0,0,0,0,0,0,0,2,0,0,0,340,-1,0,32,0.0,0.0,0.0,0.0,0.0,0.0,0.0,0.0
44741,443,6,720.0,52998.0,328.0,0.0,29.0,85.1699,4344.0,0.0,1900.3727,905.1324,843447.81,6042542.567,51171616.0,1.0,51573826.0,1835183.84,9062116.606,51171616.0,19.0,2648620.0,59236.03,1515787.43,1173436.0,1.0,0,0,0,0,0.0,4344.0,0,0,0,1,0,0,0,0,1.0,546.2696,29.0,1900.3727,0,0,0,0,0,0,34,720,45,52998,29200,1006,3,32,385664.0,0.0,385664.0,385664.0,51171662.0,0.0,51171662.0,51171662.0
443,43301,6,0.0,18.0,0.0,0.0,0.0,0.0,6.0,6.0,6.0,0.0,25547.75,50065.501,103119.0,1.0,103180.0,103180.0,0.0,103180.0,103180.0,4.0,2.0,1.414,3.0,1.0,0,0,0,0,0.0,6.0,0,0,0,0,1,0,0,0,1.0,3.6,0.0,6.0,0,0,0,0,0,0,2,0,3,18,115,0,0,32,0.0,0.0,0.0,0.0,0.0,0.0,0.0,0.0
443,52493,6,6.0,6.0,6.0,6.0,6.0,0.0,6.0,6.0,6.0,0.0,33.0,0.0,33.0,33.0,0.0,0.0,0.0,0.0,0.0,0.0,0.0,0.0,0.0,0.0,0,0,0,0,6.0,6.0,0,0,0,0,1,1,0,0,1.0,9.0,6.0,6.0,0,0,0,0,0,0,1,6,1,6,32,32850,0,20,0.0,0.0,0.0,0.0,0.0,0.0,0.0,0.0
61280,443,6,1250.0,94518.0,901.0,0.0,45.6667,169.768,2920.0,0.0,1469.7778,887.7464,1769.27,4429.834,15152.0,0.0,61059.0,3325.57,7026.661,21722.0,0.0,49002.0,3926.19,4514.157,15410.0,2.0,0,0,0,0,0.0,2920.0,0,0,0,1,0,0,0,0,1.0,887.3965,45.6667,1469.7778,0,0,0,0,0,0,45,1250,69,94518,65535,32,44,20,0.0,0.0,0.0,0.0,0.0,0.0,0.0,0.0
53637,443,6,2263.0,910.0,1448.0,0.0,171.4545,429.797,845.0,0.0,160.0,338.4301,7667.0,12611.033,42549.0,49.0,147872.0,13130.1,16673.71,62759.0,49.0,108876.0,26894.25,16414.062,42320.0,337.0,0,0,0,0,0.0,1448.0,0,0,0,1,0,0,0,0,0.0,152.7115,171.4545,160.0,0,0,0,0,0,0,11,2263,5,910,65535,1120,6,32,0.0,0.0,0.0,0.0,0.0,0.0,0.0,0.0
59575,53,17,116.0,210.0,29.0,29.0,29.0,0.0,105.0,105.0,105.0,0.0,4482.6,11602.365,30635.0,3.0,30696.0,10265.33,17669.785,30685.0,4.0,3.0,3.0,0.0,3.0,3.0,0,0,0,0,29.0,105.0,0,0,0,0,0,0,0,0,0.0,60.1667,29.0,105.0,0,0,0,0,0,0,4,116,2,210,-1,-1,3,20,0.0,0.0,0.0,0.0,0.0,0.0,0.0,0.0
53864,21,6,200.0,468.0,43.0,0.0,11.1111,12.1891,52.0,0.0,19.5,14.3119,3860.78,14751.773,66936.0,1.0,182820.0,8938.66,28389.599,104193.0,1.0,140615.0,6558.18,24728.981,66869.0,1.0,0,0,0,0,0.0,52.0,0,0,0,1,0,0,0,0,1.0,15.8694,11.1111,19.5,0,0,0,0,0,0,18,200,25,468,8192,229,16,20,0.0,0.0,0.0,0.0,0.0,0.0,0.0,0.0
52241,53,17,70.0,264.0,35.0,35.0,35.0,0.0,132.0,132.0,132.0,0.0,73.66,88.036,170.0,4.0,48.0,48.0,0.0,48.0,48.0,4.0,4.0,0.0,4.0,4.0,0,0,0,0,35.0,132.0,0,0,0,0,0,0,0,0,1.0,92.25,35.0,132.0,0,0,0,0,0,0,2,70,2,264,-1,-1,1,32,0.0,0.0,0.0,0.0,0.0,0.0,0.0,0.0
57447,443,6,29.0,0.0,29.0,0.0,7.25,14.5,0.0,0.0,0.0,0.0,80917.33,148181.795,242016.0,3.0,42735.0,14241.33,27241.288,42026.0,3.0,0.0,0.0,0.0,0.0,0.0,0,0,0,0,0.0,29.0,0,0,0,0,1,0,0,0,0.0,7.25,7.25,0.0,0,0,0,0,0,0,4,29,0,0,33211,-1,1,32,0.0,0.0,0.0,0.0,0.0,0.0,0.0,0.0
59662,53,17,76.0,234.0,38.0,38.0,38.0,0.0,117.0,117.0,117.0,0.0,56.66,94.953,163.0,3.0,3.0,3.0,0.0,3.0,3.0,4.0,4.0,0.0,4.0,4.0,0,0,0,0,38.0,117.0,0,0,0,0,0,0,0,0,1.0,87.0,38.0,117.0,0,0,0,0,0,0,2,76,2,234,-1,-1,1,20,0.0,0.0,0.0,0.0,0.0,0.0,0.0,0.0
56054,443,6,0.0,0.0,0.0,0.0,0.0,0.0,0.0,0.0,0.0,0.0,33790.0,0.0,33790.0,33790.0,0.0,0.0,0.0,0.0,0.0,0.0,0.0,0.0,0.0,0.0,0,0,0,0,0.0,0.0,0,0,0,0,1,1,0,0,1.0,0.0,0.0,0.0,0,0,0,0,0,0,1,0,1,0,754,31,0,32,0.0,0.0,0.0,0.0,0.0,0.0,0.0,0.0
443,50318,6,43.0,6.0,37.0,6.0,21.5,21.9203,6.0,6.0,6.0,0.0,106.0,99.011,162.0,48.0,218.0,218.0,0.0,218.0,218.0,0.0,0.0,0.0,0.0,0.0,0,0,0,0,6.0,37.0,0,0,0,0,1,0,0,0,0.0,28.6667,21.5,6.0,0,0,0,0,0,0,2,43,1,6,40292,0,1,20,0.0,0.0,0.0,0.0,0.0,0.0,0.0,0.0
3247,443,6,135.0,46.0,46.0,6.0,27.0,20.1246,46.0,46.0,46.0,0.0,1145925.2,2546237.583,6578493.0,3.0,6295914.0,1313973.5,3259417.992,6578493.0,3.0,0.0,0.0,0.0,0.0,0.0,1,0,0,0,6.0,46.0,0,1,0,0,1,0,0,0,0.0,37.8333,27.0,46.0,0,0,0,0,0,0,5,135,1,46,258,32,4,20,73415.0,0.0,73415.0,73415.0,6578492.0,0.0,6578492.0,6578492.0
21596,53,17,92.0,248.0,46.0,46.0,46.0,0.0,124.0,124.0,124.0,0.0,88.66,112.427,210.0,1.0,1.0,1.0,0.0,1.0,1.0,48.0,48.0,0.0,48.0,48.0,0,0,0,0,46.0,124.0,0,0,0,0,0,0,0,0,1.0,96.5,46.0,124.0,0,0,0,0,0,0,2,92,2,248,-1,-1,1,32,0.0,0.0,0.0,0.0,0.0,0.0,0.0,0.0
443,50189,6,6.0,6.0,6.0,6.0,6.0,0.0,6.0,6.0,6.0,0.0,120.0,0.0,120.0,120.0,0.0,0.0,0.0,0.0,0.0,0.0,0.0,0.0,0.0,0.0,0,0,0,0,6.0,6.0,0,0,0,0,1,1,0,0,1.0,9.0,6.0,6.0,0,0,0,0,0,0,1,6,1,6,31,253,0,20,0.0,0.0,0.0,0.0,0.0,0.0,0.0,0.0
39796,53,17,60.0,344.0,30.0,30.0,30.0,0.0,172.0,172.0,172.0,0.0,81.33,101.632,191.0,1.0,1.0,1.0,0.0,1.0,1.0,48.0,48.0,0.0,48.0,48.0,0,0,0,0,30.0,172.0,0,0,0,0,0,0,0,0,1.0,108.5,30.0,172.0,0,0,0,0,0,0,2,60,2,344,-1,-1,1,40,0.0,0.0,0.0,0.0,0.0,0.0,0.0,0.0
49628,53,17,72.0,146.0,36.0,36.0,36.0,0.0,73.0,73.0,73.0,0.0,10303.66,17840.493,30905.0,3.0,4.0,4.0,0.0,4.0,4.0,3.0,3.0,0.0,3.0,3.0,0,0,0,0,36.0,73.0,0,0,0,0,0,0,0,0,1.0,63.5,36.0,73.0,0,0,0,0,0,0,2,72,2,146,-1,-1,1,32,0.0,0.0,0.0,0.0,0.0,0.0,0.0,0.0
49601,443,6,135.0,46.0,46.0,6.0,27.0,20.1246,46.0,46.0,46.0,0.0,1007887.8,2122300.957,4654162.0,4.0,5949235.0,1362808.75,2664636.482,4654162.0,4.0,100000.0,0.0,0.0,0.0,0.0,1,0,0,0,6.0,46.0,0,1,0,0,1,0,0,0,0.0,37.8333,27.0,46.0,0,0,0,0,0,0,5,135,1,46,16257,351,4,20,0.0,0.0,0.0,0.0,0.0,0.0,0.0,0.0
60237,53,17,56.0,186.0,56.0,56.0,56.0,0.0,186.0,186.0,186.0,0.0,31881.0,0.0,31881.0,31881.0,0.0,0.0,0.0,0.0,0.0,0.0,0.0,0.0,0.0,0.0,0,0,0,0,56.0,186.0,0,0,0,0,0,0,0,0,1.0,149.0,56.0,186.0,0,0,0,0,0,0,1,56,1,186,-1,-1,0,20,0.0,0.0,0.0,0.0,0.0,0.0,0.0,0.0
45918,443,6,635.0,157.0,517.0,0.0,90.7143,190.7072,157.0,0.0,39.25,78.5,504957.5,1566213.699,4941165.0,46.0,5041356.0,844257.66,2039746.857,5006060.0,49.0,84098.0,28519.33,27834.326,53453.0,4098.0,0,0,0,0,0.0,517.0,0,0,0,1,0,0,0,0,0.0,72.0,90.7143,39.25,0,0,0,0,0,0,7,635,4,157,29200,118,3,32,0.0,0.0,0.0,0.0,0.0,0.0,0.0,0.0
51284,53,17,68.0,224.0,34.0,34.0,34.0,0.0,112.0,112.0,112.0,0.0,10362.66,17913.785,31037.0,4.0,4.0,4.0,0.0,4.0,4.0,4.0,4.0,0.0,4.0,4.0,0,0,0,0,34.0,112.0,0,0,0,0,0,0,0,0,1.0,81.5,34.0,112.0,0,0,0,0,0,0,2,68,2,224,-1,-1,1,20,0.0,0.0,0.0,0.0,0.0,0.0,0.0,0.0
60606,443,6,12.0,0.0,6.0,6.0,6.0,0.0,0.0,0.0,0.0,0.0,2732.0,0.0,2732.0,2732.0,2732.0,2732.0,0.0,2732.0,2732.0,0.0,0.0,0.0,0.0,0.0,0,0,0,0,6.0,6.0,0,0,0,0,1,0,0,0,0.0,9.0,6.0,0.0,0,0,0,0,0,0,2,12,0,0,63886,-1,1,20,0.0,0.0,0.0,0.0,0.0,0.0,0.0,0.0
443,53928,6,6.0,6.0,6.0,6.0,6.0,0.0,6.0,6.0,6.0,0.0,45.0,0.0,45.0,45.0,0.0,0.0,0.0,0.0,0.0,0.0,0.0,0.0,0.0,0.0,0,0,0,0,6.0,6.0,0,0,0,0,1,1,0,0,1.0,9.0,6.0,6.0,0,0,0,0,0,0,1,6,1,6,119,256,0,20,0.0,0.0,0.0,0.0,0.0,0.0,0.0,0.0
4064,53,17,76.0,300.0,38.0,38.0,38.0,0.0,150.0,150.0,150.0,0.0,20482.0,35405.13,61494.0,1.0,1.0,1.0,0.0,1.0,1.0,4.0,4.0,0.0,4.0,4.0,0,0,0,0,38.0,150.0,0,0,0,0,0,0,0,0,1.0,103.5,38.0,150.0,0,0,0,0,0,0,2,76,2,300,-1,-1,1,32,0.0,0.0,0.0,0.0,0.0,0.0,0.0,0.0
61216,53,17,81.0,163.0,81.0,81.0,81.0,0.0,163.0,163.0,163.0,0.0,23552.0,0.0,23552.0,23552.0,0.0,0.0,0.0,0.0,0.0,0.0,0.0,0.0,0.0,0.0,0,0,0,0,81.0,163.0,0,0,0,0,0,0,0,0,1.0,162.5,81.0,163.0,0,0,0,0,0,0,1,81,1,163,-1,-1,0,32,0.0,0.0,0.0,0.0,0.0,0.0,0.0,0.0
50272,80,6,536.0,1878.0,430.0,0.0,34.1875,104.75,1860.0,0.0,172.5333,463.3094,4014276.5,4935636.017,10216572.0,1.0,116547517.0,7796507.73,4463662.29,10240004.0,36665.0,112598106.0,8661462.27,3825481.236,10240293.0,751.0,0,0,0,0,0.0,1860.0,0,0,0,1,0,0,0,0,0.0,73.1333,34.1875,172.5333,0,0,0,0,0,0,16,536,15,1878,29200,940,15,20,27787.81,57787.109,108559.0,22972.0,10212213.9,8736.419,10216577.0,10148775.0
443,50998,6,6.0,6.0,6.0,6.0,6.0,0.0,6.0,6.0,6.0,0.0,136.0,0.0,136.0,136.0,0.0,0.0,0.0,0.0,0.0,0.0,0.0,0.0,0.0,0.0,0,0,0,0,6.0,6.0,0,0,0,0,1,1,0,0,1.0,9.0,6.0,6.0,0,0,0,0,0,0,1,6,1,6,60,255,0,20,0.0,0.0,0.0,0.0,0.0,0.0,0.0,0.0
49743,443,6,986.0,58162.0,437.0,0.0,24.88,75.3183,1418.0,0.0,1360.4643,470.9178,1566170.14,9006710.155,58406941.0,1.0,117947621.0,3096898.21,13115665.943,58483941.0,3.0,117747727.0,2856599.15,12589544.037,58401970.0,1.0,0,0,0,0,0.0,1418.0,0,0,0,1,0,0,0,0,1.0,809.3867,24.88,1360.4643,0,0,0,0,0,0,70,986,63,58162,29200,1593,10,32,18211.0,88031.577,175704.0,79712.0,58765891.5,354449.973,58406945.0,57374438.0
80,58020,6,6.0,6.0,6.0,6.0,6.0,0.0,6.0,6.0,6.0,0.0,16.0,0.0,16.0,16.0,0.0,0.0,0.0,0.0,0.0,0.0,0.0,0.0,0.0,0.0,0,0,0,0,6.0,6.0,0,0,0,0,1,1,0,0,1.0,9.0,6.0,6.0,0,0,0,0,0,0,1,6,1,6,913,256,0,20,0.0,0.0,0.0,0.0,0.0,0.0,0.0,0.0
46852,80,6,9613.0,55556.0,2929.0,0.0,415.6923,952.9775,2896.0,0.0,1508.0341,876.4452,214090.61,929315.295,9999677.0,0.0,10313877.0,677561.01,1301083.354,9999977.0,1.0,10376841.0,469322.15,1123358.416,10009678.0,3.0,0,0,0,0,0.0,2929.0,0,0,0,1,0,0,0,0,1.0,887.3196,415.6923,1508.0341,0,0,0,0,0,0,34,9613,41,55556,29200,90,7,32,0.0,0.0,0.0,0.0,0.0,0.0,0.0,0.0
443,38365,6,31.0,0.0,31.0,0.0,10.3333,17.8979,0.0,0.0,0.0,0.0,2.0,1.414,3.0,1.0,4.0,2.0,1.414,3.0,1.0,0.0,0.0,0.0,0.0,0.0,0,0,0,0,0.0,31.0,0,0,0,0,1,0,0,0,0.0,10.3333,10.3333,0.0,0,0,0,0,0,0,3,31,0,0,59,-1,1,32,0.0,0.0,0.0,0.0,0.0,0.0,0.0,0.0
55009,53,17,78.0,110.0,39.0,39.0,39.0,0.0,55.0,55.0,55.0,0.0,68.33,33.83,109.0,48.0,49.0,49.0,0.0,49.0,49.0,48.0,48.0,0.0,48.0,48.0,0,0,0,0,39.0,55.0,0,0,0,0,0,0,0,0,1.0,56.75,39.0,55.0,0,0,0,0,0,0,2,78,2,110,-1,-1,1,32,0.0,0.0,0.0,0.0,0.0,0.0,0.0,0.0
59199,53,17,80.0,180.0,40.0,40.0,40.0,0.0,90.0,90.0,90.0,0.0,11025.33,19140.385,33070.0,3.0,3.0,3.0,0.0,3.0,3.0,4.0,4.0,0.0,4.0,4.0,0,0,0,0,40.0,90.0,0,0,0,0,0,0,0,0,1.0,75.0,40.0,90.0,0,0,0,0,0,0,2,80,2,180,-1,-1,1,20,0.0,0.0,0.0,0.0,0.0,0.0,0.0,0.0
33971,443,6,752.0,5654.0,373.0,0.0,30.9444,95.1353,1448.0,0.0,214.7333,472.4134,3136898.78,4648470.472,10186487.0,9.0,115711536.0,6090666.18,4768578.243,10240038.0,19.0,113476632.0,6366558.94,4904995.744,10240223.0,49.0,0,0,0,0,0.0,1448.0,0,0,0,1,0,0,0,0,0.0,114.1096,30.9444,214.7333,0,0,0,0,0,0,28,752,18,5654,29200,61,4,32,127545.54,131513.213,907162.0,28262.0,10161739.0,60794.916,10186483.0,10008247.0
56709,443,6,3391.0,7934.0,642.0,0.0,368.2222,365.5527,1955.0,0.0,931.5905,846.0206,947633.4,2585227.461,9050672.0,82.0,521547.0,44888.25,62910.336,116389.0,267.0,10460315.0,1432037.33,3752946.724,9999662.0,102.0,0,0,0,0,0.0,1955.0,0,0,0,1,0,0,0,0,1.0,684.5791,368.2222,931.5905,0,0,0,0,0,0,11,3391,13,7934,29200,0,4,32,502850.0,0.0,502850.0,502850.0,9050614.0,0.0,9050674.0,9050614.0
59380,53,17,86.0,118.0,43.0,43.0,43.0,0.0,59.0,59.0,59.0,0.0,1.33,2.668,3.0,1.0,1.0,1.0,0.0,1.0,1.0,2.0,2.0,0.0,2.0,2.0,0,0,0,0,43.0,59.0,0,0,0,0,0,0,0,0,1.0,61.75,43.0,59.0,0,0,0,0,0,0,2,86,2,118,-1,-1,1,32,0.0,0.0,0.0,0.0,0.0,0.0,0.0,0.0
50339,53,17,64.0,96.0,32.0,32.0,32.0,0.0,48.0,48.0,48.0,0.0,58.33,62.962,129.0,3.0,48.0,48.0,0.0,48.0,48.0,3.0,3.0,0.0,3.0,3.0,0,0,0,0,32.0,48.0,0,0,0,0,0,0,0,0,1.0,48.0,32.0,48.0,0,0,0,0,0,0,2,64,2,96,-1,-1,1,32,0.0,0.0,0.0,0.0,0.0,0.0,0.0,0.0
2119,53,17,70.0,264.0,35.0,35.0,35.0,0.0,132.0,132.0,132.0,0.0,35575.66,64416.795,106720.0,3.0,3.0,3.0,0.0,3.0,3.0,3.0,3.0,0.0,3.0,3.0,0,0,0,0,35.0,132.0,0,0,0,0,0,0,0,0,1.0,92.25,35.0,132.0,0,0,0,0,0,0,2,70,2,264,-1,-1,1,40,0.0,0.0,0.0,0.0,0.0,0.0,0.0,0.0
54052,443,6,941.0,1474.0,685.0,0.0,110.1667,222.7683,1206.0,0.0,245.8,485.6566,3414053.29,10876705.761,44996890.0,4.0,60060110.0,6918012.0,15143000.173,44996890.0,48.0,65035895.0,10607986.25,15348467.727,45048039.0,4.0,0,0,0,0,0.0,1206.0,0,0,0,1,0,0,0,0,0.0,161.6667,110.1667,245.8,0,0,0,0,0,0,9,941,5,1474,65535,115,4,32,161632.0,0.0,161632.0,161632.0,44996808.0,0.0,44996898.0,44996808.0
61289,53,17,43.0,122.0,43.0,43.0,43.0,0.0,122.0,122.0,122.0,0.0,90375.0,0.0,90375.0,90375.0,0.0,0.0,0.0,0.0,0.0,0.0,0.0,0.0,0.0,0.0,0,0,0,0,43.0,122.0,0,0,0,0,0,0,0,0,1.0,104.0,43.0,122.0,0,0,0,0,0,0,1,43,1,122,-1,-1,0,20,0.0,0.0,0.0,0.0,0.0,0.0,0.0,0.0
64126,443,6,704.0,343.0,517.0,0.0,78.4,167.6719,205.0,0.0,68.6,96.8003,29016.21,55317.291,177659.0,18.0,370035.0,45509.77,67449.445,177659.0,18.0,227599.0,50349.75,71481.294,127786.0,500.0,0,0,0,0,0.0,517.0,0,0,0,1,0,0,0,0,0.0,88.6,78.4,68.6,0,0,0,0,0,0,10,704,5,343,65535,349,5,32,0.0,0.0,0.0,0.0,0.0,0.0,0.0,0.0
64115,443,6,116.0,3057.0,118.0,0.0,28.6667,45.7238,1418.0,0.0,751.4,716.328,14701.5,23669.196,52029.0,1.0,152476.0,26289.2,29222.129,53939.0,289.0,51263.0,17090.75,27820.558,50051.0,48.0,0,0,0,0,0.0,1418.0,0,0,0,1,0,0,0,0,0.0,311.2857,28.6667,751.4,0,0,0,0,0,0,6,116,5,3057,65535,330,1,32,0.0,0.0,0.0,0.0,0.0,0.0,0.0,0.0
39447,80,6,440.0,859.0,440.0,0.0,146.6667,254.0341,859.0,0.0,214.75,429.5,7991.66,11814.632,23422.0,4.0,23001.0,11500.5,16061.808,23657.0,170.0,24212.0,8307.33,13942.919,23726.0,4.0,0,0,0,0,0.0,859.0,0,0,0,1,0,0,0,0,1.0,185.5714,146.6667,214.75,0,0,0,0,0,0,3,440,4,859,29200,31,1,32,0.0,0.0,0.0,0.0,0.0,0.0,0.0,0.0
18290,53,17,90.0,242.0,45.0,45.0,45.0,0.0,121.0,121.0,121.0,0.0,80.0,103.898,199.0,1.0,40.0,40.0,0.0,40.0,40.0,1.0,1.0,0.0,1.0,1.0,0,0,0,0,45.0,121.0,0,0,0,0,0,0,0,0,1.0,94.25,45.0,121.0,0,0,0,0,0,0,2,90,2,242,-1,-1,1,32,0.0,0.0,0.0,0.0,0.0,0.0,0.0,0.0
80,56754,6,6.0,6.0,6.0,6.0,6.0,0.0,6.0,6.0,6.0,0.0,67.0,0.0,67.0,67.0,0.0,0.0,0.0,0.0,0.0,0.0,0.0,0.0,0.0,0.0,0,0,0,0,6.0,6.0,0,0,0,0,1,1,0,0,1.0,9.0,6.0,6.0,0,0,0,0,0,0,1,6,1,6,980,16425,0,20,0.0,0.0,0.0,0.0,0.0,0.0,0.0,0.0
80,38484,6,0.0,0.0,0.0,0.0,0.0,0.0,0.0,0.0,0.0,0.0,51.0,0.0,51.0,51.0,0.0,0.0,0.0,0.0,0.0,0.0,0.0,0.0,0.0,0.0,0,0,0,0,0.0,0.0,0,0,0,0,1,1,0,0,1.0,0.0,0.0,0.0,0,0,0,0,0,0,1,0,1,0,65535,490,0,32,0.0,0.0,0.0,0.0,0.0,0.0,0.0,0.0
443,57040,6,6.0,6.0,6.0,6.0,6.0,0.0,6.0,6.0,6.0,0.0,46.0,0.0,46.0,46.0,0.0,0.0,0.0,0.0,0.0,0.0,0.0,0.0,0.0,0.0,0,0,0,0,6.0,6.0,0,0,0,0,1,1,0,0,1.0,9.0,6.0,6.0,0,0,0,0,0,0,1,6,1,6,32,32850,0,20,0.0,0.0,0.0,0.0,0.0,0.0,0.0,0.0
52777,80,6,12.0,0.0,6.0,6.0,6.0,0.0,0.0,0.0,0.0,0.0,54.0,0.0,54.0,54.0,54.0,54.0,0.0,54.0,54.0,0.0,0.0,0.0,0.0,0.0,0,0,0,0,6.0,6.0,0,0,0,0,1,0,0,0,0.0,9.0,6.0,0.0,0,0,0,0,0,0,2,12,0,0,253,-1,1,20,0.0,0.0,0.0,0.0,0.0,0.0,0.0,0.0
65293,53,17,88.0,168.0,44.0,44.0,44.0,0.0,84.0,84.0,84.0,0.0,62.66,104.037,181.0,3.0,4.0,4.0,0.0,4.0,4.0,3.0,3.0,0.0,3.0,3.0,0,0,0,0,44.0,84.0,0,0,0,0,0,0,0,0,1.0,75.0,44.0,84.0,0,0,0,0,0,0,2,88,2,168,-1,-1,1,20,0.0,0.0,0.0,0.0,0.0,0.0,0.0,0.0
60436,53,17,46.0,119.0,46.0,46.0,46.0,0.0,119.0,119.0,119.0,0.0,46689.0,0.0,46689.0,46689.0,0.0,0.0,0.0,0.0,0.0,0.0,0.0,0.0,0.0,0.0,0,0,0,0,46.0,119.0,0,0,0,0,0,0,0,0,1.0,105.5,46.0,119.0,0,0,0,0,0,0,1,46,1,119,-1,-1,0,32,0.0,0.0,0.0,0.0,0.0,0.0,0.0,0.0
61904,443,6,602.0,4776.0,342.0,0.0,80.5714,148.9315,1460.0,0.0,729.7143,729.6716,112470.0,348324.825,962220.0,28.0,444020.0,58374.0,62199.07,115414.0,295.0,1151348.0,165282.66,462284.999,995531.0,48.0,0,0,0,0,0.0,1460.0,0,0,0,1,0,0,0,0,1.0,401.0943,80.5714,729.7143,0,0,0,0,0,0,7,602,7,4776,8192,4988,6,20,0.0,0.0,0.0,0.0,0.0,0.0,0.0,0.0
60874,443,6,210.0,145.0,212.0,0.0,58.0,84.089,145.0,0.0,36.25,72.5,598270.8,1622130.635,4831196.0,43.0,4158465.0,1037261.25,2128096.289,4900270.0,1632.0,100247.0,36019.66,36487.298,75274.0,49.0,0,0,0,0,0.0,212.0,0,0,0,1,0,0,0,0,0.0,41.0,58.0,36.25,0,0,0,0,0,0,5,210,4,145,8192,4946,4,20,0.0,0.0,0.0,0.0,0.0,0.0,0.0,0.0
61239,53,17,61.0,77.0,61.0,61.0,61.0,0.0,77.0,77.0,77.0,0.0,30786.0,0.0,30786.0,30786.0,0.0,0.0,0.0,0.0,0.0,0.0,0.0,0.0,0.0,0.0,0,0,0,0,61.0,77.0,0,0,0,0,0,0,0,0,1.0,99.5,61.0,77.0,0,0,0,0,0,0,1,61,1,77,-1,-1,0,20,0.0,0.0,0.0,0.0,0.0,0.0,0.0,0.0
39074,443,6,2628.0,7165.0,993.0,0.0,198.5333,416.739,1786.0,2.0,578.5,736.2254,1677282.09,3765926.029,10203737.0,29.0,61012840.0,3767380.76,4977127.325,10240024.0,169.0,66074878.0,4006983.82,4998636.564,10244621.0,205.0,0,0,0,0,0.0,1786.0,0,0,0,1,0,0,0,0,1.0,370.3586,198.5333,578.5,0,0,0,0,0,0,15,2628,15,7165,29200,33188,14,20,943852.16,5753915.256,1921800.0,86370.0,9988339.33,154897.781,10203732.0,9006909.0
18834,53,17,66.0,98.0,33.0,33.0,33.0,0.0,49.0,49.0,49.0,0.0,52.0,87.47,150.0,3.0,3.0,3.0,0.0,3.0,3.0,3.0,3.0,0.0,3.0,3.0,0,0,0,0,33.0,49.0,0,0,0,0,0,0,0,0,1.0,49.25,33.0,49.0,0,0,0,0,0,0,2,66,2,98,-1,-1,1,20,0.0,0.0,0.0,0.0,0.0,0.0,0.0,0.0
49310,443,6,18.0,0.0,6.0,6.0,6.0,0.0,0.0,0.0,0.0,0.0,78.33,91.156,183.0,3.0,248.0,124.0,121.57,245.0,3.0,0.0,0.0,0.0,0.0,0.0,0,0,0,0,0.0,6.0,1,0,0,0,0,0,0,0,0.0,6.0,6.0,0.0,0,0,0,0,0,0,3,18,1,0,0,61,2,20,0.0,0.0,0.0,0.0,0.0,0.0,0.0,0.0
80,51810,6,0.0,0.0,0.0,0.0,0.0,0.0,0.0,0.0,0.0,0.0,81.0,0.0,81.0,81.0,0.0,0.0,0.0,0.0,0.0,0.0,0.0,0.0,0.0,0.0,0,0,0,0,0.0,0.0,0,0,0,0,1,1,0,0,1.0,0.0,0.0,0.0,0,0,0,0,0,0,1,0,1,0,972,254,0,32,0.0,0.0,0.0,0.0,0.0,0.0,0.0,0.0
53632,443,6,0.0,0.0,0.0,0.0,0.0,0.0,0.0,0.0,0.0,0.0,16618.5,17974.541,23330.0,39.0,0.0,0.0,0.0,0.0,0.0,0.0,0.0,0.0,0.0,0.0,0,0,0,0,0.0,0.0,0,0,0,0,1,0,0,0,1.0,0.0,0.0,0.0,0,0,0,0,0,0,1,0,1,0,32832,357,0,32,0.0,0.0,0.0,0.0,0.0,0.0,0.0,0.0
30496,53,17,62.0,94.0,31.0,31.0,31.0,0.0,47.0,47.0,47.0,0.0,28820.66,49234.078,86454.0,1.0,1.0,1.0,0.0,1.0,1.0,3.0,3.0,0.0,3.0,3.0,0,0,0,0,31.0,47.0,0,0,0,0,0,0,0,0,1.0,46.75,31.0,47.0,0,0,0,0,0,0,2,62,2,94,-1,-1,1,32,0.0,0.0,0.0,0.0,0.0,0.0,0.0,0.0
33932,443,6,370.0,5525.0,181.0,0.0,36.6667,62.2184,1448.0,0.0,905.0,684.65,394709.09,1437873.027,5335012.0,3.0,5544885.0,637809.12,1860487.524,5335012.0,3.0,72110.0,10553.0,14341.247,38814.0,48.0,0,0,0,0,0.0,1448.0,0,0,0,1,0,0,0,0,0.0,453.0875,36.6667,905.0,0,0,0,0,0,0,12,370,5,5525,29200,59,3,32,309827.0,0.0,309827.0,309827.0,5335083.0,0.0,5335013.0,5335083.0
62953,53,17,87.0,161.0,45.0,39.0,43.5,3.5321,97.0,89.0,80.5,21.6772,17832250.66,38200410.698,53564734.0,23133.0,53685101.0,53685101.0,0.0,53685101.0,53685100.0,53684414.0,53684414.0,0.0,53684414.0,53684414.0,0,0,0,0,39.0,97.0,0,0,0,0,0,0,0,0,1.0,72.25,43.5,80.5,0,0,0,0,0,0,2,87,2,161,-1,-1,1,20,30338.0,0.0,30338.0,30338.0,53564720.0,0.0,53564730.0,53564720.0
61535,53,17,52.0,68.0,52.0,52.0,52.0,0.0,68.0,68.0,68.0,0.0,47803.0,0.0,47803.0,47803.0,0.0,0.0,0.0,0.0,0.0,0.0,0.0,0.0,0.0,0.0,0,0,0,0,52.0,68.0,0,0,0,0,0,0,0,0,1.0,86.0,52.0,68.0,0,0,0,0,0,0,1,52,1,68,-1,-1,0,32,0.0,0.0,0.0,0.0,0.0,0.0,0.0,0.0
443,49402,6,12.0,0.0,6.0,6.0,6.0,0.0,0.0,0.0,0.0,0.0,266.0,0.0,266.0,266.0,266.0,266.0,0.0,266.0,266.0,0.0,0.0,0.0,0.0,0.0,0,0,0,0,6.0,6.0,0,0,0,0,1,0,0,0,0.0,9.0,6.0,0.0,0,0,0,0,0,0,2,12,0,0,6077,-1,1,20,0.0,0.0,0.0,0.0,0.0,0.0,0.0,0.0
61798,53,17,98.0,304.0,49.0,49.0,49.0,0.0,152.0,152.0,152.0,0.0,15422.0,27139.271,46268.0,3.0,3.0,3.0,0.0,3.0,3.0,3.0,3.0,0.0,3.0,3.0,0,0,0,0,49.0,152.0,0,0,0,0,0,0,0,0,1.0,112.75,49.0,152.0,0,0,0,0,0,0,2,98,2,304,-1,-1,1,20,0.0,0.0,0.0,0.0,0.0,0.0,0.0,0.0
33996,443,6,0.0,0.0,0.0,0.0,0.0,0.0,0.0,0.0,0.0,0.0,93181.0,0.0,93181.0,93181.0,0.0,0.0,0.0,0.0,0.0,0.0,0.0,0.0,0.0,0.0,0,0,0,0,0.0,0.0,0,0,0,0,1,1,0,0,1.0,0.0,0.0,0.0,0,0,0,0,0,0,1,0,1,0,304,254,0,32,0.0,0.0,0.0,0.0,0.0,0.0,0.0,0.0
443,62027,6,0.0,0.0,0.0,0.0,0.0,0.0,0.0,0.0,0.0,0.0,1083.0,0.0,1083.0,1083.0,0.0,0.0,0.0,0.0,0.0,0.0,0.0,0.0,0.0,0.0,0,0,0,0,0.0,0.0,0,0,0,0,1,0,0,0,1.0,0.0,0.0,0.0,0,0,0,0,0,0,1,0,1,0,357,32832,0,32,0.0,0.0,0.0,0.0,0.0,0.0,0.0,0.0
48088,80,6,6.0,6.0,6.0,6.0,6.0,0.0,6.0,6.0,6.0,0.0,29819.0,0.0,29819.0,29819.0,0.0,0.0,0.0,0.0,0.0,0.0,0.0,0.0,0.0,0.0,0,0,0,0,6.0,6.0,0,0,0,0,1,1,0,0,1.0,9.0,6.0,6.0,0,0,0,0,0,0,1,6,1,6,30253,43,0,20,0.0,0.0,0.0,0.0,0.0,0.0,0.0,0.0
52499,53,17,82.0,254.0,41.0,41.0,41.0,0.0,127.0,127.0,127.0,0.0,10453.66,18119.883,31354.0,3.0,49.0,49.0,0.0,49.0,49.0,3.0,3.0,0.0,3.0,3.0,0,0,0,0,41.0,127.0,0,0,0,0,0,0,0,0,1.0,94.25,41.0,127.0,0,0,0,0,0,0,2,82,2,254,-1,-1,1,32,0.0,0.0,0.0,0.0,0.0,0.0,0.0,0.0
62983,53,17,54.0,108.0,27.0,27.0,27.0,0.0,54.0,54.0,54.0,0.0,10263.66,17796.796,30784.0,3.0,3.0,3.0,0.0,3.0,3.0,3.0,3.0,0.0,3.0,3.0,0,0,0,0,27.0,54.0,0,0,0,0,0,0,0,0,1.0,42.25,27.0,54.0,0,0,0,0,0,0,2,54,2,108,-1,-1,1,20,0.0,0.0,0.0,0.0,0.0,0.0,0.0,0.0
57064,80,6,12.0,0.0,6.0,0.0,4.0,3.4641,0.0,0.0,0.0,0.0,1993768.33,3345916.674,5705672.0,133.0,5795197.0,2897598.5,4047373.762,5705672.0,23889.0,0.0,0.0,0.0,0.0,0.0,0,0,0,0,0.0,6.0,0,0,0,1,0,0,0,0,0.0,3.0,4.0,0.0,0,0,0,0,0,0,3,12,1,0,8192,26883,2,20,0.0,0.0,0.0,0.0,0.0,0.0,0.0,0.0
53231,53,17,72.0,124.0,36.0,36.0,36.0,0.0,62.0,62.0,62.0,0.0,45.66,71.191,120.0,3.0,3.0,3.0,0.0,3.0,3.0,3.0,3.0,0.0,3.0,3.0,0,0,0,0,36.0,62.0,0,0,0,0,0,0,0,0,1.0,53.0,36.0,62.0,0,0,0,0,0,0,2,72,2,124,-1,-1,1,20,0.0,0.0,0.0,0.0,0.0,0.0,0.0,0.0
62222,53,17,54.0,125.0,54.0,54.0,54.0,0.0,125.0,125.0,125.0,0.0,47948.0,0.0,47948.0,47948.0,0.0,0.0,0.0,0.0,0.0,0.0,0.0,0.0,0.0,0.0,0,0,0,0,54.0,125.0,0,0,0,0,0,0,0,0,1.0,116.5,54.0,125.0,0,0,0,0,0,0,1,54,1,125,-1,-1,0,32,0.0,0.0,0.0,0.0,0.0,0.0,0.0,0.0
443,55827,6,0.0,0.0,0.0,0.0,0.0,0.0,0.0,0.0,0.0,0.0,57.0,0.0,57.0,57.0,0.0,0.0,0.0,0.0,0.0,0.0,0.0,0.0,0.0,0.0,0,0,0,0,0.0,0.0,0,0,0,0,1,1,0,0,1.0,0.0,0.0,0.0,0,0,0,0,0,0,1,0,1,0,357,328,0,32,0.0,0.0,0.0,0.0,0.0,0.0,0.0,0.0
443,55212,6,6.0,6.0,6.0,6.0,6.0,0.0,6.0,6.0,6.0,0.0,57.0,0.0,57.0,57.0,0.0,0.0,0.0,0.0,0.0,0.0,0.0,0.0,0.0,0.0,0,0,0,0,6.0,6.0,0,0,0,0,1,1,0,0,1.0,9.0,6.0,6.0,0,0,0,0,0,0,1,6,1,6,119,255,0,20,0.0,0.0,0.0,0.0,0.0,0.0,0.0,0.0
61944,53,17,55.0,134.0,55.0,55.0,55.0,0.0,134.0,134.0,134.0,0.0,23327.0,0.0,23327.0,23327.0,0.0,0.0,0.0,0.0,0.0,0.0,0.0,0.0,0.0,0.0,0,0,0,0,55.0,134.0,0,0,0,0,0,0,0,0,1.0,122.0,55.0,134.0,0,0,0,0,0,0,1,55,1,134,-1,-1,0,40,0.0,0.0,0.0,0.0,0.0,0.0,0.0,0.0
55232,80,6,427.0,2267.0,421.0,0.0,142.3333,241.3511,2267.0,0.0,566.75,1133.5,61871.16,116744.324,241750.0,4.0,260019.0,130009.5,251124.766,241750.0,24769.0,240862.0,73953.0,129908.513,242483.0,4.0,0,0,0,0,0.0,2267.0,0,0,0,1,0,0,0,0,1.0,385.5714,142.3333,566.75,0,0,0,0,0,0,3,427,4,2267,29200,235,1,32,0.0,0.0,0.0,0.0,0.0,0.0,0.0,0.0
443,59455,6,12.0,0.0,6.0,6.0,6.0,0.0,0.0,0.0,0.0,0.0,297213.0,0.0,297213.0,297213.0,297213.0,297213.0,0.0,297213.0,297213.0,0.0,0.0,0.0,0.0,0.0,0,0,0,0,6.0,6.0,0,0,0,0,1,0,0,0,0.0,9.0,6.0,0.0,0,0,0,0,0,0,2,12,0,0,5140,-1,1,20,0.0,0.0,0.0,0.0,0.0,0.0,0.0,0.0
61914,53,17,51.0,207.0,51.0,51.0,51.0,0.0,207.0,207.0,207.0,0.0,92258.0,0.0,92258.0,92258.0,0.0,0.0,0.0,0.0,0.0,0.0,0.0,0.0,0.0,0.0,0,0,0,0,51.0,207.0,0,0,0,0,0,0,0,0,1.0,154.5,51.0,207.0,0,0,0,0,0,0,1,51,1,207,-1,-1,0,32,0.0,0.0,0.0,0.0,0.0,0.0,0.0,0.0
45926,443,6,14404.0,47424.0,1040.0,0.0,299.3556,355.4842,4344.0,0.0,870.4946,1031.7062,352470.19,1795720.341,10204730.0,1.0,28067780.0,798497.56,2046805.472,10240030.0,199.0,27420590.0,687126.21,2150082.651,10240284.0,48.0,0,0,0,0,0.0,4344.0,0,0,0,1,0,0,0,0,1.0,1071.1379,299.3556,870.4946,0,0,0,0,0,0,86,14404,49,47424,29200,1672,26,32,3695645.83,9927923.101,7157314.0,214937.0,9189375.8,590424.387,10204733.0,6285005.0
61870,53,17,94.0,350.0,47.0,47.0,47.0,0.0,175.0,175.0,175.0,0.0,62.66,106.707,182.0,2.0,2.0,2.0,0.0,2.0,2.0,3.0,3.0,0.0,3.0,3.0,0,0,0,0,47.0,175.0,0,0,0,0,0,0,0,0,1.0,122.75,47.0,175.0,0,0,0,0,0,0,2,94,2,350,-1,-1,1,20,0.0,0.0,0.0,0.0,0.0,0.0,0.0,0.0
62127,53,17,50.0,178.0,50.0,50.0,50.0,0.0,178.0,178.0,178.0,0.0,60654.0,0.0,60654.0,60654.0,0.0,0.0,0.0,0.0,0.0,0.0,0.0,0.0,0.0,0.0,0,0,0,0,50.0,178.0,0,0,0,0,0,0,0,0,1.0,139.0,50.0,178.0,0,0,0,0,0,0,1,50,1,178,-1,-1,0,20,0.0,0.0,0.0,0.0,0.0,0.0,0.0,0.0
53977,443,6,2439.0,5041.0,1947.0,0.0,197.9091,489.9647,1901.0,0.0,434.1,726.4434,1170283.22,3124698.571,9280349.0,3.0,12566691.0,2054196.41,4641102.124,9280349.0,3.0,12368347.0,2037065.6,4565708.29,10215486.0,3.0,0,0,0,0,0.0,1901.0,0,0,0,1,0,0,0,0,1.0,369.8286,197.9091,434.1,0,0,0,0,0,0,11,2439,10,5041,29200,1153,5,32,1321110.0,0.0,1321110.0,1321110.0,9280356.0,0.0,9280356.0,9280356.0
62084,443,6,377.0,5408.0,190.0,0.0,41.7778,70.701,2151.0,0.0,760.6667,949.6714,471831.0,1610354.973,5327944.0,3.0,5645823.0,802131.87,2097134.97,5327944.0,3.0,113686.0,26065.2,30007.673,55450.0,183.0,0,0,0,0,0.0,2151.0,0,0,0,1,0,0,0,0,0.0,321.3155,41.7778,760.6667,0,0,0,0,0,0,9,377,6,5408,8192,8737,8,20,297405.0,0.0,297405.0,297405.0,5327996.0,0.0,5327946.0,5327996.0
32600,443,6,86.0,7.0,86.0,0.0,21.5,43.0,7.0,0.0,2.3333,4.0415,10838.33,16705.585,32466.0,50.0,64538.0,21546.33,13900.348,32436.0,13956.0,34237.0,16269.5,29073.222,33164.0,220.0,0,0,0,0,0.0,86.0,0,0,0,1,0,0,0,0,0.0,13.2857,21.5,2.3333,0,0,0,0,0,0,4,86,3,7,65535,57,1,32,0.0,0.0,0.0,0.0,0.0,0.0,0.0,0.0
58998,443,6,1325.0,3885.0,771.0,0.0,214.1667,330.0236,1989.0,0.0,646.5714,812.9242,84201.23,170277.892,537242.0,18.0,806941.0,192180.2,118837.887,637342.0,217.0,723438.0,73428.66,147411.575,638669.0,225.0,0,0,0,0,0.0,1989.0,0,0,0,1,0,0,0,0,1.0,441.0,214.1667,646.5714,0,0,0,0,0,0,6,1325,7,3885,8192,250,5,20,0.0,0.0,0.0,0.0,0.0,0.0,0.0,0.0
56072,443,6,0.0,0.0,0.0,0.0,0.0,0.0,0.0,0.0,0.0,0.0,302.0,0.0,302.0,302.0,302.0,302.0,0.0,302.0,302.0,0.0,0.0,0.0,0.0,0.0,0,0,0,0,0.0,0.0,0,0,0,0,1,0,0,0,0.0,0.0,0.0,0.0,0,0,0,0,0,0,2,0,0,0,245,-1,0,32,0.0,0.0,0.0,0.0,0.0,0.0,0.0,0.0
443,57265,6,0.0,0.0,0.0,0.0,0.0,0.0,0.0,0.0,0.0,0.0,86.0,0.0,86.0,86.0,0.0,0.0,0.0,0.0,0.0,0.0,0.0,0.0,0.0,0.0,0,0,0,0,0.0,0.0,0,0,0,0,1,0,0,0,1.0,0.0,0.0,0.0,0,0,0,0,0,0,1,0,1,0,350,32832,0,32,0.0,0.0,0.0,0.0,0.0,0.0,0.0,0.0
55150,443,6,24.0,0.0,6.0,6.0,6.0,0.0,0.0,0.0,0.0,0.0,21711.0,43566.055,87907.0,1.0,87026.0,29002.0,50896.935,87715.0,1.0,0.0,0.0,0.0,0.0,0.0,0,0,0,0,0.0,6.0,1,0,0,0,0,0,0,0,0.0,6.0,6.0,0.0,0,0,0,0,0,0,4,24,1,0,0,117,3,20,0.0,0.0,0.0,0.0,0.0,0.0,0.0,0.0
443,58996,6,37.0,0.0,31.0,6.0,18.5,17.6777,0.0,0.0,0.0,0.0,3.0,0.0,3.0,3.0,3.0,3.0,0.0,3.0,3.0,0.0,0.0,0.0,0.0,0.0,1,0,0,0,6.0,31.0,0,1,0,0,1,0,0,0,0.0,34.0,18.5,0.0,0,0,0,0,0,0,2,37,0,0,10,-1,1,20,0.0,0.0,0.0,0.0,0.0,0.0,0.0,0.0
51845,53,17,68.0,100.0,34.0,34.0,34.0,0.0,50.0,50.0,50.0,0.0,20487.33,35403.419,61456.0,2.0,2.0,2.0,0.0,2.0,2.0,3.0,3.0,0.0,3.0,3.0,0,0,0,0,34.0,50.0,0,0,0,0,0,0,0,0,1.0,50.5,34.0,50.0,0,0,0,0,0,0,2,68,2,100,-1,-1,1,20,0.0,0.0,0.0,0.0,0.0,0.0,0.0,0.0
61800,53,17,45.0,177.0,45.0,45.0,45.0,0.0,177.0,177.0,177.0,0.0,135936.0,0.0,135936.0,135936.0,0.0,0.0,0.0,0.0,0.0,0.0,0.0,0.0,0.0,0.0,0,0,0,0,45.0,177.0,0,0,0,0,0,0,0,0,1.0,133.5,45.0,177.0,0,0,0,0,0,0,1,45,1,177,-1,-1,0,20,0.0,0.0,0.0,0.0,0.0,0.0,0.0,0.0
443,56647,6,31.0,0.0,31.0,0.0,10.3333,17.8979,0.0,0.0,0.0,0.0,117.0,150.827,210.0,4.0,234.0,117.0,100.808,210.0,4.0,0.0,0.0,0.0,0.0,0.0,0,0,0,0,0.0,31.0,0,0,0,0,1,0,0,0,0.0,10.3333,10.3333,0.0,0,0,0,0,0,0,3,31,0,0,118,-1,1,32,0.0,0.0,0.0,0.0,0.0,0.0,0.0,0.0
61764,53,17,43.0,71.0,43.0,43.0,43.0,0.0,71.0,71.0,71.0,0.0,23481.0,0.0,23481.0,23481.0,0.0,0.0,0.0,0.0,0.0,0.0,0.0,0.0,0.0,0.0,0,0,0,0,43.0,71.0,0,0,0,0,0,0,0,0,1.0,78.5,43.0,71.0,0,0,0,0,0,0,1,43,1,71,-1,-1,0,32,0.0,0.0,0.0,0.0,0.0,0.0,0.0,0.0
56561,53,17,90.0,378.0,45.0,45.0,45.0,0.0,189.0,189.0,189.0,0.0,10411.0,18024.102,31225.0,3.0,48.0,48.0,0.0,48.0,48.0,3.0,3.0,0.0,3.0,3.0,0,0,0,0,45.0,189.0,0,0,0,0,0,0,0,0,1.0,138.25,45.0,189.0,0,0,0,0,0,0,2,90,2,378,-1,-1,1,20,0.0,0.0,0.0,0.0,0.0,0.0,0.0,0.0
56717,53,17,58.0,254.0,29.0,29.0,29.0,0.0,127.0,127.0,127.0,0.0,50621.66,88582.157,151854.0,4.0,47.0,47.0,0.0,47.0,47.0,4.0,4.0,0.0,4.0,4.0,0,0,0,0,29.0,127.0,0,0,0,0,0,0,0,0,1.0,85.25,29.0,127.0,0,0,0,0,0,0,2,58,2,254,-1,-1,1,20,0.0,0.0,0.0,0.0,0.0,0.0,0.0,0.0
123,123,17,96.0,96.0,48.0,48.0,48.0,0.0,48.0,48.0,48.0,0.0,22029338.0,38000000.0,65029338.0,64029338.0,65000000.0,65000000.0,0.0,65000000.0,65000000.0,66000191.0,66000191.0,0.0,66000191.0,65000191.0,0,0,0,0,48.0,48.0,0,0,0,0,0,0,0,0,1.0,60.0,48.0,48.0,0,0,0,0,0,0,1,96,2,96,-1,-1,0,32,30874.0,0.0,30874.0,30874.0,65029358.0,0.0,65029338.0,65029358.0
62345,53,17,61.0,77.0,61.0,61.0,61.0,0.0,77.0,77.0,77.0,0.0,30468.0,0.0,30468.0,30468.0,0.0,0.0,0.0,0.0,0.0,0.0,0.0,0.0,0.0,0.0,0,0,0,0,61.0,77.0,0,0,0,0,0,0,0,0,1.0,99.5,61.0,77.0,0,0,0,0,0,0,1,61,1,77,-1,-1,0,20,0.0,0.0,0.0,0.0,0.0,0.0,0.0,0.0
443,61918,6,0.0,0.0,0.0,0.0,0.0,0.0,0.0,0.0,0.0,0.0,34.0,0.0,34.0,34.0,0.0,0.0,0.0,0.0,0.0,0.0,0.0,0.0,0.0,0.0,0,0,0,0,0.0,0.0,0,0,0,0,1,0,0,0,1.0,0.0,0.0,0.0,0,0,0,0,0,0,1,0,1,0,6070,49204,0,32,0.0,0.0,0.0,0.0,0.0,0.0,0.0,0.0
56435,53,17,88.0,344.0,44.0,44.0,44.0,0.0,172.0,172.0,172.0,0.0,60.0,91.514,173.0,3.0,3.0,3.0,0.0,3.0,3.0,3.0,3.0,0.0,3.0,3.0,0,0,0,0,44.0,172.0,0,0,0,0,0,0,0,0,1.0,119.0,44.0,172.0,0,0,0,0,0,0,2,88,2,344,-1,-1,1,40,0.0,0.0,0.0,0.0,0.0,0.0,0.0,0.0
60922,53,17,47.0,175.0,47.0,47.0,47.0,0.0,175.0,175.0,175.0,0.0,61380.0,0.0,61380.0,61380.0,0.0,0.0,0.0,0.0,0.0,0.0,0.0,0.0,0.0,0.0,0,0,0,0,47.0,175.0,0,0,0,0,0,0,0,0,1.0,134.5,47.0,175.0,0,0,0,0,0,0,1,47,1,175,-1,-1,0,32,0.0,0.0,0.0,0.0,0.0,0.0,0.0,0.0
54076,443,6,123.0,46.0,46.0,0.0,24.6,23.2766,46.0,46.0,46.0,0.0,845553.2,1922436.224,4099438.0,3.0,4118113.0,1024775.25,2026647.928,4099438.0,3.0,0.0,0.0,0.0,0.0,0.0,1,0,0,0,0.0,46.0,0,1,0,0,1,0,0,0,0.0,35.8333,24.6,46.0,0,0,0,0,0,0,5,123,1,46,327,79,2,32,0.0,0.0,0.0,0.0,0.0,0.0,0.0,0.0
28312,53,17,84.0,204.0,42.0,42.0,42.0,0.0,102.0,102.0,102.0,0.0,67.66,118.395,198.0,3.0,3.0,3.0,0.0,3.0,3.0,3.0,3.0,0.0,3.0,3.0,0,0,0,0,42.0,102.0,0,0,0,0,0,0,0,0,1.0,82.5,42.0,102.0,0,0,0,0,0,0,2,84,2,204,-1,-1,1,32,0.0,0.0,0.0,0.0,0.0,0.0,0.0,0.0
443,64457,6,6.0,6.0,6.0,6.0,6.0,0.0,6.0,6.0,6.0,0.0,60.0,0.0,60.0,60.0,0.0,0.0,0.0,0.0,0.0,0.0,0.0,0.0,0.0,0.0,0,0,0,0,6.0,6.0,0,0,0,0,1,1,0,0,1.0,9.0,6.0,6.0,0,0,0,0,0,0,1,6,1,6,31220,63335,0,20,0.0,0.0,0.0,0.0,0.0,0.0,0.0,0.0
443,61796,6,6.0,6.0,6.0,6.0,6.0,0.0,6.0,6.0,6.0,0.0,43.0,0.0,43.0,43.0,0.0,0.0,0.0,0.0,0.0,0.0,0.0,0.0,0.0,0.0,0,0,0,0,6.0,6.0,0,0,0,0,1,1,0,0,1.0,9.0,6.0,6.0,0,0,0,0,0,0,1,6,1,6,114,256,0,20,0.0,0.0,0.0,0.0,0.0,0.0,0.0,0.0
62261,53,17,44.0,175.0,44.0,44.0,44.0,0.0,175.0,175.0,175.0,0.0,60518.0,0.0,60518.0,60518.0,0.0,0.0,0.0,0.0,0.0,0.0,0.0,0.0,0.0,0.0,0,0,0,0,44.0,175.0,0,0,0,0,0,0,0,0,1.0,131.5,44.0,175.0,0,0,0,0,0,0,1,44,1,175,-1,-1,0,32,0.0,0.0,0.0,0.0,0.0,0.0,0.0,0.0
443,46593,6,31.0,0.0,31.0,0.0,10.3333,17.8979,0.0,0.0,0.0,0.0,86.0,72.027,142.0,48.0,150.0,75.0,42.82,142.0,48.0,0.0,0.0,0.0,0.0,0.0,0,0,0,0,0.0,31.0,0,0,0,0,1,0,0,0,0.0,10.3333,10.3333,0.0,0,0,0,0,0,0,3,31,0,0,939,-1,1,32,0.0,0.0,0.0,0.0,0.0,0.0,0.0,0.0
61808,53,17,60.0,190.0,30.0,30.0,30.0,0.0,95.0,95.0,95.0,0.0,55.66,89.979,159.0,3.0,3.0,3.0,0.0,3.0,3.0,4.0,4.0,0.0,4.0,4.0,0,0,0,0,30.0,95.0,0,0,0,0,0,0,0,0,1.0,70.0,30.0,95.0,0,0,0,0,0,0,2,60,2,190,-1,-1,1,32,0.0,0.0,0.0,0.0,0.0,0.0,0.0,0.0
50014,80,6,429.0,2267.0,429.0,0.0,143.0,247.6833,2267.0,0.0,566.75,1133.5,44315.0,61504.045,128316.0,83.0,169534.0,84567.0,72144.76,128316.0,22749.0,124425.0,41405.66,70516.365,123408.0,903.0,0,0,0,0,0.0,2267.0,0,0,0,1,0,0,0,0,1.0,385.1429,143.0,566.75,0,0,0,0,0,0,3,429,4,2267,29200,237,1,32,0.0,0.0,0.0,0.0,0.0,0.0,0.0,0.0
80,54297,6,6.0,6.0,6.0,6.0,6.0,0.0,6.0,6.0,6.0,0.0,17.0,0.0,17.0,17.0,0.0,0.0,0.0,0.0,0.0,0.0,0.0,0.0,0.0,0.0,0,0,0,0,6.0,6.0,0,0,0,0,1,1,0,0,1.0,9.0,6.0,6.0,0,0,0,0,0,0,1,6,1,6,512,256,0,20,0.0,0.0,0.0,0.0,0.0,0.0,0.0,0.0
54450,80,6,667.0,22.0,663.0,0.0,337.0,489.4429,22.0,0.0,1.0,3.0926,10382.5,17542.851,30523.0,80.0,30181.0,15180.5,20076.393,30120.0,181.0,0.0,0.0,0.0,0.0,0.0,0,0,0,0,0.0,663.0,0,0,0,1,0,0,0,0,0.0,213.4,337.0,1.0,0,0,0,0,0,0,3,667,2,22,8192,2000,2,20,0.0,0.0,0.0,0.0,0.0,0.0,0.0,0.0
80,64592,6,0.0,0.0,0.0,0.0,0.0,0.0,0.0,0.0,0.0,0.0,75.0,0.0,75.0,75.0,0.0,0.0,0.0,0.0,0.0,0.0,0.0,0.0,0.0,0.0,0,0,0,0,0.0,0.0,0,0,0,0,1,1,0,0,1.0,0.0,0.0,0.0,0,0,0,0,0,0,1,0,1,0,118,33304,0,32,0.0,0.0,0.0,0.0,0.0,0.0,0.0,0.0
443,50110,6,0.0,0.0,0.0,0.0,0.0,0.0,0.0,0.0,0.0,0.0,50.0,0.0,50.0,50.0,0.0,0.0,0.0,0.0,0.0,0.0,0.0,0.0,0.0,0.0,0,0,0,0,0.0,0.0,0,0,0,0,1,0,0,0,1.0,0.0,0.0,0.0,0,0,0,0,0,0,1,0,1,0,5228,370,0,32,0.0,0.0,0.0,0.0,0.0,0.0,0.0,0.0
63912,53,17,108.0,266.0,54.0,54.0,54.0,0.0,133.0,133.0,133.0,0.0,55.0,82.161,157.0,3.0,4.0,4.0,0.0,4.0,4.0,3.0,3.0,0.0,3.0,3.0,0,0,0,0,54.0,133.0,0,0,0,0,0,0,0,0,1.0,114.0,54.0,133.0,0,0,0,0,0,0,2,108,2,266,-1,-1,1,32,0.0,0.0,0.0,0.0,0.0,0.0,0.0,0.0
56363,443,6,627.0,2725.0,342.0,0.0,76.7143,127.8316,1451.0,0.0,675.0,712.054,432941.91,1595709.994,5484884.0,3.0,5778447.0,896841.83,2029307.436,5424884.0,3.0,117726.0,29264.5,29215.466,51473.0,233.0,0,0,0,0,0.0,1451.0,0,0,0,1,0,0,0,0,0.0,276.4231,76.7143,675.0,0,0,0,0,0,0,7,627,5,2725,8192,34954,6,20,103533.0,0.0,103533.0,103533.0,5484865.0,0.0,5484885.0,5484865.0
57713,53,17,188.0,206.0,47.0,47.0,47.0,0.0,103.0,103.0,103.0,0.0,6154.4,13707.692,30708.0,3.0,30711.0,10277.0,17713.016,30708.0,3.0,3.0,3.0,0.0,3.0,3.0,0,0,0,0,47.0,103.0,0,0,0,0,0,0,0,0,0.0,76.8333,47.0,103.0,0,0,0,0,0,0,4,188,2,206,-1,-1,3,20,0.0,0.0,0.0,0.0,0.0,0.0,0.0,0.0
57317,53,17,60.0,344.0,30.0,30.0,30.0,0.0,172.0,172.0,172.0,0.0,74.66,127.386,228.0,1.0,1.0,1.0,0.0,1.0,1.0,2.0,2.0,0.0,2.0,2.0,0,0,0,0,30.0,172.0,0,0,0,0,0,0,0,0,1.0,108.5,30.0,172.0,0,0,0,0,0,0,2,60,2,344,-1,-1,1,32,0.0,0.0,0.0,0.0,0.0,0.0,0.0,0.0
54348,53,17,132.0,246.0,33.0,33.0,33.0,0.0,123.0,123.0,123.0,0.0,12243.2,16649.556,30773.0,3.0,30732.0,10274.33,17789.665,30733.0,3.0,3.0,3.0,0.0,3.0,3.0,0,0,0,0,33.0,123.0,0,0,0,0,0,0,0,0,0.0,69.8333,33.0,123.0,0,0,0,0,0,0,4,132,2,246,-1,-1,3,20,0.0,0.0,0.0,0.0,0.0,0.0,0.0,0.0
80,35858,6,0.0,0.0,0.0,0.0,0.0,0.0,0.0,0.0,0.0,0.0,64.0,0.0,64.0,64.0,0.0,0.0,0.0,0.0,0.0,0.0,0.0,0.0,0.0,0.0,0,0,0,0,0.0,0.0,0,0,0,0,1,1,0,0,1.0,0.0,0.0,0.0,0,0,0,0,0,0,1,0,1,0,905,229,0,32,0.0,0.0,0.0,0.0,0.0,0.0,0.0,0.0
57569,53,17,136.0,380.0,34.0,34.0,34.0,0.0,190.0,190.0,190.0,0.0,24279.2,39718.361,78087.0,2.0,30404.0,10161.0,17524.36,30407.0,3.0,2.0,2.0,0.0,2.0,2.0,0,0,0,0,34.0,190.0,0,0,0,0,0,0,0,0,0.0,91.6667,34.0,190.0,0,0,0,0,0,0,4,136,2,380,-1,-1,3,20,0.0,0.0,0.0,0.0,0.0,0.0,0.0,0.0
5738,80,6,12.0,0.0,6.0,6.0,6.0,0.0,0.0,0.0,0.0,0.0,269.0,0.0,269.0,269.0,269.0,269.0,0.0,269.0,269.0,0.0,0.0,0.0,0.0,0.0,0,0,0,0,6.0,6.0,0,0,0,0,1,0,0,0,0.0,9.0,6.0,0.0,0,0,0,0,0,0,2,12,0,0,256,-1,1,20,0.0,0.0,0.0,0.0,0.0,0.0,0.0,0.0
443,57605,6,0.0,0.0,0.0,0.0,0.0,0.0,0.0,0.0,0.0,0.0,111.0,0.0,111.0,111.0,0.0,0.0,0.0,0.0,0.0,0.0,0.0,0.0,0.0,0.0,0,0,0,0,0.0,0.0,0,0,0,0,1,0,0,0,1.0,0.0,0.0,0.0,0,0,0,0,0,0,1,0,1,0,362,32832,0,32,0.0,0.0,0.0,0.0,0.0,0.0,0.0,0.0
58526,443,6,6.0,6.0,6.0,6.0,6.0,0.0,6.0,6.0,6.0,0.0,0.0,0.0,0.0,0.0,0.0,0.0,0.0,0.0,0.0,0.0,0.0,0.0,0.0,0.0,0,0,0,0,6.0,6.0,0,0,0,0,1,0,0,0,1.0,9.0,6.0,6.0,0,0,0,0,0,0,1,6,1,6,64200,8128,0,20,0.0,0.0,0.0,0.0,0.0,0.0,0.0,0.0
61903,53,17,100.0,198.0,52.0,57.0,50.0,0.0,99.0,99.0,99.0,0.0,10871.0,18884.492,32607.0,3.0,3.0,3.0,0.0,3.0,3.0,3.0,3.0,0.0,3.0,3.0,0,0,0,0,57.0,99.0,0,0,0,0,0,0,0,0,1.0,89.0,50.0,99.0,0,0,0,0,0,0,2,100,2,198,-1,-1,1,32,0.0,0.0,0.0,0.0,0.0,0.0,0.0,0.0
60173,443,6,961.0,1718.0,681.0,0.0,110.1429,225.8265,1551.0,0.0,323.7143,665.8825,203147.4,726634.001,2253594.0,42.0,3467232.0,306844.0,1174192.431,2253594.0,426.0,147525.0,29705.75,29756.656,43803.0,343.0,0,0,0,0,0.0,1551.0,0,0,0,1,0,0,0,0,0.0,210.1889,110.1429,323.7143,0,0,0,0,0,0,7,961,9,1718,29200,115,3,32,0.0,0.0,0.0,0.0,0.0,0.0,0.0,0.0
443,62920,6,6.0,6.0,6.0,6.0,6.0,0.0,6.0,6.0,6.0,0.0,26.0,0.0,26.0,26.0,0.0,0.0,0.0,0.0,0.0,0.0,0.0,0.0,0.0,0.0,0,0,0,0,6.0,6.0,0,0,0,0,1,1,0,0,1.0,9.0,6.0,6.0,0,0,0,0,0,0,1,6,1,6,237,256,0,20,0.0,0.0,0.0,0.0,0.0,0.0,0.0,0.0
443,56572,6,0.0,0.0,0.0,0.0,0.0,0.0,0.0,0.0,0.0,0.0,3.0,0.0,3.0,3.0,3.0,3.0,0.0,3.0,3.0,0.0,0.0,0.0,0.0,0.0,0,0,0,0,0.0,0.0,0,0,0,0,1,0,0,0,0.0,0.0,0.0,0.0,0,0,0,0,0,0,2,0,0,0,4747,-1,0,32,0.0,0.0,0.0,0.0,0.0,0.0,0.0,0.0
443,49284,6,29.0,0.0,23.0,6.0,14.5,12.0208,0.0,0.0,0.0,0.0,3.0,0.0,3.0,3.0,3.0,3.0,0.0,3.0,3.0,0.0,0.0,0.0,0.0,0.0,1,0,0,0,6.0,23.0,0,1,0,0,1,0,0,0,0.0,26.0,14.5,0.0,0,0,0,0,0,0,2,29,0,0,64138,-1,1,20,0.0,0.0,0.0,0.0,0.0,0.0,0.0,0.0
443,62243,6,37.0,0.0,37.0,0.0,18.5,26.163,0.0,0.0,0.0,0.0,3.0,0.0,3.0,3.0,3.0,3.0,0.0,3.0,3.0,0.0,0.0,0.0,0.0,0.0,1,0,0,0,0.0,37.0,0,1,0,0,1,0,0,0,0.0,37.0,18.5,0.0,0,0,0,0,0,0,2,37,0,0,972,-1,0,32,0.0,0.0,0.0,0.0,0.0,0.0,0.0,0.0
60937,53,17,41.0,97.0,41.0,41.0,41.0,0.0,97.0,97.0,97.0,0.0,30822.0,0.0,30822.0,30822.0,0.0,0.0,0.0,0.0,0.0,0.0,0.0,0.0,0.0,0.0,0,0,0,0,41.0,97.0,0,0,0,0,0,0,0,0,1.0,89.5,41.0,97.0,0,0,0,0,0,0,1,41,1,97,-1,-1,0,32,0.0,0.0,0.0,0.0,0.0,0.0,0.0,0.0
51768,53,17,68.0,100.0,34.0,34.0,34.0,0.0,50.0,50.0,50.0,0.0,72.33,36.109,111.0,48.0,48.0,48.0,0.0,48.0,48.0,48.0,48.0,0.0,48.0,48.0,0,0,0,0,34.0,50.0,0,0,0,0,0,0,0,0,1.0,50.5,34.0,50.0,0,0,0,0,0,0,2,68,2,100,-1,-1,1,20,0.0,0.0,0.0,0.0,0.0,0.0,0.0,0.0
443,58248,6,53.0,6.0,53.0,0.0,26.5,37.4767,6.0,6.0,6.0,0.0,102.5,14.048,125.0,72.0,206.0,206.0,0.0,206.0,206.0,0.0,0.0,0.0,0.0,0.0,1,0,0,0,0.0,53.0,0,1,0,0,1,0,0,0,0.0,37.3333,26.5,6.0,0,0,0,0,0,0,2,53,1,6,1024,0,0,32,0.0,0.0,0.0,0.0,0.0,0.0,0.0,0.0
56171,443,6,580.0,153.0,517.0,0.0,116.0,225.1011,137.0,0.0,39.25,68.5571,1289994.62,4746947.508,9727777.0,88.0,10930920.0,2492782.0,5400247.855,9823764.0,101.0,103265.0,51078.33,29898.814,58812.0,594.0,0,0,0,0,0.0,517.0,0,0,0,1,0,0,0,0,0.0,81.6667,116.0,39.25,0,0,0,0,0,0,5,580,4,153,8192,60,4,20,0.0,0.0,0.0,0.0,0.0,0.0,0.0,0.0
443,53448,6,43.0,0.0,31.0,6.0,14.3333,14.4338,0.0,0.0,0.0,0.0,228.0,260.245,484.0,3.0,456.0,228.0,330.524,484.0,3.0,0.0,0.0,0.0,0.0,0.0,0,0,0,0,6.0,31.0,0,0,0,0,1,0,0,0,0.0,16.3333,14.3333,0.0,0,0,0,0,0,0,3,43,0,0,1013,-1,2,20,0.0,0.0,0.0,0.0,0.0,0.0,0.0,0.0
61247,53,17,54.0,116.0,54.0,54.0,54.0,0.0,116.0,116.0,116.0,0.0,30774.0,0.0,30774.0,30774.0,0.0,0.0,0.0,0.0,0.0,0.0,0.0,0.0,0.0,0.0,0,0,0,0,54.0,116.0,0,0,0,0,0,0,0,0,1.0,112.0,54.0,116.0,0,0,0,0,0,0,1,54,1,116,-1,-1,0,20,0.0,0.0,0.0,0.0,0.0,0.0,0.0,0.0
62609,53,17,122.0,282.0,61.0,61.0,61.0,0.0,141.0,141.0,141.0,0.0,10327.33,17877.995,30935.0,3.0,48.0,48.0,0.0,48.0,48.0,3.0,3.0,0.0,3.0,3.0,0,0,0,0,61.0,141.0,0,0,0,0,0,0,0,0,1.0,113.25,61.0,141.0,0,0,0,0,0,0,2,122,2,282,-1,-1,1,32,0.0,0.0,0.0,0.0,0.0,0.0,0.0,0.0
60361,53,17,67.0,167.0,67.0,67.0,67.0,0.0,167.0,167.0,167.0,0.0,60441.0,0.0,60441.0,60441.0,0.0,0.0,0.0,0.0,0.0,0.0,0.0,0.0,0.0,0.0,0,0,0,0,67.0,167.0,0,0,0,0,0,0,0,0,1.0,140.5,67.0,167.0,0,0,0,0,0,0,1,67,1,167,-1,-1,0,20,0.0,0.0,0.0,0.0,0.0,0.0,0.0,0.0
49184,53,17,76.0,672.0,38.0,38.0,38.0,0.0,336.0,336.0,336.0,0.0,77.66,99.956,180.0,4.0,4.0,4.0,0.0,4.0,4.0,48.0,48.0,0.0,48.0,48.0,0,0,0,0,38.0,336.0,0,0,0,0,0,0,0,0,1.0,196.5,38.0,336.0,0,0,0,0,0,0,2,76,2,672,-1,-1,1,20,0.0,0.0,0.0,0.0,0.0,0.0,0.0,0.0
62332,53,17,78.0,242.0,39.0,39.0,39.0,0.0,121.0,121.0,121.0,0.0,20177.33,34626.368,60588.0,48.0,49.0,49.0,0.0,49.0,49.0,48.0,48.0,0.0,48.0,48.0,0,0,0,0,39.0,121.0,0,0,0,0,0,0,0,0,1.0,89.75,39.0,121.0,0,0,0,0,0,0,2,78,2,242,-1,-1,1,20,0.0,0.0,0.0,0.0,0.0,0.0,0.0,0.0
57136,443,6,1253.0,6263.0,664.0,0.0,150.1111,244.9587,2280.0,0.0,752.8333,765.9082,3622991.86,11169751.441,44983983.0,3.0,61088142.0,7858018.25,15797785.401,44983983.0,103.0,66184451.0,8547614.5,15472843.655,45049852.0,3.0,0,0,0,0,0.0,2280.0,0,0,0,1,0,0,0,0,1.0,408.9481,150.1111,752.8333,0,0,0,0,0,0,9,1253,9,6263,8192,119,8,20,100697.5,107855.657,152730.0,41774.0,30496094.0,20637777.355,44983982.0,15000413.0
51885,53,17,68.0,282.0,34.0,34.0,34.0,0.0,141.0,141.0,141.0,0.0,10226.33,17719.311,30683.0,1.0,1.0,1.0,0.0,1.0,1.0,49.0,49.0,0.0,49.0,49.0,0,0,0,0,34.0,141.0,0,0,0,0,0,0,0,0,1.0,96.0,34.0,141.0,0,0,0,0,0,0,2,68,2,282,-1,-1,1,20,0.0,0.0,0.0,0.0,0.0,0.0,0.0,0.0
59971,443,6,2318.0,5110.0,720.0,0.0,208.4,259.3315,2866.0,0.0,693.75,822.2398,128102.72,427292.263,1997412.0,2.0,2659592.0,372684.55,819106.744,1997412.0,140.0,2523147.0,245017.33,663095.358,1995563.0,2.0,0,0,0,0,0.0,2866.0,0,0,0,1,0,0,0,0,0.0,410.4385,208.4,693.75,0,0,0,0,0,0,10,2318,7,5110,8192,15,9,20,0.0,0.0,0.0,0.0,0.0,0.0,0.0,0.0
50962,53,17,64.0,380.0,32.0,32.0,32.0,0.0,190.0,190.0,190.0,0.0,73.0,115.76,209.0,3.0,4.0,4.0,0.0,4.0,4.0,3.0,3.0,0.0,3.0,3.0,0,0,0,0,32.0,190.0,0,0,0,0,0,0,0,0,1.0,129.0,32.0,190.0,0,0,0,0,0,0,2,64,2,380,-1,-1,1,32,0.0,0.0,0.0,0.0,0.0,0.0,0.0,0.0
443,50990,6,6.0,6.0,6.0,6.0,6.0,0.0,6.0,6.0,6.0,0.0,50.0,0.0,50.0,50.0,0.0,0.0,0.0,0.0,0.0,0.0,0.0,0.0,0.0,0.0,0,0,0,0,6.0,6.0,0,0,0,0,1,1,0,0,1.0,9.0,6.0,6.0,0,0,0,0,0,0,1,6,1,6,60,255,0,20,0.0,0.0,0.0,0.0,0.0,0.0,0.0,0.0
59406,443,6,117.0,41.0,45.0,0.0,23.4,21.9613,41.0,41.0,41.0,0.0,819597.6,1865385.627,4052973.0,18.0,4058492.0,1014378.5,2039872.886,4052973.0,18.0,0.0,0.0,0.0,0.0,0.0,1,0,0,0,0.0,45.0,0,1,0,0,1,0,0,0,0.0,33.1667,23.4,41.0,0,0,0,0,0,0,5,117,1,41,297,135,2,32,0.0,0.0,0.0,0.0,0.0,0.0,0.0,0.0
56233,443,6,726.0,785.0,453.0,0.0,66.0,135.3869,629.0,0.0,112.1429,230.9271,14755.76,24856.432,50352.0,3.0,278579.0,21861.0,43810.56,90031.0,3.0,180410.0,35685.0,50445.237,67618.0,438.0,0,0,0,0,0.0,629.0,0,0,0,1,0,0,0,0,0.0,83.9471,66.0,112.1429,0,0,0,0,0,0,11,726,7,785,65535,10160,10,20,0.0,0.0,0.0,0.0,0.0,0.0,0.0,0.0
63481,53,17,92.0,284.0,46.0,46.0,46.0,0.0,142.0,142.0,142.0,0.0,51.0,89.602,146.0,3.0,4.0,4.0,0.0,4.0,4.0,3.0,3.0,0.0,3.0,3.0,0,0,0,0,46.0,142.0,0,0,0,0,0,0,0,0,1.0,105.5,46.0,142.0,0,0,0,0,0,0,2,92,2,284,-1,-1,1,32,0.0,0.0,0.0,0.0,0.0,0.0,0.0,0.0
80,51475,6,0.0,0.0,0.0,0.0,0.0,0.0,0.0,0.0,0.0,0.0,63.0,0.0,63.0,63.0,0.0,0.0,0.0,0.0,0.0,0.0,0.0,0.0,0.0,0.0,0,0,0,0,0.0,0.0,0,0,0,0,1,1,0,0,1.0,0.0,0.0,0.0,0,0,0,0,0,0,1,0,1,0,114,33304,0,32,0.0,0.0,0.0,0.0,0.0,0.0,0.0,0.0
41885,80,6,6.0,6.0,6.0,6.0,6.0,0.0,6.0,6.0,6.0,0.0,23384.0,0.0,23384.0,23384.0,0.0,0.0,0.0,0.0,0.0,0.0,0.0,0.0,0.0,0.0,0,0,0,0,6.0,6.0,0,0,0,0,1,1,0,0,1.0,9.0,6.0,6.0,0,0,0,0,0,0,1,6,1,6,44240,30016,0,20,0.0,0.0,0.0,0.0,0.0,0.0,0.0,0.0
34513,443,6,0.0,0.0,0.0,0.0,0.0,0.0,0.0,0.0,0.0,0.0,109.0,0.0,109.0,109.0,109.0,109.0,0.0,109.0,109.0,0.0,0.0,0.0,0.0,0.0,0,0,0,0,0.0,0.0,0,0,0,0,1,0,0,0,0.0,0.0,0.0,0.0,0,0,0,0,0,0,2,0,0,0,383,-1,0,32,0.0,0.0,0.0,0.0,0.0,0.0,0.0,0.0
58766,53,17,82.0,152.0,41.0,41.0,41.0,0.0,76.0,76.0,76.0,0.0,70.66,80.547,160.0,3.0,48.0,48.0,0.0,48.0,48.0,3.0,3.0,0.0,3.0,3.0,0,0,0,0,41.0,76.0,0,0,0,0,0,0,0,0,1.0,68.75,41.0,76.0,0,0,0,0,0,0,2,82,2,152,-1,-1,1,32,0.0,0.0,0.0,0.0,0.0,0.0,0.0,0.0
35863,443,6,635.0,157.0,517.0,0.0,90.7143,190.7072,157.0,0.0,39.25,78.5,506154.1,1552457.829,4943750.0,3.0,5027051.0,847703.16,2013674.418,4907056.0,3.0,132120.0,46740.0,42227.22,81573.0,3718.0,0,0,0,0,0.0,517.0,0,0,0,1,0,0,0,0,0.0,72.0,90.7143,39.25,0,0,0,0,0,0,7,635,4,157,29200,118,3,32,0.0,0.0,0.0,0.0,0.0,0.0,0.0,0.0
6184,443,6,1877.0,5948.0,433.0,0.0,98.2857,168.389,1851.0,0.0,331.2727,625.4342,3024000.42,16370515.329,72001384.0,29.0,73244483.0,6444420.35,20846855.879,72001384.0,8259.0,74103335.0,6139856.0,17001345.528,72043870.0,48.0,0,0,0,0,0.0,1851.0,0,0,0,1,0,0,0,0,1.0,218.5667,98.2857,331.2727,0,0,0,0,0,0,14,1877,11,5948,8192,133,13,20,2207483.5,626558.67,3077810.0,30535.0,30585375.0,37662551.518,72001386.0,10055995.0
51169,443,6,380.0,3908.0,199.0,0.0,47.5,74.1928,2920.0,0.0,743.0,1279.2988,571887.0,1620876.984,5357182.0,48.0,6413196.0,903690.28,2099535.25,5357182.0,49.0,78016.0,14008.0,20292.843,43963.0,216.0,0,0,0,0,0.0,2920.0,0,0,0,1,0,0,0,0,0.0,288.2857,47.5,743.0,0,0,0,0,0,0,8,380,4,3908,8192,33,7,20,304165.0,0.0,304165.0,304165.0,5357173.0,0.0,5357183.0,5357173.0
49324,53,17,82.0,246.0,41.0,41.0,41.0,0.0,123.0,123.0,123.0,0.0,67.33,118.631,195.0,3.0,3.0,3.0,0.0,3.0,3.0,3.0,3.0,0.0,3.0,3.0,0,0,0,0,41.0,123.0,0,0,0,0,0,0,0,0,1.0,92.25,41.0,123.0,0,0,0,0,0,0,2,82,2,246,-1,-1,1,20,0.0,0.0,0.0,0.0,0.0,0.0,0.0,0.0
63143,443,6,37.0,0.0,37.0,0.0,18.5,26.163,0.0,0.0,0.0,0.0,46.0,0.0,46.0,46.0,96.0,96.0,0.0,96.0,96.0,0.0,0.0,0.0,0.0,0.0,1,0,0,0,0.0,37.0,0,1,0,0,1,0,0,0,0.0,37.0,18.5,0.0,0,0,0,0,0,0,2,37,0,0,33285,-1,0,32,0.0,0.0,0.0,0.0,0.0,0.0,0.0,0.0
61958,53,17,64.0,117.0,64.0,64.0,64.0,0.0,117.0,117.0,117.0,0.0,60209.0,0.0,60209.0,60209.0,0.0,0.0,0.0,0.0,0.0,0.0,0.0,0.0,0.0,0.0,0,0,0,0,64.0,117.0,0,0,0,0,0,0,0,0,1.0,122.5,64.0,117.0,0,0,0,0,0,0,1,64,1,117,-1,-1,0,32,0.0,0.0,0.0,0.0,0.0,0.0,0.0,0.0
443,62663,6,0.0,0.0,0.0,0.0,0.0,0.0,0.0,0.0,0.0,0.0,797.0,0.0,797.0,797.0,0.0,0.0,0.0,0.0,0.0,0.0,0.0,0.0,0.0,0.0,0,0,0,0,0.0,0.0,0,0,0,0,1,0,0,0,1.0,0.0,0.0,0.0,0,0,0,0,0,0,1,0,1,0,349,32832,0,32,0.0,0.0,0.0,0.0,0.0,0.0,0.0,0.0
52534,53,17,78.0,110.0,39.0,39.0,39.0,0.0,55.0,55.0,55.0,0.0,46.33,75.355,132.0,3.0,3.0,3.0,0.0,3.0,3.0,4.0,4.0,0.0,4.0,4.0,0,0,0,0,39.0,55.0,0,0,0,0,0,0,0,0,1.0,56.75,39.0,55.0,0,0,0,0,0,0,2,78,2,110,-1,-1,1,20,0.0,0.0,0.0,0.0,0.0,0.0,0.0,0.0
80,59466,6,12.0,0.0,6.0,6.0,6.0,0.0,0.0,0.0,0.0,0.0,207.0,0.0,207.0,207.0,207.0,207.0,0.0,207.0,207.0,0.0,0.0,0.0,0.0,0.0,0,0,0,0,6.0,6.0,0,0,0,0,1,0,0,0,0.0,9.0,6.0,0.0,0,0,0,0,0,0,2,12,0,0,4380,-1,1,20,0.0,0.0,0.0,0.0,0.0,0.0,0.0,0.0
443,57453,6,0.0,0.0,0.0,0.0,0.0,0.0,0.0,0.0,0.0,0.0,257.0,0.0,257.0,257.0,257.0,257.0,0.0,257.0,257.0,0.0,0.0,0.0,0.0,0.0,0,0,0,0,0.0,0.0,0,0,0,0,1,0,0,0,0.0,0.0,0.0,0.0,0,0,0,0,0,0,2,0,0,0,349,-1,0,32,0.0,0.0,0.0,0.0,0.0,0.0,0.0,0.0
443,49676,6,455.0,46.0,342.0,6.0,113.5,153.4258,96.0,6.0,6.0,0.0,1556.25,2574.158,4017.0,1.0,4554.0,1184.33,2600.348,4048.0,1.0,0.0,0.0,0.0,0.0,0.0,1,0,0,0,6.0,342.0,0,1,0,0,1,0,0,0,0.0,140.3333,113.5,6.0,0,0,0,0,0,0,4,455,1,46,343,0,3,20,0.0,0.0,0.0,0.0,0.0,0.0,0.0,0.0
80,64159,6,6.0,6.0,6.0,6.0,6.0,0.0,6.0,6.0,6.0,0.0,28.0,0.0,28.0,28.0,0.0,0.0,0.0,0.0,0.0,0.0,0.0,0.0,0.0,0.0,0,0,0,0,6.0,6.0,0,0,0,0,1,1,0,0,1.0,9.0,6.0,6.0,0,0,0,0,0,0,1,6,1,6,913,256,0,20,0.0,0.0,0.0,0.0,0.0,0.0,0.0,0.0
38910,53,17,68.0,182.0,34.0,34.0,34.0,0.0,91.0,91.0,91.0,0.0,63.33,62.442,138.0,4.0,4.0,4.0,0.0,4.0,4.0,47.0,47.0,0.0,47.0,47.0,0,0,0,0,34.0,91.0,0,0,0,0,0,0,0,0,1.0,71.0,34.0,91.0,0,0,0,0,0,0,2,68,2,182,-1,-1,1,32,0.0,0.0,0.0,0.0,0.0,0.0,0.0,0.0
443,55610,6,37.0,6.0,37.0,0.0,18.5,26.163,6.0,6.0,6.0,0.0,117.0,58.781,164.0,71.0,230.0,230.0,0.0,230.0,230.0,0.0,0.0,0.0,0.0,0.0,1,0,0,0,0.0,37.0,0,1,0,0,1,0,0,0,0.0,26.6667,18.5,6.0,0,0,0,0,0,0,2,37,1,6,61,0,0,32,0.0,0.0,0.0,0.0,0.0,0.0,0.0,0.0
60828,53,17,49.0,103.0,49.0,49.0,49.0,0.0,103.0,103.0,103.0,0.0,70457.0,0.0,70457.0,70457.0,0.0,0.0,0.0,0.0,0.0,0.0,0.0,0.0,0.0,0.0,0,0,0,0,49.0,103.0,0,0,0,0,0,0,0,0,1.0,90.5,49.0,103.0,0,0,0,0,0,0,1,49,1,103,-1,-1,0,32,0.0,0.0,0.0,0.0,0.0,0.0,0.0,0.0
80,5309,6,6.0,6.0,6.0,6.0,6.0,0.0,6.0,6.0,6.0,0.0,20.0,0.0,20.0,20.0,0.0,0.0,0.0,0.0,0.0,0.0,0.0,0.0,0.0,0.0,0,0,0,0,6.0,6.0,0,0,0,0,1,1,0,0,1.0,9.0,6.0,6.0,0,0,0,0,0,0,1,6,1,6,29,256,0,20,0.0,0.0,0.0,0.0,0.0,0.0,0.0,0.0
64365,80,6,974.0,10374.0,544.0,0.0,40.125,148.9129,2920.0,0.0,889.7895,1019.0049,2895924.55,4565859.739,10007603.0,15.0,115159027.0,6223081.47,4932962.594,10037520.0,140.0,111407598.0,5836824.77,5015176.353,10031612.0,48.0,0,0,0,0,0.0,2920.0,0,0,0,1,0,0,0,0,0.0,482.0364,40.125,889.7895,0,0,0,0,0,0,24,974,22,10374,8192,980,23,20,20446.54,20728.693,9271.0,23674.0,10007580.09,4543.389,10007603.0,9999322.0
60609,53,17,54.0,114.0,54.0,54.0,54.0,0.0,114.0,114.0,114.0,0.0,30373.0,0.0,30373.0,30373.0,0.0,0.0,0.0,0.0,0.0,0.0,0.0,0.0,0.0,0.0,0,0,0,0,54.0,114.0,0,0,0,0,0,0,0,0,1.0,111.0,54.0,114.0,0,0,0,0,0,0,1,54,1,114,-1,-1,0,20,0.0,0.0,0.0,0.0,0.0,0.0,0.0,0.0
54288,443,6,713.0,479.0,469.0,0.0,71.3,147.2874,341.0,0.0,95.8,149.5293,5622.21,9301.813,23713.0,8.0,86093.0,8335.33,11302.245,24432.0,48.0,50686.0,12429.5,13453.765,23558.0,384.0,0,0,0,0,0.0,469.0,0,0,0,1,0,0,0,0,0.0,79.4667,71.3,95.8,0,0,0,0,0,0,10,713,5,479,65535,972,5,32,0.0,0.0,0.0,0.0,0.0,0.0,0.0,0.0
49690,53,17,64.0,196.0,32.0,32.0,32.0,0.0,98.0,98.0,98.0,0.0,10640.66,18356.805,31913.0,4.0,4.0,4.0,0.0,4.0,4.0,4.0,4.0,0.0,4.0,4.0,0,0,0,0,32.0,98.0,0,0,0,0,0,0,0,0,1.0,73.0,32.0,98.0,0,0,0,0,0,0,2,64,2,196,-1,-1,1,32,0.0,0.0,0.0,0.0,0.0,0.0,0.0,0.0
53821,80,6,12.0,0.0,6.0,0.0,4.0,3.4641,0.0,0.0,0.0,0.0,1753303.0,2972176.655,5185675.0,44.0,5229100.0,2614550.0,3666910.516,5185675.0,86045.0,0.0,0.0,0.0,0.0,0.0,0,0,0,0,0.0,6.0,0,0,0,1,0,0,0,0,0.0,3.0,4.0,0.0,0,0,0,0,0,0,3,12,1,0,8192,29200,2,20,0.0,0.0,0.0,0.0,0.0,0.0,0.0,0.0
62152,53,17,45.0,71.0,45.0,45.0,45.0,0.0,71.0,71.0,71.0,0.0,30329.0,0.0,30329.0,30329.0,0.0,0.0,0.0,0.0,0.0,0.0,0.0,0.0,0.0,0.0,0,0,0,0,45.0,71.0,0,0,0,0,0,0,0,0,1.0,70.5,45.0,71.0,0,0,0,0,0,0,1,45,1,71,-1,-1,0,32,0.0,0.0,0.0,0.0,0.0,0.0,0.0,0.0
62860,53,17,100.0,132.0,52.0,48.0,50.0,8.4853,76.0,52.0,66.0,3.4945,33285905.0,50404439.723,100526606.0,456.0,100507736.0,100507736.0,0.0,100507736.0,100507736.0,100526896.0,100526896.0,0.0,100526896.0,100526896.0,0,0,0,0,48.0,76.0,0,0,0,0,0,0,0,0,1.0,75.5,50.0,66.0,0,0,0,0,0,0,2,100,2,132,-1,-1,1,32,0.0,0.0,0.0,0.0,100000000.0,0.0,100000000.0,100000000.0
60204,443,6,0.0,0.0,0.0,0.0,0.0,0.0,0.0,0.0,0.0,0.0,777.0,0.0,777.0,777.0,777.0,777.0,0.0,777.0,777.0,0.0,0.0,0.0,0.0,0.0,0,0,0,0,0.0,0.0,0,0,0,0,1,0,0,0,0.0,0.0,0.0,0.0,0,0,0,0,0,0,2,0,0,0,352,-1,0,32,0.0,0.0,0.0,0.0,0.0,0.0,0.0,0.0
34423,53,17,92.0,284.0,46.0,46.0,46.0,0.0,142.0,142.0,142.0,0.0,251.0,467.506,743.0,4.0,4.0,4.0,0.0,4.0,4.0,4.0,4.0,0.0,4.0,4.0,0,0,0,0,46.0,142.0,0,0,0,0,0,0,0,0,1.0,105.5,46.0,142.0,0,0,0,0,0,0,2,92,2,284,-1,-1,1,32,0.0,0.0,0.0,0.0,0.0,0.0,0.0,0.0
52776,443,6,778.0,5448.0,434.0,0.0,46.5385,122.1297,1390.0,0.0,249.6923,479.6252,2749986.45,4472256.736,10002882.0,10.0,115264851.0,5413820.35,4997872.178,10038188.0,47.0,111180156.0,5892209.61,5014018.859,10034662.0,48.0,0,0,0,0,0.0,1390.0,0,0,0,1,0,0,0,0,0.0,135.225,46.5385,249.6923,0,0,0,0,0,0,21,778,19,5448,8192,123,20,20,55672.25,186296.618,644780.0,22408.0,9972028.33,46107.732,10002889.0,9806729.0
49022,443,6,654.0,5880.0,352.0,0.0,43.4375,101.3311,1418.0,0.0,252.6364,504.3354,2579870.51,4397991.605,10037656.0,8.0,86094592.0,5019816.8,5001906.952,10067901.0,71.0,80687392.0,5518952.7,5183055.371,10060269.0,48.0,0,0,0,0,0.0,1418.0,0,0,0,1,0,0,0,0,0.0,132.35,43.4375,252.6364,0,0,0,0,0,0,16,654,19,5880,29200,357,4,32,53989.91,45776.754,124910.0,36616.0,10022632.33,12350.944,10037652.0,9996637.0
59283,53,17,86.0,376.0,43.0,43.0,43.0,0.0,188.0,188.0,188.0,0.0,21864.0,37187.052,65584.0,3.0,48.0,48.0,0.0,48.0,48.0,3.0,3.0,0.0,3.0,3.0,0,0,0,0,43.0,188.0,0,0,0,0,0,0,0,0,1.0,126.25,43.0,188.0,0,0,0,0,0,0,2,86,2,376,-1,-1,1,32,0.0,0.0,0.0,0.0,0.0,0.0,0.0,0.0
64684,53,17,132.0,182.0,33.0,33.0,33.0,0.0,41.0,41.0,41.0,0.0,24767.2,39122.074,63004.0,1.0,61154.0,20318.0,36842.19,61144.0,1.0,3.0,3.0,0.0,3.0,3.0,0,0,0,0,33.0,41.0,0,0,0,0,0,0,0,0,0.0,40.8333,33.0,41.0,0,0,0,0,0,0,4,132,2,182,-1,-1,3,20,0.0,0.0,0.0,0.0,0.0,0.0,0.0,0.0
31296,53,17,64.0,152.0,32.0,32.0,32.0,0.0,76.0,76.0,76.0,0.0,60.66,105.255,185.0,1.0,1.0,1.0,0.0,1.0,1.0,1.0,1.0,0.0,1.0,1.0,0,0,0,0,32.0,76.0,0,0,0,0,0,0,0,0,1.0,62.0,32.0,76.0,0,0,0,0,0,0,2,64,2,152,-1,-1,1,40,0.0,0.0,0.0,0.0,0.0,0.0,0.0,0.0
15694,53,17,74.0,272.0,37.0,37.0,37.0,0.0,136.0,136.0,136.0,0.0,60.33,93.735,174.0,3.0,3.0,3.0,0.0,3.0,3.0,3.0,3.0,0.0,3.0,3.0,0,0,0,0,37.0,136.0,0,0,0,0,0,0,0,0,1.0,95.75,37.0,136.0,0,0,0,0,0,0,2,74,2,272,-1,-1,1,20,0.0,0.0,0.0,0.0,0.0,0.0,0.0,0.0
53252,443,6,580.0,143.0,517.0,0.0,116.0,225.1011,137.0,0.0,37.25,66.5405,1280176.22,3563651.551,9233710.0,148.0,9503583.0,2580730.75,4767146.95,9265602.0,233.0,126171.0,58094.33,47384.962,95027.0,435.0,0,0,0,0,0.0,517.0,0,0,0,1,0,0,0,0,0.0,81.1,116.0,37.25,0,0,0,0,0,0,5,580,4,143,8192,119,4,20,0.0,0.0,0.0,0.0,0.0,0.0,0.0,0.0
50702,443,6,390.0,3716.0,209.0,0.0,48.75,77.1358,1460.0,0.0,619.3333,679.909,469960.43,1508992.272,5357078.0,3.0,5709041.0,816813.57,2024208.154,5357078.0,3.0,75952.0,18498.4,17257.245,37928.0,48.0,0,0,0,0,0.0,1460.0,0,0,0,1,0,0,0,0,0.0,293.2857,48.75,619.3333,0,0,0,0,0,0,8,390,6,3716,8192,119,7,20,115335.0,0.0,115335.0,115335.0,5357089.0,0.0,5357089.0,5357089.0
59759,53,17,88.0,200.0,44.0,44.0,44.0,0.0,100.0,100.0,100.0,0.0,52.0,80.87,152.0,2.0,2.0,2.0,0.0,2.0,2.0,4.0,4.0,0.0,4.0,4.0,0,0,0,0,44.0,100.0,0,0,0,0,0,0,0,0,1.0,83.0,44.0,100.0,0,0,0,0,0,0,2,88,2,200,-1,-1,1,20,0.0,0.0,0.0,0.0,0.0,0.0,0.0,0.0
37174,443,6,12.0,0.0,6.0,6.0,6.0,0.0,0.0,0.0,0.0,0.0,3.0,0.0,3.0,3.0,3.0,3.0,0.0,3.0,3.0,0.0,0.0,0.0,0.0,0.0,0,0,0,0,6.0,6.0,1,0,0,0,0,0,0,0,0.0,9.0,6.0,0.0,0,0,0,0,0,0,2,12,0,0,0,-1,1,20,0.0,0.0,0.0,0.0,0.0,0.0,0.0,0.0
61767,80,6,0.0,0.0,0.0,0.0,0.0,0.0,0.0,0.0,0.0,0.0,23362.0,0.0,23362.0,23362.0,0.0,0.0,0.0,0.0,0.0,0.0,0.0,0.0,0.0,0.0,0,0,0,0,0.0,0.0,0,0,0,0,1,1,0,0,1.0,0.0,0.0,0.0,0,0,0,0,0,0,1,0,1,0,429,935,0,32,0.0,0.0,0.0,0.0,0.0,0.0,0.0,0.0
60975,443,6,356.0,3782.0,212.0,0.0,59.3333,89.2248,1460.0,0.0,630.3333,677.2171,23957.45,39534.532,85164.0,18.0,269650.0,51979.0,47073.668,87115.0,173.0,178468.0,35649.6,47907.937,87264.0,47.0,0,0,0,0,0.0,1460.0,0,0,0,1,0,0,0,0,1.0,344.8333,59.3333,630.3333,0,0,0,0,0,0,6,356,6,3782,8192,60,5,20,0.0,0.0,0.0,0.0,0.0,0.0,0.0,0.0
41331,443,6,0.0,0.0,0.0,0.0,0.0,0.0,0.0,0.0,0.0,0.0,161222.0,0.0,161222.0,161222.0,0.0,0.0,0.0,0.0,0.0,0.0,0.0,0.0,0.0,0.0,0,0,0,0,0.0,0.0,0,0,0,0,1,1,0,0,1.0,0.0,0.0,0.0,0,0,0,0,0,0,1,0,1,0,349,254,0,32,0.0,0.0,0.0,0.0,0.0,0.0,0.0,0.0
13718,53,17,84.0,228.0,42.0,42.0,42.0,0.0,114.0,114.0,114.0,0.0,82.33,102.166,193.0,1.0,1.0,1.0,0.0,1.0,1.0,48.0,48.0,0.0,48.0,48.0,0,0,0,0,42.0,114.0,0,0,0,0,0,0,0,0,1.0,88.5,42.0,114.0,0,0,0,0,0,0,2,84,2,228,-1,-1,1,20,0.0,0.0,0.0,0.0,0.0,0.0,0.0,0.0
62038,53,17,64.0,96.0,32.0,32.0,32.0,0.0,48.0,48.0,48.0,0.0,47.66,77.964,137.0,3.0,3.0,3.0,0.0,3.0,3.0,3.0,3.0,0.0,3.0,3.0,0,0,0,0,32.0,48.0,0,0,0,0,0,0,0,0,1.0,48.0,32.0,48.0,0,0,0,0,0,0,2,64,2,96,-1,-1,1,20,0.0,0.0,0.0,0.0,0.0,0.0,0.0,0.0
39207,443,6,2175.0,6187.0,1418.0,0.0,119.2692,355.6289,2933.0,0.0,398.1111,891.0916,2781271.92,4462694.191,10011067.0,28.0,116165678.0,5553761.83,4992271.583,10061991.0,48.0,110513029.0,5959439.62,5088153.993,10065192.0,554.0,0,0,0,0,0.0,2933.0,0,0,0,1,0,0,0,0,0.0,260.9395,119.2692,398.1111,0,0,0,0,0,0,23,2175,22,6187,29200,391,4,32,70612.81,59251.172,228557.0,30763.0,9602137.16,1361892.138,10011061.0,5177638.0
59715,443,6,135.0,46.0,46.0,6.0,27.0,20.1246,46.0,46.0,46.0,0.0,874684.2,1809251.089,4146862.0,48.0,4246276.0,1081579.5,2082266.744,4146862.0,48.0,0.0,0.0,0.0,0.0,0.0,1,0,0,0,6.0,46.0,0,1,0,0,1,0,0,0,0.0,37.8333,27.0,46.0,0,0,0,0,0,0,5,135,1,46,258,32,4,20,0.0,0.0,0.0,0.0,0.0,0.0,0.0,0.0
41737,443,6,36279.0,86785.0,3203.0,0.0,364.5288,705.645,1518.0,0.0,1031.8952,576.146,208694.04,1759145.208,10023450.0,0.0,63163352.0,97748.06,2122874.115,10060032.0,1.0,63162818.0,352918.49,2099048.276,10062583.0,1.0,0,0,0,0,0.0,3203.0,0,0,0,1,0,0,0,0,1.0,650.4146,364.5288,1031.8952,0,0,0,0,0,0,132,36279,131,86785,29200,733,10,32,8536519.83,4618943.151,23083006.0,57615.0,9598053.0,1661866.135,10023450.0,5332899.0
53000,443,6,599.0,160.0,517.0,0.0,85.5714,191.3085,160.0,0.0,53.3333,92.376,555209.77,1650312.43,5195947.0,3.0,5440979.0,940191.83,2163529.695,5215440.0,3.0,93766.0,47588.0,22385.995,68722.0,20388.0,0,0,0,0,0.0,517.0,0,0,0,1,0,0,0,0,0.0,75.9,85.5714,53.3333,0,0,0,0,0,0,7,599,3,160,29200,59,3,32,115805.0,0.0,115805.0,115805.0,5195931.0,0.0,5195941.0,5195931.0
63112,53,17,152.0,136.0,38.0,38.0,38.0,0.0,68.0,68.0,68.0,0.0,6201.0,13976.797,30502.0,3.0,30509.0,10166.0,17696.246,30502.0,3.0,3.0,3.0,0.0,3.0,3.0,0,0,0,0,38.0,68.0,0,0,0,0,0,0,0,0,0.0,57.3333,38.0,68.0,0,0,0,0,0,0,4,152,2,136,-1,-1,3,20,0.0,0.0,0.0,0.0,0.0,0.0,0.0,0.0
61212,53,17,49.0,177.0,49.0,49.0,49.0,0.0,177.0,177.0,177.0,0.0,31289.0,0.0,31289.0,31289.0,0.0,0.0,0.0,0.0,0.0,0.0,0.0,0.0,0.0,0.0,0,0,0,0,49.0,177.0,0,0,0,0,0,0,0,0,1.0,137.5,49.0,177.0,0,0,0,0,0,0,1,49,1,177,-1,-1,0,20,0.0,0.0,0.0,0.0,0.0,0.0,0.0,0.0
60052,53,17,53.0,120.0,53.0,53.0,53.0,0.0,120.0,120.0,120.0,0.0,31385.0,0.0,31385.0,31385.0,0.0,0.0,0.0,0.0,0.0,0.0,0.0,0.0,0.0,0.0,0,0,0,0,53.0,120.0,0,0,0,0,0,0,0,0,1.0,113.0,53.0,120.0,0,0,0,0,0,0,1,53,1,120,-1,-1,0,20,0.0,0.0,0.0,0.0,0.0,0.0,0.0,0.0
50810,53,17,120.0,306.0,60.0,60.0,60.0,0.0,153.0,153.0,153.0,0.0,10361.0,17924.932,31034.0,3.0,49.0,49.0,0.0,49.0,49.0,3.0,3.0,0.0,3.0,3.0,0,0,0,0,60.0,153.0,0,0,0,0,0,0,0,0,1.0,129.5,60.0,153.0,0,0,0,0,0,0,2,120,2,306,-1,-1,1,32,0.0,0.0,0.0,0.0,0.0,0.0,0.0,0.0
443,54366,6,37.0,0.0,37.0,0.0,18.5,26.163,0.0,0.0,0.0,0.0,1.0,0.0,1.0,1.0,1.0,1.0,0.0,1.0,1.0,0.0,0.0,0.0,0.0,0.0,1,0,0,0,0.0,37.0,0,1,0,0,1,0,0,0,0.0,37.0,18.5,0.0,0,0,0,0,0,0,2,37,0,0,972,-1,0,32,0.0,0.0,0.0,0.0,0.0,0.0,0.0,0.0
62308,53,17,45.0,129.0,45.0,45.0,45.0,0.0,129.0,129.0,129.0,0.0,61757.0,0.0,61757.0,61757.0,0.0,0.0,0.0,0.0,0.0,0.0,0.0,0.0,0.0,0.0,0,0,0,0,45.0,129.0,0,0,0,0,0,0,0,0,1.0,109.5,45.0,129.0,0,0,0,0,0,0,1,45,1,129,-1,-1,0,32,0.0,0.0,0.0,0.0,0.0,0.0,0.0,0.0
60987,53,17,80.0,112.0,40.0,40.0,40.0,0.0,56.0,56.0,56.0,0.0,58.0,54.881,127.0,4.0,4.0,4.0,0.0,4.0,4.0,48.0,48.0,0.0,48.0,48.0,0,0,0,0,40.0,56.0,0,0,0,0,0,0,0,0,1.0,58.0,40.0,56.0,0,0,0,0,0,0,2,80,2,112,-1,-1,1,20,0.0,0.0,0.0,0.0,0.0,0.0,0.0,0.0
58274,443,6,1247.0,603.0,662.0,0.0,246.3333,318.6547,469.0,0.0,80.1667,127.1013,33302.13,57359.576,107065.0,84.0,208614.0,54609.8,62799.808,107362.0,184.0,207795.0,35647.0,32686.064,102483.0,236.0,0,0,0,0,0.0,662.0,0,0,0,1,0,0,0,0,1.0,142.1077,246.3333,80.1667,0,0,0,0,0,0,6,1247,6,603,8192,5132,5,20,0.0,0.0,0.0,0.0,0.0,0.0,0.0,0.0
25604,53,17,72.0,186.0,36.0,36.0,36.0,0.0,93.0,93.0,93.0,0.0,10474.0,18169.58,31473.0,3.0,3.0,3.0,0.0,3.0,3.0,4.0,4.0,0.0,4.0,4.0,0,0,0,0,36.0,93.0,0,0,0,0,0,0,0,0,1.0,73.5,36.0,93.0,0,0,0,0,0,0,2,72,2,186,-1,-1,1,20,0.0,0.0,0.0,0.0,0.0,0.0,0.0,0.0
57582,443,6,1214.0,7176.0,743.0,0.0,101.75,216.4113,1460.0,0.0,868.2857,683.0981,211970.28,1100426.132,4520773.0,17.0,4801261.0,477750.28,1402138.278,4520778.0,33.0,184276.0,11605.25,20506.132,42869.0,85.0,0,0,0,0,0.0,1460.0,0,0,0,1,0,0,0,0,0.0,464.6595,101.75,868.2857,0,0,0,0,0,0,12,1214,9,7176,65535,120,11,20,0.0,0.0,0.0,0.0,0.0,0.0,0.0,0.0
43302,53,17,104.0,220.0,52.0,52.0,52.0,0.0,110.0,110.0,110.0,0.0,60.66,113.48,171.0,1.0,1.0,1.0,0.0,1.0,1.0,1.0,1.0,0.0,1.0,1.0,0,0,0,0,52.0,110.0,0,0,0,0,0,0,0,0,1.0,94.0,52.0,110.0,0,0,0,0,0,0,2,104,2,220,-1,-1,1,32,0.0,0.0,0.0,0.0,0.0,0.0,0.0,0.0
61579,53,17,94.0,126.0,94.0,94.0,94.0,0.0,126.0,126.0,126.0,0.0,49408.0,0.0,49408.0,49408.0,0.0,0.0,0.0,0.0,0.0,0.0,0.0,0.0,0.0,0.0,0,0,0,0,94.0,126.0,0,0,0,0,0,0,0,0,1.0,157.0,94.0,126.0,0,0,0,0,0,0,1,94,1,126,-1,-1,0,20,0.0,0.0,0.0,0.0,0.0,0.0,0.0,0.0
62414,53,17,52.0,116.0,52.0,52.0,52.0,0.0,116.0,116.0,116.0,0.0,30682.0,0.0,30682.0,30682.0,0.0,0.0,0.0,0.0,0.0,0.0,0.0,0.0,0.0,0.0,0,0,0,0,52.0,116.0,0,0,0,0,0,0,0,0,1.0,110.0,52.0,116.0,0,0,0,0,0,0,1,52,1,116,-1,-1,0,20,0.0,0.0,0.0,0.0,0.0,0.0,0.0,0.0
55614,53,17,70.0,102.0,35.0,35.0,35.0,0.0,51.0,51.0,51.0,0.0,46.0,78.119,132.0,3.0,4.0,4.0,0.0,4.0,4.0,3.0,3.0,0.0,3.0,3.0,0,0,0,0,35.0,51.0,0,0,0,0,0,0,0,0,1.0,51.75,35.0,51.0,0,0,0,0,0,0,2,70,2,102,-1,-1,1,20,0.0,0.0,0.0,0.0,0.0,0.0,0.0,0.0
50136,80,6,12.0,2.0,6.0,0.0,4.0,3.4641,2.0,2.0,2.0,0.0,1869887.0,3196235.951,5494129.0,190.0,5408567.0,2754283.5,3885072.632,5494129.0,12756.0,0.0,0.0,0.0,0.0,0.0,0,0,0,0,0.0,6.0,0,0,0,1,0,0,0,0,0.0,3.5,4.0,2.0,0,0,0,0,0,0,3,12,1,2,8192,8190,2,20,0.0,0.0,0.0,0.0,0.0,0.0,0.0,0.0
52986,80,6,464.0,1591.0,424.0,0.0,41.3333,120.3472,1579.0,0.0,170.1818,560.685,3842723.1,4970706.676,10206149.0,46.0,90247607.0,7021200.18,4452061.305,10240000.0,7385.0,91344802.0,8072760.12,4236644.911,10240139.0,1850.0,0,0,0,0,0.0,1579.0,0,0,0,1,0,0,0,0,1.0,100.5333,41.3333,170.1818,0,0,0,0,0,0,12,464,13,1591,29200,939,1,32,32767.47,21338.066,59420.0,23502.0,10201965.14,66545.813,10206149.0,10168380.0
55139,80,6,12.0,0.0,6.0,6.0,6.0,0.0,0.0,0.0,0.0,0.0,9752.0,0.0,9752.0,9752.0,9752.0,9752.0,0.0,9752.0,9752.0,0.0,0.0,0.0,0.0,0.0,0,0,0,0,6.0,6.0,0,0,0,0,1,0,0,0,0.0,9.0,6.0,0.0,0,0,0,0,0,0,2,12,0,0,253,-1,1,20,0.0,0.0,0.0,0.0,0.0,0.0,0.0,0.0
53761,53,17,62.0,170.0,31.0,31.0,31.0,0.0,85.0,85.0,85.0,0.0,10261.0,17727.233,30777.0,3.0,3.0,3.0,0.0,3.0,3.0,3.0,3.0,0.0,3.0,3.0,0,0,0,0,31.0,85.0,0,0,0,0,0,0,0,0,1.0,65.75,31.0,85.0,0,0,0,0,0,0,2,62,2,170,-1,-1,1,32,0.0,0.0,0.0,0.0,0.0,0.0,0.0,0.0
54585,53,17,68.0,214.0,34.0,34.0,34.0,0.0,107.0,107.0,107.0,0.0,46.0,77.077,131.0,3.0,4.0,4.0,0.0,4.0,4.0,3.0,3.0,0.0,3.0,3.0,0,0,0,0,34.0,107.0,0,0,0,0,0,0,0,0,1.0,79.0,34.0,107.0,0,0,0,0,0,0,2,68,2,214,-1,-1,1,20,0.0,0.0,0.0,0.0,0.0,0.0,0.0,0.0
443,60208,6,0.0,0.0,0.0,0.0,0.0,0.0,0.0,0.0,0.0,0.0,96.0,0.0,96.0,96.0,0.0,0.0,0.0,0.0,0.0,0.0,0.0,0.0,0.0,0.0,0,0,0,0,0.0,0.0,0,0,0,0,1,0,0,0,1.0,0.0,0.0,0.0,0,0,0,0,0,0,1,0,1,0,362,32832,0,32,0.0,0.0,0.0,0.0,0.0,0.0,0.0,0.0
53822,443,6,723.0,479.0,469.0,0.0,71.3,147.2874,341.0,0.0,95.8,149.5299,5319.07,9694.553,23936.0,4.0,70294.0,8929.88,11049.303,24488.0,4.0,50953.0,12985.75,14748.226,23963.0,433.0,0,0,0,0,0.0,469.0,0,0,0,1,0,0,0,0,0.0,79.4667,71.3,95.8,0,0,0,0,0,0,10,723,5,479,65535,972,5,32,0.0,0.0,0.0,0.0,0.0,0.0,0.0,0.0
60310,53,17,97.0,269.0,53.0,40.0,48.5,7.7782,152.0,65.0,134.5,60.3047,39906398.33,61601125.75,109400982.0,31102.0,109590145.0,109590145.0,0.0,109590145.0,109590145.0,109581443.0,109581443.0,0.0,109481443.0,109581443.0,0,0,0,0,40.0,152.0,0,0,0,0,0,0,0,0,1.0,104.0,48.5,134.5,0,0,0,0,0,0,2,97,2,269,-1,-1,1,20,48845.0,0.0,48845.0,48845.0,109400969.0,0.0,109400969.0,109400969.0
443,58914,6,37.0,0.0,31.0,6.0,18.5,17.6777,0.0,0.0,0.0,0.0,3.0,0.0,3.0,3.0,3.0,3.0,0.0,3.0,3.0,0.0,0.0,0.0,0.0,0.0,1,0,0,0,6.0,31.0,0,1,0,0,1,0,0,0,0.0,34.0,18.5,0.0,0,0,0,0,0,0,2,37,0,0,62,-1,1,20,0.0,0.0,0.0,0.0,0.0,0.0,0.0,0.0
443,54423,6,37.0,0.0,37.0,0.0,18.5,26.163,0.0,0.0,0.0,0.0,3.0,0.0,3.0,3.0,3.0,3.0,0.0,3.0,3.0,0.0,0.0,0.0,0.0,0.0,1,0,0,0,0.0,37.0,0,1,0,0,1,0,0,0,0.0,37.0,18.5,0.0,0,0,0,0,0,0,2,37,0,0,1115,-1,0,32,0.0,0.0,0.0,0.0,0.0,0.0,0.0,0.0
60459,53,17,76.0,612.0,38.0,38.0,38.0,0.0,306.0,306.0,306.0,0.0,20588.0,35660.616,61757.0,5.0,0.0,0.0,0.0,0.0,0.0,48.0,48.0,0.0,48.0,48.0,0,0,0,0,38.0,306.0,0,0,0,0,0,0,0,0,1.0,171.5,38.0,306.0,0,0,0,0,0,0,1,76,2,612,-1,-1,0,20,0.0,0.0,0.0,0.0,0.0,0.0,0.0,0.0
63050,80,6,402.0,1102.0,386.0,0.0,80.4,173.9202,545.0,0.0,220.4,296.328,584212.42,1592035.258,4727063.0,136.0,342716.0,45274.5,118895.539,245849.0,14480.0,5021639.0,1267607.75,2289918.074,5000537.0,19811.0,0,0,0,0,0.0,545.0,0,0,0,1,0,0,0,0,1.0,150.5,80.4,220.4,0,0,0,0,0,0,5,402,5,1102,8192,58,3,20,0.0,0.0,0.0,0.0,0.0,0.0,0.0,0.0
443,56292,6,37.0,0.0,37.0,0.0,18.5,26.163,0.0,0.0,0.0,0.0,4.0,0.0,4.0,4.0,4.0,4.0,0.0,4.0,4.0,0.0,0.0,0.0,0.0,0.0,1,0,0,0,0.0,37.0,0,1,0,0,1,0,0,0,0.0,37.0,18.5,0.0,0,0,0,0,0,0,2,37,0,0,1120,-1,0,32,0.0,0.0,0.0,0.0,0.0,0.0,0.0,0.0
61420,53,17,43.0,100.0,43.0,43.0,43.0,0.0,100.0,100.0,100.0,0.0,30402.0,0.0,30402.0,30402.0,0.0,0.0,0.0,0.0,0.0,0.0,0.0,0.0,0.0,0.0,0,0,0,0,43.0,100.0,0,0,0,0,0,0,0,0,1.0,93.0,43.0,100.0,0,0,0,0,0,0,1,43,1,100,-1,-1,0,20,0.0,0.0,0.0,0.0,0.0,0.0,0.0,0.0
55105,443,6,1828.0,5958.0,1448.0,0.0,167.2857,419.0425,1839.0,0.0,889.4,792.353,20167.28,43020.72,124694.0,2.0,439780.0,49490.33,52781.378,121694.0,3.0,404905.0,58450.88,66737.335,189880.0,50.0,0,0,0,0,0.0,1839.0,0,0,0,1,0,0,0,0,0.0,454.2077,167.2857,889.4,0,0,0,0,0,0,14,1828,8,5958,65535,1095,7,32,0.0,0.0,0.0,0.0,0.0,0.0,0.0,0.0
443,56184,6,0.0,0.0,0.0,0.0,0.0,0.0,0.0,0.0,0.0,0.0,60.0,0.0,60.0,60.0,0.0,0.0,0.0,0.0,0.0,0.0,0.0,0.0,0.0,0.0,0,0,0,0,0.0,0.0,0,0,0,0,1,1,0,0,1.0,0.0,0.0,0.0,0,0,0,0,0,0,1,0,1,0,383,32832,0,32,0.0,0.0,0.0,0.0,0.0,0.0,0.0,0.0
80,60125,6,6.0,6.0,6.0,6.0,6.0,0.0,6.0,6.0,6.0,0.0,88.0,0.0,88.0,88.0,0.0,0.0,0.0,0.0,0.0,0.0,0.0,0.0,0.0,0.0,0,0,0,0,6.0,6.0,0,0,0,0,1,1,0,0,1.0,9.0,6.0,6.0,0,0,0,0,0,0,1,6,1,6,30,256,0,20,0.0,0.0,0.0,0.0,0.0,0.0,0.0,0.0
52495,443,6,352.0,3782.0,208.0,0.0,58.6667,87.7605,1460.0,0.0,630.3333,677.2171,23621.27,39549.701,85585.0,48.0,262251.0,52451.2,46233.419,88562.0,87.0,177383.0,35636.6,49277.207,87995.0,48.0,0,0,0,0,0.0,1460.0,0,0,0,1,0,0,0,0,1.0,344.5,58.6667,630.3333,0,0,0,0,0,0,6,352,6,3782,8192,60,5,20,0.0,0.0,0.0,0.0,0.0,0.0,0.0,0.0
63061,443,6,371.0,3083.0,180.0,0.0,46.375,72.7411,1460.0,0.0,630.8333,677.9161,458515.0,1593233.83,5434235.0,48.0,5662760.0,806408.0,1901014.131,5434235.0,48.0,172260.0,36095.0,49968.605,83246.0,197.0,0,0,0,0,0.0,1460.0,0,0,0,1,0,0,0,0,0.0,265.8429,46.375,630.8333,0,0,0,0,0,0,8,371,6,3083,8192,946,7,20,251854.0,0.0,251854.0,251854.0,5434295.0,0.0,5434295.0,5434295.0
58601,80,6,666.0,1120.0,656.0,0.0,93.2,230.9853,1124.0,0.0,257.0,532.1187,13682.28,19533.09,51235.0,10.0,105855.0,26733.75,23481.965,58835.0,503.0,60935.0,30467.75,32936.042,51091.0,462.0,0,0,0,0,0.0,1124.0,0,0,0,1,0,0,0,0,0.0,164.875,93.2,257.0,0,0,0,0,0,0,5,666,5,1120,65535,52,1,32,0.0,0.0,0.0,0.0,0.0,0.0,0.0,0.0
18383,53,17,76.0,132.0,38.0,38.0,38.0,0.0,66.0,66.0,66.0,0.0,45.0,78.132,139.0,3.0,3.0,3.0,0.0,3.0,3.0,3.0,3.0,0.0,3.0,3.0,0,0,0,0,38.0,66.0,0,0,0,0,0,0,0,0,1.0,61.5,38.0,66.0,0,0,0,0,0,0,2,76,2,132,-1,-1,1,32,0.0,0.0,0.0,0.0,0.0,0.0,0.0,0.0
60929,53,17,47.0,115.0,47.0,47.0,47.0,0.0,115.0,115.0,115.0,0.0,23691.0,0.0,23691.0,23691.0,0.0,0.0,0.0,0.0,0.0,0.0,0.0,0.0,0.0,0.0,0,0,0,0,47.0,115.0,0,0,0,0,0,0,0,0,1.0,104.5,47.0,115.0,0,0,0,0,0,0,1,47,1,115,-1,-1,0,32,0.0,0.0,0.0,0.0,0.0,0.0,0.0,0.0
50282,53,17,58.0,166.0,29.0,29.0,29.0,0.0,83.0,83.0,83.0,0.0,27119.66,49212.569,81353.0,3.0,3.0,3.0,0.0,3.0,3.0,3.0,3.0,0.0,3.0,3.0,0,0,0,0,29.0,83.0,0,0,0,0,0,0,0,0,1.0,63.25,29.0,83.0,0,0,0,0,0,0,2,58,2,166,-1,-1,1,32,0.0,0.0,0.0,0.0,0.0,0.0,0.0,0.0
58792,443,6,864.0,5097.0,470.0,0.0,80.1429,149.4513,1733.0,0.0,671.3333,770.0831,137075.71,355817.77,1479183.0,1.0,1945038.0,331802.0,632008.633,1479183.0,186.0,1901967.0,112236.4,420443.378,1551616.0,50.0,0,0,0,0,0.0,1733.0,0,0,0,1,0,0,0,0,0.0,362.4782,80.1429,671.3333,0,0,0,0,0,0,7,864,6,5097,8192,1062,6,20,0.0,0.0,0.0,0.0,0.0,0.0,0.0,0.0
60373,53,17,103.0,187.0,103.0,100.0,101.0,0.0,187.0,187.0,187.0,0.0,60022.0,0.0,60022.0,60022.0,0.0,0.0,0.0,0.0,0.0,0.0,0.0,0.0,0.0,0.0,0,0,0,0,100.0,187.0,0,0,0,0,0,0,0,0,1.0,166.5,101.0,187.0,0,0,0,0,0,0,1,103,1,187,-1,-1,0,32,0.0,0.0,0.0,0.0,0.0,0.0,0.0,0.0
51155,53,17,74.0,262.0,37.0,37.0,37.0,0.0,131.0,131.0,131.0,0.0,20346.33,35278.737,61033.0,3.0,4.0,4.0,0.0,4.0,4.0,3.0,3.0,0.0,3.0,3.0,0,0,0,0,37.0,131.0,0,0,0,0,0,0,0,0,1.0,93.25,37.0,131.0,0,0,0,0,0,0,2,74,2,262,-1,-1,1,32,0.0,0.0,0.0,0.0,0.0,0.0,0.0,0.0
61816,53,17,70.0,166.0,35.0,35.0,35.0,0.0,83.0,83.0,83.0,0.0,55.0,88.902,158.0,3.0,3.0,3.0,0.0,3.0,3.0,3.0,3.0,0.0,3.0,3.0,0,0,0,0,35.0,83.0,0,0,0,0,0,0,0,0,1.0,67.75,35.0,83.0,0,0,0,0,0,0,2,70,2,166,-1,-1,1,20,0.0,0.0,0.0,0.0,0.0,0.0,0.0,0.0
16554,80,6,0.0,0.0,0.0,0.0,0.0,0.0,0.0,0.0,0.0,0.0,1748407.63,2995409.766,5195181.0,56.0,116312.0,116312.0,0.0,116312.0,116312.0,5112516.0,5112516.0,0.0,5112516.0,5112516.0,0,0,0,0,0.0,0.0,0,0,0,1,0,0,0,0,1.0,0.0,0.0,0.0,0,0,0,0,0,0,2,0,2,0,29200,227,0,32,0.0,0.0,0.0,0.0,0.0,0.0,0.0,0.0
28477,53,17,70.0,444.0,35.0,35.0,35.0,0.0,222.0,222.0,222.0,0.0,77.66,131.818,236.0,3.0,3.0,3.0,0.0,3.0,3.0,4.0,4.0,0.0,4.0,4.0,0,0,0,0,35.0,222.0,0,0,0,0,0,0,0,0,1.0,137.25,35.0,222.0,0,0,0,0,0,0,2,70,2,444,-1,-1,1,32,0.0,0.0,0.0,0.0,0.0,0.0,0.0,0.0
59414,80,6,12.0,0.0,6.0,6.0,6.0,0.0,0.0,0.0,0.0,0.0,177.0,0.0,177.0,177.0,177.0,177.0,0.0,177.0,177.0,0.0,0.0,0.0,0.0,0.0,0,0,0,0,6.0,6.0,0,0,0,0,1,0,0,0,0.0,9.0,6.0,0.0,0,0,0,0,0,0,2,12,0,0,63930,-1,1,20,0.0,0.0,0.0,0.0,0.0,0.0,0.0,0.0
443,55144,6,0.0,0.0,0.0,0.0,0.0,0.0,0.0,0.0,0.0,0.0,31.0,0.0,31.0,31.0,0.0,0.0,0.0,0.0,0.0,0.0,0.0,0.0,0.0,0.0,0,0,0,0,0.0,0.0,0,0,0,0,1,0,0,0,1.0,0.0,0.0,0.0,0,0,0,0,0,0,1,0,1,0,357,32832,0,32,0.0,0.0,0.0,0.0,0.0,0.0,0.0,0.0
38326,80,6,600.0,543.0,660.0,0.0,40.0,176.6,543.0,0.0,37.1111,134.1071,4120563.15,4965075.775,10021702.0,57.0,116257344.0,8671741.63,3572604.52,10047991.0,32819.0,111246650.0,8954165.69,3808380.024,10048749.0,47170.0,0,0,0,0,0.0,660.0,0,0,0,1,0,0,0,0,0.0,38.4333,40.0,37.1111,0,0,0,0,0,0,16,600,14,543,29200,341,1,32,36465.63,31804.157,151793.0,23399.0,10024320.27,5794.94,10021709.0,10000320.0
49885,443,6,1186.0,5005.0,580.0,0.0,96.2667,172.1267,1983.0,0.0,443.5385,717.9859,402806.54,1977216.757,9998340.0,1.0,10119356.0,741559.58,2791479.404,9998384.0,24.0,10133698.0,1428377.8,2994064.139,9999777.0,1.0,0,0,0,0,0.0,1983.0,0,0,0,1,0,0,0,0,0.0,266.3578,96.2667,443.5385,0,0,0,0,0,0,12,1186,11,5005,29200,12,4,32,202871.0,0.0,202871.0,202871.0,9998331.0,0.0,9998331.0,9998331.0
61018,53,17,52.0,116.0,52.0,52.0,52.0,0.0,116.0,116.0,116.0,0.0,23669.0,0.0,23669.0,23669.0,0.0,0.0,0.0,0.0,0.0,0.0,0.0,0.0,0.0,0.0,0,0,0,0,52.0,116.0,0,0,0,0,0,0,0,0,1.0,110.0,52.0,116.0,0,0,0,0,0,0,1,52,1,116,-1,-1,0,20,0.0,0.0,0.0,0.0,0.0,0.0,0.0,0.0
443,56113,6,37.0,0.0,37.0,0.0,18.5,26.163,0.0,0.0,0.0,0.0,3.0,0.0,3.0,3.0,3.0,3.0,0.0,3.0,3.0,0.0,0.0,0.0,0.0,0.0,1,0,0,0,0.0,37.0,0,1,0,0,1,0,0,0,0.0,37.0,18.5,0.0,0,0,0,0,0,0,2,37,0,0,1120,-1,0,32,0.0,0.0,0.0,0.0,0.0,0.0,0.0,0.0
443,50604,6,12.0,0.0,6.0,6.0,6.0,0.0,0.0,0.0,0.0,0.0,9737.0,0.0,9737.0,9737.0,9737.0,9737.0,0.0,9737.0,9737.0,0.0,0.0,0.0,0.0,0.0,0,0,0,0,6.0,6.0,0,0,0,0,1,0,0,0,0.0,9.0,6.0,0.0,0,0,0,0,0,0,2,12,0,0,30,-1,1,20,0.0,0.0,0.0,0.0,0.0,0.0,0.0,0.0
56895,443,6,964.0,716.0,789.0,0.0,121.4,253.1797,548.0,0.0,103.2,177.4861,19736.71,34849.603,87107.0,4.0,279403.0,39407.33,48197.54,87231.0,4.0,188241.0,45533.25,41931.119,99908.0,4.0,0,0,0,0,0.0,789.0,0,0,0,1,0,0,0,0,0.0,119.6667,121.4,103.2,0,0,0,0,0,0,10,964,5,716,65535,353,5,32,0.0,0.0,0.0,0.0,0.0,0.0,0.0,0.0
60180,443,6,1202.0,1167.0,917.0,0.0,124.2,300.443,1097.0,0.0,153.5714,460.5569,5967.73,5863.712,15902.0,36.0,69380.0,6419.11,6753.346,25734.0,48.0,32551.0,7195.5,6168.37,15602.0,734.0,0,0,0,0,0.0,1097.0,0,0,0,1,0,0,0,0,0.0,146.1333,124.2,153.5714,0,0,0,0,0,0,10,1202,7,1167,65535,32,9,20,0.0,0.0,0.0,0.0,0.0,0.0,0.0,0.0
17814,53,17,86.0,198.0,43.0,43.0,43.0,0.0,99.0,99.0,99.0,0.0,51.0,87.47,148.0,3.0,3.0,3.0,0.0,3.0,3.0,3.0,3.0,0.0,3.0,3.0,0,0,0,0,43.0,99.0,0,0,0,0,0,0,0,0,1.0,81.75,43.0,99.0,0,0,0,0,0,0,2,86,2,198,-1,-1,1,20,0.0,0.0,0.0,0.0,0.0,0.0,0.0,0.0
52168,80,6,5811.0,21183.0,739.0,6.0,115.2455,256.8413,2167.0,0.0,424.3478,881.9949,2300520.4,4116953.691,10007983.0,17.0,118862380.0,4736799.8,4827572.883,10031626.0,49.0,113303512.0,4725359.49,4848330.013,10031347.0,247.0,0,0,0,0,0.0,2167.0,0,0,0,0,1,0,0,0,0.0,282.2797,115.2455,424.3478,0,0,0,0,0,0,29,5811,23,21183,62049,516,28,20,1154742.25,2680642.612,3800982.0,23590.0,9974626.0,33606.124,10007984.0,9989653.0
65526,53,17,76.0,258.0,38.0,38.0,38.0,0.0,129.0,129.0,129.0,0.0,11456.66,19547.595,34364.0,3.0,50.0,50.0,0.0,50.0,50.0,3.0,3.0,0.0,3.0,3.0,0,0,0,0,38.0,129.0,0,0,0,0,0,0,0,0,1.0,93.0,38.0,129.0,0,0,0,0,0,0,2,76,2,258,-1,-1,1,20,0.0,0.0,0.0,0.0,0.0,0.0,0.0,0.0
443,61670,6,0.0,0.0,0.0,0.0,0.0,0.0,0.0,0.0,0.0,0.0,54.0,0.0,54.0,54.0,0.0,0.0,0.0,0.0,0.0,0.0,0.0,0.0,0.0,0.0,0,0,0,0,0.0,0.0,0,0,0,0,1,0,0,0,1.0,0.0,0.0,0.0,0,0,0,0,0,0,1,0,1,0,6657,33304,0,32,0.0,0.0,0.0,0.0,0.0,0.0,0.0,0.0
58811,443,6,528.0,5188.0,192.0,0.0,52.25,79.7263,1430.0,0.0,529.6667,632.6806,8956.5,15196.579,32413.0,1.0,169698.0,13363.85,19194.188,32882.0,24.0,97637.0,9787.15,21077.186,67601.0,1.0,0,0,0,0,0.0,1430.0,0,0,0,1,0,0,0,0,1.0,311.0944,52.25,529.6667,0,0,0,0,0,0,12,528,12,5188,8192,343,11,20,0.0,0.0,0.0,0.0,0.0,0.0,0.0,0.0
60821,53,17,84.0,228.0,42.0,42.0,42.0,0.0,114.0,114.0,114.0,0.0,74.33,49.695,126.0,48.0,49.0,49.0,0.0,49.0,49.0,48.0,48.0,0.0,48.0,48.0,0,0,0,0,42.0,114.0,0,0,0,0,0,0,0,0,1.0,88.5,42.0,114.0,0,0,0,0,0,0,2,84,2,228,-1,-1,1,20,0.0,0.0,0.0,0.0,0.0,0.0,0.0,0.0
63392,53,17,76.0,182.0,38.0,38.0,38.0,0.0,91.0,91.0,91.0,0.0,10282.66,17804.41,30847.0,3.0,3.0,3.0,0.0,3.0,3.0,3.0,3.0,0.0,3.0,3.0,0,0,0,0,38.0,91.0,0,0,0,0,0,0,0,0,1.0,74.0,38.0,91.0,0,0,0,0,0,0,2,76,2,182,-1,-1,1,32,0.0,0.0,0.0,0.0,0.0,0.0,0.0,0.0
55483,53,17,84.0,204.0,42.0,42.0,42.0,0.0,102.0,102.0,102.0,0.0,89.0,111.51,217.0,3.0,3.0,3.0,0.0,3.0,3.0,48.0,48.0,0.0,48.0,48.0,0,0,0,0,42.0,102.0,0,0,0,0,0,0,0,0,1.0,82.5,42.0,102.0,0,0,0,0,0,0,2,84,2,204,-1,-1,1,20,0.0,0.0,0.0,0.0,0.0,0.0,0.0,0.0
60357,53,17,56.0,72.0,56.0,56.0,56.0,0.0,72.0,72.0,72.0,0.0,30403.0,0.0,30403.0,30403.0,0.0,0.0,0.0,0.0,0.0,0.0,0.0,0.0,0.0,0.0,0,0,0,0,56.0,72.0,0,0,0,0,0,0,0,0,1.0,92.0,56.0,72.0,0,0,0,0,0,0,1,56,1,72,-1,-1,0,32,0.0,0.0,0.0,0.0,0.0,0.0,0.0,0.0
443,38582,6,12.0,0.0,6.0,6.0,6.0,0.0,0.0,0.0,0.0,0.0,1.0,0.0,1.0,1.0,1.0,1.0,0.0,1.0,1.0,0.0,0.0,0.0,0.0,0.0,0,0,0,0,6.0,6.0,0,0,0,0,1,0,0,0,0.0,9.0,6.0,0.0,0,0,0,0,0,0,2,12,0,0,5114,-1,1,20,0.0,0.0,0.0,0.0,0.0,0.0,0.0,0.0
443,60820,6,37.0,0.0,37.0,0.0,12.3333,21.362,0.0,0.0,0.0,0.0,2.0,1.414,3.0,1.0,4.0,2.0,1.414,3.0,1.0,0.0,0.0,0.0,0.0,0.0,0,0,0,0,0.0,37.0,0,0,0,0,1,0,0,0,0.0,12.3333,12.3333,0.0,0,0,0,0,0,0,3,37,0,0,123,-1,1,32,0.0,0.0,0.0,0.0,0.0,0.0,0.0,0.0
61307,53,17,43.0,59.0,43.0,43.0,43.0,0.0,59.0,59.0,59.0,0.0,30544.0,0.0,30544.0,30544.0,0.0,0.0,0.0,0.0,0.0,0.0,0.0,0.0,0.0,0.0,0,0,0,0,43.0,59.0,0,0,0,0,0,0,0,0,1.0,72.5,43.0,59.0,0,0,0,0,0,0,1,43,1,59,-1,-1,0,32,0.0,0.0,0.0,0.0,0.0,0.0,0.0,0.0
50062,443,6,123.0,46.0,46.0,0.0,24.6,23.2766,46.0,46.0,46.0,0.0,745552.6,1641764.899,3595841.0,48.0,3836284.0,964061.5,1749434.41,3595841.0,48.0,0.0,0.0,0.0,0.0,0.0,1,0,0,0,0.0,46.0,0,1,0,0,1,0,0,0,0.0,35.8333,24.6,46.0,0,0,0,0,0,0,5,123,1,46,354,216,2,32,0.0,0.0,0.0,0.0,0.0,0.0,0.0,0.0
37183,443,6,12.0,0.0,6.0,6.0,6.0,0.0,0.0,0.0,0.0,0.0,3.0,0.0,3.0,3.0,3.0,3.0,0.0,3.0,3.0,0.0,0.0,0.0,0.0,0.0,0,0,0,0,6.0,6.0,1,0,0,0,0,0,0,0,0.0,9.0,6.0,0.0,0,0,0,0,0,0,2,12,0,0,0,-1,1,20,0.0,0.0,0.0,0.0,0.0,0.0,0.0,0.0
443,39475,6,31.0,0.0,31.0,0.0,15.5,21.9203,0.0,0.0,0.0,0.0,3.0,0.0,3.0,3.0,3.0,3.0,0.0,3.0,3.0,0.0,0.0,0.0,0.0,0.0,1,0,0,0,0.0,31.0,0,1,0,0,1,0,0,0,0.0,31.0,15.5,0.0,0,0,0,0,0,0,2,31,0,0,939,-1,0,32,0.0,0.0,0.0,0.0,0.0,0.0,0.0,0.0
37232,443,6,0.0,0.0,0.0,0.0,0.0,0.0,0.0,0.0,0.0,0.0,95241.0,0.0,95241.0,95241.0,0.0,0.0,0.0,0.0,0.0,0.0,0.0,0.0,0.0,0.0,0,0,0,0,0.0,0.0,0,0,0,0,1,1,0,0,1.0,0.0,0.0,0.0,0,0,0,0,0,0,1,0,1,0,304,254,0,32,0.0,0.0,0.0,0.0,0.0,0.0,0.0,0.0
60263,53,17,55.0,342.0,55.0,55.0,55.0,0.0,342.0,342.0,342.0,0.0,130629.0,0.0,130629.0,130629.0,0.0,0.0,0.0,0.0,0.0,0.0,0.0,0.0,0.0,0.0,0,0,0,0,55.0,342.0,0,0,0,0,0,0,0,0,1.0,226.0,55.0,342.0,0,0,0,0,0,0,1,55,1,342,-1,-1,0,20,0.0,0.0,0.0,0.0,0.0,0.0,0.0,0.0
80,51154,6,6.0,6.0,6.0,6.0,6.0,0.0,6.0,6.0,6.0,0.0,26.0,0.0,26.0,26.0,0.0,0.0,0.0,0.0,0.0,0.0,0.0,0.0,0.0,0.0,0,0,0,0,6.0,6.0,0,0,0,0,1,1,0,0,1.0,9.0,6.0,6.0,0,0,0,0,0,0,1,6,1,6,29000,32850,0,20,0.0,0.0,0.0,0.0,0.0,0.0,0.0,0.0
123,123,17,192.0,192.0,48.0,48.0,48.0,0.0,48.0,48.0,48.0,0.0,9064376.8,24510116.512,65903935.0,96430.0,66099959.0,22336353.0,37030663.093,66009914.0,49.0,66999314.0,21999754.33,49611912.692,66009373.0,1999046.0,0,0,0,0,48.0,48.0,0,0,0,0,0,0,0,0,1.0,54.0,48.0,48.0,0,0,0,0,0,0,4,192,4,192,-1,-1,3,20,52519.0,0.0,52519.0,52519.0,65903956.0,0.0,65903936.0,65903956.0
51516,80,6,12.0,0.0,6.0,6.0,6.0,0.0,0.0,0.0,0.0,0.0,41158.0,0.0,41158.0,41158.0,41158.0,41158.0,0.0,41158.0,41158.0,0.0,0.0,0.0,0.0,0.0,0,0,0,0,6.0,6.0,0,0,0,0,1,0,0,0,0.0,9.0,6.0,0.0,0,0,0,0,0,0,2,12,0,0,16425,-1,1,20,0.0,0.0,0.0,0.0,0.0,0.0,0.0,0.0
65281,80,6,12.0,0.0,6.0,0.0,4.0,3.4641,0.0,0.0,0.0,0.0,1920449.0,3394301.374,5848598.0,18.0,5871718.0,2935859.0,4168350.6,5848598.0,83408.0,0.0,0.0,0.0,0.0,0.0,0,0,0,0,0.0,6.0,0,0,0,1,0,0,0,0,0.0,3.0,4.0,0.0,0,0,0,0,0,0,3,12,1,0,8192,29200,2,20,0.0,0.0,0.0,0.0,0.0,0.0,0.0,0.0
53030,443,6,12.0,0.0,6.0,6.0,6.0,0.0,0.0,0.0,0.0,0.0,45497.0,0.0,45497.0,45497.0,45497.0,45497.0,0.0,45497.0,45497.0,0.0,0.0,0.0,0.0,0.0,0,0,0,0,6.0,6.0,0,0,0,0,1,0,0,0,0.0,9.0,6.0,0.0,0,0,0,0,0,0,2,12,0,0,252,-1,1,20,0.0,0.0,0.0,0.0,0.0,0.0,0.0,0.0
443,50390,6,6.0,6.0,6.0,6.0,6.0,0.0,6.0,6.0,6.0,0.0,49.0,0.0,49.0,49.0,0.0,0.0,0.0,0.0,0.0,0.0,0.0,0.0,0.0,0.0,0,0,0,0,6.0,6.0,0,0,0,0,1,1,0,0,1.0,9.0,6.0,6.0,0,0,0,0,0,0,1,6,1,6,60,255,0,20,0.0,0.0,0.0,0.0,0.0,0.0,0.0,0.0
54582,53,17,62.0,118.0,31.0,31.0,31.0,0.0,59.0,59.0,59.0,0.0,45.33,75.555,130.0,3.0,3.0,3.0,0.0,3.0,3.0,4.0,4.0,0.0,4.0,4.0,0,0,0,0,31.0,59.0,0,0,0,0,0,0,0,0,1.0,52.75,31.0,59.0,0,0,0,0,0,0,2,62,2,118,-1,-1,1,32,0.0,0.0,0.0,0.0,0.0,0.0,0.0,0.0
52552,443,6,474.0,644.0,314.0,0.0,79.0,130.3089,485.0,0.0,92.0,179.684,26514.38,33951.225,99873.0,1.0,270022.0,52058.4,16494.537,99893.0,51377.0,278016.0,29402.33,44430.852,126753.0,1.0,0,0,0,0,0.0,485.0,0,0,0,1,0,0,0,0,1.0,86.0,79.0,92.0,0,0,0,0,0,0,6,474,7,644,65535,114,3,32,0.0,0.0,0.0,0.0,0.0,0.0,0.0,0.0
39919,443,6,123.0,46.0,46.0,0.0,24.6,23.2766,46.0,46.0,46.0,0.0,875249.0,1829377.98,4022752.0,48.0,4091939.0,1022439.75,2015041.999,4022752.0,48.0,0.0,0.0,0.0,0.0,0.0,1,0,0,0,0.0,46.0,0,1,0,0,1,0,0,0,0.0,35.8333,24.6,46.0,0,0,0,0,0,0,5,123,1,46,309,357,2,32,0.0,0.0,0.0,0.0,0.0,0.0,0.0,0.0
443,52481,6,6.0,6.0,6.0,6.0,6.0,0.0,6.0,6.0,6.0,0.0,34.0,0.0,34.0,34.0,0.0,0.0,0.0,0.0,0.0,0.0,0.0,0.0,0.0,0.0,0,0,0,0,6.0,6.0,0,0,0,0,1,1,0,0,1.0,9.0,6.0,6.0,0,0,0,0,0,0,1,6,1,6,15,63902,0,20,0.0,0.0,0.0,0.0,0.0,0.0,0.0,0.0
42332,80,6,1004.0,536.0,554.0,0.0,120.8,211.2934,523.0,0.0,104.4,237.3774,1415205.0,3795662.099,9994256.0,61.0,10803352.0,2950833.5,4972933.681,9994256.0,141.0,10604444.0,2550777.0,5109337.04,10140608.0,156828.0,0,0,0,0,0.0,554.0,0,0,0,1,0,0,0,0,0.0,159.6,120.8,104.4,0,0,0,0,0,0,10,1004,5,536,29200,242,1,32,132572.0,0.0,132572.0,132572.0,9994280.0,0.0,9994280.0,9994280.0
54704,443,6,611.0,168.0,517.0,0.0,101.8333,204.3051,156.0,0.0,42.0,76.0526,682485.36,1826661.32,5768475.0,3.0,5922584.0,1150446.8,2379918.998,5851567.0,3.0,128453.0,43887.0,49072.817,88396.0,414.0,0,0,0,0,0.0,517.0,0,0,0,1,0,0,0,0,0.0,87.9,101.8333,42.0,0,0,0,0,0,0,6,611,4,168,8192,116,5,20,112458.0,0.0,112458.0,112458.0,5768451.0,0.0,5768471.0,5768451.0
61812,389,6,2986.0,6356.0,1305.0,0.0,135.7273,379.2934,2910.0,0.0,488.9231,897.6078,3156451.32,20213551.88,112622311.0,1.0,112732305.0,5319700.54,25258324.299,112622311.0,1.0,112967227.0,9323854.91,31137567.503,112656096.0,49.0,0,0,0,0,0.0,2910.0,0,0,0,1,0,0,0,0,0.0,266.5143,135.7273,488.9231,0,0,0,0,0,0,22,2986,13,6356,65535,0,10,32,23019.0,0.0,23019.0,23019.0,112622345.0,0.0,112622315.0,112622345.0
443,59453,6,37.0,0.0,31.0,6.0,18.5,17.6777,0.0,0.0,0.0,0.0,3.0,0.0,3.0,3.0,3.0,3.0,0.0,3.0,3.0,0.0,0.0,0.0,0.0,0.0,1,0,0,0,6.0,31.0,0,1,0,0,1,0,0,0,0.0,34.0,18.5,0.0,0,0,0,0,0,0,2,37,0,0,110,-1,1,20,0.0,0.0,0.0,0.0,0.0,0.0,0.0,0.0
62336,443,6,752.0,8221.0,389.0,0.0,75.2308,132.726,1995.0,0.0,838.75,828.2908,33897.9,92153.352,213853.0,2.0,788639.0,66989.16,107227.004,213853.0,3.0,773819.0,66830.73,96208.812,398221.0,2.0,0,0,0,0,0.0,1995.0,0,0,0,1,0,0,0,0,0.0,447.3333,75.2308,838.75,0,0,0,0,0,0,13,752,12,8221,65535,131,5,32,0.0,0.0,0.0,0.0,0.0,0.0,0.0,0.0
64139,53,17,82.0,254.0,41.0,41.0,41.0,0.0,127.0,127.0,127.0,0.0,64.66,106.521,187.0,3.0,3.0,3.0,0.0,3.0,3.0,4.0,4.0,0.0,4.0,4.0,0,0,0,0,41.0,127.0,0,0,0,0,0,0,0,0,1.0,94.25,41.0,127.0,0,0,0,0,0,0,2,82,2,254,-1,-1,1,32,0.0,0.0,0.0,0.0,0.0,0.0,0.0,0.0
56962,443,6,123.0,46.0,46.0,0.0,24.6,23.2766,46.0,46.0,46.0,0.0,1140852.0,2492191.528,5896602.0,4.0,5119514.0,1284853.5,2403003.744,5896602.0,4.0,0.0,0.0,0.0,0.0,0.0,1,0,0,0,0.0,46.0,0,1,0,0,1,0,0,0,0.0,35.8333,24.6,46.0,0,0,0,0,0,0,5,123,1,46,523,349,2,32,40325.0,0.0,40325.0,40325.0,5896696.0,0.0,5896696.0,5896696.0
123,123,17,48.0,48.0,48.0,48.0,48.0,0.0,48.0,48.0,48.0,0.0,109385.0,0.0,109385.0,109385.0,0.0,0.0,0.0,0.0,0.0,0.0,0.0,0.0,0.0,0.0,0,0,0,0,48.0,48.0,0,0,0,0,0,0,0,0,1.0,72.0,48.0,48.0,0,0,0,0,0,0,1,48,1,48,-1,-1,0,20,0.0,0.0,0.0,0.0,0.0,0.0,0.0,0.0
62902,53,17,90.0,196.0,45.0,45.0,45.0,0.0,98.0,98.0,98.0,0.0,11038.33,19085.16,33068.0,4.0,4.0,4.0,0.0,4.0,4.0,4.0,4.0,0.0,4.0,4.0,0,0,0,0,45.0,98.0,0,0,0,0,0,0,0,0,1.0,82.75,45.0,98.0,0,0,0,0,0,0,2,90,2,196,-1,-1,1,20,0.0,0.0,0.0,0.0,0.0,0.0,0.0,0.0
443,62168,6,37.0,0.0,37.0,0.0,18.5,26.163,0.0,0.0,0.0,0.0,4.0,0.0,4.0,4.0,4.0,4.0,0.0,4.0,4.0,0.0,0.0,0.0,0.0,0.0,1,0,0,0,0.0,37.0,0,1,0,0,1,0,0,0,0.0,37.0,18.5,0.0,0,0,0,0,0,0,2,37,0,0,118,-1,0,32,0.0,0.0,0.0,0.0,0.0,0.0,0.0,0.0
443,52068,6,43.0,0.0,31.0,6.0,14.3333,14.4338,0.0,0.0,0.0,0.0,169.5,262.652,325.0,3.0,329.0,164.5,212.637,325.0,3.0,0.0,0.0,0.0,0.0,0.0,0,0,0,0,6.0,31.0,0,0,0,0,1,0,0,0,0.0,16.3333,14.3333,0.0,0,0,0,0,0,0,3,43,0,0,12,-1,2,20,0.0,0.0,0.0,0.0,0.0,0.0,0.0,0.0
57048,443,6,12.0,0.0,6.0,6.0,6.0,0.0,0.0,0.0,0.0,0.0,3.0,0.0,3.0,3.0,3.0,3.0,0.0,3.0,3.0,0.0,0.0,0.0,0.0,0.0,0,0,0,0,6.0,6.0,1,0,0,0,0,0,0,0,0.0,9.0,6.0,0.0,0,0,0,0,0,0,2,12,0,0,0,-1,1,20,0.0,0.0,0.0,0.0,0.0,0.0,0.0,0.0
41310,80,6,0.0,0.0,0.0,0.0,0.0,0.0,0.0,0.0,0.0,0.0,211.0,0.0,211.0,211.0,211.0,211.0,0.0,211.0,211.0,0.0,0.0,0.0,0.0,0.0,0,0,0,0,0.0,0.0,0,0,0,0,1,0,0,0,0.0,0.0,0.0,0.0,0,0,0,0,0,0,2,0,0,0,242,-1,0,32,0.0,0.0,0.0,0.0,0.0,0.0,0.0,0.0
56486,443,6,1536.0,1119.0,885.0,0.0,113.6,275.3613,981.0,0.0,223.8,427.4847,26613.3,47809.04,117529.0,3.0,436543.0,30843.77,70468.812,216544.0,48.0,334010.0,66505.5,58765.205,157225.0,399.0,0,0,0,0,0.0,981.0,0,0,0,1,0,0,0,0,0.0,150.3333,113.6,223.8,0,0,0,0,0,0,10,1536,5,1119,65535,368,5,32,0.0,0.0,0.0,0.0,0.0,0.0,0.0,0.0
61810,53,17,57.0,185.0,57.0,57.0,57.0,0.0,185.0,185.0,185.0,0.0,31263.0,0.0,31263.0,31263.0,0.0,0.0,0.0,0.0,0.0,0.0,0.0,0.0,0.0,0.0,0,0,0,0,57.0,185.0,0,0,0,0,0,0,0,0,1.0,149.5,57.0,185.0,0,0,0,0,0,0,1,57,1,185,-1,-1,0,20,0.0,0.0,0.0,0.0,0.0,0.0,0.0,0.0
56507,53,17,70.0,266.0,35.0,35.0,35.0,0.0,133.0,133.0,133.0,0.0,20400.0,35378.795,61293.0,4.0,4.0,4.0,0.0,4.0,4.0,4.0,4.0,0.0,4.0,4.0,0,0,0,0,35.0,133.0,0,0,0,0,0,0,0,0,1.0,92.75,35.0,133.0,0,0,0,0,0,0,2,70,2,266,-1,-1,1,32,0.0,0.0,0.0,0.0,0.0,0.0,0.0,0.0
4653,443,6,1404.0,9375.0,426.0,0.0,74.1308,133.8304,2061.0,0.0,590.2143,680.0134,1713577.03,3634603.241,10008811.0,1.0,61382175.0,3815132.78,4885045.796,10191597.0,191.0,61099983.0,3281965.82,4737564.861,10195403.0,1.0,0,0,0,0,0.0,2061.0,0,0,0,1,0,0,0,0,1.0,377.4333,74.1308,590.2143,0,0,0,0,0,0,19,1404,24,9375,8192,68,18,20,359574.83,452975.144,1499614.0,84688.0,9908219.66,283474.216,10008812.0,9991515.0
46981,443,6,599.0,152.0,517.0,0.0,85.5714,191.3085,152.0,0.0,38.0,76.0,542154.7,1636701.711,5213408.0,3.0,5326779.0,883128.83,2144023.139,5364662.0,3.0,88014.0,29004.33,33069.003,63666.0,353.0,0,0,0,0,0.0,517.0,0,0,0,1,0,0,0,0,0.0,68.2727,85.5714,38.0,0,0,0,0,0,0,7,599,4,152,29200,939,3,32,104496.0,0.0,104496.0,104496.0,5213425.0,0.0,5213405.0,5213425.0
443,51940,6,12.0,0.0,6.0,6.0,6.0,0.0,0.0,0.0,0.0,0.0,20003.0,0.0,20003.0,20003.0,20003.0,20003.0,0.0,20003.0,20003.0,0.0,0.0,0.0,0.0,0.0,0,0,0,0,6.0,6.0,0,0,0,0,1,0,0,0,0.0,9.0,6.0,0.0,0,0,0,0,0,0,2,12,0,0,30,-1,1,20,0.0,0.0,0.0,0.0,0.0,0.0,0.0,0.0
54587,80,6,1535.0,305.0,1480.0,0.0,395.0,642.0,305.0,0.0,75.5,143.0,7987.66,11732.008,23860.0,4.0,23904.0,9952.0,12383.23,23838.0,119.0,20025.0,11.0,13398.658,23510.0,4.0,0,0,0,0,0.0,1480.0,0,0,0,1,0,0,0,0,1.0,285.5714,395.0,75.5,0,0,0,0,0,0,3,1535,4,305,29200,86,1,32,0.0,0.0,0.0,0.0,0.0,0.0,0.0,0.0
52683,443,6,2062.0,7559.0,540.0,0.0,75.8462,159.2468,1569.0,0.0,247.4545,490.8266,2729136.61,4445012.821,10015843.0,24.0,116683629.0,5246121.05,4971821.118,10048008.0,314.0,110866193.0,6047359.7,5062244.966,10045942.0,194.0,0,0,0,0,0.0,1569.0,0,0,0,1,0,0,0,0,0.0,156.425,75.8462,247.4545,0,0,0,0,0,0,23,2062,21,7559,8192,5492,22,20,40750.81,62272.892,229397.0,23097.0,9622085.63,1304011.793,10015844.0,5196758.0
57784,443,6,18.0,0.0,6.0,6.0,6.0,0.0,0.0,0.0,0.0,0.0,18019578.2,24636754.772,45005324.0,23231.0,90056326.0,45028163.0,2021.459,45025342.0,45021914.0,90055827.0,45027918.5,3479.428,45024425.0,45023831.0,0,0,0,0,0.0,6.0,0,0,0,0,1,0,0,0,1.0,4.0,6.0,0.0,0,0,0,0,0,0,3,18,3,0,256,65,2,20,23819.0,37.745,23809.0,23863.0,45003577.5,5998.646,45005323.0,44999482.0
443,64551,6,6.0,6.0,6.0,6.0,6.0,0.0,6.0,6.0,6.0,0.0,90.0,0.0,90.0,90.0,0.0,0.0,0.0,0.0,0.0,0.0,0.0,0.0,0.0,0.0,0,0,0,0,6.0,6.0,0,0,0,0,1,1,0,0,1.0,9.0,6.0,6.0,0,0,0,0,0,0,1,6,1,6,31,32850,0,20,0.0,0.0,0.0,0.0,0.0,0.0,0.0,0.0
62268,53,17,66.0,100.0,66.0,66.0,66.0,0.0,100.0,100.0,100.0,0.0,30397.0,0.0,30397.0,30397.0,0.0,0.0,0.0,0.0,0.0,0.0,0.0,0.0,0.0,0.0,0,0,0,0,66.0,100.0,0,0,0,0,0,0,0,0,1.0,116.0,66.0,100.0,0,0,0,0,0,0,1,66,1,100,-1,-1,0,20,0.0,0.0,0.0,0.0,0.0,0.0,0.0,0.0
50044,53,17,82.0,340.0,41.0,41.0,41.0,0.0,170.0,170.0,170.0,0.0,64.0,108.046,186.0,3.0,3.0,3.0,0.0,3.0,3.0,3.0,3.0,0.0,3.0,3.0,0,0,0,0,41.0,170.0,0,0,0,0,0,0,0,0,1.0,115.75,41.0,170.0,0,0,0,0,0,0,2,82,2,340,-1,-1,1,32,0.0,0.0,0.0,0.0,0.0,0.0,0.0,0.0
55484,443,6,1395.0,49190.0,901.0,0.0,36.5,146.7887,2836.0,0.0,1161.6408,713.2782,1884.74,3824.168,14943.0,1.0,96875.0,3168.72,7433.343,20173.0,1.0,37760.0,3568.68,6504.014,10595.0,1.0,0,0,0,0,0.0,2836.0,0,0,0,1,0,0,0,0,1.0,692.6112,36.5,1161.6408,0,0,0,0,0,0,30,1395,45,49190,65535,362,5,32,0.0,0.0,0.0,0.0,0.0,0.0,0.0,0.0
59384,53,17,92.0,284.0,46.0,46.0,46.0,0.0,142.0,142.0,142.0,0.0,63.66,103.5,184.0,3.0,3.0,3.0,0.0,3.0,3.0,3.0,3.0,0.0,3.0,3.0,0,0,0,0,46.0,142.0,0,0,0,0,0,0,0,0,1.0,105.5,46.0,142.0,0,0,0,0,0,0,2,92,2,284,-1,-1,1,32,0.0,0.0,0.0,0.0,0.0,0.0,0.0,0.0
56147,443,6,12.0,0.0,6.0,6.0,6.0,0.0,0.0,0.0,0.0,0.0,3.0,0.0,3.0,3.0,3.0,3.0,0.0,3.0,3.0,0.0,0.0,0.0,0.0,0.0,0,0,0,0,6.0,6.0,1,0,0,0,0,0,0,0,0.0,9.0,6.0,0.0,0,0,0,0,0,0,2,12,0,0,0,-1,1,20,0.0,0.0,0.0,0.0,0.0,0.0,0.0,0.0
62059,53,17,61.0,77.0,61.0,61.0,61.0,0.0,77.0,77.0,77.0,0.0,31566.0,0.0,31566.0,31566.0,0.0,0.0,0.0,0.0,0.0,0.0,0.0,0.0,0.0,0.0,0,0,0,0,61.0,77.0,0,0,0,0,0,0,0,0,1.0,99.5,61.0,77.0,0,0,0,0,0,0,1,61,1,77,-1,-1,0,20,0.0,0.0,0.0,0.0,0.0,0.0,0.0,0.0
61724,53,17,47.0,63.0,47.0,47.0,47.0,0.0,63.0,63.0,63.0,0.0,30405.0,0.0,30405.0,30405.0,0.0,0.0,0.0,0.0,0.0,0.0,0.0,0.0,0.0,0.0,0,0,0,0,47.0,63.0,0,0,0,0,0,0,0,0,1.0,78.5,47.0,63.0,0,0,0,0,0,0,1,47,1,63,-1,-1,0,20,0.0,0.0,0.0,0.0,0.0,0.0,0.0,0.0
443,48224,6,0.0,0.0,0.0,0.0,0.0,0.0,0.0,0.0,0.0,0.0,63.0,0.0,63.0,63.0,0.0,0.0,0.0,0.0,0.0,0.0,0.0,0.0,0.0,0.0,0,0,0,0,0.0,0.0,0,0,0,0,1,1,0,0,1.0,0.0,0.0,0.0,0,0,0,0,0,0,1,0,1,0,183,321,0,32,0.0,0.0,0.0,0.0,0.0,0.0,0.0,0.0
52385,443,6,1289.0,514.0,710.0,0.0,98.4545,214.2739,438.0,0.0,54.5,144.7487,3530711.64,4165980.79,10002484.0,3.0,115418408.0,6070490.48,4827449.766,10036491.0,3.0,110882818.0,7378142.52,4593702.907,10036777.0,3.0,0,0,0,0,0.0,710.0,0,0,0,1,0,0,0,0,0.0,76.32,98.4545,54.5,0,0,0,0,0,0,19,1289,16,514,29200,352,4,32,39252.36,51291.387,127795.0,36971.0,9621037.66,1381228.847,10002484.0,5101576.0
52569,443,6,12.0,0.0,6.0,6.0,6.0,0.0,0.0,0.0,0.0,0.0,3.0,0.0,3.0,3.0,3.0,3.0,0.0,3.0,3.0,0.0,0.0,0.0,0.0,0.0,0,0,0,0,6.0,6.0,1,0,0,0,0,0,0,0,0.0,9.0,6.0,0.0,0,0,0,0,0,0,2,12,0,0,0,-1,1,20,0.0,0.0,0.0,0.0,0.0,0.0,0.0,0.0
443,56903,6,12.0,0.0,6.0,6.0,6.0,0.0,0.0,0.0,0.0,0.0,848.0,0.0,848.0,848.0,848.0,848.0,0.0,848.0,848.0,0.0,0.0,0.0,0.0,0.0,0,0,0,0,6.0,6.0,0,0,0,0,1,0,0,0,0.0,9.0,6.0,0.0,0,0,0,0,0,0,2,12,0,0,10030,-1,1,20,0.0,0.0,0.0,0.0,0.0,0.0,0.0,0.0
61364,53,17,88.0,662.0,44.0,44.0,44.0,0.0,331.0,331.0,331.0,0.0,30740.0,53634.657,92273.0,3.0,3.0,3.0,0.0,3.0,3.0,3.0,3.0,0.0,3.0,3.0,0,0,0,0,44.0,331.0,0,0,0,0,0,0,0,0,1.0,198.5,44.0,331.0,0,0,0,0,0,0,2,88,2,662,-1,-1,1,32,0.0,0.0,0.0,0.0,0.0,0.0,0.0,0.0
49943,443,6,2187.0,4378.0,508.0,0.0,120.5889,197.6959,1418.0,0.0,290.7059,432.0115,2847612.81,12434292.776,58927491.0,3.0,117981040.0,5316042.15,19882821.417,58927483.0,16.0,117864196.0,6452325.0,17504377.444,59007762.0,4.0,0,0,0,0,0.0,1418.0,0,0,0,1,0,0,0,0,1.0,201.1395,120.5889,290.7059,0,0,0,0,0,0,21,2187,27,4378,29200,394,10,32,347832.0,391578.572,936485.0,76609.0,58404061.5,592284.209,58927491.0,58101631.0
61957,53,17,48.0,202.0,48.0,48.0,48.0,0.0,202.0,202.0,202.0,0.0,61317.0,0.0,61317.0,61317.0,0.0,0.0,0.0,0.0,0.0,0.0,0.0,0.0,0.0,0.0,0,0,0,0,48.0,202.0,0,0,0,0,0,0,0,0,1.0,149.0,48.0,202.0,0,0,0,0,0,0,1,48,1,202,-1,-1,0,20,0.0,0.0,0.0,0.0,0.0,0.0,0.0,0.0
60995,53,17,54.0,106.0,54.0,54.0,54.0,0.0,106.0,106.0,106.0,0.0,47352.0,0.0,47352.0,47352.0,0.0,0.0,0.0,0.0,0.0,0.0,0.0,0.0,0.0,0.0,0,0,0,0,54.0,106.0,0,0,0,0,0,0,0,0,1.0,107.0,54.0,106.0,0,0,0,0,0,0,1,54,1,106,-1,-1,0,32,0.0,0.0,0.0,0.0,0.0,0.0,0.0,0.0
61382,53,17,122.0,162.0,61.0,61.0,61.0,0.0,81.0,81.0,81.0,0.0,17511.33,29046.834,51526.0,3.0,3.0,3.0,0.0,3.0,3.0,4.0,4.0,0.0,4.0,4.0,0,0,0,0,61.0,81.0,0,0,0,0,0,0,0,0,1.0,91.25,61.0,81.0,0,0,0,0,0,0,2,122,2,162,-1,-1,1,32,0.0,0.0,0.0,0.0,0.0,0.0,0.0,0.0
51353,53,17,82.0,152.0,41.0,41.0,41.0,0.0,76.0,76.0,76.0,0.0,65.33,102.091,189.0,3.0,3.0,3.0,0.0,3.0,3.0,3.0,3.0,0.0,3.0,3.0,0,0,0,0,41.0,76.0,0,0,0,0,0,0,0,0,1.0,68.75,41.0,76.0,0,0,0,0,0,0,2,82,2,152,-1,-1,1,32,0.0,0.0,0.0,0.0,0.0,0.0,0.0,0.0
46034,443,6,1014.0,47212.0,250.0,0.0,20.2471,32.7012,1460.0,0.0,738.3429,683.7365,1074793.82,3061625.954,10015729.0,3.0,116207705.0,2165602.21,4010233.752,10048001.0,3.0,110533010.0,1927915.75,3351628.255,10048114.0,3.0,0,0,0,0,0.0,1460.0,0,0,0,1,0,0,0,0,1.0,459.25,20.2471,738.3429,0,0,0,0,0,0,39,1014,42,47212,29200,60,38,20,47338.09,192297.847,712271.0,23974.0,9610285.33,1441850.723,10015729.0,5056652.0
52407,443,6,352.0,3782.0,208.0,0.0,58.6667,87.8605,1460.0,0.0,630.3333,677.2171,11455.36,18667.651,40452.0,48.0,130687.0,26176.4,22549.42,43655.0,135.0,95805.0,17277.0,22092.187,44590.0,48.0,0,0,0,0,0.0,1460.0,0,0,0,1,0,0,0,0,1.0,344.5,58.6667,630.3333,0,0,0,0,0,0,6,352,6,3782,8192,60,5,20,0.0,0.0,0.0,0.0,0.0,0.0,0.0,0.0
59684,53,17,88.0,472.0,44.0,44.0,44.0,0.0,236.0,236.0,236.0,0.0,60.0,106.047,173.0,3.0,3.0,3.0,0.0,3.0,3.0,3.0,3.0,0.0,3.0,3.0,0,0,0,0,44.0,236.0,0,0,0,0,0,0,0,0,1.0,151.0,44.0,236.0,0,0,0,0,0,0,2,88,2,472,-1,-1,1,20,0.0,0.0,0.0,0.0,0.0,0.0,0.0,0.0
61062,53,17,81.0,163.0,81.0,81.0,81.0,0.0,163.0,163.0,163.0,0.0,469.0,0.0,469.0,469.0,0.0,0.0,0.0,0.0,0.0,0.0,0.0,0.0,0.0,0.0,0,0,0,0,81.0,163.0,0,0,0,0,0,0,0,0,1.0,162.5,81.0,163.0,0,0,0,0,0,0,1,81,1,163,-1,-1,0,40,0.0,0.0,0.0,0.0,0.0,0.0,0.0,0.0
62330,53,17,42.0,58.0,42.0,42.0,42.0,0.0,58.0,58.0,58.0,0.0,30515.0,0.0,30515.0,30515.0,0.0,0.0,0.0,0.0,0.0,0.0,0.0,0.0,0.0,0.0,0,0,0,0,42.0,58.0,0,0,0,0,0,0,0,0,1.0,71.0,42.0,58.0,0,0,0,0,0,0,1,42,1,58,-1,-1,0,20,0.0,0.0,0.0,0.0,0.0,0.0,0.0,0.0
62184,53,17,3.0,123.0,53.0,53.0,53.0,0.0,123.0,123.0,123.0,0.0,61241.0,0.0,61241.0,61241.0,0.0,0.0,0.0,0.0,0.0,0.0,0.0,0.0,0.0,0.0,0,0,0,0,53.0,123.0,0,0,0,0,0,0,0,0,1.0,104.5,53.0,123.0,0,0,0,0,0,0,1,3,1,123,-1,-1,0,32,0.0,0.0,0.0,0.0,0.0,0.0,0.0,0.0
62295,53,17,82.0,108.0,41.0,41.0,41.0,0.0,54.0,54.0,54.0,0.0,60.66,69.232,134.0,2.0,49.0,49.0,0.0,49.0,49.0,2.0,2.0,0.0,2.0,2.0,0,0,0,0,41.0,54.0,0,0,0,0,0,0,0,0,1.0,57.75,41.0,54.0,0,0,0,0,0,0,2,82,2,108,-1,-1,1,32,0.0,0.0,0.0,0.0,0.0,0.0,0.0,0.0
43390,53,17,102.0,224.0,51.0,51.0,51.0,0.0,112.0,112.0,112.0,0.0,63.66,66.604,139.0,3.0,3.0,3.0,0.0,3.0,3.0,49.0,49.0,0.0,49.0,49.0,0,0,0,0,51.0,112.0,0,0,0,0,0,0,0,0,1.0,94.25,51.0,112.0,0,0,0,0,0,0,2,102,2,224,-1,-1,1,32,0.0,0.0,0.0,0.0,0.0,0.0,0.0,0.0
443,63825,6,0.0,18.0,0.0,0.0,0.0,0.0,6.0,6.0,6.0,0.0,25470.25,50435.548,102717.0,1.0,102811.0,102811.0,0.0,102811.0,102811.0,4.0,2.0,1.414,3.0,1.0,0,0,0,0,0.0,6.0,0,0,0,0,1,0,0,0,1.0,3.6,0.0,6.0,0,0,0,0,0,0,2,0,3,18,117,0,0,32,0.0,0.0,0.0,0.0,0.0,0.0,0.0,0.0
443,40838,6,0.0,0.0,0.0,0.0,0.0,0.0,0.0,0.0,0.0,0.0,56.0,0.0,56.0,56.0,0.0,0.0,0.0,0.0,0.0,0.0,0.0,0.0,0.0,0.0,0,0,0,0,0.0,0.0,0,0,0,0,1,1,0,0,1.0,0.0,0.0,0.0,0,0,0,0,0,0,1,0,1,0,135,338,0,32,0.0,0.0,0.0,0.0,0.0,0.0,0.0,0.0
443,59295,6,6.0,6.0,6.0,6.0,6.0,0.0,6.0,6.0,6.0,0.0,49.0,0.0,49.0,49.0,0.0,0.0,0.0,0.0,0.0,0.0,0.0,0.0,0.0,0.0,0,0,0,0,6.0,6.0,0,0,0,0,1,0,0,0,1.0,9.0,6.0,6.0,0,0,0,0,0,0,1,6,1,6,231,32850,0,20,0.0,0.0,0.0,0.0,0.0,0.0,0.0,0.0
15628,53,17,66.0,256.0,33.0,33.0,33.0,0.0,128.0,128.0,128.0,0.0,320685.66,586199.475,961054.0,3.0,3.0,3.0,0.0,3.0,3.0,4.0,4.0,0.0,4.0,4.0,0,0,0,0,33.0,128.0,0,0,0,0,0,0,0,0,1.0,88.75,33.0,128.0,0,0,0,0,0,0,2,66,2,256,-1,-1,1,20,0.0,0.0,0.0,0.0,0.0,0.0,0.0,0.0
52746,443,6,1400.0,6373.0,723.0,0.0,86.7143,203.203,1891.0,0.0,445.3471,715.185,1139602.03,8250960.728,48921280.0,3.0,75653247.0,2458602.12,12708100.292,48921250.0,3.0,70439461.0,2292533.0,10489412.054,48977313.0,203.0,0,0,0,0,0.0,1891.0,0,0,0,1,0,0,0,0,0.0,237.2026,86.7143,445.3471,0,0,0,0,0,0,14,1400,14,6373,65535,30,13,20,120832.5,142448.603,120876.0,66717.0,25056770.5,10250181.196,48921287.0,6994290.0
61565,53,17,49.0,177.0,49.0,49.0,49.0,0.0,177.0,177.0,177.0,0.0,33682.0,0.0,33682.0,33682.0,0.0,0.0,0.0,0.0,0.0,0.0,0.0,0.0,0.0,0.0,0,0,0,0,49.0,177.0,0,0,0,0,0,0,0,0,1.0,137.5,49.0,177.0,0,0,0,0,0,0,1,49,1,177,-1,-1,0,32,0.0,0.0,0.0,0.0,0.0,0.0,0.0,0.0
60234,53,17,49.0,65.0,49.0,49.0,49.0,0.0,65.0,65.0,65.0,0.0,30087.0,0.0,30087.0,30087.0,0.0,0.0,0.0,0.0,0.0,0.0,0.0,0.0,0.0,0.0,0,0,0,0,49.0,65.0,0,0,0,0,0,0,0,0,1.0,81.5,49.0,65.0,0,0,0,0,0,0,1,49,1,65,-1,-1,0,32,0.0,0.0,0.0,0.0,0.0,0.0,0.0,0.0
56632,443,6,635.0,157.0,517.0,0.0,90.7143,190.7072,157.0,0.0,39.25,78.5,503975.3,1551082.968,4932006.0,3.0,5005940.0,850375.33,2032211.002,4934438.0,3.0,62920.0,27640.33,21533.378,52410.0,497.0,0,0,0,0,0.0,517.0,0,0,0,1,0,0,0,0,0.0,72.0,90.7143,39.25,0,0,0,0,0,0,7,635,4,157,29200,118,3,32,0.0,0.0,0.0,0.0,0.0,0.0,0.0,0.0
55551,53,17,160.0,264.0,40.0,40.0,40.0,0.0,132.0,132.0,132.0,0.0,6197.8,13641.313,30255.0,3.0,30215.0,10078.33,17460.545,30215.0,3.0,3.0,3.0,0.0,3.0,3.0,0,0,0,0,40.0,132.0,0,0,0,0,0,0,0,0,0.0,79.3333,40.0,132.0,0,0,0,0,0,0,4,160,2,264,-1,-1,3,32,0.0,0.0,0.0,0.0,0.0,0.0,0.0,0.0
33654,53,17,64.0,242.0,32.0,32.0,32.0,0.0,121.0,121.0,121.0,0.0,20435.33,35324.305,61259.0,1.0,1.0,1.0,0.0,1.0,1.0,3.0,3.0,0.0,3.0,3.0,0,0,0,0,32.0,121.0,0,0,0,0,0,0,0,0,1.0,84.5,32.0,121.0,0,0,0,0,0,0,2,64,2,242,-1,-1,1,40,0.0,0.0,0.0,0.0,0.0,0.0,0.0,0.0
443,2404,6,6.0,12.0,6.0,6.0,6.0,0.0,6.0,6.0,6.0,0.0,7.0,4.44,11.0,4.0,0.0,0.0,0.0,0.0,0.0,4.0,4.0,0.0,4.0,4.0,0,0,0,0,6.0,6.0,0,0,0,0,1,1,0,0,2.0,8.0,6.0,6.0,0,0,0,0,0,0,1,6,2,12,115,259,0,20,0.0,0.0,0.0,0.0,0.0,0.0,0.0,0.0
59592,443,6,2198.0,5958.0,1041.0,0.0,195.1429,352.5446,1635.0,0.0,555.25,650.3172,5268490.0,14781379.043,48999071.0,3.0,90125203.0,10010662.5,20017149.048,48032399.0,299.0,90283573.0,11346675.81,20353828.557,49031998.0,3.0,0,0,0,0,0.0,1635.0,0,0,0,1,0,0,0,0,1.0,389.8422,195.1429,555.25,0,0,0,0,0,0,7,2198,12,5958,8192,120,6,20,67704.66,68756.659,103205.0,33524.0,40341081.5,70213.345,48999073.0,48513089.0
59540,53,17,94.0,350.0,47.0,47.0,47.0,0.0,175.0,175.0,175.0,0.0,296.0,431.736,871.0,3.0,47.0,47.0,0.0,47.0,47.0,3.0,3.0,0.0,3.0,3.0,0,0,0,0,47.0,175.0,0,0,0,0,0,0,0,0,1.0,122.75,47.0,175.0,0,0,0,0,0,0,2,94,2,350,-1,-1,1,20,0.0,0.0,0.0,0.0,0.0,0.0,0.0,0.0
57818,443,6,18.0,37.0,6.0,6.0,6.0,0.0,37.0,0.0,18.5,26.163,15654348.83,27187482.0,45009641.0,4.0,90173623.0,45086811.5,7941.936,45086330.0,45088948.0,90558776.0,45088911.0,9538686.236,45099579.0,45013004.0,0,0,0,0,0.0,37.0,1,0,0,0,0,0,0,0,1.0,12.1667,6.0,18.5,0,0,0,0,0,0,3,18,4,37,0,70,2,20,50608.5,49.254,50210.0,50653.0,45007688.0,546.821,45009648.0,44992918.0
52839,443,6,1417.0,6471.0,678.0,0.0,70.65,174.657,3400.0,0.0,313.45,903.784,2117165.04,4083405.322,10013974.0,30.0,60661901.0,4153948.47,5037706.556,10052024.0,206.0,60665859.0,4692773.55,4947689.672,10048110.0,2044.0,0,0,0,0,0.0,3400.0,0,0,0,1,0,0,0,0,0.0,208.0074,70.65,313.45,0,0,0,0,0,0,16,1417,12,6471,8192,124,15,20,74516.16,89055.28,194326.0,50626.0,9954804.0,15006.7,10013972.0,9800518.0
52414,443,6,904.0,675.0,709.0,0.0,153.4,305.3615,537.0,0.0,125.0,217.6832,67863.0,136461.09,244846.0,1.0,594867.0,179732.75,197083.993,244846.0,1.0,585359.0,169089.75,112162.301,285151.0,4473.0,0,0,0,0,0.0,609.0,0,0,0,1,0,0,0,0,1.0,138.2,153.4,125.0,0,0,0,0,0,0,5,904,5,675,65535,120,1,32,0.0,0.0,0.0,0.0,0.0,0.0,0.0,0.0
443,59034,6,83.0,0.0,46.0,6.0,27.6667,20.2073,0.0,0.0,0.0,0.0,1.0,1.414,6.0,1.0,4.0,2.0,1.414,6.0,1.0,0.0,0.0,0.0,0.0,0.0,1,0,0,0,6.0,46.0,0,1,0,0,1,0,0,0,0.0,43.0,27.6667,0.0,0,0,0,0,0,0,3,83,0,0,123,-1,2,20,0.0,0.0,0.0,0.0,0.0,0.0,0.0,0.0
49704,443,6,12.0,0.0,6.0,6.0,6.0,0.0,0.0,0.0,0.0,0.0,64.0,0.0,64.0,64.0,64.0,64.0,0.0,64.0,64.0,0.0,0.0,0.0,0.0,0.0,0,0,0,0,6.0,6.0,0,0,0,0,1,0,0,0,0.0,9.0,6.0,0.0,0,0,0,0,0,0,2,12,0,0,253,-1,1,20,0.0,0.0,0.0,0.0,0.0,0.0,0.0,0.0
55329,80,6,12.0,0.0,6.0,0.0,4.0,3.4641,0.0,0.0,0.0,0.0,1928202.33,3343975.598,5863042.0,46.0,5884506.0,2947253.0,4075825.714,5863042.0,50301.0,0.0,0.0,0.0,0.0,0.0,0,0,0,0,0.0,6.0,0,0,0,1,0,0,0,0,0.0,3.0,4.0,0.0,0,0,0,0,0,0,3,12,1,0,8192,29200,2,20,0.0,0.0,0.0,0.0,0.0,0.0,0.0,0.0
51645,443,6,713.0,99617.0,305.0,0.0,1.6872,36.0417,3356.0,0.0,1891.1708,941.1049,5512.6,11484.271,53999.0,1.0,344699.0,17992.95,20079.893,53198.0,1.0,380707.0,7472.93,14935.845,157906.0,1.0,0,0,0,0,0.0,3356.0,0,0,0,1,0,0,0,0,1.0,1495.7227,1.6872,1891.1708,0,0,0,0,0,0,46,713,62,99617,65535,972,6,32,0.0,0.0,0.0,0.0,0.0,0.0,0.0,0.0
3724,443,6,1051.0,6341.0,728.0,0.0,150.7778,242.2479,2519.0,0.0,870.6429,981.5414,15864.33,21447.986,56159.0,1.0,223568.0,38393.5,37383.477,90909.0,75.0,191306.0,28263.0,30481.686,60110.0,1.0,0,0,0,0,0.0,2519.0,0,0,0,1,0,0,0,0,1.0,582.5815,150.7778,870.6429,0,0,0,0,0,0,9,1051,9,6341,8192,64,8,20,0.0,0.0,0.0,0.0,0.0,0.0,0.0,0.0
443,60039,6,6.0,6.0,6.0,6.0,6.0,0.0,6.0,6.0,6.0,0.0,96.0,0.0,96.0,96.0,0.0,0.0,0.0,0.0,0.0,0.0,0.0,0.0,0.0,0.0,0,0,0,0,6.0,6.0,0,0,0,0,1,1,0,0,1.0,9.0,6.0,6.0,0,0,0,0,0,0,1,6,1,6,30032,32850,0,20,0.0,0.0,0.0,0.0,0.0,0.0,0.0,0.0
39764,80,6,6.0,6.0,6.0,6.0,6.0,0.0,6.0,6.0,6.0,0.0,42248.0,0.0,42248.0,42248.0,0.0,0.0,0.0,0.0,0.0,0.0,0.0,0.0,0.0,0.0,0,0,0,0,6.0,6.0,0,0,0,0,1,1,0,0,1.0,9.0,6.0,6.0,0,0,0,0,0,0,1,6,1,6,335,11,0,20,0.0,0.0,0.0,0.0,0.0,0.0,0.0,0.0
61301,53,17,39.0,124.0,39.0,39.0,39.0,0.0,124.0,124.0,124.0,0.0,60591.0,0.0,60591.0,60591.0,0.0,0.0,0.0,0.0,0.0,0.0,0.0,0.0,0.0,0.0,0,0,0,0,39.0,124.0,0,0,0,0,0,0,0,0,1.0,101.0,39.0,124.0,0,0,0,0,0,0,1,39,1,124,-1,-1,0,20,0.0,0.0,0.0,0.0,0.0,0.0,0.0,0.0
443,43608,6,31.0,0.0,31.0,0.0,10.3333,17.8979,0.0,0.0,0.0,0.0,9.0,1.414,5.0,1.0,6.0,3.0,1.414,5.0,1.0,0.0,0.0,0.0,0.0,0.0,0,0,0,0,0.0,31.0,0,0,0,0,1,0,0,0,0.0,10.3333,10.3333,0.0,0,0,0,0,0,0,3,31,0,0,939,-1,1,32,0.0,0.0,0.0,0.0,0.0,0.0,0.0,0.0
38949,53,17,66.0,204.0,33.0,33.0,33.0,0.0,102.0,102.0,102.0,0.0,75.0,127.758,225.0,3.0,3.0,3.0,0.0,3.0,3.0,4.0,4.0,0.0,4.0,4.0,0,0,0,0,33.0,102.0,0,0,0,0,0,0,0,0,1.0,75.75,33.0,102.0,0,0,0,0,0,0,2,66,2,204,-1,-1,1,20,0.0,0.0,0.0,0.0,0.0,0.0,0.0,0.0
51154,443,6,1648.0,793.0,1368.0,0.0,168.0,404.6073,665.0,0.0,133.5,258.0267,10544.64,15347.158,36881.0,3.0,173733.0,17151.3,20132.348,53572.0,3.0,122937.0,23373.6,18667.134,37563.0,429.0,0,0,0,0,0.0,1368.0,0,0,0,1,0,0,0,0,0.0,152.6667,168.0,133.5,0,0,0,0,0,0,11,1648,6,793,65535,383,6,32,0.0,0.0,0.0,0.0,0.0,0.0,0.0,0.0
53930,443,6,974.0,7387.0,469.0,0.0,64.9333,134.266,1581.0,0.0,671.5455,745.9321,13139.32,26853.764,93398.0,1.0,324479.0,24696.42,30479.23,105900.0,1.0,295942.0,27138.6,41482.893,90414.0,2.0,0,0,0,0,0.0,1581.0,0,0,0,1,0,0,0,0,0.0,321.5769,64.9333,671.5455,0,0,0,0,0,0,15,974,11,7387,65535,357,6,32,0.0,0.0,0.0,0.0,0.0,0.0,0.0,0.0
443,57878,6,6.0,6.0,6.0,6.0,6.0,0.0,6.0,6.0,6.0,0.0,60.0,0.0,60.0,60.0,0.0,0.0,0.0,0.0,0.0,0.0,0.0,0.0,0.0,0.0,0,0,0,0,6.0,6.0,0,0,0,0,1,1,0,0,1.0,9.0,6.0,6.0,0,0,0,0,0,0,1,6,1,6,11256,63965,0,20,0.0,0.0,0.0,0.0,0.0,0.0,0.0,0.0
61220,53,17,56.0,194.0,56.0,56.0,56.0,0.0,194.0,194.0,194.0,0.0,257837.0,0.0,257837.0,257837.0,0.0,0.0,0.0,0.0,0.0,0.0,0.0,0.0,0.0,0.0,0,0,0,0,56.0,194.0,0,0,0,0,0,0,0,0,1.0,153.0,56.0,194.0,0,0,0,0,0,0,1,56,1,194,-1,-1,0,32,0.0,0.0,0.0,0.0,0.0,0.0,0.0,0.0
443,51675,6,0.0,0.0,0.0,0.0,0.0,0.0,0.0,0.0,0.0,0.0,84.0,0.0,84.0,84.0,0.0,0.0,0.0,0.0,0.0,0.0,0.0,0.0,0.0,0.0,0,0,0,0,0.0,0.0,0,0,0,0,1,0,0,0,1.0,0.0,0.0,0.0,0,0,0,0,0,0,1,0,1,0,357,32832,0,32,0.0,0.0,0.0,0.0,0.0,0.0,0.0,0.0
52124,53,17,80.0,112.0,40.0,40.0,40.0,0.0,56.0,56.0,56.0,0.0,52.0,43.283,105.0,3.0,3.0,3.0,0.0,3.0,3.0,48.0,48.0,0.0,48.0,48.0,0,0,0,0,40.0,56.0,0,0,0,0,0,0,0,0,1.0,58.0,40.0,56.0,0,0,0,0,0,0,2,80,2,112,-1,-1,1,20,0.0,0.0,0.0,0.0,0.0,0.0,0.0,0.0
443,52503,6,0.0,0.0,0.0,0.0,0.0,0.0,0.0,0.0,0.0,0.0,15.0,0.0,15.0,15.0,0.0,0.0,0.0,0.0,0.0,0.0,0.0,0.0,0.0,0.0,0,0,0,0,0.0,0.0,0,0,0,0,1,0,0,0,1.0,0.0,0.0,0.0,0,0,0,0,0,0,1,0,1,0,351,32832,0,32,0.0,0.0,0.0,0.0,0.0,0.0,0.0,0.0
50289,53,17,168.0,392.0,84.0,84.0,84.0,0.0,196.0,196.0,196.0,0.0,17853.0,30100.296,53553.0,4.0,4.0,4.0,0.0,4.0,4.0,4.0,4.0,0.0,4.0,4.0,0,0,0,0,84.0,196.0,0,0,0,0,0,0,0,0,1.0,161.0,84.0,196.0,0,0,0,0,0,0,2,168,2,392,-1,-1,1,20,0.0,0.0,0.0,0.0,0.0,0.0,0.0,0.0
62233,53,17,51.0,122.0,51.0,51.0,51.0,0.0,122.0,122.0,122.0,0.0,61732.0,0.0,61732.0,61732.0,0.0,0.0,0.0,0.0,0.0,0.0,0.0,0.0,0.0,0.0,0,0,0,0,51.0,122.0,0,0,0,0,0,0,0,0,1.0,112.0,51.0,122.0,0,0,0,0,0,0,1,51,1,122,-1,-1,0,20,0.0,0.0,0.0,0.0,0.0,0.0,0.0,0.0
63891,53,17,82.0,340.0,41.0,41.0,41.0,0.0,170.0,170.0,170.0,0.0,75.0,43.433,129.0,48.0,48.0,48.0,0.0,48.0,48.0,48.0,48.0,0.0,48.0,48.0,0,0,0,0,41.0,170.0,0,0,0,0,0,0,0,0,1.0,115.75,41.0,170.0,0,0,0,0,0,0,2,82,2,340,-1,-1,1,32,0.0,0.0,0.0,0.0,0.0,0.0,0.0,0.0
52914,443,6,0.0,37.0,0.0,0.0,0.0,0.0,37.0,0.0,18.5,26.163,490402.5,112488.211,280222.0,140604.0,0.0,0.0,0.0,0.0,0.0,4.0,4.0,0.0,4.0,4.0,0,0,0,0,0.0,37.0,1,0,0,0,0,0,0,0,2.0,16.3333,0.0,18.5,0,0,0,0,0,0,1,0,2,37,0,67,0,32,0.0,0.0,0.0,0.0,0.0,0.0,0.0,0.0
3861,443,6,366.0,5256.0,193.0,0.0,45.1429,78.5664,3321.0,0.0,1098.2,1686.7268,488906.91,1815946.762,5764438.0,3.0,6035267.0,816746.16,2017851.924,5764448.0,3.0,352387.0,78099.75,52493.495,182973.0,203.0,0,0,0,0,0.0,3321.0,0,0,0,1,0,0,0,0,0.0,364.5667,45.1429,1098.2,0,0,0,0,0,0,7,366,5,5256,8192,237,6,20,349537.0,0.0,349537.0,349537.0,5764462.0,0.0,5764462.0,5764462.0
443,62416,6,6.0,6.0,6.0,6.0,6.0,0.0,6.0,6.0,6.0,0.0,70.0,0.0,70.0,70.0,0.0,0.0,0.0,0.0,0.0,0.0,0.0,0.0,0.0,0.0,0,0,0,0,6.0,6.0,0,0,0,0,1,1,0,0,1.0,9.0,6.0,6.0,0,0,0,0,0,0,1,6,1,6,32,32850,0,20,0.0,0.0,0.0,0.0,0.0,0.0,0.0,0.0
61379,53,17,77.0,159.0,77.0,77.0,77.0,0.0,159.0,159.0,159.0,0.0,420.0,0.0,420.0,420.0,0.0,0.0,0.0,0.0,0.0,0.0,0.0,0.0,0.0,0.0,0,0,0,0,77.0,159.0,0,0,0,0,0,0,0,0,1.0,156.5,77.0,159.0,0,0,0,0,0,0,1,77,1,159,-1,-1,0,32,0.0,0.0,0.0,0.0,0.0,0.0,0.0,0.0
123,123,17,96.0,96.0,48.0,48.0,48.0,0.0,48.0,48.0,48.0,0.0,22344665.33,38659818.713,66973407.0,46773.0,67993981.0,67993981.0,0.0,67993981.0,67993981.0,67994242.0,67994242.0,0.0,67994242.0,67994242.0,0,0,0,0,48.0,48.0,0,0,0,0,0,0,0,0,1.0,60.0,48.0,48.0,0,0,0,0,0,0,2,96,2,96,-1,-1,1,32,23425.0,0.0,23425.0,23425.0,66973456.0,0.0,66973456.0,66973456.0
57408,53,17,76.0,358.0,38.0,38.0,38.0,0.0,179.0,179.0,179.0,0.0,75.0,87.572,174.0,4.0,4.0,4.0,0.0,4.0,4.0,48.0,48.0,0.0,48.0,48.0,0,0,0,0,38.0,179.0,0,0,0,0,0,0,0,0,1.0,118.0,38.0,179.0,0,0,0,0,0,0,2,76,2,358,-1,-1,1,20,0.0,0.0,0.0,0.0,0.0,0.0,0.0,0.0
54203,443,6,1160.0,74107.0,340.0,0.0,46.36,86.4712,2860.0,0.0,1482.8333,656.9176,9143.52,33706.999,141407.0,2.0,573315.0,18282.14,53779.243,146448.0,3.0,443211.0,4322.64,42764.526,184519.0,2.0,0,0,0,0,0.0,2860.0,0,0,0,1,0,0,0,0,1.0,870.5388,46.36,1482.8333,0,0,0,0,0,0,30,1160,56,74107,29200,362,39,20,0.0,0.0,0.0,0.0,0.0,0.0,0.0,0.0
60103,53,17,176.0,234.0,44.0,44.0,44.0,0.0,117.0,117.0,117.0,0.0,9686.6,13719.974,36665.0,3.0,36623.0,12207.33,23679.181,36625.0,3.0,3.0,3.0,0.0,3.0,3.0,0,0,0,0,44.0,117.0,0,0,0,0,0,0,0,0,0.0,72.6667,44.0,117.0,0,0,0,0,0,0,4,176,2,234,-1,-1,3,20,0.0,0.0,0.0,0.0,0.0,0.0,0.0,0.0
61432,53,17,40.0,56.0,40.0,40.0,40.0,0.0,56.0,56.0,56.0,0.0,89423.0,0.0,89423.0,89423.0,0.0,0.0,0.0,0.0,0.0,0.0,0.0,0.0,0.0,0.0,0,0,0,0,40.0,56.0,0,0,0,0,0,0,0,0,1.0,68.0,40.0,56.0,0,0,0,0,0,0,1,40,1,56,-1,-1,0,32,0.0,0.0,0.0,0.0,0.0,0.0,0.0,0.0
443,49842,6,0.0,0.0,0.0,0.0,0.0,0.0,0.0,0.0,0.0,0.0,9747.0,16782.384,19843.0,231.0,19881.0,19881.0,0.0,19881.0,19881.0,0.0,0.0,0.0,0.0,0.0,0,0,0,0,0.0,0.0,0,0,0,0,1,1,0,0,0.0,0.0,0.0,0.0,0,0,0,0,0,0,2,0,1,0,392,32832,0,32,0.0,0.0,0.0,0.0,0.0,0.0,0.0,0.0
51099,80,6,12.0,0.0,6.0,0.0,4.0,3.4641,0.0,0.0,0.0,0.0,1837735.0,3164675.394,5565631.0,101.0,5592176.0,2746588.0,3867081.22,5565631.0,15344.0,0.0,0.0,0.0,0.0,0.0,0,0,0,0,0.0,6.0,0,0,0,1,0,0,0,0,0.0,3.0,4.0,0.0,0,0,0,0,0,0,3,12,1,0,8192,29200,2,20,0.0,0.0,0.0,0.0,0.0,0.0,0.0,0.0
35516,80,6,431.0,2267.0,431.0,0.0,143.6667,248.838,2267.0,0.0,566.75,1133.5,11770.33,16383.675,32043.0,5.0,32831.0,16415.5,22301.997,32671.0,3455.0,34345.0,11815.33,29232.436,32301.0,5.0,0,0,0,0,0.0,2267.0,0,0,0,1,0,0,0,0,1.0,385.4286,143.6667,566.75,0,0,0,0,0,0,3,431,4,2267,29200,235,1,32,0.0,0.0,0.0,0.0,0.0,0.0,0.0,0.0
443,56564,6,12.0,0.0,6.0,6.0,6.0,0.0,0.0,0.0,0.0,0.0,3.0,0.0,3.0,3.0,3.0,3.0,0.0,3.0,3.0,0.0,0.0,0.0,0.0,0.0,0,0,0,0,6.0,6.0,0,0,0,0,1,0,0,0,0.0,9.0,6.0,0.0,0,0,0,0,0,0,2,12,0,0,360,-1,1,20,0.0,0.0,0.0,0.0,0.0,0.0,0.0,0.0
443,54562,6,37.0,0.0,37.0,0.0,18.5,26.163,0.0,0.0,0.0,0.0,3.0,0.0,3.0,3.0,3.0,3.0,0.0,3.0,3.0,0.0,0.0,0.0,0.0,0.0,1,0,0,0,0.0,37.0,0,1,0,0,1,0,0,0,0.0,37.0,18.5,0.0,0,0,0,0,0,0,2,37,0,0,116,-1,0,32,0.0,0.0,0.0,0.0,0.0,0.0,0.0,0.0
53359,443,6,18.0,0.0,6.0,6.0,6.0,0.0,0.0,0.0,0.0,0.0,65.66,82.256,160.0,3.0,190.0,95.0,152.128,199.0,3.0,0.0,0.0,0.0,0.0,0.0,0,0,0,0,0.0,6.0,1,0,0,0,0,0,0,0,0.0,6.0,6.0,0.0,0,0,0,0,0,0,3,18,1,0,0,972,2,20,0.0,0.0,0.0,0.0,0.0,0.0,0.0,0.0
61502,53,17,49.0,181.0,49.0,49.0,49.0,0.0,181.0,181.0,181.0,0.0,30820.0,0.0,30820.0,30820.0,0.0,0.0,0.0,0.0,0.0,0.0,0.0,0.0,0.0,0.0,0,0,0,0,49.0,181.0,0,0,0,0,0,0,0,0,1.0,149.5,49.0,181.0,0,0,0,0,0,0,1,49,1,181,-1,-1,0,20,0.0,0.0,0.0,0.0,0.0,0.0,0.0,0.0
443,52636,6,0.0,0.0,0.0,0.0,0.0,0.0,0.0,0.0,0.0,0.0,61.0,0.0,61.0,61.0,0.0,0.0,0.0,0.0,0.0,0.0,0.0,0.0,0.0,0.0,0,0,0,0,0.0,0.0,0,0,0,0,1,1,0,0,1.0,0.0,0.0,0.0,0,0,0,0,0,0,1,0,1,0,122,32832,0,32,0.0,0.0,0.0,0.0,0.0,0.0,0.0,0.0
50813,53,17,66.0,98.0,33.0,33.0,33.0,0.0,49.0,49.0,49.0,0.0,52.66,89.604,152.0,3.0,3.0,3.0,0.0,3.0,3.0,3.0,3.0,0.0,3.0,3.0,0,0,0,0,33.0,49.0,0,0,0,0,0,0,0,0,1.0,49.25,33.0,49.0,0,0,0,0,0,0,2,66,2,98,-1,-1,1,44,0.0,0.0,0.0,0.0,0.0,0.0,0.0,0.0
45375,53,17,68.0,132.0,34.0,34.0,34.0,0.0,66.0,66.0,66.0,0.0,54.33,81.406,156.0,3.0,3.0,3.0,0.0,3.0,3.0,3.0,3.0,0.0,3.0,3.0,0,0,0,0,34.0,66.0,0,0,0,0,0,0,0,0,1.0,58.5,34.0,66.0,0,0,0,0,0,0,2,68,2,132,-1,-1,1,32,0.0,0.0,0.0,0.0,0.0,0.0,0.0,0.0
443,49847,6,6.0,6.0,6.0,6.0,6.0,0.0,6.0,6.0,6.0,0.0,82.0,0.0,82.0,82.0,0.0,0.0,0.0,0.0,0.0,0.0,0.0,0.0,0.0,0.0,0,0,0,0,6.0,6.0,0,0,0,0,1,1,0,0,1.0,9.0,6.0,6.0,0,0,0,0,0,0,1,6,1,6,32,32850,0,20,0.0,0.0,0.0,0.0,0.0,0.0,0.0,0.0
50406,443,6,1306.0,4360.0,643.0,0.0,176.625,298.8281,1460.0,0.0,573.0,632.8191,3658090.15,10536365.099,44999394.0,28.0,60102730.0,6848307.28,14364126.222,44999394.0,181.0,60142627.0,8147426.66,17051950.361,45047491.0,44.0,0,0,0,0,0.0,1460.0,0,0,0,1,0,0,0,0,1.0,375.3886,176.625,573.0,0,0,0,0,0,0,8,1306,7,4360,8192,120,7,20,74475.5,57656.743,118098.0,13582.0,44953308.0,20048019.31,44999395.0,44980390.0
60624,53,17,66.0,98.0,33.0,33.0,33.0,0.0,49.0,49.0,49.0,0.0,53.66,83.16,154.0,3.0,3.0,3.0,0.0,3.0,3.0,3.0,3.0,0.0,3.0,3.0,0,0,0,0,33.0,49.0,0,0,0,0,0,0,0,0,1.0,49.25,33.0,49.0,0,0,0,0,0,0,2,66,2,98,-1,-1,1,20,0.0,0.0,0.0,0.0,0.0,0.0,0.0,0.0
60512,53,17,56.0,154.0,56.0,56.0,56.0,0.0,154.0,154.0,154.0,0.0,48481.0,0.0,48481.0,48481.0,0.0,0.0,0.0,0.0,0.0,0.0,0.0,0.0,0.0,0.0,0,0,0,0,56.0,154.0,0,0,0,0,0,0,0,0,1.0,133.0,56.0,154.0,0,0,0,0,0,0,1,56,1,154,-1,-1,0,20,0.0,0.0,0.0,0.0,0.0,0.0,0.0,0.0
60530,53,17,50.0,112.0,50.0,50.0,50.0,0.0,112.0,112.0,112.0,0.0,331415.0,0.0,331415.0,331415.0,0.0,0.0,0.0,0.0,0.0,0.0,0.0,0.0,0.0,0.0,0,0,0,0,50.0,112.0,0,0,0,0,0,0,0,0,1.0,106.0,50.0,112.0,0,0,0,0,0,0,1,50,1,112,-1,-1,0,20,0.0,0.0,0.0,0.0,0.0,0.0,0.0,0.0
49382,443,6,713.0,479.0,469.0,0.0,71.3,147.2874,341.0,0.0,95.8,149.5299,6712.21,9232.691,23634.0,3.0,89301.0,9533.09,11180.701,24819.0,3.0,50927.0,12785.75,13340.462,23998.0,499.0,0,0,0,0,0.0,469.0,0,0,0,1,0,0,0,0,0.0,79.4667,71.3,95.8,0,0,0,0,0,0,10,713,5,479,65535,972,5,32,0.0,0.0,0.0,0.0,0.0,0.0,0.0,0.0
443,55345,6,0.0,0.0,0.0,0.0,0.0,0.0,0.0,0.0,0.0,0.0,65.0,0.0,65.0,65.0,0.0,0.0,0.0,0.0,0.0,0.0,0.0,0.0,0.0,0.0,0,0,0,0,0.0,0.0,0,0,0,0,1,0,0,0,1.0,0.0,0.0,0.0,0,0,0,0,0,0,1,0,1,0,118,33304,0,32,0.0,0.0,0.0,0.0,0.0,0.0,0.0,0.0
50306,80,6,403.0,1102.0,391.0,0.0,80.6,173.5448,545.0,0.0,220.4,296.328,589760.42,1549360.373,4765671.0,75.0,666999.0,138194.25,149046.652,289644.0,161.0,5081880.0,1245920.0,2282832.896,4787351.0,57379.0,0,0,0,0,0.0,545.0,0,0,0,1,0,0,0,0,1.0,150.5,80.6,220.4,0,0,0,0,0,0,5,403,5,1102,8192,62,3,20,0.0,0.0,0.0,0.0,0.0,0.0,0.0,0.0
59848,443,6,623.0,4425.0,342.0,0.0,87.5556,144.6779,1460.0,0.0,645.0,713.136,896236.57,2592433.527,9952573.0,2.0,191525.0,25929.5,23474.603,60359.0,243.0,10094100.0,1264918.6,3766471.891,9999718.0,2.0,0,0,0,0,0.0,1460.0,0,0,0,1,0,0,0,0,1.0,384.7833,87.5556,645.0,0,0,0,0,0,0,9,623,7,4425,8192,4980,8,20,187889.0,0.0,187889.0,187889.0,9952530.0,0.0,9952570.0,9952530.0
60767,53,17,46.0,62.0,46.0,46.0,46.0,0.0,62.0,62.0,62.0,0.0,23262.0,0.0,23262.0,23262.0,0.0,0.0,0.0,0.0,0.0,0.0,0.0,0.0,0.0,0.0,0,0,0,0,46.0,62.0,0,0,0,0,0,0,0,0,1.0,77.0,46.0,62.0,0,0,0,0,0,0,1,46,1,62,-1,-1,0,32,0.0,0.0,0.0,0.0,0.0,0.0,0.0,0.0
443,50334,6,0.0,0.0,0.0,0.0,0.0,0.0,0.0,0.0,0.0,0.0,72.0,0.0,72.0,72.0,0.0,0.0,0.0,0.0,0.0,0.0,0.0,0.0,0.0,0.0,0,0,0,0,0.0,0.0,0,0,0,0,1,1,0,0,1.0,0.0,0.0,0.0,0,0,0,0,0,0,1,0,1,0,362,32832,0,32,0.0,0.0,0.0,0.0,0.0,0.0,0.0,0.0
54396,443,6,12.0,0.0,6.0,6.0,6.0,0.0,0.0,0.0,0.0,0.0,96.0,0.0,96.0,96.0,96.0,96.0,0.0,96.0,96.0,0.0,0.0,0.0,0.0,0.0,0,0,0,0,6.0,6.0,0,0,0,0,1,0,0,0,0.0,9.0,6.0,0.0,0,0,0,0,0,0,2,12,0,0,16139,-1,1,20,0.0,0.0,0.0,0.0,0.0,0.0,0.0,0.0
61600,443,6,37.0,0.0,37.0,0.0,18.5,26.163,0.0,0.0,0.0,0.0,109.0,0.0,109.0,109.0,109.0,109.0,0.0,109.0,109.0,0.0,0.0,0.0,0.0,0.0,1,0,0,0,0.0,37.0,0,1,0,0,1,0,0,0,0.0,37.0,18.5,0.0,0,0,0,0,0,0,2,37,0,0,33304,-1,0,32,0.0,0.0,0.0,0.0,0.0,0.0,0.0,0.0
53052,389,6,164.0,46.0,64.0,0.0,61.6667,27.0351,46.0,46.0,46.0,0.0,10432.0,14348.089,21593.0,27.0,11673.0,836.5,740.231,21690.0,633.0,0.0,0.0,0.0,0.0,0.0,1,0,0,0,0.0,64.0,0,1,0,0,1,0,0,0,0.0,43.6667,61.6667,46.0,0,0,0,0,0,0,3,164,1,46,257,260,1,32,0.0,0.0,0.0,0.0,0.0,0.0,0.0,0.0
58817,53,17,88.0,120.0,44.0,44.0,44.0,0.0,60.0,60.0,60.0,0.0,59.0,63.76,125.0,3.0,47.0,47.0,0.0,47.0,47.0,3.0,3.0,0.0,3.0,3.0,0,0,0,0,44.0,60.0,0,0,0,0,0,0,0,0,1.0,63.0,44.0,60.0,0,0,0,0,0,0,2,88,2,120,-1,-1,1,32,0.0,0.0,0.0,0.0,0.0,0.0,0.0,0.0
60936,53,17,62.0,532.0,31.0,31.0,31.0,0.0,266.0,266.0,266.0,0.0,80.33,138.639,234.0,3.0,3.0,3.0,0.0,3.0,3.0,3.0,3.0,0.0,3.0,3.0,0,0,0,0,31.0,266.0,0,0,0,0,0,0,0,0,1.0,156.25,31.0,266.0,0,0,0,0,0,0,2,62,2,532,-1,-1,1,20,0.0,0.0,0.0,0.0,0.0,0.0,0.0,0.0
60359,80,6,1657.0,3096.0,438.0,0.0,74.7143,164.9582,946.0,0.0,185.5789,300.194,3074597.03,4542876.067,10025274.0,10.0,117397540.0,5925322.84,4972104.079,10047915.0,445.0,111944518.0,6501405.28,4766480.752,10048205.0,779.0,0,0,0,0,0.0,946.0,0,0,0,1,0,0,0,0,0.0,129.475,74.7143,185.5789,0,0,0,0,0,0,24,1657,17,3096,29200,365,4,32,241432.72,699910.582,2174624.0,36113.0,10029270.36,4672.827,10025275.0,9953901.0
44831,53,17,116.0,180.0,29.0,29.0,29.0,0.0,90.0,90.0,90.0,0.0,20837.8,30254.044,77237.0,3.0,48270.0,16720.0,29144.259,48263.0,3.0,3.0,3.0,0.0,3.0,3.0,0,0,0,0,29.0,90.0,0,0,0,0,0,0,0,0,0.0,57.1667,29.0,90.0,0,0,0,0,0,0,4,116,2,180,-1,-1,3,32,0.0,0.0,0.0,0.0,0.0,0.0,0.0,0.0
17866,53,17,92.0,284.0,46.0,46.0,46.0,0.0,142.0,142.0,142.0,0.0,69.0,110.094,205.0,1.0,1.0,1.0,0.0,1.0,1.0,4.0,4.0,0.0,4.0,4.0,0,0,0,0,46.0,142.0,0,0,0,0,0,0,0,0,1.0,105.5,46.0,142.0,0,0,0,0,0,0,2,92,2,284,-1,-1,1,20,0.0,0.0,0.0,0.0,0.0,0.0,0.0,0.0
46874,443,6,12.0,0.0,6.0,6.0,6.0,0.0,0.0,0.0,0.0,0.0,1.0,0.0,1.0,1.0,1.0,1.0,0.0,1.0,1.0,0.0,0.0,0.0,0.0,0.0,0,0,0,0,6.0,6.0,1,0,0,0,0,0,0,0,0.0,9.0,6.0,0.0,0,0,0,0,0,0,2,12,0,0,0,-1,1,20,0.0,0.0,0.0,0.0,0.0,0.0,0.0,0.0
443,56867,6,0.0,0.0,0.0,0.0,0.0,0.0,0.0,0.0,0.0,0.0,63.0,0.0,63.0,63.0,0.0,0.0,0.0,0.0,0.0,0.0,0.0,0.0,0.0,0.0,0,0,0,0,0.0,0.0,0,0,0,0,1,1,0,0,1.0,0.0,0.0,0.0,0,0,0,0,0,0,1,0,1,0,362,32832,0,32,0.0,0.0,0.0,0.0,0.0,0.0,0.0,0.0
57801,80,6,12.0,6.0,6.0,6.0,6.0,0.0,6.0,6.0,6.0,0.0,15914.0,17368.039,21792.0,73.0,73.0,73.0,0.0,73.0,73.0,0.0,0.0,0.0,0.0,0.0,0,0,0,0,6.0,6.0,0,0,0,0,1,1,0,0,0.0,8.0,6.0,6.0,0,0,0,0,0,0,2,12,1,6,64240,31016,1,20,0.0,0.0,0.0,0.0,0.0,0.0,0.0,0.0
7286,80,6,12.0,0.0,6.0,6.0,6.0,0.0,0.0,0.0,0.0,0.0,132.0,0.0,132.0,132.0,132.0,132.0,0.0,132.0,132.0,0.0,0.0,0.0,0.0,0.0,0,0,0,0,6.0,6.0,0,0,0,0,1,0,0,0,0.0,9.0,6.0,0.0,0,0,0,0,0,0,2,12,0,0,253,-1,1,20,0.0,0.0,0.0,0.0,0.0,0.0,0.0,0.0
443,49580,6,0.0,0.0,0.0,0.0,0.0,0.0,0.0,0.0,0.0,0.0,3.0,0.0,3.0,3.0,3.0,3.0,0.0,3.0,3.0,0.0,0.0,0.0,0.0,0.0,0,0,0,0,0.0,0.0,0,0,0,0,1,0,0,0,0.0,0.0,0.0,0.0,0,0,0,0,0,0,2,0,0,0,357,-1,0,32,0.0,0.0,0.0,0.0,0.0,0.0,0.0,0.0
51686,53,17,78.0,110.0,39.0,39.0,39.0,0.0,55.0,55.0,55.0,0.0,53.33,50.842,108.0,3.0,3.0,3.0,0.0,3.0,3.0,49.0,49.0,0.0,49.0,49.0,0,0,0,0,39.0,55.0,0,0,0,0,0,0,0,0,1.0,56.75,39.0,55.0,0,0,0,0,0,0,2,78,2,110,-1,-1,1,20,0.0,0.0,0.0,0.0,0.0,0.0,0.0,0.0
50582,443,6,1134.0,1167.0,885.0,0.0,113.4,275.3613,1029.0,0.0,233.4,448.7503,28981.35,51790.232,115506.0,3.0,422317.0,40451.77,99177.251,115807.0,3.0,209009.0,55766.75,38797.287,88562.0,845.0,0,0,0,0,0.0,1029.0,0,0,0,1,0,0,0,0,0.0,153.5333,113.4,233.4,0,0,0,0,0,0,10,1134,5,1167,65535,116,5,32,0.0,0.0,0.0,0.0,0.0,0.0,0.0,0.0
38884,443,6,369.0,3147.0,212.0,0.0,36.375,73.5247,1643.0,0.0,626.4,824.2567,469167.81,1595954.644,5546131.0,3.0,6790937.0,778094.57,1954170.086,5546131.0,3.0,103290.0,23699.0,29458.758,58277.0,293.0,0,0,0,0,0.0,1643.0,0,0,0,1,0,0,0,0,0.0,243.5333,36.375,626.4,0,0,0,0,0,0,8,369,5,3147,29200,118,3,32,137818.0,0.0,137818.0,137818.0,5546175.0,0.0,5546135.0,5546175.0
51262,53,17,68.0,422.0,34.0,34.0,34.0,0.0,211.0,211.0,211.0,0.0,70.33,81.992,161.0,1.0,1.0,1.0,0.0,1.0,1.0,48.0,48.0,0.0,48.0,48.0,0,0,0,0,34.0,211.0,0,0,0,0,0,0,0,0,1.0,131.0,34.0,211.0,0,0,0,0,0,0,2,68,2,422,-1,-1,1,20,0.0,0.0,0.0,0.0,0.0,0.0,0.0,0.0
56304,53,17,68.0,914.0,34.0,34.0,34.0,0.0,957.0,257.0,257.0,400.0,96.33,161.664,285.0,1.0,1.0,1.0,0.0,1.0,1.0,1.0,1.0,0.0,1.0,1.0,0,0,0,0,34.0,957.0,0,0,0,0,0,0,0,0,1.0,154.0,34.0,257.0,0,0,0,0,0,0,2,68,2,914,-1,-1,1,20,0.0,0.0,0.0,0.0,0.0,0.0,0.0,0.0
80,43966,6,0.0,0.0,0.0,0.0,0.0,0.0,0.0,0.0,0.0,0.0,54.0,0.0,54.0,54.0,0.0,0.0,0.0,0.0,0.0,0.0,0.0,0.0,0.0,0.0,0,0,0,0,0.0,0.0,0,0,0,0,1,1,0,0,1.0,0.0,0.0,0.0,0,0,0,0,0,0,1,0,1,0,905,229,0,32,0.0,0.0,0.0,0.0,0.0,0.0,0.0,0.0
39851,53,17,84.0,284.0,42.0,42.0,42.0,0.0,142.0,142.0,142.0,0.0,10273.33,17748.664,30813.0,48.0,49.0,49.0,0.0,49.0,49.0,48.0,48.0,0.0,48.0,48.0,0,0,0,0,42.0,142.0,0,0,0,0,0,0,0,0,1.0,102.5,42.0,142.0,0,0,0,0,0,0,2,84,2,284,-1,-1,1,20,0.0,0.0,0.0,0.0,0.0,0.0,0.0,0.0
55921,443,6,0.0,0.0,0.0,0.0,0.0,0.0,0.0,0.0,0.0,0.0,658.0,0.0,658.0,658.0,658.0,658.0,0.0,658.0,658.0,0.0,0.0,0.0,0.0,0.0,0,0,0,0,0.0,0.0,0,0,0,0,1,0,0,0,0.0,0.0,0.0,0.0,0,0,0,0,0,0,2,0,0,0,249,-1,0,32,0.0,0.0,0.0,0.0,0.0,0.0,0.0,0.0
62257,443,6,930.0,4406.0,485.0,0.0,74.4286,142.7592,1418.0,0.0,581.0,663.5846,13948.48,20386.483,74775.0,2.0,283343.0,27362.38,24867.58,74735.0,2.0,184039.0,29161.57,39980.16,96313.0,48.0,0,0,0,0,0.0,1418.0,0,0,0,1,0,0,0,0,0.0,251.3692,74.4286,581.0,0,0,0,0,0,0,14,930,8,4406,65535,349,6,32,0.0,0.0,0.0,0.0,0.0,0.0,0.0,0.0
55114,53,17,62.0,254.0,31.0,31.0,31.0,0.0,127.0,127.0,127.0,0.0,77.0,126.914,224.0,3.0,3.0,3.0,0.0,3.0,3.0,4.0,4.0,0.0,4.0,4.0,0,0,0,0,31.0,127.0,0,0,0,0,0,0,0,0,1.0,86.75,31.0,127.0,0,0,0,0,0,0,2,62,2,254,-1,-1,1,32,0.0,0.0,0.0,0.0,0.0,0.0,0.0,0.0
443,60519,6,37.0,0.0,37.0,0.0,18.5,26.163,0.0,0.0,0.0,0.0,3.0,0.0,3.0,3.0,3.0,3.0,0.0,3.0,3.0,0.0,0.0,0.0,0.0,0.0,1,0,0,0,0.0,37.0,0,1,0,0,1,0,0,0,0.0,37.0,18.5,0.0,0,0,0,0,0,0,2,37,0,0,1120,-1,0,32,0.0,0.0,0.0,0.0,0.0,0.0,0.0,0.0
137,137,17,650.0,0.0,50.0,50.0,50.0,0.0,0.0,0.0,0.0,0.0,1.63,1.453,6.0,1.0,12.0,1.75,1.723,6.0,1.0,0.0,0.0,0.0,0.0,0.0,0,0,0,0,50.0,50.0,0,0,0,0,0,0,0,0,0.0,53.8462,50.0,0.0,0,0,0,0,0,0,13,650,0,0,-1,-1,12,20,0.0,0.0,0.0,0.0,0.0,0.0,0.0,0.0
443,51822,6,12.0,0.0,6.0,6.0,6.0,0.0,0.0,0.0,0.0,0.0,3.0,0.0,3.0,3.0,3.0,3.0,0.0,3.0,3.0,0.0,0.0,0.0,0.0,0.0,0,0,0,0,6.0,6.0,0,0,0,0,1,0,0,0,0.0,9.0,6.0,0.0,0,0,0,0,0,0,2,12,0,0,360,-1,1,20,0.0,0.0,0.0,0.0,0.0,0.0,0.0,0.0
443,55003,6,0.0,18.0,0.0,0.0,0.0,0.0,6.0,6.0,6.0,0.0,43485.5,86565.0,173285.0,1.0,173377.0,173377.0,0.0,173377.0,173377.0,4.0,2.0,1.414,3.0,1.0,0,0,0,0,0.0,6.0,0,0,0,0,1,0,0,0,1.0,3.6,0.0,6.0,0,0,0,0,0,0,2,0,3,18,114,0,0,32,0.0,0.0,0.0,0.0,0.0,0.0,0.0,0.0
53616,443,6,819.0,5209.0,469.0,0.0,73.9,147.5242,1448.0,0.0,603.5556,716.1021,4595.19,9406.225,23332.0,7.0,90756.0,6594.22,10846.354,24354.0,47.0,58749.0,9126.5,15166.026,25237.0,49.0,0,0,0,0,0.0,1448.0,0,0,0,1,0,0,0,0,0.0,281.2384,73.9,603.5556,0,0,0,0,0,0,10,819,9,5209,65535,6,5,32,0.0,0.0,0.0,0.0,0.0,0.0,0.0,0.0
443,64380,6,0.0,0.0,0.0,0.0,0.0,0.0,0.0,0.0,0.0,0.0,101.5,133.847,251.0,4.0,4.0,4.0,0.0,4.0,4.0,0.0,0.0,0.0,0.0,0.0,0,0,0,0,0.0,0.0,0,0,0,0,1,1,0,0,0.0,0.0,0.0,0.0,0,0,0,0,0,0,2,0,1,0,383,32832,0,32,0.0,0.0,0.0,0.0,0.0,0.0,0.0,0.0
49889,443,6,386.0,3164.0,236.0,0.0,55.3333,89.3978,1595.0,0.0,521.4,793.8298,1477194.38,4408328.154,13883912.0,67.0,13044417.0,2850621.4,6998889.816,13883912.0,339.0,107628.0,21304.5,24330.724,56786.0,213.0,0,0,0,0,0.0,1595.0,0,0,0,1,0,0,0,0,0.0,254.6462,55.3333,521.4,0,0,0,0,0,0,6,386,5,3164,8192,119,5,20,0.0,0.0,0.0,0.0,0.0,0.0,0.0,0.0
61348,53,17,111.0,275.0,67.0,54.0,55.5,12.0208,208.0,87.0,137.5,91.5075,35407174.33,64755849.907,117349147.0,30754.0,117360590.0,117360590.0,0.0,117360590.0,117360590.0,117470656.0,117470656.0,0.0,117470656.0,117470656.0,0,0,0,0,54.0,208.0,0,0,0,0,0,0,0,0,1.0,100.0,55.5,137.5,0,0,0,0,0,0,2,111,2,275,-1,-1,1,32,28347.0,0.0,28347.0,28347.0,117349121.0,0.0,117349141.0,117349121.0
52294,443,6,528.0,4319.0,192.0,0.0,58.5556,75.4045,1430.0,0.0,565.5,640.8759,28751.58,93816.641,236524.0,1.0,594317.0,51502.87,97372.15,226524.0,3.0,533712.0,86386.28,117215.904,285302.0,1.0,0,0,0,0,0.0,1430.0,0,0,0,1,0,0,0,0,0.0,292.4176,58.5556,565.5,0,0,0,0,0,0,9,528,8,4319,8192,343,8,20,0.0,0.0,0.0,0.0,0.0,0.0,0.0,0.0
443,42009,6,0.0,0.0,0.0,0.0,0.0,0.0,0.0,0.0,0.0,0.0,3.0,0.0,3.0,3.0,3.0,3.0,0.0,3.0,3.0,0.0,0.0,0.0,0.0,0.0,0,0,0,0,0.0,0.0,0,0,0,0,1,0,0,0,0.0,0.0,0.0,0.0,0,0,0,0,0,0,2,0,0,0,5228,-1,0,32,0.0,0.0,0.0,0.0,0.0,0.0,0.0,0.0
61972,53,17,49.0,142.0,49.0,49.0,49.0,0.0,142.0,142.0,142.0,0.0,127700.0,0.0,127700.0,127700.0,0.0,0.0,0.0,0.0,0.0,0.0,0.0,0.0,0.0,0.0,0,0,0,0,49.0,142.0,0,0,0,0,0,0,0,0,1.0,110.0,49.0,142.0,0,0,0,0,0,0,1,49,1,142,-1,-1,0,20,0.0,0.0,0.0,0.0,0.0,0.0,0.0,0.0
60432,53,17,47.0,111.0,47.0,47.0,47.0,0.0,111.0,111.0,111.0,0.0,30743.0,0.0,30743.0,30743.0,0.0,0.0,0.0,0.0,0.0,0.0,0.0,0.0,0.0,0.0,0,0,0,0,47.0,111.0,0,0,0,0,0,0,0,0,1.0,102.5,47.0,111.0,0,0,0,0,0,0,1,47,1,111,-1,-1,0,32,0.0,0.0,0.0,0.0,0.0,0.0,0.0,0.0
51843,443,6,385.0,5150.0,233.0,0.0,53.125,81.7579,1460.0,0.0,727.7143,687.2999,134238.55,457231.026,1755682.0,3.0,1023361.0,330529.14,533525.848,1759682.0,3.0,379355.0,53195.16,67033.997,188045.0,47.0,0,0,0,0,0.0,1460.0,0,0,0,1,0,0,0,0,0.0,363.0667,53.125,727.7143,0,0,0,0,0,0,8,385,7,5150,8192,119,7,20,0.0,0.0,0.0,0.0,0.0,0.0,0.0,0.0
55487,443,6,821.0,71031.0,220.0,0.0,22.3455,52.3533,4194.0,0.0,1649.1079,959.8397,53879.89,494963.143,5707803.0,2.0,1707766.0,70341.47,163277.773,780545.0,75.0,6705562.0,73903.61,606343.135,5797946.0,2.0,0,0,0,0,0.0,4194.0,0,0,0,1,0,0,0,0,1.0,940.6,22.3455,1649.1079,0,0,0,0,0,0,57,821,58,71031,8192,123,46,20,199928.0,0.0,199928.0,199928.0,5707849.0,0.0,5707849.0,5707849.0
62916,53,17,53.0,117.0,53.0,53.0,53.0,0.0,117.0,117.0,117.0,0.0,36117.0,0.0,36117.0,36117.0,0.0,0.0,0.0,0.0,0.0,0.0,0.0,0.0,0.0,0.0,0,0,0,0,53.0,117.0,0,0,0,0,0,0,0,0,1.0,111.5,53.0,117.0,0,0,0,0,0,0,1,53,1,117,-1,-1,0,32,0.0,0.0,0.0,0.0,0.0,0.0,0.0,0.0
443,59246,6,0.0,18.0,0.0,0.0,0.0,0.0,6.0,6.0,6.0,0.0,25895.25,51868.077,103701.0,1.0,103835.0,103835.0,0.0,103835.0,103835.0,4.0,2.0,1.414,3.0,1.0,0,0,0,0,0.0,6.0,0,0,0,0,1,0,0,0,1.0,3.6,0.0,6.0,0,0,0,0,0,0,2,0,3,18,120,0,0,32,0.0,0.0,0.0,0.0,0.0,0.0,0.0,0.0
39545,443,6,667.0,3936.0,212.0,0.0,52.625,83.0686,1460.0,0.0,695.5714,679.2304,19861.23,43394.493,197843.0,48.0,347906.0,36543.28,63412.58,197893.0,174.0,270210.0,39071.33,73798.525,153740.0,49.0,0,0,0,0,0.0,1460.0,0,0,0,1,0,0,0,0,0.0,316.7143,52.625,695.5714,0,0,0,0,0,0,8,667,7,3936,29200,990,7,20,0.0,0.0,0.0,0.0,0.0,0.0,0.0,0.0
59198,53,17,78.0,284.0,39.0,39.0,39.0,0.0,142.0,142.0,142.0,0.0,53.33,87.179,154.0,3.0,4.0,4.0,0.0,4.0,4.0,3.0,3.0,0.0,3.0,3.0,0,0,0,0,39.0,142.0,0,0,0,0,0,0,0,0,1.0,90.25,39.0,142.0,0,0,0,0,0,0,2,78,2,284,-1,-1,1,20,0.0,0.0,0.0,0.0,0.0,0.0,0.0,0.0
443,57408,6,37.0,6.0,31.0,6.0,18.5,17.6777,6.0,6.0,6.0,0.0,108.5,74.745,158.0,58.0,213.0,213.0,0.0,213.0,213.0,0.0,0.0,0.0,0.0,0.0,1,0,0,0,6.0,31.0,0,1,0,0,1,0,0,0,0.0,24.6667,18.5,6.0,0,0,0,0,0,0,2,37,1,6,62,0,1,20,0.0,0.0,0.0,0.0,0.0,0.0,0.0,0.0
46170,53,17,86.0,204.0,43.0,43.0,43.0,0.0,102.0,102.0,102.0,0.0,16210.0,28017.61,48520.0,3.0,3.0,3.0,0.0,3.0,3.0,3.0,3.0,0.0,3.0,3.0,0,0,0,0,43.0,102.0,0,0,0,0,0,0,0,0,1.0,83.25,43.0,102.0,0,0,0,0,0,0,2,86,2,204,-1,-1,1,20,0.0,0.0,0.0,0.0,0.0,0.0,0.0,0.0
54240,443,6,682.0,7174.0,358.0,0.0,29.8571,97.5919,2089.0,0.0,578.5714,895.6744,2587940.75,4468726.801,10000383.0,20.0,115136980.0,5299826.23,4998273.932,10031452.0,134.0,110104142.0,5805802.76,5093871.715,10031959.0,228.0,0,0,0,0,0.0,2089.0,0,0,0,1,0,0,0,0,0.0,298.9333,29.8571,578.5714,0,0,0,0,0,0,24,682,22,7174,8192,123,23,20,42498.63,70462.19,203086.0,22875.0,10007599.09,1562.604,10000382.0,9996850.0
58672,443,6,617.0,164.0,517.0,0.0,88.1429,189.989,152.0,0.0,41.0,74.054,548126.5,1705166.736,5342195.0,3.0,5468403.0,924477.16,2229521.347,5425117.0,3.0,89719.0,26569.66,30273.784,68201.0,213.0,0,0,0,0,0.0,517.0,0,0,0,1,0,0,0,0,0.0,71.0,88.1429,41.0,0,0,0,0,0,0,7,617,4,164,29200,30,6,20,99228.0,0.0,99228.0,99228.0,5342195.0,0.0,5342195.0,5342195.0
64565,53,17,168.0,204.0,42.0,42.0,42.0,0.0,102.0,102.0,102.0,0.0,24278.4,39037.132,91421.0,3.0,31535.0,10548.66,17697.6,31521.0,3.0,3.0,3.0,0.0,3.0,3.0,0,0,0,0,42.0,102.0,0,0,0,0,0,0,0,0,0.0,69.3333,42.0,102.0,0,0,0,0,0,0,4,168,2,204,-1,-1,3,32,0.0,0.0,0.0,0.0,0.0,0.0,0.0,0.0
63999,443,6,2017.0,4945.0,1448.0,0.0,203.4444,422.394,2702.0,0.0,867.625,975.7347,18028.28,20903.316,93300.0,37.0,270276.0,30492.66,29055.319,93300.0,49.0,125166.0,26593.28,28886.639,63933.0,219.0,0,0,0,0,0.0,2702.0,0,0,0,1,0,0,0,0,0.0,486.3115,203.4444,867.625,0,0,0,0,0,0,9,2017,8,4945,65535,1171,7,32,0.0,0.0,0.0,0.0,0.0,0.0,0.0,0.0
40498,80,6,0.0,0.0,0.0,0.0,0.0,0.0,0.0,0.0,0.0,0.0,1878475.33,3200431.17,5612163.0,67.0,5627423.0,2813711.5,3954451.029,5612163.0,102199.0,0.0,0.0,0.0,0.0,0.0,0,0,0,0,0.0,0.0,0,0,0,1,0,0,0,0,0.0,0.0,0.0,0.0,0,0,0,0,0,0,3,0,1,0,29200,28960,0,32,0.0,0.0,0.0,0.0,0.0,0.0,0.0,0.0
443,52206,6,6.0,6.0,6.0,6.0,6.0,0.0,6.0,6.0,6.0,0.0,77.0,0.0,77.0,77.0,0.0,0.0,0.0,0.0,0.0,0.0,0.0,0.0,0.0,0.0,0,0,0,0,6.0,6.0,0,0,0,0,1,1,0,0,1.0,9.0,6.0,6.0,0,0,0,0,0,0,1,6,1,6,32,32850,0,20,0.0,0.0,0.0,0.0,0.0,0.0,0.0,0.0
443,38812,6,31.0,0.0,31.0,0.0,10.3333,17.8979,0.0,0.0,0.0,0.0,27.0,37.281,51.0,0.0,44.0,22.0,34.021,41.0,0.0,0.0,0.0,0.0,0.0,0.0,0,0,0,0,0.0,31.0,0,0,0,0,1,0,0,0,0.0,10.3333,10.3333,0.0,0,0,0,0,0,0,3,31,0,0,939,-1,1,32,0.0,0.0,0.0,0.0,0.0,0.0,0.0,0.0
57194,443,6,1770.0,3202.0,1153.0,0.0,207.5,419.743,1468.0,0.0,601.8571,669.6054,448540.07,1561781.415,5817062.0,22.0,6666928.0,770766.0,1921126.118,5817062.0,88.0,498135.0,59617.0,90204.687,162669.0,163.0,0,0,0,0,0.0,1460.0,0,0,0,1,0,0,0,0,0.0,398.2392,207.5,601.8571,0,0,0,0,0,0,8,1770,7,3202,8192,64,7,20,137515.0,0.0,137515.0,137515.0,5817041.0,0.0,5817041.0,5817041.0
37634,443,6,12.0,0.0,6.0,6.0,6.0,0.0,0.0,0.0,0.0,0.0,3.0,0.0,3.0,3.0,3.0,3.0,0.0,3.0,3.0,0.0,0.0,0.0,0.0,0.0,0,0,0,0,6.0,6.0,1,0,0,0,0,0,0,0,0.0,9.0,6.0,0.0,0,0,0,0,0,0,2,12,0,0,0,-1,1,20,0.0,0.0,0.0,0.0,0.0,0.0,0.0,0.0
443,51359,6,37.0,0.0,37.0,0.0,18.5,26.163,0.0,0.0,0.0,0.0,4.0,0.0,4.0,4.0,4.0,4.0,0.0,4.0,4.0,0.0,0.0,0.0,0.0,0.0,1,0,0,0,0.0,37.0,0,1,0,0,1,0,0,0,0.0,37.0,18.5,0.0,0,0,0,0,0,0,2,37,0,0,972,-1,0,32,0.0,0.0,0.0,0.0,0.0,0.0,0.0,0.0
57669,80,6,447.0,871.0,437.0,0.0,147.4,250.5807,859.0,0.0,217.75,427.5094,23599.83,32910.964,89880.0,4.0,79378.0,49689.0,46339.576,89200.0,23668.0,83999.0,43299.66,50540.27,83449.0,4.0,0,0,0,0,0.0,859.0,0,0,0,1,0,0,0,0,1.0,187.4286,147.4,217.75,0,0,0,0,0,0,5,447,4,871,8192,31,3,20,0.0,0.0,0.0,0.0,0.0,0.0,0.0,0.0
60488,53,17,48.0,133.0,48.0,48.0,48.0,0.0,133.0,133.0,133.0,0.0,27402.0,0.0,27402.0,27402.0,0.0,0.0,0.0,0.0,0.0,0.0,0.0,0.0,0.0,0.0,0,0,0,0,48.0,133.0,0,0,0,0,0,0,0,0,1.0,114.5,48.0,133.0,0,0,0,0,0,0,1,48,1,133,-1,-1,0,32,0.0,0.0,0.0,0.0,0.0,0.0,0.0,0.0
53874,53,17,84.0,284.0,42.0,42.0,42.0,0.0,142.0,142.0,142.0,0.0,12311.66,18523.15,37928.0,1.0,3.0,3.0,0.0,3.0,3.0,1.0,1.0,0.0,1.0,1.0,0,0,0,0,42.0,142.0,0,0,0,0,0,0,0,0,1.0,102.5,42.0,142.0,0,0,0,0,0,0,2,84,2,284,-1,-1,1,20,0.0,0.0,0.0,0.0,0.0,0.0,0.0,0.0
443,64917,6,0.0,0.0,0.0,0.0,0.0,0.0,0.0,0.0,0.0,0.0,88.0,0.0,88.0,88.0,0.0,0.0,0.0,0.0,0.0,0.0,0.0,0.0,0.0,0.0,0,0,0,0,0.0,0.0,0,0,0,0,1,1,0,0,1.0,0.0,0.0,0.0,0,0,0,0,0,0,1,0,1,0,60,33304,0,32,0.0,0.0,0.0,0.0,0.0,0.0,0.0,0.0
57967,443,6,12.0,0.0,6.0,6.0,6.0,0.0,0.0,0.0,0.0,0.0,3.0,0.0,3.0,3.0,3.0,3.0,0.0,3.0,3.0,0.0,0.0,0.0,0.0,0.0,0,0,0,0,6.0,6.0,1,0,0,0,0,0,0,0,0.0,9.0,6.0,0.0,0,0,0,0,0,0,2,12,0,0,0,-1,1,20,0.0,0.0,0.0,0.0,0.0,0.0,0.0,0.0
52349,443,6,33279.0,16618.0,672.0,0.0,287.7953,203.9879,1418.0,0.0,296.4824,347.8998,336020.88,3942095.956,25268219.0,0.0,116643970.0,925623.0,6449739.574,25268213.0,0.0,112047764.0,612642.7,4197163.166,25288918.0,0.0,1,0,0,0,0.0,1418.0,0,1,0,0,1,0,0,0,1.0,375.1953,287.7953,296.4824,0,0,0,0,0,0,311,33279,299,16618,65585,2087,219,32,5116529.28,23640.963,5043364.0,60350.0,29876857.33,158325.356,25268219.0,11771314.0
59220,443,6,135.0,46.0,46.0,6.0,27.0,20.1246,46.0,46.0,46.0,0.0,808118.6,1968853.699,4477918.0,3.0,4415005.0,1173501.75,2101065.971,4477918.0,3.0,0.0,0.0,0.0,0.0,0.0,1,0,0,0,6.0,46.0,0,1,0,0,1,0,0,0,0.0,37.8333,27.0,46.0,0,0,0,0,0,0,5,135,1,46,258,31,4,20,0.0,0.0,0.0,0.0,0.0,0.0,0.0,0.0
54234,53,17,86.0,188.0,43.0,43.0,43.0,0.0,94.0,94.0,94.0,0.0,116.0,66.675,291.0,48.0,48.0,48.0,0.0,48.0,48.0,49.0,49.0,0.0,49.0,49.0,0,0,0,0,43.0,94.0,0,0,0,0,0,0,0,0,1.0,89.25,43.0,94.0,0,0,0,0,0,0,2,86,2,188,-1,-1,1,20,0.0,0.0,0.0,0.0,0.0,0.0,0.0,0.0
53228,443,6,2173.0,9614.0,531.0,0.0,136.6522,185.4522,1448.0,0.0,609.4444,627.2022,1843361.07,3915701.471,10188037.0,7.0,61663723.0,3574344.95,4979146.284,10240037.0,578.0,61666546.0,4669465.41,5074341.528,10240275.0,48.0,0,0,0,0,0.0,1448.0,0,0,0,1,0,0,0,0,0.0,371.3117,136.6522,609.4444,0,0,0,0,0,0,23,2173,22,9614,29200,140,5,32,103528.22,141699.131,488370.0,50770.0,10143353.0,254883.353,10188031.0,9846997.0
56243,80,6,6.0,6.0,6.0,6.0,6.0,0.0,6.0,6.0,6.0,0.0,93.0,0.0,93.0,93.0,0.0,0.0,0.0,0.0,0.0,0.0,0.0,0.0,0.0,0.0,0,0,0,0,6.0,6.0,0,0,0,0,1,1,0,0,1.0,9.0,6.0,6.0,0,0,0,0,0,0,1,6,1,6,1256,233,0,20,0.0,0.0,0.0,0.0,0.0,0.0,0.0,0.0
60627,53,17,42.0,233.0,42.0,42.0,42.0,0.0,233.0,233.0,233.0,0.0,180951.0,0.0,180951.0,180951.0,0.0,0.0,0.0,0.0,0.0,0.0,0.0,0.0,0.0,0.0,0,0,0,0,42.0,233.0,0,0,0,0,0,0,0,0,1.0,168.5,42.0,233.0,0,0,0,0,0,0,1,42,1,233,-1,-1,0,20,0.0,0.0,0.0,0.0,0.0,0.0,0.0,0.0
51516,53,17,180.0,176.0,45.0,45.0,45.0,0.0,88.0,88.0,88.0,0.0,9529.4,13757.332,30561.0,3.0,30567.0,10155.33,17694.684,30561.0,3.0,3.0,3.0,0.0,3.0,3.0,0,0,0,0,45.0,88.0,0,0,0,0,0,0,0,0,0.0,66.1667,45.0,88.0,0,0,0,0,0,0,4,180,2,176,-1,-1,3,20,0.0,0.0,0.0,0.0,0.0,0.0,0.0,0.0
56390,53,17,180.0,164.0,45.0,45.0,45.0,0.0,82.0,82.0,82.0,0.0,6169.4,13545.384,30206.0,1.0,30251.0,10083.33,17951.527,30206.0,1.0,48.0,48.0,0.0,48.0,48.0,0,0,0,0,45.0,82.0,0,0,0,0,0,0,0,0,0.0,64.1667,45.0,82.0,0,0,0,0,0,0,4,180,2,164,-1,-1,3,32,0.0,0.0,0.0,0.0,0.0,0.0,0.0,0.0
64482,53,17,128.0,402.0,32.0,32.0,32.0,0.0,101.0,101.0,101.0,0.0,4948.33,11519.179,30323.0,0.0,31888.0,10662.33,17884.225,31870.0,0.0,1392.0,760.66,595.945,1390.0,2.0,0,0,0,0,32.0,101.0,0,0,0,0,0,0,0,0,1.0,60.0,32.0,101.0,0,0,0,0,0,0,4,128,4,402,-1,-1,3,20,0.0,0.0,0.0,0.0,0.0,0.0,0.0,0.0
63096,443,6,24.0,0.0,6.0,6.0,6.0,0.0,0.0,0.0,0.0,0.0,21216.25,43231.472,86541.0,1.0,86864.0,28221.33,50228.594,86898.0,1.0,0.0,0.0,0.0,0.0,0.0,0,0,0,0,0.0,6.0,1,0,0,0,0,0,0,0,0.0,6.0,6.0,0.0,0,0,0,0,0,0,4,24,1,0,0,118,3,20,0.0,0.0,0.0,0.0,0.0,0.0,0.0,0.0
55145,443,6,1813.0,3544.0,837.0,0.0,204.125,328.9683,1460.0,0.0,454.9,588.176,724924.34,2533271.584,9999868.0,3.0,543862.0,135977.14,136465.241,104747.0,3794.0,10438222.0,1486086.11,3755208.838,9999796.0,3.0,0,0,0,0,0.0,1460.0,0,0,0,1,0,0,0,0,1.0,306.1578,204.125,454.9,0,0,0,0,0,0,8,1813,10,3544,8192,10,7,20,434762.0,0.0,434762.0,434762.0,9999840.0,0.0,9999860.0,9999840.0
42982,443,6,12.0,0.0,6.0,6.0,6.0,0.0,0.0,0.0,0.0,0.0,6820260.0,0.0,6820260.0,6820260.0,6820260.0,6820260.0,0.0,6820260.0,6820260.0,0.0,0.0,0.0,0.0,0.0,0,0,0,0,6.0,6.0,0,0,0,0,1,0,0,0,0.0,9.0,6.0,0.0,0,0,0,0,0,0,2,12,0,0,256,-1,1,20,0.0,0.0,0.0,0.0,0.0,0.0,0.0,0.0
60773,53,17,76.0,172.0,38.0,38.0,38.0,0.0,86.0,86.0,86.0,0.0,10371.0,17936.428,31064.0,4.0,4.0,4.0,0.0,4.0,4.0,4.0,4.0,0.0,4.0,4.0,0,0,0,0,38.0,86.0,0,0,0,0,0,0,0,0,1.0,71.5,38.0,86.0,0,0,0,0,0,0,2,76,2,172,-1,-1,1,20,0.0,0.0,0.0,0.0,0.0,0.0,0.0,0.0
43238,53,17,80.0,336.0,40.0,40.0,40.0,0.0,168.0,168.0,168.0,0.0,83.66,145.985,248.0,3.0,3.0,3.0,0.0,3.0,3.0,3.0,3.0,0.0,3.0,3.0,0,0,0,0,40.0,168.0,0,0,0,0,0,0,0,0,1.0,114.0,40.0,168.0,0,0,0,0,0,0,2,80,2,336,-1,-1,1,32,0.0,0.0,0.0,0.0,0.0,0.0,0.0,0.0
53704,443,6,12.0,0.0,6.0,6.0,6.0,0.0,0.0,0.0,0.0,0.0,3.0,0.0,3.0,3.0,3.0,3.0,0.0,3.0,3.0,0.0,0.0,0.0,0.0,0.0,0,0,0,0,6.0,6.0,1,0,0,0,0,0,0,0,0.0,9.0,6.0,0.0,0,0,0,0,0,0,2,12,0,0,0,-1,1,20,0.0,0.0,0.0,0.0,0.0,0.0,0.0,0.0
443,53628,6,12.0,0.0,6.0,6.0,6.0,0.0,0.0,0.0,0.0,0.0,3.0,0.0,3.0,3.0,3.0,3.0,0.0,3.0,3.0,0.0,0.0,0.0,0.0,0.0,0,0,0,0,6.0,6.0,0,0,0,0,1,0,0,0,0.0,9.0,6.0,0.0,0,0,0,0,0,0,2,12,0,0,923,-1,1,20,0.0,0.0,0.0,0.0,0.0,0.0,0.0,0.0
443,62438,6,12.0,0.0,6.0,6.0,6.0,0.0,0.0,0.0,0.0,0.0,242.0,0.0,242.0,242.0,242.0,242.0,0.0,242.0,242.0,0.0,0.0,0.0,0.0,0.0,0,0,0,0,6.0,6.0,0,0,0,0,1,0,0,0,0.0,9.0,6.0,0.0,0,0,0,0,0,0,2,12,0,0,4111,-1,1,20,0.0,0.0,0.0,0.0,0.0,0.0,0.0,0.0
4124,443,6,889.0,7798.0,534.0,0.0,111.6667,168.0184,1668.0,0.0,683.2,782.8909,1586879.84,3622812.234,9994251.0,32.0,30181927.0,2290185.4,4817242.733,10021559.0,180.0,35050984.0,2930018.0,4569423.843,10026174.0,48.0,0,0,0,0,0.0,1668.0,0,0,0,1,0,0,0,0,1.0,412.0,111.6667,683.2,0,0,0,0,0,0,6,889,10,7798,8192,72,5,20,125193.33,113476.025,257385.0,22787.0,9973709.33,3812.821,9994259.0,9795328.0
60812,53,17,42.0,115.0,42.0,42.0,42.0,0.0,115.0,115.0,115.0,0.0,61068.0,0.0,61068.0,61068.0,0.0,0.0,0.0,0.0,0.0,0.0,0.0,0.0,0.0,0.0,0,0,0,0,42.0,115.0,0,0,0,0,0,0,0,0,1.0,109.5,42.0,115.0,0,0,0,0,0,0,1,42,1,115,-1,-1,0,32,0.0,0.0,0.0,0.0,0.0,0.0,0.0,0.0
443,50966,6,43.0,6.0,31.0,6.0,14.3333,14.4338,6.0,6.0,6.0,0.0,86.33,28.1,229.0,44.0,252.0,126.0,98.234,249.0,49.0,0.0,0.0,0.0,0.0,0.0,0,0,0,0,6.0,31.0,0,0,0,0,1,0,0,0,0.0,13.75,14.3333,6.0,0,0,0,0,0,0,3,43,1,6,980,0,2,20,0.0,0.0,0.0,0.0,0.0,0.0,0.0,0.0
63334,443,6,1226.0,5297.0,725.0,0.0,95.0769,201.6561,1995.0,0.0,539.4444,715.1748,19261.84,61200.831,260620.0,3.0,384570.0,34721.15,71642.987,260620.0,3.0,71670.0,14702.0,15851.162,31122.0,5.0,0,0,0,0,0.0,1995.0,0,0,0,1,0,0,0,0,0.0,314.1043,95.0769,539.4444,0,0,0,0,0,0,13,1226,9,5297,65535,120,6,32,0.0,0.0,0.0,0.0,0.0,0.0,0.0,0.0
43612,443,6,1065.0,4500.0,386.0,0.0,56.6154,129.6332,1418.0,0.0,280.3333,528.7685,3816329.66,14946088.229,58760698.0,1.0,118494790.0,8499588.76,21379617.079,58815695.0,13.0,118258285.0,8392456.54,21212486.089,59003707.0,28000001.0,0,0,0,0,0.0,1418.0,0,0,0,1,0,0,0,0,1.0,186.4617,56.6154,280.3333,0,0,0,0,0,0,16,1065,15,4500,29200,357,8,32,186589.0,34747.792,193549.0,59408.0,58618210.5,61807.609,58760693.0,58484366.0
27123,53,17,80.0,250.0,40.0,40.0,40.0,0.0,125.0,125.0,125.0,0.0,16576.66,28789.936,49726.0,3.0,48.0,48.0,0.0,48.0,48.0,3.0,3.0,0.0,3.0,3.0,0,0,0,0,40.0,125.0,0,0,0,0,0,0,0,0,1.0,92.5,40.0,125.0,0,0,0,0,0,0,2,80,2,250,-1,-1,1,32,0.0,0.0,0.0,0.0,0.0,0.0,0.0,0.0
64146,443,6,18.0,0.0,6.0,6.0,6.0,0.0,0.0,0.0,0.0,0.0,25681.5,42853.878,82069.0,3.0,80241.0,40120.5,61183.973,80232.0,3.0,0.0,0.0,0.0,0.0,0.0,0,0,0,0,0.0,6.0,1,0,0,0,0,0,0,0,0.0,6.0,6.0,0.0,0,0,0,0,0,0,3,18,1,0,0,115,2,20,0.0,0.0,0.0,0.0,0.0,0.0,0.0,0.0
443,53866,6,37.0,0.0,31.0,6.0,18.5,17.6777,0.0,0.0,0.0,0.0,3.0,0.0,3.0,3.0,3.0,3.0,0.0,3.0,3.0,0.0,0.0,0.0,0.0,0.0,1,0,0,0,6.0,31.0,0,1,0,0,1,0,0,0,0.0,34.0,18.5,0.0,0,0,0,0,0,0,2,37,0,0,30110,-1,1,20,0.0,0.0,0.0,0.0,0.0,0.0,0.0,0.0
64013,53,17,66.0,278.0,33.0,33.0,33.0,0.0,139.0,139.0,139.0,0.0,88.0,145.229,252.0,1.0,1.0,1.0,0.0,1.0,1.0,3.0,3.0,0.0,3.0,3.0,0,0,0,0,33.0,139.0,0,0,0,0,0,0,0,0,1.0,94.25,33.0,139.0,0,0,0,0,0,0,2,66,2,278,-1,-1,1,32,0.0,0.0,0.0,0.0,0.0,0.0,0.0,0.0
64317,80,6,12.0,0.0,6.0,6.0,6.0,0.0,0.0,0.0,0.0,0.0,66.0,0.0,66.0,66.0,66.0,66.0,0.0,66.0,66.0,0.0,0.0,0.0,0.0,0.0,0,0,0,0,6.0,6.0,0,0,0,0,1,0,0,0,0.0,9.0,6.0,0.0,0,0,0,0,0,0,2,12,0,0,255,-1,1,20,0.0,0.0,0.0,0.0,0.0,0.0,0.0,0.0
40864,443,6,1160.0,254690.0,517.0,0.0,20.8,102.023,4294.0,0.0,1903.0737,879.0006,384562.33,1808012.338,10161667.0,0.0,40473947.0,832911.1,2660020.64,10211913.0,37.0,45147201.0,399040.24,2799641.115,10214044.0,1.0,0,0,0,0,0.0,4294.0,0,0,0,1,0,0,0,0,2.0,1177.5521,20.8,1903.0737,0,0,0,0,0,0,51,1160,192,254690,29200,65,3,32,206621.0,591742.114,1855748.0,15413.0,10068180.25,8066.975,10161664.0,10009901.0
58291,443,6,750.0,5977.0,382.0,0.0,81.1111,133.0622,1460.0,0.0,692.1818,728.0627,886675.46,2944793.07,9998543.0,4.0,10398786.0,1799403.25,4174079.306,9998543.0,847.0,10249065.0,1206896.8,3747443.169,9990734.0,4.0,0,0,0,0,0.0,1460.0,0,0,0,1,0,0,0,0,1.0,430.5185,81.1111,692.1818,0,0,0,0,0,0,9,750,9,5977,8192,64,8,20,230378.0,0.0,230378.0,230378.0,9998578.0,0.0,9998578.0,9998578.0
80,34133,6,0.0,0.0,0.0,0.0,0.0,0.0,0.0,0.0,0.0,0.0,71.0,0.0,71.0,71.0,0.0,0.0,0.0,0.0,0.0,0.0,0.0,0.0,0.0,0.0,0,0,0,0,0.0,0.0,0,0,0,0,1,1,0,0,1.0,0.0,0.0,0.0,0,0,0,0,0,0,1,0,1,0,905,229,0,32,0.0,0.0,0.0,0.0,0.0,0.0,0.0,0.0
55137,139,6,1438.0,326.0,168.0,0.0,79.0833,80.5419,163.0,0.0,81.5714,75.1918,1650.3,4090.842,23333.0,0.0,36474.0,67.57,8868.532,23111.0,0.0,30350.0,2113.62,9175.653,23593.0,3.0,0,0,0,0,0.0,168.0,0,0,0,1,0,0,0,0,0.0,75.1667,79.0833,81.5714,0,0,0,0,0,0,12,1438,9,326,8192,2079,11,20,0.0,0.0,0.0,0.0,0.0,0.0,0.0,0.0
80,55229,6,6.0,6.0,6.0,6.0,6.0,0.0,6.0,6.0,6.0,0.0,32.0,0.0,32.0,32.0,0.0,0.0,0.0,0.0,0.0,0.0,0.0,0.0,0.0,0.0,0,0,0,0,6.0,6.0,0,0,0,0,1,1,0,0,1.0,9.0,6.0,6.0,0,0,0,0,0,0,1,6,1,6,58,256,0,20,0.0,0.0,0.0,0.0,0.0,0.0,0.0,0.0
60828,443,6,135.0,46.0,46.0,6.0,27.0,20.1246,46.0,46.0,46.0,0.0,821535.8,1796170.302,3965199.0,4.0,4106271.0,1021097.25,1991911.782,3965199.0,4.0,0.0,0.0,0.0,0.0,0.0,1,0,0,0,6.0,46.0,0,1,0,0,1,0,0,0,0.0,37.8333,27.0,46.0,0,0,0,0,0,0,5,135,1,46,258,360,4,20,0.0,0.0,0.0,0.0,0.0,0.0,0.0,0.0
60930,53,17,51.0,112.0,51.0,51.0,51.0,0.0,112.0,112.0,112.0,0.0,82886.0,0.0,82886.0,82886.0,0.0,0.0,0.0,0.0,0.0,0.0,0.0,0.0,0.0,0.0,0,0,0,0,51.0,112.0,0,0,0,0,0,0,0,0,1.0,107.0,51.0,112.0,0,0,0,0,0,0,1,51,1,112,-1,-1,0,20,0.0,0.0,0.0,0.0,0.0,0.0,0.0,0.0
80,33706,6,0.0,0.0,0.0,0.0,0.0,0.0,0.0,0.0,0.0,0.0,46.0,0.0,46.0,46.0,0.0,0.0,0.0,0.0,0.0,0.0,0.0,0.0,0.0,0.0,0,0,0,0,0.0,0.0,0,0,0,0,1,1,0,0,1.0,0.0,0.0,0.0,0,0,0,0,0,0,1,0,1,0,118,229,0,32,0.0,0.0,0.0,0.0,0.0,0.0,0.0,0.0
443,62977,6,37.0,0.0,31.0,6.0,18.5,17.6777,0.0,0.0,0.0,0.0,3.0,0.0,3.0,3.0,3.0,3.0,0.0,3.0,3.0,0.0,0.0,0.0,0.0,0.0,1,0,0,0,6.0,31.0,0,1,0,0,1,0,0,0,0.0,34.0,18.5,0.0,0,0,0,0,0,0,2,37,0,0,62,-1,1,20,0.0,0.0,0.0,0.0,0.0,0.0,0.0,0.0
51354,443,6,866.0,4908.0,421.0,0.0,63.25,129.7612,1826.0,0.0,641.5556,803.0041,10152.87,16045.355,50667.0,1.0,215689.0,17127.08,21042.982,51637.0,1.0,169593.0,22567.37,20993.928,66484.0,1.0,0,0,0,0,0.0,1826.0,0,0,0,1,0,0,0,0,0.0,280.0905,63.25,641.5556,0,0,0,0,0,0,12,866,9,4908,65535,123,6,32,0.0,0.0,0.0,0.0,0.0,0.0,0.0,0.0
58968,53,17,148.0,616.0,37.0,37.0,37.0,0.0,154.0,154.0,154.0,0.0,12244.28,23437.287,50758.0,1.0,93009.0,31336.66,54736.57,93998.0,1.0,60169.0,20066.0,34265.97,60164.0,3.0,0,0,0,0,37.0,154.0,0,0,0,0,0,0,0,0,1.0,95.875,37.0,154.0,0,0,0,0,0,0,4,148,4,616,-1,-1,3,20,0.0,0.0,0.0,0.0,0.0,0.0,0.0,0.0
60442,443,6,1324.0,7632.0,678.0,0.0,92.125,199.4155,1460.0,0.0,609.3,699.4316,2901161.16,4582394.849,10000973.0,16.0,50373324.0,5076199.66,5269282.621,10089581.0,2264.0,63216260.0,6558043.11,4905485.618,10080706.0,47.0,0,0,0,0,0.0,1460.0,0,0,0,1,0,0,0,0,1.0,346.7819,92.125,609.3,0,0,0,0,0,0,16,1324,15,7632,8194,292,15,20,334743.62,711255.842,1970086.0,59468.0,9960893.16,132641.939,10000979.0,9799798.0
62984,53,17,48.0,142.0,48.0,48.0,48.0,0.0,142.0,142.0,142.0,0.0,112375.0,0.0,112375.0,112375.0,0.0,0.0,0.0,0.0,0.0,0.0,0.0,0.0,0.0,0.0,0,0,0,0,48.0,142.0,0,0,0,0,0,0,0,0,1.0,119.0,48.0,142.0,0,0,0,0,0,0,1,48,1,142,-1,-1,0,32,0.0,0.0,0.0,0.0,0.0,0.0,0.0,0.0
55655,53,17,72.0,328.0,36.0,36.0,36.0,0.0,164.0,164.0,164.0,0.0,7816.33,13595.738,23447.0,3.0,3.0,3.0,0.0,3.0,3.0,3.0,3.0,0.0,3.0,3.0,0,0,0,0,36.0,164.0,0,0,0,0,0,0,0,0,1.0,109.0,36.0,164.0,0,0,0,0,0,0,2,72,2,328,-1,-1,1,32,0.0,0.0,0.0,0.0,0.0,0.0,0.0,0.0
62408,443,6,702.0,57558.0,341.0,0.0,27.8269,71.1402,3281.0,0.0,1703.7647,856.238,28243.25,130065.741,998842.0,0.0,1714825.0,59091.09,170091.033,998471.0,0.0,573520.0,20523.3,64420.363,195955.0,0.0,0,0,0,0,0.0,3281.0,0,0,0,1,0,0,0,0,1.0,1076.6843,27.8269,1703.7647,0,0,0,0,0,0,35,702,46,57558,65535,61,34,20,0.0,0.0,0.0,0.0,0.0,0.0,0.0,0.0
59734,443,6,11631.0,5936.0,3136.0,0.0,421.1588,1233.7794,1418.0,0.0,275.7059,436.5375,2996688.17,4439762.62,10010883.0,2.0,117818108.0,5589898.66,4955590.517,10034424.0,33.0,112948531.0,5099751.15,5038931.034,10037893.0,4.0,0,0,0,0,0.0,3136.0,0,0,0,1,0,0,0,0,1.0,377.3152,421.1588,275.7059,0,0,0,0,0,0,27,11631,23,5936,8192,2160,26,20,130860.36,497327.169,2970782.0,48633.0,9626365.16,1420197.36,10010889.0,6432414.0
60963,53,17,109.0,252.0,64.0,43.0,54.5,14.0492,195.0,108.0,126.0,73.3585,14202537.66,25918770.392,42771533.0,30565.0,42702793.0,42702793.0,0.0,42702793.0,42702793.0,42740196.0,42740196.0,0.0,42740196.0,42740196.0,0,0,0,0,43.0,195.0,0,0,0,0,0,0,0,0,1.0,108.75,54.5,126.0,0,0,0,0,0,0,2,109,2,252,-1,-1,1,20,30608.0,0.0,30608.0,30608.0,42771516.0,0.0,42771516.0,42771516.0
53697,443,6,12.0,0.0,6.0,6.0,6.0,0.0,0.0,0.0,0.0,0.0,3.0,0.0,3.0,3.0,3.0,3.0,0.0,3.0,3.0,0.0,0.0,0.0,0.0,0.0,0,0,0,0,6.0,6.0,1,0,0,0,0,0,0,0,0.0,9.0,6.0,0.0,0,0,0,0,0,0,2,12,0,0,0,-1,1,20,0.0,0.0,0.0,0.0,0.0,0.0,0.0,0.0
61876,443,6,694.0,58950.0,201.0,0.0,12.4526,41.4053,2896.0,0.0,1727.8125,890.7442,413859.96,4801053.327,49798334.0,1.0,41579131.0,731852.58,6197813.175,49721533.0,1.0,330632.0,647.45,7418.324,103909.0,2.0,0,0,0,0,0.0,2896.0,0,0,0,1,0,0,0,0,1.0,1180.9106,12.4526,1727.8125,0,0,0,0,0,0,28,694,35,58950,65535,62,5,32,367225.0,0.0,367225.0,367225.0,49798355.0,0.0,49798335.0,49798355.0
33264,443,6,3058.0,16254.0,760.0,0.0,217.8571,364.5197,1613.0,2.0,975.375,673.2518,529514.87,2344098.568,9954895.0,15.0,11163836.0,265367.12,2617979.741,9957895.0,119.0,11082957.0,1054714.63,3160079.811,9998040.0,48.0,0,0,0,0,0.0,1613.0,0,0,0,1,0,0,0,0,1.0,550.8923,217.8571,975.375,0,0,0,0,0,0,17,3058,16,16254,29200,33850,16,20,1269407.0,0.0,1269407.0,1269407.0,9954819.0,0.0,9954899.0,9954819.0
48946,80,6,0.0,0.0,0.0,0.0,0.0,0.0,0.0,0.0,0.0,0.0,1910989.0,3301154.181,5704181.0,89.0,5732969.0,2866484.5,4072934.814,5704181.0,38859.0,0.0,0.0,0.0,0.0,0.0,0,0,0,0,0.0,0.0,0,0,0,1,0,0,0,0,0.0,0.0,0.0,0.0,0,0,0,0,0,0,3,0,1,0,29200,65535,0,32,0.0,0.0,0.0,0.0,0.0,0.0,0.0,0.0
63306,53,17,84.0,282.0,42.0,42.0,42.0,0.0,141.0,141.0,141.0,0.0,63.66,109.696,195.0,3.0,4.0,4.0,0.0,4.0,4.0,3.0,3.0,0.0,3.0,3.0,0,0,0,0,42.0,141.0,0,0,0,0,0,0,0,0,1.0,102.0,42.0,141.0,0,0,0,0,0,0,2,84,2,282,-1,-1,1,20,0.0,0.0,0.0,0.0,0.0,0.0,0.0,0.0
443,46674,6,0.0,0.0,0.0,0.0,0.0,0.0,0.0,0.0,0.0,0.0,54.0,0.0,54.0,54.0,0.0,0.0,0.0,0.0,0.0,0.0,0.0,0.0,0.0,0.0,0,0,0,0,0.0,0.0,0,0,0,0,1,1,0,0,1.0,0.0,0.0,0.0,0,0,0,0,0,0,1,0,1,0,260,445,0,32,0.0,0.0,0.0,0.0,0.0,0.0,0.0,0.0
57021,443,6,6.0,37.0,6.0,6.0,6.0,0.0,37.0,37.0,37.0,0.0,2.0,0.0,2.0,2.0,0.0,0.0,0.0,0.0,0.0,0.0,0.0,0.0,0.0,0.0,0,0,0,0,6.0,37.0,1,0,0,0,0,0,0,0,1.0,24.5,6.0,37.0,0,0,0,0,0,0,1,6,1,37,0,65,0,20,0.0,0.0,0.0,0.0,0.0,0.0,0.0,0.0
55552,443,6,667.0,5175.0,517.0,0.0,95.2857,191.3781,1869.0,0.0,632.5556,755.8564,380732.5,1110900.205,3968194.0,3.0,4051439.0,777437.83,1518267.164,3968194.0,210.0,53520.0,1147.83,12573.917,20663.0,49.0,0,0,0,0,0.0,1869.0,0,0,0,1,0,0,0,0,0.0,376.7143,95.2857,632.5556,0,0,0,0,0,0,7,667,7,5175,8192,280,6,20,0.0,0.0,0.0,0.0,0.0,0.0,0.0,0.0
11418,53,17,76.0,120.0,38.0,38.0,38.0,0.0,60.0,60.0,60.0,0.0,61.0,13.738,87.0,48.0,48.0,48.0,0.0,48.0,48.0,48.0,48.0,0.0,48.0,48.0,0,0,0,0,38.0,60.0,0,0,0,0,0,0,0,0,1.0,58.5,38.0,60.0,0,0,0,0,0,0,2,76,2,120,-1,-1,1,32,0.0,0.0,0.0,0.0,0.0,0.0,0.0,0.0
46292,443,6,752.0,4435.0,455.0,0.0,49.0,121.5991,1448.0,0.0,285.5,528.5011,2176096.86,4076882.718,10189194.0,6.0,60809440.0,4169566.77,5088032.422,10240003.0,226.0,60798742.0,4525670.17,5150083.362,10240013.0,51.0,0,0,0,0,0.0,1448.0,0,0,0,1,0,0,0,0,0.0,156.9,49.0,285.5,0,0,0,0,0,0,16,752,14,4435,29200,114,3,32,72202.16,62333.507,100184.0,50178.0,10006186.83,71398.189,10189194.0,9926572.0
50770,443,6,974.0,7387.0,469.0,0.0,64.9333,134.266,1581.0,0.0,671.5455,745.9321,12593.04,24665.72,93037.0,1.0,316522.0,25845.28,32477.539,107037.0,1.0,241885.0,27285.6,38526.227,94580.0,2.0,0,0,0,0,0.0,1581.0,0,0,0,1,0,0,0,0,0.0,321.5769,64.9333,671.5455,0,0,0,0,0,0,15,974,11,7387,65535,357,6,32,0.0,0.0,0.0,0.0,0.0,0.0,0.0,0.0
443,59353,6,0.0,18.0,0.0,0.0,0.0,0.0,6.0,6.0,6.0,0.0,25016.5,51155.924,100991.0,1.0,100039.0,100039.0,0.0,100039.0,100039.0,4.0,2.0,1.414,3.0,1.0,0,0,0,0,0.0,6.0,0,0,0,0,1,0,0,0,1.0,3.6,0.0,6.0,0,0,0,0,0,0,2,0,3,18,114,0,0,32,0.0,0.0,0.0,0.0,0.0,0.0,0.0,0.0
443,56792,6,37.0,6.0,31.0,6.0,18.5,17.6777,6.0,6.0,6.0,0.0,30.0,27.376,49.0,16.0,30.0,30.0,0.0,30.0,30.0,0.0,0.0,0.0,0.0,0.0,1,0,0,0,6.0,31.0,0,1,0,0,1,0,0,0,0.0,24.6667,18.5,6.0,0,0,0,0,0,0,2,37,1,6,62,0,1,20,0.0,0.0,0.0,0.0,0.0,0.0,0.0,0.0
60487,53,17,96.0,230.0,50.0,46.0,48.0,5.6569,124.0,116.0,115.0,2.6562,13941024.66,23573701.305,43913867.0,30737.0,43973119.0,43973119.0,0.0,43973119.0,43973119.0,43915676.0,43915676.0,0.0,43915676.0,43915676.0,0,0,0,0,46.0,124.0,0,0,0,0,0,0,0,0,1.0,91.5,48.0,115.0,0,0,0,0,0,0,2,96,2,230,-1,-1,1,20,31760.0,0.0,31760.0,31760.0,43913855.0,0.0,43913865.0,43913855.0
43454,80,6,2181.0,110403.0,400.0,0.0,47.0833,121.4681,4344.0,0.0,1690.573,945.7567,391733.45,1883551.016,10023801.0,1.0,41660966.0,733981.73,2794264.975,10048016.0,48.0,46416942.0,600817.48,2443324.654,10048105.0,1.0,0,0,0,0,0.0,4344.0,0,0,0,1,0,0,0,0,0.0,936.8482,47.0833,1690.573,0,0,0,0,0,0,58,2181,89,110403,29200,7512,8,32,204024.25,375775.308,1013297.0,23005.0,10011742.0,3567.971,10023801.0,10001225.0
57749,443,6,814.0,3526.0,494.0,0.0,73.0,141.2521,1418.0,0.0,561.0,644.7953,94204.64,180007.601,681226.0,6.0,906019.0,99702.69,215305.275,681326.0,48.0,951989.0,196011.44,373832.141,658674.0,48.0,0,0,0,0,0.0,1418.0,0,0,0,1,0,0,0,0,0.0,248.7556,73.0,561.0,0,0,0,0,0,0,12,814,8,3526,29200,349,6,32,0.0,0.0,0.0,0.0,0.0,0.0,0.0,0.0
51555,53,17,70.0,126.0,35.0,35.0,35.0,0.0,63.0,63.0,63.0,0.0,59.33,65.025,129.0,3.0,3.0,3.0,0.0,3.0,3.0,48.0,48.0,0.0,48.0,48.0,0,0,0,0,35.0,63.0,0,0,0,0,0,0,0,0,1.0,57.75,35.0,63.0,0,0,0,0,0,0,2,70,2,126,-1,-1,1,20,0.0,0.0,0.0,0.0,0.0,0.0,0.0,0.0
138,138,17,3029.0,0.0,233.0,233.0,233.0,0.0,0.0,0.0,0.0,0.0,1.95,1.823,7.0,1.0,29.0,1.91,1.128,7.0,1.0,0.0,0.0,0.0,0.0,0.0,0,0,0,0,233.0,233.0,0,0,0,0,0,0,0,0,0.0,210.9236,233.0,0.0,0,0,0,0,0,0,13,3029,0,0,-1,-1,12,20,0.0,0.0,0.0,0.0,0.0,0.0,0.0,0.0
52076,80,6,12.0,0.0,6.0,6.0,6.0,0.0,0.0,0.0,0.0,0.0,50659.0,0.0,50659.0,50659.0,50659.0,50659.0,0.0,50659.0,50659.0,0.0,0.0,0.0,0.0,0.0,0,0,0,0,6.0,6.0,0,0,0,0,1,0,0,0,0.0,9.0,6.0,0.0,0,0,0,0,0,0,2,12,0,0,256,-1,1,20,0.0,0.0,0.0,0.0,0.0,0.0,0.0,0.0
59656,443,6,12.0,0.0,6.0,6.0,6.0,0.0,0.0,0.0,0.0,0.0,3.0,0.0,3.0,3.0,3.0,3.0,0.0,3.0,3.0,0.0,0.0,0.0,0.0,0.0,0,0,0,0,6.0,6.0,1,0,0,0,0,0,0,0,0.0,9.0,6.0,0.0,0,0,0,0,0,0,2,12,0,0,0,-1,1,20,0.0,0.0,0.0,0.0,0.0,0.0,0.0,0.0
56373,53,17,92.0,284.0,46.0,46.0,46.0,0.0,142.0,142.0,142.0,0.0,56.0,97.372,161.0,3.0,4.0,4.0,0.0,4.0,4.0,3.0,3.0,0.0,3.0,3.0,0,0,0,0,46.0,142.0,0,0,0,0,0,0,0,0,1.0,105.5,46.0,142.0,0,0,0,0,0,0,2,92,2,284,-1,-1,1,20,0.0,0.0,0.0,0.0,0.0,0.0,0.0,0.0
51427,443,6,135.0,46.0,46.0,6.0,27.0,20.1246,46.0,46.0,46.0,0.0,774035.0,1688245.18,3560998.0,3.0,3867210.0,916822.5,1738377.251,3560998.0,3.0,0.0,0.0,0.0,0.0,0.0,1,0,0,0,6.0,46.0,0,1,0,0,1,0,0,0,0.0,37.8333,27.0,46.0,0,0,0,0,0,0,5,135,1,46,16317,360,4,20,0.0,0.0,0.0,0.0,0.0,0.0,0.0,0.0
443,53271,6,6.0,6.0,6.0,6.0,6.0,0.0,6.0,6.0,6.0,0.0,28.0,0.0,28.0,28.0,0.0,0.0,0.0,0.0,0.0,0.0,0.0,0.0,0.0,0.0,0,0,0,0,6.0,6.0,0,0,0,0,1,1,0,0,1.0,9.0,6.0,6.0,0,0,0,0,0,0,1,6,1,6,33140,64209,0,20,0.0,0.0,0.0,0.0,0.0,0.0,0.0,0.0
56114,443,6,12.0,0.0,6.0,6.0,6.0,0.0,0.0,0.0,0.0,0.0,1652311.0,0.0,1652311.0,1652311.0,1652311.0,1652311.0,0.0,1652311.0,1652311.0,0.0,0.0,0.0,0.0,0.0,0,0,0,0,6.0,6.0,0,0,0,0,1,0,0,0,0.0,9.0,6.0,0.0,0,0,0,0,0,0,2,12,0,0,53569,-1,1,20,0.0,0.0,0.0,0.0,0.0,0.0,0.0,0.0
50620,443,6,0.0,0.0,0.0,0.0,0.0,0.0,0.0,0.0,0.0,0.0,113.0,0.0,113.0,113.0,113.0,113.0,0.0,113.0,113.0,0.0,0.0,0.0,0.0,0.0,0,0,0,0,0.0,0.0,0,0,0,0,1,0,0,0,0.0,0.0,0.0,0.0,0,0,0,0,0,0,2,0,0,0,259,-1,0,32,0.0,0.0,0.0,0.0,0.0,0.0,0.0,0.0
44055,80,6,953.0,1559.0,927.0,0.0,189.25,410.5041,1448.0,0.0,359.0,669.5835,41376.42,59132.292,184582.0,20.0,267644.0,62548.66,98589.327,185387.0,496.0,169536.0,59862.33,85019.725,183713.0,1681.0,0,0,0,0,0.0,1448.0,0,0,0,1,0,0,0,0,0.0,297.875,189.25,359.0,0,0,0,0,0,0,4,953,4,1559,29200,258,1,32,0.0,0.0,0.0,0.0,0.0,0.0,0.0,0.0
443,58210,6,0.0,0.0,0.0,0.0,0.0,0.0,0.0,0.0,0.0,0.0,4.0,0.0,4.0,4.0,4.0,4.0,0.0,4.0,4.0,0.0,0.0,0.0,0.0,0.0,0,0,0,0,0.0,0.0,0,0,0,0,1,0,0,0,0.0,0.0,0.0,0.0,0,0,0,0,0,0,2,0,0,0,362,-1,0,32,0.0,0.0,0.0,0.0,0.0,0.0,0.0,0.0
46232,443,6,1609.0,3620.0,1058.0,0.0,237.0,499.9049,1426.0,0.0,474.0,610.0324,654595.91,2432308.737,9999445.0,1.0,261230.0,31404.5,45880.307,117848.0,59.0,10225214.0,1102507.28,3340123.736,9999691.0,1.0,0,0,0,0,0.0,1426.0,0,0,0,1,0,0,0,0,1.0,375.8429,237.0,474.0,0,0,0,0,0,0,6,1609,8,3620,29200,73,3,32,292677.0,0.0,292677.0,292677.0,9999451.0,0.0,9999451.0,9999451.0
49022,443,6,0.0,0.0,0.0,0.0,0.0,0.0,0.0,0.0,0.0,0.0,93404.0,0.0,93404.0,93404.0,0.0,0.0,0.0,0.0,0.0,0.0,0.0,0.0,0.0,0.0,0,0,0,0,0.0,0.0,0,0,0,0,1,1,0,0,1.0,0.0,0.0,0.0,0,0,0,0,0,0,1,0,1,0,304,254,0,32,0.0,0.0,0.0,0.0,0.0,0.0,0.0,0.0
65345,53,17,168.0,828.0,42.0,42.0,42.0,0.0,314.0,314.0,314.0,0.0,4431.85,11655.667,31618.0,1.0,31321.0,10447.33,18896.012,31318.0,1.0,377.0,155.33,178.836,379.0,1.0,0,0,0,0,42.0,314.0,0,0,0,0,0,0,0,0,1.0,130.25,42.0,314.0,0,0,0,0,0,0,4,168,4,828,-1,-1,3,32,0.0,0.0,0.0,0.0,0.0,0.0,0.0,0.0
443,58850,6,0.0,0.0,0.0,0.0,0.0,0.0,0.0,0.0,0.0,0.0,60.0,0.0,60.0,60.0,0.0,0.0,0.0,0.0,0.0,0.0,0.0,0.0,0.0,0.0,0,0,0,0,0.0,0.0,0,0,0,0,1,1,0,0,1.0,0.0,0.0,0.0,0,0,0,0,0,0,1,0,1,0,362,32832,0,32,0.0,0.0,0.0,0.0,0.0,0.0,0.0,0.0
80,35926,6,0.0,0.0,0.0,0.0,0.0,0.0,0.0,0.0,0.0,0.0,42.0,0.0,42.0,42.0,0.0,0.0,0.0,0.0,0.0,0.0,0.0,0.0,0.0,0.0,0,0,0,0,0.0,0.0,0,0,0,0,1,1,0,0,1.0,0.0,0.0,0.0,0,0,0,0,0,0,1,0,1,0,905,229,0,32,0.0,0.0,0.0,0.0,0.0,0.0,0.0,0.0
443,45556,6,0.0,0.0,0.0,0.0,0.0,0.0,0.0,0.0,0.0,0.0,57.0,0.0,57.0,57.0,0.0,0.0,0.0,0.0,0.0,0.0,0.0,0.0,0.0,0.0,0,0,0,0,0.0,0.0,0,0,0,0,1,1,0,0,1.0,0.0,0.0,0.0,0,0,0,0,0,0,1,0,1,0,122,228,0,32,0.0,0.0,0.0,0.0,0.0,0.0,0.0,0.0
61192,443,6,1213.0,4034.0,624.0,0.0,92.1765,192.6428,2846.0,0.0,308.8,797.7357,3058266.6,13346766.089,58929940.0,1.0,62111776.0,5395146.58,18172020.262,58929940.0,63.0,60054545.0,6018929.72,18902710.54,59023655.0,3.0,0,0,0,0,0.0,2846.0,0,0,0,1,0,0,0,0,0.0,194.4333,92.1765,308.8,0,0,0,0,0,0,17,1213,10,4034,29200,375,7,32,1072459.0,24079.956,1091955.0,72673.0,30320375.5,31100227.468,58929944.0,8051271.0
443,58554,6,6.0,6.0,6.0,6.0,6.0,0.0,6.0,6.0,6.0,0.0,37.0,0.0,37.0,37.0,0.0,0.0,0.0,0.0,0.0,0.0,0.0,0.0,0.0,0.0,0,0,0,0,6.0,6.0,0,0,0,0,1,0,0,0,1.0,9.0,6.0,6.0,0,0,0,0,0,0,1,6,1,6,119,256,0,20,0.0,0.0,0.0,0.0,0.0,0.0,0.0,0.0
53258,443,6,955.0,5763.0,581.0,0.0,125.1667,218.0245,1689.0,2.0,550.4167,749.4982,645805.0,2484922.788,9995377.0,47.0,249968.0,35483.6,45432.425,112598.0,157.0,10166276.0,1458709.87,3769158.163,9999398.0,49.0,0,0,0,0,0.0,1689.0,0,0,0,1,0,0,0,0,1.0,372.5779,125.1667,550.4167,0,0,0,0,0,0,6,955,9,5763,8192,30088,5,20,528044.0,0.0,528044.0,528044.0,9995341.0,0.0,9995341.0,9995341.0
61464,53,17,41.0,142.0,41.0,41.0,41.0,0.0,142.0,142.0,142.0,0.0,204830.0,0.0,204830.0,204830.0,0.0,0.0,0.0,0.0,0.0,0.0,0.0,0.0,0.0,0.0,0,0,0,0,41.0,142.0,0,0,0,0,0,0,0,0,1.0,112.0,41.0,142.0,0,0,0,0,0,0,1,41,1,142,-1,-1,0,32,0.0,0.0,0.0,0.0,0.0,0.0,0.0,0.0
41368,443,6,1141.0,5680.0,672.0,0.0,68.6316,178.5089,1448.0,0.0,262.7,561.667,2415710.36,4352872.322,10026016.0,3.0,115459781.0,4845673.27,5009700.994,10048016.0,3.0,110596678.0,5749977.07,5128620.562,10048260.0,45.0,0,0,0,0,0.0,1448.0,0,0,0,1,0,0,0,0,0.0,150.2262,68.6316,262.7,0,0,0,0,0,0,23,1141,20,5680,29200,111,4,32,47969.27,39521.564,199442.0,35217.0,9617123.9,1347158.197,10026010.0,5563940.0
1948,80,6,1249.0,4378.0,460.0,0.0,82.619,163.0345,1460.0,0.0,241.75,485.0891,3411128.26,4615739.966,10007288.0,11.0,116798453.0,6449622.43,4502894.747,10034562.0,618.0,110673622.0,7858154.83,4495312.821,10031619.0,48.0,0,0,0,0,0.0,1460.0,0,0,0,1,0,0,0,0,1.0,153.1185,82.619,241.75,0,0,0,0,0,0,19,1249,20,4378,8192,947,18,20,82727.54,219387.76,726329.0,34921.0,9979365.16,6007.518,10007284.0,9741539.0
1559,443,6,1164.0,5727.0,630.0,0.0,89.5714,182.8016,1956.0,0.0,711.0,924.2246,374168.94,1177864.014,5002955.0,2.0,5200694.0,688219.83,1769882.075,5002957.0,3.0,156326.0,14482.88,19243.524,56417.0,50.0,0,0,0,0,0.0,1956.0,0,0,0,1,0,0,0,0,0.0,360.9033,89.5714,711.0,0,0,0,0,0,0,14,1164,8,5727,8192,8120,13,20,300000.0,0.0,300000.0,300000.0,0.0,0.0,0.0,0.0
80,55590,6,6.0,6.0,6.0,6.0,6.0,0.0,6.0,6.0,6.0,0.0,36.0,0.0,36.0,36.0,0.0,0.0,0.0,0.0,0.0,0.0,0.0,0.0,0.0,0.0,0,0,0,0,6.0,6.0,0,0,0,0,1,1,0,0,1.0,9.0,6.0,6.0,0,0,0,0,0,0,1,6,1,6,115,256,0,20,0.0,0.0,0.0,0.0,0.0,0.0,0.0,0.0
53028,80,6,447.0,872.0,437.0,0.0,145.6667,252.3021,850.0,0.0,218.0,428.0093,7908.16,11921.682,23356.0,4.0,23735.0,11867.5,16901.423,23196.0,172.0,29410.0,9736.0,13110.054,29410.0,4.0,0,0,0,0,0.0,850.0,0,0,0,1,0,0,0,0,1.0,186.1429,145.6667,218.0,0,0,0,0,0,0,3,447,4,872,8192,31,2,20,0.0,0.0,0.0,0.0,0.0,0.0,0.0,0.0
50514,443,6,1502.0,361.0,541.0,0.0,60.9524,154.4327,699.0,0.0,21.9111,109.4543,3448741.42,4685438.529,10025019.0,1.0,115243571.0,6576878.05,4851957.969,10048067.0,3.0,110634580.0,7480556.35,4798598.466,10048178.0,2.0,0,0,0,0,0.0,691.0,0,0,0,1,0,0,0,0,0.0,54.1442,60.9524,21.9111,0,0,0,0,0,0,21,1502,19,361,29200,362,5,32,98468.75,153336.955,569435.0,36152.0,10021456.27,4654.007,10025017.0,9996242.0
443,52935,6,37.0,0.0,37.0,0.0,18.5,26.163,0.0,0.0,0.0,0.0,2.0,0.0,2.0,2.0,2.0,2.0,0.0,2.0,2.0,0.0,0.0,0.0,0.0,0.0,1,0,0,0,0.0,37.0,0,1,0,0,1,0,0,0,0.0,37.0,18.5,0.0,0,0,0,0,0,0,2,37,0,0,79,-1,0,32,0.0,0.0,0.0,0.0,0.0,0.0,0.0,0.0
443,55013,6,6.0,6.0,6.0,6.0,6.0,0.0,6.0,6.0,6.0,0.0,22.0,0.0,22.0,22.0,0.0,0.0,0.0,0.0,0.0,0.0,0.0,0.0,0.0,0.0,0,0,0,0,6.0,6.0,0,0,0,0,1,1,0,0,1.0,9.0,6.0,6.0,0,0,0,0,0,0,1,6,1,6,31020,65533,0,20,0.0,0.0,0.0,0.0,0.0,0.0,0.0,0.0
59886,53,17,76.0,218.0,38.0,38.0,38.0,0.0,109.0,109.0,109.0,0.0,10203.0,17632.527,30503.0,4.0,48.0,48.0,0.0,48.0,48.0,4.0,4.0,0.0,4.0,4.0,0,0,0,0,38.0,109.0,0,0,0,0,0,0,0,0,1.0,83.0,38.0,109.0,0,0,0,0,0,0,2,76,2,218,-1,-1,1,20,0.0,0.0,0.0,0.0,0.0,0.0,0.0,0.0
123,123,17,96.0,96.0,48.0,48.0,48.0,0.0,48.0,48.0,48.0,0.0,21344865.33,37446744.739,64999567.0,28297.0,64999125.0,64999125.0,0.0,64999125.0,64999125.0,64999861.0,64999861.0,0.0,64999861.0,64999861.0,0,0,0,0,48.0,48.0,0,0,0,0,0,0,0,0,1.0,60.0,48.0,48.0,0,0,0,0,0,0,2,96,2,96,-1,-1,1,32,23784.0,0.0,23784.0,23784.0,64999583.0,0.0,64999583.0,64999583.0
443,2418,6,12.0,0.0,6.0,6.0,6.0,0.0,0.0,0.0,0.0,0.0,267.0,0.0,267.0,267.0,267.0,267.0,0.0,267.0,267.0,0.0,0.0,0.0,0.0,0.0,0,0,0,0,6.0,6.0,0,0,0,0,1,0,0,0,0.0,9.0,6.0,0.0,0,0,0,0,0,0,2,12,0,0,360,-1,1,20,0.0,0.0,0.0,0.0,0.0,0.0,0.0,0.0
56824,53,17,62.0,94.0,31.0,31.0,31.0,0.0,47.0,47.0,47.0,0.0,10241.33,17613.806,30618.0,3.0,3.0,3.0,0.0,3.0,3.0,4.0,4.0,0.0,4.0,4.0,0,0,0,0,31.0,47.0,0,0,0,0,0,0,0,0,1.0,46.75,31.0,47.0,0,0,0,0,0,0,2,62,2,94,-1,-1,1,32,0.0,0.0,0.0,0.0,0.0,0.0,0.0,0.0
7441,443,6,3303.0,6079.0,727.0,0.0,190.5385,300.6471,1753.0,2.0,459.95,709.2423,1669315.59,9407934.673,58412999.0,70.0,59008549.0,2905937.93,13502747.905,58414999.0,835.0,2859.0,2619.2,5456.857,2989.0,150.0,1,0,0,0,0.0,1753.0,0,1,0,0,1,0,0,0,0.0,306.1878,190.5385,459.95,0,0,0,0,0,0,13,3303,12,6079,283,40958,12,20,0.0,0.0,0.0,0.0,0.0,0.0,0.0,0.0
55513,53,17,66.0,240.0,33.0,33.0,33.0,0.0,120.0,120.0,120.0,0.0,21477.0,37462.472,64380.0,4.0,4.0,4.0,0.0,4.0,4.0,4.0,4.0,0.0,4.0,4.0,0,0,0,0,33.0,120.0,0,0,0,0,0,0,0,0,1.0,84.75,33.0,120.0,0,0,0,0,0,0,2,66,2,240,-1,-1,1,20,0.0,0.0,0.0,0.0,0.0,0.0,0.0,0.0
62033,443,6,1385.0,789.0,1009.0,0.0,175.375,386.0694,449.0,0.0,157.8,159.9367,7766.28,16774.059,30115.0,3.0,124936.0,12194.85,17847.32,32581.0,3.0,93178.0,18797.5,16617.333,30079.0,394.0,0,0,0,0,0.0,1009.0,0,0,0,1,0,0,0,0,0.0,155.1333,175.375,157.8,0,0,0,0,0,0,16,1385,5,789,65535,362,5,32,0.0,0.0,0.0,0.0,0.0,0.0,0.0,0.0
80,47904,6,12.0,6.0,6.0,6.0,6.0,0.0,6.0,6.0,6.0,0.0,39.0,25.456,48.0,22.0,78.0,78.0,0.0,78.0,78.0,0.0,0.0,0.0,0.0,0.0,0,0,0,0,6.0,6.0,0,0,0,0,1,1,0,0,0.0,8.0,6.0,6.0,0,0,0,0,0,0,2,12,1,6,513,16380,1,20,0.0,0.0,0.0,0.0,0.0,0.0,0.0,0.0
61202,53,17,50.0,112.0,50.0,50.0,50.0,0.0,112.0,112.0,112.0,0.0,597.0,0.0,597.0,597.0,0.0,0.0,0.0,0.0,0.0,0.0,0.0,0.0,0.0,0.0,0,0,0,0,50.0,112.0,0,0,0,0,0,0,0,0,1.0,106.0,50.0,112.0,0,0,0,0,0,0,1,50,1,112,-1,-1,0,20,0.0,0.0,0.0,0.0,0.0,0.0,0.0,0.0
63724,53,17,82.0,236.0,41.0,41.0,41.0,0.0,118.0,118.0,118.0,0.0,10479.33,18132.794,31437.0,4.0,4.0,4.0,0.0,4.0,4.0,4.0,4.0,0.0,4.0,4.0,0,0,0,0,41.0,118.0,0,0,0,0,0,0,0,0,1.0,89.75,41.0,118.0,0,0,0,0,0,0,2,82,2,236,-1,-1,1,32,0.0,0.0,0.0,0.0,0.0,0.0,0.0,0.0
46704,443,6,0.0,0.0,0.0,0.0,0.0,0.0,0.0,0.0,0.0,0.0,188.0,0.0,188.0,188.0,188.0,188.0,0.0,188.0,188.0,0.0,0.0,0.0,0.0,0.0,0,0,0,0,0.0,0.0,0,0,0,0,1,0,0,0,0.0,0.0,0.0,0.0,0,0,0,0,0,0,2,0,0,0,278,-1,0,32,0.0,0.0,0.0,0.0,0.0,0.0,0.0,0.0
52272,443,6,352.0,3782.0,208.0,0.0,58.6667,87.8605,1460.0,0.0,630.3333,677.2171,23948.09,39382.664,85650.0,39.0,261873.0,52111.0,46253.418,87751.0,9.0,175418.0,35024.6,47172.538,87119.0,48.0,0,0,0,0,0.0,1460.0,0,0,0,1,0,0,0,0,1.0,344.5,58.6667,630.3333,0,0,0,0,0,0,6,352,6,3782,8192,60,5,20,0.0,0.0,0.0,0.0,0.0,0.0,0.0,0.0
443,54613,6,0.0,0.0,0.0,0.0,0.0,0.0,0.0,0.0,0.0,0.0,378.0,0.0,378.0,378.0,378.0,378.0,0.0,378.0,378.0,0.0,0.0,0.0,0.0,0.0,0,0,0,0,0.0,0.0,0,0,0,0,1,0,0,0,0.0,0.0,0.0,0.0,0,0,0,0,0,0,2,0,0,0,179,-1,0,32,0.0,0.0,0.0,0.0,0.0,0.0,0.0,0.0
59277,53,17,164.0,276.0,41.0,41.0,41.0,0.0,138.0,138.0,138.0,0.0,20485.0,31557.096,61831.0,3.0,61236.0,20478.33,35145.92,61231.0,3.0,4.0,4.0,0.0,4.0,4.0,0,0,0,0,41.0,138.0,0,0,0,0,0,0,0,0,0.0,72.5,41.0,138.0,0,0,0,0,0,0,4,164,2,276,-1,-1,3,20,0.0,0.0,0.0,0.0,0.0,0.0,0.0,0.0
62028,53,17,118.0,841.0,57.0,57.0,57.0,0.0,429.0,110.0,225.5,2.714,14075164.66,25149379.796,48004585.0,30661.0,48005134.0,48005134.0,0.0,48005134.0,48005134.0,48074434.0,48074434.0,0.0,48074434.0,48074434.0,0,0,0,0,57.0,429.0,0,0,0,0,0,0,0,0,1.0,140.5,57.0,225.5,0,0,0,0,0,0,2,118,2,841,-1,-1,1,20,23425.0,0.0,23425.0,23425.0,48004578.0,0.0,48004588.0,48004578.0
62461,53,17,102.0,224.0,51.0,51.0,51.0,0.0,112.0,112.0,112.0,0.0,49.0,76.8,140.0,3.0,4.0,4.0,0.0,4.0,4.0,3.0,3.0,0.0,3.0,3.0,0,0,0,0,51.0,112.0,0,0,0,0,0,0,0,0,1.0,94.25,51.0,112.0,0,0,0,0,0,0,2,102,2,224,-1,-1,1,32,0.0,0.0,0.0,0.0,0.0,0.0,0.0,0.0
443,61867,6,43.0,6.0,31.0,6.0,14.3333,14.4338,6.0,6.0,6.0,0.0,77.66,92.952,108.0,3.0,235.0,117.5,138.197,222.0,3.0,0.0,0.0,0.0,0.0,0.0,0,0,0,0,6.0,31.0,0,0,0,0,1,0,0,0,0.0,13.75,14.3333,6.0,0,0,0,0,0,0,3,43,1,6,1013,0,2,20,0.0,0.0,0.0,0.0,0.0,0.0,0.0,0.0
56190,53,17,88.0,250.0,44.0,44.0,44.0,0.0,125.0,125.0,125.0,0.0,10303.66,17802.74,30803.0,3.0,48.0,48.0,0.0,48.0,48.0,3.0,3.0,0.0,3.0,3.0,0,0,0,0,44.0,125.0,0,0,0,0,0,0,0,0,1.0,95.5,44.0,125.0,0,0,0,0,0,0,2,88,2,250,-1,-1,1,20,0.0,0.0,0.0,0.0,0.0,0.0,0.0,0.0
52135,53,17,144.0,456.0,36.0,36.0,36.0,0.0,228.0,228.0,228.0,0.0,10066.8,14009.89,36511.0,3.0,32727.0,10972.33,18034.511,32710.0,3.0,39366.0,16425.0,21807.284,29315.0,3.0,0,0,0,0,36.0,228.0,0,0,0,0,0,0,0,0,1.0,102.5,36.0,228.0,0,0,0,0,0,0,4,144,4,456,-1,-1,3,20,0.0,0.0,0.0,0.0,0.0,0.0,0.0,0.0
57410,53,17,88.0,472.0,44.0,44.0,44.0,0.0,236.0,236.0,236.0,0.0,67.33,110.187,196.0,4.0,4.0,4.0,0.0,4.0,4.0,4.0,4.0,0.0,4.0,4.0,0,0,0,0,44.0,236.0,0,0,0,0,0,0,0,0,1.0,151.0,44.0,236.0,0,0,0,0,0,0,2,88,2,472,-1,-1,1,20,0.0,0.0,0.0,0.0,0.0,0.0,0.0,0.0
443,50056,6,12.0,0.0,6.0,6.0,6.0,0.0,0.0,0.0,0.0,0.0,704.0,0.0,704.0,704.0,704.0,704.0,0.0,704.0,704.0,0.0,0.0,0.0,0.0,0.0,0,0,0,0,6.0,6.0,0,0,0,0,1,0,0,0,0.0,9.0,6.0,0.0,0,0,0,0,0,0,2,12,0,0,116,-1,1,20,0.0,0.0,0.0,0.0,0.0,0.0,0.0,0.0
443,50444,6,0.0,0.0,0.0,0.0,0.0,0.0,0.0,0.0,0.0,0.0,29.0,0.0,29.0,29.0,0.0,0.0,0.0,0.0,0.0,0.0,0.0,0.0,0.0,0.0,0,0,0,0,0.0,0.0,0,0,0,0,1,0,0,0,1.0,0.0,0.0,0.0,0,0,0,0,0,0,1,0,1,0,963,65535,0,32,0.0,0.0,0.0,0.0,0.0,0.0,0.0,0.0
64891,443,6,12.0,0.0,6.0,6.0,6.0,0.0,0.0,0.0,0.0,0.0,5042.0,0.0,5042.0,5042.0,5042.0,5042.0,0.0,5042.0,5042.0,0.0,0.0,0.0,0.0,0.0,0,0,0,0,6.0,6.0,1,0,0,0,0,0,0,0,0.0,9.0,6.0,0.0,0,0,0,0,0,0,2,12,0,0,0,-1,1,20,0.0,0.0,0.0,0.0,0.0,0.0,0.0,0.0
41054,53,17,86.0,194.0,43.0,43.0,43.0,0.0,97.0,97.0,97.0,0.0,8072.33,13960.272,24216.0,3.0,3.0,3.0,0.0,3.0,3.0,4.0,4.0,0.0,4.0,4.0,0,0,0,0,43.0,97.0,0,0,0,0,0,0,0,0,1.0,80.75,43.0,97.0,0,0,0,0,0,0,2,86,2,194,-1,-1,1,32,0.0,0.0,0.0,0.0,0.0,0.0,0.0,0.0
53011,80,6,4136.0,1133.0,405.0,0.0,169.5556,198.01,65.0,30.0,94.1538,100.9,984031.25,2834544.809,10055038.0,19.0,113688092.0,1131022.93,3110533.912,10179642.0,59.0,113550737.0,2770181.45,3573250.085,10106783.0,470.0,1,0,0,0,0.0,405.0,0,1,0,0,1,0,0,0,0.0,153.7807,169.5556,94.1538,0,0,0,0,0,0,33,4136,22,1133,1722,78,32,32,1043171.54,2169773.702,5248046.0,59437.0,9979933.75,139684.497,10055036.0,9783429.0
23829,53,17,60.0,194.0,30.0,30.0,30.0,0.0,97.0,97.0,97.0,0.0,8016.66,13958.266,24049.0,0.0,0.0,0.0,0.0,0.0,0.0,1.0,1.0,0.0,1.0,1.0,0,0,0,0,30.0,97.0,0,0,0,0,0,0,0,0,1.0,71.0,30.0,97.0,0,0,0,0,0,0,2,60,2,194,-1,-1,1,32,0.0,0.0,0.0,0.0,0.0,0.0,0.0,0.0
50567,443,6,884.0,799.0,645.0,0.0,89.4,201.3032,661.0,0.0,159.8,286.4807,10037.64,14291.956,38973.0,4.0,149112.0,15974.55,20129.194,53365.0,4.0,101068.0,22517.5,17560.132,35277.0,318.0,0,0,0,0,0.0,661.0,0,0,0,1,0,0,0,0,0.0,106.8667,89.4,159.8,0,0,0,0,0,0,10,884,5,799,65535,350,5,32,0.0,0.0,0.0,0.0,0.0,0.0,0.0,0.0
53515,443,6,597.0,3745.0,310.0,0.0,87.4286,138.3333,1460.0,0.0,445.5,677.8046,863032.38,3019995.313,10000984.0,1.0,10238087.0,1724613.5,4020855.508,10000984.0,79.0,193677.0,38427.44,47525.234,83909.0,1.0,0,0,0,0,0.0,1460.0,0,0,0,1,0,0,0,0,1.0,277.2857,87.4286,445.5,0,0,0,0,0,0,7,597,8,3745,8192,62,6,20,0.0,0.0,0.0,0.0,0.0,0.0,0.0,0.0
22,53452,6,6.0,12.0,6.0,6.0,6.0,0.0,6.0,6.0,6.0,0.0,41.5,23.033,48.0,44.0,0.0,0.0,0.0,0.0,0.0,48.0,48.0,0.0,48.0,48.0,0,0,0,0,6.0,6.0,0,0,0,0,1,1,0,0,2.0,8.0,6.0,6.0,0,0,0,0,0,0,1,6,2,12,245,16425,0,20,0.0,0.0,0.0,0.0,0.0,0.0,0.0,0.0
55172,443,6,0.0,0.0,0.0,0.0,0.0,0.0,0.0,0.0,0.0,0.0,112.0,0.0,112.0,112.0,112.0,112.0,0.0,112.0,112.0,0.0,0.0,0.0,0.0,0.0,0,0,0,0,0.0,0.0,0,0,0,0,1,0,0,0,0.0,0.0,0.0,0.0,0,0,0,0,0,0,2,0,0,0,319,-1,0,32,0.0,0.0,0.0,0.0,0.0,0.0,0.0,0.0
43700,443,6,816.0,24967.0,318.0,0.0,23.6471,76.5161,4294.0,0.0,1511.12,1221.483,122914.86,847924.589,5936294.0,5.0,6171593.0,218259.39,1150560.117,5936299.0,47.0,2081939.0,15181.57,531172.308,1899851.0,48.0,0,0,0,0,0.0,4294.0,0,0,0,1,0,0,0,0,1.0,943.8412,23.6471,1511.12,0,0,0,0,0,0,28,816,25,24967,29200,122,7,32,0.0,0.0,0.0,0.0,0.0,0.0,0.0,0.0
64595,53,17,94.0,350.0,47.0,47.0,47.0,0.0,175.0,175.0,175.0,0.0,46190.0,79800.378,138563.0,3.0,3.0,3.0,0.0,3.0,3.0,3.0,3.0,0.0,3.0,3.0,0,0,0,0,47.0,175.0,0,0,0,0,0,0,0,0,1.0,122.75,47.0,175.0,0,0,0,0,0,0,2,94,2,350,-1,-1,1,20,0.0,0.0,0.0,0.0,0.0,0.0,0.0,0.0
65319,53,17,92.0,284.0,46.0,46.0,46.0,0.0,142.0,142.0,142.0,0.0,57.0,97.572,165.0,2.0,2.0,2.0,0.0,2.0,2.0,4.0,4.0,0.0,4.0,4.0,0,0,0,0,46.0,142.0,0,0,0,0,0,0,0,0,1.0,105.5,46.0,142.0,0,0,0,0,0,0,2,92,2,284,-1,-1,1,32,0.0,0.0,0.0,0.0,0.0,0.0,0.0,0.0
58023,443,6,980.0,644.0,684.0,0.0,118.1429,222.1218,457.0,0.0,80.5,167.2219,42052.9,95045.361,232815.0,1.0,646224.0,77751.66,103040.106,253712.0,132.0,595155.0,158730.85,125943.656,345857.0,1.0,0,0,0,0,0.0,684.0,0,0,0,1,0,0,0,0,1.0,99.0,118.1429,80.5,0,0,0,0,0,0,7,980,8,644,29200,134,3,32,0.0,0.0,0.0,0.0,0.0,0.0,0.0,0.0
49995,53,17,74.0,170.0,37.0,37.0,37.0,0.0,85.0,85.0,85.0,0.0,20252.66,34733.013,60752.0,3.0,3.0,3.0,0.0,3.0,3.0,4.0,4.0,0.0,4.0,4.0,0,0,0,0,37.0,85.0,0,0,0,0,0,0,0,0,1.0,70.25,37.0,85.0,0,0,0,0,0,0,2,74,2,170,-1,-1,1,32,0.0,0.0,0.0,0.0,0.0,0.0,0.0,0.0
61821,53,17,53.0,113.0,53.0,53.0,53.0,0.0,113.0,113.0,113.0,0.0,855.0,0.0,855.0,855.0,0.0,0.0,0.0,0.0,0.0,0.0,0.0,0.0,0.0,0.0,0,0,0,0,53.0,113.0,0,0,0,0,0,0,0,0,1.0,109.5,53.0,113.0,0,0,0,0,0,0,1,53,1,113,-1,-1,0,32,0.0,0.0,0.0,0.0,0.0,0.0,0.0,0.0
53651,443,6,123.0,46.0,46.0,0.0,24.6,23.2766,46.0,46.0,46.0,0.0,758267.8,1620354.172,3561232.0,49.0,3882611.0,940907.25,1990857.081,3561232.0,49.0,0.0,0.0,0.0,0.0,0.0,1,0,0,0,0.0,46.0,0,1,0,0,1,0,0,0,0.0,35.8333,24.6,46.0,0,0,0,0,0,0,5,123,1,46,346,349,2,32,0.0,0.0,0.0,0.0,0.0,0.0,0.0,0.0
61508,53,17,49.0,124.0,49.0,49.0,49.0,0.0,124.0,124.0,124.0,0.0,30128.0,0.0,30128.0,30128.0,0.0,0.0,0.0,0.0,0.0,0.0,0.0,0.0,0.0,0.0,0,0,0,0,49.0,124.0,0,0,0,0,0,0,0,0,1.0,111.0,49.0,124.0,0,0,0,0,0,0,1,49,1,124,-1,-1,0,32,0.0,0.0,0.0,0.0,0.0,0.0,0.0,0.0
443,42421,6,0.0,0.0,0.0,0.0,0.0,0.0,0.0,0.0,0.0,0.0,66.0,0.0,66.0,66.0,0.0,0.0,0.0,0.0,0.0,0.0,0.0,0.0,0.0,0.0,0,0,0,0,0.0,0.0,0,0,0,0,1,1,0,0,1.0,0.0,0.0,0.0,0,0,0,0,0,0,1,0,1,0,114,369,0,32,0.0,0.0,0.0,0.0,0.0,0.0,0.0,0.0
443,56725,6,12.0,6.0,6.0,6.0,6.0,0.0,6.0,6.0,6.0,0.0,39.5,57.964,75.0,3.0,3.0,3.0,0.0,3.0,3.0,0.0,0.0,0.0,0.0,0.0,0,0,0,0,6.0,6.0,0,0,0,0,1,1,0,0,0.0,8.0,6.0,6.0,0,0,0,0,0,0,2,12,1,6,30,254,1,20,0.0,0.0,0.0,0.0,0.0,0.0,0.0,0.0
57636,80,6,3295.0,2469.0,1448.0,0.0,269.4375,683.4844,2269.0,0.0,294.875,799.3742,7353.0,12104.725,43384.0,3.0,143326.0,11973.0,16093.445,64874.0,3.0,17309.0,6857.0,15099.685,21420.0,3.0,0,0,0,0,0.0,2269.0,0,0,0,1,0,0,0,0,0.0,279.0,269.4375,294.875,0,0,0,0,0,0,11,3295,8,2469,65535,1120,7,32,0.0,0.0,0.0,0.0,0.0,0.0,0.0,0.0
62706,53,17,92.0,284.0,46.0,46.0,46.0,0.0,142.0,142.0,142.0,0.0,50.0,80.841,143.0,3.0,3.0,3.0,0.0,3.0,3.0,3.0,3.0,0.0,3.0,3.0,0,0,0,0,46.0,142.0,0,0,0,0,0,0,0,0,1.0,105.5,46.0,142.0,0,0,0,0,0,0,2,92,2,284,-1,-1,1,20,0.0,0.0,0.0,0.0,0.0,0.0,0.0,0.0
60901,53,17,70.0,102.0,35.0,35.0,35.0,0.0,51.0,51.0,51.0,0.0,55.33,53.998,111.0,3.0,3.0,3.0,0.0,3.0,3.0,48.0,48.0,0.0,48.0,48.0,0,0,0,0,35.0,51.0,0,0,0,0,0,0,0,0,1.0,51.75,35.0,51.0,0,0,0,0,0,0,2,70,2,102,-1,-1,1,20,0.0,0.0,0.0,0.0,0.0,0.0,0.0,0.0
39267,53,17,62.0,190.0,31.0,31.0,31.0,0.0,95.0,95.0,95.0,0.0,15700.0,27206.474,47093.0,3.0,3.0,3.0,0.0,3.0,3.0,3.0,3.0,0.0,3.0,3.0,0,0,0,0,31.0,95.0,0,0,0,0,0,0,0,0,1.0,70.75,31.0,95.0,0,0,0,0,0,0,2,62,2,190,-1,-1,1,32,0.0,0.0,0.0,0.0,0.0,0.0,0.0,0.0
443,49638,6,0.0,0.0,0.0,0.0,0.0,0.0,0.0,0.0,0.0,0.0,526.0,0.0,526.0,526.0,526.0,526.0,0.0,526.0,526.0,0.0,0.0,0.0,0.0,0.0,0,0,0,0,0.0,0.0,0,0,0,0,1,0,0,0,0.0,0.0,0.0,0.0,0,0,0,0,0,0,2,0,0,0,5618,-1,0,32,0.0,0.0,0.0,0.0,0.0,0.0,0.0,0.0
62050,53,17,40.0,90.0,40.0,40.0,40.0,0.0,90.0,90.0,90.0,0.0,60360.0,0.0,60360.0,60360.0,0.0,0.0,0.0,0.0,0.0,0.0,0.0,0.0,0.0,0.0,0,0,0,0,40.0,90.0,0,0,0,0,0,0,0,0,1.0,85.0,40.0,90.0,0,0,0,0,0,0,1,40,1,90,-1,-1,0,20,0.0,0.0,0.0,0.0,0.0,0.0,0.0,0.0
45793,53,17,70.0,166.0,35.0,35.0,35.0,0.0,83.0,83.0,83.0,0.0,336.33,546.732,956.0,4.0,4.0,4.0,0.0,4.0,4.0,47.0,47.0,0.0,47.0,47.0,0,0,0,0,35.0,83.0,0,0,0,0,0,0,0,0,1.0,67.75,35.0,83.0,0,0,0,0,0,0,2,70,2,166,-1,-1,1,20,0.0,0.0,0.0,0.0,0.0,0.0,0.0,0.0
21900,53,17,68.0,276.0,34.0,34.0,34.0,0.0,138.0,138.0,138.0,0.0,72.33,127.715,210.0,3.0,3.0,3.0,0.0,3.0,3.0,3.0,3.0,0.0,3.0,3.0,0,0,0,0,34.0,138.0,0,0,0,0,0,0,0,0,1.0,94.5,34.0,138.0,0,0,0,0,0,0,2,68,2,276,-1,-1,1,32,0.0,0.0,0.0,0.0,0.0,0.0,0.0,0.0
443,50302,6,37.0,0.0,31.0,6.0,18.5,17.6777,0.0,0.0,0.0,0.0,3.0,0.0,3.0,3.0,3.0,3.0,0.0,3.0,3.0,0.0,0.0,0.0,0.0,0.0,1,0,0,0,6.0,31.0,0,1,0,0,1,0,0,0,0.0,34.0,18.5,0.0,0,0,0,0,0,0,2,37,0,0,110,-1,1,20,0.0,0.0,0.0,0.0,0.0,0.0,0.0,0.0
57572,80,6,728.0,93444.0,326.0,0.0,16.5526,64.9391,4344.0,0.0,1784.4286,1006.0211,940629.65,2886271.626,10024387.0,5.0,117724807.0,2201302.85,4176281.77,10048027.0,136.0,112307084.0,1950020.8,3424492.6,10048239.0,42.0,0,0,0,0,0.0,4344.0,0,0,0,1,0,0,0,0,1.0,1371.8,16.5526,1784.4286,0,0,0,0,0,0,58,728,61,93444,29200,122,2,32,151363.9,488805.67,1917175.0,14999.0,10016019.9,9863.432,10024384.0,9999945.0
17346,53,17,96.0,252.0,48.0,48.0,48.0,0.0,126.0,126.0,126.0,0.0,79.33,134.93,238.0,1.0,1.0,1.0,0.0,1.0,1.0,2.0,2.0,0.0,2.0,2.0,0,0,0,0,48.0,126.0,0,0,0,0,0,0,0,0,1.0,99.0,48.0,126.0,0,0,0,0,0,0,2,96,2,252,-1,-1,1,32,0.0,0.0,0.0,0.0,0.0,0.0,0.0,0.0
55284,443,6,37.0,0.0,31.0,6.0,18.5,17.6777,0.0,0.0,0.0,0.0,16.0,0.0,16.0,16.0,16.0,16.0,0.0,16.0,16.0,0.0,0.0,0.0,0.0,0.0,1,0,0,0,6.0,31.0,0,1,0,0,1,0,0,0,0.0,34.0,18.5,0.0,0,0,0,0,0,0,2,37,0,0,251,-1,1,20,0.0,0.0,0.0,0.0,0.0,0.0,0.0,0.0
62009,53,17,58.0,186.0,29.0,29.0,29.0,0.0,93.0,93.0,93.0,0.0,93.66,150.823,275.0,3.0,3.0,3.0,0.0,3.0,3.0,3.0,3.0,0.0,3.0,3.0,0,0,0,0,29.0,93.0,0,0,0,0,0,0,0,0,1.0,68.25,29.0,93.0,0,0,0,0,0,0,2,58,2,186,-1,-1,1,32,0.0,0.0,0.0,0.0,0.0,0.0,0.0,0.0
55018,443,6,1024.0,690.0,773.0,0.0,102.4,240.9365,543.0,0.0,137.2,237.7036,10222.07,15159.226,36375.0,18.0,149795.0,18093.33,23999.767,52986.0,18.0,99905.0,22853.75,17344.124,37229.0,533.0,0,0,0,0,0.0,773.0,0,0,0,1,0,0,0,0,0.0,111.0,102.4,137.2,0,0,0,0,0,0,10,1024,5,690,65535,352,5,32,0.0,0.0,0.0,0.0,0.0,0.0,0.0,0.0
6375,53,17,66.0,278.0,33.0,33.0,33.0,0.0,139.0,139.0,139.0,0.0,79.66,132.356,231.0,1.0,1.0,1.0,0.0,1.0,1.0,3.0,3.0,0.0,3.0,3.0,0,0,0,0,33.0,139.0,0,0,0,0,0,0,0,0,1.0,94.25,33.0,139.0,0,0,0,0,0,0,2,66,2,278,-1,-1,1,40,0.0,0.0,0.0,0.0,0.0,0.0,0.0,0.0
50244,443,6,12.0,0.0,6.0,6.0,6.0,0.0,0.0,0.0,0.0,0.0,80.0,0.0,80.0,80.0,80.0,80.0,0.0,80.0,80.0,0.0,0.0,0.0,0.0,0.0,0,0,0,0,6.0,6.0,0,0,0,0,1,0,0,0,0.0,9.0,6.0,0.0,0,0,0,0,0,0,2,12,0,0,64208,-1,1,20,0.0,0.0,0.0,0.0,0.0,0.0,0.0,0.0
63305,53,17,90.0,216.0,45.0,45.0,45.0,0.0,108.0,108.0,108.0,0.0,10483.0,18117.806,31445.0,3.0,3.0,3.0,0.0,3.0,3.0,48.0,48.0,0.0,48.0,48.0,0,0,0,0,45.0,108.0,0,0,0,0,0,0,0,0,1.0,87.75,45.0,108.0,0,0,0,0,0,0,2,90,2,216,-1,-1,1,20,0.0,0.0,0.0,0.0,0.0,0.0,0.0,0.0
443,62554,6,37.0,0.0,37.0,0.0,18.5,26.163,0.0,0.0,0.0,0.0,3.0,0.0,3.0,3.0,3.0,3.0,0.0,3.0,3.0,0.0,0.0,0.0,0.0,0.0,1,0,0,0,0.0,37.0,0,1,0,0,1,0,0,0,0.0,37.0,18.5,0.0,0,0,0,0,0,0,2,37,0,0,1116,-1,0,32,0.0,0.0,0.0,0.0,0.0,0.0,0.0,0.0
54622,443,6,6.0,37.0,6.0,6.0,6.0,0.0,31.0,31.0,31.0,0.0,3888766.0,0.0,3888766.0,3888766.0,0.0,0.0,0.0,0.0,0.0,0.0,0.0,0.0,0.0,0.0,0,0,0,0,6.0,31.0,1,0,0,0,0,0,0,0,1.0,21.5,6.0,31.0,0,0,0,0,0,0,1,6,1,37,0,65,0,20,0.0,0.0,0.0,0.0,0.0,0.0,0.0,0.0
61898,53,17,44.0,153.0,44.0,44.0,44.0,0.0,153.0,153.0,153.0,0.0,61177.0,0.0,61177.0,61177.0,0.0,0.0,0.0,0.0,0.0,0.0,0.0,0.0,0.0,0.0,0,0,0,0,44.0,153.0,0,0,0,0,0,0,0,0,1.0,120.5,44.0,153.0,0,0,0,0,0,0,1,44,1,153,-1,-1,0,32,0.0,0.0,0.0,0.0,0.0,0.0,0.0,0.0
51785,53,17,64.0,570.0,32.0,32.0,32.0,0.0,285.0,285.0,285.0,0.0,10342.66,17910.695,31011.0,3.0,3.0,3.0,0.0,3.0,3.0,4.0,4.0,0.0,4.0,4.0,0,0,0,0,32.0,285.0,0,0,0,0,0,0,0,0,1.0,166.5,32.0,285.0,0,0,0,0,0,0,2,64,2,570,-1,-1,1,32,0.0,0.0,0.0,0.0,0.0,0.0,0.0,0.0
55964,443,6,12.0,0.0,6.0,6.0,6.0,0.0,0.0,0.0,0.0,0.0,5609894.0,0.0,5609894.0,5609894.0,5609894.0,5609894.0,0.0,5609894.0,5609894.0,0.0,0.0,0.0,0.0,0.0,0,0,0,0,6.0,6.0,0,0,0,0,1,0,0,0,0.0,9.0,6.0,0.0,0,0,0,0,0,0,2,12,0,0,16280,-1,1,20,0.0,0.0,0.0,0.0,0.0,0.0,0.0,0.0
443,37160,6,0.0,0.0,0.0,0.0,0.0,0.0,0.0,0.0,0.0,0.0,293.0,0.0,293.0,293.0,293.0,293.0,0.0,293.0,293.0,0.0,0.0,0.0,0.0,0.0,0,0,0,0,0.0,0.0,0,0,0,0,1,0,0,0,0.0,0.0,0.0,0.0,0,0,0,0,0,0,2,0,0,0,118,-1,0,32,0.0,0.0,0.0,0.0,0.0,0.0,0.0,0.0
60422,53,17,157.0,305.0,52.0,41.0,58.5,6.364,184.0,78.0,102.5,55.3778,38288098.66,62594936.304,108906595.0,51640.0,108912392.0,108912392.0,0.0,108912392.0,108912392.0,108017086.0,108017086.0,0.0,108017086.0,108017086.0,0,0,0,0,41.0,184.0,0,0,0,0,0,0,0,0,1.0,96.0,58.5,102.5,0,0,0,0,0,0,2,157,2,305,-1,-1,1,32,60750.0,0.0,60750.0,60750.0,108906593.0,0.0,108906593.0,108906593.0
60183,53,17,101.0,189.0,56.0,55.0,50.5,3.5355,98.0,87.0,94.5,3.2401,524824.0,988879.737,1684765.0,41278.0,1666552.0,1666552.0,0.0,1666552.0,1666552.0,1667807.0,1667807.0,0.0,1667807.0,1667807.0,0,0,0,0,55.0,98.0,0,0,0,0,0,0,0,0,1.0,89.75,50.5,94.5,0,0,0,0,0,0,2,101,2,189,-1,-1,1,32,0.0,0.0,0.0,0.0,0.0,0.0,0.0,0.0
60489,53,17,53.0,110.0,53.0,53.0,53.0,0.0,110.0,110.0,110.0,0.0,30485.0,0.0,30485.0,30485.0,0.0,0.0,0.0,0.0,0.0,0.0,0.0,0.0,0.0,0.0,0,0,0,0,53.0,110.0,0,0,0,0,0,0,0,0,1.0,108.0,53.0,110.0,0,0,0,0,0,0,1,53,1,110,-1,-1,0,32,0.0,0.0,0.0,0.0,0.0,0.0,0.0,0.0
51603,443,6,12.0,0.0,6.0,6.0,6.0,0.0,0.0,0.0,0.0,0.0,3.0,0.0,3.0,3.0,3.0,3.0,0.0,3.0,3.0,0.0,0.0,0.0,0.0,0.0,0,0,0,0,6.0,6.0,1,0,0,0,0,0,0,0,0.0,9.0,6.0,0.0,0,0,0,0,0,0,2,12,0,0,0,-1,1,20,0.0,0.0,0.0,0.0,0.0,0.0,0.0,0.0
62924,53,17,45.0,118.0,45.0,45.0,45.0,0.0,118.0,118.0,118.0,0.0,30518.0,0.0,30518.0,30518.0,0.0,0.0,0.0,0.0,0.0,0.0,0.0,0.0,0.0,0.0,0,0,0,0,45.0,118.0,0,0,0,0,0,0,0,0,1.0,104.0,45.0,118.0,0,0,0,0,0,0,1,45,1,118,-1,-1,0,40,0.0,0.0,0.0,0.0,0.0,0.0,0.0,0.0
54567,53,17,72.0,104.0,36.0,36.0,36.0,0.0,52.0,52.0,52.0,0.0,43.33,78.549,129.0,3.0,3.0,3.0,0.0,3.0,3.0,3.0,3.0,0.0,3.0,3.0,0,0,0,0,36.0,52.0,0,0,0,0,0,0,0,0,1.0,53.0,36.0,52.0,0,0,0,0,0,0,2,72,2,104,-1,-1,1,20,0.0,0.0,0.0,0.0,0.0,0.0,0.0,0.0
443,50719,6,37.0,0.0,37.0,0.0,18.5,26.163,0.0,0.0,0.0,0.0,4.0,0.0,4.0,4.0,4.0,4.0,0.0,4.0,4.0,0.0,0.0,0.0,0.0,0.0,1,0,0,0,0.0,37.0,0,1,0,0,1,0,0,0,0.0,37.0,18.5,0.0,0,0,0,0,0,0,2,37,0,0,114,-1,0,32,0.0,0.0,0.0,0.0,0.0,0.0,0.0,0.0
443,58712,6,0.0,0.0,0.0,0.0,0.0,0.0,0.0,0.0,0.0,0.0,160.0,0.0,160.0,160.0,0.0,0.0,0.0,0.0,0.0,0.0,0.0,0.0,0.0,0.0,0,0,0,0,0.0,0.0,0,0,0,0,1,1,0,0,1.0,0.0,0.0,0.0,0,0,0,0,0,0,1,0,1,0,63,33304,0,32,0.0,0.0,0.0,0.0,0.0,0.0,0.0,0.0
443,57199,6,0.0,0.0,0.0,0.0,0.0,0.0,0.0,0.0,0.0,0.0,43421.5,86757.818,170349.0,58.0,170445.0,170445.0,0.0,170445.0,170445.0,0.0,0.0,0.0,0.0,0.0,0,0,0,0,0.0,0.0,0,0,0,0,1,1,0,0,0.0,0.0,0.0,0.0,0,0,0,0,0,0,2,0,1,0,383,32832,0,32,0.0,0.0,0.0,0.0,0.0,0.0,0.0,0.0
60477,53,17,125.0,315.0,77.0,42.0,62.5,22.1213,233.0,62.0,157.5,82.8273,20341813.33,34289217.616,61949027.0,45021.0,61969952.0,61969952.0,0.0,61969952.0,61969952.0,61987679.0,61987679.0,0.0,61987679.0,61987679.0,0,0,0,0,42.0,233.0,0,0,0,0,0,0,0,0,1.0,127.5,62.5,157.5,0,0,0,0,0,0,2,125,2,315,-1,-1,1,20,30449.0,0.0,30449.0,30449.0,61949056.0,0.0,61949026.0,61949056.0
443,61197,6,43.0,6.0,37.0,6.0,21.5,21.9203,6.0,6.0,6.0,0.0,101.5,49.195,142.0,94.0,205.0,205.0,0.0,205.0,205.0,0.0,0.0,0.0,0.0,0.0,1,0,0,0,6.0,37.0,0,1,0,0,1,0,0,0,0.0,28.6667,21.5,6.0,0,0,0,0,0,0,2,43,1,6,292,0,1,20,0.0,0.0,0.0,0.0,0.0,0.0,0.0,0.0
60818,53,17,65.0,83.0,65.0,65.0,65.0,0.0,83.0,83.0,83.0,0.0,24235.0,0.0,24235.0,24235.0,0.0,0.0,0.0,0.0,0.0,0.0,0.0,0.0,0.0,0.0,0,0,0,0,65.0,83.0,0,0,0,0,0,0,0,0,1.0,106.5,65.0,83.0,0,0,0,0,0,0,1,65,1,83,-1,-1,0,20,0.0,0.0,0.0,0.0,0.0,0.0,0.0,0.0
53963,443,6,12.0,0.0,6.0,6.0,6.0,0.0,0.0,0.0,0.0,0.0,157.0,0.0,157.0,157.0,157.0,157.0,0.0,157.0,157.0,0.0,0.0,0.0,0.0,0.0,0,0,0,0,6.0,6.0,0,0,0,0,1,0,0,0,0.0,9.0,6.0,0.0,0,0,0,0,0,0,2,12,0,0,63572,-1,1,20,0.0,0.0,0.0,0.0,0.0,0.0,0.0,0.0
62548,53,17,53.0,115.0,53.0,53.0,53.0,0.0,115.0,115.0,115.0,0.0,30517.0,0.0,30517.0,30517.0,0.0,0.0,0.0,0.0,0.0,0.0,0.0,0.0,0.0,0.0,0,0,0,0,53.0,115.0,0,0,0,0,0,0,0,0,1.0,110.5,53.0,115.0,0,0,0,0,0,0,1,53,1,115,-1,-1,0,32,0.0,0.0,0.0,0.0,0.0,0.0,0.0,0.0
61568,53,17,93.0,460.0,56.0,37.0,46.5,13.435,366.0,115.0,230.0,138.1553,28330373.33,44461658.124,76075767.0,54895.0,76125757.0,76125757.0,0.0,76125757.0,76125757.0,76097049.0,76097049.0,0.0,76097049.0,76097049.0,0,0,0,0,37.0,366.0,0,0,0,0,0,0,0,0,1.0,139.5,46.5,230.0,0,0,0,0,0,0,2,93,2,460,-1,-1,1,32,69512.0,0.0,69512.0,69512.0,76075737.0,0.0,76075737.0,76075737.0
18269,53,17,66.0,180.0,33.0,33.0,33.0,0.0,90.0,90.0,90.0,0.0,10271.33,17798.561,30708.0,3.0,3.0,3.0,0.0,3.0,3.0,3.0,3.0,0.0,3.0,3.0,0,0,0,0,33.0,90.0,0,0,0,0,0,0,0,0,1.0,69.75,33.0,90.0,0,0,0,0,0,0,2,66,2,180,-1,-1,1,32,0.0,0.0,0.0,0.0,0.0,0.0,0.0,0.0
42219,80,6,1093.0,1778.0,1050.0,0.0,294.0,632.5241,1774.0,0.0,294.6667,721.409,185446.42,344912.731,604720.0,5.0,892852.0,146426.0,469362.386,694319.0,24984.0,1757375.0,352748.5,838086.275,713981.0,45.0,0,0,0,0,0.0,1774.0,0,0,0,1,0,0,0,0,1.0,341.375,294.0,294.6667,0,0,0,0,0,0,3,1093,3,1778,29200,245,1,32,0.0,0.0,0.0,0.0,0.0,0.0,0.0,0.0
58344,443,6,12.0,0.0,6.0,6.0,6.0,0.0,0.0,0.0,0.0,0.0,5801.0,0.0,5801.0,5801.0,5801.0,5801.0,0.0,5801.0,5801.0,0.0,0.0,0.0,0.0,0.0,0,0,0,0,6.0,6.0,0,0,0,0,1,0,0,0,0.0,9.0,6.0,0.0,0,0,0,0,0,0,2,12,0,0,251,-1,1,20,0.0,0.0,0.0,0.0,0.0,0.0,0.0,0.0
443,50906,6,6.0,6.0,6.0,6.0,6.0,0.0,6.0,6.0,6.0,0.0,24.0,0.0,24.0,24.0,0.0,0.0,0.0,0.0,0.0,0.0,0.0,0.0,0.0,0.0,0,0,0,0,6.0,6.0,0,0,0,0,1,1,0,0,1.0,9.0,6.0,6.0,0,0,0,0,0,0,1,6,1,6,60,255,0,20,0.0,0.0,0.0,0.0,0.0,0.0,0.0,0.0
443,55478,6,0.0,18.0,0.0,0.0,0.0,0.0,6.0,6.0,6.0,0.0,43374.5,86427.472,172704.0,1.0,172819.0,172819.0,0.0,172819.0,172819.0,4.0,2.0,1.414,3.0,1.0,0,0,0,0,0.0,6.0,0,0,0,0,1,0,0,0,1.0,3.6,0.0,6.0,0,0,0,0,0,0,2,0,3,18,114,0,0,32,0.0,0.0,0.0,0.0,0.0,0.0,0.0,0.0
60920,53,17,80.0,336.0,40.0,40.0,40.0,0.0,168.0,168.0,168.0,0.0,62.66,108.891,181.0,3.0,4.0,4.0,0.0,4.0,4.0,3.0,3.0,0.0,3.0,3.0,0,0,0,0,40.0,168.0,0,0,0,0,0,0,0,0,1.0,114.0,40.0,168.0,0,0,0,0,0,0,2,80,2,336,-1,-1,1,20,0.0,0.0,0.0,0.0,0.0,0.0,0.0,0.0
61320,53,17,64.0,157.0,64.0,64.0,64.0,0.0,157.0,157.0,157.0,0.0,105969.0,0.0,105969.0,105969.0,0.0,0.0,0.0,0.0,0.0,0.0,0.0,0.0,0.0,0.0,0,0,0,0,64.0,157.0,0,0,0,0,0,0,0,0,1.0,142.5,64.0,157.0,0,0,0,0,0,0,1,64,1,157,-1,-1,0,20,0.0,0.0,0.0,0.0,0.0,0.0,0.0,0.0
52889,443,6,352.0,3782.0,208.0,0.0,58.6667,87.8605,1460.0,0.0,630.3333,677.2171,23515.72,39928.869,85336.0,70.0,271320.0,56480.0,46603.366,90729.0,166.0,182128.0,36269.6,46226.832,95787.0,48.0,0,0,0,0,0.0,1460.0,0,0,0,1,0,0,0,0,1.0,344.5,58.6667,630.3333,0,0,0,0,0,0,6,352,6,3782,8192,60,5,20,0.0,0.0,0.0,0.0,0.0,0.0,0.0,0.0
123,123,17,48.0,48.0,48.0,48.0,48.0,0.0,48.0,48.0,48.0,0.0,184918.0,0.0,184918.0,184918.0,0.0,0.0,0.0,0.0,0.0,0.0,0.0,0.0,0.0,0.0,0,0,0,0,48.0,48.0,0,0,0,0,0,0,0,0,1.0,72.0,48.0,48.0,0,0,0,0,0,0,1,48,1,48,-1,-1,0,32,0.0,0.0,0.0,0.0,0.0,0.0,0.0,0.0
49279,53,17,68.0,100.0,34.0,34.0,34.0,0.0,50.0,50.0,50.0,0.0,70.0,110.273,202.0,0.0,0.0,0.0,0.0,0.0,0.0,1.0,1.0,0.0,1.0,1.0,0,0,0,0,34.0,50.0,0,0,0,0,0,0,0,0,1.0,50.5,34.0,50.0,0,0,0,0,0,0,2,68,2,100,-1,-1,1,20,0.0,0.0,0.0,0.0,0.0,0.0,0.0,0.0
61547,53,17,88.0,164.0,44.0,44.0,44.0,0.0,82.0,82.0,82.0,0.0,53.66,50.552,100.0,3.0,3.0,3.0,0.0,3.0,3.0,48.0,48.0,0.0,48.0,48.0,0,0,0,0,44.0,82.0,0,0,0,0,0,0,0,0,1.0,74.0,44.0,82.0,0,0,0,0,0,0,2,88,2,164,-1,-1,1,32,0.0,0.0,0.0,0.0,0.0,0.0,0.0,0.0
64488,53,17,144.0,218.0,36.0,36.0,36.0,0.0,109.0,109.0,109.0,0.0,18102.14,48147.286,129376.0,3.0,122219.0,40739.66,78953.433,122201.0,3.0,3.0,3.0,0.0,3.0,3.0,0,0,0,0,36.0,109.0,0,0,0,0,0,0,0,0,0.0,67.6667,36.0,109.0,0,0,0,0,0,0,4,144,2,218,-1,-1,3,20,0.0,0.0,0.0,0.0,0.0,0.0,0.0,0.0
51193,53,17,78.0,200.0,39.0,39.0,39.0,0.0,100.0,100.0,100.0,0.0,51.33,80.024,147.0,3.0,3.0,3.0,0.0,3.0,3.0,3.0,3.0,0.0,3.0,3.0,0,0,0,0,39.0,100.0,0,0,0,0,0,0,0,0,1.0,79.25,39.0,100.0,0,0,0,0,0,0,2,78,2,200,-1,-1,1,20,0.0,0.0,0.0,0.0,0.0,0.0,0.0,0.0
53379,443,6,375.0,4061.0,190.0,0.0,46.7778,72.8051,1480.0,0.0,792.2,779.1911,416595.81,1404888.682,5157557.0,4.0,5252070.0,737892.0,1937238.354,5157557.0,4.0,58521.0,11904.25,17483.874,27006.0,50.0,0,0,0,0,0.0,1480.0,0,0,0,1,0,0,0,0,0.0,369.1462,46.7778,792.2,0,0,0,0,0,0,9,375,5,4061,8192,119,8,20,308441.0,0.0,308441.0,308441.0,5157577.0,0.0,5157577.0,5157577.0
2168,443,6,364.0,3801.0,188.0,0.0,52.6667,77.8655,1460.0,2.0,681.5,665.1902,10196.11,14231.177,36672.0,1.0,88269.0,20396.8,16981.776,49151.0,4.0,93915.0,18433.0,20149.576,46398.0,1.0,0,0,0,0,0.0,1460.0,0,0,0,1,0,0,0,0,1.0,347.0,52.6667,681.5,0,0,0,0,0,0,6,364,6,3801,8192,30016,5,20,0.0,0.0,0.0,0.0,0.0,0.0,0.0,0.0
30462,53,17,74.0,138.0,37.0,37.0,37.0,0.0,69.0,69.0,69.0,0.0,48.33,72.733,138.0,3.0,3.0,3.0,0.0,3.0,3.0,4.0,4.0,0.0,4.0,4.0,0,0,0,0,37.0,69.0,0,0,0,0,0,0,0,0,1.0,62.25,37.0,69.0,0,0,0,0,0,0,2,74,2,138,-1,-1,1,32,0.0,0.0,0.0,0.0,0.0,0.0,0.0,0.0
443,54797,6,31.0,6.0,31.0,0.0,15.5,21.9203,6.0,6.0,6.0,0.0,23.5,20.767,46.0,1.0,1.0,1.0,0.0,1.0,1.0,0.0,0.0,0.0,0.0,0.0,1,0,0,0,0.0,31.0,0,1,0,0,1,0,0,0,0.0,22.6667,15.5,6.0,0,0,0,0,0,0,2,31,1,6,1006,0,0,32,0.0,0.0,0.0,0.0,0.0,0.0,0.0,0.0
52338,80,6,463.0,2267.0,453.0,0.0,142.6667,245.5738,2267.0,0.0,566.75,1133.5,11864.66,14640.085,21798.0,4.0,21225.0,10612.5,18730.076,21856.0,121.0,25747.0,8249.0,18778.673,23586.0,4.0,0,0,0,0,0.0,2267.0,0,0,0,1,0,0,0,0,1.0,385.4286,142.6667,566.75,0,0,0,0,0,0,3,463,4,2267,29200,235,1,32,0.0,0.0,0.0,0.0,0.0,0.0,0.0,0.0
54146,443,6,1218.0,1571.0,885.0,0.0,111.25,276.1195,1397.0,0.0,394.0,603.7975,3791.92,5650.908,15292.0,4.0,67942.0,6308.88,8489.215,26410.0,4.0,48812.0,8968.5,7373.364,15135.0,210.0,0,0,0,0,0.0,1397.0,0,0,0,1,0,0,0,0,0.0,206.3333,111.25,394.0,0,0,0,0,0,0,12,1218,5,1571,65535,32,11,20,0.0,0.0,0.0,0.0,0.0,0.0,0.0,0.0
49582,443,6,74.0,0.0,37.0,37.0,37.0,0.0,0.0,0.0,0.0,0.0,64064386.0,0.0,64064386.0,64064386.0,64064386.0,64064386.0,0.0,64064386.0,64064386.0,0.0,0.0,0.0,0.0,0.0,1,0,0,0,37.0,37.0,0,1,0,0,1,1,0,0,0.0,55.5,37.0,0.0,0,0,0,0,0,0,2,74,0,0,33304,-1,1,32,0.0,0.0,0.0,0.0,0.0,0.0,0.0,0.0
30698,53,17,64.0,158.0,32.0,32.0,32.0,0.0,79.0,79.0,79.0,0.0,49.33,74.6,141.0,3.0,3.0,3.0,0.0,3.0,3.0,3.0,3.0,0.0,3.0,3.0,0,0,0,0,32.0,79.0,0,0,0,0,0,0,0,0,1.0,63.5,32.0,79.0,0,0,0,0,0,0,2,64,2,158,-1,-1,1,32,0.0,0.0,0.0,0.0,0.0,0.0,0.0,0.0
56034,80,6,12.0,0.0,6.0,6.0,6.0,0.0,0.0,0.0,0.0,0.0,92.0,0.0,92.0,92.0,92.0,92.0,0.0,92.0,92.0,0.0,0.0,0.0,0.0,0.0,0,0,0,0,6.0,6.0,0,0,0,0,1,0,0,0,0.0,9.0,6.0,0.0,0,0,0,0,0,0,2,12,0,0,256,-1,1,20,0.0,0.0,0.0,0.0,0.0,0.0,0.0,0.0
52666,80,6,5514.0,41891.0,930.0,0.0,214.087,363.3679,3097.0,0.0,1531.8364,1005.6269,128685.52,610208.304,4997286.0,2.0,3822290.0,230718.08,485638.651,517494.0,199.0,3724566.0,233207.3,570406.128,2802270.0,3.0,0,0,0,0,0.0,3097.0,0,0,0,1,0,0,0,0,1.0,913.1433,214.087,1531.8364,0,0,0,0,0,0,28,5514,35,41891,8192,192,27,20,0.0,0.0,0.0,0.0,0.0,0.0,0.0,0.0
62125,53,17,42.0,283.0,42.0,42.0,42.0,0.0,283.0,283.0,283.0,0.0,362511.0,0.0,362511.0,362511.0,0.0,0.0,0.0,0.0,0.0,0.0,0.0,0.0,0.0,0.0,0,0,0,0,42.0,283.0,0,0,0,0,0,0,0,0,1.0,183.5,42.0,283.0,0,0,0,0,0,0,1,42,1,283,-1,-1,0,40,0.0,0.0,0.0,0.0,0.0,0.0,0.0,0.0
61263,53,17,56.0,117.0,56.0,56.0,56.0,0.0,117.0,117.0,117.0,0.0,48186.0,0.0,48186.0,48186.0,0.0,0.0,0.0,0.0,0.0,0.0,0.0,0.0,0.0,0.0,0,0,0,0,56.0,117.0,0,0,0,0,0,0,0,0,1.0,114.5,56.0,117.0,0,0,0,0,0,0,1,56,1,117,-1,-1,0,32,0.0,0.0,0.0,0.0,0.0,0.0,0.0,0.0
443,6121,6,12.0,0.0,6.0,6.0,6.0,0.0,0.0,0.0,0.0,0.0,3.0,0.0,3.0,3.0,3.0,3.0,0.0,3.0,3.0,0.0,0.0,0.0,0.0,0.0,0,0,0,0,6.0,6.0,0,0,0,0,1,0,0,0,0.0,9.0,6.0,0.0,0,0,0,0,0,0,2,12,0,0,5114,-1,1,20,0.0,0.0,0.0,0.0,0.0,0.0,0.0,0.0
443,44416,6,0.0,0.0,0.0,0.0,0.0,0.0,0.0,0.0,0.0,0.0,38.5,8.188,74.0,3.0,3.0,3.0,0.0,3.0,3.0,0.0,0.0,0.0,0.0,0.0,0,0,0,0,0.0,0.0,0,0,0,0,1,1,0,0,0.0,0.0,0.0,0.0,0,0,0,0,0,0,2,0,1,0,357,450,0,32,0.0,0.0,0.0,0.0,0.0,0.0,0.0,0.0
49769,443,6,617.0,164.0,517.0,0.0,88.1429,189.989,152.0,0.0,41.0,74.054,530391.5,1556484.725,4914994.0,3.0,5012985.0,860760.5,2037085.255,4986754.0,3.0,85306.0,28736.0,30790.965,67180.0,330.0,0,0,0,0,0.0,517.0,0,0,0,1,0,0,0,0,0.0,71.0,88.1429,41.0,0,0,0,0,0,0,7,617,4,164,29200,30,6,20,0.0,0.0,0.0,0.0,0.0,0.0,0.0,0.0
56761,443,6,6.0,6.0,6.0,6.0,6.0,0.0,6.0,6.0,6.0,0.0,113.0,0.0,113.0,113.0,0.0,0.0,0.0,0.0,0.0,0.0,0.0,0.0,0.0,0.0,0,0,0,0,6.0,6.0,0,0,0,0,1,0,0,0,1.0,9.0,6.0,6.0,0,0,0,0,0,0,1,6,1,6,253,364,0,20,0.0,0.0,0.0,0.0,0.0,0.0,0.0,0.0
60292,53,17,51.0,67.0,51.0,51.0,51.0,0.0,67.0,67.0,67.0,0.0,30354.0,0.0,30354.0,30354.0,0.0,0.0,0.0,0.0,0.0,0.0,0.0,0.0,0.0,0.0,0,0,0,0,51.0,67.0,0,0,0,0,0,0,0,0,1.0,84.5,51.0,67.0,0,0,0,0,0,0,1,51,1,67,-1,-1,0,20,0.0,0.0,0.0,0.0,0.0,0.0,0.0,0.0
443,45914,6,0.0,0.0,0.0,0.0,0.0,0.0,0.0,0.0,0.0,0.0,316.0,0.0,316.0,316.0,316.0,316.0,0.0,316.0,316.0,0.0,0.0,0.0,0.0,0.0,0,0,0,0,0.0,0.0,0,0,0,0,1,0,0,0,0.0,0.0,0.0,0.0,0,0,0,0,0,0,2,0,0,0,349,-1,0,32,0.0,0.0,0.0,0.0,0.0,0.0,0.0,0.0
40344,443,6,1036.0,597.0,517.0,0.0,179.3333,253.9775,305.0,0.0,109.7778,158.1167,452902.31,1315617.962,5178313.0,3.0,435508.0,109929.0,178457.05,272287.0,131.0,5456093.0,864639.83,2096293.7,5199784.0,3.0,0,0,0,0,0.0,517.0,0,0,0,1,0,0,0,0,1.0,142.9186,179.3333,109.7778,0,0,0,0,0,0,6,1036,7,597,29200,243,4,32,471292.0,0.0,471292.0,471292.0,5178369.0,0.0,5178369.0,5178369.0
62576,53,17,92.0,348.0,46.0,46.0,46.0,0.0,174.0,174.0,174.0,0.0,77175.33,128378.758,231511.0,4.0,4.0,4.0,0.0,4.0,4.0,4.0,4.0,0.0,4.0,4.0,0,0,0,0,46.0,174.0,0,0,0,0,0,0,0,0,1.0,121.5,46.0,174.0,0,0,0,0,0,0,2,92,2,348,-1,-1,1,32,0.0,0.0,0.0,0.0,0.0,0.0,0.0,0.0
64248,53,17,88.0,176.0,44.0,44.0,44.0,0.0,88.0,88.0,88.0,0.0,20949.0,36006.479,62842.0,3.0,48.0,48.0,0.0,48.0,48.0,3.0,3.0,0.0,3.0,3.0,0,0,0,0,44.0,88.0,0,0,0,0,0,0,0,0,1.0,77.0,44.0,88.0,0,0,0,0,0,0,2,88,2,176,-1,-1,1,32,0.0,0.0,0.0,0.0,0.0,0.0,0.0,0.0
443,49569,6,0.0,0.0,0.0,0.0,0.0,0.0,0.0,0.0,0.0,0.0,256.0,0.0,256.0,256.0,256.0,256.0,0.0,256.0,256.0,0.0,0.0,0.0,0.0,0.0,0,0,0,0,0.0,0.0,0,0,0,0,1,0,0,0,0.0,0.0,0.0,0.0,0,0,0,0,0,0,2,0,0,0,357,-1,0,32,0.0,0.0,0.0,0.0,0.0,0.0,0.0,0.0
60857,53,17,56.0,167.0,56.0,56.0,56.0,0.0,167.0,167.0,167.0,0.0,48065.0,0.0,48065.0,48065.0,0.0,0.0,0.0,0.0,0.0,0.0,0.0,0.0,0.0,0.0,0,0,0,0,56.0,167.0,0,0,0,0,0,0,0,0,1.0,139.5,56.0,167.0,0,0,0,0,0,0,1,56,1,167,-1,-1,0,40,0.0,0.0,0.0,0.0,0.0,0.0,0.0,0.0
63823,53,17,98.0,130.0,49.0,49.0,49.0,0.0,65.0,65.0,65.0,0.0,57.0,57.405,115.0,3.0,4.0,4.0,0.0,4.0,4.0,49.0,49.0,0.0,49.0,49.0,0,0,0,0,49.0,65.0,0,0,0,0,0,0,0,0,1.0,69.25,49.0,65.0,0,0,0,0,0,0,2,98,2,130,-1,-1,1,32,0.0,0.0,0.0,0.0,0.0,0.0,0.0,0.0
62761,443,6,738.0,975.0,485.0,0.0,73.6,152.4957,837.0,0.0,243.75,400.8145,8128.14,13459.69,32807.0,3.0,115044.0,11858.0,15247.08,33265.0,3.0,73632.0,20205.33,11589.4,33411.0,1865.0,0,0,0,0,0.0,837.0,0,0,0,1,0,0,0,0,0.0,122.2143,73.6,243.75,0,0,0,0,0,0,10,738,4,975,65535,61,5,32,0.0,0.0,0.0,0.0,0.0,0.0,0.0,0.0
80,56999,6,6.0,6.0,6.0,6.0,6.0,0.0,6.0,6.0,6.0,0.0,3.0,0.0,3.0,3.0,0.0,0.0,0.0,0.0,0.0,0.0,0.0,0.0,0.0,0.0,0,0,0,0,6.0,6.0,0,0,0,0,1,1,0,0,1.0,9.0,6.0,6.0,0,0,0,0,0,0,1,6,1,6,513,256,0,20,0.0,0.0,0.0,0.0,0.0,0.0,0.0,0.0
50130,1268,6,7490.0,3178.0,205.0,0.0,209.5,4.427,69.0,0.0,89.0909,0.0,617.59,2175.608,72506.0,1.0,55379.0,5250.97,4621.159,72506.0,1.0,50184.0,84.1,2547.341,12833.0,3.0,0,0,0,0,0.0,205.0,0,0,0,1,0,0,0,0,0.0,167.2346,209.5,89.0909,0,0,0,0,0,0,46,7490,36,3178,8192,2079,45,20,0.0,0.0,0.0,0.0,0.0,0.0,0.0,0.0
443,51875,6,12.0,0.0,6.0,6.0,6.0,0.0,0.0,0.0,0.0,0.0,3.0,0.0,3.0,3.0,3.0,3.0,0.0,3.0,3.0,0.0,0.0,0.0,0.0,0.0,0,0,0,0,6.0,6.0,0,0,0,0,1,0,0,0,0.0,9.0,6.0,0.0,0,0,0,0,0,0,2,12,0,0,30,-1,1,20,0.0,0.0,0.0,0.0,0.0,0.0,0.0,0.0
443,65197,6,6.0,6.0,6.0,6.0,6.0,0.0,6.0,6.0,6.0,0.0,23.0,0.0,23.0,23.0,0.0,0.0,0.0,0.0,0.0,0.0,0.0,0.0,0.0,0.0,0,0,0,0,6.0,6.0,0,0,0,0,1,1,0,0,1.0,9.0,6.0,6.0,0,0,0,0,0,0,1,6,1,6,31156,64209,0,20,0.0,0.0,0.0,0.0,0.0,0.0,0.0,0.0
54470,53,17,78.0,110.0,39.0,39.0,39.0,0.0,55.0,55.0,55.0,0.0,16717.0,28314.56,40101.0,1.0,1.0,1.0,0.0,1.0,1.0,4.0,4.0,0.0,4.0,4.0,0,0,0,0,39.0,55.0,0,0,0,0,0,0,0,0,1.0,56.75,39.0,55.0,0,0,0,0,0,0,2,78,2,110,-1,-1,1,20,0.0,0.0,0.0,0.0,0.0,0.0,0.0,0.0
61160,53,17,47.0,125.0,47.0,47.0,47.0,0.0,125.0,125.0,125.0,0.0,48995.0,0.0,48995.0,48995.0,0.0,0.0,0.0,0.0,0.0,0.0,0.0,0.0,0.0,0.0,0,0,0,0,47.0,125.0,0,0,0,0,0,0,0,0,1.0,109.5,47.0,125.0,0,0,0,0,0,0,1,47,1,125,-1,-1,0,32,0.0,0.0,0.0,0.0,0.0,0.0,0.0,0.0
51600,443,6,869.0,4506.0,518.0,0.0,153.1429,238.2698,1460.0,0.0,591.0,601.9549,13545.77,15492.975,32792.0,48.0,142340.0,20570.33,21641.747,62684.0,19119.0,97635.0,12169.44,19085.068,35830.0,48.0,0,0,0,0,0.0,1460.0,0,0,0,1,0,0,0,0,1.0,504.2886,153.1429,591.0,0,0,0,0,0,0,7,869,8,4506,8192,240,6,20,0.0,0.0,0.0,0.0,0.0,0.0,0.0,0.0
58828,80,6,588.0,80680.0,276.0,0.0,11.2808,57.6106,4344.0,0.0,1846.1952,801.5565,833431.19,2881682.77,10026671.0,0.0,116867921.0,1931224.13,3910882.095,10048026.0,149.0,110636357.0,1432531.75,3725442.765,10048005.0,48.0,0,0,0,0,0.0,4344.0,0,0,0,1,0,0,0,0,1.0,1077.3302,11.2808,1846.1952,0,0,0,0,0,0,46,588,66,80680,29200,340,1,32,38931.18,153844.848,579549.0,21949.0,10020873.27,3934.101,10026677.0,9999366.0
62151,443,6,1288.0,3597.0,917.0,0.0,111.25,266.5147,1397.0,0.0,415.7143,640.624,4595.7,6056.918,15624.0,1.0,71234.0,7189.0,7339.257,21488.0,1.0,46216.0,4515.16,5174.998,15185.0,1.0,0,0,0,0,0.0,1397.0,0,0,0,1,0,0,0,0,0.0,218.6814,111.25,415.7143,0,0,0,0,0,0,12,1288,7,3597,65535,32,11,20,0.0,0.0,0.0,0.0,0.0,0.0,0.0,0.0
443,56431,6,12.0,0.0,6.0,6.0,6.0,0.0,0.0,0.0,0.0,0.0,201.0,0.0,201.0,201.0,201.0,201.0,0.0,201.0,201.0,0.0,0.0,0.0,0.0,0.0,0,0,0,0,6.0,6.0,0,0,0,0,1,0,0,0,0.0,9.0,6.0,0.0,0,0,0,0,0,0,2,12,0,0,154,-1,1,20,0.0,0.0,0.0,0.0,0.0,0.0,0.0,0.0
42112,53,17,90.0,172.0,45.0,45.0,45.0,0.0,86.0,86.0,86.0,0.0,15601.66,27151.819,46897.0,3.0,3.0,3.0,0.0,3.0,3.0,4.0,4.0,0.0,4.0,4.0,0,0,0,0,45.0,86.0,0,0,0,0,0,0,0,0,1.0,76.75,45.0,86.0,0,0,0,0,0,0,2,90,2,172,-1,-1,1,32,0.0,0.0,0.0,0.0,0.0,0.0,0.0,0.0
50289,443,6,74.0,0.0,37.0,37.0,37.0,0.0,0.0,0.0,0.0,0.0,64060392.0,0.0,64060392.0,64060392.0,64060392.0,64060392.0,0.0,64060392.0,64060392.0,0.0,0.0,0.0,0.0,0.0,1,0,0,0,37.0,37.0,0,1,0,0,1,1,0,0,0.0,55.5,37.0,0.0,0,0,0,0,0,0,2,74,0,0,33304,-1,1,20,0.0,0.0,0.0,0.0,0.0,0.0,0.0,0.0
47168,443,6,12.0,0.0,6.0,6.0,6.0,0.0,0.0,0.0,0.0,0.0,3.0,0.0,3.0,3.0,3.0,3.0,0.0,3.0,3.0,0.0,0.0,0.0,0.0,0.0,0,0,0,0,6.0,6.0,1,0,0,0,0,0,0,0,0.0,9.0,6.0,0.0,0,0,0,0,0,0,2,12,0,0,0,-1,1,20,0.0,0.0,0.0,0.0,0.0,0.0,0.0,0.0
54256,443,6,2567.0,31192.0,209.0,0.0,73.1818,85.5612,2430.0,0.0,768.775,759.7004,1653065.5,9789177.319,58363758.0,1.0,118448765.0,3034007.4,13102378.378,58363158.0,19.0,118334023.0,2661473.3,14039285.16,58396110.0,1.0,0,0,0,0,0.0,2430.0,0,0,0,1,0,0,0,0,1.0,481.1342,73.1818,768.775,0,0,0,0,0,0,58,2567,48,31192,8192,381,57,20,365148.5,289872.741,697116.0,229109.0,58229124.5,364894.171,58363757.0,58073605.0
61399,53,17,61.0,77.0,61.0,61.0,61.0,0.0,77.0,77.0,77.0,0.0,31752.0,0.0,31752.0,31752.0,0.0,0.0,0.0,0.0,0.0,0.0,0.0,0.0,0.0,0.0,0,0,0,0,61.0,77.0,0,0,0,0,0,0,0,0,1.0,99.5,61.0,77.0,0,0,0,0,0,0,1,61,1,77,-1,-1,0,32,0.0,0.0,0.0,0.0,0.0,0.0,0.0,0.0
60679,53,17,76.0,180.0,38.0,38.0,38.0,0.0,90.0,90.0,90.0,0.0,7851.0,13666.577,23546.0,3.0,3.0,3.0,0.0,3.0,3.0,4.0,4.0,0.0,4.0,4.0,0,0,0,0,38.0,90.0,0,0,0,0,0,0,0,0,1.0,73.5,38.0,90.0,0,0,0,0,0,0,2,76,2,180,-1,-1,1,32,0.0,0.0,0.0,0.0,0.0,0.0,0.0,0.0
56777,80,6,517.0,802.0,435.0,0.0,32.3125,107.8605,796.0,0.0,57.7143,199.2599,4001106.1,4809197.663,10010942.0,39.0,116078558.0,7731036.4,4164139.098,10052027.0,96.0,111320799.0,8570529.23,3767079.029,10051755.0,26432.0,0,0,0,0,0.0,796.0,0,0,0,1,0,0,0,0,0.0,42.3,32.3125,57.7143,0,0,0,0,0,0,16,517,14,802,8192,288,15,20,47545.9,17763.34,78907.0,36898.0,9982773.09,13735.85,10010988.0,9809926.0
61991,53,17,88.0,120.0,44.0,44.0,44.0,0.0,60.0,60.0,60.0,0.0,59.0,58.925,126.0,4.0,4.0,4.0,0.0,4.0,4.0,48.0,48.0,0.0,48.0,48.0,0,0,0,0,44.0,60.0,0,0,0,0,0,0,0,0,1.0,63.0,44.0,60.0,0,0,0,0,0,0,2,88,2,120,-1,-1,1,20,0.0,0.0,0.0,0.0,0.0,0.0,0.0,0.0
443,41557,6,12.0,0.0,6.0,6.0,6.0,0.0,0.0,0.0,0.0,0.0,222.0,0.0,222.0,222.0,222.0,222.0,0.0,222.0,222.0,0.0,0.0,0.0,0.0,0.0,0,0,0,0,6.0,6.0,0,0,0,0,1,0,0,0,0.0,9.0,6.0,0.0,0,0,0,0,0,0,2,12,0,0,10030,-1,1,20,0.0,0.0,0.0,0.0,0.0,0.0,0.0,0.0
62186,53,17,47.0,108.0,47.0,47.0,47.0,0.0,108.0,108.0,108.0,0.0,47002.0,0.0,47002.0,47002.0,0.0,0.0,0.0,0.0,0.0,0.0,0.0,0.0,0.0,0.0,0,0,0,0,47.0,108.0,0,0,0,0,0,0,0,0,1.0,101.0,47.0,108.0,0,0,0,0,0,0,1,47,1,108,-1,-1,0,20,0.0,0.0,0.0,0.0,0.0,0.0,0.0,0.0
80,55756,6,7.0,0.0,1.0,6.0,6.5,0.7,0.0,0.0,0.0,0.0,2.0,0.0,2.0,2.0,2.0,2.0,0.0,2.0,2.0,0.0,0.0,0.0,0.0,0.0,0,0,0,0,6.0,1.0,0,0,0,0,1,0,0,0,0.0,9.0,6.5,0.0,0,0,0,0,0,0,2,7,0,0,946,-1,1,20,0.0,0.0,0.0,0.0,0.0,0.0,0.0,0.0
59091,53,17,88.0,120.0,44.0,44.0,44.0,0.0,60.0,60.0,60.0,0.0,68.66,115.892,199.0,3.0,3.0,3.0,0.0,3.0,3.0,3.0,3.0,0.0,3.0,3.0,0,0,0,0,44.0,60.0,0,0,0,0,0,0,0,0,1.0,63.0,44.0,60.0,0,0,0,0,0,0,2,88,2,120,-1,-1,1,20,0.0,0.0,0.0,0.0,0.0,0.0,0.0,0.0
63626,53,17,82.0,182.0,41.0,41.0,41.0,0.0,91.0,91.0,91.0,0.0,10284.33,17882.472,30807.0,2.0,3.0,3.0,0.0,3.0,3.0,2.0,2.0,0.0,2.0,2.0,0,0,0,0,41.0,91.0,0,0,0,0,0,0,0,0,1.0,76.25,41.0,91.0,0,0,0,0,0,0,2,82,2,182,-1,-1,1,32,0.0,0.0,0.0,0.0,0.0,0.0,0.0,0.0
59894,53,17,90.0,122.0,45.0,45.0,45.0,0.0,61.0,61.0,61.0,0.0,59.66,69.975,126.0,2.0,49.0,49.0,0.0,49.0,49.0,2.0,2.0,0.0,2.0,2.0,0,0,0,0,45.0,61.0,0,0,0,0,0,0,0,0,1.0,64.25,45.0,61.0,0,0,0,0,0,0,2,90,2,122,-1,-1,1,32,0.0,0.0,0.0,0.0,0.0,0.0,0.0,0.0
34806,443,6,2516.0,3239.0,937.0,0.0,125.7857,264.5752,1984.0,0.0,165.5294,380.7805,3257082.63,4687765.384,10027517.0,3.0,115821926.0,5769305.6,4979891.342,10089996.0,3.0,111965217.0,7636811.18,4864946.838,10080206.0,262.0,0,0,0,0,0.0,1984.0,0,0,0,1,0,0,0,0,0.0,137.15,125.7857,165.5294,0,0,0,0,0,0,21,2516,17,3239,29200,69,5,32,89637.18,30671.48,126081.0,36736.0,9616062.36,1329373.898,10027514.0,5259429.0
50932,53,17,60.0,264.0,30.0,30.0,30.0,0.0,132.0,132.0,132.0,0.0,56.0,97.572,162.0,4.0,4.0,4.0,0.0,4.0,4.0,4.0,4.0,0.0,4.0,4.0,0,0,0,0,30.0,132.0,0,0,0,0,0,0,0,0,1.0,88.5,30.0,132.0,0,0,0,0,0,0,2,60,2,264,-1,-1,1,20,0.0,0.0,0.0,0.0,0.0,0.0,0.0,0.0
53727,443,6,18.0,0.0,6.0,6.0,6.0,0.0,0.0,0.0,0.0,0.0,18016384.4,24637890.074,45003358.0,36936.0,90053034.0,45026517.0,8367.711,45023111.0,45023058.0,90054186.0,45022398.0,1404.262,45023396.0,45021459.0,0,0,0,0,0.0,6.0,0,0,0,0,1,0,0,0,1.0,4.0,6.0,0.0,0,0,0,0,0,0,3,18,3,0,253,118,2,20,63971.0,17.671,63177.0,63477.0,45000579.5,5119.157,45003359.0,44994084.0
62755,53,17,61.0,107.0,61.0,61.0,61.0,0.0,107.0,107.0,107.0,0.0,30467.0,0.0,30467.0,30467.0,0.0,0.0,0.0,0.0,0.0,0.0,0.0,0.0,0.0,0.0,0,0,0,0,61.0,107.0,0,0,0,0,0,0,0,0,1.0,114.5,61.0,107.0,0,0,0,0,0,0,1,61,1,107,-1,-1,0,32,0.0,0.0,0.0,0.0,0.0,0.0,0.0,0.0
51184,53,17,88.0,120.0,44.0,44.0,44.0,0.0,60.0,60.0,60.0,0.0,48.66,73.513,139.0,3.0,3.0,3.0,0.0,3.0,3.0,3.0,3.0,0.0,3.0,3.0,0,0,0,0,44.0,60.0,0,0,0,0,0,0,0,0,1.0,63.0,44.0,60.0,0,0,0,0,0,0,2,88,2,120,-1,-1,1,20,0.0,0.0,0.0,0.0,0.0,0.0,0.0,0.0
52906,443,6,18.0,0.0,6.0,6.0,6.0,0.0,0.0,0.0,0.0,0.0,72.0,83.817,160.0,3.0,224.0,112.0,193.031,221.0,3.0,0.0,0.0,0.0,0.0,0.0,0,0,0,0,0.0,6.0,1,0,0,0,0,0,0,0,0.0,6.0,6.0,0.0,0,0,0,0,0,0,3,18,1,0,0,972,2,20,0.0,0.0,0.0,0.0,0.0,0.0,0.0,0.0
50066,443,6,12.0,0.0,6.0,6.0,6.0,0.0,0.0,0.0,0.0,0.0,139.0,0.0,139.0,139.0,139.0,139.0,0.0,139.0,139.0,0.0,0.0,0.0,0.0,0.0,0,0,0,0,6.0,6.0,0,0,0,0,1,0,0,0,0.0,9.0,6.0,0.0,0,0,0,0,0,0,2,12,0,0,16428,-1,1,20,0.0,0.0,0.0,0.0,0.0,0.0,0.0,0.0
53477,443,6,0.0,0.0,0.0,0.0,0.0,0.0,0.0,0.0,0.0,0.0,11320.0,16001.402,22618.0,3.0,3.0,3.0,0.0,3.0,3.0,0.0,0.0,0.0,0.0,0.0,0,0,0,0,0.0,0.0,0,0,0,0,1,1,0,0,0.0,0.0,0.0,0.0,0,0,0,0,0,0,2,0,1,0,32832,357,0,32,0.0,0.0,0.0,0.0,0.0,0.0,0.0,0.0
65326,53,17,84.0,228.0,42.0,42.0,42.0,0.0,114.0,114.0,114.0,0.0,116.33,186.029,346.0,1.0,1.0,1.0,0.0,1.0,1.0,217.0,217.0,0.0,217.0,217.0,0,0,0,0,42.0,114.0,0,0,0,0,0,0,0,0,1.0,88.5,42.0,114.0,0,0,0,0,0,0,2,84,2,228,-1,-1,1,20,0.0,0.0,0.0,0.0,0.0,0.0,0.0,0.0
55864,53,17,52.0,84.0,26.0,26.0,26.0,0.0,42.0,42.0,42.0,0.0,53.66,85.232,154.0,3.0,3.0,3.0,0.0,3.0,3.0,4.0,4.0,0.0,4.0,4.0,0,0,0,0,26.0,42.0,0,0,0,0,0,0,0,0,1.0,40.5,26.0,42.0,0,0,0,0,0,0,2,52,2,84,-1,-1,1,20,0.0,0.0,0.0,0.0,0.0,0.0,0.0,0.0
23531,53,17,64.0,180.0,32.0,32.0,32.0,0.0,90.0,90.0,90.0,0.0,10214.66,17659.719,30684.0,1.0,1.0,1.0,0.0,1.0,1.0,4.0,4.0,0.0,4.0,4.0,0,0,0,0,32.0,90.0,0,0,0,0,0,0,0,0,1.0,69.0,32.0,90.0,0,0,0,0,0,0,2,64,2,180,-1,-1,1,20,0.0,0.0,0.0,0.0,0.0,0.0,0.0,0.0
60557,53,17,70.0,444.0,35.0,35.0,35.0,0.0,222.0,222.0,222.0,0.0,20473.66,35315.775,61315.0,3.0,3.0,3.0,0.0,3.0,3.0,3.0,3.0,0.0,3.0,3.0,0,0,0,0,35.0,222.0,0,0,0,0,0,0,0,0,1.0,137.25,35.0,222.0,0,0,0,0,0,0,2,70,2,444,-1,-1,1,32,0.0,0.0,0.0,0.0,0.0,0.0,0.0,0.0
9540,53,17,88.0,472.0,44.0,44.0,44.0,0.0,236.0,236.0,236.0,0.0,66.0,105.768,191.0,3.0,3.0,3.0,0.0,3.0,3.0,3.0,3.0,0.0,3.0,3.0,0,0,0,0,44.0,236.0,0,0,0,0,0,0,0,0,1.0,151.0,44.0,236.0,0,0,0,0,0,0,2,88,2,472,-1,-1,1,32,0.0,0.0,0.0,0.0,0.0,0.0,0.0,0.0
61218,53,17,114.0,468.0,58.0,56.0,57.0,1.4142,398.0,190.0,294.0,153.8854,1319409.66,2937632.469,5174210.0,30782.0,5223863.0,5223863.0,0.0,5223863.0,5223863.0,5174006.0,5174006.0,0.0,5174006.0,5174006.0,0,0,0,0,56.0,398.0,0,0,0,0,0,0,0,0,1.0,181.5,57.0,294.0,0,0,0,0,0,0,2,114,2,468,-1,-1,1,20,90654.0,0.0,90654.0,90654.0,5174202.0,0.0,5174202.0,5174202.0
61611,53,17,56.0,72.0,56.0,56.0,56.0,0.0,72.0,72.0,72.0,0.0,30709.0,0.0,30709.0,30709.0,0.0,0.0,0.0,0.0,0.0,0.0,0.0,0.0,0.0,0.0,0,0,0,0,56.0,72.0,0,0,0,0,0,0,0,0,1.0,92.0,56.0,72.0,0,0,0,0,0,0,1,56,1,72,-1,-1,0,20,0.0,0.0,0.0,0.0,0.0,0.0,0.0,0.0
61975,53,17,92.0,210.0,46.0,46.0,46.0,0.0,105.0,105.0,105.0,0.0,10342.66,17948.576,31024.0,3.0,3.0,3.0,0.0,3.0,3.0,49.0,49.0,0.0,49.0,49.0,0,0,0,0,46.0,105.0,0,0,0,0,0,0,0,0,1.0,87.0,46.0,105.0,0,0,0,0,0,0,2,92,2,210,-1,-1,1,32,0.0,0.0,0.0,0.0,0.0,0.0,0.0,0.0
443,60308,6,0.0,18.0,0.0,0.0,0.0,0.0,6.0,6.0,6.0,0.0,34340.75,59633.556,103595.0,2.0,103594.0,103594.0,0.0,103594.0,103594.0,4.0,2.0,1.414,3.0,2.0,0,0,0,0,0.0,6.0,0,0,0,0,1,0,0,0,1.0,3.6,0.0,6.0,0,0,0,0,0,0,2,0,3,18,976,0,0,32,0.0,0.0,0.0,0.0,0.0,0.0,0.0,0.0
59107,443,6,29.0,0.0,29.0,0.0,7.25,14.5,0.0,0.0,0.0,0.0,21878.33,37593.65,65497.0,3.0,65632.0,21844.66,32577.161,65497.0,3.0,0.0,0.0,0.0,0.0,0.0,0,0,0,0,0.0,29.0,0,0,0,0,1,0,0,0,0.0,7.25,7.25,0.0,0,0,0,0,0,0,4,29,0,0,33213,-1,1,32,0.0,0.0,0.0,0.0,0.0,0.0,0.0,0.0
54675,53,17,74.0,106.0,37.0,37.0,37.0,0.0,53.0,53.0,53.0,0.0,59.66,98.501,172.0,3.0,3.0,3.0,0.0,3.0,3.0,3.0,3.0,0.0,3.0,3.0,0,0,0,0,37.0,53.0,0,0,0,0,0,0,0,0,1.0,54.25,37.0,53.0,0,0,0,0,0,0,2,74,2,106,-1,-1,1,20,0.0,0.0,0.0,0.0,0.0,0.0,0.0,0.0
50348,53,17,72.0,196.0,36.0,36.0,36.0,0.0,98.0,98.0,98.0,0.0,10495.66,18166.938,31435.0,1.0,1.0,1.0,0.0,1.0,1.0,12.0,12.0,0.0,12.0,12.0,0,0,0,0,36.0,98.0,0,0,0,0,0,0,0,0,1.0,76.0,36.0,98.0,0,0,0,0,0,0,2,72,2,196,-1,-1,1,32,0.0,0.0,0.0,0.0,0.0,0.0,0.0,0.0
34052,443,6,635.0,157.0,517.0,0.0,90.7143,190.7072,157.0,0.0,39.25,78.5,706452.7,1874492.877,5861427.0,3.0,5069884.0,845922.66,2409752.767,5825775.0,3.0,133154.0,46351.33,52018.51,151985.0,546.0,0,0,0,0,0.0,517.0,0,0,0,1,0,0,0,0,0.0,72.0,90.7143,39.25,0,0,0,0,0,0,7,635,4,157,29200,118,3,32,117371.0,0.0,117371.0,117371.0,5861475.0,0.0,5861425.0,5861475.0
50555,443,6,352.0,3782.0,208.0,0.0,58.6667,87.8605,1460.0,0.0,630.3333,677.2171,24111.54,39442.543,85420.0,50.0,264134.0,52266.8,47928.711,88947.0,63.0,178972.0,35796.4,47030.778,88833.0,55.0,0,0,0,0,0.0,1460.0,0,0,0,1,0,0,0,0,1.0,344.5,58.6667,630.3333,0,0,0,0,0,0,6,352,6,3782,8192,60,5,20,0.0,0.0,0.0,0.0,0.0,0.0,0.0,0.0
62268,443,6,0.0,0.0,0.0,0.0,0.0,0.0,0.0,0.0,0.0,0.0,89801.0,0.0,89801.0,89801.0,0.0,0.0,0.0,0.0,0.0,0.0,0.0,0.0,0.0,0.0,0,0,0,0,0.0,0.0,0,0,0,0,1,1,0,0,1.0,0.0,0.0,0.0,0,0,0,0,0,0,1,0,1,0,578,5243,0,32,0.0,0.0,0.0,0.0,0.0,0.0,0.0,0.0
42174,80,6,0.0,0.0,0.0,0.0,0.0,0.0,0.0,0.0,0.0,0.0,1975262.33,3323768.07,5816060.0,56.0,5720406.0,2860203.0,4144268.399,5816060.0,52896.0,0.0,0.0,0.0,0.0,0.0,0,0,0,0,0.0,0.0,0,0,0,1,0,0,0,0,0.0,0.0,0.0,0.0,0,0,0,0,0,0,3,0,1,0,29200,28960,0,32,0.0,0.0,0.0,0.0,0.0,0.0,0.0,0.0
64904,443,6,853.0,799.0,565.0,0.0,80.3,171.9796,661.0,0.0,139.8,266.4847,11868.14,18627.785,40766.0,3.0,183072.0,17708.22,22098.427,62876.0,3.0,115248.0,25509.0,18053.946,30251.0,56.0,0,0,0,0,0.0,661.0,0,0,0,1,0,0,0,0,0.0,102.1333,80.3,139.8,0,0,0,0,0,0,10,853,5,799,65535,350,5,32,0.0,0.0,0.0,0.0,0.0,0.0,0.0,0.0
25447,53,17,92.0,284.0,46.0,46.0,46.0,0.0,142.0,142.0,142.0,0.0,58.66,95.167,169.0,3.0,3.0,3.0,0.0,3.0,3.0,4.0,4.0,0.0,4.0,4.0,0,0,0,0,46.0,142.0,0,0,0,0,0,0,0,0,1.0,105.5,46.0,142.0,0,0,0,0,0,0,2,92,2,284,-1,-1,1,40,0.0,0.0,0.0,0.0,0.0,0.0,0.0,0.0
54555,53,17,72.0,162.0,36.0,36.0,36.0,0.0,81.0,81.0,81.0,0.0,52.33,84.16,151.0,3.0,3.0,3.0,0.0,3.0,3.0,3.0,3.0,0.0,3.0,3.0,0,0,0,0,36.0,81.0,0,0,0,0,0,0,0,0,1.0,67.5,36.0,81.0,0,0,0,0,0,0,2,72,2,162,-1,-1,1,32,0.0,0.0,0.0,0.0,0.0,0.0,0.0,0.0
43278,80,6,0.0,0.0,0.0,0.0,0.0,0.0,0.0,0.0,0.0,0.0,1725944.33,3039825.619,5257780.0,22.0,5277729.0,2638864.5,3691873.321,5257780.0,23439.0,0.0,0.0,0.0,0.0,0.0,0,0,0,0,0.0,0.0,0,0,0,1,0,0,0,0,0.0,0.0,0.0,0.0,0,0,0,0,0,0,3,0,1,0,29200,28960,0,32,0.0,0.0,0.0,0.0,0.0,0.0,0.0,0.0
443,56480,6,0.0,0.0,0.0,0.0,0.0,0.0,0.0,0.0,0.0,0.0,54.0,0.0,54.0,54.0,0.0,0.0,0.0,0.0,0.0,0.0,0.0,0.0,0.0,0.0,0,0,0,0,0.0,0.0,0,0,0,0,1,1,0,0,1.0,0.0,0.0,0.0,0,0,0,0,0,0,1,0,1,0,357,32832,0,32,0.0,0.0,0.0,0.0,0.0,0.0,0.0,0.0
56797,443,6,12.0,0.0,6.0,6.0,6.0,0.0,0.0,0.0,0.0,0.0,13422577.0,0.0,13422577.0,13422577.0,13422577.0,13422577.0,0.0,13422577.0,13422577.0,0.0,0.0,0.0,0.0,0.0,0,0,0,0,6.0,6.0,0,0,0,0,1,0,0,0,0.0,9.0,6.0,0.0,0,0,0,0,0,0,2,12,0,0,1252,-1,1,20,0.0,0.0,0.0,0.0,0.0,0.0,0.0,0.0
61633,53,17,148.0,404.0,74.0,74.0,74.0,0.0,202.0,202.0,202.0,0.0,61.33,100.111,177.0,3.0,3.0,3.0,0.0,3.0,3.0,3.0,3.0,0.0,3.0,3.0,0,0,0,0,74.0,202.0,0,0,0,0,0,0,0,0,1.0,156.5,74.0,202.0,0,0,0,0,0,0,2,148,2,404,-1,-1,1,20,0.0,0.0,0.0,0.0,0.0,0.0,0.0,0.0
63813,53,17,68.0,170.0,34.0,34.0,34.0,0.0,85.0,85.0,85.0,0.0,67.33,115.133,206.0,3.0,3.0,3.0,0.0,3.0,3.0,3.0,3.0,0.0,3.0,3.0,0,0,0,0,34.0,85.0,0,0,0,0,0,0,0,0,1.0,68.0,34.0,85.0,0,0,0,0,0,0,2,68,2,170,-1,-1,1,20,0.0,0.0,0.0,0.0,0.0,0.0,0.0,0.0
443,63942,6,0.0,0.0,0.0,0.0,0.0,0.0,0.0,0.0,0.0,0.0,62.0,0.0,62.0,62.0,0.0,0.0,0.0,0.0,0.0,0.0,0.0,0.0,0.0,0.0,0,0,0,0,0.0,0.0,0,0,0,0,1,1,0,0,1.0,0.0,0.0,0.0,0,0,0,0,0,0,1,0,1,0,351,32832,0,32,0.0,0.0,0.0,0.0,0.0,0.0,0.0,0.0
57060,53,17,62.0,206.0,31.0,31.0,31.0,0.0,103.0,103.0,103.0,0.0,16194.0,27902.179,48570.0,3.0,47.0,47.0,0.0,47.0,47.0,3.0,3.0,0.0,3.0,3.0,0,0,0,0,31.0,103.0,0,0,0,0,0,0,0,0,1.0,74.75,31.0,103.0,0,0,0,0,0,0,2,62,2,206,-1,-1,1,20,0.0,0.0,0.0,0.0,0.0,0.0,0.0,0.0
61283,53,17,124.0,320.0,62.0,42.0,52.0,11.389,258.0,78.0,160.0,108.4541,4898605.0,8245620.079,14337479.0,24135.0,14408528.0,14408528.0,0.0,14408528.0,14408528.0,14487117.0,14487117.0,0.0,14487117.0,14487117.0,0,0,0,0,42.0,258.0,0,0,0,0,0,0,0,0,1.0,124.5,52.0,160.0,0,0,0,0,0,0,2,124,2,320,-1,-1,1,20,30611.0,0.0,30611.0,30611.0,14337491.0,0.0,14337491.0,14337491.0
443,53646,6,0.0,0.0,0.0,0.0,0.0,0.0,0.0,0.0,0.0,0.0,66.0,0.0,66.0,66.0,0.0,0.0,0.0,0.0,0.0,0.0,0.0,0.0,0.0,0.0,0,0,0,0,0.0,0.0,0,0,0,0,1,1,0,0,1.0,0.0,0.0,0.0,0,0,0,0,0,0,1,0,1,0,349,312,0,32,0.0,0.0,0.0,0.0,0.0,0.0,0.0,0.0
52020,80,6,0.0,0.0,0.0,0.0,0.0,0.0,0.0,0.0,0.0,0.0,1879483.66,3182143.686,5456969.0,81.0,5499079.0,2749539.5,3884060.702,5456969.0,23525.0,0.0,0.0,0.0,0.0,0.0,0,0,0,0,0.0,0.0,0,0,0,1,0,0,0,0,0.0,0.0,0.0,0.0,0,0,0,0,0,0,3,0,1,0,29200,65535,0,32,0.0,0.0,0.0,0.0,0.0,0.0,0.0,0.0
53037,80,6,435.0,746.0,435.0,0.0,27.1875,108.75,746.0,0.0,53.2857,199.3769,3977486.43,4972026.087,10216744.0,49.0,115592056.0,7724456.6,4386745.247,10240007.0,97.0,112499541.0,8668288.61,3819070.172,10240121.0,21291.0,0,0,0,0,0.0,746.0,0,0,0,1,0,0,0,0,0.0,39.3667,27.1875,53.2857,0,0,0,0,0,0,16,435,14,746,29200,340,1,32,45118.36,17093.688,76228.0,36987.0,10212865.36,32799.612,10216744.0,10106418.0
58696,443,6,1023.0,17981.0,776.0,0.0,56.2857,172.312,2896.0,0.0,785.3556,880.1986,3640056.72,4603758.256,10011076.0,18.0,115871568.0,6084196.06,4821011.101,10048027.0,18.0,110586686.0,7056042.53,5046379.514,10048724.0,58.0,0,0,0,0,0.0,2896.0,0,0,0,1,0,0,0,0,0.0,354.0273,56.2857,785.3556,0,0,0,0,0,0,27,1023,22,17981,8192,123,26,20,48513.45,26028.131,177616.0,28226.0,9604237.08,1418363.987,10011015.0,5117297.0
52875,443,6,37.0,0.0,37.0,0.0,9.25,18.5,0.0,0.0,0.0,0.0,14042047.33,23255373.899,29097583.0,3.0,29007098.0,4002333.0,15537530.51,29007583.0,3.0,0.0,0.0,0.0,0.0,0.0,0,0,0,0,0.0,37.0,0,0,0,0,1,0,0,0,0.0,9.25,9.25,0.0,0,0,0,0,0,0,4,37,0,0,33285,-1,1,32,3.0,0.0,3.0,3.0,29097521.0,0.0,29097581.0,29097521.0
52439,443,6,18.0,0.0,6.0,6.0,6.0,0.0,0.0,0.0,0.0,0.0,171.0,259.668,440.0,3.0,682.0,391.0,448.401,489.0,3.0,0.0,0.0,0.0,0.0,0.0,0,0,0,0,0.0,6.0,1,0,0,0,0,0,0,0,0.0,6.0,6.0,0.0,0,0,0,0,0,0,3,18,1,0,0,972,2,20,0.0,0.0,0.0,0.0,0.0,0.0,0.0,0.0
80,54241,6,0.0,0.0,0.0,0.0,0.0,0.0,0.0,0.0,0.0,0.0,28.0,0.0,28.0,28.0,0.0,0.0,0.0,0.0,0.0,0.0,0.0,0.0,0.0,0.0,0,0,0,0,0.0,0.0,0,0,0,0,1,1,0,0,1.0,0.0,0.0,0.0,0,0,0,0,0,0,1,0,1,0,283,229,0,32,0.0,0.0,0.0,0.0,0.0,0.0,0.0,0.0
59438,443,6,390.0,4844.0,209.0,0.0,43.4286,79.1059,1460.0,0.0,642.5714,689.526,359844.9,1397192.397,5227556.0,3.0,5395887.0,664616.37,2087550.967,5227556.0,3.0,77236.0,13882.0,16892.235,33256.0,48.0,0,0,0,0,0.0,1460.0,0,0,0,1,0,0,0,0,0.0,305.4294,43.4286,642.5714,0,0,0,0,0,0,9,390,7,4844,45535,946,8,20,124714.0,0.0,124714.0,124714.0,5227519.0,0.0,5227519.0,5227519.0
80,49136,6,0.0,0.0,0.0,0.0,0.0,0.0,0.0,0.0,0.0,0.0,1.0,0.0,1.0,1.0,1.0,1.0,0.0,1.0,1.0,0.0,0.0,0.0,0.0,0.0,0,0,0,0,0.0,0.0,0,0,0,0,1,1,0,0,0.0,0.0,0.0,0.0,0,0,0,0,0,0,2,0,0,0,905,-1,0,32,0.0,0.0,0.0,0.0,0.0,0.0,0.0,0.0
29454,53,17,88.0,188.0,44.0,44.0,44.0,0.0,94.0,94.0,94.0,0.0,57.33,91.016,163.0,3.0,3.0,3.0,0.0,3.0,3.0,3.0,3.0,0.0,3.0,3.0,0,0,0,0,44.0,94.0,0,0,0,0,0,0,0,0,1.0,80.0,44.0,94.0,0,0,0,0,0,0,2,88,2,188,-1,-1,1,32,0.0,0.0,0.0,0.0,0.0,0.0,0.0,0.0
8928,80,6,18.0,0.0,6.0,4.0,4.5,3.0,0.0,0.0,0.0,0.0,1942437.66,3304160.042,5856970.0,71.0,5878993.0,2978961.0,4160695.996,5856970.0,53209.0,0.0,0.0,0.0,0.0,0.0,0,0,0,0,0.0,6.0,0,0,0,1,0,0,0,0,0.0,3.0,4.5,0.0,0,0,0,0,0,0,4,18,1,0,8192,29200,3,20,0.0,0.0,0.0,0.0,0.0,0.0,0.0,0.0
51222,443,6,959.0,31190.0,517.0,0.0,39.5652,124.1702,2896.0,0.0,1164.4529,956.9029,1198851.02,3382125.215,10116410.0,0.0,62246095.0,2970808.0,4626853.998,10240012.0,13.0,66075553.0,2895869.42,4354103.244,10240098.0,1.0,0,0,0,0,0.0,2896.0,0,0,0,1,0,0,0,0,1.0,632.6273,39.5652,1164.4529,0,0,0,0,0,0,26,959,37,31190,29200,123,4,32,221171.0,637910.799,1110034.0,50482.0,9977405.85,359526.06,10116410.0,9275807.0
54142,443,6,942.0,4024.0,543.0,0.0,69.3077,144.3386,1448.0,0.0,287.4,526.9782,2152463.0,4100671.719,10029415.0,4.0,60753809.0,4368106.68,5188994.906,10080000.0,150.0,60587027.0,4636507.81,5166283.138,10080424.0,18.0,0,0,0,0,0.0,1448.0,0,0,0,1,0,0,0,0,0.0,163.653,69.3077,287.4,0,0,0,0,0,0,15,942,15,4024,29200,114,3,32,72553.16,138877.365,322915.0,50103.0,9950461.5,275759.394,10029411.0,9688998.0
42971,80,6,0.0,0.0,0.0,0.0,0.0,0.0,0.0,0.0,0.0,0.0,1836870.66,3159670.901,5459598.0,38.0,5499852.0,2749926.0,3817365.227,5459598.0,29193.0,0.0,0.0,0.0,0.0,0.0,0,0,0,0,0.0,0.0,0,0,0,1,0,0,0,0,0.0,0.0,0.0,0.0,0,0,0,0,0,0,3,0,1,0,29200,65535,0,32,0.0,0.0,0.0,0.0,0.0,0.0,0.0,0.0
60803,53,17,70.0,102.0,35.0,35.0,35.0,0.0,51.0,51.0,51.0,0.0,58.66,62.123,128.0,3.0,3.0,3.0,0.0,3.0,3.0,48.0,48.0,0.0,48.0,48.0,0,0,0,0,35.0,51.0,0,0,0,0,0,0,0,0,1.0,51.75,35.0,51.0,0,0,0,0,0,0,2,70,2,102,-1,-1,1,32,0.0,0.0,0.0,0.0,0.0,0.0,0.0,0.0
60349,53,17,54.0,110.0,54.0,54.0,54.0,0.0,110.0,110.0,110.0,0.0,30582.0,0.0,30582.0,30582.0,0.0,0.0,0.0,0.0,0.0,0.0,0.0,0.0,0.0,0.0,0,0,0,0,54.0,110.0,0,0,0,0,0,0,0,0,1.0,109.0,54.0,110.0,0,0,0,0,0,0,1,54,1,110,-1,-1,0,32,0.0,0.0,0.0,0.0,0.0,0.0,0.0,0.0
443,48924,6,31.0,0.0,31.0,0.0,15.5,21.9203,0.0,0.0,0.0,0.0,3.0,0.0,3.0,3.0,3.0,3.0,0.0,3.0,3.0,0.0,0.0,0.0,0.0,0.0,1,0,0,0,0.0,31.0,0,1,0,0,1,0,0,0,0.0,31.0,15.5,0.0,0,0,0,0,0,0,2,31,0,0,63,-1,0,32,0.0,0.0,0.0,0.0,0.0,0.0,0.0,0.0
52111,443,6,998.0,6715.0,517.0,0.0,131.75,208.2505,1867.0,0.0,839.625,823.6614,299869.42,885448.824,2377791.0,4.0,3599499.0,369664.42,1190693.281,2377791.0,226.0,98758.0,19609.71,14510.915,38170.0,4.0,0,0,0,0,0.0,1867.0,0,0,0,1,0,0,0,0,1.0,452.0,131.75,839.625,0,0,0,0,0,0,8,998,8,6715,8192,245,7,20,0.0,0.0,0.0,0.0,0.0,0.0,0.0,0.0
55868,443,6,29.0,0.0,29.0,0.0,5.8,12.9692,0.0,0.0,0.0,0.0,14656.0,25513.951,53447.0,1.0,53614.0,13953.0,21424.034,53447.0,1.0,0.0,0.0,0.0,0.0,0.0,0,0,0,0,0.0,29.0,0,0,0,0,1,0,0,0,0.0,5.8,5.8,0.0,0,0,0,0,0,0,5,29,0,0,33061,-1,1,32,0.0,0.0,0.0,0.0,0.0,0.0,0.0,0.0
51643,443,6,1601.0,8689.0,725.0,0.0,105.5556,204.412,1418.0,0.0,799.5,689.9761,11715.33,20112.023,51515.0,2.0,388315.0,20237.53,27831.914,52685.0,2.0,228289.0,28529.44,35711.504,81407.0,2.0,0,0,0,0,0.0,1418.0,0,0,0,1,0,0,0,0,0.0,393.7667,105.5556,799.5,0,0,0,0,0,0,18,1601,14,8689,65535,362,6,32,0.0,0.0,0.0,0.0,0.0,0.0,0.0,0.0
54254,443,6,3325.0,180751.0,581.0,0.0,42.7568,125.3213,4194.0,0.0,1550.1579,776.6803,772582.95,5961789.731,49997621.0,1.0,89210578.0,2368095.25,8147832.379,49997821.0,1.0,89623706.0,1246899.08,7665584.004,49991087.0,1.0,0,0,0,0,0.0,4194.0,0,0,0,1,0,0,0,0,1.0,1309.1818,42.7568,1550.1579,0,0,0,0,0,0,5,3325,115,180751,8192,147,54,20,907767.0,2402341.197,1660678.0,36642.0,49410112.0,938434.248,49997628.0,49950631.0
55885,80,6,804.0,45529.0,345.0,0.0,31.6062,103.1248,2920.0,0.0,1125.76,1171.4221,1316577.4,3413537.369,10003208.0,12.0,116081383.0,3528922.05,4718554.641,10032002.0,233.0,111200463.0,2526258.96,4183255.698,10031268.0,47.0,0,0,0,0,0.0,2920.0,0,0,0,1,0,0,0,0,1.0,670.8488,31.6062,1125.76,0,0,0,0,0,0,42,804,45,45529,8192,62,41,20,45731.81,128923.545,742176.0,23194.0,10002640.54,7367.607,10003205.0,9999400.0
443,55268,6,0.0,0.0,0.0,0.0,0.0,0.0,0.0,0.0,0.0,0.0,64.0,0.0,64.0,64.0,0.0,0.0,0.0,0.0,0.0,0.0,0.0,0.0,0.0,0.0,0,0,0,0,0.0,0.0,0,0,0,0,1,1,0,0,1.0,0.0,0.0,0.0,0,0,0,0,0,0,1,0,1,0,82,33304,0,32,0.0,0.0,0.0,0.0,0.0,0.0,0.0,0.0
80,41006,6,6.0,6.0,6.0,6.0,6.0,0.0,6.0,6.0,6.0,0.0,82.0,0.0,82.0,82.0,0.0,0.0,0.0,0.0,0.0,0.0,0.0,0.0,0.0,0.0,0,0,0,0,6.0,6.0,0,0,0,0,1,1,0,0,1.0,9.0,6.0,6.0,0,0,0,0,0,0,1,6,1,6,913,253,0,20,0.0,0.0,0.0,0.0,0.0,0.0,0.0,0.0
52674,443,6,1551.0,23648.0,1105.0,0.0,64.5182,248.4531,2860.0,0.0,1166.2143,743.724,7748.5,25739.611,149541.0,2.0,463356.0,13391.36,37552.519,141611.0,2.0,320182.0,15074.22,41259.541,142535.0,48.0,0,0,0,0,0.0,2860.0,0,0,0,1,0,0,0,0,1.0,690.4867,64.5182,1166.2143,0,0,0,0,0,0,17,1551,18,23648,65535,362,16,20,0.0,0.0,0.0,0.0,0.0,0.0,0.0,0.0
52396,80,6,1210.0,134725.0,321.0,0.0,27.863,84.2617,2920.0,0.0,1378.4545,652.8622,272046.48,1526203.843,10007697.0,4.0,48275479.0,973078.19,2729205.853,10029590.0,9.0,47567777.0,343128.2,1873164.094,10020892.0,4.0,0,0,0,0,0.0,2920.0,0,0,0,1,0,0,0,0,1.0,1031.5849,27.863,1378.4545,0,0,0,0,0,0,59,1210,253,134725,29200,32060,58,20,256898.75,514981.766,2010341.0,115596.0,10006452.71,4776.665,10007690.0,9993655.0
57738,80,6,411.0,3137.0,411.0,0.0,65.1429,158.884,1745.0,0.0,769.6667,806.7225,77217.28,114746.509,212558.0,4.0,712333.0,164458.16,161284.7,214444.0,48.0,513155.0,174715.5,213356.697,212610.0,592.0,0,0,0,0,0.0,1745.0,0,0,0,1,0,0,0,0,0.0,324.9143,65.1429,769.6667,0,0,0,0,0,0,7,411,3,3137,65535,1060,1,32,0.0,0.0,0.0,0.0,0.0,0.0,0.0,0.0
60704,443,6,1305.0,8935.0,1083.0,0.0,150.875,385.7241,1645.0,0.0,791.7778,744.3439,81048.6,207606.826,758168.0,3.0,1990018.0,137031.36,210537.717,750174.0,3.0,143831.0,10946.1,23089.473,81358.0,3.0,0,0,0,0,0.0,1645.0,0,0,0,1,0,0,0,0,1.0,570.805,150.875,791.7778,0,0,0,0,0,0,8,1305,11,8935,65535,64,5,32,0.0,0.0,0.0,0.0,0.0,0.0,0.0,0.0
56676,53,17,90.0,122.0,45.0,45.0,45.0,0.0,61.0,61.0,61.0,0.0,16984.0,29058.275,50956.0,3.0,4.0,4.0,0.0,4.0,4.0,3.0,3.0,0.0,3.0,3.0,0,0,0,0,45.0,61.0,0,0,0,0,0,0,0,0,1.0,64.25,45.0,61.0,0,0,0,0,0,0,2,90,2,122,-1,-1,1,20,0.0,0.0,0.0,0.0,0.0,0.0,0.0,0.0
64678,443,6,0.0,0.0,0.0,0.0,0.0,0.0,0.0,0.0,0.0,0.0,32003.0,0.0,32003.0,32003.0,3.0,3.0,0.0,3.0,3.0,0.0,0.0,0.0,0.0,0.0,0,0,0,0,0.0,0.0,0,0,0,0,1,1,0,0,0.0,0.0,0.0,0.0,0,0,0,0,0,0,2,0,0,0,32832,-1,0,32,0.0,0.0,0.0,0.0,0.0,0.0,0.0,0.0
47025,80,6,1437.0,122949.0,333.0,0.0,35.4118,94.2486,4344.0,0.0,1682.9492,1029.2834,602316.88,2359237.249,10153538.0,2.0,117317870.0,1052435.84,3556192.227,10240016.0,3.0,114672945.0,949739.66,2863944.128,10244491.0,2.0,0,0,0,0,0.0,4344.0,0,0,0,1,0,0,0,0,1.0,975.37,35.4118,1682.9492,0,0,0,0,0,0,92,1437,36,122949,29200,1039,5,32,536978.27,1290400.372,5526236.0,14987.0,10063864.81,63634.901,10153536.0,10003289.0
50143,443,6,1109.0,582.0,501.0,0.0,67.9375,157.1148,62.0,0.0,35.5714,21.6785,3202737.42,4641653.201,10015223.0,2.0,116100766.0,6076204.26,4895741.706,10126854.0,3.0,110671268.0,6515321.53,4798628.515,10125690.0,177.0,0,0,0,0,0.0,501.0,0,0,0,1,0,0,0,0,0.0,56.8368,67.9375,35.5714,0,0,0,0,0,0,22,1109,17,582,29200,61,4,32,67299.81,23301.311,276334.0,36246.0,9603672.58,1432249.047,10015222.0,5343128.0
443,50776,6,31.0,6.0,31.0,0.0,15.5,21.9203,6.0,6.0,6.0,0.0,27.0,31.112,48.0,3.0,3.0,3.0,0.0,3.0,3.0,0.0,0.0,0.0,0.0,0.0,1,0,0,0,0.0,31.0,0,1,0,0,1,0,0,0,0.0,22.6667,15.5,6.0,0,0,0,0,0,0,2,31,1,6,1106,0,0,32,0.0,0.0,0.0,0.0,0.0,0.0,0.0,0.0
43650,443,6,313.0,4654.0,196.0,0.0,42.375,79.9093,1448.0,0.0,721.5,722.3386,392799.81,1482241.281,5692607.0,3.0,5854179.0,739063.14,1965589.325,5692607.0,3.0,120507.0,27809.4,32123.955,69304.0,49.0,0,0,0,0,0.0,1448.0,0,0,0,1,0,0,0,0,0.0,321.4625,42.375,721.5,0,0,0,0,0,0,8,313,6,4654,29200,939,3,32,218771.0,0.0,218771.0,218771.0,5692615.0,0.0,5692605.0,5692615.0
443,39784,6,0.0,0.0,0.0,0.0,0.0,0.0,0.0,0.0,0.0,0.0,42.0,0.0,42.0,42.0,0.0,0.0,0.0,0.0,0.0,0.0,0.0,0.0,0.0,0.0,0,0,0,0,0.0,0.0,0,0,0,0,1,1,0,0,1.0,0.0,0.0,0.0,0,0,0,0,0,0,1,0,1,0,8192,339,0,32,0.0,0.0,0.0,0.0,0.0,0.0,0.0,0.0
56075,53,17,72.0,328.0,36.0,36.0,36.0,0.0,164.0,164.0,164.0,0.0,10299.0,17758.338,30890.0,3.0,4.0,4.0,0.0,4.0,4.0,3.0,3.0,0.0,3.0,3.0,0,0,0,0,36.0,164.0,0,0,0,0,0,0,0,0,1.0,109.0,36.0,164.0,0,0,0,0,0,0,2,72,2,328,-1,-1,1,32,0.0,0.0,0.0,0.0,0.0,0.0,0.0,0.0
61934,53,17,53.0,116.0,53.0,53.0,53.0,0.0,116.0,116.0,116.0,0.0,477.0,0.0,477.0,477.0,0.0,0.0,0.0,0.0,0.0,0.0,0.0,0.0,0.0,0.0,0,0,0,0,53.0,116.0,0,0,0,0,0,0,0,0,1.0,111.0,53.0,116.0,0,0,0,0,0,0,1,53,1,116,-1,-1,0,20,0.0,0.0,0.0,0.0,0.0,0.0,0.0,0.0
80,61448,6,6.0,6.0,6.0,6.0,6.0,0.0,6.0,6.0,6.0,0.0,30.0,0.0,30.0,30.0,0.0,0.0,0.0,0.0,0.0,0.0,0.0,0.0,0.0,0.0,0,0,0,0,6.0,6.0,0,0,0,0,1,1,0,0,1.0,9.0,6.0,6.0,0,0,0,0,0,0,1,6,1,6,8190,65535,0,20,0.0,0.0,0.0,0.0,0.0,0.0,0.0,0.0
2105,53,17,104.0,220.0,52.0,52.0,52.0,0.0,110.0,110.0,110.0,0.0,63.66,68.147,139.0,3.0,3.0,3.0,0.0,3.0,3.0,48.0,48.0,0.0,48.0,48.0,0,0,0,0,52.0,110.0,0,0,0,0,0,0,0,0,1.0,94.0,52.0,110.0,0,0,0,0,0,0,2,104,2,220,-1,-1,1,32,0.0,0.0,0.0,0.0,0.0,0.0,0.0,0.0
64228,53,17,72.0,414.0,36.0,36.0,36.0,0.0,207.0,207.0,207.0,0.0,20417.0,35349.167,61294.0,3.0,3.0,3.0,0.0,3.0,3.0,49.0,49.0,0.0,49.0,49.0,0,0,0,0,36.0,207.0,0,0,0,0,0,0,0,0,1.0,130.5,36.0,207.0,0,0,0,0,0,0,2,72,2,414,-1,-1,1,32,0.0,0.0,0.0,0.0,0.0,0.0,0.0,0.0
57429,53,17,74.0,262.0,37.0,37.0,37.0,0.0,131.0,131.0,131.0,0.0,10414.33,18012.859,31233.0,3.0,3.0,3.0,0.0,3.0,3.0,48.0,48.0,0.0,48.0,48.0,0,0,0,0,37.0,131.0,0,0,0,0,0,0,0,0,1.0,93.25,37.0,131.0,0,0,0,0,0,0,2,74,2,262,-1,-1,1,20,0.0,0.0,0.0,0.0,0.0,0.0,0.0,0.0
63425,53,17,52.0,616.0,26.0,26.0,26.0,0.0,308.0,308.0,308.0,0.0,55507.0,93352.61,156407.0,47.0,47.0,47.0,0.0,47.0,47.0,47.0,47.0,0.0,47.0,47.0,0,0,0,0,26.0,308.0,0,0,0,0,0,0,0,0,1.0,176.5,26.0,308.0,0,0,0,0,0,0,2,52,2,616,-1,-1,1,20,0.0,0.0,0.0,0.0,0.0,0.0,0.0,0.0
443,53611,6,12.0,6.0,6.0,6.0,6.0,0.0,6.0,6.0,6.0,0.0,30.5,34.949,50.0,3.0,3.0,3.0,0.0,3.0,3.0,0.0,0.0,0.0,0.0,0.0,0,0,0,0,6.0,6.0,0,0,0,0,1,1,0,0,0.0,8.0,6.0,6.0,0,0,0,0,0,0,2,12,1,6,32,32850,1,20,0.0,0.0,0.0,0.0,0.0,0.0,0.0,0.0
64277,443,6,974.0,7387.0,469.0,0.0,64.9333,134.266,1581.0,0.0,671.5455,745.9321,13344.12,24536.198,93671.0,1.0,398717.0,23214.71,28490.351,95696.0,1.0,268518.0,23703.1,38064.618,103781.0,3.0,0,0,0,0,0.0,1581.0,0,0,0,1,0,0,0,0,0.0,321.5769,64.9333,671.5455,0,0,0,0,0,0,15,974,11,7387,65535,357,6,32,0.0,0.0,0.0,0.0,0.0,0.0,0.0,0.0
443,57674,6,43.0,0.0,31.0,6.0,14.3333,14.4338,0.0,0.0,0.0,0.0,2.5,2.826,4.0,1.0,5.0,2.5,2.121,4.0,1.0,0.0,0.0,0.0,0.0,0.0,0,0,0,0,6.0,31.0,0,0,0,0,1,0,0,0,0.0,16.3333,14.3333,0.0,0,0,0,0,0,0,3,43,0,0,120,-1,2,20,0.0,0.0,0.0,0.0,0.0,0.0,0.0,0.0
4725,53,17,74.0,198.0,37.0,37.0,37.0,0.0,99.0,99.0,99.0,0.0,69.33,119.911,202.0,2.0,3.0,3.0,0.0,3.0,3.0,2.0,2.0,0.0,2.0,2.0,0,0,0,0,37.0,99.0,0,0,0,0,0,0,0,0,1.0,77.25,37.0,99.0,0,0,0,0,0,0,2,74,2,198,-1,-1,1,32,0.0,0.0,0.0,0.0,0.0,0.0,0.0,0.0
80,52924,6,0.0,0.0,0.0,0.0,0.0,0.0,0.0,0.0,0.0,0.0,58.0,0.0,58.0,58.0,0.0,0.0,0.0,0.0,0.0,0.0,0.0,0.0,0.0,0.0,0,0,0,0,0.0,0.0,0,0,0,0,1,1,0,0,1.0,0.0,0.0,0.0,0,0,0,0,0,0,1,0,1,0,62,33304,0,32,0.0,0.0,0.0,0.0,0.0,0.0,0.0,0.0
40986,53,17,68.0,250.0,34.0,34.0,34.0,0.0,125.0,125.0,125.0,0.0,38199.33,65916.921,114598.0,1.0,1.0,1.0,0.0,1.0,1.0,3.0,3.0,0.0,3.0,3.0,0,0,0,0,34.0,125.0,0,0,0,0,0,0,0,0,1.0,88.0,34.0,125.0,0,0,0,0,0,0,2,68,2,250,-1,-1,1,32,0.0,0.0,0.0,0.0,0.0,0.0,0.0,0.0
63708,443,6,707.0,3049.0,469.0,0.0,58.9167,135.742,1413.0,0.0,448.125,632.3789,13374.52,29070.454,86662.0,1.0,291478.0,23397.54,31332.654,88610.0,49.0,194949.0,36315.0,39610.281,88911.0,2.0,0,0,0,0,0.0,1413.0,0,0,0,1,0,0,0,0,0.0,197.8088,58.9167,448.125,0,0,0,0,0,0,12,707,8,3049,65535,349,5,32,0.0,0.0,0.0,0.0,0.0,0.0,0.0,0.0
58026,80,6,437.0,859.0,437.0,0.0,145.6667,252.3021,859.0,0.0,214.75,429.5,8124.5,11885.021,23288.0,4.0,23358.0,21679.0,2965.168,23397.0,23364.0,24090.0,8066.66,13867.127,23520.0,4.0,0,0,0,0,0.0,859.0,0,0,0,1,0,0,0,0,1.0,185.0,145.6667,214.75,0,0,0,0,0,0,3,437,4,859,29200,31,1,32,0.0,0.0,0.0,0.0,0.0,0.0,0.0,0.0
56728,53,17,180.0,662.0,45.0,45.0,45.0,0.0,331.0,331.0,331.0,0.0,8456.2,14656.956,30382.0,1.0,30375.0,10128.0,17513.142,30322.0,1.0,3.0,3.0,0.0,3.0,3.0,0,0,0,0,45.0,331.0,0,0,0,0,0,0,0,0,0.0,146.1667,45.0,331.0,0,0,0,0,0,0,4,180,2,662,-1,-1,3,20,0.0,0.0,0.0,0.0,0.0,0.0,0.0,0.0
80,62296,6,6.0,6.0,6.0,6.0,6.0,0.0,6.0,6.0,6.0,0.0,52.0,0.0,52.0,52.0,0.0,0.0,0.0,0.0,0.0,0.0,0.0,0.0,0.0,0.0,0,0,0,0,6.0,6.0,0,0,0,0,1,1,0,0,1.0,9.0,6.0,6.0,0,0,0,0,0,0,1,6,1,6,913,16560,0,20,0.0,0.0,0.0,0.0,0.0,0.0,0.0,0.0
50746,443,6,1258.0,18358.0,901.0,0.0,51.2,183.6588,1460.0,0.0,1069.4706,669.0264,2493.75,6022.992,18880.0,1.0,70451.0,3625.94,7234.244,39881.0,1.0,43823.0,3165.15,5064.249,17379.0,1.0,0,0,0,0,0.0,1460.0,0,0,0,1,0,0,0,0,0.0,500.0821,51.2,1069.4706,0,0,0,0,0,0,20,1258,19,18358,65535,32,29,20,0.0,0.0,0.0,0.0,0.0,0.0,0.0,0.0
62791,53,17,45.0,77.0,45.0,45.0,45.0,0.0,77.0,77.0,77.0,0.0,30543.0,0.0,30543.0,30543.0,0.0,0.0,0.0,0.0,0.0,0.0,0.0,0.0,0.0,0.0,0,0,0,0,45.0,77.0,0,0,0,0,0,0,0,0,1.0,83.5,45.0,77.0,0,0,0,0,0,0,1,45,1,77,-1,-1,0,44,0.0,0.0,0.0,0.0,0.0,0.0,0.0,0.0
443,34445,6,0.0,0.0,0.0,0.0,0.0,0.0,0.0,0.0,0.0,0.0,55.0,0.0,55.0,55.0,0.0,0.0,0.0,0.0,0.0,0.0,0.0,0.0,0.0,0.0,0,0,0,0,0.0,0.0,0,0,0,0,1,1,0,0,1.0,0.0,0.0,0.0,0,0,0,0,0,0,1,0,1,0,187,424,0,32,0.0,0.0,0.0,0.0,0.0,0.0,0.0,0.0
56744,53,17,94.0,226.0,47.0,47.0,47.0,0.0,113.0,113.0,113.0,0.0,10322.33,17879.708,30967.0,3.0,3.0,3.0,0.0,3.0,3.0,4.0,4.0,0.0,4.0,4.0,0,0,0,0,47.0,113.0,0,0,0,0,0,0,0,0,1.0,91.75,47.0,113.0,0,0,0,0,0,0,2,94,2,226,-1,-1,1,32,0.0,0.0,0.0,0.0,0.0,0.0,0.0,0.0
62036,53,17,84.0,204.0,42.0,42.0,42.0,0.0,102.0,102.0,102.0,0.0,79.33,135.233,231.0,3.0,3.0,3.0,0.0,3.0,3.0,3.0,3.0,0.0,3.0,3.0,0,0,0,0,42.0,102.0,0,0,0,0,0,0,0,0,1.0,82.5,42.0,102.0,0,0,0,0,0,0,2,84,2,204,-1,-1,1,32,0.0,0.0,0.0,0.0,0.0,0.0,0.0,0.0
62210,53,17,80.0,176.0,40.0,40.0,40.0,0.0,88.0,88.0,88.0,0.0,10276.0,17736.091,30722.0,1.0,1.0,1.0,0.0,1.0,1.0,3.0,3.0,0.0,3.0,3.0,0,0,0,0,40.0,88.0,0,0,0,0,0,0,0,0,1.0,74.0,40.0,88.0,0,0,0,0,0,0,2,80,2,176,-1,-1,1,32,0.0,0.0,0.0,0.0,0.0,0.0,0.0,0.0
48068,53,17,90.0,164.0,45.0,45.0,45.0,0.0,82.0,82.0,82.0,0.0,57.33,54.133,121.0,1.0,1.0,1.0,0.0,1.0,1.0,48.0,48.0,0.0,48.0,48.0,0,0,0,0,45.0,82.0,0,0,0,0,0,0,0,0,1.0,74.75,45.0,82.0,0,0,0,0,0,0,2,90,2,164,-1,-1,1,32,0.0,0.0,0.0,0.0,0.0,0.0,0.0,0.0
44948,80,6,0.0,0.0,0.0,0.0,0.0,0.0,0.0,0.0,0.0,0.0,23306.0,0.0,23306.0,23306.0,0.0,0.0,0.0,0.0,0.0,0.0,0.0,0.0,0.0,0.0,0,0,0,0,0.0,0.0,0,0,0,0,1,1,0,0,1.0,0.0,0.0,0.0,0,0,0,0,0,0,1,0,1,0,270,239,0,32,0.0,0.0,0.0,0.0,0.0,0.0,0.0,0.0
443,55721,6,0.0,0.0,0.0,0.0,0.0,0.0,0.0,0.0,0.0,0.0,4.0,0.0,4.0,4.0,4.0,4.0,0.0,4.0,4.0,0.0,0.0,0.0,0.0,0.0,0,0,0,0,0.0,0.0,0,0,0,0,1,0,0,0,0.0,0.0,0.0,0.0,0,0,0,0,0,0,2,0,0,0,349,-1,0,32,0.0,0.0,0.0,0.0,0.0,0.0,0.0,0.0
59921,443,6,1020.0,10634.0,517.0,0.0,45.3687,116.0731,1478.0,0.0,602.1364,677.4751,2104085.57,4004109.439,10000289.0,2.0,116060684.0,4407732.58,4951588.659,10048000.0,4.0,110978756.0,4618021.8,5096760.822,10046854.0,48.0,0,0,0,0,0.0,1478.0,0,0,0,1,0,0,0,0,1.0,365.3264,45.3687,602.1364,0,0,0,0,0,0,24,1020,21,10634,8192,980,23,20,34310.54,48194.162,156534.0,17556.0,10000320.81,8987.297,10000286.0,9997388.0
44164,443,6,792.0,3840.0,245.0,0.0,48.0,85.16,1596.0,0.0,294.1111,594.4511,2658960.61,4410383.684,10026750.0,4.0,116162715.0,5897365.28,4979041.021,10103913.0,4.0,112695514.0,5026371.17,5191989.036,10100249.0,216.0,0,0,0,0,0.0,1596.0,0,0,0,1,0,0,0,0,0.0,148.9439,48.0,294.1111,0,0,0,0,0,0,23,792,22,3840,29200,118,5,32,188806.45,132887.878,629547.0,41991.0,10027274.0,8164.778,10026758.0,9959361.0
52321,53,17,60.0,264.0,30.0,30.0,30.0,0.0,132.0,132.0,132.0,0.0,70.66,82.384,160.0,3.0,3.0,3.0,0.0,3.0,3.0,48.0,48.0,0.0,48.0,48.0,0,0,0,0,30.0,132.0,0,0,0,0,0,0,0,0,1.0,88.5,30.0,132.0,0,0,0,0,0,0,2,60,2,264,-1,-1,1,20,0.0,0.0,0.0,0.0,0.0,0.0,0.0,0.0
38856,443,6,356.0,3275.0,202.0,0.0,59.3333,82.2248,1448.0,0.0,655.0,677.4186,23917.25,39940.252,86518.0,27.0,261821.0,52124.2,47158.437,90313.0,199.0,178215.0,35203.0,49715.502,90546.0,48.0,0,0,0,0,0.0,1448.0,0,0,0,1,0,0,0,0,0.0,278.3167,59.3333,655.0,0,0,0,0,0,0,6,356,5,3275,29200,118,2,32,0.0,0.0,0.0,0.0,0.0,0.0,0.0,0.0
443,42568,6,12.0,0.0,6.0,6.0,6.0,0.0,0.0,0.0,0.0,0.0,999643.0,0.0,999643.0,999643.0,999643.0,999643.0,0.0,999643.0,999643.0,0.0,0.0,0.0,0.0,0.0,0,0,0,0,6.0,6.0,0,0,0,0,1,0,0,0,0.0,9.0,6.0,0.0,0,0,0,0,0,0,2,12,0,0,254,-1,1,20,0.0,0.0,0.0,0.0,0.0,0.0,0.0,0.0
58311,443,6,74.0,0.0,37.0,37.0,37.0,0.0,0.0,0.0,0.0,0.0,64065135.0,0.0,64065135.0,64065135.0,64065135.0,64065135.0,0.0,64065135.0,64065135.0,0.0,0.0,0.0,0.0,0.0,1,0,0,0,37.0,37.0,0,1,0,0,1,1,0,0,0.0,55.5,37.0,0.0,0,0,0,0,0,0,2,74,0,0,33304,-1,1,32,0.0,0.0,0.0,0.0,0.0,0.0,0.0,0.0
443,59946,6,6.0,6.0,6.0,6.0,6.0,0.0,6.0,6.0,6.0,0.0,33.0,0.0,33.0,33.0,0.0,0.0,0.0,0.0,0.0,0.0,0.0,0.0,0.0,0.0,0,0,0,0,6.0,6.0,0,0,0,0,1,1,0,0,1.0,9.0,6.0,6.0,0,0,0,0,0,0,1,6,1,6,30,255,0,20,0.0,0.0,0.0,0.0,0.0,0.0,0.0,0.0
58733,443,6,12.0,6.0,6.0,6.0,6.0,0.0,6.0,6.0,6.0,0.0,3994.5,5524.009,7980.0,22.0,7989.0,7989.0,0.0,7989.0,7989.0,0.0,0.0,0.0,0.0,0.0,0,0,0,0,6.0,6.0,1,0,0,0,0,0,0,0,0.0,8.0,6.0,6.0,0,0,0,0,0,0,2,12,1,6,0,292,1,20,0.0,0.0,0.0,0.0,0.0,0.0,0.0,0.0
50472,53,17,92.0,284.0,46.0,46.0,46.0,0.0,142.0,142.0,142.0,0.0,51.0,82.677,146.0,3.0,3.0,3.0,0.0,3.0,3.0,3.0,3.0,0.0,3.0,3.0,0,0,0,0,46.0,142.0,0,0,0,0,0,0,0,0,1.0,105.5,46.0,142.0,0,0,0,0,0,0,2,92,2,284,-1,-1,1,32,0.0,0.0,0.0,0.0,0.0,0.0,0.0,0.0
62371,53,17,105.0,259.0,54.0,51.0,52.5,2.1213,152.0,118.0,129.5,37.2497,35105974.33,62762546.313,106340841.0,36881.0,106341942.0,106341942.0,0.0,106341942.0,106341942.0,106394701.0,106394701.0,0.0,106394701.0,106394701.0,0,0,0,0,51.0,152.0,0,0,0,0,0,0,0,0,1.0,100.25,52.5,129.5,0,0,0,0,0,0,2,105,2,259,-1,-1,1,32,23959.0,0.0,23959.0,23959.0,106340826.0,0.0,106340826.0,106340826.0
60114,53,17,45.0,61.0,45.0,45.0,45.0,0.0,61.0,61.0,61.0,0.0,23291.0,0.0,23291.0,23291.0,0.0,0.0,0.0,0.0,0.0,0.0,0.0,0.0,0.0,0.0,0,0,0,0,45.0,61.0,0,0,0,0,0,0,0,0,1.0,75.5,45.0,61.0,0,0,0,0,0,0,1,45,1,61,-1,-1,0,32,0.0,0.0,0.0,0.0,0.0,0.0,0.0,0.0
61009,53,17,62.0,182.0,31.0,31.0,31.0,0.0,91.0,91.0,91.0,0.0,10306.0,17840.7,30912.0,3.0,3.0,3.0,0.0,3.0,3.0,3.0,3.0,0.0,3.0,3.0,0,0,0,0,31.0,91.0,0,0,0,0,0,0,0,0,1.0,68.75,31.0,91.0,0,0,0,0,0,0,2,62,2,182,-1,-1,1,32,0.0,0.0,0.0,0.0,0.0,0.0,0.0,0.0
5965,443,6,995.0,7886.0,431.0,0.0,61.3471,136.9829,1460.0,0.0,438.5556,596.2199,2104660.38,4049613.363,10004027.0,3.0,90693796.0,4068120.36,4986008.393,10016598.0,1677.0,95629911.0,4161581.83,4915434.568,10016776.0,4.0,0,0,0,0,0.0,1460.0,0,0,0,1,0,0,0,0,1.0,252.2615,61.3471,438.5556,0,0,0,0,0,0,17,995,29,7886,8192,123,16,20,135163.71,162012.898,502839.0,22864.0,9979733.81,1946.551,10004029.0,9955279.0
61017,53,17,46.0,90.0,46.0,46.0,46.0,0.0,90.0,90.0,90.0,0.0,60950.0,0.0,60950.0,60950.0,0.0,0.0,0.0,0.0,0.0,0.0,0.0,0.0,0.0,0.0,0,0,0,0,46.0,90.0,0,0,0,0,0,0,0,0,1.0,91.0,46.0,90.0,0,0,0,0,0,0,1,46,1,90,-1,-1,0,20,0.0,0.0,0.0,0.0,0.0,0.0,0.0,0.0
443,54218,6,12.0,6.0,6.0,6.0,6.0,0.0,6.0,6.0,6.0,0.0,26.5,38.697,49.0,4.0,49.0,49.0,0.0,49.0,49.0,0.0,0.0,0.0,0.0,0.0,0,0,0,0,6.0,6.0,0,0,0,0,1,1,0,0,0.0,8.0,6.0,6.0,0,0,0,0,0,0,2,12,1,6,32,32850,1,20,0.0,0.0,0.0,0.0,0.0,0.0,0.0,0.0
62044,53,17,106.0,232.0,53.0,53.0,53.0,0.0,116.0,116.0,116.0,0.0,57.33,94.285,166.0,2.0,2.0,2.0,0.0,2.0,2.0,3.0,3.0,0.0,3.0,3.0,0,0,0,0,53.0,116.0,0,0,0,0,0,0,0,0,1.0,90.75,53.0,116.0,0,0,0,0,0,0,2,106,2,232,-1,-1,1,32,0.0,0.0,0.0,0.0,0.0,0.0,0.0,0.0
443,5116,6,37.0,0.0,31.0,6.0,18.5,17.6777,0.0,0.0,0.0,0.0,2.0,0.0,2.0,2.0,2.0,2.0,0.0,2.0,2.0,0.0,0.0,0.0,0.0,0.0,1,0,0,0,6.0,31.0,0,1,0,0,1,0,0,0,0.0,34.0,18.5,0.0,0,0,0,0,0,0,2,37,0,0,114,-1,1,20,0.0,0.0,0.0,0.0,0.0,0.0,0.0,0.0
443,46506,6,0.0,0.0,0.0,0.0,0.0,0.0,0.0,0.0,0.0,0.0,55.0,0.0,55.0,55.0,0.0,0.0,0.0,0.0,0.0,0.0,0.0,0.0,0.0,0.0,0,0,0,0,0.0,0.0,0,0,0,0,1,1,0,0,1.0,0.0,0.0,0.0,0,0,0,0,0,0,1,0,1,0,383,1345,0,32,0.0,0.0,0.0,0.0,0.0,0.0,0.0,0.0
55732,443,6,510.0,4229.0,206.0,0.0,55.0,72.8211,1430.0,0.0,455.875,621.3996,12681.07,19604.611,59963.0,1.0,211436.0,13449.11,19264.27,54792.0,12.0,82599.0,15712.42,22304.073,53792.0,1.0,0,0,0,0,0.0,1430.0,0,0,0,1,0,0,0,0,0.0,235.0,55.0,455.875,0,0,0,0,0,0,10,510,8,4229,8192,351,9,20,0.0,0.0,0.0,0.0,0.0,0.0,0.0,0.0
63129,443,6,1015.0,25348.0,565.0,0.0,45.6343,123.3651,2860.0,0.0,1221.7879,711.8483,115111.91,553812.103,4994616.0,1.0,5341613.0,28938.22,964471.849,1016713.0,1.0,5234812.0,358471.53,557130.713,4995933.0,2.0,0,0,0,0,0.0,2860.0,0,0,0,1,0,0,0,0,1.0,702.5076,45.6343,1221.7879,0,0,0,0,0,0,29,1015,26,25348,8192,362,28,20,0.0,0.0,0.0,0.0,0.0,0.0,0.0,0.0
80,55155,6,6.0,6.0,6.0,6.0,6.0,0.0,6.0,6.0,6.0,0.0,57.0,0.0,57.0,57.0,0.0,0.0,0.0,0.0,0.0,0.0,0.0,0.0,0.0,0.0,0,0,0,0,6.0,6.0,0,0,0,0,1,1,0,0,1.0,9.0,6.0,6.0,0,0,0,0,0,0,1,6,1,6,112,256,0,20,0.0,0.0,0.0,0.0,0.0,0.0,0.0,0.0
56433,443,6,356.0,3782.0,212.0,0.0,59.3333,89.2248,1460.0,0.0,630.3333,677.2171,23224.0,39239.179,85999.0,82.0,250475.0,52235.0,46031.576,87945.0,97.0,175623.0,35110.6,46357.486,87759.0,48.0,0,0,0,0,0.0,1460.0,0,0,0,1,0,0,0,0,1.0,344.8333,59.3333,630.3333,0,0,0,0,0,0,6,356,6,3782,8192,60,5,20,0.0,0.0,0.0,0.0,0.0,0.0,0.0,0.0
443,53718,6,31.0,0.0,31.0,0.0,15.5,21.9203,0.0,0.0,0.0,0.0,2.0,0.0,2.0,2.0,2.0,2.0,0.0,2.0,2.0,0.0,0.0,0.0,0.0,0.0,1,0,0,0,0.0,31.0,0,1,0,0,1,0,0,0,0.0,31.0,15.5,0.0,0,0,0,0,0,0,2,31,0,0,59,-1,0,32,0.0,0.0,0.0,0.0,0.0,0.0,0.0,0.0
36612,80,6,434.0,1860.0,434.0,0.0,27.125,108.5,1860.0,0.0,126.4286,470.5741,3978457.22,4883492.867,10216065.0,4.0,116384412.0,7687071.73,4475121.508,10240037.0,32676.0,112686746.0,8683008.69,3818906.165,10240217.0,1822.0,0,0,0,0,0.0,1860.0,0,0,0,1,0,0,0,0,0.0,73.4667,27.125,126.4286,0,0,0,0,0,0,16,434,14,1860,29200,939,1,32,47519.09,19303.694,48749.0,22954.0,10209526.54,35822.633,10216061.0,10064038.0
443,53451,6,37.0,0.0,31.0,6.0,18.5,17.6777,0.0,0.0,0.0,0.0,3.0,0.0,3.0,3.0,3.0,3.0,0.0,3.0,3.0,0.0,0.0,0.0,0.0,0.0,1,0,0,0,6.0,31.0,0,1,0,0,1,0,0,0,0.0,34.0,18.5,0.0,0,0,0,0,0,0,2,37,0,0,16,-1,1,20,0.0,0.0,0.0,0.0,0.0,0.0,0.0,0.0
11455,53,17,70.0,178.0,35.0,35.0,35.0,0.0,89.0,89.0,89.0,0.0,109.66,235.202,327.0,1.0,1.0,1.0,0.0,1.0,1.0,48.0,48.0,0.0,48.0,48.0,0,0,0,0,35.0,89.0,0,0,0,0,0,0,0,0,1.0,70.75,35.0,89.0,0,0,0,0,0,0,2,70,2,178,-1,-1,1,32,0.0,0.0,0.0,0.0,0.0,0.0,0.0,0.0
443,60807,6,6.0,6.0,6.0,6.0,6.0,0.0,6.0,6.0,6.0,0.0,16.0,0.0,16.0,16.0,0.0,0.0,0.0,0.0,0.0,0.0,0.0,0.0,0.0,0.0,0,0,0,0,6.0,6.0,0,0,0,0,1,1,0,0,1.0,9.0,6.0,6.0,0,0,0,0,0,0,1,6,1,6,29200,256,0,20,0.0,0.0,0.0,0.0,0.0,0.0,0.0,0.0
64724,53,17,98.0,314.0,49.0,49.0,49.0,0.0,157.0,157.0,157.0,0.0,20221.33,35013.711,60662.0,4.0,4.0,4.0,0.0,4.0,4.0,4.0,4.0,0.0,4.0,4.0,0,0,0,0,49.0,157.0,0,0,0,0,0,0,0,0,1.0,115.25,49.0,157.0,0,0,0,0,0,0,2,98,2,314,-1,-1,1,20,0.0,0.0,0.0,0.0,0.0,0.0,0.0,0.0
9414,443,6,1168.0,1032.0,901.0,0.0,98.25,256.1683,865.0,0.0,106.8571,324.1005,3474.73,5877.421,15065.0,3.0,91087.0,5321.09,9956.705,26493.0,3.0,41208.0,3679.33,7031.494,15249.0,4.0,0,0,0,0,0.0,965.0,0,0,0,1,0,0,0,0,0.0,111.9353,98.25,106.8571,0,0,0,0,0,0,16,1168,7,1032,65535,32,15,20,0.0,0.0,0.0,0.0,0.0,0.0,0.0,0.0
49612,443,6,1031.0,281675.0,441.0,0.0,4.3124,57.9708,4380.0,0.0,1899.9605,938.3537,696862.61,6870124.096,58922250.0,2.0,65762118.0,1934246.54,9714129.198,58922242.0,44.0,673205.0,1403.6,33393.983,288404.0,2.0,0,0,0,0,0.0,4380.0,0,0,0,1,0,0,0,0,1.0,1049.95,4.3124,1899.9605,0,0,0,0,0,0,73,1031,176,281675,8192,292,72,20,216838.0,0.0,216838.0,216838.0,58922225.0,0.0,58922255.0,58922225.0
34605,443,6,12.0,6.0,6.0,6.0,6.0,0.0,6.0,6.0,6.0,0.0,11508.0,18125.162,23127.0,35.0,32.0,32.0,0.0,32.0,32.0,0.0,0.0,0.0,0.0,0.0,0,0,0,0,6.0,6.0,1,0,0,0,0,0,0,0,0.0,8.0,6.0,6.0,0,0,0,0,0,0,2,12,1,6,0,0,1,20,0.0,0.0,0.0,0.0,0.0,0.0,0.0,0.0
59852,53,17,66.0,166.0,33.0,33.0,33.0,0.0,83.0,83.0,83.0,0.0,61.66,101.036,178.0,3.0,4.0,4.0,0.0,4.0,4.0,3.0,3.0,0.0,3.0,3.0,0,0,0,0,33.0,83.0,0,0,0,0,0,0,0,0,1.0,66.25,33.0,83.0,0,0,0,0,0,0,2,66,2,166,-1,-1,1,44,0.0,0.0,0.0,0.0,0.0,0.0,0.0,0.0
62220,80,6,1797.0,2569.0,673.0,0.0,149.0833,271.6774,595.0,0.0,506.5,248.7535,2834016.5,4586176.129,9992661.0,35.0,51214118.0,5313011.0,5131282.043,10020663.0,242847.0,61152856.0,6703696.42,4820313.258,10026531.0,2857.0,0,0,0,0,0.0,695.0,0,0,0,1,0,0,0,0,1.0,333.1789,149.0833,506.5,0,0,0,0,0,0,12,1797,12,2569,8192,1074,11,20,64089.8,87934.233,227489.0,22955.0,9949696.5,6318.567,9992660.0,9720560.0
3736,80,6,12.0,0.0,6.0,6.0,6.0,0.0,0.0,0.0,0.0,0.0,3946.0,0.0,3946.0,3946.0,3946.0,3946.0,0.0,3946.0,3946.0,0.0,0.0,0.0,0.0,0.0,0,0,0,0,6.0,6.0,0,0,0,0,1,0,0,0,0.0,9.0,6.0,0.0,0,0,0,0,0,0,2,12,0,0,251,-1,1,20,0.0,0.0,0.0,0.0,0.0,0.0,0.0,0.0
443,65229,6,0.0,0.0,0.0,0.0,0.0,0.0,0.0,0.0,0.0,0.0,67.0,0.0,67.0,67.0,0.0,0.0,0.0,0.0,0.0,0.0,0.0,0.0,0.0,0.0,0,0,0,0,0.0,0.0,0,0,0,0,1,1,0,0,1.0,0.0,0.0,0.0,0,0,0,0,0,0,1,0,1,0,31,33304,0,32,0.0,0.0,0.0,0.0,0.0,0.0,0.0,0.0
50988,53,17,172.0,294.0,43.0,43.0,43.0,0.0,147.0,147.0,147.0,0.0,9419.8,13838.96,33464.0,3.0,33474.0,11858.33,19466.878,33464.0,3.0,4.0,4.0,0.0,4.0,4.0,0,0,0,0,43.0,147.0,0,0,0,0,0,0,0,0,0.0,88.8333,43.0,147.0,0,0,0,0,0,0,4,172,2,294,-1,-1,3,20,0.0,0.0,0.0,0.0,0.0,0.0,0.0,0.0
59433,53,17,66.0,130.0,33.0,33.0,33.0,0.0,65.0,65.0,65.0,0.0,45807.33,78287.081,137415.0,3.0,3.0,3.0,0.0,3.0,3.0,3.0,3.0,0.0,3.0,3.0,0,0,0,0,33.0,65.0,0,0,0,0,0,0,0,0,1.0,57.25,33.0,65.0,0,0,0,0,0,0,2,66,2,130,-1,-1,1,40,0.0,0.0,0.0,0.0,0.0,0.0,0.0,0.0
443,49268,6,12.0,0.0,6.0,6.0,6.0,0.0,0.0,0.0,0.0,0.0,4.0,0.0,4.0,4.0,4.0,4.0,0.0,4.0,4.0,0.0,0.0,0.0,0.0,0.0,0,0,0,0,6.0,6.0,0,0,0,0,1,0,0,0,0.0,9.0,6.0,0.0,0,0,0,0,0,0,2,12,0,0,10123,-1,1,20,0.0,0.0,0.0,0.0,0.0,0.0,0.0,0.0
54253,443,6,580.0,164.0,517.0,0.0,116.0,225.1011,152.0,0.0,41.0,74.054,740957.87,1921753.563,5808655.0,4.0,5945947.0,1484986.25,2435307.471,5968258.0,155.0,91178.0,30299.0,30480.753,60987.0,4.0,0,0,0,0,0.0,517.0,0,0,0,1,0,0,0,0,0.0,82.6667,116.0,41.0,0,0,0,0,0,0,5,580,4,164,8192,946,4,20,0.0,0.0,0.0,0.0,0.0,0.0,0.0,0.0
443,60639,6,0.0,18.0,0.0,0.0,0.0,0.0,6.0,6.0,6.0,0.0,38.33,40.818,75.0,1.0,0.0,0.0,0.0,0.0,0.0,4.0,2.0,1.414,3.0,1.0,0,0,0,0,0.0,6.0,0,0,0,0,1,0,0,0,3.0,4.5,0.0,6.0,0,0,0,0,0,0,1,0,3,18,972,0,0,32,0.0,0.0,0.0,0.0,0.0,0.0,0.0,0.0
61067,53,17,52.0,68.0,52.0,52.0,52.0,0.0,68.0,68.0,68.0,0.0,247570.0,0.0,247570.0,247570.0,0.0,0.0,0.0,0.0,0.0,0.0,0.0,0.0,0.0,0.0,0,0,0,0,52.0,68.0,0,0,0,0,0,0,0,0,1.0,86.0,52.0,68.0,0,0,0,0,0,0,1,52,1,68,-1,-1,0,20,0.0,0.0,0.0,0.0,0.0,0.0,0.0,0.0
443,51951,6,0.0,0.0,0.0,0.0,0.0,0.0,0.0,0.0,0.0,0.0,46.0,0.0,46.0,46.0,0.0,0.0,0.0,0.0,0.0,0.0,0.0,0.0,0.0,0.0,0,0,0,0,0.0,0.0,0,0,0,0,1,1,0,0,1.0,0.0,0.0,0.0,0,0,0,0,0,0,1,0,1,0,375,317,0,32,0.0,0.0,0.0,0.0,0.0,0.0,0.0,0.0
42752,443,6,12.0,0.0,6.0,6.0,6.0,0.0,0.0,0.0,0.0,0.0,3.0,0.0,3.0,3.0,3.0,3.0,0.0,3.0,3.0,0.0,0.0,0.0,0.0,0.0,0,0,0,0,6.0,6.0,1,0,0,0,0,0,0,0,0.0,9.0,6.0,0.0,0,0,0,0,0,0,2,12,0,0,0,-1,1,20,0.0,0.0,0.0,0.0,0.0,0.0,0.0,0.0
3060,53,17,70.0,278.0,35.0,35.0,35.0,0.0,139.0,139.0,139.0,0.0,55.33,94.397,160.0,3.0,3.0,3.0,0.0,3.0,3.0,3.0,3.0,0.0,3.0,3.0,0,0,0,0,35.0,139.0,0,0,0,0,0,0,0,0,1.0,95.75,35.0,139.0,0,0,0,0,0,0,2,70,2,278,-1,-1,1,32,0.0,0.0,0.0,0.0,0.0,0.0,0.0,0.0
55092,53,17,74.0,106.0,37.0,37.0,37.0,0.0,53.0,53.0,53.0,0.0,44.33,78.914,126.0,3.0,3.0,3.0,0.0,3.0,3.0,3.0,3.0,0.0,3.0,3.0,0,0,0,0,37.0,53.0,0,0,0,0,0,0,0,0,1.0,54.25,37.0,53.0,0,0,0,0,0,0,2,74,2,106,-1,-1,1,20,0.0,0.0,0.0,0.0,0.0,0.0,0.0,0.0
61974,53,17,44.0,108.0,44.0,44.0,44.0,0.0,108.0,108.0,108.0,0.0,47122.0,0.0,47122.0,47122.0,0.0,0.0,0.0,0.0,0.0,0.0,0.0,0.0,0.0,0.0,0,0,0,0,44.0,108.0,0,0,0,0,0,0,0,0,1.0,98.0,44.0,108.0,0,0,0,0,0,0,1,44,1,108,-1,-1,0,32,0.0,0.0,0.0,0.0,0.0,0.0,0.0,0.0
56895,443,6,6.0,6.0,6.0,6.0,6.0,0.0,6.0,6.0,6.0,0.0,3.0,0.0,3.0,3.0,0.0,0.0,0.0,0.0,0.0,0.0,0.0,0.0,0.0,0.0,0,0,0,0,6.0,6.0,0,0,0,0,1,0,0,0,1.0,9.0,6.0,6.0,0,0,0,0,0,0,1,6,1,6,32850,292,0,20,0.0,0.0,0.0,0.0,0.0,0.0,0.0,0.0
52111,53,17,244.0,198.0,18.0,46.0,46.0,0.0,99.0,99.0,99.0,0.0,416985.0,483727.773,1313413.0,3.0,1024613.0,208271.6,487629.169,1014668.0,3.0,4.0,4.0,0.0,4.0,4.0,0,0,0,0,46.0,99.0,0,0,0,0,0,0,0,0,0.0,62.6667,46.0,99.0,0,0,0,0,0,0,6,244,2,198,-1,-1,5,20,0.0,0.0,0.0,0.0,0.0,0.0,0.0,0.0
123,123,17,96.0,96.0,48.0,48.0,48.0,0.0,48.0,48.0,48.0,0.0,23008172.0,39741129.352,68976715.0,122859.0,69000096.0,69000096.0,0.0,69000096.0,69000096.0,69000906.0,69000906.0,0.0,69000906.0,69000906.0,0,0,0,0,48.0,48.0,0,0,0,0,0,0,0,0,1.0,60.0,48.0,48.0,0,0,0,0,0,0,2,96,2,96,-1,-1,1,20,23929.0,0.0,23929.0,23929.0,68976769.0,0.0,68976719.0,68976769.0
80,50140,6,0.0,0.0,0.0,0.0,0.0,0.0,0.0,0.0,0.0,0.0,50.0,0.0,50.0,50.0,0.0,0.0,0.0,0.0,0.0,0.0,0.0,0.0,0.0,0.0,0,0,0,0,0.0,0.0,0,0,0,0,1,1,0,0,1.0,0.0,0.0,0.0,0,0,0,0,0,0,1,0,1,0,905,311,0,32,0.0,0.0,0.0,0.0,0.0,0.0,0.0,0.0
58263,53,17,74.0,464.0,37.0,37.0,37.0,0.0,232.0,232.0,232.0,0.0,20243.33,35069.346,60623.0,3.0,48.0,48.0,0.0,48.0,48.0,3.0,3.0,0.0,3.0,3.0,0,0,0,0,37.0,232.0,0,0,0,0,0,0,0,0,1.0,148.75,37.0,232.0,0,0,0,0,0,0,2,74,2,464,-1,-1,1,20,0.0,0.0,0.0,0.0,0.0,0.0,0.0,0.0
63175,53,17,74.0,264.0,37.0,37.0,37.0,0.0,132.0,132.0,132.0,0.0,7961.66,13784.436,23833.0,4.0,4.0,4.0,0.0,4.0,4.0,4.0,4.0,0.0,4.0,4.0,0,0,0,0,37.0,132.0,0,0,0,0,0,0,0,0,1.0,93.75,37.0,132.0,0,0,0,0,0,0,2,74,2,264,-1,-1,1,20,0.0,0.0,0.0,0.0,0.0,0.0,0.0,0.0
54475,80,6,428.0,266.0,428.0,0.0,142.6,247.1759,266.0,0.0,66.0,133.0,10624.25,17011.61,33410.0,99.0,34241.0,17120.75,20501.883,33239.0,611.0,34557.0,34553.0,0.0,34557.0,34555.0,0,0,0,0,0.0,428.0,0,0,0,1,0,0,0,0,0.0,109.8,142.6,66.0,0,0,0,0,0,0,5,428,2,266,29200,122,4,32,0.0,0.0,0.0,0.0,0.0,0.0,0.0,0.0
123,123,17,48.0,48.0,48.0,48.0,48.0,0.0,48.0,48.0,48.0,0.0,88430.0,0.0,88430.0,88430.0,0.0,0.0,0.0,0.0,0.0,0.0,0.0,0.0,0.0,0.0,0,0,0,0,48.0,48.0,0,0,0,0,0,0,0,0,1.0,72.0,48.0,48.0,0,0,0,0,0,0,1,48,1,48,-1,-1,0,20,0.0,0.0,0.0,0.0,0.0,0.0,0.0,0.0
62696,53,17,49.0,113.0,49.0,49.0,49.0,0.0,113.0,113.0,113.0,0.0,30636.0,0.0,30636.0,30636.0,0.0,0.0,0.0,0.0,0.0,0.0,0.0,0.0,0.0,0.0,0,0,0,0,49.0,113.0,0,0,0,0,0,0,0,0,1.0,105.5,49.0,113.0,0,0,0,0,0,0,1,49,1,113,-1,-1,0,20,0.0,0.0,0.0,0.0,0.0,0.0,0.0,0.0
443,54847,6,37.0,0.0,37.0,0.0,18.5,26.163,0.0,0.0,0.0,0.0,3.0,0.0,3.0,3.0,3.0,3.0,0.0,3.0,3.0,0.0,0.0,0.0,0.0,0.0,1,0,0,0,0.0,37.0,0,1,0,0,1,0,0,0,0.0,37.0,18.5,0.0,0,0,0,0,0,0,2,37,0,0,972,-1,0,32,0.0,0.0,0.0,0.0,0.0,0.0,0.0,0.0
63690,53,17,84.0,204.0,42.0,42.0,42.0,0.0,102.0,102.0,102.0,0.0,57.66,99.004,170.0,3.0,4.0,4.0,0.0,4.0,4.0,3.0,3.0,0.0,3.0,3.0,0,0,0,0,42.0,102.0,0,0,0,0,0,0,0,0,1.0,82.5,42.0,102.0,0,0,0,0,0,0,2,84,2,204,-1,-1,1,32,0.0,0.0,0.0,0.0,0.0,0.0,0.0,0.0
443,51969,6,0.0,0.0,0.0,0.0,0.0,0.0,0.0,0.0,0.0,0.0,73.0,0.0,73.0,73.0,0.0,0.0,0.0,0.0,0.0,0.0,0.0,0.0,0.0,0.0,0,0,0,0,0.0,0.0,0,0,0,0,1,1,0,0,1.0,0.0,0.0,0.0,0,0,0,0,0,0,1,0,1,0,362,32832,0,32,0.0,0.0,0.0,0.0,0.0,0.0,0.0,0.0
59493,53,17,82.0,254.0,41.0,41.0,41.0,0.0,127.0,127.0,127.0,0.0,10277.66,17741.196,30820.0,3.0,3.0,3.0,0.0,3.0,3.0,48.0,48.0,0.0,48.0,48.0,0,0,0,0,41.0,127.0,0,0,0,0,0,0,0,0,1.0,94.25,41.0,127.0,0,0,0,0,0,0,2,82,2,254,-1,-1,1,44,0.0,0.0,0.0,0.0,0.0,0.0,0.0,0.0
443,53270,6,37.0,0.0,37.0,0.0,18.5,26.163,0.0,0.0,0.0,0.0,3.0,0.0,3.0,3.0,3.0,3.0,0.0,3.0,3.0,0.0,0.0,0.0,0.0,0.0,1,0,0,0,0.0,37.0,0,1,0,0,1,0,0,0,0.0,37.0,18.5,0.0,0,0,0,0,0,0,2,37,0,0,972,-1,0,32,0.0,0.0,0.0,0.0,0.0,0.0,0.0,0.0
443,64890,6,37.0,0.0,37.0,0.0,18.5,26.163,0.0,0.0,0.0,0.0,4.0,0.0,4.0,4.0,4.0,4.0,0.0,4.0,4.0,0.0,0.0,0.0,0.0,0.0,1,0,0,0,0.0,37.0,0,1,0,0,1,0,0,0,0.0,37.0,18.5,0.0,0,0,0,0,0,0,2,37,0,0,68,-1,0,32,0.0,0.0,0.0,0.0,0.0,0.0,0.0,0.0
55462,53,17,66.0,226.0,33.0,33.0,33.0,0.0,113.0,113.0,113.0,0.0,10322.33,17841.19,30960.0,1.0,1.0,1.0,0.0,1.0,1.0,3.0,3.0,0.0,3.0,3.0,0,0,0,0,33.0,113.0,0,0,0,0,0,0,0,0,1.0,81.25,33.0,113.0,0,0,0,0,0,0,2,66,2,226,-1,-1,1,20,0.0,0.0,0.0,0.0,0.0,0.0,0.0,0.0
35396,80,6,428.0,2566.0,428.0,0.0,142.6667,247.1059,2366.0,0.0,566.5,1133.0,37269.5,68698.777,163239.0,4.0,174019.0,77509.5,76252.742,163239.0,29071.0,190619.0,66609.33,83566.99,199705.0,4.0,0,0,0,0,0.0,2366.0,0,0,0,1,0,0,0,0,1.0,384.8571,142.6667,566.5,0,0,0,0,0,0,3,428,4,2566,29200,237,1,32,0.0,0.0,0.0,0.0,0.0,0.0,0.0,0.0
52960,53,17,62.0,318.0,31.0,31.0,31.0,0.0,159.0,159.0,159.0,0.0,49412.66,84734.33,148231.0,4.0,48.0,48.0,0.0,48.0,48.0,4.0,4.0,0.0,4.0,4.0,0,0,0,0,31.0,159.0,0,0,0,0,0,0,0,0,1.0,102.75,31.0,159.0,0,0,0,0,0,0,2,62,2,318,-1,-1,1,32,0.0,0.0,0.0,0.0,0.0,0.0,0.0,0.0
51257,53,17,406.0,332.0,109.0,109.0,109.0,0.0,166.0,166.0,166.0,0.0,10375.0,17914.502,31146.0,2.0,2.0,2.0,0.0,2.0,2.0,3.0,3.0,0.0,3.0,3.0,0,0,0,0,106.0,166.0,0,0,0,0,0,0,0,0,1.0,182.0,109.0,166.0,0,0,0,0,0,0,2,406,2,332,-1,-1,1,32,0.0,0.0,0.0,0.0,0.0,0.0,0.0,0.0
59833,53,17,66.0,98.0,33.0,33.0,33.0,0.0,49.0,49.0,49.0,0.0,10325.66,17876.41,30973.0,2.0,2.0,2.0,0.0,2.0,2.0,3.0,3.0,0.0,3.0,3.0,0,0,0,0,33.0,49.0,0,0,0,0,0,0,0,0,1.0,49.25,33.0,49.0,0,0,0,0,0,0,2,66,2,98,-1,-1,1,20,0.0,0.0,0.0,0.0,0.0,0.0,0.0,0.0
58310,53,17,168.0,392.0,84.0,84.0,84.0,0.0,196.0,196.0,196.0,0.0,60.66,104.297,175.0,3.0,4.0,4.0,0.0,4.0,4.0,3.0,3.0,0.0,3.0,3.0,0,0,0,0,84.0,196.0,0,0,0,0,0,0,0,0,1.0,161.0,84.0,196.0,0,0,0,0,0,0,2,168,2,392,-1,-1,1,32,0.0,0.0,0.0,0.0,0.0,0.0,0.0,0.0
63955,53,17,58.0,486.0,29.0,29.0,29.0,0.0,243.0,243.0,243.0,0.0,16086.66,27876.886,48256.0,3.0,3.0,3.0,0.0,3.0,3.0,48.0,48.0,0.0,48.0,48.0,0,0,0,0,29.0,243.0,0,0,0,0,0,0,0,0,1.0,148.25,29.0,243.0,0,0,0,0,0,0,2,58,2,486,-1,-1,1,32,0.0,0.0,0.0,0.0,0.0,0.0,0.0,0.0
49923,53,17,66.0,386.0,33.0,33.0,33.0,0.0,193.0,193.0,193.0,0.0,66.0,107.411,191.0,3.0,3.0,3.0,0.0,3.0,3.0,3.0,3.0,0.0,3.0,3.0,0,0,0,0,33.0,193.0,0,0,0,0,0,0,0,0,1.0,121.25,33.0,193.0,0,0,0,0,0,0,2,66,2,386,-1,-1,1,32,0.0,0.0,0.0,0.0,0.0,0.0,0.0,0.0
63304,443,6,482.0,644.0,322.0,0.0,80.3333,133.2031,485.0,0.0,92.0,179.684,23505.25,30256.011,89934.0,1.0,266766.0,57399.2,33192.19,89934.0,51431.0,231842.0,32178.5,46990.981,183696.0,1.0,0,0,0,0,0.0,485.0,0,0,0,1,0,0,0,0,1.0,86.6154,80.3333,92.0,0,0,0,0,0,0,6,482,7,644,65535,114,3,32,0.0,0.0,0.0,0.0,0.0,0.0,0.0,0.0
54712,80,6,12.0,6.0,6.0,6.0,6.0,0.0,6.0,6.0,6.0,0.0,17068.5,25974.463,34925.0,12.0,47.0,47.0,0.0,47.0,47.0,0.0,0.0,0.0,0.0,0.0,0,0,0,0,6.0,6.0,0,0,0,0,1,1,0,0,0.0,8.0,6.0,6.0,0,0,0,0,0,0,2,12,1,6,275,33,1,20,0.0,0.0,0.0,0.0,0.0,0.0,0.0,0.0
34164,443,6,722.0,9030.0,421.0,0.0,19.0,70.738,2896.0,0.0,426.1111,591.9027,1893805.39,3817716.419,10025418.0,3.0,115574696.0,3663909.0,4916675.123,10048006.0,3.0,110709520.0,4683137.22,4870031.925,10048135.0,47.0,0,0,0,0,0.0,2896.0,0,0,0,1,0,0,0,0,0.0,247.3424,19.0,426.1111,0,0,0,0,0,0,32,722,34,9030,29200,61,4,32,35850.54,21848.945,105503.0,22918.0,9620740.83,1317953.506,10025413.0,5229958.0
53580,53,17,60.0,264.0,30.0,30.0,30.0,0.0,132.0,132.0,132.0,0.0,20577.33,35679.995,61721.0,4.0,48.0,48.0,0.0,48.0,48.0,4.0,4.0,0.0,4.0,4.0,0,0,0,0,30.0,132.0,0,0,0,0,0,0,0,0,1.0,88.5,30.0,132.0,0,0,0,0,0,0,2,60,2,264,-1,-1,1,32,0.0,0.0,0.0,0.0,0.0,0.0,0.0,0.0
60104,443,6,2283.0,5631.0,1448.0,0.0,212.7692,459.0133,1448.0,0.0,605.8571,651.6526,179082.5,849942.106,2828312.0,30.0,3085654.0,317756.33,1103661.348,2828312.0,210.0,938662.0,192019.5,275100.9,818011.0,48.0,0,0,0,0,0.0,1448.0,0,0,0,1,0,0,0,0,0.0,406.4667,212.7692,605.8571,0,0,0,0,0,0,13,2283,9,5631,65535,1128,6,32,0.0,0.0,0.0,0.0,0.0,0.0,0.0,0.0
443,50416,6,12.0,0.0,6.0,6.0,6.0,0.0,0.0,0.0,0.0,0.0,116.0,0.0,116.0,116.0,116.0,116.0,0.0,116.0,116.0,0.0,0.0,0.0,0.0,0.0,0,0,0,0,6.0,6.0,0,0,0,0,1,0,0,0,0.0,9.0,6.0,0.0,0,0,0,0,0,0,2,12,0,0,30,-1,1,20,0.0,0.0,0.0,0.0,0.0,0.0,0.0,0.0
443,49958,6,0.0,0.0,0.0,0.0,0.0,0.0,0.0,0.0,0.0,0.0,63.0,0.0,63.0,63.0,0.0,0.0,0.0,0.0,0.0,0.0,0.0,0.0,0.0,0.0,0,0,0,0,0.0,0.0,0,0,0,0,1,1,0,0,1.0,0.0,0.0,0.0,0,0,0,0,0,0,1,0,1,0,362,354,0,32,0.0,0.0,0.0,0.0,0.0,0.0,0.0,0.0
51771,53,17,70.0,126.0,35.0,35.0,35.0,0.0,63.0,63.0,63.0,0.0,57.66,62.516,123.0,4.0,4.0,4.0,0.0,4.0,4.0,48.0,48.0,0.0,48.0,48.0,0,0,0,0,35.0,63.0,0,0,0,0,0,0,0,0,1.0,57.75,35.0,63.0,0,0,0,0,0,0,2,70,2,126,-1,-1,1,32,0.0,0.0,0.0,0.0,0.0,0.0,0.0,0.0
1959,53,17,68.0,334.0,34.0,34.0,34.0,0.0,167.0,167.0,167.0,0.0,10691.0,18477.456,31067.0,1.0,1.0,1.0,0.0,1.0,1.0,4.0,4.0,0.0,4.0,4.0,0,0,0,0,34.0,167.0,0,0,0,0,0,0,0,0,1.0,109.0,34.0,167.0,0,0,0,0,0,0,2,68,2,334,-1,-1,1,32,0.0,0.0,0.0,0.0,0.0,0.0,0.0,0.0
60949,53,17,57.0,138.0,57.0,57.0,57.0,0.0,138.0,138.0,138.0,0.0,30419.0,0.0,30419.0,30419.0,0.0,0.0,0.0,0.0,0.0,0.0,0.0,0.0,0.0,0.0,0,0,0,0,57.0,138.0,0,0,0,0,0,0,0,0,1.0,126.0,57.0,138.0,0,0,0,0,0,0,1,57,1,138,-1,-1,0,20,0.0,0.0,0.0,0.0,0.0,0.0,0.0,0.0
40070,80,6,0.0,0.0,0.0,0.0,0.0,0.0,0.0,0.0,0.0,0.0,117192.5,0.907,117191.0,117192.0,0.0,0.0,0.0,0.0,0.0,0.0,0.0,0.0,0.0,0.0,0,0,0,0,0.0,0.0,0,0,0,0,1,1,0,0,1.0,0.0,0.0,0.0,0,0,0,0,0,0,1,0,1,0,242,122,0,32,0.0,0.0,0.0,0.0,0.0,0.0,0.0,0.0
55201,443,6,1028.0,23455.0,421.0,0.0,55.6592,119.3666,2860.0,0.0,900.1818,922.8292,2231405.26,4212161.277,9999565.0,3.0,115917884.0,4574823.61,4922861.616,10030746.0,3.0,110437650.0,4893424.25,5030246.502,10021694.0,49.0,0,0,0,0,0.0,2860.0,0,0,0,1,0,0,0,0,1.0,528.8222,55.6592,900.1818,0,0,0,0,0,0,29,1028,21,23455,8192,1013,28,20,31291.54,24926.591,102376.0,23190.0,9993623.18,4372.651,9999574.0,9735872.0
60297,443,6,974.0,7387.0,469.0,0.0,64.9333,134.266,1581.0,0.0,671.5455,745.9321,15701.79,26286.407,92941.0,1.0,446880.0,24078.85,37563.355,127190.0,1.0,300261.0,34686.8,58416.949,192066.0,2.0,0,0,0,0,0.0,1581.0,0,0,0,1,0,0,0,0,0.0,321.5769,64.9333,671.5455,0,0,0,0,0,0,15,974,11,7387,65535,357,6,32,0.0,0.0,0.0,0.0,0.0,0.0,0.0,0.0
443,51716,6,44.0,6.0,34.0,0.0,12.0,22.6274,6.0,6.0,6.0,0.0,14243.5,24907.803,29962.0,43.0,29995.0,29995.0,0.0,29995.0,29995.0,0.0,0.0,0.0,0.0,0.0,0,0,0,0,0.0,34.0,0,0,0,0,1,0,0,0,0.0,13.3333,12.0,6.0,0,0,0,0,0,0,2,44,1,6,111,0,0,32,0.0,0.0,0.0,0.0,0.0,0.0,0.0,0.0
62293,53,17,74.0,202.0,37.0,37.0,37.0,0.0,101.0,101.0,101.0,0.0,59.33,98.911,172.0,3.0,3.0,3.0,0.0,3.0,3.0,4.0,4.0,0.0,4.0,4.0,0,0,0,0,37.0,101.0,0,0,0,0,0,0,0,0,1.0,78.25,37.0,101.0,0,0,0,0,0,0,2,74,2,202,-1,-1,1,20,0.0,0.0,0.0,0.0,0.0,0.0,0.0,0.0
62407,53,17,39.0,299.0,39.0,39.0,39.0,0.0,299.0,299.0,299.0,0.0,46822.0,0.0,46822.0,46822.0,0.0,0.0,0.0,0.0,0.0,0.0,0.0,0.0,0.0,0.0,0,0,0,0,39.0,299.0,0,0,0,0,0,0,0,0,1.0,208.5,39.0,299.0,0,0,0,0,0,0,1,39,1,299,-1,-1,0,32,0.0,0.0,0.0,0.0,0.0,0.0,0.0,0.0
443,58408,6,0.0,0.0,0.0,0.0,0.0,0.0,0.0,0.0,0.0,0.0,17.0,0.0,17.0,17.0,0.0,0.0,0.0,0.0,0.0,0.0,0.0,0.0,0.0,0.0,0,0,0,0,0.0,0.0,0,0,0,0,1,1,0,0,1.0,0.0,0.0,0.0,0,0,0,0,0,0,1,0,1,0,122,33304,0,32,0.0,0.0,0.0,0.0,0.0,0.0,0.0,0.0
443,50330,6,37.0,0.0,37.0,0.0,18.5,26.163,0.0,0.0,0.0,0.0,3.0,0.0,3.0,3.0,3.0,3.0,0.0,3.0,3.0,0.0,0.0,0.0,0.0,0.0,1,0,0,0,0.0,37.0,0,1,0,0,1,0,0,0,0.0,37.0,18.5,0.0,0,0,0,0,0,0,2,37,0,0,972,-1,0,32,0.0,0.0,0.0,0.0,0.0,0.0,0.0,0.0
53712,53,17,62.0,414.0,31.0,31.0,31.0,0.0,207.0,207.0,207.0,0.0,8113.33,14039.232,24336.0,4.0,4.0,4.0,0.0,4.0,4.0,4.0,4.0,0.0,4.0,4.0,0,0,0,0,31.0,207.0,0,0,0,0,0,0,0,0,1.0,126.75,31.0,207.0,0,0,0,0,0,0,2,62,2,414,-1,-1,1,32,0.0,0.0,0.0,0.0,0.0,0.0,0.0,0.0
63028,443,6,1422.0,1162.0,855.0,0.0,180.2857,333.4338,961.0,0.0,160.5,354.0346,728566.65,2404471.422,8804938.0,3.0,10367590.0,1346918.66,3342059.179,9804938.0,51396.0,206926.0,33591.4,27578.968,75555.0,3.0,0,0,0,0,0.0,961.0,0,0,0,1,0,0,0,0,1.0,197.0571,180.2857,160.5,0,0,0,0,0,0,7,1422,6,1162,8192,28,6,20,0.0,0.0,0.0,0.0,0.0,0.0,0.0,0.0
48838,80,6,437.0,859.0,437.0,0.0,145.6667,252.3021,859.0,0.0,214.75,429.5,14245.83,17186.561,29146.0,4.0,33380.0,16690.0,20135.33,23131.0,191.0,30401.0,10160.0,23446.179,39902.0,4.0,0,0,0,0,0.0,859.0,0,0,0,1,0,0,0,0,1.0,185.4286,145.6667,214.75,0,0,0,0,0,0,3,437,4,859,29200,31,1,32,0.0,0.0,0.0,0.0,0.0,0.0,0.0,0.0
55163,53,17,128.0,184.0,32.0,32.0,32.0,0.0,92.0,92.0,92.0,0.0,33183.4,68931.167,174940.0,3.0,30337.0,10115.66,17562.239,30230.0,3.0,4.0,4.0,0.0,4.0,4.0,0,0,0,0,32.0,92.0,0,0,0,0,0,0,0,0,0.0,51.0,32.0,92.0,0,0,0,0,0,0,4,128,2,184,-1,-1,3,20,0.0,0.0,0.0,0.0,0.0,0.0,0.0,0.0
60543,53,17,53.0,81.0,53.0,53.0,53.0,0.0,81.0,81.0,81.0,0.0,53352.0,0.0,53352.0,53352.0,0.0,0.0,0.0,0.0,0.0,0.0,0.0,0.0,0.0,0.0,0,0,0,0,53.0,81.0,0,0,0,0,0,0,0,0,1.0,93.5,53.0,81.0,0,0,0,0,0,0,1,53,1,81,-1,-1,0,32,0.0,0.0,0.0,0.0,0.0,0.0,0.0,0.0
39161,443,6,2077.0,4518.0,1333.0,0.0,138.7143,378.38,1448.0,0.0,407.5556,555.9109,2891633.73,4472641.411,10037237.0,1.0,116986013.0,5797981.0,5043463.435,10063908.0,15.0,111459531.0,5556506.3,5128634.737,10061685.0,48.0,0,0,0,0,0.0,1448.0,0,0,0,1,0,0,0,0,0.0,241.325,138.7143,407.5556,0,0,0,0,0,0,21,2077,18,4518,29200,133,4,32,39657.41,72250.512,286076.0,22218.0,10025757.81,16861.466,10037239.0,9999758.0
61304,53,17,42.0,222.0,42.0,42.0,42.0,0.0,222.0,222.0,222.0,0.0,131614.0,0.0,131614.0,131614.0,0.0,0.0,0.0,0.0,0.0,0.0,0.0,0.0,0.0,0.0,0,0,0,0,42.0,222.0,0,0,0,0,0,0,0,0,1.0,153.0,42.0,222.0,0,0,0,0,0,0,1,42,1,222,-1,-1,0,32,0.0,0.0,0.0,0.0,0.0,0.0,0.0,0.0
443,58022,6,12.0,0.0,6.0,6.0,6.0,0.0,0.0,0.0,0.0,0.0,208.0,0.0,208.0,208.0,208.0,208.0,0.0,208.0,208.0,0.0,0.0,0.0,0.0,0.0,0,0,0,0,6.0,6.0,0,0,0,0,1,0,0,0,0.0,9.0,6.0,0.0,0,0,0,0,0,0,2,12,0,0,5014,-1,1,20,0.0,0.0,0.0,0.0,0.0,0.0,0.0,0.0
60266,53,17,53.0,111.0,53.0,53.0,53.0,0.0,111.0,111.0,111.0,0.0,47877.0,0.0,47877.0,47877.0,0.0,0.0,0.0,0.0,0.0,0.0,0.0,0.0,0.0,0.0,0,0,0,0,53.0,111.0,0,0,0,0,0,0,0,0,1.0,108.5,53.0,111.0,0,0,0,0,0,0,1,53,1,111,-1,-1,0,32,0.0,0.0,0.0,0.0,0.0,0.0,0.0,0.0
54157,53,17,68.0,100.0,34.0,34.0,34.0,0.0,50.0,50.0,50.0,0.0,52.33,55.002,100.0,3.0,47.0,47.0,0.0,47.0,47.0,3.0,3.0,0.0,3.0,3.0,0,0,0,0,34.0,50.0,0,0,0,0,0,0,0,0,1.0,50.5,34.0,50.0,0,0,0,0,0,0,2,68,2,100,-1,-1,1,20,0.0,0.0,0.0,0.0,0.0,0.0,0.0,0.0
50539,53,17,120.0,264.0,30.0,30.0,30.0,0.0,132.0,132.0,132.0,0.0,15977.6,26348.035,60823.0,3.0,30852.0,10210.66,17822.219,30845.0,3.0,3.0,3.0,0.0,3.0,3.0,0,0,0,0,30.0,132.0,0,0,0,0,0,0,0,0,0.0,69.3333,30.0,132.0,0,0,0,0,0,0,4,120,2,264,-1,-1,3,32,0.0,0.0,0.0,0.0,0.0,0.0,0.0,0.0
61188,53,17,186.0,310.0,74.0,74.0,74.0,0.0,155.0,155.0,155.0,0.0,16218.66,28104.053,48603.0,3.0,3.0,3.0,0.0,3.0,3.0,4.0,4.0,0.0,4.0,4.0,0,0,0,0,74.0,155.0,0,0,0,0,0,0,0,0,1.0,133.0,74.0,155.0,0,0,0,0,0,0,2,186,2,310,-1,-1,1,20,0.0,0.0,0.0,0.0,0.0,0.0,0.0,0.0
57339,80,6,12.0,0.0,6.0,6.0,6.0,0.0,0.0,0.0,0.0,0.0,50.0,0.0,50.0,50.0,50.0,50.0,0.0,50.0,50.0,0.0,0.0,0.0,0.0,0.0,0,0,0,0,6.0,6.0,0,0,0,0,1,0,0,0,0.0,9.0,6.0,0.0,0,0,0,0,0,0,2,12,0,0,320,-1,1,20,0.0,0.0,0.0,0.0,0.0,0.0,0.0,0.0
56517,443,6,713.0,479.0,469.0,0.0,71.3,147.2874,341.0,0.0,95.8,149.5299,5805.14,9275.001,23726.0,28.0,95733.0,10533.77,11136.52,24789.0,48.0,50459.0,12399.25,12515.775,27707.0,482.0,0,0,0,0,0.0,469.0,0,0,0,1,0,0,0,0,0.0,79.4667,71.3,95.8,0,0,0,0,0,0,10,713,5,479,65535,972,5,32,0.0,0.0,0.0,0.0,0.0,0.0,0.0,0.0
61815,53,17,116.0,236.0,64.0,52.0,58.0,7.0711,147.0,114.0,128.0,22.9227,17701720.66,30607890.57,53075628.0,23427.0,53109707.0,53109707.0,0.0,53109707.0,53109707.0,53108007.0,53108007.0,0.0,53108007.0,53108007.0,0,0,0,0,52.0,147.0,0,0,0,0,0,0,0,0,1.0,108.0,58.0,128.0,0,0,0,0,0,0,2,116,2,236,-1,-1,1,20,30479.0,0.0,30479.0,30479.0,53075694.0,0.0,53075694.0,53075694.0
64269,53,17,88.0,662.0,44.0,44.0,44.0,0.0,331.0,331.0,331.0,0.0,20546.0,35583.727,61633.0,4.0,4.0,4.0,0.0,4.0,4.0,4.0,4.0,0.0,4.0,4.0,0,0,0,0,44.0,331.0,0,0,0,0,0,0,0,0,1.0,198.5,44.0,331.0,0,0,0,0,0,0,2,88,2,662,-1,-1,1,44,0.0,0.0,0.0,0.0,0.0,0.0,0.0,0.0
21086,53,17,54.0,220.0,27.0,27.0,27.0,0.0,110.0,110.0,110.0,0.0,114.66,194.915,336.0,1.0,1.0,1.0,0.0,1.0,1.0,1.0,1.0,0.0,1.0,1.0,0,0,0,0,27.0,110.0,0,0,0,0,0,0,0,0,1.0,77.25,27.0,110.0,0,0,0,0,0,0,2,54,2,220,-1,-1,1,32,0.0,0.0,0.0,0.0,0.0,0.0,0.0,0.0
3010,443,6,376.0,3278.0,195.0,0.0,47.0,73.0303,1460.0,0.0,732.6,715.1998,439139.85,1439404.265,4652182.0,3.0,5920417.0,771086.14,1804592.325,4652182.0,5560.0,71225.0,14345.75,22501.927,45178.0,49.0,0,0,0,0,0.0,1460.0,0,0,0,1,0,0,0,0,0.0,297.3333,47.0,732.6,0,0,0,0,0,0,8,376,5,3278,8192,75,6,20,0.0,0.0,0.0,0.0,0.0,0.0,0.0,0.0
41272,53,17,64.0,96.0,32.0,32.0,32.0,0.0,48.0,48.0,48.0,0.0,57.0,94.972,164.0,3.0,4.0,4.0,0.0,4.0,4.0,3.0,3.0,0.0,3.0,3.0,0,0,0,0,32.0,48.0,0,0,0,0,0,0,0,0,1.0,48.0,32.0,48.0,0,0,0,0,0,0,2,64,2,96,-1,-1,1,32,0.0,0.0,0.0,0.0,0.0,0.0,0.0,0.0
33373,80,6,438.0,2962.0,438.0,0.0,109.0,210.0804,2448.0,0.0,566.0,1132.6362,7060.66,11865.073,23656.0,2.0,51144.0,15716.66,10391.812,23173.0,377.0,34861.0,10927.0,16807.12,23631.0,2.0,0,0,0,0,0.0,2448.0,0,0,0,1,0,0,0,0,1.0,385.7143,109.0,566.0,0,0,0,0,0,0,4,438,4,2962,29200,235,1,32,0.0,0.0,0.0,0.0,0.0,0.0,0.0,0.0
8394,53,17,86.0,142.0,43.0,43.0,43.0,0.0,71.0,71.0,71.0,0.0,64.0,100.251,164.0,3.0,3.0,3.0,0.0,3.0,3.0,3.0,3.0,0.0,3.0,3.0,0,0,0,0,43.0,71.0,0,0,0,0,0,0,0,0,1.0,67.75,43.0,71.0,0,0,0,0,0,0,2,86,2,142,-1,-1,1,32,0.0,0.0,0.0,0.0,0.0,0.0,0.0,0.0
60569,53,17,54.0,70.0,54.0,54.0,54.0,0.0,70.0,70.0,70.0,0.0,48681.0,0.0,48681.0,48681.0,0.0,0.0,0.0,0.0,0.0,0.0,0.0,0.0,0.0,0.0,0,0,0,0,54.0,70.0,0,0,0,0,0,0,0,0,1.0,89.0,54.0,70.0,0,0,0,0,0,0,1,54,1,70,-1,-1,0,32,0.0,0.0,0.0,0.0,0.0,0.0,0.0,0.0
57366,80,6,469.0,859.0,469.0,0.0,146.3333,254.8568,859.0,0.0,214.75,429.5,7965.83,11393.531,23181.0,4.0,23837.0,11918.5,16465.253,23161.0,215.0,25366.0,8455.33,13813.355,25756.0,4.0,0,0,0,0,0.0,859.0,0,0,0,1,0,0,0,0,1.0,185.5714,146.3333,214.75,0,0,0,0,0,0,3,469,4,859,29200,31,1,32,0.0,0.0,0.0,0.0,0.0,0.0,0.0,0.0
60709,53,17,70.0,254.0,35.0,35.0,35.0,0.0,127.0,127.0,127.0,0.0,59292.33,108540.41,177863.0,3.0,4.0,4.0,0.0,4.0,4.0,3.0,3.0,0.0,3.0,3.0,0,0,0,0,35.0,127.0,0,0,0,0,0,0,0,0,1.0,89.75,35.0,127.0,0,0,0,0,0,0,2,70,2,254,-1,-1,1,20,0.0,0.0,0.0,0.0,0.0,0.0,0.0,0.0
60627,53,17,47.0,63.0,47.0,47.0,47.0,0.0,63.0,63.0,63.0,0.0,31015.0,0.0,31015.0,31015.0,0.0,0.0,0.0,0.0,0.0,0.0,0.0,0.0,0.0,0.0,0,0,0,0,47.0,63.0,0,0,0,0,0,0,0,0,1.0,78.5,47.0,63.0,0,0,0,0,0,0,1,47,1,63,-1,-1,0,32,0.0,0.0,0.0,0.0,0.0,0.0,0.0,0.0
55062,80,6,12.0,0.0,6.0,0.0,4.0,3.4641,0.0,0.0,0.0,0.0,1860225.66,3207226.438,5679747.0,145.0,5683544.0,2841772.0,3937216.213,5679747.0,29244.0,0.0,0.0,0.0,0.0,0.0,0,0,0,0,0.0,6.0,0,0,0,1,0,0,0,0,0.0,3.0,4.0,0.0,0,0,0,0,0,0,3,12,1,0,8192,26880,2,20,0.0,0.0,0.0,0.0,0.0,0.0,0.0,0.0
55510,53,17,76.0,694.0,38.0,38.0,38.0,0.0,347.0,347.0,347.0,0.0,86.0,148.911,252.0,3.0,3.0,3.0,0.0,3.0,3.0,3.0,3.0,0.0,3.0,3.0,0,0,0,0,38.0,347.0,0,0,0,0,0,0,0,0,1.0,192.0,38.0,347.0,0,0,0,0,0,0,2,76,2,694,-1,-1,1,32,0.0,0.0,0.0,0.0,0.0,0.0,0.0,0.0
62463,53,17,54.0,82.0,54.0,54.0,54.0,0.0,82.0,82.0,82.0,0.0,30444.0,0.0,30444.0,30444.0,0.0,0.0,0.0,0.0,0.0,0.0,0.0,0.0,0.0,0.0,0,0,0,0,54.0,82.0,0,0,0,0,0,0,0,0,1.0,95.0,54.0,82.0,0,0,0,0,0,0,1,54,1,82,-1,-1,0,32,0.0,0.0,0.0,0.0,0.0,0.0,0.0,0.0
51585,53,17,128.0,250.0,32.0,32.0,32.0,0.0,125.0,125.0,125.0,0.0,24450.4,41992.071,101685.0,3.0,31109.0,10363.66,18458.453,31195.0,3.0,3.0,3.0,0.0,3.0,3.0,0,0,0,0,32.0,125.0,0,0,0,0,0,0,0,0,0.0,60.3333,32.0,125.0,0,0,0,0,0,0,4,128,2,250,-1,-1,3,32,0.0,0.0,0.0,0.0,0.0,0.0,0.0,0.0
61196,53,17,48.0,124.0,48.0,48.0,48.0,0.0,124.0,124.0,124.0,0.0,46932.0,0.0,46932.0,46932.0,0.0,0.0,0.0,0.0,0.0,0.0,0.0,0.0,0.0,0.0,0,0,0,0,48.0,124.0,0,0,0,0,0,0,0,0,1.0,110.0,48.0,124.0,0,0,0,0,0,0,1,48,1,124,-1,-1,0,32,0.0,0.0,0.0,0.0,0.0,0.0,0.0,0.0
61166,80,6,789.0,10156.0,689.0,0.0,148.125,277.1447,2920.0,0.0,1194.6,1165.5172,75409.83,284716.502,803310.0,131.0,1054427.0,159131.85,304396.829,801310.0,194.0,927465.0,141681.28,346083.676,928998.0,164.0,0,0,0,0,0.0,2920.0,0,0,0,1,0,0,0,0,1.0,701.5578,148.125,1194.6,0,0,0,0,0,0,8,789,8,10156,8192,33,7,20,0.0,0.0,0.0,0.0,0.0,0.0,0.0,0.0
37451,53,17,74.0,354.0,37.0,37.0,37.0,0.0,177.0,177.0,177.0,0.0,64.33,109.241,197.0,3.0,4.0,4.0,0.0,4.0,4.0,3.0,3.0,0.0,3.0,3.0,0,0,0,0,37.0,177.0,0,0,0,0,0,0,0,0,1.0,116.25,37.0,177.0,0,0,0,0,0,0,2,74,2,354,-1,-1,1,32,0.0,0.0,0.0,0.0,0.0,0.0,0.0,0.0
443,37851,6,0.0,0.0,0.0,0.0,0.0,0.0,0.0,0.0,0.0,0.0,12.0,0.0,12.0,12.0,0.0,0.0,0.0,0.0,0.0,0.0,0.0,0.0,0.0,0.0,0,0,0,0,0.0,0.0,0,0,0,0,1,1,0,0,1.0,0.0,0.0,0.0,0,0,0,0,0,0,1,0,1,0,126,454,0,32,0.0,0.0,0.0,0.0,0.0,0.0,0.0,0.0
14669,53,17,80.0,296.0,40.0,40.0,40.0,0.0,148.0,148.0,148.0,0.0,10582.33,18265.611,31791.0,3.0,3.0,3.0,0.0,3.0,3.0,47.0,47.0,0.0,47.0,47.0,0,0,0,0,40.0,148.0,0,0,0,0,0,0,0,0,1.0,104.0,40.0,148.0,0,0,0,0,0,0,2,80,2,296,-1,-1,1,20,0.0,0.0,0.0,0.0,0.0,0.0,0.0,0.0
54146,443,6,3002.0,363.0,700.0,0.0,333.1429,351.9802,156.0,0.0,30.5,73.6279,290026.1,599589.83,2302377.0,4.0,65982.0,18929.66,15791.9,38199.0,137.0,3482119.0,410163.85,799935.595,2358474.0,4.0,0,0,0,0,0.0,700.0,0,0,0,1,0,0,0,0,0.0,170.4333,333.1429,30.5,0,0,0,0,0,0,7,3002,8,363,29200,290,4,32,0.0,0.0,0.0,0.0,0.0,0.0,0.0,0.0
443,50276,6,0.0,0.0,0.0,0.0,0.0,0.0,0.0,0.0,0.0,0.0,51.0,0.0,51.0,51.0,0.0,0.0,0.0,0.0,0.0,0.0,0.0,0.0,0.0,0.0,0,0,0,0,0.0,0.0,0,0,0,0,1,1,0,0,1.0,0.0,0.0,0.0,0,0,0,0,0,0,1,0,1,0,383,753,0,32,0.0,0.0,0.0,0.0,0.0,0.0,0.0,0.0
51375,53,17,88.0,250.0,44.0,44.0,44.0,0.0,125.0,125.0,125.0,0.0,68.0,114.01,209.0,3.0,3.0,3.0,0.0,3.0,3.0,4.0,4.0,0.0,4.0,4.0,0,0,0,0,44.0,125.0,0,0,0,0,0,0,0,0,1.0,95.5,44.0,125.0,0,0,0,0,0,0,2,88,2,250,-1,-1,1,20,0.0,0.0,0.0,0.0,0.0,0.0,0.0,0.0
59374,53,17,70.0,230.0,35.0,35.0,35.0,0.0,115.0,115.0,115.0,0.0,10381.0,17960.4,31131.0,3.0,3.0,3.0,0.0,3.0,3.0,3.0,3.0,0.0,3.0,3.0,0,0,0,0,35.0,115.0,0,0,0,0,0,0,0,0,1.0,83.75,35.0,115.0,0,0,0,0,0,0,2,70,2,230,-1,-1,1,20,0.0,0.0,0.0,0.0,0.0,0.0,0.0,0.0
443,57320,6,31.0,0.0,31.0,0.0,10.3333,17.8979,0.0,0.0,0.0,0.0,2.0,1.414,3.0,1.0,4.0,2.0,1.414,3.0,1.0,0.0,0.0,0.0,0.0,0.0,0,0,0,0,0.0,31.0,0,0,0,0,1,0,0,0,0.0,10.3333,10.3333,0.0,0,0,0,0,0,0,3,31,0,0,59,-1,1,32,0.0,0.0,0.0,0.0,0.0,0.0,0.0,0.0
55777,443,6,356.0,3782.0,212.0,0.0,59.3333,89.2248,1460.0,0.0,630.3333,677.2171,12734.42,18843.645,41917.0,40.0,123705.0,25381.0,35023.775,44487.0,162.0,81262.0,17188.4,20377.806,41196.0,48.0,0,0,0,0,0.0,1460.0,0,0,0,1,0,0,0,0,1.0,344.8333,59.3333,630.3333,0,0,0,0,0,0,6,356,6,3782,8192,60,5,20,0.0,0.0,0.0,0.0,0.0,0.0,0.0,0.0
58342,80,6,12.0,0.0,6.0,6.0,6.0,0.0,0.0,0.0,0.0,0.0,30.0,0.0,30.0,30.0,30.0,30.0,0.0,30.0,30.0,0.0,0.0,0.0,0.0,0.0,0,0,0,0,6.0,6.0,0,0,0,0,1,0,0,0,0.0,9.0,6.0,0.0,0,0,0,0,0,0,2,12,0,0,63766,-1,1,20,0.0,0.0,0.0,0.0,0.0,0.0,0.0,0.0
443,43894,6,0.0,0.0,0.0,0.0,0.0,0.0,0.0,0.0,0.0,0.0,76.0,0.0,76.0,76.0,0.0,0.0,0.0,0.0,0.0,0.0,0.0,0.0,0.0,0.0,0,0,0,0,0.0,0.0,0,0,0,0,1,1,0,0,1.0,0.0,0.0,0.0,0,0,0,0,0,0,1,0,1,0,352,32832,0,32,0.0,0.0,0.0,0.0,0.0,0.0,0.0,0.0
52973,443,6,135.0,46.0,46.0,6.0,27.0,20.1246,46.0,46.0,46.0,0.0,1058909.0,2232642.912,5021428.0,4.0,5149978.0,1287449.0,2554868.664,5021428.0,4.0,0.0,0.0,0.0,0.0,0.0,1,0,0,0,6.0,46.0,0,1,0,0,1,0,0,0,0.0,37.8333,27.0,46.0,0,0,0,0,0,0,5,135,1,46,16237,360,4,20,275525.0,0.0,275525.0,275525.0,5021406.0,0.0,5021406.0,5028406.0
63020,443,6,12.0,0.0,6.0,6.0,6.0,0.0,0.0,0.0,0.0,0.0,2555689.0,0.0,2555689.0,2555689.0,2555689.0,2555689.0,0.0,2555689.0,2555689.0,0.0,0.0,0.0,0.0,0.0,0,0,0,0,6.0,6.0,0,0,0,0,1,0,0,0,0.0,9.0,6.0,0.0,0,0,0,0,0,0,2,12,0,0,63972,-1,1,20,0.0,0.0,0.0,0.0,0.0,0.0,0.0,0.0
443,50664,6,43.0,6.0,37.0,6.0,21.5,21.9203,6.0,6.0,6.0,0.0,24.0,27.951,45.0,3.0,3.0,3.0,0.0,3.0,3.0,0.0,0.0,0.0,0.0,0.0,1,0,0,0,6.0,37.0,0,1,0,0,1,0,0,0,0.0,28.3333,21.5,6.0,0,0,0,0,0,0,2,43,1,6,40958,0,1,20,0.0,0.0,0.0,0.0,0.0,0.0,0.0,0.0
4847,80,6,12.0,0.0,6.0,6.0,6.0,0.0,0.0,0.0,0.0,0.0,68.0,0.0,68.0,68.0,68.0,68.0,0.0,68.0,68.0,0.0,0.0,0.0,0.0,0.0,0,0,0,0,6.0,6.0,0,0,0,0,1,0,0,0,0.0,9.0,6.0,0.0,0,0,0,0,0,0,2,12,0,0,256,-1,1,20,0.0,0.0,0.0,0.0,0.0,0.0,0.0,0.0
56888,443,6,12.0,0.0,6.0,6.0,6.0,0.0,0.0,0.0,0.0,0.0,3.0,0.0,3.0,3.0,3.0,3.0,0.0,3.0,3.0,0.0,0.0,0.0,0.0,0.0,0,0,0,0,6.0,6.0,1,0,0,0,0,0,0,0,0.0,9.0,6.0,0.0,0,0,0,0,0,0,2,12,0,0,0,-1,1,20,0.0,0.0,0.0,0.0,0.0,0.0,0.0,0.0
123,123,17,96.0,96.0,48.0,48.0,48.0,0.0,48.0,48.0,48.0,0.0,22016554.66,38022580.207,65949652.0,31822.0,65999775.0,65999775.0,0.0,65999775.0,65999775.0,65999839.0,65999839.0,0.0,65999839.0,65999839.0,0,0,0,0,48.0,48.0,0,0,0,0,0,0,0,0,1.0,60.0,48.0,48.0,0,0,0,0,0,0,2,96,2,96,-1,-1,1,20,93981.0,0.0,93981.0,93981.0,65949686.0,0.0,65949686.0,65949686.0
52623,53,17,140.0,394.0,35.0,35.0,35.0,0.0,197.0,197.0,197.0,0.0,26160.2,57696.43,101938.0,3.0,31295.0,10495.0,18832.033,31288.0,3.0,3.0,3.0,0.0,3.0,3.0,0,0,0,0,35.0,197.0,0,0,0,0,0,0,0,0,0.0,91.8333,35.0,197.0,0,0,0,0,0,0,4,140,2,394,-1,-1,3,20,0.0,0.0,0.0,0.0,0.0,0.0,0.0,0.0
2080,53,17,68.0,218.0,34.0,34.0,34.0,0.0,109.0,109.0,109.0,0.0,71.33,120.367,218.0,1.0,1.0,1.0,0.0,1.0,1.0,1.0,1.0,0.0,1.0,1.0,0,0,0,0,34.0,109.0,0,0,0,0,0,0,0,0,1.0,70.0,34.0,109.0,0,0,0,0,0,0,2,68,2,218,-1,-1,1,20,0.0,0.0,0.0,0.0,0.0,0.0,0.0,0.0
443,51106,6,0.0,0.0,0.0,0.0,0.0,0.0,0.0,0.0,0.0,0.0,62.0,0.0,62.0,62.0,0.0,0.0,0.0,0.0,0.0,0.0,0.0,0.0,0.0,0.0,0,0,0,0,0.0,0.0,0,0,0,0,1,1,0,0,1.0,0.0,0.0,0.0,0,0,0,0,0,0,1,0,1,0,357,32832,0,32,0.0,0.0,0.0,0.0,0.0,0.0,0.0,0.0
54547,53,17,62.0,94.0,31.0,31.0,31.0,0.0,47.0,47.0,47.0,0.0,59.33,96.604,171.0,3.0,3.0,3.0,0.0,3.0,3.0,4.0,4.0,0.0,4.0,4.0,0,0,0,0,31.0,47.0,0,0,0,0,0,0,0,0,1.0,46.75,31.0,47.0,0,0,0,0,0,0,2,62,2,94,-1,-1,1,20,0.0,0.0,0.0,0.0,0.0,0.0,0.0,0.0
80,52190,6,6.0,6.0,6.0,6.0,6.0,0.0,6.0,6.0,6.0,0.0,66.0,0.0,66.0,66.0,0.0,0.0,0.0,0.0,0.0,0.0,0.0,0.0,0.0,0.0,0,0,0,0,6.0,6.0,0,0,0,0,1,1,0,0,1.0,9.0,6.0,6.0,0,0,0,0,0,0,1,6,1,6,389,258,0,20,0.0,0.0,0.0,0.0,0.0,0.0,0.0,0.0
51315,53,17,88.0,152.0,44.0,44.0,44.0,0.0,76.0,76.0,76.0,0.0,10355.33,17848.017,30960.0,3.0,3.0,3.0,0.0,3.0,3.0,3.0,3.0,0.0,3.0,3.0,0,0,0,0,44.0,76.0,0,0,0,0,0,0,0,0,1.0,71.0,44.0,76.0,0,0,0,0,0,0,2,88,2,152,-1,-1,1,20,0.0,0.0,0.0,0.0,0.0,0.0,0.0,0.0
443,61932,6,0.0,0.0,0.0,0.0,0.0,0.0,0.0,0.0,0.0,0.0,3.0,0.0,3.0,3.0,3.0,3.0,0.0,3.0,3.0,0.0,0.0,0.0,0.0,0.0,0,0,0,0,0.0,0.0,0,0,0,0,1,0,0,0,0.0,0.0,0.0,0.0,0,0,0,0,0,0,2,0,0,0,5114,-1,0,32,0.0,0.0,0.0,0.0,0.0,0.0,0.0,0.0
55981,53,17,156.0,574.0,39.0,39.0,39.0,0.0,197.0,197.0,197.0,0.0,15194.28,23852.449,63834.0,1.0,63815.0,21978.33,39561.338,63868.0,1.0,30924.0,10171.33,20610.457,30963.0,1.0,0,0,0,0,39.0,197.0,0,0,0,0,0,0,0,0,1.0,96.875,39.0,197.0,0,0,0,0,0,0,4,156,4,574,-1,-1,3,20,0.0,0.0,0.0,0.0,0.0,0.0,0.0,0.0
443,39641,6,0.0,0.0,0.0,0.0,0.0,0.0,0.0,0.0,0.0,0.0,32.0,0.0,32.0,32.0,0.0,0.0,0.0,0.0,0.0,0.0,0.0,0.0,0.0,0.0,0,0,0,0,0.0,0.0,0,0,0,0,1,0,0,0,1.0,0.0,0.0,0.0,0,0,0,0,0,0,1,0,1,0,357,316,0,32,0.0,0.0,0.0,0.0,0.0,0.0,0.0,0.0
12073,53,17,82.0,460.0,41.0,41.0,41.0,0.0,230.0,230.0,230.0,0.0,82.66,132.354,246.0,3.0,3.0,3.0,0.0,3.0,3.0,4.0,4.0,0.0,4.0,4.0,0,0,0,0,41.0,230.0,0,0,0,0,0,0,0,0,1.0,146.75,41.0,230.0,0,0,0,0,0,0,2,82,2,460,-1,-1,1,32,0.0,0.0,0.0,0.0,0.0,0.0,0.0,0.0
64445,53,17,74.0,138.0,37.0,37.0,37.0,0.0,69.0,69.0,69.0,0.0,58.0,91.119,167.0,3.0,3.0,3.0,0.0,3.0,3.0,4.0,4.0,0.0,4.0,4.0,0,0,0,0,37.0,69.0,0,0,0,0,0,0,0,0,1.0,62.25,37.0,69.0,0,0,0,0,0,0,2,74,2,138,-1,-1,1,32,0.0,0.0,0.0,0.0,0.0,0.0,0.0,0.0
61808,53,17,88.0,188.0,44.0,44.0,44.0,0.0,94.0,94.0,94.0,0.0,50.33,89.096,145.0,3.0,3.0,3.0,0.0,3.0,3.0,3.0,3.0,0.0,3.0,3.0,0,0,0,0,44.0,94.0,0,0,0,0,0,0,0,0,1.0,80.0,44.0,94.0,0,0,0,0,0,0,2,88,2,188,-1,-1,1,20,0.0,0.0,0.0,0.0,0.0,0.0,0.0,0.0
443,50054,6,0.0,0.0,0.0,0.0,0.0,0.0,0.0,0.0,0.0,0.0,211.0,343.979,401.0,1.0,1.0,1.0,0.0,1.0,1.0,0.0,0.0,0.0,0.0,0.0,0,0,0,0,0.0,0.0,0,0,0,0,1,1,0,0,0.0,0.0,0.0,0.0,0,0,0,0,0,0,2,0,1,0,362,32832,0,32,0.0,0.0,0.0,0.0,0.0,0.0,0.0,0.0
46253,443,6,0.0,0.0,0.0,0.0,0.0,0.0,0.0,0.0,0.0,0.0,95729.0,0.0,95729.0,95729.0,0.0,0.0,0.0,0.0,0.0,0.0,0.0,0.0,0.0,0.0,0,0,0,0,0.0,0.0,0,0,0,0,1,1,0,0,1.0,0.0,0.0,0.0,0,0,0,0,0,0,1,0,1,0,304,254,0,32,0.0,0.0,0.0,0.0,0.0,0.0,0.0,0.0
42579,53,17,88.0,204.0,44.0,44.0,44.0,0.0,102.0,102.0,102.0,0.0,52.0,84.57,159.0,3.0,3.0,3.0,0.0,3.0,3.0,3.0,3.0,0.0,3.0,3.0,0,0,0,0,44.0,102.0,0,0,0,0,0,0,0,0,1.0,84.0,44.0,102.0,0,0,0,0,0,0,2,88,2,204,-1,-1,1,32,0.0,0.0,0.0,0.0,0.0,0.0,0.0,0.0
60261,53,17,94.0,256.0,47.0,47.0,47.0,0.0,128.0,128.0,128.0,0.0,69.33,119.796,206.0,2.0,2.0,2.0,0.0,2.0,2.0,4.0,4.0,0.0,4.0,4.0,0,0,0,0,47.0,128.0,0,0,0,0,0,0,0,0,1.0,99.25,47.0,128.0,0,0,0,0,0,0,2,94,2,256,-1,-1,1,20,0.0,0.0,0.0,0.0,0.0,0.0,0.0,0.0
50281,53,17,76.0,108.0,38.0,38.0,38.0,0.0,54.0,54.0,54.0,0.0,57.33,94.994,167.0,3.0,3.0,3.0,0.0,3.0,3.0,3.0,3.0,0.0,3.0,3.0,0,0,0,0,38.0,54.0,0,0,0,0,0,0,0,0,1.0,55.5,38.0,54.0,0,0,0,0,0,0,2,76,2,108,-1,-1,1,20,0.0,0.0,0.0,0.0,0.0,0.0,0.0,0.0
62143,53,17,64.0,117.0,64.0,64.0,64.0,0.0,117.0,117.0,117.0,0.0,61832.0,0.0,61832.0,61832.0,0.0,0.0,0.0,0.0,0.0,0.0,0.0,0.0,0.0,0.0,0,0,0,0,64.0,117.0,0,0,0,0,0,0,0,0,1.0,122.5,64.0,117.0,0,0,0,0,0,0,1,64,1,117,-1,-1,0,20,0.0,0.0,0.0,0.0,0.0,0.0,0.0,0.0
2316,389,6,5912.0,6198.0,1303.0,0.0,217.4783,375.9968,2836.0,0.0,337.7333,724.4773,3220552.77,18617258.971,104296367.0,0.0,116537503.0,6285863.43,25152758.206,106296367.0,1.0,116426656.0,9941117.1,12937907.412,104278756.0,0.0,0,0,0,0,0.0,2836.0,0,0,0,1,0,0,0,0,0.0,247.9903,217.4783,337.7333,0,0,0,0,0,0,24,5912,18,6198,8192,76,21,20,186681.5,193993.172,381699.0,59892.0,9702372.0,386797.485,4296368.0,9529388.0
61791,53,17,60.0,182.0,30.0,30.0,30.0,0.0,91.0,91.0,91.0,0.0,10295.33,17870.334,30879.0,3.0,4.0,4.0,0.0,4.0,4.0,3.0,3.0,0.0,3.0,3.0,0,0,0,0,30.0,91.0,0,0,0,0,0,0,0,0,1.0,68.0,30.0,91.0,0,0,0,0,0,0,2,60,2,182,-1,-1,1,20,0.0,0.0,0.0,0.0,0.0,0.0,0.0,0.0
42386,443,6,6.0,6.0,6.0,6.0,6.0,0.0,6.0,6.0,6.0,0.0,35278.0,0.0,35278.0,35278.0,0.0,0.0,0.0,0.0,0.0,0.0,0.0,0.0,0.0,0.0,0,0,0,0,6.0,6.0,1,0,0,0,1,0,0,0,1.0,9.0,6.0,6.0,0,0,0,0,0,0,1,6,1,6,0,0,0,20,0.0,0.0,0.0,0.0,0.0,0.0,0.0,0.0
53724,80,6,0.0,0.0,0.0,0.0,0.0,0.0,0.0,0.0,0.0,0.0,1885229.33,3191559.016,5412573.0,67.0,5446278.0,2773139.0,3882534.772,5418573.0,32472.0,0.0,0.0,0.0,0.0,0.0,0,0,0,0,0.0,0.0,0,0,0,1,0,0,0,0,0.0,0.0,0.0,0.0,0,0,0,0,0,0,3,0,1,0,29200,65535,0,32,0.0,0.0,0.0,0.0,0.0,0.0,0.0,0.0
443,56764,6,0.0,18.0,0.0,0.0,0.0,0.0,6.0,6.0,6.0,0.0,43950.25,86394.637,174112.0,1.0,174270.0,174270.0,0.0,174270.0,174270.0,4.0,2.0,1.414,3.0,1.0,0,0,0,0,0.0,6.0,0,0,0,0,1,0,0,0,1.0,3.6,0.0,6.0,0,0,0,0,0,0,2,0,3,18,115,0,0,32,0.0,0.0,0.0,0.0,0.0,0.0,0.0,0.0
9386,53,17,74.0,154.0,37.0,37.0,37.0,0.0,77.0,77.0,77.0,0.0,64.0,101.716,187.0,3.0,3.0,3.0,0.0,3.0,3.0,3.0,3.0,0.0,3.0,3.0,0,0,0,0,37.0,77.0,0,0,0,0,0,0,0,0,1.0,66.25,37.0,77.0,0,0,0,0,0,0,2,74,2,154,-1,-1,1,32,0.0,0.0,0.0,0.0,0.0,0.0,0.0,0.0
443,2357,6,12.0,0.0,6.0,6.0,6.0,0.0,0.0,0.0,0.0,0.0,250.0,0.0,250.0,250.0,250.0,250.0,0.0,250.0,250.0,0.0,0.0,0.0,0.0,0.0,0,0,0,0,6.0,6.0,0,0,0,0,1,0,0,0,0.0,9.0,6.0,0.0,0,0,0,0,0,0,2,12,0,0,23272,-1,1,20,0.0,0.0,0.0,0.0,0.0,0.0,0.0,0.0
60497,53,17,80.0,452.0,40.0,40.0,40.0,0.0,226.0,226.0,226.0,0.0,62.0,109.599,180.0,4.0,4.0,4.0,0.0,4.0,4.0,4.0,4.0,0.0,4.0,4.0,0,0,0,0,40.0,226.0,0,0,0,0,0,0,0,0,1.0,143.0,40.0,226.0,0,0,0,0,0,0,2,80,2,452,-1,-1,1,20,0.0,0.0,0.0,0.0,0.0,0.0,0.0,0.0
60520,53,17,56.0,112.0,56.0,56.0,56.0,0.0,112.0,112.0,112.0,0.0,60914.0,0.0,60914.0,60914.0,0.0,0.0,0.0,0.0,0.0,0.0,0.0,0.0,0.0,0.0,0,0,0,0,56.0,112.0,0,0,0,0,0,0,0,0,1.0,112.0,56.0,112.0,0,0,0,0,0,0,1,56,1,112,-1,-1,0,20,0.0,0.0,0.0,0.0,0.0,0.0,0.0,0.0
443,41783,6,12.0,0.0,6.0,6.0,6.0,0.0,0.0,0.0,0.0,0.0,229.0,0.0,229.0,229.0,229.0,229.0,0.0,229.0,229.0,0.0,0.0,0.0,0.0,0.0,0,0,0,0,6.0,6.0,0,0,0,0,1,0,0,0,0.0,9.0,6.0,0.0,0,0,0,0,0,0,2,12,0,0,30,-1,1,20,0.0,0.0,0.0,0.0,0.0,0.0,0.0,0.0
17788,53,17,94.0,220.0,47.0,47.0,47.0,0.0,110.0,110.0,110.0,0.0,150.66,224.618,345.0,0.0,0.0,0.0,0.0,0.0,0.0,1.0,1.0,0.0,1.0,1.0,0,0,0,0,47.0,110.0,0,0,0,0,0,0,0,0,1.0,90.25,47.0,110.0,0,0,0,0,0,0,2,94,2,220,-1,-1,1,32,0.0,0.0,0.0,0.0,0.0,0.0,0.0,0.0
53573,53,17,132.0,146.0,33.0,33.0,33.0,0.0,73.0,73.0,73.0,0.0,112509.8,342372.871,713186.0,3.0,66184.0,22361.33,35233.443,66176.0,3.0,3.0,3.0,0.0,3.0,3.0,0,0,0,0,33.0,73.0,0,0,0,0,0,0,0,0,0.0,48.8333,33.0,73.0,0,0,0,0,0,0,4,132,2,146,-1,-1,3,32,0.0,0.0,0.0,0.0,0.0,0.0,0.0,0.0
49450,53,17,74.0,248.0,37.0,37.0,37.0,0.0,124.0,124.0,124.0,0.0,10550.33,18252.304,31641.0,1.0,1.0,1.0,0.0,1.0,1.0,48.0,48.0,0.0,48.0,48.0,0,0,0,0,37.0,124.0,0,0,0,0,0,0,0,0,1.0,89.75,37.0,124.0,0,0,0,0,0,0,2,74,2,248,-1,-1,1,32,0.0,0.0,0.0,0.0,0.0,0.0,0.0,0.0
443,53895,6,37.0,0.0,37.0,0.0,18.5,26.163,0.0,0.0,0.0,0.0,4.0,0.0,4.0,4.0,4.0,4.0,0.0,4.0,4.0,0.0,0.0,0.0,0.0,0.0,1,0,0,0,0.0,37.0,0,1,0,0,1,0,0,0,0.0,37.0,18.5,0.0,0,0,0,0,0,0,2,37,0,0,972,-1,0,32,0.0,0.0,0.0,0.0,0.0,0.0,0.0,0.0
58396,443,6,18.0,0.0,6.0,6.0,6.0,0.0,0.0,0.0,0.0,0.0,79.66,120.95,202.0,3.0,239.0,119.5,108.321,205.0,3.0,0.0,0.0,0.0,0.0,0.0,0,0,0,0,0.0,6.0,1,0,0,0,0,0,0,0,0.0,6.0,6.0,0.0,0,0,0,0,0,0,3,18,1,0,0,972,2,20,0.0,0.0,0.0,0.0,0.0,0.0,0.0,0.0
443,61934,6,0.0,18.0,0.0,0.0,0.0,0.0,6.0,6.0,6.0,0.0,25455.25,50747.397,105691.0,1.0,105761.0,105761.0,0.0,105761.0,105761.0,5.0,2.5,2.121,4.0,1.0,0,0,0,0,0.0,6.0,0,0,0,0,1,0,0,0,1.0,3.6,0.0,6.0,0,0,0,0,0,0,2,0,3,18,114,0,0,32,0.0,0.0,0.0,0.0,0.0,0.0,0.0,0.0
62195,443,6,18.0,37.0,6.0,6.0,6.0,0.0,37.0,0.0,18.5,26.163,61886.75,124153.315,247959.0,4.0,147.0,73.5,173.944,144.0,72.0,247459.0,247459.0,0.0,247459.0,247459.0,0,0,0,0,0.0,37.0,1,0,0,0,0,0,0,0,0.0,12.2,6.0,18.5,0,0,0,0,0,0,3,18,2,37,0,65,2,20,0.0,0.0,0.0,0.0,0.0,0.0,0.0,0.0
58395,53,17,64.0,324.0,32.0,32.0,32.0,0.0,162.0,162.0,162.0,0.0,11313.66,19866.569,33939.0,4.0,48.0,48.0,0.0,48.0,48.0,4.0,4.0,0.0,4.0,4.0,0,0,0,0,32.0,162.0,0,0,0,0,0,0,0,0,1.0,105.0,32.0,162.0,0,0,0,0,0,0,2,64,2,324,-1,-1,1,20,0.0,0.0,0.0,0.0,0.0,0.0,0.0,0.0
60417,53,17,307.0,181.0,38.0,28.0,32.0,0.0,93.0,98.0,90.5,9.0603,8990318.64,25824548.077,58303753.0,23396.0,68324130.0,14397396.44,28350796.241,58324153.0,384.0,58333654.0,19854528.8,21676554.793,58323648.0,162331.0,0,0,0,0,28.0,93.0,0,0,0,0,0,0,0,0,0.0,56.25,32.0,90.5,0,0,0,0,0,0,8,307,6,181,-1,-1,6,20,45875.0,0.0,45875.0,45875.0,58303790.0,0.0,58303790.0,58303790.0
36580,80,6,0.0,0.0,0.0,0.0,0.0,0.0,0.0,0.0,0.0,0.0,1817179.33,3223170.312,5613072.0,19.0,5633859.0,2816979.5,3955263.358,5613072.0,15605.0,0.0,0.0,0.0,0.0,0.0,0,0,0,0,0.0,0.0,0,0,0,1,0,0,0,0,0.0,0.0,0.0,0.0,0,0,0,0,0,0,3,0,1,0,29200,28960,0,32,0.0,0.0,0.0,0.0,0.0,0.0,0.0,0.0
80,59232,6,0.0,0.0,0.0,0.0,0.0,0.0,0.0,0.0,0.0,0.0,55.0,0.0,55.0,55.0,0.0,0.0,0.0,0.0,0.0,0.0,0.0,0.0,0.0,0.0,0,0,0,0,0.0,0.0,0,0,0,0,1,1,0,0,1.0,0.0,0.0,0.0,0,0,0,0,0,0,1,0,1,0,65,229,0,32,0.0,0.0,0.0,0.0,0.0,0.0,0.0,0.0
23148,53,17,66.0,180.0,33.0,33.0,33.0,0.0,90.0,90.0,90.0,0.0,10171.0,17682.014,30508.0,3.0,4.0,4.0,0.0,4.0,4.0,3.0,3.0,0.0,3.0,3.0,0,0,0,0,33.0,90.0,0,0,0,0,0,0,0,0,1.0,69.75,33.0,90.0,0,0,0,0,0,0,2,66,2,180,-1,-1,1,20,0.0,0.0,0.0,0.0,0.0,0.0,0.0,0.0
34077,80,6,0.0,0.0,0.0,0.0,0.0,0.0,0.0,0.0,0.0,0.0,1729965.0,3014726.241,5330378.0,33.0,5368221.0,2684110.5,3736854.474,5330378.0,36795.0,0.0,0.0,0.0,0.0,0.0,0,0,0,0,0.0,0.0,0,0,0,1,0,0,0,0,0.0,0.0,0.0,0.0,0,0,0,0,0,0,3,0,1,0,29200,4385,0,32,0.0,0.0,0.0,0.0,0.0,0.0,0.0,0.0
443,50747,6,0.0,0.0,0.0,0.0,0.0,0.0,0.0,0.0,0.0,0.0,3.0,0.0,3.0,3.0,3.0,3.0,0.0,3.0,3.0,0.0,0.0,0.0,0.0,0.0,0,0,0,0,0.0,0.0,0,0,0,0,1,0,0,0,0.0,0.0,0.0,0.0,0,0,0,0,0,0,2,0,0,0,4450,-1,0,32,0.0,0.0,0.0,0.0,0.0,0.0,0.0,0.0
60109,53,17,64.0,117.0,64.0,64.0,64.0,0.0,117.0,117.0,117.0,0.0,61574.0,0.0,61574.0,61574.0,0.0,0.0,0.0,0.0,0.0,0.0,0.0,0.0,0.0,0.0,0,0,0,0,64.0,117.0,0,0,0,0,0,0,0,0,1.0,122.5,64.0,117.0,0,0,0,0,0,0,1,64,1,117,-1,-1,0,32,0.0,0.0,0.0,0.0,0.0,0.0,0.0,0.0
12825,53,17,70.0,166.0,35.0,35.0,35.0,0.0,83.0,83.0,83.0,0.0,20511.0,35559.867,61526.0,3.0,4.0,4.0,0.0,4.0,4.0,3.0,3.0,0.0,3.0,3.0,0,0,0,0,35.0,83.0,0,0,0,0,0,0,0,0,1.0,67.75,35.0,83.0,0,0,0,0,0,0,2,70,2,166,-1,-1,1,40,0.0,0.0,0.0,0.0,0.0,0.0,0.0,0.0
443,53624,6,37.0,0.0,37.0,0.0,18.5,26.163,0.0,0.0,0.0,0.0,3.0,0.0,3.0,3.0,3.0,3.0,0.0,3.0,3.0,0.0,0.0,0.0,0.0,0.0,1,0,0,0,0.0,37.0,0,1,0,0,1,0,0,0,0.0,37.0,18.5,0.0,0,0,0,0,0,0,2,37,0,0,972,-1,0,32,0.0,0.0,0.0,0.0,0.0,0.0,0.0,0.0
50463,443,6,883.0,5804.0,534.0,0.0,70.7778,151.2372,1768.0,0.0,689.4,713.0074,4301108.47,15656409.387,58561632.0,1.0,117657159.0,8434697.91,21894632.438,58568632.0,4.0,117106494.0,10629677.66,23798434.156,58666036.0,1.0,0,0,0,0,0.0,1768.0,0,0,0,1,0,0,0,0,0.0,351.7895,70.7778,689.4,0,0,0,0,0,0,18,883,10,5804,29200,357,7,32,221571.0,11360.633,212330.0,293710.0,58320656.0,675815.367,58561636.0,58496879.0
60407,53,17,68.0,100.0,34.0,34.0,34.0,0.0,50.0,50.0,50.0,0.0,58.66,63.333,126.0,4.0,47.0,47.0,0.0,47.0,47.0,4.0,4.0,0.0,4.0,4.0,0,0,0,0,34.0,50.0,0,0,0,0,0,0,0,0,1.0,50.5,34.0,50.0,0,0,0,0,0,0,2,68,2,100,-1,-1,1,32,0.0,0.0,0.0,0.0,0.0,0.0,0.0,0.0
61254,53,17,114.0,216.0,58.0,56.0,57.0,0.0,108.0,108.0,108.0,0.0,53.33,88.624,152.0,4.0,4.0,4.0,0.0,4.0,4.0,4.0,4.0,0.0,4.0,4.0,0,0,0,0,56.0,108.0,0,0,0,0,0,0,0,0,1.0,99.75,57.0,108.0,0,0,0,0,0,0,2,114,2,216,-1,-1,1,20,0.0,0.0,0.0,0.0,0.0,0.0,0.0,0.0
443,60201,6,37.0,0.0,37.0,0.0,18.5,26.163,0.0,0.0,0.0,0.0,3.0,0.0,3.0,3.0,3.0,3.0,0.0,3.0,3.0,0.0,0.0,0.0,0.0,0.0,1,0,0,0,0.0,37.0,0,1,0,0,1,0,0,0,0.0,37.0,18.5,0.0,0,0,0,0,0,0,2,37,0,0,1006,-1,0,32,0.0,0.0,0.0,0.0,0.0,0.0,0.0,0.0
61685,443,6,767.0,4769.0,395.0,0.0,95.2857,156.3228,1460.0,0.0,459.5263,595.4228,399915.76,1373772.557,6480002.0,13.0,6683935.0,634730.83,2044964.699,6443002.0,221.0,186021.0,21661.16,26413.603,78355.0,49.0,0,0,0,0,0.0,1460.0,0,0,0,1,0,0,0,0,1.0,298.2708,95.2857,459.5263,0,0,0,0,0,0,7,767,7,4769,8192,8737,6,20,0.0,0.0,0.0,0.0,0.0,0.0,0.0,0.0
58230,53,17,98.0,154.0,49.0,49.0,49.0,0.0,77.0,77.0,77.0,0.0,55.33,87.077,159.0,3.0,3.0,3.0,0.0,3.0,3.0,3.0,3.0,0.0,3.0,3.0,0,0,0,0,49.0,77.0,0,0,0,0,0,0,0,0,1.0,75.25,49.0,77.0,0,0,0,0,0,0,2,98,2,154,-1,-1,1,32,0.0,0.0,0.0,0.0,0.0,0.0,0.0,0.0
64414,443,6,1044.0,3159.0,565.0,0.0,180.0,262.0684,1491.0,0.0,461.8,611.6188,67647.75,81073.841,242331.0,3.0,450308.0,82721.66,89918.779,242331.0,185.0,340047.0,85058.75,117067.838,259324.0,3.0,0,0,0,0,0.0,1491.0,0,0,0,1,0,0,0,0,1.0,348.1429,180.0,461.8,0,0,0,0,0,0,7,1044,5,3159,8192,245,6,20,0.0,0.0,0.0,0.0,0.0,0.0,0.0,0.0
54628,53,17,78.0,110.0,39.0,39.0,39.0,0.0,55.0,55.0,55.0,0.0,62.66,62.945,136.0,2.0,49.0,49.0,0.0,49.0,49.0,2.0,2.0,0.0,2.0,2.0,0,0,0,0,39.0,55.0,0,0,0,0,0,0,0,0,1.0,56.75,39.0,55.0,0,0,0,0,0,0,2,78,2,110,-1,-1,1,32,0.0,0.0,0.0,0.0,0.0,0.0,0.0,0.0
35498,53,17,46.0,46.0,23.0,23.0,23.0,0.0,23.0,23.0,23.0,0.0,68.33,116.922,204.0,0.0,0.0,0.0,0.0,0.0,0.0,1.0,1.0,0.0,1.0,1.0,0,0,0,0,23.0,23.0,0,0,0,0,0,0,0,0,1.0,28.75,23.0,23.0,0,0,0,0,0,0,2,46,2,46,-1,-1,1,32,0.0,0.0,0.0,0.0,0.0,0.0,0.0,0.0
9719,443,6,3128.0,4502.0,1348.0,0.0,249.1429,559.2569,1430.0,0.0,205.3333,477.358,1598363.72,6147533.816,21007441.0,1.0,23046310.0,2260870.0,7120422.37,21107441.0,4.0,51196.0,8638.76,11423.687,26549.0,1.0,0,0,0,0,0.0,1430.0,0,0,0,1,0,0,0,0,0.0,210.0192,249.1429,205.3333,0,0,0,0,0,0,14,3128,12,4502,8192,16300,13,20,0.0,0.0,0.0,0.0,0.0,0.0,0.0,0.0
54592,53,17,236.0,392.0,34.0,34.0,34.0,0.0,98.0,98.0,98.0,0.0,478495.15,589805.585,1969432.0,4.0,2063659.0,223281.5,738377.26,1065639.0,4.0,2960154.0,940071.8,883556.612,1960040.0,4.0,0,0,0,0,34.0,98.0,0,0,0,0,0,0,0,0,0.0,62.3,34.0,98.0,0,0,0,0,0,0,6,236,6,392,-1,-1,5,20,0.0,0.0,0.0,0.0,0.0,0.0,0.0,0.0
54316,80,6,12.0,6.0,6.0,0.0,4.0,3.4641,6.0,0.0,2.0,3.4641,1721867.0,2983103.69,5173195.0,55.0,5193498.0,2596799.0,3528108.86,5173195.0,23836.0,0.0,0.0,0.0,0.0,0.0,0,0,0,0,0.0,6.0,0,0,0,1,0,0,0,0,0.0,3.0,4.0,2.0,0,0,0,0,0,0,3,12,1,6,8192,29200,2,20,0.0,0.0,0.0,0.0,0.0,0.0,0.0,0.0
40178,53,17,46.0,46.0,23.0,23.0,23.0,0.0,23.0,23.0,23.0,0.0,63.0,23.951,97.0,49.0,49.0,49.0,0.0,49.0,49.0,49.0,49.0,0.0,49.0,49.0,0,0,0,0,23.0,23.0,0,0,0,0,0,0,0,0,1.0,28.75,23.0,23.0,0,0,0,0,0,0,2,46,2,46,-1,-1,1,32,0.0,0.0,0.0,0.0,0.0,0.0,0.0,0.0
51662,443,6,771.0,5933.0,453.0,0.0,61.6154,121.7699,1448.0,0.0,581.0714,680.3091,7673.2,12781.307,34127.0,1.0,121370.0,13744.0,16257.461,31369.0,48.0,101740.0,10538.66,27495.08,50530.0,1.0,0,0,0,0,0.0,1448.0,0,0,0,1,0,0,0,0,0.0,268.6,61.6154,581.0714,0,0,0,0,0,0,13,771,7,5933,65535,972,6,32,0.0,0.0,0.0,0.0,0.0,0.0,0.0,0.0
24623,53,17,74.0,262.0,37.0,37.0,37.0,0.0,131.0,131.0,131.0,0.0,20364.0,35281.271,61088.0,3.0,3.0,3.0,0.0,3.0,3.0,13.0,13.0,0.0,13.0,13.0,0,0,0,0,37.0,131.0,0,0,0,0,0,0,0,0,1.0,93.25,37.0,131.0,0,0,0,0,0,0,2,74,2,262,-1,-1,1,32,0.0,0.0,0.0,0.0,0.0,0.0,0.0,0.0
443,58423,6,0.0,0.0,0.0,0.0,0.0,0.0,0.0,0.0,0.0,0.0,74.0,0.0,74.0,74.0,0.0,0.0,0.0,0.0,0.0,0.0,0.0,0.0,0.0,0.0,0,0,0,0,0.0,0.0,0,0,0,0,1,0,0,0,1.0,0.0,0.0,0.0,0,0,0,0,0,0,1,0,1,0,5603,33304,0,32,0.0,0.0,0.0,0.0,0.0,0.0,0.0,0.0
64966,80,6,923.0,306.0,927.0,0.0,284.6667,470.9227,306.0,0.0,73.0,146.6685,14304.25,17039.686,32637.0,161.0,56880.0,28445.0,9525.474,33729.0,23899.0,57941.0,27951.0,37357.568,52760.0,520.0,0,0,0,0,0.0,927.0,0,0,0,1,0,0,0,0,0.0,199.0,284.6667,73.0,0,0,0,0,0,0,3,923,3,306,65535,8186,1,32,0.0,0.0,0.0,0.0,0.0,0.0,0.0,0.0
62558,53,17,61.0,186.0,61.0,61.0,61.0,0.0,186.0,186.0,186.0,0.0,76496.0,0.0,76496.0,76496.0,0.0,0.0,0.0,0.0,0.0,0.0,0.0,0.0,0.0,0.0,0,0,0,0,61.0,186.0,0,0,0,0,0,0,0,0,1.0,154.0,61.0,186.0,0,0,0,0,0,0,1,61,1,186,-1,-1,0,20,0.0,0.0,0.0,0.0,0.0,0.0,0.0,0.0
30110,53,17,68.0,122.0,34.0,34.0,34.0,0.0,61.0,61.0,61.0,0.0,16559.66,28762.109,49623.0,1.0,1.0,1.0,0.0,1.0,1.0,3.0,3.0,0.0,3.0,3.0,0,0,0,0,34.0,61.0,0,0,0,0,0,0,0,0,1.0,56.0,34.0,61.0,0,0,0,0,0,0,2,68,2,122,-1,-1,1,32,0.0,0.0,0.0,0.0,0.0,0.0,0.0,0.0
58540,443,6,954.0,70659.0,437.0,0.0,13.2381,53.3766,4380.0,0.0,1443.1022,818.7211,1593791.89,3599125.375,10051027.0,5.0,115769900.0,3642660.54,4867520.296,10060407.0,48.0,110570824.0,3074275.05,4857584.114,10068226.0,48.0,0,0,0,0,0.0,4380.0,0,0,0,1,0,0,0,0,1.0,868.4879,13.2381,1443.1022,0,0,0,0,0,0,47,954,44,70659,29200,122,46,20,31505.27,36876.117,128666.0,14990.0,9645786.63,1336389.337,10051020.0,5329857.0
43407,53,17,66.0,190.0,33.0,33.0,33.0,0.0,95.0,95.0,95.0,0.0,68.0,111.018,198.0,1.0,1.0,1.0,0.0,1.0,1.0,1.0,1.0,0.0,1.0,1.0,0,0,0,0,33.0,95.0,0,0,0,0,0,0,0,0,1.0,72.25,33.0,95.0,0,0,0,0,0,0,2,66,2,190,-1,-1,1,20,0.0,0.0,0.0,0.0,0.0,0.0,0.0,0.0
63413,53,17,188.0,344.0,94.0,94.0,94.0,0.0,172.0,172.0,172.0,0.0,16244.66,28039.503,48723.0,4.0,4.0,4.0,0.0,4.0,4.0,48.0,48.0,0.0,48.0,48.0,0,0,0,0,94.0,172.0,0,0,0,0,0,0,0,0,1.0,159.5,94.0,172.0,0,0,0,0,0,0,2,188,2,344,-1,-1,1,32,0.0,0.0,0.0,0.0,0.0,0.0,0.0,0.0
36042,443,6,1042.0,5189.0,449.0,0.0,45.3,113.44,1448.0,0.0,213.5625,430.1814,2694244.8,4399919.881,10219651.0,6.0,115661814.0,4614570.76,4974961.46,10244046.0,19.0,112697590.0,5634084.93,5104313.762,10240788.0,48.0,0,0,0,0,0.0,1448.0,0,0,0,1,0,0,0,0,0.0,113.5667,45.3,213.5625,0,0,0,0,0,0,20,1042,22,5189,29200,1006,5,32,47160.09,40891.918,152854.0,21917.0,10185833.0,41021.958,10219658.0,10002057.0
52513,21,6,6.0,6.0,6.0,6.0,6.0,0.0,6.0,6.0,6.0,0.0,22.0,0.0,22.0,22.0,0.0,0.0,0.0,0.0,0.0,0.0,0.0,0.0,0.0,0.0,0,0,0,0,6.0,6.0,0,0,0,0,1,1,0,0,1.0,9.0,6.0,6.0,0,0,0,0,0,0,1,6,1,6,16395,245,0,20,0.0,0.0,0.0,0.0,0.0,0.0,0.0,0.0
65584,53,17,140.0,316.0,35.0,35.0,35.0,0.0,158.0,158.0,158.0,0.0,12475.4,17675.031,31387.0,3.0,31375.0,10428.66,18242.834,31377.0,3.0,4.0,4.0,0.0,4.0,4.0,0,0,0,0,35.0,158.0,0,0,0,0,0,0,0,0,0.0,81.8333,35.0,158.0,0,0,0,0,0,0,4,140,2,316,-1,-1,3,20,0.0,0.0,0.0,0.0,0.0,0.0,0.0,0.0
56207,53,17,50.0,82.0,25.0,25.0,25.0,0.0,41.0,41.0,41.0,0.0,47.33,70.477,134.0,4.0,4.0,4.0,0.0,4.0,4.0,4.0,4.0,0.0,4.0,4.0,0,0,0,0,25.0,41.0,0,0,0,0,0,0,0,0,1.0,39.25,25.0,41.0,0,0,0,0,0,0,2,50,2,82,-1,-1,1,32,0.0,0.0,0.0,0.0,0.0,0.0,0.0,0.0
56379,53,17,90.0,202.0,45.0,45.0,45.0,0.0,101.0,101.0,101.0,0.0,16996.66,29356.249,50986.0,3.0,4.0,4.0,0.0,4.0,4.0,3.0,3.0,0.0,3.0,3.0,0,0,0,0,45.0,101.0,0,0,0,0,0,0,0,0,1.0,84.25,45.0,101.0,0,0,0,0,0,0,2,90,2,202,-1,-1,1,32,0.0,0.0,0.0,0.0,0.0,0.0,0.0,0.0
61288,53,17,131.0,295.0,95.0,96.0,96.0,0.0,295.0,295.0,295.0,0.0,91113.0,0.0,91113.0,91113.0,0.0,0.0,0.0,0.0,0.0,0.0,0.0,0.0,0.0,0.0,0,0,0,0,196.0,295.0,0,0,0,0,0,0,0,0,1.0,203.5,96.0,295.0,0,0,0,0,0,0,1,131,1,295,-1,-1,0,20,0.0,0.0,0.0,0.0,0.0,0.0,0.0,0.0
2362,443,6,969.0,598.0,681.0,0.0,98.9,212.6739,405.0,2.0,106.4,176.207,12275.72,14472.299,36896.0,2.0,186062.0,20792.88,20067.219,52072.0,3.0,121012.0,35204.5,27217.446,58780.0,718.0,0,0,0,0,0.0,681.0,0,0,0,1,0,0,0,0,0.0,110.3333,98.9,106.4,0,0,0,0,0,0,10,969,5,598,65535,35023,5,20,0.0,0.0,0.0,0.0,0.0,0.0,0.0,0.0
59579,443,6,611.0,166.0,517.0,0.0,101.8333,204.3051,150.0,0.0,42.0,76.0526,625372.77,1953310.922,5799956.0,3.0,5998119.0,1199019.2,2554050.19,5857618.0,3.0,129192.0,49094.0,48767.924,89738.0,13.0,0,0,0,0,0.0,517.0,0,0,0,1,0,0,0,0,0.0,77.6,101.8333,42.0,0,0,0,0,0,0,6,611,4,166,8192,946,5,20,126927.0,0.0,126927.0,126927.0,5799977.0,0.0,5799957.0,5799977.0
46923,53,17,66.0,246.0,33.0,33.0,33.0,0.0,123.0,123.0,123.0,0.0,7920.0,13747.596,23758.0,1.0,1.0,1.0,0.0,1.0,1.0,48.0,48.0,0.0,48.0,48.0,0,0,0,0,33.0,123.0,0,0,0,0,0,0,0,0,1.0,86.25,33.0,123.0,0,0,0,0,0,0,2,66,2,246,-1,-1,1,32,0.0,0.0,0.0,0.0,0.0,0.0,0.0,0.0
32681,53,17,94.0,350.0,47.0,47.0,47.0,0.0,175.0,175.0,175.0,0.0,81.33,132.75,247.0,1.0,1.0,1.0,0.0,1.0,1.0,1.0,1.0,0.0,1.0,1.0,0,0,0,0,47.0,175.0,0,0,0,0,0,0,0,0,1.0,122.75,47.0,175.0,0,0,0,0,0,0,2,94,2,350,-1,-1,1,20,0.0,0.0,0.0,0.0,0.0,0.0,0.0,0.0
50345,443,6,86.0,7.0,86.0,0.0,28.6667,49.6521,7.0,0.0,2.3333,4.0415,13087.8,22261.395,42131.0,3.0,42190.0,21095.0,29597.016,42137.0,322.0,42213.0,16403.5,24548.085,42618.0,3.0,0,0,0,0,0.0,86.0,0,0,0,1,0,0,0,0,1.0,15.5,28.6667,2.3333,0,0,0,0,0,0,3,86,3,7,65535,57,1,32,0.0,0.0,0.0,0.0,0.0,0.0,0.0,0.0
17184,53,17,70.0,326.0,35.0,35.0,35.0,0.0,163.0,163.0,163.0,0.0,75.66,124.15,221.0,1.0,1.0,1.0,0.0,1.0,1.0,1.0,1.0,0.0,1.0,1.0,0,0,0,0,35.0,163.0,0,0,0,0,0,0,0,0,1.0,107.75,35.0,163.0,0,0,0,0,0,0,2,70,2,326,-1,-1,1,32,0.0,0.0,0.0,0.0,0.0,0.0,0.0,0.0
443,54627,6,0.0,0.0,0.0,0.0,0.0,0.0,0.0,0.0,0.0,0.0,37.0,0.0,37.0,37.0,0.0,0.0,0.0,0.0,0.0,0.0,0.0,0.0,0.0,0.0,0,0,0,0,0.0,0.0,0,0,0,0,1,1,0,0,1.0,0.0,0.0,0.0,0,0,0,0,0,0,1,0,1,0,237,33304,0,32,0.0,0.0,0.0,0.0,0.0,0.0,0.0,0.0
63591,443,6,1553.0,1542.0,909.0,0.0,163.5714,345.6472,405.0,0.0,280.5714,297.491,608426.73,2173075.121,8803996.0,3.0,9128306.0,1144341.66,3479816.966,8803996.0,103.0,186869.0,41092.16,43741.995,83537.0,76003.0,0,0,0,0,0.0,909.0,0,0,0,1,0,0,0,0,0.0,211.0667,163.5714,280.5714,0,0,0,0,0,0,7,1553,7,1542,8192,129,6,20,0.0,0.0,0.0,0.0,0.0,0.0,0.0,0.0
54479,80,6,12.0,0.0,6.0,0.0,4.0,3.4641,0.0,0.0,0.0,0.0,2025231.66,3490714.499,5945034.0,70.0,6065884.0,3032942.0,4127939.705,5945034.0,37923.0,0.0,0.0,0.0,0.0,0.0,0,0,0,0,0.0,6.0,0,0,0,1,0,0,0,0,0.0,3.0,4.0,0.0,0,0,0,0,0,0,3,12,1,0,8192,26883,2,20,0.0,0.0,0.0,0.0,0.0,0.0,0.0,0.0
443,49650,6,0.0,0.0,0.0,0.0,0.0,0.0,0.0,0.0,0.0,0.0,54.0,0.0,54.0,54.0,0.0,0.0,0.0,0.0,0.0,0.0,0.0,0.0,0.0,0.0,0,0,0,0,0.0,0.0,0,0,0,0,1,1,0,0,1.0,0.0,0.0,0.0,0,0,0,0,0,0,1,0,1,0,179,32832,0,32,0.0,0.0,0.0,0.0,0.0,0.0,0.0,0.0
61602,53,17,54.0,110.0,54.0,54.0,54.0,0.0,110.0,110.0,110.0,0.0,48577.0,0.0,48577.0,48577.0,0.0,0.0,0.0,0.0,0.0,0.0,0.0,0.0,0.0,0.0,0,0,0,0,54.0,110.0,0,0,0,0,0,0,0,0,1.0,109.0,54.0,110.0,0,0,0,0,0,0,1,54,1,110,-1,-1,0,32,0.0,0.0,0.0,0.0,0.0,0.0,0.0,0.0
54709,80,6,12.0,0.0,6.0,0.0,4.0,3.4641,0.0,0.0,0.0,0.0,1940326.33,3324200.445,5805538.0,141.0,5825398.0,2912699.0,4095209.104,5805538.0,181350.0,0.0,0.0,0.0,0.0,0.0,0,0,0,0,0.0,6.0,0,0,0,1,0,0,0,0,0.0,3.0,4.0,0.0,0,0,0,0,0,0,3,12,1,0,8192,4380,2,20,0.0,0.0,0.0,0.0,0.0,0.0,0.0,0.0
39925,443,6,0.0,0.0,0.0,0.0,0.0,0.0,0.0,0.0,0.0,0.0,140.0,0.0,140.0,140.0,140.0,140.0,0.0,140.0,140.0,0.0,0.0,0.0,0.0,0.0,0,0,0,0,0.0,0.0,0,0,0,0,1,0,0,0,0.0,0.0,0.0,0.0,0,0,0,0,0,0,2,0,0,0,345,-1,0,32,0.0,0.0,0.0,0.0,0.0,0.0,0.0,0.0
34122,80,6,439.0,859.0,439.0,0.0,146.3333,253.4568,859.0,0.0,214.75,429.5,8664.16,11684.767,23660.0,3.0,26293.0,13146.5,6278.187,23923.0,154.0,27899.0,8236.33,13723.671,26961.0,3.0,0,0,0,0,0.0,859.0,0,0,0,1,0,0,0,0,1.0,185.1429,146.3333,214.75,0,0,0,0,0,0,3,439,4,859,29200,31,1,32,0.0,0.0,0.0,0.0,0.0,0.0,0.0,0.0
55328,443,6,1004.0,4508.0,769.0,0.0,60.4167,182.4281,1460.0,0.0,400.0,598.2915,3048457.65,4599658.825,10002101.0,32.0,115223965.0,5780793.18,4991315.014,10046604.0,49.0,110277485.0,6816068.64,4706586.874,10043421.0,48.0,0,0,0,0,0.0,1460.0,0,0,0,1,0,0,0,0,0.0,171.8911,60.4167,400.0,0,0,0,0,0,0,22,1004,18,4508,8192,8125,21,20,23103.5,37438.917,87353.0,22963.0,10003612.27,8687.276,10002102.0,9999358.0
19647,53,17,78.0,194.0,39.0,39.0,39.0,0.0,97.0,97.0,97.0,0.0,15578.0,26908.729,46738.0,3.0,3.0,3.0,0.0,3.0,3.0,4.0,4.0,0.0,4.0,4.0,0,0,0,0,39.0,97.0,0,0,0,0,0,0,0,0,1.0,77.75,39.0,97.0,0,0,0,0,0,0,2,78,2,194,-1,-1,1,32,0.0,0.0,0.0,0.0,0.0,0.0,0.0,0.0
443,57598,6,6.0,6.0,6.0,6.0,6.0,0.0,6.0,6.0,6.0,0.0,47.0,0.0,47.0,47.0,0.0,0.0,0.0,0.0,0.0,0.0,0.0,0.0,0.0,0.0,0,0,0,0,6.0,6.0,0,0,0,0,1,1,0,0,1.0,9.0,6.0,6.0,0,0,0,0,0,0,1,6,1,6,137,256,0,20,0.0,0.0,0.0,0.0,0.0,0.0,0.0,0.0
55090,80,6,12.0,0.0,6.0,6.0,6.0,0.0,0.0,0.0,0.0,0.0,109.0,0.0,109.0,109.0,109.0,109.0,0.0,109.0,109.0,0.0,0.0,0.0,0.0,0.0,0,0,0,0,6.0,6.0,0,0,0,0,1,0,0,0,0.0,9.0,6.0,0.0,0,0,0,0,0,0,2,12,0,0,16425,-1,1,20,0.0,0.0,0.0,0.0,0.0,0.0,0.0,0.0
62184,443,6,187.0,92.0,46.0,6.0,26.7143,20.0891,46.0,46.0,46.0,0.0,7931512.87,20265603.017,58959260.0,8.0,62746203.0,10667517.16,23479806.011,58959260.0,18.0,58100934.0,58100934.0,0.0,59000934.0,58100934.0,1,0,0,0,6.0,46.0,0,1,0,0,1,0,0,0,0.0,36.1111,26.7143,46.0,0,0,0,0,0,0,7,187,2,92,253,33,6,20,136968.0,0.0,136968.0,136968.0,58959231.0,0.0,58959261.0,58959231.0
443,58781,6,6.0,6.0,6.0,6.0,6.0,0.0,6.0,6.0,6.0,0.0,19.0,0.0,19.0,19.0,0.0,0.0,0.0,0.0,0.0,0.0,0.0,0.0,0.0,0.0,0,0,0,0,6.0,6.0,0,0,0,0,1,1,0,0,1.0,9.0,6.0,6.0,0,0,0,0,0,0,1,6,1,6,32,32850,0,20,0.0,0.0,0.0,0.0,0.0,0.0,0.0,0.0
62485,53,17,94.0,320.0,47.0,47.0,47.0,0.0,160.0,160.0,160.0,0.0,7966.33,13742.88,23854.0,3.0,4.0,4.0,0.0,4.0,4.0,3.0,3.0,0.0,3.0,3.0,0,0,0,0,47.0,160.0,0,0,0,0,0,0,0,0,1.0,110.25,47.0,160.0,0,0,0,0,0,0,2,94,2,320,-1,-1,1,32,0.0,0.0,0.0,0.0,0.0,0.0,0.0,0.0
38854,80,6,0.0,0.0,0.0,0.0,0.0,0.0,0.0,0.0,0.0,0.0,1750048.66,2954279.279,5164160.0,56.0,681131.0,181131.0,0.0,181131.0,281131.0,5198618.0,5198618.0,0.0,5198618.0,5198618.0,0,0,0,0,0.0,0.0,0,0,0,1,0,0,0,0,1.0,0.0,0.0,0.0,0,0,0,0,0,0,2,0,2,0,29200,65535,0,32,0.0,0.0,0.0,0.0,0.0,0.0,0.0,0.0
56746,53,17,62.0,94.0,31.0,31.0,31.0,0.0,47.0,47.0,47.0,0.0,67.66,35.516,106.0,48.0,48.0,48.0,0.0,48.0,48.0,48.0,48.0,0.0,48.0,48.0,0,0,0,0,31.0,47.0,0,0,0,0,0,0,0,0,1.0,46.75,31.0,47.0,0,0,0,0,0,0,2,62,2,94,-1,-1,1,32,0.0,0.0,0.0,0.0,0.0,0.0,0.0,0.0
22766,49704,6,0.0,0.0,0.0,0.0,0.0,0.0,0.0,0.0,0.0,0.0,3.0,0.0,3.0,3.0,3.0,3.0,0.0,3.0,3.0,0.0,0.0,0.0,0.0,0.0,0,0,0,0,0.0,0.0,0,0,0,0,1,0,0,0,0.0,0.0,0.0,0.0,0,0,0,0,0,0,2,0,0,0,395,-1,0,32,0.0,0.0,0.0,0.0,0.0,0.0,0.0,0.0
34324,80,6,968.0,32236.0,742.0,0.0,44.6571,172.1625,2896.0,0.0,1612.1,987.2806,797031.72,2510646.712,10024478.0,2.0,21095235.0,1928439.73,3701584.234,10118010.0,2.0,35408265.0,1716350.19,3473734.317,10113057.0,50.0,0,0,0,0,0.0,2896.0,0,0,0,1,0,0,0,0,1.0,903.776,44.6571,1612.1,0,0,0,0,0,0,27,968,39,32236,29200,241,2,32,355089.87,451300.195,1928551.0,114462.0,10021810.0,12956.901,10024475.0,10003252.0
62171,53,17,55.0,111.0,55.0,55.0,55.0,0.0,111.0,111.0,111.0,0.0,23058.0,0.0,23058.0,23058.0,0.0,0.0,0.0,0.0,0.0,0.0,0.0,0.0,0.0,0.0,0,0,0,0,55.0,111.0,0,0,0,0,0,0,0,0,1.0,110.5,55.0,111.0,0,0,0,0,0,0,1,55,1,111,-1,-1,0,20,0.0,0.0,0.0,0.0,0.0,0.0,0.0,0.0
443,54957,6,6.0,6.0,6.0,6.0,6.0,0.0,6.0,6.0,6.0,0.0,55.0,0.0,55.0,55.0,0.0,0.0,0.0,0.0,0.0,0.0,0.0,0.0,0.0,0.0,0,0,0,0,6.0,6.0,0,0,0,0,1,1,0,0,1.0,9.0,6.0,6.0,0,0,0,0,0,0,1,6,1,6,31048,63535,0,20,0.0,0.0,0.0,0.0,0.0,0.0,0.0,0.0
443,51472,6,37.0,0.0,31.0,6.0,18.5,17.6777,0.0,0.0,0.0,0.0,3.0,0.0,3.0,3.0,3.0,3.0,0.0,3.0,3.0,0.0,0.0,0.0,0.0,0.0,1,0,0,0,6.0,31.0,0,1,0,0,1,0,0,0,0.0,34.0,18.5,0.0,0,0,0,0,0,0,2,37,0,0,62,-1,1,20,0.0,0.0,0.0,0.0,0.0,0.0,0.0,0.0
36158,53,17,60.0,264.0,30.0,30.0,30.0,0.0,132.0,132.0,132.0,0.0,20458.33,35358.26,61360.0,4.0,4.0,4.0,0.0,4.0,4.0,4.0,4.0,0.0,4.0,4.0,0,0,0,0,30.0,132.0,0,0,0,0,0,0,0,0,1.0,88.5,30.0,132.0,0,0,0,0,0,0,2,60,2,264,-1,-1,1,32,0.0,0.0,0.0,0.0,0.0,0.0,0.0,0.0
52913,443,6,1746.0,13450.0,774.0,0.0,69.2176,171.9389,2377.0,0.0,680.75,870.3093,1103354.92,6324712.361,30005717.0,1.0,35265338.0,1343909.15,9027121.173,30004047.0,1.0,296616.0,12926.18,32959.496,84829.0,1.0,0,0,0,0,0.0,2377.0,0,0,0,1,0,0,0,0,0.0,320.2376,69.2176,680.75,0,0,0,0,0,0,27,1746,20,13450,65535,37,7,32,150314.0,0.0,150314.0,150344.0,30005789.0,0.0,30005789.0,30005789.0
54758,22,6,0.0,0.0,0.0,0.0,0.0,0.0,0.0,0.0,0.0,0.0,305.0,0.0,305.0,305.0,0.0,0.0,0.0,0.0,0.0,0.0,0.0,0.0,0.0,0.0,0,0,0,0,0.0,0.0,0,0,0,0,1,1,0,0,1.0,0.0,0.0,0.0,0,0,0,0,0,0,1,0,1,0,290,243,0,32,0.0,0.0,0.0,0.0,0.0,0.0,0.0,0.0
61248,443,6,1634.0,799.0,1368.0,0.0,159.6667,405.108,561.0,0.0,133.1667,298.4106,10884.58,16409.207,36388.0,3.0,142160.0,19458.0,21761.47,51051.0,3.0,107671.0,22132.2,33540.523,57351.0,741.0,0,0,0,0,0.0,1368.0,0,0,0,1,0,0,0,0,0.0,145.6655,159.6667,133.1667,0,0,0,0,0,0,12,1634,6,799,65535,362,6,32,0.0,0.0,0.0,0.0,0.0,0.0,0.0,0.0
60397,53,17,82.0,138.0,41.0,41.0,41.0,0.0,69.0,69.0,69.0,0.0,49.66,88.429,143.0,3.0,3.0,3.0,0.0,3.0,3.0,4.0,4.0,0.0,4.0,4.0,0,0,0,0,41.0,69.0,0,0,0,0,0,0,0,0,1.0,65.25,41.0,69.0,0,0,0,0,0,0,2,82,2,138,-1,-1,1,20,0.0,0.0,0.0,0.0,0.0,0.0,0.0,0.0
49805,443,6,135.0,46.0,46.0,6.0,27.0,20.1246,46.0,46.0,46.0,0.0,806307.8,1974400.5,4497314.0,4.0,4527927.0,1186931.75,2164888.968,4497314.0,4.0,0.0,0.0,0.0,0.0,0.0,1,0,0,0,6.0,46.0,0,1,0,0,1,0,0,0,0.0,37.8333,27.0,46.0,0,0,0,0,0,0,5,135,1,46,16532,442,4,20,0.0,0.0,0.0,0.0,0.0,0.0,0.0,0.0
60317,53,17,82.0,254.0,41.0,41.0,41.0,0.0,127.0,127.0,127.0,0.0,64.33,100.251,186.0,3.0,3.0,3.0,0.0,3.0,3.0,3.0,3.0,0.0,3.0,3.0,0,0,0,0,41.0,127.0,0,0,0,0,0,0,0,0,1.0,94.25,41.0,127.0,0,0,0,0,0,0,2,82,2,254,-1,-1,1,32,0.0,0.0,0.0,0.0,0.0,0.0,0.0,0.0
61476,53,17,45.0,114.0,45.0,45.0,45.0,0.0,114.0,114.0,114.0,0.0,111304.0,0.0,111304.0,111304.0,0.0,0.0,0.0,0.0,0.0,0.0,0.0,0.0,0.0,0.0,0,0,0,0,45.0,114.0,0,0,0,0,0,0,0,0,1.0,102.0,45.0,114.0,0,0,0,0,0,0,1,45,1,114,-1,-1,0,32,0.0,0.0,0.0,0.0,0.0,0.0,0.0,0.0
48236,80,6,463.0,2297.0,437.0,0.0,107.6667,219.738,2295.0,0.0,579.25,1130.5,9400.33,14159.461,32171.0,4.0,64109.0,12054.5,15244.37,32133.0,915.0,30806.0,7308.33,15887.103,30619.0,4.0,0,0,0,0,0.0,2295.0,0,0,0,1,0,0,0,0,1.0,387.2857,107.6667,579.25,0,0,0,0,0,0,3,463,4,2297,29200,235,1,32,0.0,0.0,0.0,0.0,0.0,0.0,0.0,0.0
60762,53,17,91.0,171.0,51.0,40.0,45.5,7.7782,116.0,75.0,85.5,50.208,9700484.66,15962006.578,28138103.0,50410.0,28160651.0,28160651.0,0.0,28160651.0,28160651.0,28108300.0,28108300.0,0.0,28108300.0,28108300.0,0,0,0,0,40.0,116.0,0,0,0,0,0,0,0,0,1.0,88.0,45.5,85.5,0,0,0,0,0,0,2,91,2,171,-1,-1,1,20,45846.0,0.0,45846.0,45846.0,28138197.0,0.0,28138197.0,28138197.0
443,40386,6,0.0,0.0,0.0,0.0,0.0,0.0,0.0,0.0,0.0,0.0,59.0,0.0,59.0,59.0,0.0,0.0,0.0,0.0,0.0,0.0,0.0,0.0,0.0,0.0,0,0,0,0,0.0,0.0,0,0,0,0,1,1,0,0,1.0,0.0,0.0,0.0,0,0,0,0,0,0,1,0,1,0,407,330,0,32,0.0,0.0,0.0,0.0,0.0,0.0,0.0,0.0
50817,21,6,6.0,12.0,6.0,6.0,6.0,0.0,6.0,6.0,6.0,0.0,31.5,20.626,49.0,15.0,0.0,0.0,0.0,0.0,0.0,48.0,48.0,0.0,48.0,48.0,0,0,0,0,6.0,6.0,0,0,0,0,1,1,0,0,2.0,8.0,6.0,6.0,0,0,0,0,0,0,1,6,2,12,255,229,0,20,0.0,0.0,0.0,0.0,0.0,0.0,0.0,0.0
55835,443,6,929.0,4499.0,517.0,0.0,131.5714,219.7716,1460.0,0.0,597.5714,602.3061,221257.76,738424.358,2365257.0,0.0,3868260.0,618074.0,1109221.371,2365257.0,24768.0,361764.0,43046.75,60064.648,125408.0,0.0,0,0,0,0,0.0,1460.0,0,0,0,1,0,0,0,0,1.0,410.7286,131.5714,597.5714,0,0,0,0,0,0,7,929,9,4499,8192,31,6,20,0.0,0.0,0.0,0.0,0.0,0.0,0.0,0.0
123,123,17,48.0,48.0,48.0,48.0,48.0,0.0,48.0,48.0,48.0,0.0,44216.0,0.0,44216.0,44216.0,0.0,0.0,0.0,0.0,0.0,0.0,0.0,0.0,0.0,0.0,0,0,0,0,48.0,48.0,0,0,0,0,0,0,0,0,1.0,72.0,48.0,48.0,0,0,0,0,0,0,1,48,1,48,-1,-1,0,32,0.0,0.0,0.0,0.0,0.0,0.0,0.0,0.0
56333,53,17,66.0,278.0,33.0,33.0,33.0,0.0,139.0,139.0,139.0,0.0,31479.33,54830.285,94439.0,4.0,48.0,48.0,0.0,48.0,48.0,4.0,4.0,0.0,4.0,4.0,0,0,0,0,33.0,139.0,0,0,0,0,0,0,0,0,1.0,94.25,33.0,139.0,0,0,0,0,0,0,2,66,2,278,-1,-1,1,20,0.0,0.0,0.0,0.0,0.0,0.0,0.0,0.0
54387,53,17,68.0,182.0,34.0,34.0,34.0,0.0,91.0,91.0,91.0,0.0,52.66,82.386,144.0,3.0,3.0,3.0,0.0,3.0,3.0,3.0,3.0,0.0,3.0,3.0,0,0,0,0,34.0,91.0,0,0,0,0,0,0,0,0,1.0,71.0,34.0,91.0,0,0,0,0,0,0,2,68,2,182,-1,-1,1,32,0.0,0.0,0.0,0.0,0.0,0.0,0.0,0.0
49574,53,17,82.0,226.0,41.0,41.0,41.0,0.0,113.0,113.0,113.0,0.0,63.0,66.115,138.0,3.0,48.0,48.0,0.0,48.0,48.0,3.0,3.0,0.0,3.0,3.0,0,0,0,0,41.0,113.0,0,0,0,0,0,0,0,0,1.0,87.25,41.0,113.0,0,0,0,0,0,0,2,82,2,226,-1,-1,1,20,0.0,0.0,0.0,0.0,0.0,0.0,0.0,0.0
44150,443,6,635.0,168.0,517.0,0.0,90.7143,190.7072,168.0,0.0,42.0,84.0,593071.4,1726819.817,5303061.0,3.0,5561615.0,920171.83,2190704.723,5451252.0,3.0,262721.0,62873.66,58403.228,154366.0,317.0,0,0,0,0,0.0,517.0,0,0,0,1,0,0,0,0,0.0,73.0,90.7143,42.0,0,0,0,0,0,0,7,635,4,168,29200,340,3,32,118969.0,0.0,118969.0,118969.0,5303082.0,0.0,5303012.0,5303082.0
38973,443,6,0.0,0.0,0.0,0.0,0.0,0.0,0.0,0.0,0.0,0.0,94453.0,0.0,94453.0,94453.0,0.0,0.0,0.0,0.0,0.0,0.0,0.0,0.0,0.0,0.0,0,0,0,0,0.0,0.0,0,0,0,0,1,1,0,0,1.0,0.0,0.0,0.0,0,0,0,0,0,0,1,0,1,0,304,254,0,32,0.0,0.0,0.0,0.0,0.0,0.0,0.0,0.0
34418,80,6,426.0,2266.0,420.0,0.0,142.0,240.01,2266.0,0.0,566.5,1133.0,28180.33,41030.505,84201.0,2.0,84715.0,44755.5,53886.037,84006.0,145.0,84519.0,21524.66,62532.505,84508.0,2.0,0,0,0,0,0.0,2266.0,0,0,0,1,0,0,0,0,1.0,384.6286,142.0,566.5,0,0,0,0,0,0,3,426,4,2266,29200,822,1,32,0.0,0.0,0.0,0.0,0.0,0.0,0.0,0.0
56175,443,6,378.0,3063.0,197.0,0.0,47.25,73.6305,1593.0,0.0,600.6,829.1468,446449.81,1583754.465,5386718.0,24.0,5426246.0,747886.71,1944094.347,5386718.0,48.0,84465.0,20633.25,28409.668,68701.0,206.0,0,0,0,0,0.0,1593.0,0,0,0,1,0,0,0,0,0.0,243.0,47.25,600.6,0,0,0,0,0,0,8,378,5,3063,8192,122,7,20,153937.0,0.0,153937.0,153937.0,5386734.0,0.0,5386714.0,5386734.0
60353,53,17,86.0,204.0,43.0,43.0,43.0,0.0,102.0,102.0,102.0,0.0,63.0,69.596,138.0,4.0,48.0,48.0,0.0,48.0,48.0,4.0,4.0,0.0,4.0,4.0,0,0,0,0,43.0,102.0,0,0,0,0,0,0,0,0,1.0,83.25,43.0,102.0,0,0,0,0,0,0,2,86,2,204,-1,-1,1,32,0.0,0.0,0.0,0.0,0.0,0.0,0.0,0.0
53007,443,6,0.0,18.0,0.0,0.0,0.0,0.0,6.0,6.0,6.0,0.0,248165.0,215895.162,504431.0,240832.0,1014434.0,507767.0,3549.745,584327.0,545430.0,1015075.0,516083.5,4463.301,1004977.0,516685.0,0,0,0,0,0.0,6.0,0,0,0,1,0,0,0,0,1.0,3.0,0.0,6.0,0,0,0,0,0,0,3,0,3,18,8192,0,0,28,0.0,0.0,0.0,0.0,0.0,0.0,0.0,0.0
80,45070,6,0.0,0.0,0.0,0.0,0.0,0.0,0.0,0.0,0.0,0.0,1.0,0.0,1.0,1.0,1.0,1.0,0.0,1.0,1.0,0.0,0.0,0.0,0.0,0.0,0,0,0,0,0.0,0.0,0,0,0,0,1,1,0,0,0.0,0.0,0.0,0.0,0,0,0,0,0,0,2,0,0,0,905,-1,0,32,0.0,0.0,0.0,0.0,0.0,0.0,0.0,0.0
7611,53,17,64.0,96.0,32.0,32.0,32.0,0.0,48.0,48.0,48.0,0.0,45.33,73.415,130.0,3.0,3.0,3.0,0.0,3.0,3.0,3.0,3.0,0.0,3.0,3.0,0,0,0,0,32.0,48.0,0,0,0,0,0,0,0,0,1.0,48.0,32.0,48.0,0,0,0,0,0,0,2,64,2,96,-1,-1,1,32,0.0,0.0,0.0,0.0,0.0,0.0,0.0,0.0
55830,443,6,1718.0,614.0,1368.0,0.0,166.5455,404.8039,577.0,0.0,124.8889,238.7148,14883.73,19140.958,60393.0,24.0,294061.0,29220.2,37140.401,115846.0,47.0,149983.0,29927.16,16141.449,53828.0,327.0,0,0,0,0,0.0,1368.0,0,0,0,1,0,0,0,0,0.0,141.7828,166.5455,124.8889,0,0,0,0,0,0,11,1718,7,614,65535,362,6,32,0.0,0.0,0.0,0.0,0.0,0.0,0.0,0.0
48057,443,6,12.0,0.0,6.0,6.0,6.0,0.0,0.0,0.0,0.0,0.0,3.0,0.0,3.0,3.0,3.0,3.0,0.0,3.0,3.0,0.0,0.0,0.0,0.0,0.0,0,0,0,0,6.0,6.0,1,0,0,0,0,0,0,0,0.0,9.0,6.0,0.0,0,0,0,0,0,0,2,12,0,0,0,-1,1,20,0.0,0.0,0.0,0.0,0.0,0.0,0.0,0.0
57877,80,6,12.0,0.0,6.0,6.0,6.0,0.0,0.0,0.0,0.0,0.0,95.0,0.0,95.0,95.0,95.0,95.0,0.0,95.0,95.0,0.0,0.0,0.0,0.0,0.0,0,0,0,0,6.0,6.0,0,0,0,0,1,0,0,0,0.0,9.0,6.0,0.0,0,0,0,0,0,0,2,12,0,0,256,-1,1,20,0.0,0.0,0.0,0.0,0.0,0.0,0.0,0.0
52634,53,17,80.0,112.0,40.0,40.0,40.0,0.0,56.0,56.0,56.0,0.0,45.0,77.678,138.0,3.0,3.0,3.0,0.0,3.0,3.0,4.0,4.0,0.0,4.0,4.0,0,0,0,0,40.0,56.0,0,0,0,0,0,0,0,0,1.0,58.0,40.0,56.0,0,0,0,0,0,0,2,80,2,112,-1,-1,1,32,0.0,0.0,0.0,0.0,0.0,0.0,0.0,0.0
59469,53,17,66.0,98.0,33.0,33.0,33.0,0.0,49.0,49.0,49.0,0.0,43.66,72.943,124.0,3.0,3.0,3.0,0.0,3.0,3.0,3.0,3.0,0.0,3.0,3.0,0,0,0,0,33.0,49.0,0,0,0,0,0,0,0,0,1.0,49.25,33.0,49.0,0,0,0,0,0,0,2,66,2,98,-1,-1,1,20,0.0,0.0,0.0,0.0,0.0,0.0,0.0,0.0
54460,53,17,98.0,228.0,49.0,49.0,49.0,0.0,114.0,114.0,114.0,0.0,75.33,82.604,174.0,1.0,1.0,1.0,0.0,1.0,1.0,49.0,49.0,0.0,49.0,49.0,0,0,0,0,49.0,114.0,0,0,0,0,0,0,0,0,1.0,93.75,49.0,114.0,0,0,0,0,0,0,2,98,2,228,-1,-1,1,20,0.0,0.0,0.0,0.0,0.0,0.0,0.0,0.0
51177,53,17,176.0,292.0,44.0,44.0,44.0,0.0,146.0,146.0,146.0,0.0,12420.33,17837.0,30261.0,1.0,30189.0,10069.33,17343.458,30171.0,1.0,3.0,3.0,0.0,3.0,3.0,0,0,0,0,44.0,146.0,0,0,0,0,0,0,0,0,0.0,89.6667,44.0,146.0,0,0,0,0,0,0,4,176,2,292,-1,-1,3,20,0.0,0.0,0.0,0.0,0.0,0.0,0.0,0.0
50407,443,6,348.0,5170.0,201.0,0.0,44.5,74.8492,1448.0,0.0,817.5,818.9767,394127.38,1320431.387,4993623.0,7.0,5161832.0,630276.0,1753647.372,4993623.0,18.0,174115.0,44813.0,49731.966,83569.0,48.0,0,0,0,0,0.0,1448.0,0,0,0,1,0,0,0,0,0.0,365.6,44.5,817.5,0,0,0,0,0,0,8,348,6,5170,29200,22,3,32,0.0,0.0,0.0,0.0,0.0,0.0,0.0,0.0
61605,53,17,88.0,200.0,44.0,44.0,44.0,0.0,100.0,100.0,100.0,0.0,50.66,81.634,145.0,3.0,3.0,3.0,0.0,3.0,3.0,3.0,3.0,0.0,3.0,3.0,0,0,0,0,44.0,100.0,0,0,0,0,0,0,0,0,1.0,83.0,44.0,100.0,0,0,0,0,0,0,2,88,2,200,-1,-1,1,20,0.0,0.0,0.0,0.0,0.0,0.0,0.0,0.0
62707,443,6,1200.0,2797.0,725.0,0.0,100.0909,215.9723,1457.0,0.0,329.2727,567.0156,4373.94,6375.796,15064.0,1.0,79685.0,5928.54,8288.291,20445.0,1.0,42894.0,8232.0,7247.563,17285.0,3.0,0,0,0,0,0.0,1457.0,0,0,0,1,0,0,0,0,0.0,189.2471,100.0909,329.2727,0,0,0,0,0,0,11,1200,8,2797,65535,62,10,20,0.0,0.0,0.0,0.0,0.0,0.0,0.0,0.0
55917,53,17,54.0,86.0,27.0,27.0,27.0,0.0,43.0,43.0,43.0,0.0,48.33,76.712,138.0,3.0,3.0,3.0,0.0,3.0,3.0,3.0,3.0,0.0,3.0,3.0,0,0,0,0,27.0,43.0,0,0,0,0,0,0,0,0,1.0,41.75,27.0,43.0,0,0,0,0,0,0,2,54,2,86,-1,-1,1,32,0.0,0.0,0.0,0.0,0.0,0.0,0.0,0.0
60456,53,17,115.0,377.0,63.0,50.0,57.5,6.364,129.0,114.0,197.5,22.5553,8376876.0,16853941.929,27547677.0,30685.0,27571064.0,27571064.0,0.0,27571064.0,27571064.0,27519662.0,27519662.0,0.0,27519662.0,27509662.0,0,0,0,0,50.0,129.0,0,0,0,0,0,0,0,0,1.0,133.0,57.5,197.5,0,0,0,0,0,0,2,115,2,377,-1,-1,1,20,30724.0,0.0,30724.0,30724.0,27547627.0,0.0,27547677.0,27547627.0
52250,53,17,70.0,102.0,35.0,35.0,35.0,0.0,51.0,51.0,51.0,0.0,7836.0,13571.609,23455.0,4.0,49.0,49.0,0.0,49.0,49.0,4.0,4.0,0.0,4.0,4.0,0,0,0,0,35.0,51.0,0,0,0,0,0,0,0,0,1.0,51.75,35.0,51.0,0,0,0,0,0,0,2,70,2,102,-1,-1,1,20,0.0,0.0,0.0,0.0,0.0,0.0,0.0,0.0
443,60795,6,0.0,0.0,0.0,0.0,0.0,0.0,0.0,0.0,0.0,0.0,49.0,0.0,49.0,49.0,0.0,0.0,0.0,0.0,0.0,0.0,0.0,0.0,0.0,0.0,0,0,0,0,0.0,0.0,0,0,0,0,1,0,0,0,1.0,0.0,0.0,0.0,0,0,0,0,0,0,1,0,1,0,351,32832,0,32,0.0,0.0,0.0,0.0,0.0,0.0,0.0,0.0
49814,443,6,390.0,5160.0,193.0,0.0,32.8571,66.1209,1448.0,0.0,720.0,696.1919,7849.26,13288.45,36672.0,1.0,106074.0,10552.66,15649.647,36602.0,1.0,68539.0,17315.16,15224.453,36536.0,48.0,0,0,0,0,0.0,1448.0,0,0,0,1,0,0,0,0,0.0,302.8353,32.8571,720.0,0,0,0,0,0,0,14,390,7,5160,29200,939,1,32,0.0,0.0,0.0,0.0,0.0,0.0,0.0,0.0
59569,53,17,86.0,252.0,43.0,43.0,43.0,0.0,126.0,126.0,126.0,0.0,61.33,63.084,133.0,2.0,48.0,48.0,0.0,48.0,48.0,2.0,2.0,0.0,2.0,2.0,0,0,0,0,43.0,126.0,0,0,0,0,0,0,0,0,1.0,95.25,43.0,126.0,0,0,0,0,0,0,2,86,2,252,-1,-1,1,20,0.0,0.0,0.0,0.0,0.0,0.0,0.0,0.0
60884,53,17,60.0,320.0,30.0,30.0,30.0,0.0,160.0,160.0,160.0,0.0,8085.33,13904.541,24159.0,1.0,1.0,1.0,0.0,1.0,1.0,76.0,76.0,0.0,76.0,76.0,0,0,0,0,30.0,160.0,0,0,0,0,0,0,0,0,1.0,102.5,30.0,160.0,0,0,0,0,0,0,2,60,2,320,-1,-1,1,20,0.0,0.0,0.0,0.0,0.0,0.0,0.0,0.0
58600,443,6,800.0,698.0,485.0,0.0,133.3333,192.9971,501.0,0.0,87.25,176.542,94671.33,260535.904,962616.0,1.0,253196.0,50599.2,40599.447,108488.0,195.0,1152461.0,160897.14,370370.867,961210.0,1.0,0,0,0,0,0.0,501.0,0,0,0,1,0,0,0,0,1.0,107.0,133.3333,87.25,0,0,0,0,0,0,6,800,8,698,8192,5168,5,20,0.0,0.0,0.0,0.0,0.0,0.0,0.0,0.0
52427,53,17,120.0,264.0,30.0,30.0,30.0,0.0,132.0,132.0,132.0,0.0,12232.8,16582.144,30785.0,3.0,30767.0,10289.66,17741.993,30755.0,3.0,3.0,3.0,0.0,3.0,3.0,0,0,0,0,30.0,132.0,0,0,0,0,0,0,0,0,0.0,69.0,30.0,132.0,0,0,0,0,0,0,4,120,2,264,-1,-1,3,20,0.0,0.0,0.0,0.0,0.0,0.0,0.0,0.0
80,65008,6,6.0,6.0,6.0,6.0,6.0,0.0,6.0,6.0,6.0,0.0,24.0,0.0,24.0,24.0,0.0,0.0,0.0,0.0,0.0,0.0,0.0,0.0,0.0,0.0,0,0,0,0,6.0,6.0,0,0,0,0,1,1,0,0,1.0,9.0,6.0,6.0,0,0,0,0,0,0,1,6,1,6,229,256,0,20,0.0,0.0,0.0,0.0,0.0,0.0,0.0,0.0
61798,53,17,42.0,143.0,42.0,42.0,42.0,0.0,143.0,143.0,143.0,0.0,53371.0,0.0,53371.0,53371.0,0.0,0.0,0.0,0.0,0.0,0.0,0.0,0.0,0.0,0.0,0,0,0,0,42.0,143.0,0,0,0,0,0,0,0,0,1.0,113.5,42.0,143.0,0,0,0,0,0,0,1,42,1,143,-1,-1,0,32,0.0,0.0,0.0,0.0,0.0,0.0,0.0,0.0
443,58504,6,6.0,6.0,6.0,6.0,6.0,0.0,6.0,6.0,6.0,0.0,23.0,0.0,23.0,23.0,0.0,0.0,0.0,0.0,0.0,0.0,0.0,0.0,0.0,0.0,0,0,0,0,6.0,6.0,0,0,0,0,1,1,0,0,1.0,9.0,6.0,6.0,0,0,0,0,0,0,1,6,1,6,31088,256,0,20,0.0,0.0,0.0,0.0,0.0,0.0,0.0,0.0
52402,443,6,1289.0,995.0,687.0,0.0,92.9333,210.1699,486.0,0.0,85.0,168.9422,2308241.65,4268354.366,10018728.0,55.0,61654914.0,4065767.21,5173906.533,10182023.0,226.0,61479527.0,5078507.4,5178980.788,10180291.0,1002.0,0,0,0,0,0.0,687.0,0,0,0,1,0,0,0,0,0.0,92.2933,92.9333,85.0,0,0,0,0,0,0,15,1289,12,995,29200,118,3,32,165239.33,208558.61,649058.0,182311.0,10017626.33,4414.696,10018726.0,9960098.0
2928,53,17,78.0,202.0,39.0,39.0,39.0,0.0,101.0,101.0,101.0,0.0,20308.0,35125.272,60827.0,1.0,4.0,4.0,0.0,4.0,4.0,1.0,1.0,0.0,1.0,1.0,0,0,0,0,39.0,101.0,0,0,0,0,0,0,0,0,1.0,79.75,39.0,101.0,0,0,0,0,0,0,2,78,2,202,-1,-1,1,20,0.0,0.0,0.0,0.0,0.0,0.0,0.0,0.0
40011,443,6,1165.0,4393.0,533.0,0.0,91.0714,174.3518,1410.0,0.0,359.0833,564.1447,15980.5,49836.879,185031.0,1.0,407405.0,37175.86,66844.961,182781.0,1.0,307840.0,31796.2,50403.976,114767.0,1.0,0,0,0,0,0.0,1410.0,0,0,0,1,0,0,0,0,0.0,222.7216,91.0714,359.0833,0,0,0,0,0,0,14,1165,12,4393,29200,13970,12,20,0.0,0.0,0.0,0.0,0.0,0.0,0.0,0.0
60657,53,17,71.0,119.0,71.0,71.0,71.0,0.0,119.0,119.0,119.0,0.0,30302.0,0.0,30302.0,30302.0,0.0,0.0,0.0,0.0,0.0,0.0,0.0,0.0,0.0,0.0,0,0,0,0,71.0,119.0,0,0,0,0,0,0,0,0,1.0,120.5,71.0,119.0,0,0,0,0,0,0,1,71,1,119,-1,-1,0,20,0.0,0.0,0.0,0.0,0.0,0.0,0.0,0.0
443,54927,6,12.0,0.0,6.0,6.0,6.0,0.0,0.0,0.0,0.0,0.0,4.0,0.0,4.0,4.0,4.0,4.0,0.0,4.0,4.0,0.0,0.0,0.0,0.0,0.0,0,0,0,0,6.0,6.0,0,0,0,0,1,0,0,0,0.0,9.0,6.0,0.0,0,0,0,0,0,0,2,12,0,0,7402,-1,1,20,0.0,0.0,0.0,0.0,0.0,0.0,0.0,0.0
443,61367,6,0.0,0.0,0.0,0.0,0.0,0.0,0.0,0.0,0.0,0.0,88.0,0.0,88.0,88.0,0.0,0.0,0.0,0.0,0.0,0.0,0.0,0.0,0.0,0.0,0,0,0,0,0.0,0.0,0,0,0,0,1,1,0,0,1.0,0.0,0.0,0.0,0,0,0,0,0,0,1,0,1,0,349,32832,0,32,0.0,0.0,0.0,0.0,0.0,0.0,0.0,0.0
443,62583,6,0.0,18.0,0.0,0.0,0.0,0.0,6.0,6.0,6.0,0.0,43631.0,87550.509,173738.0,1.0,173736.0,173736.0,0.0,173736.0,173736.0,4.0,2.0,1.414,3.0,1.0,0,0,0,0,0.0,6.0,0,0,0,0,1,0,0,0,1.0,3.6,0.0,6.0,0,0,0,0,0,0,2,0,3,18,114,0,0,32,0.0,0.0,0.0,0.0,0.0,0.0,0.0,0.0
53953,443,6,1074.0,598.0,517.0,0.0,174.8,257.7137,361.0,0.0,159.75,116.1506,548546.33,1518539.938,4961424.0,70.0,1140223.0,126510.75,349417.405,648625.0,198.0,6891874.0,1465491.0,2604564.81,4965176.0,886.0,0,0,0,0,0.0,517.0,0,0,0,1,0,0,0,0,1.0,158.3364,174.8,159.75,0,0,0,0,0,0,5,1074,8,598,8192,81,4,20,0.0,0.0,0.0,0.0,0.0,0.0,0.0,0.0
58016,443,6,1745.0,4341.0,1117.0,0.0,284.1667,514.7689,1460.0,0.0,554.375,659.2789,232532.92,647077.153,2884294.0,2.0,3048549.0,672545.8,879146.978,2864294.0,62061.0,105077.0,16256.14,18659.149,30434.0,2.0,0,0,0,0,0.0,1460.0,0,0,0,1,0,0,0,0,2.0,460.4474,284.1667,554.375,0,0,0,0,0,0,9,1745,8,4341,8192,8840,8,20,0.0,0.0,0.0,0.0,0.0,0.0,0.0,0.0
443,51733,6,37.0,0.0,37.0,0.0,18.5,26.163,0.0,0.0,0.0,0.0,1.0,0.0,1.0,1.0,1.0,1.0,0.0,1.0,1.0,0.0,0.0,0.0,0.0,0.0,1,0,0,0,0.0,37.0,0,1,0,0,1,0,0,0,0.0,37.0,18.5,0.0,0,0,0,0,0,0,2,37,0,0,247,-1,0,32,0.0,0.0,0.0,0.0,0.0,0.0,0.0,0.0
43861,53,17,64.0,532.0,32.0,32.0,32.0,0.0,266.0,266.0,266.0,0.0,84812.0,132922.773,244484.0,4.0,4.0,4.0,0.0,4.0,4.0,4.0,4.0,0.0,4.0,4.0,0,0,0,0,32.0,266.0,0,0,0,0,0,0,0,0,1.0,157.0,32.0,266.0,0,0,0,0,0,0,2,64,2,532,-1,-1,1,40,0.0,0.0,0.0,0.0,0.0,0.0,0.0,0.0
49638,53,17,60.0,690.0,30.0,30.0,30.0,0.0,345.0,345.0,345.0,0.0,291.66,429.975,863.0,3.0,3.0,3.0,0.0,3.0,3.0,47.0,47.0,0.0,47.0,47.0,0,0,0,0,30.0,345.0,0,0,0,0,0,0,0,0,1.0,195.0,30.0,345.0,0,0,0,0,0,0,2,60,2,690,-1,-1,1,32,0.0,0.0,0.0,0.0,0.0,0.0,0.0,0.0
48297,443,6,187.0,92.0,46.0,6.0,26.7143,20.0891,46.0,46.0,46.0,0.0,7854886.57,20631106.278,58919841.0,4.0,63166253.0,10520798.5,23727148.707,58919841.0,4.0,58049346.0,58049346.0,0.0,59049346.0,58049346.0,1,0,0,0,6.0,46.0,0,1,0,0,1,0,0,0,0.0,36.1111,26.7143,46.0,0,0,0,0,0,0,7,187,2,92,16548,432,6,20,149647.0,0.0,149647.0,149647.0,58919813.0,0.0,58919813.0,58919813.0
30840,443,6,0.0,0.0,0.0,0.0,0.0,0.0,0.0,0.0,0.0,0.0,36216.0,0.0,36216.0,36216.0,0.0,0.0,0.0,0.0,0.0,0.0,0.0,0.0,0.0,0.0,0,0,0,0,0.0,0.0,0,0,0,0,1,1,0,0,1.0,0.0,0.0,0.0,0,0,0,0,0,0,1,0,1,0,1394,91,0,32,0.0,0.0,0.0,0.0,0.0,0.0,0.0,0.0
59703,53,17,66.0,258.0,33.0,33.0,33.0,0.0,129.0,129.0,129.0,0.0,54.33,84.693,156.0,3.0,3.0,3.0,0.0,3.0,3.0,3.0,3.0,0.0,3.0,3.0,0,0,0,0,33.0,129.0,0,0,0,0,0,0,0,0,1.0,89.25,33.0,129.0,0,0,0,0,0,0,2,66,2,258,-1,-1,1,32,0.0,0.0,0.0,0.0,0.0,0.0,0.0,0.0
443,52816,6,31.0,0.0,31.0,0.0,15.5,21.9203,0.0,0.0,0.0,0.0,3.0,0.0,3.0,3.0,3.0,3.0,0.0,3.0,3.0,0.0,0.0,0.0,0.0,0.0,1,0,0,0,0.0,31.0,0,1,0,0,1,0,0,0,0.0,31.0,15.5,0.0,0,0,0,0,0,0,2,31,0,0,1221,-1,0,32,0.0,0.0,0.0,0.0,0.0,0.0,0.0,0.0
62165,53,17,56.0,72.0,56.0,56.0,56.0,0.0,72.0,72.0,72.0,0.0,70421.0,0.0,70421.0,70421.0,0.0,0.0,0.0,0.0,0.0,0.0,0.0,0.0,0.0,0.0,0,0,0,0,56.0,72.0,0,0,0,0,0,0,0,0,1.0,92.0,56.0,72.0,0,0,0,0,0,0,1,56,1,72,-1,-1,0,20,0.0,0.0,0.0,0.0,0.0,0.0,0.0,0.0
50919,443,6,12.0,0.0,6.0,6.0,6.0,0.0,0.0,0.0,0.0,0.0,2693473.0,0.0,2693473.0,2693473.0,2693473.0,2693473.0,0.0,2693473.0,2693473.0,0.0,0.0,0.0,0.0,0.0,0,0,0,0,6.0,6.0,0,0,0,0,1,0,0,0,0.0,9.0,6.0,0.0,0,0,0,0,0,0,2,12,0,0,251,-1,1,20,0.0,0.0,0.0,0.0,0.0,0.0,0.0,0.0
443,41881,6,0.0,0.0,0.0,0.0,0.0,0.0,0.0,0.0,0.0,0.0,56.0,0.0,56.0,56.0,0.0,0.0,0.0,0.0,0.0,0.0,0.0,0.0,0.0,0.0,0,0,0,0,0.0,0.0,0,0,0,0,1,1,0,0,1.0,0.0,0.0,0.0,0,0,0,0,0,0,1,0,1,0,675,387,0,32,0.0,0.0,0.0,0.0,0.0,0.0,0.0,0.0
61132,53,17,51.0,67.0,51.0,51.0,51.0,0.0,67.0,67.0,67.0,0.0,60050.0,0.0,60050.0,60050.0,0.0,0.0,0.0,0.0,0.0,0.0,0.0,0.0,0.0,0.0,0,0,0,0,51.0,67.0,0,0,0,0,0,0,0,0,1.0,84.5,51.0,67.0,0,0,0,0,0,0,1,51,1,67,-1,-1,0,32,0.0,0.0,0.0,0.0,0.0,0.0,0.0,0.0
80,58063,6,0.0,0.0,0.0,0.0,0.0,0.0,0.0,0.0,0.0,0.0,81.0,0.0,81.0,81.0,0.0,0.0,0.0,0.0,0.0,0.0,0.0,0.0,0.0,0.0,0,0,0,0,0.0,0.0,0,0,0,0,1,1,0,0,1.0,0.0,0.0,0.0,0,0,0,0,0,0,1,0,1,0,72,33304,0,32,0.0,0.0,0.0,0.0,0.0,0.0,0.0,0.0
62048,53,17,120.0,306.0,30.0,30.0,30.0,0.0,153.0,153.0,153.0,0.0,188279.0,337901.451,698027.0,3.0,49570.0,16593.33,14372.831,49570.0,3.0,3.0,3.0,0.0,3.0,3.0,0,0,0,0,30.0,153.0,0,0,0,0,0,0,0,0,0.0,79.0,30.0,153.0,0,0,0,0,0,0,4,120,2,306,-1,-1,3,20,0.0,0.0,0.0,0.0,0.0,0.0,0.0,0.0
57190,53,17,80.0,198.0,40.0,40.0,40.0,0.0,99.0,99.0,99.0,0.0,16135.0,28053.42,48390.0,4.0,4.0,4.0,0.0,4.0,4.0,48.0,48.0,0.0,48.0,48.0,0,0,0,0,40.0,99.0,0,0,0,0,0,0,0,0,1.0,79.5,40.0,99.0,0,0,0,0,0,0,2,80,2,198,-1,-1,1,20,0.0,0.0,0.0,0.0,0.0,0.0,0.0,0.0
63752,443,6,974.0,7387.0,469.0,0.0,64.9333,134.266,1581.0,0.0,738.7,750.4129,12999.92,24107.536,89698.0,1.0,308960.0,27682.0,29179.363,86799.0,1.0,248872.0,29512.73,42699.263,108011.0,2.0,0,0,0,0,0.0,1581.0,0,0,0,1,0,0,0,0,0.0,334.44,64.9333,738.7,0,0,0,0,0,0,15,974,10,7387,65535,357,6,32,0.0,0.0,0.0,0.0,0.0,0.0,0.0,0.0
6446,80,6,12.0,0.0,6.0,0.0,4.0,3.4641,0.0,0.0,0.0,0.0,1741417.0,3057053.463,5217119.0,148.0,5242437.0,2621218.5,3651110.649,5217119.0,22630.0,0.0,0.0,0.0,0.0,0.0,0,0,0,0,0.0,6.0,0,0,0,1,0,0,0,0,0.0,3.0,4.0,0.0,0,0,0,0,0,0,3,12,1,0,8192,26883,2,20,0.0,0.0,0.0,0.0,0.0,0.0,0.0,0.0
54494,443,6,1012.0,6275.0,362.0,0.0,47.7692,93.0952,1418.0,0.0,303.2667,567.7179,3050895.8,14581766.959,58957841.0,0.0,117973124.0,5892127.58,20707238.699,58967941.0,18.0,117872762.0,6804363.58,19924755.064,59003119.0,0.0,0,0,0,0,0.0,1418.0,0,0,0,1,0,0,0,0,1.0,173.3333,47.7692,303.2667,0,0,0,0,0,0,23,1012,18,6275,29200,349,5,32,175878.0,186112.037,376151.0,77965.0,58877497.5,430929.261,58957841.0,58785693.0
8549,53,17,72.0,104.0,36.0,36.0,36.0,0.0,52.0,52.0,52.0,0.0,58.33,65.354,129.0,3.0,3.0,3.0,0.0,3.0,3.0,48.0,48.0,0.0,48.0,48.0,0,0,0,0,36.0,52.0,0,0,0,0,0,0,0,0,1.0,53.0,36.0,52.0,0,0,0,0,0,0,2,72,2,104,-1,-1,1,32,0.0,0.0,0.0,0.0,0.0,0.0,0.0,0.0
62236,53,17,42.0,140.0,42.0,42.0,42.0,0.0,140.0,140.0,140.0,0.0,62549.0,0.0,62549.0,62549.0,0.0,0.0,0.0,0.0,0.0,0.0,0.0,0.0,0.0,0.0,0,0,0,0,42.0,140.0,0,0,0,0,0,0,0,0,1.0,112.0,42.0,140.0,0,0,0,0,0,0,1,42,1,140,-1,-1,0,32,0.0,0.0,0.0,0.0,0.0,0.0,0.0,0.0
443,62485,6,6.0,6.0,6.0,0.0,3.0,4.2426,6.0,6.0,6.0,0.0,7065.5,10049.191,14098.0,44.0,14061.0,14061.0,0.0,14061.0,14061.0,0.0,0.0,0.0,0.0,0.0,0,0,0,0,0.0,6.0,0,0,0,0,1,1,0,0,0.0,6.0,3.0,6.0,0,0,0,0,0,0,2,6,1,6,31,32850,0,20,0.0,0.0,0.0,0.0,0.0,0.0,0.0,0.0
54311,80,6,12.0,0.0,6.0,6.0,6.0,0.0,0.0,0.0,0.0,0.0,950825.0,0.0,950825.0,950825.0,950825.0,950825.0,0.0,950825.0,950825.0,0.0,0.0,0.0,0.0,0.0,0,0,0,0,6.0,6.0,0,0,0,0,1,0,0,0,0.0,9.0,6.0,0.0,0,0,0,0,0,0,2,12,0,0,253,-1,1,20,0.0,0.0,0.0,0.0,0.0,0.0,0.0,0.0
52619,443,6,8597.0,12815.0,3154.0,0.0,410.8143,1263.617,2669.0,0.0,839.5263,898.8135,3072683.51,13297460.678,58945175.0,2.0,117880000.0,5464498.0,18989739.346,58945175.0,216.0,117740035.0,5135715.22,23610499.836,59002147.0,2.0,0,0,0,0,0.0,3154.0,0,0,0,1,0,0,0,0,1.0,647.0757,410.8143,839.5263,0,0,0,0,0,0,17,8597,19,12815,8192,471,16,20,217086.5,51193.431,297509.0,241839.0,58511751.5,164777.035,58945172.0,58499841.0
49819,53,17,78.0,152.0,39.0,39.0,39.0,0.0,76.0,76.0,76.0,0.0,20409.0,35358.144,61171.0,3.0,48.0,48.0,0.0,48.0,48.0,3.0,3.0,0.0,3.0,3.0,0,0,0,0,39.0,76.0,0,0,0,0,0,0,0,0,1.0,67.25,39.0,76.0,0,0,0,0,0,0,2,78,2,152,-1,-1,1,32,0.0,0.0,0.0,0.0,0.0,0.0,0.0,0.0
5193,80,6,666.0,732.0,666.0,0.0,226.3333,371.1733,634.0,0.0,162.5,347.0675,73031.42,118824.814,252022.0,4.0,279116.0,189558.0,160238.699,252042.0,50191.0,293358.0,77859.66,117799.096,293881.0,30004.0,0,0,0,0,0.0,664.0,0,0,0,1,0,0,0,0,1.0,181.1286,226.3333,162.5,0,0,0,0,0,0,3,666,4,732,8192,5009,2,20,0.0,0.0,0.0,0.0,0.0,0.0,0.0,0.0
37293,80,6,1038.0,996.0,1038.0,0.0,289.0,472.0,996.0,0.0,198.0,428.0,745204.28,1875303.991,4999668.0,52.0,237824.0,68906.66,66796.767,112706.0,248.0,5146401.0,1782660.5,2834166.433,4999805.0,742.0,0,0,0,0,0.0,1038.0,0,0,0,1,0,0,0,0,1.0,233.255,289.0,198.0,0,0,0,0,0,0,4,1038,3,996,29200,245,1,20,0.0,0.0,0.0,0.0,0.0,0.0,0.0,0.0
58063,53,17,64.0,96.0,32.0,32.0,32.0,0.0,48.0,48.0,48.0,0.0,7982.33,13815.444,23946.0,3.0,3.0,3.0,0.0,3.0,3.0,3.0,3.0,0.0,3.0,3.0,0,0,0,0,32.0,48.0,0,0,0,0,0,0,0,0,1.0,48.0,32.0,48.0,0,0,0,0,0,0,2,64,2,96,-1,-1,1,32,0.0,0.0,0.0,0.0,0.0,0.0,0.0,0.0
6859,443,6,135.0,92.0,46.0,6.0,27.0,20.1246,46.0,46.0,46.0,0.0,712513.0,1547894.981,3845406.0,4.0,4110841.0,1022787.25,1967104.538,3846406.0,4.0,0.0,0.0,0.0,0.0,0.0,1,0,0,0,6.0,46.0,0,1,0,0,1,0,0,0,0.0,37.1667,27.0,46.0,0,0,0,0,0,0,5,135,2,92,256,360,4,20,0.0,0.0,0.0,0.0,0.0,0.0,0.0,0.0
51060,443,6,946.0,558.0,741.0,0.0,154.7143,320.4771,451.0,0.0,112.6,249.3816,361965.72,1140054.158,3742088.0,3.0,502506.0,75618.66,79642.372,172389.0,187.0,4358364.0,797856.5,1782916.815,3701092.0,3.0,0,0,0,0,0.0,741.0,0,0,0,1,0,0,0,0,1.0,134.2,154.7143,112.6,0,0,0,0,0,0,7,946,5,558,8192,16300,6,20,0.0,0.0,0.0,0.0,0.0,0.0,0.0,0.0
57126,443,6,726.0,735.0,453.0,0.0,66.0,135.3869,623.0,0.0,112.1429,211.1855,11248.66,16422.896,40463.0,3.0,166147.0,16671.88,21380.219,79546.0,3.0,112992.0,26973.33,17487.087,40524.0,384.0,0,0,0,0,0.0,623.0,0,0,0,1,0,0,0,0,0.0,83.4444,66.0,112.1429,0,0,0,0,0,0,11,726,7,735,65535,10160,10,20,0.0,0.0,0.0,0.0,0.0,0.0,0.0,0.0
80,59111,6,6.0,6.0,6.0,6.0,6.0,0.0,6.0,6.0,6.0,0.0,49.0,0.0,49.0,49.0,0.0,0.0,0.0,0.0,0.0,0.0,0.0,0.0,0.0,0.0,0,0,0,0,6.0,6.0,0,0,0,0,1,1,0,0,1.0,9.0,6.0,6.0,0,0,0,0,0,0,1,6,1,6,30058,256,0,20,0.0,0.0,0.0,0.0,0.0,0.0,0.0,0.0
61561,53,17,35.0,98.0,35.0,35.0,35.0,0.0,98.0,98.0,98.0,0.0,59976.0,0.0,59976.0,59976.0,0.0,0.0,0.0,0.0,0.0,0.0,0.0,0.0,0.0,0.0,0,0,0,0,35.0,98.0,0,0,0,0,0,0,0,0,1.0,84.0,35.0,98.0,0,0,0,0,0,0,1,35,1,98,-1,-1,0,20,0.0,0.0,0.0,0.0,0.0,0.0,0.0,0.0
8244,53,17,64.0,96.0,32.0,32.0,32.0,0.0,48.0,48.0,48.0,0.0,8034.0,13949.957,24095.0,3.0,3.0,3.0,0.0,3.0,3.0,48.0,48.0,0.0,48.0,48.0,0,0,0,0,32.0,48.0,0,0,0,0,0,0,0,0,1.0,48.0,32.0,48.0,0,0,0,0,0,0,2,64,2,96,-1,-1,1,32,0.0,0.0,0.0,0.0,0.0,0.0,0.0,0.0
54170,443,6,904.0,698.0,517.0,0.0,190.6667,240.2241,498.0,0.0,99.6,149.9437,40477.16,64882.833,141865.0,4.0,252376.0,80839.0,76652.352,141876.0,157.0,250886.0,45154.5,82464.632,141361.0,4.0,0,0,0,0,0.0,517.0,0,0,0,1,0,0,0,0,1.0,136.3,190.6667,99.6,0,0,0,0,0,0,6,904,5,698,8192,62,5,20,0.0,0.0,0.0,0.0,0.0,0.0,0.0,0.0
38687,443,6,0.0,0.0,0.0,0.0,0.0,0.0,0.0,0.0,0.0,0.0,7961.5,13876.781,13525.0,47.0,13625.0,6862.5,10388.143,13526.0,1524.0,0.0,0.0,0.0,0.0,0.0,0,0,0,0,0.0,0.0,0,0,0,0,1,0,0,0,0.0,0.0,0.0,0.0,0,0,0,0,0,0,3,0,0,0,348,-1,0,32,0.0,0.0,0.0,0.0,0.0,0.0,0.0,0.0
61423,53,17,71.0,146.0,71.0,71.0,71.0,0.0,146.0,146.0,146.0,0.0,104376.0,0.0,104376.0,104376.0,0.0,0.0,0.0,0.0,0.0,0.0,0.0,0.0,0.0,0.0,0,0,0,0,71.0,146.0,0,0,0,0,0,0,0,0,1.0,144.0,71.0,146.0,0,0,0,0,0,0,1,71,1,146,-1,-1,0,32,0.0,0.0,0.0,0.0,0.0,0.0,0.0,0.0
10433,53,17,70.0,166.0,35.0,35.0,35.0,0.0,83.0,83.0,83.0,0.0,57.66,98.549,179.0,3.0,4.0,4.0,0.0,4.0,4.0,3.0,3.0,0.0,3.0,3.0,0,0,0,0,35.0,83.0,0,0,0,0,0,0,0,0,1.0,67.75,35.0,83.0,0,0,0,0,0,0,2,70,2,166,-1,-1,1,32,0.0,0.0,0.0,0.0,0.0,0.0,0.0,0.0
443,56063,6,37.0,0.0,37.0,0.0,18.5,26.163,0.0,0.0,0.0,0.0,4.0,0.0,4.0,4.0,4.0,4.0,0.0,4.0,4.0,0.0,0.0,0.0,0.0,0.0,1,0,0,0,0.0,37.0,0,1,0,0,1,0,0,0,0.0,37.0,18.5,0.0,0,0,0,0,0,0,2,37,0,0,972,-1,0,32,0.0,0.0,0.0,0.0,0.0,0.0,0.0,0.0
1938,80,6,12.0,0.0,6.0,0.0,4.0,3.4641,0.0,0.0,0.0,0.0,2017919.33,3402692.847,5914370.0,37.0,6044748.0,3022374.0,4292990.708,5914370.0,101137.0,0.0,0.0,0.0,0.0,0.0,0,0,0,0,0.0,6.0,0,0,0,1,0,0,0,0,0.0,3.0,4.0,0.0,0,0,0,0,0,0,3,12,1,0,8192,29200,2,20,0.0,0.0,0.0,0.0,0.0,0.0,0.0,0.0
443,64057,6,12.0,0.0,6.0,6.0,6.0,0.0,0.0,0.0,0.0,0.0,3.0,0.0,3.0,3.0,3.0,3.0,0.0,3.0,3.0,0.0,0.0,0.0,0.0,0.0,0,0,0,0,6.0,6.0,0,0,0,0,1,0,0,0,0.0,9.0,6.0,0.0,0,0,0,0,0,0,2,12,0,0,528,-1,1,20,0.0,0.0,0.0,0.0,0.0,0.0,0.0,0.0
41039,80,6,3392.0,2344.0,1448.0,0.0,618.5,806.0,1274.0,0.0,364.6667,581.4215,1289828.43,3267702.389,9999749.0,50.0,23158.0,6119.33,18604.168,24914.0,85.0,10025986.0,2506997.2,4515912.499,9999873.0,208.0,0,0,0,0,0.0,1448.0,0,0,0,1,0,0,0,0,1.0,465.225,618.5,364.6667,0,0,0,0,0,0,4,3392,6,2344,29200,62,2,32,0.0,0.0,0.0,0.0,0.0,0.0,0.0,0.0
36257,443,6,370.0,4074.0,187.0,0.0,41.8571,72.1714,1418.0,0.0,847.3333,716.1557,492659.28,1622863.197,5324935.0,3.0,5569801.0,788980.16,1955856.98,5324935.0,3.0,68863.0,13966.6,13529.885,31493.0,61.0,0,0,0,0,0.0,1418.0,0,0,0,1,0,0,0,0,0.0,357.1,41.8571,847.3333,0,0,0,0,0,0,7,370,6,4074,29200,349,3,32,178862.0,0.0,178862.0,178862.0,5324946.0,0.0,5324946.0,5324946.0
10082,39404,6,0.0,0.0,0.0,0.0,0.0,0.0,0.0,0.0,0.0,0.0,28.0,0.0,28.0,28.0,0.0,0.0,0.0,0.0,0.0,0.0,0.0,0.0,0.0,0.0,0,0,0,0,0.0,0.0,0,0,0,0,1,1,0,0,1.0,0.0,0.0,0.0,0,0,0,0,0,0,1,0,1,0,332,1442,0,32,0.0,0.0,0.0,0.0,0.0,0.0,0.0,0.0
443,52780,6,12.0,0.0,6.0,6.0,6.0,0.0,0.0,0.0,0.0,0.0,3.0,0.0,3.0,3.0,3.0,3.0,0.0,3.0,3.0,0.0,0.0,0.0,0.0,0.0,0,0,0,0,6.0,6.0,0,0,0,0,1,0,0,0,0.0,9.0,6.0,0.0,0,0,0,0,0,0,2,12,0,0,30,-1,1,20,0.0,0.0,0.0,0.0,0.0,0.0,0.0,0.0
64886,443,6,1129.0,5232.0,485.0,0.0,117.5,196.7176,1473.0,0.0,583.5,660.7375,461302.5,1849334.981,7952538.0,51.0,7083100.0,779834.71,2174272.764,7952538.0,131.0,95827.0,14433.44,19014.607,32415.0,210.0,0,0,0,0,0.0,1473.0,0,0,0,1,0,0,0,0,0.0,341.5571,117.5,583.5,0,0,0,0,0,0,10,1129,8,5232,8192,1020,9,20,0.0,0.0,0.0,0.0,0.0,0.0,0.0,0.0
58082,53,17,58.0,122.0,29.0,29.0,29.0,0.0,61.0,61.0,61.0,0.0,48.33,77.004,138.0,3.0,3.0,3.0,0.0,3.0,3.0,3.0,3.0,0.0,3.0,3.0,0,0,0,0,29.0,61.0,0,0,0,0,0,0,0,0,1.0,52.25,29.0,61.0,0,0,0,0,0,0,2,58,2,122,-1,-1,1,20,0.0,0.0,0.0,0.0,0.0,0.0,0.0,0.0
42013,443,6,795.0,3619.0,519.0,0.0,74.9375,169.7663,1498.0,0.0,435.625,666.1118,1913918.73,3932771.491,10206809.0,4.0,60909844.0,3365989.0,4914970.631,10240034.0,130.0,60635162.0,4689095.11,5279113.558,10240225.0,48.0,0,0,0,0,0.0,1498.0,0,0,0,1,0,0,0,0,1.0,246.95,74.9375,435.625,0,0,0,0,0,0,13,795,16,3619,29200,114,3,32,122004.16,200774.853,522834.0,50179.0,10104216.83,78818.017,10206801.0,9001350.0
60431,53,17,40.0,72.0,40.0,40.0,40.0,0.0,72.0,72.0,72.0,0.0,30762.0,0.0,30762.0,30762.0,0.0,0.0,0.0,0.0,0.0,0.0,0.0,0.0,0.0,0.0,0,0,0,0,40.0,72.0,0,0,0,0,0,0,0,0,1.0,76.0,40.0,72.0,0,0,0,0,0,0,1,40,1,72,-1,-1,0,32,0.0,0.0,0.0,0.0,0.0,0.0,0.0,0.0
54256,53,17,68.0,358.0,34.0,34.0,34.0,0.0,179.0,179.0,179.0,0.0,10281.0,17777.717,30830.0,3.0,3.0,3.0,0.0,3.0,3.0,4.0,4.0,0.0,4.0,4.0,0,0,0,0,34.0,179.0,0,0,0,0,0,0,0,0,1.0,115.0,34.0,179.0,0,0,0,0,0,0,2,68,2,358,-1,-1,1,32,0.0,0.0,0.0,0.0,0.0,0.0,0.0,0.0
11182,53,17,66.0,98.0,33.0,33.0,33.0,0.0,49.0,49.0,49.0,0.0,57.0,93.83,165.0,3.0,3.0,3.0,0.0,3.0,3.0,3.0,3.0,0.0,3.0,3.0,0,0,0,0,33.0,49.0,0,0,0,0,0,0,0,0,1.0,49.25,33.0,49.0,0,0,0,0,0,0,2,66,2,98,-1,-1,1,32,0.0,0.0,0.0,0.0,0.0,0.0,0.0,0.0
57289,80,6,12.0,0.0,6.0,0.0,4.0,3.4641,0.0,0.0,0.0,0.0,1852695.33,3160606.252,5545362.0,56.0,5572786.0,2786393.0,3855418.284,5545362.0,85881.0,0.0,0.0,0.0,0.0,0.0,0,0,0,0,0.0,6.0,0,0,0,1,0,0,0,0,0.0,3.0,4.0,0.0,0,0,0,0,0,0,3,12,1,0,8192,29200,2,20,0.0,0.0,0.0,0.0,0.0,0.0,0.0,0.0
53781,80,6,376.0,27339.0,330.0,0.0,29.5,91.0344,4344.0,0.0,704.8462,1153.3282,2012945.46,4007099.608,10021379.0,2.0,115360415.0,4610080.81,4940215.637,10047943.0,18.0,110528327.0,4168894.8,5032505.648,10048954.0,48.0,0,0,0,0,0.0,4344.0,0,0,0,1,0,0,0,0,1.0,475.8209,29.5,704.8462,0,0,0,0,0,0,24,376,33,27339,29200,285,1,32,32969.18,31389.323,173785.0,21968.0,10021255.63,6898.831,10021371.0,9997242.0
39990,53,17,66.0,278.0,33.0,33.0,33.0,0.0,139.0,139.0,139.0,0.0,12.33,34.278,30.0,1.0,1.0,1.0,0.0,1.0,1.0,2.0,2.0,0.0,2.0,2.0,0,0,0,0,33.0,139.0,0,0,0,0,0,0,0,0,1.0,94.25,33.0,139.0,0,0,0,0,0,0,2,66,2,278,-1,-1,1,32,0.0,0.0,0.0,0.0,0.0,0.0,0.0,0.0
80,64408,6,6.0,6.0,6.0,6.0,6.0,0.0,6.0,6.0,6.0,0.0,51.0,0.0,51.0,51.0,0.0,0.0,0.0,0.0,0.0,0.0,0.0,0.0,0.0,0.0,0,0,0,0,6.0,6.0,0,0,0,0,1,1,0,0,1.0,9.0,6.0,6.0,0,0,0,0,0,0,1,6,1,6,212,256,0,20,0.0,0.0,0.0,0.0,0.0,0.0,0.0,0.0
61549,443,6,29.0,0.0,29.0,0.0,5.8,12.9692,0.0,0.0,0.0,0.0,13259.0,27282.769,57769.0,1.0,57858.0,14714.0,25067.249,57769.0,1.0,0.0,0.0,0.0,0.0,0.0,0,0,0,0,0.0,29.0,0,0,0,0,1,0,0,0,0.0,5.8,5.8,0.0,0,0,0,0,0,0,5,29,0,0,33061,-1,1,32,0.0,0.0,0.0,0.0,0.0,0.0,0.0,0.0
60664,53,17,112.0,189.0,58.0,58.0,58.0,0.0,117.0,111.0,119.5,8.1192,21948042.66,36816902.076,63784170.0,30495.0,63814244.0,63814244.0,0.0,63814244.0,63814244.0,63894755.0,63894755.0,0.0,63894755.0,63894755.0,0,0,0,0,58.0,117.0,0,0,0,0,0,0,0,0,1.0,101.25,58.0,119.5,0,0,0,0,0,0,2,112,2,189,-1,-1,1,32,60655.0,0.0,60655.0,60655.0,63784107.0,0.0,63784107.0,63784107.0
443,56738,6,0.0,18.0,0.0,0.0,0.0,0.0,6.0,6.0,6.0,0.0,43043.25,87058.275,172020.0,1.0,172046.0,172046.0,0.0,172046.0,172046.0,4.0,2.0,1.414,3.0,1.0,0,0,0,0,0.0,6.0,0,0,0,0,1,0,0,0,1.0,3.6,0.0,6.0,0,0,0,0,0,0,2,0,3,18,118,0,0,32,0.0,0.0,0.0,0.0,0.0,0.0,0.0,0.0
49997,443,6,1546.0,998.0,517.0,0.0,271.6667,260.2275,201.0,0.0,92.4286,66.6218,454808.9,1450991.628,3859549.0,3.0,225743.0,51426.6,45329.129,74365.0,174.0,4220480.0,896284.66,1494158.677,3889019.0,3.0,0,0,0,0,0.0,517.0,0,0,0,1,0,0,0,0,1.0,209.6667,271.6667,92.4286,0,0,0,0,0,0,6,1546,7,998,8192,220,5,20,0.0,0.0,0.0,0.0,0.0,0.0,0.0,0.0
39528,443,6,240.0,6.0,138.0,32.0,37.5,69.1986,6.0,0.0,3.0,4.2451,122738.4,377851.487,1008232.0,69.0,1136397.0,259799.85,445087.199,8232.0,225.0,0.0,0.0,0.0,0.0,0.0,1,0,0,0,0.0,138.0,0,1,0,0,1,0,0,0,0.0,34.6667,37.5,3.0,0,0,0,0,0,0,6,240,1,6,32686,0,2,20,0.0,0.0,0.0,0.0,0.0,0.0,0.0,0.0
62902,53,17,60.0,130.0,60.0,60.0,60.0,0.0,130.0,130.0,130.0,0.0,31207.0,0.0,31207.0,31207.0,0.0,0.0,0.0,0.0,0.0,0.0,0.0,0.0,0.0,0.0,0,0,0,0,60.0,130.0,0,0,0,0,0,0,0,0,1.0,125.0,60.0,130.0,0,0,0,0,0,0,1,60,1,130,-1,-1,0,32,0.0,0.0,0.0,0.0,0.0,0.0,0.0,0.0
49459,53,17,70.0,166.0,35.0,35.0,35.0,0.0,83.0,83.0,83.0,0.0,8265.0,14194.833,24781.0,3.0,4.0,4.0,0.0,4.0,4.0,3.0,3.0,0.0,3.0,3.0,0,0,0,0,35.0,83.0,0,0,0,0,0,0,0,0,1.0,67.75,35.0,83.0,0,0,0,0,0,0,2,70,2,166,-1,-1,1,32,0.0,0.0,0.0,0.0,0.0,0.0,0.0,0.0
64893,53,17,168.0,206.0,42.0,42.0,42.0,0.0,103.0,103.0,103.0,0.0,18872.8,27363.377,64077.0,3.0,31041.0,10383.66,18376.092,31057.0,3.0,3.0,3.0,0.0,3.0,3.0,0,0,0,0,42.0,103.0,0,0,0,0,0,0,0,0,0.0,65.6667,42.0,103.0,0,0,0,0,0,0,4,168,2,206,-1,-1,3,20,0.0,0.0,0.0,0.0,0.0,0.0,0.0,0.0
49518,53,17,64.0,120.0,32.0,32.0,32.0,0.0,60.0,60.0,60.0,0.0,55.66,51.403,115.0,1.0,1.0,1.0,0.0,1.0,1.0,49.0,49.0,0.0,49.0,49.0,0,0,0,0,32.0,60.0,0,0,0,0,0,0,0,0,1.0,54.0,32.0,60.0,0,0,0,0,0,0,2,64,2,120,-1,-1,1,20,0.0,0.0,0.0,0.0,0.0,0.0,0.0,0.0
55915,53,17,136.0,132.0,34.0,34.0,34.0,0.0,66.0,66.0,66.0,0.0,12140.6,16426.679,30857.0,3.0,30977.0,10359.0,17800.354,30977.0,3.0,4.0,4.0,0.0,4.0,4.0,0,0,0,0,34.0,66.0,0,0,0,0,0,0,0,0,0.0,50.0,34.0,66.0,0,0,0,0,0,0,4,136,2,132,-1,-1,3,32,0.0,0.0,0.0,0.0,0.0,0.0,0.0,0.0
56314,443,6,381.0,4675.0,194.0,0.0,42.3333,70.4902,1460.0,2.0,733.5,688.0653,329165.9,1261341.162,4877678.0,1.0,5062398.0,731373.6,1776681.44,4877678.0,1.0,104350.0,20572.2,28250.775,59774.0,64.0,0,0,0,0,0.0,1460.0,0,0,0,1,0,0,0,0,0.0,357.6231,42.3333,733.5,0,0,0,0,0,0,9,381,6,4675,8192,30016,8,20,0.0,0.0,0.0,0.0,0.0,0.0,0.0,0.0
56820,443,6,1657.0,576055.0,517.0,0.0,20.4767,63.7316,4860.0,0.0,1908.3333,850.5386,131258.62,1265760.597,17924061.0,1.0,118840005.0,610000.78,2277938.827,17924061.0,18.0,118038473.0,333174.18,1961581.179,18929873.0,1.0,0,0,0,0,0.0,4860.0,0,0,0,1,0,0,0,0,1.0,1032.9557,20.4767,1908.3333,0,0,0,0,0,0,140,1657,376,576055,8192,368,149,20,122764.18,491767.085,1897134.0,15601.0,15593662.72,284950.136,17924062.0,12301536.0
57207,53,17,54.0,416.0,27.0,27.0,27.0,0.0,208.0,208.0,208.0,0.0,7967.33,13729.851,23897.0,48.0,49.0,49.0,0.0,49.0,49.0,48.0,48.0,0.0,48.0,48.0,0,0,0,0,27.0,208.0,0,0,0,0,0,0,0,0,1.0,124.25,27.0,208.0,0,0,0,0,0,0,2,54,2,416,-1,-1,1,44,0.0,0.0,0.0,0.0,0.0,0.0,0.0,0.0
48198,53,17,68.0,158.0,34.0,34.0,34.0,0.0,79.0,79.0,79.0,0.0,56.0,97.262,161.0,4.0,4.0,4.0,0.0,4.0,4.0,4.0,4.0,0.0,4.0,4.0,0,0,0,0,34.0,79.0,0,0,0,0,0,0,0,0,1.0,65.0,34.0,79.0,0,0,0,0,0,0,2,68,2,158,-1,-1,1,32,0.0,0.0,0.0,0.0,0.0,0.0,0.0,0.0
52785,53,17,66.0,184.0,33.0,33.0,33.0,0.0,92.0,92.0,92.0,0.0,66.0,101.223,182.0,3.0,4.0,4.0,0.0,4.0,4.0,3.0,3.0,0.0,3.0,3.0,0,0,0,0,33.0,92.0,0,0,0,0,0,0,0,0,1.0,60.75,33.0,92.0,0,0,0,0,0,0,2,66,2,184,-1,-1,1,32,0.0,0.0,0.0,0.0,0.0,0.0,0.0,0.0
59053,443,6,12.0,0.0,6.0,6.0,6.0,0.0,0.0,0.0,0.0,0.0,43909.0,75534.64,187713.0,8.0,8.0,8.0,0.0,8.0,8.0,0.0,0.0,0.0,0.0,0.0,0,0,0,0,0.0,6.0,1,0,0,0,0,0,0,0,0.0,6.0,6.0,0.0,0,0,0,0,0,0,2,12,1,0,0,65,1,20,0.0,0.0,0.0,0.0,0.0,0.0,0.0,0.0
0,0,0,0.0,0.0,0.0,0.0,0.0,0.0,0.0,0.0,0.0,0.0,609226.73,1259776.662,12644921.0,0.0,112991133.0,226284.04,1436844.651,12644921.0,0.0,0.0,0.0,0.0,0.0,0.0,0,0,0,0,0.0,0.0,0,0,0,0,0,0,0,0,0.0,0.0,0.0,0.0,0,0,0,0,0,0,267,0,0,0,-1,-1,0,0,7224849.0,5953522.939,7392309.0,22.0,8315018.6,3942278.226,12644921.0,5430704.0
6799,53,17,66.0,98.0,33.0,33.0,33.0,0.0,49.0,49.0,49.0,0.0,16766.0,29172.862,50296.0,3.0,3.0,3.0,0.0,3.0,3.0,3.0,3.0,0.0,3.0,3.0,0,0,0,0,33.0,49.0,0,0,0,0,0,0,0,0,1.0,49.25,33.0,49.0,0,0,0,0,0,0,2,66,2,98,-1,-1,1,20,0.0,0.0,0.0,0.0,0.0,0.0,0.0,0.0
46515,80,6,0.0,0.0,0.0,0.0,0.0,0.0,0.0,0.0,0.0,0.0,1923101.33,3247058.453,5653138.0,50.0,5780307.0,2890153.5,4025746.287,5653138.0,86868.0,0.0,0.0,0.0,0.0,0.0,0,0,0,0,0.0,0.0,0,0,0,1,0,0,0,0,0.0,0.0,0.0,0.0,0,0,0,0,0,0,3,0,1,0,29200,42408,0,32,0.0,0.0,0.0,0.0,0.0,0.0,0.0,0.0
80,49054,6,0.0,0.0,0.0,0.0,0.0,0.0,0.0,0.0,0.0,0.0,80.0,0.0,80.0,80.0,0.0,0.0,0.0,0.0,0.0,0.0,0.0,0.0,0.0,0.0,0,0,0,0,0.0,0.0,0,0,0,0,1,1,0,0,1.0,0.0,0.0,0.0,0,0,0,0,0,0,1,0,1,0,340,229,0,32,0.0,0.0,0.0,0.0,0.0,0.0,0.0,0.0
443,50735,6,0.0,0.0,0.0,0.0,0.0,0.0,0.0,0.0,0.0,0.0,56.0,0.0,56.0,56.0,0.0,0.0,0.0,0.0,0.0,0.0,0.0,0.0,0.0,0.0,0,0,0,0,0.0,0.0,0,0,0,0,1,1,0,0,1.0,0.0,0.0,0.0,0,0,0,0,0,0,1,0,1,0,383,32832,0,32,0.0,0.0,0.0,0.0,0.0,0.0,0.0,0.0
443,60356,6,6.0,6.0,6.0,6.0,6.0,0.0,6.0,6.0,6.0,0.0,79.0,0.0,79.0,79.0,0.0,0.0,0.0,0.0,0.0,0.0,0.0,0.0,0.0,0.0,0,0,0,0,6.0,6.0,0,0,0,0,1,0,0,0,1.0,9.0,6.0,6.0,0,0,0,0,0,0,1,6,1,6,32,32850,0,20,0.0,0.0,0.0,0.0,0.0,0.0,0.0,0.0
61878,53,17,72.0,286.0,36.0,36.0,36.0,0.0,143.0,143.0,143.0,0.0,10208.0,17631.04,30515.0,3.0,3.0,3.0,0.0,3.0,3.0,3.0,3.0,0.0,3.0,3.0,0,0,0,0,36.0,143.0,0,0,0,0,0,0,0,0,1.0,98.5,36.0,143.0,0,0,0,0,0,0,2,72,2,286,-1,-1,1,20,0.0,0.0,0.0,0.0,0.0,0.0,0.0,0.0
34330,443,6,387.0,4829.0,190.0,0.0,42.7,70.4352,2920.0,0.0,845.8,1013.4864,476106.38,1540454.292,5227188.0,3.0,5631640.0,771755.11,1871935.511,5227188.0,3.0,357823.0,82750.25,102562.789,226491.0,163.0,0,0,0,0,0.0,2920.0,0,0,0,1,0,0,0,0,0.0,350.275,42.7,845.8,0,0,0,0,0,0,10,387,5,4829,29200,32,8,20,182825.0,0.0,182825.0,182825.0,5227137.0,0.0,5227187.0,5227137.0
45804,443,6,12.0,0.0,6.0,6.0,6.0,0.0,0.0,0.0,0.0,0.0,3.0,0.0,3.0,3.0,3.0,3.0,0.0,3.0,3.0,0.0,0.0,0.0,0.0,0.0,0,0,0,0,6.0,6.0,1,0,0,0,0,0,0,0,0.0,9.0,6.0,0.0,0,0,0,0,0,0,2,12,0,0,0,-1,1,20,0.0,0.0,0.0,0.0,0.0,0.0,0.0,0.0
443,58195,6,37.0,0.0,31.0,6.0,18.5,17.6777,0.0,0.0,0.0,0.0,4.0,0.0,4.0,4.0,4.0,4.0,0.0,4.0,4.0,0.0,0.0,0.0,0.0,0.0,1,0,0,0,6.0,31.0,0,1,0,0,1,0,0,0,0.0,34.0,18.5,0.0,0,0,0,0,0,0,2,37,0,0,110,-1,1,20,0.0,0.0,0.0,0.0,0.0,0.0,0.0,0.0
60909,443,6,300.0,157.0,277.0,0.0,60.0,101.097,145.0,0.0,39.25,70.5567,64272101.75,21490641.244,65755143.0,94.0,67998705.0,14242720.5,36389349.375,66858558.0,186.0,108973.0,38984.66,49821.959,80894.0,195.0,0,0,0,0,0.0,277.0,0,0,0,1,0,0,0,0,0.0,50.0,60.0,39.25,0,0,0,0,0,0,5,300,4,157,8192,110,4,20,3097898.0,0.0,7097898.0,3097898.0,65755172.0,0.0,65755172.0,65755172.0
49004,53,17,62.0,440.0,31.0,31.0,31.0,0.0,220.0,220.0,220.0,0.0,20254.33,34685.677,60657.0,3.0,4.0,4.0,0.0,4.0,4.0,3.0,3.0,0.0,3.0,3.0,0,0,0,0,31.0,220.0,0,0,0,0,0,0,0,0,1.0,133.25,31.0,220.0,0,0,0,0,0,0,2,62,2,440,-1,-1,1,32,0.0,0.0,0.0,0.0,0.0,0.0,0.0,0.0
11248,53,17,76.0,232.0,38.0,38.0,38.0,0.0,116.0,116.0,116.0,0.0,30580.33,52109.861,91796.0,1.0,1.0,1.0,0.0,1.0,1.0,3.0,3.0,0.0,3.0,3.0,0,0,0,0,38.0,116.0,0,0,0,0,0,0,0,0,1.0,86.5,38.0,116.0,0,0,0,0,0,0,2,76,2,232,-1,-1,1,40,0.0,0.0,0.0,0.0,0.0,0.0,0.0,0.0
55154,53,17,88.0,662.0,44.0,44.0,44.0,0.0,331.0,331.0,331.0,0.0,40021.0,70577.143,120052.0,3.0,3.0,3.0,0.0,3.0,3.0,4.0,4.0,0.0,4.0,4.0,0,0,0,0,44.0,331.0,0,0,0,0,0,0,0,0,1.0,198.5,44.0,331.0,0,0,0,0,0,0,2,88,2,662,-1,-1,1,20,0.0,0.0,0.0,0.0,0.0,0.0,0.0,0.0
80,52203,6,0.0,0.0,0.0,0.0,0.0,0.0,0.0,0.0,0.0,0.0,64.0,0.0,64.0,64.0,0.0,0.0,0.0,0.0,0.0,0.0,0.0,0.0,0.0,0.0,0,0,0,0,0.0,0.0,0,0,0,0,1,1,0,0,1.0,0.0,0.0,0.0,0,0,0,0,0,0,1,0,1,0,349,32832,0,32,0.0,0.0,0.0,0.0,0.0,0.0,0.0,0.0
62486,53,17,56.0,72.0,56.0,56.0,56.0,0.0,72.0,72.0,72.0,0.0,30562.0,0.0,30562.0,30562.0,0.0,0.0,0.0,0.0,0.0,0.0,0.0,0.0,0.0,0.0,0,0,0,0,56.0,72.0,0,0,0,0,0,0,0,0,1.0,92.0,56.0,72.0,0,0,0,0,0,0,1,56,1,72,-1,-1,0,32,0.0,0.0,0.0,0.0,0.0,0.0,0.0,0.0
62485,53,17,144.0,320.0,36.0,36.0,36.0,0.0,160.0,160.0,160.0,0.0,6268.8,13414.793,30403.0,3.0,30420.0,10176.33,17584.16,30433.0,3.0,4.0,4.0,0.0,4.0,4.0,0,0,0,0,36.0,160.0,0,0,0,0,0,0,0,0,0.0,84.0,36.0,160.0,0,0,0,0,0,0,4,144,2,320,-1,-1,3,20,0.0,0.0,0.0,0.0,0.0,0.0,0.0,0.0
61093,53,17,51.0,116.0,51.0,51.0,51.0,0.0,116.0,116.0,116.0,0.0,31284.0,0.0,31284.0,31284.0,0.0,0.0,0.0,0.0,0.0,0.0,0.0,0.0,0.0,0.0,0,0,0,0,51.0,116.0,0,0,0,0,0,0,0,0,1.0,109.0,51.0,116.0,0,0,0,0,0,0,1,51,1,116,-1,-1,0,20,0.0,0.0,0.0,0.0,0.0,0.0,0.0,0.0
61754,53,17,47.0,153.0,47.0,47.0,47.0,0.0,153.0,153.0,153.0,0.0,23535.0,0.0,23535.0,23535.0,0.0,0.0,0.0,0.0,0.0,0.0,0.0,0.0,0.0,0.0,0,0,0,0,47.0,153.0,0,0,0,0,0,0,0,0,1.0,123.5,47.0,153.0,0,0,0,0,0,0,1,47,1,153,-1,-1,0,32,0.0,0.0,0.0,0.0,0.0,0.0,0.0,0.0
60427,53,17,60.0,76.0,60.0,60.0,60.0,0.0,76.0,76.0,76.0,0.0,30536.0,0.0,30536.0,30536.0,0.0,0.0,0.0,0.0,0.0,0.0,0.0,0.0,0.0,0.0,0,0,0,0,60.0,76.0,0,0,0,0,0,0,0,0,1.0,98.0,60.0,76.0,0,0,0,0,0,0,1,60,1,76,-1,-1,0,32,0.0,0.0,0.0,0.0,0.0,0.0,0.0,0.0
39178,53,17,62.0,94.0,31.0,31.0,31.0,0.0,47.0,47.0,47.0,0.0,10537.66,18228.648,31500.0,3.0,4.0,4.0,0.0,4.0,4.0,3.0,3.0,0.0,3.0,3.0,0,0,0,0,31.0,47.0,0,0,0,0,0,0,0,0,1.0,46.75,31.0,47.0,0,0,0,0,0,0,2,62,2,94,-1,-1,1,20,0.0,0.0,0.0,0.0,0.0,0.0,0.0,0.0
443,55793,6,0.0,0.0,0.0,0.0,0.0,0.0,0.0,0.0,0.0,0.0,52.0,0.0,52.0,52.0,0.0,0.0,0.0,0.0,0.0,0.0,0.0,0.0,0.0,0.0,0,0,0,0,0.0,0.0,0,0,0,0,1,1,0,0,1.0,0.0,0.0,0.0,0,0,0,0,0,0,1,0,1,0,126,65535,0,32,0.0,0.0,0.0,0.0,0.0,0.0,0.0,0.0
443,38024,6,0.0,0.0,0.0,0.0,0.0,0.0,0.0,0.0,0.0,0.0,55.0,0.0,55.0,55.0,0.0,0.0,0.0,0.0,0.0,0.0,0.0,0.0,0.0,0.0,0,0,0,0,0.0,0.0,0,0,0,0,1,1,0,0,1.0,0.0,0.0,0.0,0,0,0,0,0,0,1,0,1,0,126,328,0,32,0.0,0.0,0.0,0.0,0.0,0.0,0.0,0.0
32974,80,6,457.0,858.0,457.0,0.0,111.0,226.3586,858.0,0.0,214.5,429.0,7908.16,11372.703,23974.0,37.0,59527.0,14731.2,13483.386,23461.0,1183.0,12755.0,7551.33,13332.823,22600.0,551.0,0,0,0,0,0.0,858.0,0,0,0,1,0,0,0,0,1.0,162.1429,111.0,214.5,0,0,0,0,0,0,3,457,4,858,29200,31,1,32,0.0,0.0,0.0,0.0,0.0,0.0,0.0,0.0
50425,80,6,0.0,0.0,0.0,0.0,0.0,0.0,0.0,0.0,0.0,0.0,1762923.66,3056169.363,5253030.0,67.0,5290757.0,2645378.5,3761279.535,5253030.0,23758.0,0.0,0.0,0.0,0.0,0.0,0,0,0,0,0.0,0.0,0,0,0,1,0,0,0,0,0.0,0.0,0.0,0.0,0,0,0,0,0,0,3,0,1,0,29200,28960,0,32,0.0,0.0,0.0,0.0,0.0,0.0,0.0,0.0
52928,80,6,12.0,0.0,6.0,6.0,6.0,0.0,0.0,0.0,0.0,0.0,60.0,0.0,60.0,60.0,60.0,60.0,0.0,60.0,60.0,0.0,0.0,0.0,0.0,0.0,0,0,0,0,6.0,6.0,0,0,0,0,1,0,0,0,0.0,9.0,6.0,0.0,0,0,0,0,0,0,2,12,0,0,256,-1,1,20,0.0,0.0,0.0,0.0,0.0,0.0,0.0,0.0
50748,53,17,82.0,114.0,41.0,41.0,41.0,0.0,57.0,57.0,57.0,0.0,48.0,76.11,137.0,3.0,3.0,3.0,0.0,3.0,3.0,3.0,3.0,0.0,3.0,3.0,0,0,0,0,41.0,57.0,0,0,0,0,0,0,0,0,1.0,59.25,41.0,57.0,0,0,0,0,0,0,2,82,2,114,-1,-1,1,20,0.0,0.0,0.0,0.0,0.0,0.0,0.0,0.0
54197,53,17,70.0,444.0,35.0,35.0,35.0,0.0,222.0,222.0,222.0,0.0,10455.66,18009.837,31359.0,3.0,3.0,3.0,0.0,3.0,3.0,48.0,48.0,0.0,48.0,48.0,0,0,0,0,35.0,222.0,0,0,0,0,0,0,0,0,1.0,137.25,35.0,222.0,0,0,0,0,0,0,2,70,2,444,-1,-1,1,20,0.0,0.0,0.0,0.0,0.0,0.0,0.0,0.0
443,62508,6,37.0,0.0,31.0,6.0,18.5,17.6777,0.0,0.0,0.0,0.0,1.0,0.0,1.0,1.0,1.0,1.0,0.0,1.0,1.0,0.0,0.0,0.0,0.0,0.0,1,0,0,0,6.0,31.0,0,1,0,0,1,0,0,0,0.0,34.0,18.5,0.0,0,0,0,0,0,0,2,37,0,0,114,-1,1,20,0.0,0.0,0.0,0.0,0.0,0.0,0.0,0.0
50284,443,6,1677.0,9720.0,1027.0,0.0,186.7429,341.971,2920.0,0.0,900.3333,1181.7108,676007.44,2420579.722,9999639.0,13.0,10683411.0,1060865.84,3700857.848,9999639.0,14.0,17608917.0,1260769.72,3282575.181,10031726.0,49.0,0,0,0,0,0.0,2920.0,0,0,0,1,0,0,0,0,1.0,516.25,186.7429,900.3333,0,0,0,0,0,0,9,1677,9,9720,8192,256,8,20,241287.0,0.0,241287.0,241287.0,9999610.0,0.0,9999610.0,9999610.0
443,58071,6,0.0,0.0,0.0,0.0,0.0,0.0,0.0,0.0,0.0,0.0,16.0,20.106,37.0,1.0,0.0,0.0,0.0,0.0,0.0,1.0,1.0,0.0,1.0,1.0,0,0,0,0,0.0,0.0,0,0,0,0,1,1,0,0,2.0,0.0,0.0,0.0,0,0,0,0,0,0,1,0,2,0,349,32832,0,32,0.0,0.0,0.0,0.0,0.0,0.0,0.0,0.0
80,45096,6,0.0,0.0,0.0,0.0,0.0,0.0,0.0,0.0,0.0,0.0,64.0,0.0,64.0,64.0,0.0,0.0,0.0,0.0,0.0,0.0,0.0,0.0,0.0,0.0,0,0,0,0,0.0,0.0,0,0,0,0,1,1,0,0,1.0,0.0,0.0,0.0,0,0,0,0,0,0,1,0,1,0,114,242,0,32,0.0,0.0,0.0,0.0,0.0,0.0,0.0,0.0
17059,53,17,80.0,358.0,40.0,40.0,40.0,0.0,179.0,179.0,179.0,0.0,11001.33,19166.244,33992.0,3.0,3.0,3.0,0.0,3.0,3.0,20.0,20.0,0.0,20.0,20.0,0,0,0,0,40.0,179.0,0,0,0,0,0,0,0,0,1.0,116.5,40.0,179.0,0,0,0,0,0,0,2,80,2,358,-1,-1,1,32,0.0,0.0,0.0,0.0,0.0,0.0,0.0,0.0
60745,53,17,42.0,236.0,42.0,42.0,42.0,0.0,236.0,236.0,236.0,0.0,61117.0,0.0,61117.0,61117.0,0.0,0.0,0.0,0.0,0.0,0.0,0.0,0.0,0.0,0.0,0,0,0,0,42.0,236.0,0,0,0,0,0,0,0,0,1.0,160.0,42.0,236.0,0,0,0,0,0,0,1,42,1,236,-1,-1,0,32,0.0,0.0,0.0,0.0,0.0,0.0,0.0,0.0
443,57693,6,0.0,0.0,0.0,0.0,0.0,0.0,0.0,0.0,0.0,0.0,77.0,0.0,77.0,77.0,0.0,0.0,0.0,0.0,0.0,0.0,0.0,0.0,0.0,0.0,0,0,0,0,0.0,0.0,0,0,0,0,1,1,0,0,1.0,0.0,0.0,0.0,0,0,0,0,0,0,1,0,1,0,362,32832,0,32,0.0,0.0,0.0,0.0,0.0,0.0,0.0,0.0
35102,53,17,84.0,192.0,42.0,42.0,42.0,0.0,96.0,96.0,96.0,0.0,53686.33,90132.745,160057.0,1.0,1.0,1.0,0.0,1.0,1.0,3.0,3.0,0.0,3.0,3.0,0,0,0,0,42.0,96.0,0,0,0,0,0,0,0,0,1.0,79.5,42.0,96.0,0,0,0,0,0,0,2,84,2,192,-1,-1,1,32,0.0,0.0,0.0,0.0,0.0,0.0,0.0,0.0
49822,443,6,12.0,0.0,6.0,6.0,6.0,0.0,0.0,0.0,0.0,0.0,3.0,0.0,3.0,3.0,3.0,3.0,0.0,3.0,3.0,0.0,0.0,0.0,0.0,0.0,0,0,0,0,6.0,6.0,1,0,0,0,0,0,0,0,0.0,9.0,6.0,0.0,0,0,0,0,0,0,2,12,0,0,0,-1,1,20,0.0,0.0,0.0,0.0,0.0,0.0,0.0,0.0
65990,53,17,70.0,102.0,35.0,35.0,35.0,0.0,51.0,51.0,51.0,0.0,10247.33,17759.853,30736.0,3.0,4.0,4.0,0.0,4.0,4.0,3.0,3.0,0.0,3.0,3.0,0,0,0,0,35.0,51.0,0,0,0,0,0,0,0,0,1.0,51.75,35.0,51.0,0,0,0,0,0,0,2,70,2,102,-1,-1,1,20,0.0,0.0,0.0,0.0,0.0,0.0,0.0,0.0
57618,443,6,615.0,447.0,373.0,0.0,61.5,118.7137,309.0,0.0,89.4,136.5313,4513.14,9701.018,23494.0,4.0,78331.0,6106.0,11727.635,24506.0,4.0,43795.0,8318.25,5195.145,29285.0,322.0,0,0,0,0,0.0,373.0,0,0,0,1,0,0,0,0,0.0,70.1333,61.5,89.4,0,0,0,0,0,0,10,615,5,447,65535,972,5,32,0.0,0.0,0.0,0.0,0.0,0.0,0.0,0.0
443,56146,6,0.0,0.0,0.0,0.0,0.0,0.0,0.0,0.0,0.0,0.0,17.0,0.0,17.0,17.0,0.0,0.0,0.0,0.0,0.0,0.0,0.0,0.0,0.0,0.0,0,0,0,0,0.0,0.0,0,0,0,0,1,0,0,0,1.0,0.0,0.0,0.0,0,0,0,0,0,0,1,0,1,0,179,32832,0,32,0.0,0.0,0.0,0.0,0.0,0.0,0.0,0.0
443,51979,6,37.0,0.0,37.0,0.0,18.5,26.163,0.0,0.0,0.0,0.0,3.0,0.0,3.0,3.0,3.0,3.0,0.0,3.0,3.0,0.0,0.0,0.0,0.0,0.0,1,0,0,0,0.0,37.0,0,1,0,0,1,0,0,0,0.0,37.0,18.5,0.0,0,0,0,0,0,0,2,37,0,0,116,-1,0,32,0.0,0.0,0.0,0.0,0.0,0.0,0.0,0.0
54816,443,6,179.0,92.0,46.0,0.0,25.1429,22.9979,46.0,46.0,46.0,0.0,7961095.17,20393750.623,58911652.0,3.0,63145274.0,10532716.33,23765158.511,58911652.0,3.0,58008621.0,58005621.0,0.0,59008621.0,58008621.0,1,0,0,0,0.0,46.0,0,1,0,0,1,0,0,0,0.0,34.1111,25.1429,46.0,0,0,0,0,0,0,7,179,2,92,2379,432,3,20,61426.0,0.0,61426.0,61426.0,58911602.0,0.0,58911682.0,58911602.0
8614,53,17,64.0,532.0,32.0,32.0,32.0,0.0,266.0,266.0,266.0,0.0,31196.66,53399.964,93583.0,3.0,3.0,3.0,0.0,3.0,3.0,49.0,49.0,0.0,49.0,49.0,0,0,0,0,32.0,266.0,0,0,0,0,0,0,0,0,1.0,157.0,32.0,266.0,0,0,0,0,0,0,2,64,2,532,-1,-1,1,20,0.0,0.0,0.0,0.0,0.0,0.0,0.0,0.0
20670,53,17,50.0,144.0,25.0,25.0,25.0,0.0,72.0,72.0,72.0,0.0,61.33,62.736,133.0,4.0,4.0,4.0,0.0,4.0,4.0,48.0,48.0,0.0,48.0,48.0,0,0,0,0,25.0,72.0,0,0,0,0,0,0,0,0,1.0,57.75,25.0,72.0,0,0,0,0,0,0,2,50,2,144,-1,-1,1,32,0.0,0.0,0.0,0.0,0.0,0.0,0.0,0.0
443,53534,6,6.0,6.0,6.0,6.0,6.0,0.0,6.0,6.0,6.0,0.0,110.0,0.0,110.0,110.0,0.0,0.0,0.0,0.0,0.0,0.0,0.0,0.0,0.0,0.0,0,0,0,0,6.0,6.0,0,0,0,0,1,1,0,0,1.0,9.0,6.0,6.0,0,0,0,0,0,0,1,6,1,6,40062,32850,0,20,0.0,0.0,0.0,0.0,0.0,0.0,0.0,0.0
443,64156,6,37.0,0.0,31.0,6.0,18.5,17.6777,0.0,0.0,0.0,0.0,1.0,0.0,1.0,1.0,1.0,1.0,0.0,1.0,1.0,0.0,0.0,0.0,0.0,0.0,1,0,0,0,6.0,31.0,0,1,0,0,1,0,0,0,0.0,34.0,18.5,0.0,0,0,0,0,0,0,2,37,0,0,122,-1,1,20,0.0,0.0,0.0,0.0,0.0,0.0,0.0,0.0
53153,443,6,1205.0,30893.0,365.0,0.0,48.4167,105.9426,2920.0,0.0,947.5261,975.289,1996168.09,3967080.817,10025080.0,3.0,117244429.0,3175174.6,4791983.922,10112013.0,3.0,112839482.0,4747668.17,5067587.956,10110139.0,3.0,0,0,0,0,0.0,2920.0,0,0,0,1,0,0,0,0,1.0,582.7538,48.4167,947.5261,0,0,0,0,0,0,30,1205,32,30893,8192,61,28,20,329164.72,604320.992,2518148.0,223761.0,10000014.36,6930.416,10025084.0,9959465.0
50985,443,6,2659.0,135589.0,205.0,0.0,26.071,68.26,2836.0,0.0,1313.5111,338.2556,3934.0,106748.738,741763.0,0.0,1893118.0,9017.05,153092.748,771863.0,0.0,1769783.0,5901.83,13922.214,748583.0,0.0,0,0,0,0,0.0,2836.0,0,0,0,1,0,0,0,0,2.0,853.1311,26.071,1313.5111,0,0,0,0,0,0,325,2659,126,135589,29200,368,10,32,0.0,0.0,0.0,0.0,0.0,0.0,0.0,0.0
443,64505,6,37.0,0.0,37.0,0.0,18.5,26.163,0.0,0.0,0.0,0.0,3.0,0.0,3.0,3.0,3.0,3.0,0.0,3.0,3.0,0.0,0.0,0.0,0.0,0.0,1,0,0,0,0.0,37.0,0,1,0,0,1,0,0,0,0.0,37.0,18.5,0.0,0,0,0,0,0,0,2,37,0,0,972,-1,0,32,0.0,0.0,0.0,0.0,0.0,0.0,0.0,0.0
60592,443,6,3184.0,2273.0,1448.0,0.0,268.8333,554.0885,2273.0,0.0,264.875,793.7142,8400.61,12040.534,41286.0,3.0,146029.0,13001.31,19490.211,63481.0,4.0,114291.0,16375.14,17086.644,41324.0,215.0,0,0,0,0,0.0,2273.0,0,0,0,1,0,0,0,0,0.0,279.7705,268.8333,264.875,0,0,0,0,0,0,12,3184,8,2273,65535,1120,7,32,0.0,0.0,0.0,0.0,0.0,0.0,0.0,0.0
53862,53,17,70.0,102.0,35.0,35.0,35.0,0.0,51.0,51.0,51.0,0.0,16249.33,28019.466,48743.0,3.0,4.0,4.0,0.0,4.0,4.0,3.0,3.0,0.0,3.0,3.0,0,0,0,0,35.0,51.0,0,0,0,0,0,0,0,0,1.0,51.75,35.0,51.0,0,0,0,0,0,0,2,70,2,102,-1,-1,1,40,0.0,0.0,0.0,0.0,0.0,0.0,0.0,0.0
80,54167,6,0.0,0.0,0.0,0.0,0.0,0.0,0.0,0.0,0.0,0.0,50.0,0.0,50.0,50.0,0.0,0.0,0.0,0.0,0.0,0.0,0.0,0.0,0.0,0.0,0,0,0,0,0.0,0.0,0,0,0,0,1,1,0,0,1.0,0.0,0.0,0.0,0,0,0,0,0,0,1,0,1,0,59,33304,0,32,0.0,0.0,0.0,0.0,0.0,0.0,0.0,0.0
62334,443,6,759.0,5317.0,374.0,0.0,33.6154,97.2232,1448.0,0.0,234.625,443.5783,1974926.65,3979689.322,10215101.0,4.0,61693023.0,3837725.5,4968516.649,10240018.0,186.0,61520524.0,4731271.81,5187874.274,10240008.0,48.0,0,0,0,0,0.0,1448.0,0,0,0,1,0,0,0,0,0.0,124.3924,33.6154,234.625,0,0,0,0,0,0,23,759,18,5317,29200,5406,3,32,206331.83,343055.953,685354.0,50364.0,10181561.5,170201.344,10215106.0,9372485.0
60757,53,17,50.0,131.0,50.0,50.0,50.0,0.0,131.0,131.0,131.0,0.0,736.0,0.0,736.0,736.0,0.0,0.0,0.0,0.0,0.0,0.0,0.0,0.0,0.0,0.0,0,0,0,0,50.0,131.0,0,0,0,0,0,0,0,0,1.0,115.5,50.0,131.0,0,0,0,0,0,0,1,50,1,131,-1,-1,0,20,0.0,0.0,0.0,0.0,0.0,0.0,0.0,0.0
60905,53,17,46.0,94.0,46.0,46.0,46.0,0.0,94.0,94.0,94.0,0.0,30887.0,0.0,30887.0,30887.0,0.0,0.0,0.0,0.0,0.0,0.0,0.0,0.0,0.0,0.0,0,0,0,0,46.0,94.0,0,0,0,0,0,0,0,0,1.0,93.0,46.0,94.0,0,0,0,0,0,0,1,46,1,94,-1,-1,0,32,0.0,0.0,0.0,0.0,0.0,0.0,0.0,0.0
56365,443,6,1483.0,1187.0,1233.0,0.0,135.0,377.8331,1029.0,0.0,231.5,446.9669,11832.18,17271.253,51912.0,48.0,179642.0,19218.22,20229.918,52152.0,48.0,127784.0,22175.4,21723.614,51009.0,245.0,0,0,0,0,0.0,1233.0,0,0,0,1,0,0,0,0,0.0,188.1119,135.0,231.5,0,0,0,0,0,0,10,1483,6,1187,65535,192,5,32,0.0,0.0,0.0,0.0,0.0,0.0,0.0,0.0
0,0,0,0.0,0.0,0.0,0.0,0.0,0.0,0.0,0.0,0.0,0.0,860382.95,2937075.517,16300029.0,0.0,117500946.0,1096038.26,3701304.57,16300029.0,0.0,0.0,0.0,0.0,0.0,0.0,0,0,0,0,0.0,0.0,0,0,0,0,0,0,0,0,0.0,0.0,0.0,0.0,0,0,0,0,0,0,195,0,0,0,-1,-1,0,0,7888353.87,3512927.322,14848182.0,902.0,314137.25,3547889.274,16300021.0,5563821.0
59296,443,6,673.0,5714.0,342.0,0.0,67.4167,119.8394,1460.0,0.0,727.4286,682.037,680710.58,2271541.759,7803607.0,4.0,8186880.0,1219718.0,3276615.339,7803607.0,4.0,55289.0,5045.16,16003.071,24685.0,4.0,0,0,0,0,0.0,1460.0,0,0,0,1,0,0,0,0,0.0,366.5,67.4167,727.4286,0,0,0,0,0,0,9,673,7,5714,8192,110,8,20,0.0,0.0,0.0,0.0,0.0,0.0,0.0,0.0
63684,53,17,84.0,464.0,42.0,42.0,42.0,0.0,232.0,232.0,232.0,0.0,10252.33,17715.704,30759.0,3.0,3.0,3.0,0.0,3.0,3.0,4.0,4.0,0.0,4.0,4.0,0,0,0,0,42.0,232.0,0,0,0,0,0,0,0,0,1.0,142.5,42.0,232.0,0,0,0,0,0,0,2,84,2,464,-1,-1,1,20,0.0,0.0,0.0,0.0,0.0,0.0,0.0,0.0
58862,443,6,1629.0,41043.0,517.0,0.0,42.4741,121.8629,2736.0,0.0,1291.1118,485.7533,2233.79,5652.69,24035.0,0.0,100738.0,4097.24,4139.699,24318.0,1.0,169739.0,9744.53,5256.227,37717.0,1.0,0,0,0,0,0.0,2736.0,0,0,0,1,0,0,0,0,1.0,733.5323,42.4741,1291.1118,0,0,0,0,0,0,28,1629,33,41043,65535,365,5,32,0.0,0.0,0.0,0.0,0.0,0.0,0.0,0.0
46305,443,6,394.0,3015.0,246.0,0.0,49.25,98.3267,1593.0,0.0,603.8333,805.5554,372081.33,1319614.802,4280576.0,3.0,5574213.0,728739.28,1792638.196,4280576.0,3.0,123014.0,44502.8,43676.435,80977.0,204.0,0,0,0,0,0.0,1593.0,0,0,0,1,0,0,0,0,0.0,286.5714,49.25,603.8333,0,0,0,0,0,0,8,394,6,3015,29200,119,3,32,0.0,0.0,0.0,0.0,0.0,0.0,0.0,0.0
61671,53,17,70.0,102.0,35.0,35.0,35.0,0.0,51.0,51.0,51.0,0.0,7947.0,13704.025,23832.0,3.0,4.0,4.0,0.0,4.0,4.0,3.0,3.0,0.0,3.0,3.0,0,0,0,0,35.0,51.0,0,0,0,0,0,0,0,0,1.0,51.75,35.0,51.0,0,0,0,0,0,0,2,70,2,102,-1,-1,1,32,0.0,0.0,0.0,0.0,0.0,0.0,0.0,0.0
443,51891,6,0.0,0.0,0.0,0.0,0.0,0.0,0.0,0.0,0.0,0.0,51.0,0.0,51.0,51.0,0.0,0.0,0.0,0.0,0.0,0.0,0.0,0.0,0.0,0.0,0,0,0,0,0.0,0.0,0,0,0,0,1,1,0,0,1.0,0.0,0.0,0.0,0,0,0,0,0,0,1,0,1,0,357,32832,0,32,0.0,0.0,0.0,0.0,0.0,0.0,0.0,0.0
59581,53,17,82.0,254.0,41.0,41.0,41.0,0.0,127.0,127.0,127.0,0.0,10312.33,17883.313,30935.0,3.0,3.0,3.0,0.0,3.0,3.0,3.0,3.0,0.0,3.0,3.0,0,0,0,0,41.0,127.0,0,0,0,0,0,0,0,0,1.0,94.25,41.0,127.0,0,0,0,0,0,0,2,82,2,254,-1,-1,1,20,0.0,0.0,0.0,0.0,0.0,0.0,0.0,0.0
28594,53,17,68.0,132.0,34.0,34.0,34.0,0.0,66.0,66.0,66.0,0.0,59.33,98.447,172.0,3.0,3.0,3.0,0.0,3.0,3.0,3.0,3.0,0.0,3.0,3.0,0,0,0,0,34.0,66.0,0,0,0,0,0,0,0,0,1.0,58.5,34.0,66.0,0,0,0,0,0,0,2,68,2,132,-1,-1,1,20,0.0,0.0,0.0,0.0,0.0,0.0,0.0,0.0
80,30950,6,0.0,0.0,0.0,0.0,0.0,0.0,0.0,0.0,0.0,0.0,53.0,0.0,53.0,53.0,0.0,0.0,0.0,0.0,0.0,0.0,0.0,0.0,0.0,0.0,0,0,0,0,0.0,0.0,0,0,0,0,1,1,0,0,1.0,0.0,0.0,0.0,0,0,0,0,0,0,1,0,1,0,114,258,0,32,0.0,0.0,0.0,0.0,0.0,0.0,0.0,0.0
443,60974,6,0.0,0.0,0.0,0.0,0.0,0.0,0.0,0.0,0.0,0.0,3.0,0.0,3.0,3.0,3.0,3.0,0.0,3.0,3.0,0.0,0.0,0.0,0.0,0.0,0,0,0,0,0.0,0.0,0,0,0,0,1,0,0,0,0.0,0.0,0.0,0.0,0,0,0,0,0,0,2,0,0,0,5243,-1,0,32,0.0,0.0,0.0,0.0,0.0,0.0,0.0,0.0
57916,443,6,12.0,0.0,6.0,6.0,6.0,0.0,0.0,0.0,0.0,0.0,3.0,0.0,3.0,3.0,3.0,3.0,0.0,3.0,3.0,0.0,0.0,0.0,0.0,0.0,0,0,0,0,6.0,6.0,1,0,0,0,0,0,0,0,0.0,9.0,6.0,0.0,0,0,0,0,0,0,2,12,0,0,0,-1,1,20,0.0,0.0,0.0,0.0,0.0,0.0,0.0,0.0
51023,53,17,60.0,264.0,30.0,30.0,30.0,0.0,132.0,132.0,132.0,0.0,30070.33,52297.97,90159.0,3.0,49.0,49.0,0.0,49.0,49.0,3.0,3.0,0.0,3.0,3.0,0,0,0,0,30.0,132.0,0,0,0,0,0,0,0,0,1.0,88.5,30.0,132.0,0,0,0,0,0,0,2,60,2,264,-1,-1,1,20,0.0,0.0,0.0,0.0,0.0,0.0,0.0,0.0
60735,53,17,76.0,154.0,38.0,38.0,38.0,0.0,77.0,77.0,77.0,0.0,8098.66,13967.881,24240.0,3.0,3.0,3.0,0.0,3.0,3.0,4.0,4.0,0.0,4.0,4.0,0,0,0,0,38.0,77.0,0,0,0,0,0,0,0,0,1.0,67.0,38.0,77.0,0,0,0,0,0,0,2,76,2,154,-1,-1,1,20,0.0,0.0,0.0,0.0,0.0,0.0,0.0,0.0
60117,53,17,52.0,199.0,52.0,52.0,52.0,0.0,199.0,199.0,199.0,0.0,61844.0,0.0,61844.0,61844.0,0.0,0.0,0.0,0.0,0.0,0.0,0.0,0.0,0.0,0.0,0,0,0,0,52.0,199.0,0,0,0,0,0,0,0,0,1.0,151.5,52.0,199.0,0,0,0,0,0,0,1,52,1,199,-1,-1,0,32,0.0,0.0,0.0,0.0,0.0,0.0,0.0,0.0
443,60362,6,0.0,0.0,0.0,0.0,0.0,0.0,0.0,0.0,0.0,0.0,93.0,0.0,93.0,93.0,0.0,0.0,0.0,0.0,0.0,0.0,0.0,0.0,0.0,0.0,0,0,0,0,0.0,0.0,0,0,0,0,1,1,0,0,1.0,0.0,0.0,0.0,0,0,0,0,0,0,1,0,1,0,114,33304,0,32,0.0,0.0,0.0,0.0,0.0,0.0,0.0,0.0
60570,53,17,50.0,134.0,50.0,50.0,50.0,0.0,134.0,134.0,134.0,0.0,86643.0,0.0,86643.0,86643.0,0.0,0.0,0.0,0.0,0.0,0.0,0.0,0.0,0.0,0.0,0,0,0,0,50.0,134.0,0,0,0,0,0,0,0,0,1.0,117.0,50.0,134.0,0,0,0,0,0,0,1,50,1,134,-1,-1,0,32,0.0,0.0,0.0,0.0,0.0,0.0,0.0,0.0
60811,53,17,51.0,112.0,51.0,51.0,51.0,0.0,112.0,112.0,112.0,0.0,471.0,0.0,471.0,471.0,0.0,0.0,0.0,0.0,0.0,0.0,0.0,0.0,0.0,0.0,0,0,0,0,51.0,112.0,0,0,0,0,0,0,0,0,1.0,107.0,51.0,112.0,0,0,0,0,0,0,1,51,1,112,-1,-1,0,32,0.0,0.0,0.0,0.0,0.0,0.0,0.0,0.0
17426,53,17,68.0,158.0,34.0,34.0,34.0,0.0,79.0,79.0,79.0,0.0,69.66,113.675,202.0,1.0,1.0,1.0,0.0,1.0,1.0,1.0,1.0,0.0,1.0,1.0,0,0,0,0,34.0,79.0,0,0,0,0,0,0,0,0,1.0,65.0,34.0,79.0,0,0,0,0,0,0,2,68,2,158,-1,-1,1,32,0.0,0.0,0.0,0.0,0.0,0.0,0.0,0.0
61694,53,17,49.0,107.0,49.0,49.0,49.0,0.0,107.0,107.0,107.0,0.0,60278.0,0.0,60278.0,60278.0,0.0,0.0,0.0,0.0,0.0,0.0,0.0,0.0,0.0,0.0,0,0,0,0,49.0,107.0,0,0,0,0,0,0,0,0,1.0,102.5,49.0,107.0,0,0,0,0,0,0,1,49,1,107,-1,-1,0,32,0.0,0.0,0.0,0.0,0.0,0.0,0.0,0.0
62096,53,17,60.0,264.0,30.0,30.0,30.0,0.0,132.0,132.0,132.0,0.0,25690.0,44020.931,76068.0,4.0,4.0,4.0,0.0,4.0,4.0,48.0,48.0,0.0,48.0,48.0,0,0,0,0,30.0,132.0,0,0,0,0,0,0,0,0,1.0,88.5,30.0,132.0,0,0,0,0,0,0,2,60,2,264,-1,-1,1,20,0.0,0.0,0.0,0.0,0.0,0.0,0.0,0.0
62088,443,6,713.0,479.0,469.0,0.0,71.3,147.2874,341.0,0.0,95.8,149.5299,5739.64,9699.58,23039.0,3.0,84914.0,8472.33,10959.37,24285.0,3.0,50261.0,12315.25,13888.692,25645.0,244.0,0,0,0,0,0.0,469.0,0,0,0,1,0,0,0,0,0.0,79.4667,71.3,95.8,0,0,0,0,0,0,10,713,5,479,65535,972,5,32,0.0,0.0,0.0,0.0,0.0,0.0,0.0,0.0
37486,53,17,76.0,196.0,38.0,38.0,38.0,0.0,98.0,98.0,98.0,0.0,19805.33,34553.819,59400.0,1.0,1.0,1.0,0.0,1.0,1.0,4.0,4.0,0.0,4.0,4.0,0,0,0,0,38.0,98.0,0,0,0,0,0,0,0,0,1.0,77.5,38.0,98.0,0,0,0,0,0,0,2,76,2,196,-1,-1,1,32,0.0,0.0,0.0,0.0,0.0,0.0,0.0,0.0
50073,53,17,72.0,204.0,36.0,36.0,36.0,0.0,102.0,102.0,102.0,0.0,63220.33,108161.454,189655.0,3.0,3.0,3.0,0.0,3.0,3.0,3.0,3.0,0.0,3.0,3.0,0,0,0,0,36.0,102.0,0,0,0,0,0,0,0,0,1.0,78.0,36.0,102.0,0,0,0,0,0,0,2,72,2,204,-1,-1,1,20,0.0,0.0,0.0,0.0,0.0,0.0,0.0,0.0
60218,53,17,111.0,366.0,56.0,55.0,55.5,0.7071,196.0,180.0,183.0,21.2201,327379.33,869299.664,1174246.0,23584.0,1205797.0,1205797.0,0.0,1205797.0,1205797.0,1104854.0,1104854.0,0.0,1104854.0,1104854.0,0,0,0,0,55.0,196.0,0,0,0,0,0,0,0,0,1.0,138.25,55.5,183.0,0,0,0,0,0,0,2,111,2,366,-1,-1,1,32,0.0,0.0,0.0,0.0,0.0,0.0,0.0,0.0
33802,443,6,580.0,168.0,517.0,0.0,116.0,225.1011,156.0,0.0,42.0,76.0526,1287587.87,3479440.709,29950546.0,1.0,20288412.0,1433428.5,4946356.925,29904673.0,3.0,298959.0,79489.0,62056.572,101917.0,1.0,0,0,0,0,0.0,517.0,0,0,0,1,0,0,0,0,0.0,83.1,116.0,42.0,0,0,0,0,0,0,5,580,4,168,29200,940,2,20,154168.0,0.0,154168.0,154168.0,29950545.0,0.0,29950545.0,29950545.0
443,54904,6,6.0,6.0,6.0,6.0,6.0,0.0,6.0,6.0,6.0,0.0,59.0,0.0,59.0,59.0,0.0,0.0,0.0,0.0,0.0,0.0,0.0,0.0,0.0,0.0,0,0,0,0,6.0,6.0,0,0,0,0,1,1,0,0,1.0,9.0,6.0,6.0,0,0,0,0,0,0,1,6,1,6,518,251,0,20,0.0,0.0,0.0,0.0,0.0,0.0,0.0,0.0
65226,53,17,90.0,222.0,45.0,45.0,45.0,0.0,111.0,111.0,111.0,0.0,10570.33,18203.775,31606.0,4.0,4.0,4.0,0.0,4.0,4.0,47.0,47.0,0.0,47.0,47.0,0,0,0,0,45.0,111.0,0,0,0,0,0,0,0,0,1.0,89.25,45.0,111.0,0,0,0,0,0,0,2,90,2,222,-1,-1,1,32,0.0,0.0,0.0,0.0,0.0,0.0,0.0,0.0
54494,443,6,12.0,0.0,6.0,6.0,6.0,0.0,0.0,0.0,0.0,0.0,5343443.0,0.0,5343443.0,5343443.0,5343443.0,5343443.0,0.0,5343443.0,5343443.0,0.0,0.0,0.0,0.0,0.0,0,0,0,0,6.0,6.0,0,0,0,0,1,0,0,0,0.0,9.0,6.0,0.0,0,0,0,0,0,0,2,12,0,0,253,-1,1,20,0.0,0.0,0.0,0.0,0.0,0.0,0.0,0.0
80,54556,6,6.0,6.0,6.0,6.0,6.0,0.0,6.0,6.0,6.0,0.0,92.0,0.0,92.0,92.0,0.0,0.0,0.0,0.0,0.0,0.0,0.0,0.0,0.0,0.0,0,0,0,0,6.0,6.0,0,0,0,0,1,1,0,0,1.0,9.0,6.0,6.0,0,0,0,0,0,0,1,6,1,6,343,258,0,20,0.0,0.0,0.0,0.0,0.0,0.0,0.0,0.0
57012,53,17,84.0,198.0,42.0,42.0,42.0,0.0,99.0,99.0,99.0,0.0,10420.66,18042.938,31258.0,3.0,3.0,3.0,0.0,3.0,3.0,4.0,4.0,0.0,4.0,4.0,0,0,0,0,42.0,99.0,0,0,0,0,0,0,0,0,1.0,81.0,42.0,99.0,0,0,0,0,0,0,2,84,2,198,-1,-1,1,20,0.0,0.0,0.0,0.0,0.0,0.0,0.0,0.0
22,49493,6,0.0,0.0,0.0,0.0,0.0,0.0,0.0,0.0,0.0,0.0,43.0,0.0,43.0,43.0,0.0,0.0,0.0,0.0,0.0,0.0,0.0,0.0,0.0,0.0,0,0,0,0,0.0,0.0,0,0,0,0,1,1,0,0,1.0,0.0,0.0,0.0,0,0,0,0,0,0,1,0,1,0,227,299,0,32,0.0,0.0,0.0,0.0,0.0,0.0,0.0,0.0
3125,53,17,60.0,264.0,30.0,30.0,30.0,0.0,132.0,132.0,132.0,0.0,20964.0,36129.232,62885.0,3.0,3.0,3.0,0.0,3.0,3.0,3.0,3.0,0.0,3.0,3.0,0,0,0,0,30.0,132.0,0,0,0,0,0,0,0,0,1.0,88.5,30.0,132.0,0,0,0,0,0,0,2,60,2,264,-1,-1,1,20,0.0,0.0,0.0,0.0,0.0,0.0,0.0,0.0
64196,443,6,1463.0,1117.0,1257.0,0.0,183.7143,437.8183,1049.0,0.0,158.4,406.7946,22519.0,32054.19,87149.0,2.0,290452.0,32182.0,44998.076,91392.0,2.0,192421.0,48657.25,46403.844,97304.0,4.0,0,0,0,0,0.0,1257.0,0,0,0,1,0,0,0,0,0.0,193.1429,183.7143,158.4,0,0,0,0,0,0,7,1463,5,1117,65535,83,6,32,0.0,0.0,0.0,0.0,0.0,0.0,0.0,0.0
54708,53,17,176.0,140.0,44.0,44.0,44.0,0.0,70.0,70.0,70.0,0.0,6284.4,13930.281,30338.0,3.0,30331.0,10140.33,17445.869,30338.0,3.0,3.0,3.0,0.0,3.0,3.0,0,0,0,0,44.0,70.0,0,0,0,0,0,0,0,0,0.0,58.6667,44.0,70.0,0,0,0,0,0,0,4,176,2,140,-1,-1,3,20,0.0,0.0,0.0,0.0,0.0,0.0,0.0,0.0
62003,53,17,80.0,274.0,40.0,40.0,40.0,0.0,137.0,137.0,137.0,0.0,15479.66,26368.666,46432.0,3.0,3.0,3.0,0.0,3.0,3.0,3.0,3.0,0.0,3.0,3.0,0,0,0,0,40.0,137.0,0,0,0,0,0,0,0,0,1.0,98.5,40.0,137.0,0,0,0,0,0,0,2,80,2,274,-1,-1,1,20,0.0,0.0,0.0,0.0,0.0,0.0,0.0,0.0
61831,53,17,47.0,114.0,47.0,47.0,47.0,0.0,114.0,114.0,114.0,0.0,23379.0,0.0,23379.0,23379.0,0.0,0.0,0.0,0.0,0.0,0.0,0.0,0.0,0.0,0.0,0,0,0,0,47.0,114.0,0,0,0,0,0,0,0,0,1.0,104.0,47.0,114.0,0,0,0,0,0,0,1,47,1,114,-1,-1,0,20,0.0,0.0,0.0,0.0,0.0,0.0,0.0,0.0
53392,443,6,2524.0,4039.0,1448.0,0.0,190.2,449.0188,1413.0,0.0,253.4545,462.3737,3050417.57,13120798.737,59957561.0,2.0,60332433.0,5093600.55,17035515.913,59958511.0,2.0,60442759.0,6675274.8,18523770.115,59997614.0,2.0,0,0,0,0,0.0,1448.0,0,0,0,1,0,0,0,0,1.0,223.4,190.2,253.4545,0,0,0,0,0,0,15,2524,11,4039,65535,420,7,32,478499.0,574247.846,793982.0,50839.0,39927025.5,20004524.711,59957567.0,9851499.0
443,58409,6,0.0,18.0,0.0,0.0,0.0,0.0,6.0,6.0,6.0,0.0,26.66,44.415,76.0,1.0,0.0,0.0,0.0,0.0,0.0,4.0,2.0,1.414,3.0,1.0,0,0,0,0,0.0,6.0,0,0,0,0,1,0,0,0,3.0,4.5,0.0,6.0,0,0,0,0,0,0,1,0,3,18,1006,0,0,32,0.0,0.0,0.0,0.0,0.0,0.0,0.0,0.0
61378,53,17,94.0,220.0,47.0,47.0,47.0,0.0,110.0,110.0,110.0,0.0,10245.66,17798.371,30730.0,3.0,49.0,49.0,0.0,49.0,49.0,4.0,4.0,0.0,4.0,4.0,0,0,0,0,47.0,110.0,0,0,0,0,0,0,0,0,1.0,90.25,47.0,110.0,0,0,0,0,0,0,2,94,2,220,-1,-1,1,20,0.0,0.0,0.0,0.0,0.0,0.0,0.0,0.0
48918,80,6,0.0,0.0,0.0,0.0,0.0,0.0,0.0,0.0,0.0,0.0,314.0,0.0,314.0,314.0,314.0,314.0,0.0,314.0,314.0,0.0,0.0,0.0,0.0,0.0,0,0,0,0,0.0,0.0,0,0,0,0,1,0,0,0,0.0,0.0,0.0,0.0,0,0,0,0,0,0,2,0,0,0,242,-1,0,32,0.0,0.0,0.0,0.0,0.0,0.0,0.0,0.0
56548,80,6,710.0,1360.0,713.0,0.0,153.0,310.0827,1360.0,0.0,380.0,672.6036,117887.22,233124.573,812391.0,3.0,335995.0,68393.25,148849.435,119922.0,178.0,1215808.0,328257.66,419161.817,912808.0,3993.0,0,0,0,0,0.0,1360.0,0,0,0,1,0,0,0,0,1.0,211.0,153.0,380.0,0,0,0,0,0,0,5,710,4,1360,29200,30,1,20,0.0,0.0,0.0,0.0,0.0,0.0,0.0,0.0
49230,53,17,168.0,436.0,42.0,42.0,42.0,0.0,109.0,109.0,109.0,0.0,13806.85,27617.729,63388.0,1.0,69520.0,23873.33,37195.45,69525.0,1.0,37234.0,12418.66,25986.813,37231.0,1.0,0,0,0,0,42.0,109.0,0,0,0,0,0,0,0,0,1.0,86.75,42.0,109.0,0,0,0,0,0,0,4,168,4,436,-1,-1,3,32,0.0,0.0,0.0,0.0,0.0,0.0,0.0,0.0
50577,443,6,2483.0,27342.0,517.0,0.0,62.1089,138.9045,1460.0,0.0,428.3408,603.7447,2180696.82,4059029.202,10004117.0,2.0,116001999.0,4070779.32,4895196.778,10028598.0,3.0,111559354.0,3010626.47,5077617.372,10024596.0,2.0,0,0,0,0,0.0,1460.0,0,0,0,1,0,0,0,0,0.0,256.3394,62.1089,428.3408,0,0,0,0,0,0,41,2483,37,27342,8192,64,40,20,174735.5,358957.001,1622271.0,23593.0,9620500.08,1406840.072,10004118.0,5650342.0
61330,53,17,62.0,108.0,31.0,31.0,31.0,0.0,54.0,54.0,54.0,0.0,59.0,61.617,125.0,3.0,3.0,3.0,0.0,3.0,3.0,48.0,48.0,0.0,48.0,48.0,0,0,0,0,31.0,54.0,0,0,0,0,0,0,0,0,1.0,50.25,31.0,54.0,0,0,0,0,0,0,2,62,2,108,-1,-1,1,32,0.0,0.0,0.0,0.0,0.0,0.0,0.0,0.0
54181,443,6,896.0,1471.0,645.0,0.0,89.6,201.1032,1333.0,0.0,294.2,583.7732,22320.14,36089.784,87843.0,3.0,292528.0,31033.0,42456.955,90456.0,3.0,189309.0,44822.75,46149.893,89224.0,310.0,0,0,0,0,0.0,1333.0,0,0,0,1,0,0,0,0,0.0,157.8,89.6,294.2,0,0,0,0,0,0,10,896,5,1471,65535,115,5,32,0.0,0.0,0.0,0.0,0.0,0.0,0.0,0.0
49761,443,6,1003.0,3223.0,504.0,0.0,78.3571,142.4981,1418.0,0.0,477.125,615.935,14077.5,24566.019,61632.0,1.0,291710.0,21281.33,20573.978,101107.0,1.0,190722.0,34160.42,38722.015,86211.0,49.0,0,0,0,0,0.0,1418.0,0,0,0,1,0,0,0,0,0.0,217.8071,78.3571,477.125,0,0,0,0,0,0,14,1003,8,3223,65535,349,6,32,0.0,0.0,0.0,0.0,0.0,0.0,0.0,0.0
57295,80,6,437.0,112.0,427.0,0.0,145.6667,247.1241,110.0,2.0,56.0,76.6675,15274.0,16709.845,28542.0,52.0,28858.0,14429.0,20473.352,28884.0,1242.0,22808.0,22808.0,0.0,22808.0,22808.0,0,0,0,0,0.0,427.0,0,0,0,1,0,0,0,0,0.0,109.4,145.6667,56.0,0,0,0,0,0,0,3,437,2,112,8192,16384,2,20,0.0,0.0,0.0,0.0,0.0,0.0,0.0,0.0
58343,443,6,942.0,5170.0,375.0,0.0,67.2222,94.2623,1430.0,0.0,296.6364,486.7467,4124907.47,15037287.702,58791929.0,1.0,117247559.0,8740563.18,21106578.795,58796929.0,1.0,117149825.0,9367113.35,22883739.559,59004166.0,1.0,0,0,0,0,0.0,1430.0,0,0,0,1,0,0,0,0,1.0,182.9485,67.2222,296.6364,0,0,0,0,0,0,18,942,19,5170,8192,360,16,20,161858.5,59699.137,144997.0,73529.0,58346938.0,181316.812,58791925.0,57833109.0
443,55346,6,0.0,18.0,0.0,0.0,0.0,0.0,6.0,6.0,6.0,0.0,15190.0,31127.62,60712.0,3.0,40080.0,40080.0,0.0,40080.0,40080.0,4.0,2.0,1.828,3.0,3.0,0,0,0,0,0.0,6.0,0,0,0,0,1,0,0,0,1.0,3.6,0.0,6.0,0,0,0,0,0,0,2,0,3,18,115,0,0,32,0.0,0.0,0.0,0.0,0.0,0.0,0.0,0.0
53227,53,17,68.0,158.0,34.0,34.0,34.0,0.0,79.0,79.0,79.0,0.0,7937.66,13795.122,23865.0,3.0,3.0,3.0,0.0,3.0,3.0,3.0,3.0,0.0,3.0,3.0,0,0,0,0,34.0,79.0,0,0,0,0,0,0,0,0,1.0,65.0,34.0,79.0,0,0,0,0,0,0,2,68,2,158,-1,-1,1,32,0.0,0.0,0.0,0.0,0.0,0.0,0.0,0.0
56086,80,6,12.0,0.0,6.0,6.0,6.0,0.0,0.0,0.0,0.0,0.0,57.0,0.0,57.0,57.0,57.0,57.0,0.0,57.0,57.0,0.0,0.0,0.0,0.0,0.0,0,0,0,0,6.0,6.0,0,0,0,0,1,0,0,0,0.0,9.0,6.0,0.0,0,0,0,0,0,0,2,12,0,0,16414,-1,1,20,0.0,0.0,0.0,0.0,0.0,0.0,0.0,0.0
59310,443,6,390.0,3026.0,230.0,0.0,48.7143,86.3777,1615.0,0.0,609.3333,811.6074,418486.09,1540794.6,5508681.0,3.0,5855424.0,827971.0,2060224.725,5508681.0,3.0,86066.0,27033.2,25319.216,48916.0,249.0,0,0,0,0,0.0,1615.0,0,0,0,1,0,0,0,0,0.0,273.5727,48.7143,609.3333,0,0,0,0,0,0,7,390,6,3026,8192,110,6,20,253277.0,0.0,253277.0,253277.0,5508625.0,0.0,5508685.0,5508625.0
62007,443,6,862.0,479.0,549.0,0.0,216.3333,283.2071,261.0,0.0,69.8333,137.3113,295227.83,868641.793,2824695.0,19.0,3931421.0,470410.2,1102963.628,2814695.0,23227.0,104292.0,20286.4,19176.63,31651.0,55.0,0,0,0,0,0.0,549.0,0,0,0,1,0,0,0,0,1.0,187.0,216.3333,69.8333,0,0,0,0,0,0,6,862,6,479,8192,245,5,20,0.0,0.0,0.0,0.0,0.0,0.0,0.0,0.0
42124,53,17,70.0,338.0,35.0,35.0,35.0,0.0,169.0,169.0,169.0,0.0,10371.33,17900.891,31007.0,3.0,3.0,3.0,0.0,3.0,3.0,4.0,4.0,0.0,4.0,4.0,0,0,0,0,35.0,169.0,0,0,0,0,0,0,0,0,1.0,110.75,35.0,169.0,0,0,0,0,0,0,2,70,2,338,-1,-1,1,32,0.0,0.0,0.0,0.0,0.0,0.0,0.0,0.0
61529,53,17,55.0,110.0,55.0,55.0,55.0,0.0,110.0,110.0,110.0,0.0,30925.0,0.0,30925.0,30925.0,0.0,0.0,0.0,0.0,0.0,0.0,0.0,0.0,0.0,0.0,0,0,0,0,55.0,110.0,0,0,0,0,0,0,0,0,1.0,110.0,55.0,110.0,0,0,0,0,0,0,1,55,1,110,-1,-1,0,32,0.0,0.0,0.0,0.0,0.0,0.0,0.0,0.0
61093,53,17,51.0,67.0,51.0,51.0,51.0,0.0,67.0,67.0,67.0,0.0,16636.0,0.0,16636.0,16636.0,0.0,0.0,0.0,0.0,0.0,0.0,0.0,0.0,0.0,0.0,0,0,0,0,51.0,67.0,0,0,0,0,0,0,0,0,1.0,84.5,51.0,67.0,0,0,0,0,0,0,1,51,1,67,-1,-1,0,32,0.0,0.0,0.0,0.0,0.0,0.0,0.0,0.0
61603,53,17,48.0,114.0,48.0,48.0,48.0,0.0,114.0,114.0,114.0,0.0,60316.0,0.0,60316.0,60316.0,0.0,0.0,0.0,0.0,0.0,0.0,0.0,0.0,0.0,0.0,0,0,0,0,48.0,114.0,0,0,0,0,0,0,0,0,1.0,105.0,48.0,114.0,0,0,0,0,0,0,1,48,1,114,-1,-1,0,20,0.0,0.0,0.0,0.0,0.0,0.0,0.0,0.0
59940,53,17,90.0,384.0,45.0,45.0,45.0,0.0,192.0,192.0,192.0,0.0,26854.66,46807.593,80558.0,3.0,3.0,3.0,0.0,3.0,3.0,3.0,3.0,0.0,3.0,3.0,0,0,0,0,45.0,192.0,0,0,0,0,0,0,0,0,1.0,129.75,45.0,192.0,0,0,0,0,0,0,2,90,2,384,-1,-1,1,20,0.0,0.0,0.0,0.0,0.0,0.0,0.0,0.0
54332,443,6,6.0,37.0,6.0,6.0,6.0,0.0,31.0,31.0,31.0,0.0,764673.0,0.0,764673.0,764673.0,0.0,0.0,0.0,0.0,0.0,0.0,0.0,0.0,0.0,0.0,0,0,0,0,6.0,31.0,1,0,0,0,0,0,0,0,1.0,21.5,6.0,31.0,0,0,0,0,0,0,1,6,1,37,0,1118,0,20,0.0,0.0,0.0,0.0,0.0,0.0,0.0,0.0
63911,389,6,4476.0,8426.0,267.0,6.0,144.5,152.8934,4.0,6.0,316.5714,0.0,1952412.87,4032907.233,16024212.0,1.0,110521492.0,2783268.09,4037481.132,16048012.0,1.0,116524482.0,6240749.57,7540819.979,16145507.0,1.0,1,0,0,0,6.0,204.0,0,1,0,0,1,0,0,0,0.0,247.8548,144.5,316.5714,0,0,0,0,0,0,36,4476,18,8426,257,2076,35,20,79211.18,0.0,79211.0,79211.0,116034294.0,0.0,116024214.0,116024294.0
41883,80,6,0.0,0.0,0.0,0.0,0.0,0.0,0.0,0.0,0.0,0.0,43001.0,0.0,43001.0,43001.0,43001.0,43001.0,0.0,43001.0,43001.0,0.0,0.0,0.0,0.0,0.0,0,0,0,0,0.0,0.0,0,0,0,0,1,1,0,0,0.0,0.0,0.0,0.0,0,0,0,0,0,0,2,0,0,0,237,-1,0,32,0.0,0.0,0.0,0.0,0.0,0.0,0.0,0.0
56330,443,6,12.0,37.0,6.0,6.0,6.0,0.0,37.0,7.0,18.5,17.113,33.5,45.845,64.0,3.0,49.0,49.0,0.0,49.0,49.0,0.0,0.0,0.0,0.0,0.0,0,0,0,0,6.0,37.0,1,0,0,0,0,0,0,0,0.0,13.3333,6.0,18.5,0,0,0,0,0,0,2,12,1,37,0,31360,1,20,0.0,0.0,0.0,0.0,0.0,0.0,0.0,0.0
56945,80,6,443.0,411.0,427.0,0.0,147.6667,249.588,419.0,0.0,250.75,269.5097,27616.0,47846.979,79943.0,4.0,73430.0,36715.0,46139.39,79749.0,29213.0,46812.0,48837.33,49105.468,71135.0,4.0,0,0,0,0,0.0,417.0,0,0,0,1,0,0,0,0,1.0,183.7143,147.6667,250.75,0,0,0,0,0,0,3,443,4,411,8192,231,2,20,0.0,0.0,0.0,0.0,0.0,0.0,0.0,0.0
62038,53,17,52.0,111.0,52.0,52.0,52.0,0.0,111.0,111.0,111.0,0.0,30326.0,0.0,30326.0,30326.0,0.0,0.0,0.0,0.0,0.0,0.0,0.0,0.0,0.0,0.0,0,0,0,0,52.0,111.0,0,0,0,0,0,0,0,0,1.0,107.5,52.0,111.0,0,0,0,0,0,0,1,52,1,111,-1,-1,0,20,0.0,0.0,0.0,0.0,0.0,0.0,0.0,0.0
33118,443,6,308.0,143.0,228.0,0.0,39.75,75.1916,45.0,0.0,35.6,32.4063,497690.9,1430938.269,5050419.0,2.0,5438517.0,632569.14,1853504.281,5050155.0,3.0,144443.0,48787.75,45157.325,94684.0,2.0,0,0,0,0,0.0,228.0,0,0,0,1,0,0,0,0,0.0,32.8114,39.75,35.6,0,0,0,0,0,0,12,308,5,143,29200,118,3,32,117134.0,0.0,117139.0,117134.0,5050410.0,0.0,5050410.0,5050410.0
80,52061,6,6.0,6.0,6.0,6.0,6.0,0.0,6.0,6.0,6.0,0.0,95.0,0.0,95.0,95.0,0.0,0.0,0.0,0.0,0.0,0.0,0.0,0.0,0.0,0.0,0,0,0,0,6.0,6.0,0,0,0,0,1,1,0,0,1.0,9.0,6.0,6.0,0,0,0,0,0,0,1,6,1,6,11512,256,0,20,0.0,0.0,0.0,0.0,0.0,0.0,0.0,0.0
58560,80,6,640.0,219.0,646.0,0.0,136.5,287.0123,293.0,0.0,69.6667,109.2501,101399.42,123330.024,260738.0,57.0,205851.0,108987.0,149032.535,267932.0,205.0,203950.0,101980.0,120253.985,203735.0,2940.0,0,0,0,0,0.0,646.0,0,0,0,1,0,0,0,0,0.0,95.3333,136.5,69.6667,0,0,0,0,0,0,4,640,3,219,8192,110,3,20,0.0,0.0,0.0,0.0,0.0,0.0,0.0,0.0
55241,80,6,0.0,0.0,0.0,0.0,0.0,0.0,0.0,0.0,0.0,0.0,1850548.66,3172832.465,5447057.0,77.0,5569097.0,2784548.5,3837493.288,5447057.0,23556.0,0.0,0.0,0.0,0.0,0.0,0,0,0,0,0.0,0.0,0,0,0,1,0,0,0,0,0.0,0.0,0.0,0.0,0,0,0,0,0,0,3,0,1,0,29200,28960,0,32,0.0,0.0,0.0,0.0,0.0,0.0,0.0,0.0
64223,80,6,12.0,0.0,6.0,6.0,6.0,0.0,0.0,0.0,0.0,0.0,88.0,0.0,88.0,88.0,88.0,88.0,0.0,88.0,88.0,0.0,0.0,0.0,0.0,0.0,0,0,0,0,6.0,6.0,0,0,0,0,1,0,0,0,0.0,9.0,6.0,0.0,0,0,0,0,0,0,2,12,0,0,253,-1,1,20,0.0,0.0,0.0,0.0,0.0,0.0,0.0,0.0
443,31222,6,0.0,0.0,0.0,0.0,0.0,0.0,0.0,0.0,0.0,0.0,59.0,0.0,59.0,59.0,0.0,0.0,0.0,0.0,0.0,0.0,0.0,0.0,0.0,0.0,0,0,0,0,0.0,0.0,0,0,0,0,1,1,0,0,1.0,0.0,0.0,0.0,0,0,0,0,0,0,1,0,1,0,126,360,0,32,0.0,0.0,0.0,0.0,0.0,0.0,0.0,0.0
11189,53,17,82.0,176.0,41.0,41.0,41.0,0.0,88.0,88.0,88.0,0.0,45118.66,78639.73,135344.0,3.0,3.0,3.0,0.0,3.0,3.0,4.0,4.0,0.0,4.0,4.0,0,0,0,0,41.0,88.0,0,0,0,0,0,0,0,0,1.0,74.75,41.0,88.0,0,0,0,0,0,0,2,82,2,176,-1,-1,1,40,0.0,0.0,0.0,0.0,0.0,0.0,0.0,0.0
443,61504,6,37.0,6.0,37.0,0.0,18.5,26.163,6.0,6.0,6.0,0.0,105.5,55.771,149.0,48.0,211.0,211.0,0.0,211.0,211.0,0.0,0.0,0.0,0.0,0.0,1,0,0,0,0.0,37.0,0,1,0,0,1,0,0,0,0.0,26.6667,18.5,6.0,0,0,0,0,0,0,2,37,1,6,118,0,0,32,0.0,0.0,0.0,0.0,0.0,0.0,0.0,0.0
443,58110,6,31.0,0.0,31.0,0.0,15.5,21.9203,0.0,0.0,0.0,0.0,3.0,0.0,3.0,3.0,3.0,3.0,0.0,3.0,3.0,0.0,0.0,0.0,0.0,0.0,1,0,0,0,0.0,31.0,0,1,0,0,1,0,0,0,0.0,31.0,15.5,0.0,0,0,0,0,0,0,2,31,0,0,1006,-1,0,32,0.0,0.0,0.0,0.0,0.0,0.0,0.0,0.0
443,52137,6,37.0,0.0,31.0,6.0,18.5,17.6777,0.0,0.0,0.0,0.0,3.0,0.0,3.0,3.0,3.0,3.0,0.0,3.0,3.0,0.0,0.0,0.0,0.0,0.0,1,0,0,0,6.0,31.0,0,1,0,0,1,0,0,0,0.0,34.0,18.5,0.0,0,0,0,0,0,0,2,37,0,0,114,-1,1,20,0.0,0.0,0.0,0.0,0.0,0.0,0.0,0.0
61023,53,17,43.0,59.0,43.0,43.0,43.0,0.0,59.0,59.0,59.0,0.0,30340.0,0.0,30340.0,30340.0,0.0,0.0,0.0,0.0,0.0,0.0,0.0,0.0,0.0,0.0,0,0,0,0,43.0,59.0,0,0,0,0,0,0,0,0,1.0,72.5,43.0,59.0,0,0,0,0,0,0,1,43,1,59,-1,-1,0,32,0.0,0.0,0.0,0.0,0.0,0.0,0.0,0.0
50366,80,6,432.0,2278.0,426.0,0.0,144.0,244.2376,1460.0,2.0,455.6,659.5995,8944.92,14892.383,25841.0,5.0,25830.0,12915.0,12135.885,25393.0,2801.0,24292.0,8098.0,13550.75,25405.0,5.0,0,0,0,0,0.0,1460.0,0,0,0,1,0,0,0,0,1.0,338.7143,144.0,455.6,0,0,0,0,0,0,3,432,5,2278,8192,30016,2,20,0.0,0.0,0.0,0.0,0.0,0.0,0.0,0.0
60469,53,17,56.0,84.0,56.0,56.0,56.0,0.0,84.0,84.0,84.0,0.0,51249.0,0.0,51249.0,51249.0,0.0,0.0,0.0,0.0,0.0,0.0,0.0,0.0,0.0,0.0,0,0,0,0,56.0,84.0,0,0,0,0,0,0,0,0,1.0,98.0,56.0,84.0,0,0,0,0,0,0,1,56,1,84,-1,-1,0,20,0.0,0.0,0.0,0.0,0.0,0.0,0.0,0.0
55336,443,6,3862.0,5941.0,2232.0,0.0,263.6471,732.8669,1772.0,0.0,366.3333,659.7463,2231121.8,4166727.62,10001080.0,51.0,65843777.0,4641169.35,4976147.39,10056708.0,45716.0,65854658.0,4290990.22,5081940.801,10051728.0,219.0,0,0,0,0,0.0,2332.0,0,0,0,1,0,0,0,0,0.0,367.7256,263.6471,366.3333,0,0,0,0,0,0,19,3862,18,5941,8192,7176,18,20,211831.5,224511.505,365054.0,50342.0,9992590.33,29479.465,10001086.0,9790613.0
51129,443,6,1618.0,4702.0,1210.0,0.0,127.4286,390.3471,1418.0,0.0,283.5556,513.5346,2701099.48,4418230.745,10029963.0,4.0,61083469.0,5225548.25,5148913.298,10078008.0,121.0,61084053.0,5009108.55,5124794.732,10080765.0,49.0,0,0,0,0,0.0,1418.0,0,0,0,1,0,0,0,0,0.0,195.2796,127.4286,283.5556,0,0,0,0,0,0,14,1618,18,4702,29200,368,3,32,265750.83,338846.99,717722.0,187577.0,10010015.16,12799.717,10029991.0,9994472.0
443,55409,6,37.0,0.0,31.0,6.0,18.5,17.6777,0.0,0.0,0.0,0.0,3.0,0.0,3.0,3.0,3.0,3.0,0.0,3.0,3.0,0.0,0.0,0.0,0.0,0.0,1,0,0,0,6.0,31.0,0,1,0,0,1,0,0,0,0.0,34.0,18.5,0.0,0,0,0,0,0,0,2,37,0,0,16,-1,1,20,0.0,0.0,0.0,0.0,0.0,0.0,0.0,0.0
443,52770,6,31.0,6.0,31.0,0.0,15.5,21.9203,6.0,6.0,6.0,0.0,35.0,38.198,56.0,3.0,3.0,3.0,0.0,3.0,3.0,0.0,0.0,0.0,0.0,0.0,1,0,0,0,0.0,31.0,0,1,0,0,1,0,0,0,0.0,22.6667,15.5,6.0,0,0,0,0,0,0,2,31,1,6,1006,0,0,32,0.0,0.0,0.0,0.0,0.0,0.0,0.0,0.0
60825,53,17,46.0,333.0,46.0,46.0,46.0,0.0,333.0,333.0,333.0,0.0,148249.0,0.0,148249.0,148249.0,0.0,0.0,0.0,0.0,0.0,0.0,0.0,0.0,0.0,0.0,0,0,0,0,46.0,333.0,0,0,0,0,0,0,0,0,1.0,212.5,46.0,333.0,0,0,0,0,0,0,1,46,1,333,-1,-1,0,20,0.0,0.0,0.0,0.0,0.0,0.0,0.0,0.0
63522,53,17,68.0,182.0,34.0,34.0,34.0,0.0,91.0,91.0,91.0,0.0,13512.66,24763.658,40538.0,1.0,1.0,1.0,0.0,1.0,1.0,7.0,7.0,0.0,7.0,7.0,0,0,0,0,34.0,91.0,0,0,0,0,0,0,0,0,1.0,71.0,34.0,91.0,0,0,0,0,0,0,2,68,2,182,-1,-1,1,20,0.0,0.0,0.0,0.0,0.0,0.0,0.0,0.0
62216,53,17,49.0,161.0,49.0,49.0,49.0,0.0,161.0,161.0,161.0,0.0,30405.0,0.0,30405.0,30405.0,0.0,0.0,0.0,0.0,0.0,0.0,0.0,0.0,0.0,0.0,0,0,0,0,49.0,161.0,0,0,0,0,0,0,0,0,1.0,129.5,49.0,161.0,0,0,0,0,0,0,1,49,1,161,-1,-1,0,32,0.0,0.0,0.0,0.0,0.0,0.0,0.0,0.0
443,55199,6,6.0,6.0,6.0,6.0,6.0,0.0,6.0,6.0,6.0,0.0,3.0,0.0,3.0,3.0,0.0,0.0,0.0,0.0,0.0,0.0,0.0,0.0,0.0,0.0,0,0,0,0,6.0,6.0,0,0,0,0,1,0,0,0,1.0,9.0,6.0,6.0,0,0,0,0,0,0,1,6,1,6,351,32850,0,20,0.0,0.0,0.0,0.0,0.0,0.0,0.0,0.0
443,56220,6,0.0,0.0,0.0,0.0,0.0,0.0,0.0,0.0,0.0,0.0,16193.0,27030.696,32371.0,48.0,32293.0,32293.0,0.0,32293.0,32293.0,0.0,0.0,0.0,0.0,0.0,0,0,0,0,0.0,0.0,0,0,0,0,1,1,0,0,0.0,0.0,0.0,0.0,0,0,0,0,0,0,2,0,1,0,353,32832,0,32,0.0,0.0,0.0,0.0,0.0,0.0,0.0,0.0
443,40138,6,12.0,0.0,6.0,6.0,6.0,0.0,0.0,0.0,0.0,0.0,388.0,0.0,388.0,388.0,388.0,388.0,0.0,388.0,388.0,0.0,0.0,0.0,0.0,0.0,0,0,0,0,6.0,6.0,0,0,0,0,1,0,0,0,0.0,9.0,6.0,0.0,0,0,0,0,0,0,2,12,0,0,5758,-1,1,20,0.0,0.0,0.0,0.0,0.0,0.0,0.0,0.0
56649,53,17,168.0,288.0,42.0,42.0,42.0,0.0,144.0,144.0,144.0,0.0,12376.6,17947.468,31124.0,1.0,30159.0,10083.0,17976.09,30144.0,1.0,4.0,4.0,0.0,4.0,4.0,0,0,0,0,42.0,144.0,0,0,0,0,0,0,0,0,0.0,81.3333,42.0,144.0,0,0,0,0,0,0,4,168,2,288,-1,-1,3,20,0.0,0.0,0.0,0.0,0.0,0.0,0.0,0.0
39000,80,6,2.0,0.0,6.0,0.0,4.0,3.4641,0.0,0.0,0.0,0.0,1811099.33,3247347.714,5623559.0,59.0,5653287.0,2826143.5,3965276.423,5623559.0,15694.0,0.0,0.0,0.0,0.0,0.0,0,0,0,0,0.0,6.0,0,0,0,1,0,0,0,0,0.0,3.0,4.0,0.0,0,0,0,0,0,0,3,2,1,0,29200,26883,2,20,0.0,0.0,0.0,0.0,0.0,0.0,0.0,0.0
54293,443,6,12.0,0.0,6.0,6.0,6.0,0.0,0.0,0.0,0.0,0.0,1.0,0.0,1.0,1.0,1.0,1.0,0.0,1.0,1.0,0.0,0.0,0.0,0.0,0.0,0,0,0,0,6.0,6.0,1,0,0,0,0,0,0,0,0.0,9.0,6.0,0.0,0,0,0,0,0,0,2,12,0,0,0,-1,1,20,0.0,0.0,0.0,0.0,0.0,0.0,0.0,0.0
57455,443,6,955.0,10803.0,681.0,0.0,53.4545,156.55,2089.0,0.0,808.0545,952.8119,2575848.0,4357515.985,10024173.0,24.0,116123055.0,5015501.47,5019964.904,10048019.0,49.0,110623206.0,5521085.23,5100526.329,10048128.0,1048.0,0,0,0,0,0.0,2089.0,0,0,0,1,0,0,0,0,0.0,399.725,53.4545,808.0545,0,0,0,0,0,0,22,955,22,10803,29200,120,4,32,40325.08,11973.81,84189.0,22353.0,10007519.63,8062.956,10024176.0,9997452.0
61584,53,17,53.0,59.0,53.0,53.0,53.0,0.0,59.0,59.0,59.0,0.0,50899.0,0.0,50899.0,50899.0,0.0,0.0,0.0,0.0,0.0,0.0,0.0,0.0,0.0,0.0,0,0,0,0,53.0,59.0,0,0,0,0,0,0,0,0,1.0,82.5,53.0,59.0,0,0,0,0,0,0,1,53,1,59,-1,-1,0,32,0.0,0.0,0.0,0.0,0.0,0.0,0.0,0.0
54197,443,6,490.0,673.0,330.0,0.0,81.6667,136.1142,357.0,0.0,84.125,127.1798,29073.25,48974.236,119604.0,1.0,437021.0,65476.2,43393.844,119482.0,23389.0,415879.0,57124.85,99471.044,214139.0,1.0,0,0,0,0,0.0,357.0,0,0,0,1,0,0,0,0,1.0,83.4308,81.6667,84.125,0,0,0,0,0,0,6,490,8,673,65535,114,3,32,0.0,0.0,0.0,0.0,0.0,0.0,0.0,0.0
59327,53,17,86.0,194.0,43.0,43.0,43.0,0.0,97.0,97.0,97.0,0.0,15961.0,27696.359,47876.0,3.0,3.0,3.0,0.0,3.0,3.0,4.0,4.0,0.0,4.0,4.0,0,0,0,0,43.0,97.0,0,0,0,0,0,0,0,0,1.0,80.75,43.0,97.0,0,0,0,0,0,0,2,86,2,194,-1,-1,1,20,0.0,0.0,0.0,0.0,0.0,0.0,0.0,0.0
19978,53,17,140.0,252.0,35.0,35.0,35.0,0.0,126.0,126.0,126.0,0.0,27470.4,41541.312,142019.0,1.0,32028.0,10676.66,18346.576,32019.0,1.0,4.0,4.0,0.0,4.0,4.0,0,0,0,0,35.0,126.0,0,0,0,0,0,0,0,0,0.0,61.1667,35.0,126.0,0,0,0,0,0,0,4,140,2,252,-1,-1,3,20,0.0,0.0,0.0,0.0,0.0,0.0,0.0,0.0
55487,443,6,0.0,18.0,0.0,0.0,0.0,0.0,6.0,6.0,6.0,0.0,244047.4,150872.656,505212.0,284921.0,1136124.0,568062.0,4560.792,553211.0,561229.0,1117339.0,533764.5,1919.846,1575334.0,533901.0,0,0,0,0,0.0,6.0,0,0,0,1,0,0,0,0,1.0,3.0,0.0,6.0,0,0,0,0,0,0,3,0,3,18,8192,5000,0,28,0.0,0.0,0.0,0.0,0.0,0.0,0.0,0.0
55156,443,6,12.0,0.0,6.0,6.0,6.0,0.0,0.0,0.0,0.0,0.0,118.0,0.0,118.0,118.0,118.0,118.0,0.0,118.0,118.0,0.0,0.0,0.0,0.0,0.0,0,0,0,0,6.0,6.0,0,0,0,0,1,0,0,0,0.0,9.0,6.0,0.0,0,0,0,0,0,0,2,12,0,0,16269,-1,1,20,0.0,0.0,0.0,0.0,0.0,0.0,0.0,0.0
61418,443,6,74.0,0.0,37.0,37.0,37.0,0.0,0.0,0.0,0.0,0.0,2001641.0,0.0,2001641.0,2001641.0,2001641.0,2001641.0,0.0,2001641.0,2001641.0,0.0,0.0,0.0,0.0,0.0,1,0,0,0,37.0,37.0,0,1,0,0,1,1,0,0,0.0,55.5,37.0,0.0,0,0,0,0,0,0,2,74,0,0,33304,-1,1,32,0.0,0.0,0.0,0.0,0.0,0.0,0.0,0.0
59141,53,17,136.0,230.0,34.0,34.0,34.0,0.0,115.0,115.0,115.0,0.0,9549.4,14082.412,31967.0,3.0,31925.0,10308.66,18092.892,31927.0,4.0,4.0,4.0,0.0,4.0,4.0,0,0,0,0,34.0,115.0,0,0,0,0,0,0,0,0,0.0,61.0,34.0,115.0,0,0,0,0,0,0,4,136,2,230,-1,-1,3,32,0.0,0.0,0.0,0.0,0.0,0.0,0.0,0.0
443,3742,6,43.0,0.0,31.0,6.0,14.3333,14.4338,0.0,0.0,0.0,0.0,165.5,259.265,373.0,3.0,331.0,165.5,219.651,373.0,3.0,0.0,0.0,0.0,0.0,0.0,0,0,0,0,6.0,31.0,0,0,0,0,1,0,0,0,0.0,16.3333,14.3333,0.0,0,0,0,0,0,0,3,43,0,0,62,-1,2,20,0.0,0.0,0.0,0.0,0.0,0.0,0.0,0.0
443,51270,6,12.0,0.0,6.0,6.0,6.0,0.0,0.0,0.0,0.0,0.0,264.0,0.0,264.0,264.0,264.0,264.0,0.0,264.0,264.0,0.0,0.0,0.0,0.0,0.0,0,0,0,0,6.0,6.0,0,0,0,0,1,0,0,0,0.0,9.0,6.0,0.0,0,0,0,0,0,0,2,12,0,0,40127,-1,1,20,0.0,0.0,0.0,0.0,0.0,0.0,0.0,0.0
31957,80,6,0.0,0.0,0.0,0.0,0.0,0.0,0.0,0.0,0.0,0.0,23165.0,0.0,23165.0,23165.0,0.0,0.0,0.0,0.0,0.0,0.0,0.0,0.0,0.0,0.0,0,0,0,0,0.0,0.0,0,0,0,0,1,1,0,0,1.0,0.0,0.0,0.0,0,0,0,0,0,0,1,0,1,0,237,939,0,32,0.0,0.0,0.0,0.0,0.0,0.0,0.0,0.0
60515,53,17,47.0,125.0,47.0,47.0,47.0,0.0,125.0,125.0,125.0,0.0,61411.0,0.0,61411.0,61411.0,0.0,0.0,0.0,0.0,0.0,0.0,0.0,0.0,0.0,0.0,0,0,0,0,47.0,125.0,0,0,0,0,0,0,0,0,1.0,109.5,47.0,125.0,0,0,0,0,0,0,1,47,1,125,-1,-1,0,32,0.0,0.0,0.0,0.0,0.0,0.0,0.0,0.0
44042,443,6,500.0,2777.0,194.0,0.0,56.1111,71.6391,1430.0,0.0,479.125,606.6586,8212.38,13896.716,46387.0,1.0,139061.0,13320.37,17325.503,41400.0,12.0,70023.0,15002.71,20322.288,43710.0,1.0,0,0,0,0,0.0,1430.0,0,0,0,1,0,0,0,0,0.0,216.0625,56.1111,479.125,0,0,0,0,0,0,9,500,8,2777,29200,343,8,20,0.0,0.0,0.0,0.0,0.0,0.0,0.0,0.0
60940,53,17,44.0,121.0,44.0,44.0,44.0,0.0,121.0,121.0,121.0,0.0,30921.0,0.0,30921.0,30921.0,0.0,0.0,0.0,0.0,0.0,0.0,0.0,0.0,0.0,0.0,0,0,0,0,44.0,121.0,0,0,0,0,0,0,0,0,1.0,104.5,44.0,121.0,0,0,0,0,0,0,1,44,1,121,-1,-1,0,20,0.0,0.0,0.0,0.0,0.0,0.0,0.0,0.0
5676,53,17,64.0,158.0,32.0,32.0,32.0,0.0,79.0,79.0,79.0,0.0,84.0,142.567,244.0,1.0,1.0,1.0,0.0,1.0,1.0,1.0,1.0,0.0,1.0,1.0,0,0,0,0,32.0,79.0,0,0,0,0,0,0,0,0,1.0,63.5,32.0,79.0,0,0,0,0,0,0,2,64,2,158,-1,-1,1,32,0.0,0.0,0.0,0.0,0.0,0.0,0.0,0.0
443,56637,6,43.0,6.0,31.0,6.0,14.3333,14.4338,6.0,6.0,6.0,0.0,96.33,123.423,185.0,1.0,180.0,90.0,179.209,187.0,1.0,0.0,0.0,0.0,0.0,0.0,0,0,0,0,6.0,31.0,0,0,0,0,1,0,0,0,0.0,13.75,14.3333,6.0,0,0,0,0,0,0,3,43,1,6,1509,0,2,20,0.0,0.0,0.0,0.0,0.0,0.0,0.0,0.0
50527,53,17,94.0,350.0,47.0,47.0,47.0,0.0,175.0,175.0,175.0,0.0,69.33,110.181,207.0,3.0,3.0,3.0,0.0,3.0,3.0,3.0,3.0,0.0,3.0,3.0,0,0,0,0,47.0,175.0,0,0,0,0,0,0,0,0,1.0,122.75,47.0,175.0,0,0,0,0,0,0,2,94,2,350,-1,-1,1,32,0.0,0.0,0.0,0.0,0.0,0.0,0.0,0.0
55203,443,6,853.0,15776.0,517.0,0.0,74.9167,169.3381,2920.0,0.0,1179.4286,1098.1012,381685.75,1798017.399,8844071.0,15.0,1292926.0,176139.16,125465.115,697395.0,221.0,11177890.0,599409.37,2087018.583,8881014.0,50.0,0,0,0,0,0.0,2920.0,0,0,0,1,0,0,0,0,1.0,715.2116,74.9167,1179.4286,0,0,0,0,0,0,12,853,14,15776,8192,31,11,20,0.0,0.0,0.0,0.0,0.0,0.0,0.0,0.0
57392,53,17,64.0,96.0,32.0,32.0,32.0,0.0,48.0,48.0,48.0,0.0,47.0,77.274,135.0,3.0,3.0,3.0,0.0,3.0,3.0,3.0,3.0,0.0,3.0,3.0,0,0,0,0,32.0,48.0,0,0,0,0,0,0,0,0,1.0,48.0,32.0,48.0,0,0,0,0,0,0,2,64,2,96,-1,-1,1,20,0.0,0.0,0.0,0.0,0.0,0.0,0.0,0.0
40806,443,6,1068.0,1119.0,517.0,0.0,132.8,236.333,601.0,0.0,166.5,296.0284,7042.7,11054.549,27340.0,36.0,50750.0,11037.55,13856.435,27162.0,48.0,65324.0,16134.8,18366.0,37474.0,329.0,0,0,0,0,0.0,601.0,0,0,0,1,0,0,0,0,0.0,141.1118,132.8,166.5,0,0,0,0,0,0,10,1068,6,1119,29200,68,5,32,0.0,0.0,0.0,0.0,0.0,0.0,0.0,0.0
80,55263,6,3314.0,6.0,2920.0,0.0,1285.1818,861.9214,6.0,0.0,3.0,3.2441,9807.86,15111.923,29647.0,78.0,28653.0,4431.75,18613.029,29660.0,238.0,21883.0,10116.0,15718.992,20970.0,3032.0,0,0,0,0,0.0,2920.0,0,0,0,1,0,0,0,0,0.0,940.7556,1285.1818,3.0,0,0,0,0,0,0,9,3314,5,6,8192,0,6,20,0.0,0.0,0.0,0.0,0.0,0.0,0.0,0.0
60295,53,17,110.0,207.0,55.0,55.0,55.0,0.0,101.0,101.0,101.5,3.234,8730999.66,13155436.694,25215999.0,90.0,25215799.0,25215799.0,0.0,25215799.0,25215799.0,25216551.0,26216551.0,0.0,25216551.0,25216551.0,0,0,0,0,55.0,101.0,0,0,0,0,0,0,0,0,1.0,97.75,55.0,101.5,0,0,0,0,0,0,2,110,2,207,-1,-1,1,20,91338.0,0.0,91338.0,91338.0,25215987.0,0.0,25215997.0,25215987.0
60778,443,6,896.0,1471.0,645.0,0.0,89.6,201.1032,1333.0,0.0,294.2,583.7732,20255.85,36888.281,87059.0,3.0,287722.0,31536.44,43816.271,91621.0,42.0,181874.0,47872.0,49253.263,88897.0,489.0,0,0,0,0,0.0,1333.0,0,0,0,1,0,0,0,0,0.0,157.8,89.6,294.2,0,0,0,0,0,0,10,896,5,1471,65535,115,5,32,0.0,0.0,0.0,0.0,0.0,0.0,0.0,0.0
49802,53,17,92.0,284.0,46.0,46.0,46.0,0.0,142.0,142.0,142.0,0.0,52.66,82.933,149.0,3.0,3.0,3.0,0.0,3.0,3.0,3.0,3.0,0.0,3.0,3.0,0,0,0,0,46.0,142.0,0,0,0,0,0,0,0,0,1.0,105.5,46.0,142.0,0,0,0,0,0,0,2,92,2,284,-1,-1,1,32,0.0,0.0,0.0,0.0,0.0,0.0,0.0,0.0
51721,53,17,104.0,220.0,52.0,52.0,52.0,0.0,110.0,110.0,110.0,0.0,51.0,88.891,156.0,3.0,3.0,3.0,0.0,3.0,3.0,3.0,3.0,0.0,3.0,3.0,0,0,0,0,52.0,110.0,0,0,0,0,0,0,0,0,1.0,94.0,52.0,110.0,0,0,0,0,0,0,2,104,2,220,-1,-1,1,20,0.0,0.0,0.0,0.0,0.0,0.0,0.0,0.0
58791,53,17,70.0,278.0,35.0,35.0,35.0,0.0,139.0,139.0,139.0,0.0,43867.33,75924.966,121592.0,4.0,49.0,49.0,0.0,49.0,49.0,4.0,4.0,0.0,4.0,4.0,0,0,0,0,35.0,139.0,0,0,0,0,0,0,0,0,1.0,95.75,35.0,139.0,0,0,0,0,0,0,2,70,2,278,-1,-1,1,20,0.0,0.0,0.0,0.0,0.0,0.0,0.0,0.0
51148,443,6,759.0,9623.0,405.0,0.0,34.25,86.0115,1448.0,0.0,445.5824,656.4781,2545846.7,4299768.22,10216021.0,20.0,115652859.0,4494481.26,5143377.713,10240023.0,79.0,112869183.0,5382908.26,5147067.178,10240227.0,48.0,0,0,0,0,0.0,1448.0,0,0,0,1,0,0,0,0,0.0,221.1632,34.25,445.5824,0,0,0,0,0,0,20,759,22,9623,29200,972,4,32,33232.27,47358.114,186646.0,23210.0,10195074.72,57821.37,10216024.0,10002224.0
57630,443,6,822.0,3942.0,459.0,0.0,107.5,150.4953,1460.0,0.0,430.25,583.46,196720.65,470893.151,1800743.0,3.0,2242614.0,214453.57,390723.243,1800745.0,1323.0,288030.0,44238.0,91034.008,115127.0,3.0,0,0,0,0,0.0,1460.0,0,0,0,1,0,0,0,0,1.0,300.4286,107.5,430.25,0,0,0,0,0,0,8,822,8,3942,8192,14,7,20,0.0,0.0,0.0,0.0,0.0,0.0,0.0,0.0
56027,443,6,0.0,0.0,0.0,0.0,0.0,0.0,0.0,0.0,0.0,0.0,3.0,0.0,3.0,3.0,3.0,3.0,0.0,3.0,3.0,0.0,0.0,0.0,0.0,0.0,0,0,0,0,0.0,0.0,0,0,0,0,1,1,0,0,0.0,0.0,0.0,0.0,0,0,0,0,0,0,2,0,0,0,32832,-1,0,32,0.0,0.0,0.0,0.0,0.0,0.0,0.0,0.0
7075,443,6,745.0,8073.0,323.0,6.0,94.75,135.9895,2843.0,6.0,613.0833,951.2853,3567580.81,11113474.828,44988886.0,3.0,90186514.0,10027914.57,14842226.977,45089456.0,158.0,90173607.0,7743402.9,17220826.243,45039710.0,3.0,1,0,0,0,6.0,2843.0,0,1,0,0,1,0,0,0,1.0,412.2635,94.75,613.0833,0,0,0,0,0,0,8,745,12,8073,256,255,7,20,96168.5,165092.683,119951.0,22385.0,49925580.0,4634.366,44988881.0,44921191.0
57058,80,6,12.0,0.0,6.0,6.0,6.0,0.0,0.0,0.0,0.0,0.0,84.0,0.0,84.0,84.0,84.0,84.0,0.0,84.0,84.0,0.0,0.0,0.0,0.0,0.0,0,0,0,0,6.0,6.0,0,0,0,0,1,0,0,0,0.0,9.0,6.0,0.0,0,0,0,0,0,0,2,12,0,0,256,-1,1,20,0.0,0.0,0.0,0.0,0.0,0.0,0.0,0.0
4094,80,6,452.0,816.0,440.0,0.0,118.6667,220.1241,804.0,2.0,208.0,428.7544,7063.75,11976.182,23989.0,3.0,29623.0,14811.5,16077.305,24523.0,40.0,24878.0,8292.33,13925.477,23628.0,3.0,0,0,0,0,0.0,804.0,0,0,0,1,0,0,0,0,1.0,168.7143,118.6667,208.0,0,0,0,0,0,0,3,452,4,816,8192,64240,2,20,0.0,0.0,0.0,0.0,0.0,0.0,0.0,0.0
51228,443,6,12.0,0.0,6.0,6.0,6.0,0.0,0.0,0.0,0.0,0.0,4.0,0.0,4.0,4.0,4.0,4.0,0.0,4.0,4.0,0.0,0.0,0.0,0.0,0.0,0,0,0,0,6.0,6.0,1,0,0,0,0,0,0,0,0.0,9.0,6.0,0.0,0,0,0,0,0,0,2,12,0,0,0,-1,1,20,0.0,0.0,0.0,0.0,0.0,0.0,0.0,0.0
61895,53,17,56.0,84.0,56.0,56.0,56.0,0.0,84.0,84.0,84.0,0.0,108282.0,0.0,108282.0,108282.0,0.0,0.0,0.0,0.0,0.0,0.0,0.0,0.0,0.0,0.0,0,0,0,0,56.0,84.0,0,0,0,0,0,0,0,0,1.0,98.0,56.0,84.0,0,0,0,0,0,0,1,56,1,84,-1,-1,0,32,0.0,0.0,0.0,0.0,0.0,0.0,0.0,0.0
56673,443,6,3424.0,25132.0,1948.0,0.0,148.6091,391.8089,2387.0,0.0,899.3512,861.3345,1854653.93,3854771.707,10038450.0,2.0,116454029.0,3486140.69,4840179.664,10072840.0,2.0,110766610.0,3956048.32,4971813.16,10084027.0,2.0,0,0,0,0,0.0,2387.0,0,0,0,1,0,0,0,0,1.0,472.2535,148.6091,899.3512,0,0,0,0,0,0,32,3424,42,25132,29200,8428,5,32,72237.81,153055.135,663937.0,21965.0,10021043.63,4718.77,10038459.0,9999184.0
443,58816,6,0.0,0.0,0.0,0.0,0.0,0.0,0.0,0.0,0.0,0.0,60.0,0.0,60.0,60.0,0.0,0.0,0.0,0.0,0.0,0.0,0.0,0.0,0.0,0.0,0,0,0,0,0.0,0.0,0,0,0,0,1,1,0,0,1.0,0.0,0.0,0.0,0,0,0,0,0,0,1,0,1,0,362,32832,0,32,0.0,0.0,0.0,0.0,0.0,0.0,0.0,0.0
49487,443,6,12.0,0.0,6.0,6.0,6.0,0.0,0.0,0.0,0.0,0.0,3.0,0.0,3.0,3.0,3.0,3.0,0.0,3.0,3.0,0.0,0.0,0.0,0.0,0.0,0,0,0,0,6.0,6.0,1,0,0,0,0,0,0,0,0.0,9.0,6.0,0.0,0,0,0,0,0,0,2,12,0,0,0,-1,1,20,0.0,0.0,0.0,0.0,0.0,0.0,0.0,0.0
50582,53,17,66.0,140.0,33.0,33.0,33.0,0.0,70.0,70.0,70.0,0.0,53.66,80.251,154.0,3.0,3.0,3.0,0.0,3.0,3.0,3.0,3.0,0.0,3.0,3.0,0,0,0,0,33.0,70.0,0,0,0,0,0,0,0,0,1.0,59.75,33.0,70.0,0,0,0,0,0,0,2,66,2,140,-1,-1,1,32,0.0,0.0,0.0,0.0,0.0,0.0,0.0,0.0
56550,443,6,1820.0,861.0,1478.0,0.0,166.7778,406.1344,622.0,0.0,110.5714,203.1307,17531.16,27362.03,89135.0,3.0,275374.0,24737.6,25357.085,88605.0,3.0,183883.0,30975.16,30810.159,80364.0,3.0,0,0,0,0,0.0,1478.0,0,0,0,1,0,0,0,0,0.0,153.6695,166.7778,110.5714,0,0,0,0,0,0,11,1820,7,861,65535,70,6,32,0.0,0.0,0.0,0.0,0.0,0.0,0.0,0.0
53076,443,6,892.0,4581.0,373.0,0.0,65.5714,126.1233,1458.0,0.0,565.6364,682.999,35444.23,74451.849,258681.0,1.0,694186.0,58567.3,96580.665,258681.0,1.0,556436.0,60887.62,125071.94,288149.0,3.0,0,0,0,0,0.0,1458.0,0,0,0,1,0,0,0,0,0.0,258.9238,65.5774,565.6364,0,0,0,0,0,0,14,892,9,4581,65535,972,6,32,0.0,0.0,0.0,0.0,0.0,0.0,0.0,0.0
44447,80,6,435.0,2296.0,435.0,0.0,145.0,245.9695,2296.0,0.0,579.0,1131.0,15691.75,24882.059,44732.0,4.0,65795.0,32897.5,29554.367,44732.0,23217.0,54033.0,24014.5,30659.153,64190.0,4.0,0,0,0,0,0.0,2296.0,0,0,0,1,0,0,0,0,1.0,386.1429,145.0,579.0,0,0,0,0,0,0,3,435,3,2296,29200,235,1,32,0.0,0.0,0.0,0.0,0.0,0.0,0.0,0.0
63135,443,6,74.0,0.0,37.0,37.0,37.0,0.0,0.0,0.0,0.0,0.0,64064623.0,0.0,64064623.0,64064623.0,64064623.0,64064623.0,0.0,64064623.0,64064623.0,0.0,0.0,0.0,0.0,0.0,1,0,0,0,37.0,37.0,0,1,0,0,1,1,0,0,0.0,55.5,37.0,0.0,0,0,0,0,0,0,2,74,0,0,65535,-1,1,20,0.0,0.0,0.0,0.0,0.0,0.0,0.0,0.0
443,50762,6,12.0,0.0,6.0,6.0,6.0,0.0,0.0,0.0,0.0,0.0,4.0,0.0,4.0,4.0,4.0,4.0,0.0,4.0,4.0,0.0,0.0,0.0,0.0,0.0,0,0,0,0,6.0,6.0,0,0,0,0,1,0,0,0,0.0,9.0,6.0,0.0,0,0,0,0,0,0,2,12,0,0,177,-1,1,20,0.0,0.0,0.0,0.0,0.0,0.0,0.0,0.0
80,66740,6,6.0,6.0,6.0,6.0,6.0,0.0,6.0,6.0,6.0,0.0,46.0,0.0,46.0,46.0,0.0,0.0,0.0,0.0,0.0,0.0,0.0,0.0,0.0,0.0,0,0,0,0,6.0,6.0,0,0,0,0,1,1,0,0,1.0,9.0,6.0,6.0,0,0,0,0,0,0,1,6,1,6,115,258,0,20,0.0,0.0,0.0,0.0,0.0,0.0,0.0,0.0
9147,53,17,104.0,220.0,52.0,52.0,52.0,0.0,110.0,110.0,110.0,0.0,54.0,82.673,155.0,1.0,1.0,1.0,0.0,1.0,1.0,1.0,1.0,0.0,1.0,1.0,0,0,0,0,52.0,110.0,0,0,0,0,0,0,0,0,1.0,94.0,52.0,110.0,0,0,0,0,0,0,2,104,2,220,-1,-1,1,32,0.0,0.0,0.0,0.0,0.0,0.0,0.0,0.0
64927,53,17,66.0,178.0,33.0,33.0,33.0,0.0,89.0,89.0,89.0,0.0,48.33,70.613,138.0,3.0,3.0,3.0,0.0,3.0,3.0,3.0,3.0,0.0,3.0,3.0,0,0,0,0,33.0,89.0,0,0,0,0,0,0,0,0,1.0,69.25,33.0,89.0,0,0,0,0,0,0,2,66,2,178,-1,-1,1,32,0.0,0.0,0.0,0.0,0.0,0.0,0.0,0.0
443,7032,6,12.0,0.0,6.0,6.0,6.0,0.0,0.0,0.0,0.0,0.0,4.0,0.0,4.0,4.0,4.0,4.0,0.0,4.0,4.0,0.0,0.0,0.0,0.0,0.0,0,0,0,0,6.0,6.0,0,0,0,0,1,0,0,0,0.0,9.0,6.0,0.0,0,0,0,0,0,0,2,12,0,0,6398,-1,1,20,0.0,0.0,0.0,0.0,0.0,0.0,0.0,0.0
53274,53,17,78.0,120.0,39.0,39.0,39.0,0.0,60.0,60.0,60.0,0.0,54.33,86.302,157.0,3.0,3.0,3.0,0.0,3.0,3.0,4.0,4.0,0.0,4.0,4.0,0,0,0,0,39.0,60.0,0,0,0,0,0,0,0,0,1.0,59.25,39.0,60.0,0,0,0,0,0,0,2,78,2,120,-1,-1,1,32,0.0,0.0,0.0,0.0,0.0,0.0,0.0,0.0
55412,443,6,720.0,1151.0,469.0,0.0,72.0,147.7084,1013.0,0.0,191.8333,406.0573,26631.2,48078.126,139982.0,48.0,457172.0,45932.44,86417.659,209774.0,48.0,315777.0,66376.4,59039.069,148483.0,321.0,0,0,0,0,0.0,1013.0,0,0,0,1,0,0,0,0,0.0,116.9375,72.0,191.8333,0,0,0,0,0,0,10,720,6,1151,65535,114,5,32,0.0,0.0,0.0,0.0,0.0,0.0,0.0,0.0
62444,53,17,45.0,61.0,45.0,45.0,45.0,0.0,61.0,61.0,61.0,0.0,122695.0,0.0,122695.0,122695.0,0.0,0.0,0.0,0.0,0.0,0.0,0.0,0.0,0.0,0.0,0,0,0,0,45.0,61.0,0,0,0,0,0,0,0,0,1.0,75.5,45.0,61.0,0,0,0,0,0,0,1,45,1,61,-1,-1,0,32,0.0,0.0,0.0,0.0,0.0,0.0,0.0,0.0
443,58424,6,37.0,0.0,37.0,0.0,18.5,26.163,0.0,0.0,0.0,0.0,4.0,0.0,4.0,4.0,4.0,4.0,0.0,4.0,4.0,0.0,0.0,0.0,0.0,0.0,1,0,0,0,0.0,37.0,0,1,0,0,1,0,0,0,0.0,37.0,18.5,0.0,0,0,0,0,0,0,2,37,0,0,972,-1,0,32,0.0,0.0,0.0,0.0,0.0,0.0,0.0,0.0
60608,53,17,86.0,194.0,43.0,33.0,43.0,9.8995,98.0,91.0,97.0,5.7585,27783700.33,48699911.444,81475147.0,30467.0,81438701.0,81438701.0,0.0,81438701.0,81438701.0,81405396.0,81405396.0,0.0,81405396.0,81405396.0,0,0,0,0,33.0,98.0,0,0,0,0,0,0,0,0,1.0,71.25,43.0,97.0,0,0,0,0,0,0,2,86,2,194,-1,-1,1,20,48180.0,0.0,48180.0,48180.0,81475102.0,0.0,81475102.0,81475102.0
62191,53,17,44.0,136.0,44.0,44.0,44.0,0.0,136.0,136.0,136.0,0.0,30642.0,0.0,30642.0,30642.0,0.0,0.0,0.0,0.0,0.0,0.0,0.0,0.0,0.0,0.0,0,0,0,0,44.0,136.0,0,0,0,0,0,0,0,0,1.0,112.0,44.0,136.0,0,0,0,0,0,0,1,44,1,136,-1,-1,0,32,0.0,0.0,0.0,0.0,0.0,0.0,0.0,0.0
443,50739,6,12.0,0.0,6.0,6.0,6.0,0.0,0.0,0.0,0.0,0.0,3.0,0.0,3.0,3.0,3.0,3.0,0.0,3.0,3.0,0.0,0.0,0.0,0.0,0.0,0,0,0,0,6.0,6.0,0,0,0,0,1,0,0,0,0.0,9.0,6.0,0.0,0,0,0,0,0,0,2,12,0,0,31,-1,1,20,0.0,0.0,0.0,0.0,0.0,0.0,0.0,0.0
80,64400,6,6.0,6.0,6.0,6.0,6.0,0.0,6.0,6.0,6.0,0.0,59.0,0.0,59.0,59.0,0.0,0.0,0.0,0.0,0.0,0.0,0.0,0.0,0.0,0.0,0,0,0,0,6.0,6.0,0,0,0,0,1,1,0,0,1.0,9.0,6.0,6.0,0,0,0,0,0,0,1,6,1,6,512,255,0,20,0.0,0.0,0.0,0.0,0.0,0.0,0.0,0.0
19016,53,17,82.0,230.0,41.0,41.0,41.0,0.0,115.0,115.0,115.0,0.0,60.66,90.144,175.0,3.0,3.0,3.0,0.0,3.0,3.0,4.0,4.0,0.0,4.0,4.0,0,0,0,0,41.0,115.0,0,0,0,0,0,0,0,0,1.0,88.25,41.0,115.0,0,0,0,0,0,0,2,82,2,230,-1,-1,1,40,0.0,0.0,0.0,0.0,0.0,0.0,0.0,0.0
53523,443,6,3267.0,675.0,565.0,0.0,287.8333,323.0971,219.0,0.0,58.5714,86.1134,106540.66,246788.099,1400685.0,1.0,1406859.0,173507.27,349849.689,1460875.0,168.0,1422359.0,137027.9,454045.418,1412286.0,1.0,0,0,0,0,0.0,565.0,0,0,0,1,0,0,0,0,1.0,197.65,287.8333,58.5714,0,0,0,0,0,0,12,3267,14,675,29200,145,7,32,0.0,0.0,0.0,0.0,0.0,0.0,0.0,0.0
47407,443,6,550.0,4000.0,197.0,0.0,58.75,81.1147,1418.0,0.0,600.0,678.09,8991.66,14650.431,33657.0,1.0,133280.0,12391.66,16791.581,33999.0,1.0,80836.0,15125.5,14451.442,46034.0,1.0,0,0,0,0,0.0,1418.0,0,0,0,1,0,0,0,0,0.0,267.6822,58.75,600.0,0,0,0,0,0,0,8,550,8,4000,29200,340,4,32,0.0,0.0,0.0,0.0,0.0,0.0,0.0,0.0
52771,53,17,78.0,218.0,39.0,39.0,39.0,0.0,109.0,109.0,109.0,0.0,29454.66,50216.853,88358.0,3.0,3.0,3.0,0.0,3.0,3.0,3.0,3.0,0.0,3.0,3.0,0,0,0,0,39.0,109.0,0,0,0,0,0,0,0,0,1.0,83.75,39.0,109.0,0,0,0,0,0,0,2,78,2,218,-1,-1,1,20,0.0,0.0,0.0,0.0,0.0,0.0,0.0,0.0
60509,443,6,830.0,1571.0,585.0,0.0,83.3333,182.9971,1333.0,0.0,294.2,583.7739,11642.87,20339.692,50292.0,4.0,164524.0,16632.12,26339.787,53466.0,4.0,109000.0,26000.5,21138.468,51454.0,499.0,0,0,0,0,0.0,1333.0,0,0,0,1,0,0,0,0,0.0,157.1375,83.3333,294.2,0,0,0,0,0,0,12,830,5,1571,65535,114,5,32,0.0,0.0,0.0,0.0,0.0,0.0,0.0,0.0
51564,443,6,848.0,11323.0,597.0,0.0,53.3636,159.3994,1997.0,0.0,924.3478,860.0684,4068.0,9421.822,25362.0,3.0,113667.0,9167.57,16362.737,22997.0,3.0,92897.0,4365.27,14883.021,25161.0,50.0,0,0,0,0,0.0,1997.0,0,0,0,1,0,0,0,0,0.0,490.2123,53.3636,924.3478,0,0,0,0,0,0,12,848,13,11323,65535,86,6,32,0.0,0.0,0.0,0.0,0.0,0.0,0.0,0.0
55434,53,17,78.0,152.0,39.0,39.0,39.0,0.0,76.0,76.0,76.0,0.0,7929.33,13704.383,23782.0,3.0,3.0,3.0,0.0,3.0,3.0,4.0,4.0,0.0,4.0,4.0,0,0,0,0,39.0,76.0,0,0,0,0,0,0,0,0,1.0,67.25,39.0,76.0,0,0,0,0,0,0,2,78,2,152,-1,-1,1,32,0.0,0.0,0.0,0.0,0.0,0.0,0.0,0.0
58050,80,6,6.0,6.0,6.0,6.0,6.0,0.0,6.0,6.0,6.0,0.0,24640.0,0.0,24640.0,24640.0,0.0,0.0,0.0,0.0,0.0,0.0,0.0,0.0,0.0,0.0,0,0,0,0,6.0,6.0,0,0,0,0,1,1,0,0,1.0,9.0,6.0,6.0,0,0,0,0,0,0,1,6,1,6,256,34,0,20,0.0,0.0,0.0,0.0,0.0,0.0,0.0,0.0
60796,53,17,54.0,108.0,54.0,54.0,54.0,0.0,108.0,108.0,108.0,0.0,78383.0,0.0,78383.0,78383.0,0.0,0.0,0.0,0.0,0.0,0.0,0.0,0.0,0.0,0.0,0,0,0,0,54.0,108.0,0,0,0,0,0,0,0,0,1.0,108.0,54.0,108.0,0,0,0,0,0,0,1,54,1,108,-1,-1,0,20,0.0,0.0,0.0,0.0,0.0,0.0,0.0,0.0
60509,53,17,72.0,328.0,36.0,36.0,36.0,0.0,164.0,164.0,164.0,0.0,10434.33,18061.551,31391.0,4.0,4.0,4.0,0.0,4.0,4.0,48.0,48.0,0.0,48.0,48.0,0,0,0,0,36.0,164.0,0,0,0,0,0,0,0,0,1.0,109.0,36.0,164.0,0,0,0,0,0,0,2,72,2,328,-1,-1,1,20,0.0,0.0,0.0,0.0,0.0,0.0,0.0,0.0
61938,80,6,6.0,6.0,6.0,6.0,6.0,0.0,6.0,6.0,6.0,0.0,184267.0,0.0,184267.0,184267.0,0.0,0.0,0.0,0.0,0.0,0.0,0.0,0.0,0.0,0.0,0,0,0,0,6.0,6.0,0,0,0,0,1,1,0,0,1.0,9.0,6.0,6.0,0,0,0,0,0,0,1,6,1,6,42440,16384,0,20,0.0,0.0,0.0,0.0,0.0,0.0,0.0,0.0
57323,53,17,80.0,274.0,40.0,40.0,40.0,0.0,137.0,137.0,137.0,0.0,80.33,180.43,230.0,3.0,3.0,3.0,0.0,3.0,3.0,48.0,48.0,0.0,48.0,48.0,0,0,0,0,40.0,137.0,0,0,0,0,0,0,0,0,1.0,98.5,40.0,137.0,0,0,0,0,0,0,2,80,2,274,-1,-1,1,32,0.0,0.0,0.0,0.0,0.0,0.0,0.0,0.0
59606,443,6,939.0,44262.0,285.0,0.0,29.25,74.5941,2896.0,0.0,1356.8667,706.5386,2014.74,6328.751,24254.0,1.0,151491.0,4840.12,7923.391,22354.0,1.0,122851.0,3900.64,6217.214,48205.0,1.0,0,0,0,0,0.0,2896.0,0,0,0,1,0,0,0,0,1.0,818.1542,29.25,1356.8667,0,0,0,0,0,0,36,939,32,44262,65535,1063,7,32,0.0,0.0,0.0,0.0,0.0,0.0,0.0,0.0
46105,53,17,72.0,242.0,36.0,36.0,36.0,0.0,121.0,121.0,121.0,0.0,67060.33,114374.782,191173.0,3.0,3.0,3.0,0.0,3.0,3.0,4.0,4.0,0.0,4.0,4.0,0,0,0,0,36.0,121.0,0,0,0,0,0,0,0,0,1.0,87.5,36.0,121.0,0,0,0,0,0,0,2,72,2,242,-1,-1,1,32,0.0,0.0,0.0,0.0,0.0,0.0,0.0,0.0
62145,53,17,55.0,71.0,55.0,55.0,55.0,0.0,71.0,71.0,71.0,0.0,30931.0,0.0,30931.0,30931.0,0.0,0.0,0.0,0.0,0.0,0.0,0.0,0.0,0.0,0.0,0,0,0,0,55.0,71.0,0,0,0,0,0,0,0,0,1.0,90.5,55.0,71.0,0,0,0,0,0,0,1,55,1,71,-1,-1,0,32,0.0,0.0,0.0,0.0,0.0,0.0,0.0,0.0
443,42363,6,12.0,0.0,6.0,6.0,6.0,0.0,0.0,0.0,0.0,0.0,4.0,0.0,4.0,4.0,4.0,4.0,0.0,4.0,4.0,0.0,0.0,0.0,0.0,0.0,0,0,0,0,6.0,6.0,0,0,0,0,1,0,0,0,0.0,9.0,6.0,0.0,0,0,0,0,0,0,2,12,0,0,45928,-1,1,20,0.0,0.0,0.0,0.0,0.0,0.0,0.0,0.0
51628,443,6,1140.0,9138.0,565.0,0.0,60.0375,151.5621,1418.0,0.0,723.6667,629.5238,9096.97,19479.2,88349.0,1.0,273631.0,11611.26,18893.489,88349.0,1.0,131825.0,12274.33,25980.215,57310.0,2.0,0,0,0,0,0.0,1418.0,0,0,0,1,0,0,0,0,0.0,329.5221,60.0375,723.6667,0,0,0,0,0,0,23,1140,12,9138,65535,369,7,32,0.0,0.0,0.0,0.0,0.0,0.0,0.0,0.0
50972,443,6,2338.0,73205.0,995.0,0.0,43.9385,124.0693,3558.0,0.0,1550.8583,1055.1929,86630.39,876971.277,9934641.0,1.0,15607409.0,30765.71,1360646.313,9934641.0,1.0,15627779.0,152974.13,1097448.582,9971349.0,1.0,0,0,0,0,0.0,3558.0,0,0,0,1,0,0,0,0,1.0,881.9007,43.9385,1550.8583,0,0,0,0,0,0,57,2338,61,73205,29200,120,7,32,6275138.0,0.0,3275138.0,2275138.0,9934669.0,0.0,9934669.0,9934669.0
62268,53,17,39.0,255.0,39.0,39.0,39.0,0.0,255.0,255.0,255.0,0.0,61991.0,0.0,61991.0,61991.0,0.0,0.0,0.0,0.0,0.0,0.0,0.0,0.0,0.0,0.0,0,0,0,0,39.0,255.0,0,0,0,0,0,0,0,0,1.0,166.5,39.0,255.0,0,0,0,0,0,0,1,39,1,255,-1,-1,0,32,0.0,0.0,0.0,0.0,0.0,0.0,0.0,0.0
51446,443,6,559.0,152.0,517.0,0.0,109.5,201.3082,146.0,0.0,30.4,78.0576,748298.55,1883160.262,5500487.0,3.0,5802443.0,1387817.33,2439324.078,5658092.0,3.0,187816.0,34855.0,50654.632,81658.0,4.0,0,0,0,0,0.0,517.0,0,0,0,1,0,0,0,0,0.0,77.2727,109.5,30.4,0,0,0,0,0,0,4,559,5,152,29200,8118,3,32,116520.0,0.0,116520.0,116520.0,5500438.0,0.0,5500488.0,5500438.0
64304,80,6,670.0,3978.0,624.0,0.0,49.5556,174.6187,1978.0,0.0,297.6364,501.1775,3116076.83,4521141.522,9994772.0,30.0,115679490.0,5795952.42,4867134.57,10025514.0,90.0,110520418.0,7022415.15,4566696.656,10028601.0,119.0,0,0,0,0,0.0,1978.0,0,0,0,1,0,0,0,0,0.0,148.4418,49.5556,297.6364,0,0,0,0,0,0,18,670,19,3978,8192,988,16,20,63015.45,30980.544,139563.0,22927.0,9996513.09,61219.135,9994775.0,9798357.0
50452,443,6,12.0,0.0,6.0,6.0,6.0,0.0,0.0,0.0,0.0,0.0,177.0,0.0,177.0,177.0,177.0,177.0,0.0,177.0,177.0,0.0,0.0,0.0,0.0,0.0,0,0,0,0,6.0,6.0,0,0,0,0,1,0,0,0,0.0,9.0,6.0,0.0,0,0,0,0,0,0,2,12,0,0,254,-1,1,20,0.0,0.0,0.0,0.0,0.0,0.0,0.0,0.0
55410,443,6,647.0,5511.0,201.0,0.0,44.6429,65.7848,1460.0,0.0,367.0,575.571,4827553.86,15516061.215,58830093.0,1.0,117747908.0,9828365.93,22036456.771,58830093.0,147.0,117464369.0,9797271.39,22784240.29,59035988.0,1.0,0,0,0,0,0.0,1460.0,0,0,0,1,0,0,0,0,1.0,200.5817,44.6429,367.0,0,0,0,0,0,0,14,647,14,5511,8192,32,13,20,191102.5,25839.72,197330.0,78495.0,58425679.5,638491.49,58830099.0,53783101.0
50216,443,6,18.0,0.0,6.0,6.0,6.0,0.0,0.0,0.0,0.0,0.0,25434.33,47287.167,73691.0,1.0,197.0,98.5,131.47,193.0,1.0,73129.0,73129.0,0.0,73129.0,73129.0,0,0,0,0,0.0,6.0,1,0,0,0,0,0,0,0,0.0,4.8,6.0,0.0,0,0,0,0,0,0,3,18,2,0,0,116,2,20,0.0,0.0,0.0,0.0,0.0,0.0,0.0,0.0
443,50486,6,387.0,6.0,258.0,6.0,147.0,120.3373,6.0,6.0,6.0,0.0,7332.0,10595.948,14402.0,28.0,19516.0,9516.0,500.001,19516.0,516.0,0.0,0.0,0.0,0.0,0.0,1,0,0,0,6.0,258.0,0,1,0,0,1,0,0,0,0.0,141.4,147.0,6.0,0,0,0,0,0,0,2,387,1,6,31,0,1,20,0.0,0.0,0.0,0.0,0.0,0.0,0.0,0.0
63449,53,17,82.0,114.0,41.0,41.0,41.0,0.0,57.0,57.0,57.0,0.0,56.66,96.817,163.0,3.0,3.0,3.0,0.0,3.0,3.0,3.0,3.0,0.0,3.0,3.0,0,0,0,0,41.0,57.0,0,0,0,0,0,0,0,0,1.0,59.25,41.0,57.0,0,0,0,0,0,0,2,82,2,114,-1,-1,1,32,0.0,0.0,0.0,0.0,0.0,0.0,0.0,0.0
58631,443,6,0.0,0.0,0.0,0.0,0.0,0.0,0.0,0.0,0.0,0.0,204.0,0.0,204.0,204.0,204.0,204.0,0.0,204.0,204.0,0.0,0.0,0.0,0.0,0.0,0,0,0,0,0.0,0.0,0,0,0,0,1,0,0,0,0.0,0.0,0.0,0.0,0,0,0,0,0,0,2,0,0,0,329,-1,0,32,0.0,0.0,0.0,0.0,0.0,0.0,0.0,0.0
443,62385,6,0.0,0.0,0.0,0.0,0.0,0.0,0.0,0.0,0.0,0.0,88.0,0.0,88.0,88.0,0.0,0.0,0.0,0.0,0.0,0.0,0.0,0.0,0.0,0.0,0,0,0,0,0.0,0.0,0,0,0,0,1,0,0,0,1.0,0.0,0.0,0.0,0,0,0,0,0,0,1,0,1,0,133,33304,0,32,0.0,0.0,0.0,0.0,0.0,0.0,0.0,0.0
61306,443,6,1117.0,5046.0,777.0,0.0,109.0769,240.3811,1617.0,0.0,864.6667,726.8381,14641.8,20202.374,59835.0,1.0,227022.0,21131.66,24220.318,51870.0,1.0,182363.0,35506.62,31092.243,60054.0,50.0,0,0,0,0,0.0,1617.0,0,0,0,1,0,0,0,0,0.0,371.1124,109.0769,864.6667,0,0,0,0,0,0,13,1117,9,5046,65535,363,6,32,0.0,0.0,0.0,0.0,0.0,0.0,0.0,0.0
56377,443,6,1819.0,9043.0,375.0,0.0,76.8,115.0441,2920.0,0.0,665.0,806.8869,2598009.01,4314149.659,9992540.0,52.0,117928939.0,5698990.61,4943512.133,10025594.0,152.0,112826870.0,5928720.0,4991837.475,10026348.0,192.0,0,0,0,0,0.0,2920.0,0,0,0,1,0,0,0,0,0.0,318.259,76.8,665.0,0,0,0,0,0,0,25,1819,20,9043,8192,1017,24,20,158879.14,366410.978,981245.0,23140.0,9608502.33,1425827.208,9992546.0,5804491.0
52565,22,6,6.0,6.0,6.0,6.0,6.0,0.0,6.0,6.0,6.0,0.0,169.0,0.0,169.0,169.0,0.0,0.0,0.0,0.0,0.0,0.0,0.0,0.0,0.0,0.0,0,0,0,0,6.0,6.0,0,0,0,0,1,1,0,0,1.0,9.0,6.0,6.0,0,0,0,0,0,0,1,6,1,6,250,245,0,20,0.0,0.0,0.0,0.0,0.0,0.0,0.0,0.0
443,56150,6,12.0,0.0,6.0,6.0,6.0,0.0,0.0,0.0,0.0,0.0,4.0,0.0,4.0,4.0,4.0,4.0,0.0,4.0,4.0,0.0,0.0,0.0,0.0,0.0,0,0,0,0,6.0,6.0,0,0,0,0,1,0,0,0,0.0,9.0,6.0,0.0,0,0,0,0,0,0,2,12,0,0,351,-1,1,20,0.0,0.0,0.0,0.0,0.0,0.0,0.0,0.0
443,54642,6,6.0,6.0,6.0,6.0,6.0,0.0,6.0,6.0,6.0,0.0,23.0,0.0,23.0,23.0,0.0,0.0,0.0,0.0,0.0,0.0,0.0,0.0,0.0,0.0,0,0,0,0,6.0,6.0,0,0,0,0,1,1,0,0,1.0,9.0,6.0,6.0,0,0,0,0,0,0,1,6,1,6,290,256,0,20,0.0,0.0,0.0,0.0,0.0,0.0,0.0,0.0
37622,80,6,432.0,2278.0,426.0,0.0,144.0,244.2376,2266.0,0.0,569.5,1131.0035,11466.25,16290.036,32915.0,5.0,33096.0,16548.0,20368.437,32015.0,172.0,34532.0,31832.0,0.0,34532.0,34532.0,0,0,0,0,0.0,2266.0,0,0,0,1,0,0,0,0,0.0,387.2857,144.0,569.5,0,0,0,0,0,0,3,432,2,2278,29200,235,1,32,0.0,0.0,0.0,0.0,0.0,0.0,0.0,0.0
443,56386,6,6.0,6.0,6.0,6.0,6.0,0.0,6.0,6.0,6.0,0.0,40.0,0.0,40.0,40.0,0.0,0.0,0.0,0.0,0.0,0.0,0.0,0.0,0.0,0.0,0,0,0,0,6.0,6.0,0,0,0,0,1,1,0,0,1.0,9.0,6.0,6.0,0,0,0,0,0,0,1,6,1,6,237,255,0,20,0.0,0.0,0.0,0.0,0.0,0.0,0.0,0.0
59411,53,17,138.0,394.0,69.0,69.0,69.0,0.0,197.0,197.0,197.0,0.0,60.33,100.977,174.0,3.0,3.0,3.0,0.0,3.0,3.0,3.0,3.0,0.0,3.0,3.0,0,0,0,0,69.0,197.0,0,0,0,0,0,0,0,0,1.0,150.25,69.0,197.0,0,0,0,0,0,0,2,138,2,394,-1,-1,1,20,0.0,0.0,0.0,0.0,0.0,0.0,0.0,0.0
443,64862,6,37.0,0.0,37.0,0.0,12.3333,21.362,0.0,0.0,0.0,0.0,104.5,146.161,206.0,1.0,209.0,104.5,196.936,206.0,1.0,0.0,0.0,0.0,0.0,0.0,0,0,0,0,0.0,37.0,0,0,0,0,1,0,0,0,0.0,12.3333,12.3333,0.0,0,0,0,0,0,0,3,37,0,0,68,-1,1,32,0.0,0.0,0.0,0.0,0.0,0.0,0.0,0.0
57944,53,17,80.0,294.0,40.0,40.0,40.0,0.0,147.0,147.0,147.0,0.0,81.0,135.076,237.0,3.0,3.0,3.0,0.0,3.0,3.0,4.0,4.0,0.0,4.0,4.0,0,0,0,0,40.0,147.0,0,0,0,0,0,0,0,0,1.0,103.5,40.0,147.0,0,0,0,0,0,0,2,80,2,294,-1,-1,1,20,0.0,0.0,0.0,0.0,0.0,0.0,0.0,0.0
51413,443,6,5708.0,15305.0,1930.0,0.0,390.5385,772.6336,1689.0,2.0,682.125,699.4758,366966.53,1903411.192,9999671.0,98.0,10838770.0,845439.13,2029228.697,9999604.0,204.0,11020977.0,457096.72,2643700.346,9999489.0,188.0,0,0,0,0,0.0,1920.0,0,0,0,1,0,0,0,0,1.0,568.3291,390.5385,682.125,0,0,0,0,0,0,13,5708,18,15305,8192,40976,12,20,1191228.0,0.0,1191228.0,1191228.0,9999655.0,0.0,9999675.0,9999655.0
80,54959,6,0.0,0.0,0.0,0.0,0.0,0.0,0.0,0.0,0.0,0.0,29.0,0.0,29.0,29.0,0.0,0.0,0.0,0.0,0.0,0.0,0.0,0.0,0.0,0.0,0,0,0,0,0.0,0.0,0,0,0,0,1,1,0,0,1.0,0.0,0.0,0.0,0,0,0,0,0,0,1,0,1,0,332,1263,0,32,0.0,0.0,0.0,0.0,0.0,0.0,0.0,0.0
63818,443,6,1062.0,51815.0,358.0,0.0,24.189,88.6379,2896.0,0.0,1154.8333,887.7466,2878.83,5348.965,24375.0,0.0,67000.0,5301.5,7419.825,23913.0,1.0,42830.0,4278.05,7326.494,15213.0,49.0,0,0,0,0,0.0,2896.0,0,0,0,1,0,0,0,0,1.0,1060.89,24.189,1154.8333,0,0,0,0,0,0,32,1062,57,51815,65535,122,6,32,0.0,0.0,0.0,0.0,0.0,0.0,0.0,0.0
41010,80,6,359.0,3037.0,309.0,0.0,56.8571,133.2962,1637.0,0.0,609.5,933.026,1690708.81,3695277.763,9995761.0,34.0,10910073.0,2243023.5,4309457.588,9995761.0,367.0,10914330.0,3952445.0,5622912.523,10108577.0,839.0,0,0,0,0,0.0,1637.0,0,0,0,1,0,0,0,0,0.0,283.0,56.8571,609.5,0,0,0,0,0,0,7,359,4,3037,29200,939,6,32,274252.0,0.0,274252.0,274252.0,9995763.0,0.0,9995763.0,9995763.0
443,44177,6,6.0,6.0,6.0,6.0,6.0,0.0,6.0,6.0,6.0,0.0,28.0,0.0,28.0,28.0,0.0,0.0,0.0,0.0,0.0,0.0,0.0,0.0,0.0,0.0,0,0,0,0,6.0,6.0,0,0,0,0,1,1,0,0,1.0,9.0,6.0,6.0,0,0,0,0,0,0,1,6,1,6,31388,64209,0,20,0.0,0.0,0.0,0.0,0.0,0.0,0.0,0.0
53188,53,17,72.0,104.0,36.0,36.0,36.0,0.0,52.0,52.0,52.0,0.0,10256.66,17790.503,30763.0,1.0,3.0,3.0,0.0,3.0,3.0,1.0,1.0,0.0,1.0,1.0,0,0,0,0,36.0,52.0,0,0,0,0,0,0,0,0,1.0,53.0,36.0,52.0,0,0,0,0,0,0,2,72,2,104,-1,-1,1,20,0.0,0.0,0.0,0.0,0.0,0.0,0.0,0.0
443,45214,6,0.0,0.0,0.0,0.0,0.0,0.0,0.0,0.0,0.0,0.0,38.0,0.0,38.0,38.0,0.0,0.0,0.0,0.0,0.0,0.0,0.0,0.0,0.0,0.0,0,0,0,0,0.0,0.0,0,0,0,0,1,1,0,0,1.0,0.0,0.0,0.0,0,0,0,0,0,0,1,0,1,0,357,248,0,32,0.0,0.0,0.0,0.0,0.0,0.0,0.0,0.0
61768,53,17,76.0,236.0,38.0,38.0,38.0,0.0,118.0,118.0,118.0,0.0,16006.66,27853.094,48913.0,4.0,48.0,48.0,0.0,48.0,48.0,4.0,4.0,0.0,4.0,4.0,0,0,0,0,38.0,118.0,0,0,0,0,0,0,0,0,1.0,87.5,38.0,118.0,0,0,0,0,0,0,2,76,2,236,-1,-1,1,20,0.0,0.0,0.0,0.0,0.0,0.0,0.0,0.0
60186,53,17,54.0,92.0,54.0,54.0,54.0,0.0,92.0,92.0,92.0,0.0,49471.0,0.0,49471.0,49471.0,0.0,0.0,0.0,0.0,0.0,0.0,0.0,0.0,0.0,0.0,0,0,0,0,54.0,92.0,0,0,0,0,0,0,0,0,1.0,100.0,54.0,92.0,0,0,0,0,0,0,1,54,1,92,-1,-1,0,20,0.0,0.0,0.0,0.0,0.0,0.0,0.0,0.0
443,53241,6,6.0,6.0,6.0,6.0,6.0,0.0,6.0,6.0,6.0,0.0,84.0,0.0,84.0,84.0,0.0,0.0,0.0,0.0,0.0,0.0,0.0,0.0,0.0,0.0,0,0,0,0,6.0,6.0,0,0,0,0,1,1,0,0,1.0,9.0,6.0,6.0,0,0,0,0,0,0,1,6,1,6,10032,32850,0,20,0.0,0.0,0.0,0.0,0.0,0.0,0.0,0.0
443,62516,6,12.0,6.0,6.0,6.0,6.0,0.0,6.0,6.0,6.0,0.0,19200.5,28788.165,37510.0,32.0,37506.0,37506.0,0.0,37506.0,37506.0,0.0,0.0,0.0,0.0,0.0,0,0,0,0,6.0,6.0,0,0,0,0,1,1,0,0,0.0,8.0,6.0,6.0,0,0,0,0,0,0,2,12,1,6,32,32850,1,20,0.0,0.0,0.0,0.0,0.0,0.0,0.0,0.0
22343,53,17,80.0,180.0,40.0,40.0,40.0,0.0,90.0,90.0,90.0,0.0,62.66,102.651,181.0,4.0,4.0,4.0,0.0,4.0,4.0,4.0,4.0,0.0,4.0,4.0,0,0,0,0,40.0,90.0,0,0,0,0,0,0,0,0,1.0,75.0,40.0,90.0,0,0,0,0,0,0,2,80,2,180,-1,-1,1,32,0.0,0.0,0.0,0.0,0.0,0.0,0.0,0.0
443,49762,6,0.0,0.0,0.0,0.0,0.0,0.0,0.0,0.0,0.0,0.0,9.0,0.0,9.0,9.0,0.0,0.0,0.0,0.0,0.0,0.0,0.0,0.0,0.0,0.0,0,0,0,0,0.0,0.0,0,0,0,0,1,1,0,0,1.0,0.0,0.0,0.0,0,0,0,0,0,0,1,0,1,0,349,32832,0,32,0.0,0.0,0.0,0.0,0.0,0.0,0.0,0.0
60284,53,17,49.0,142.0,49.0,49.0,49.0,0.0,142.0,142.0,142.0,0.0,461.0,0.0,461.0,461.0,0.0,0.0,0.0,0.0,0.0,0.0,0.0,0.0,0.0,0.0,0,0,0,0,49.0,142.0,0,0,0,0,0,0,0,0,1.0,120.0,49.0,142.0,0,0,0,0,0,0,1,49,1,142,-1,-1,0,20,0.0,0.0,0.0,0.0,0.0,0.0,0.0,0.0
52149,53,17,82.0,310.0,41.0,41.0,41.0,0.0,155.0,155.0,155.0,0.0,27581.66,47133.203,82798.0,3.0,3.0,3.0,0.0,3.0,3.0,4.0,4.0,0.0,4.0,4.0,0,0,0,0,41.0,155.0,0,0,0,0,0,0,0,0,1.0,108.25,41.0,155.0,0,0,0,0,0,0,2,82,2,310,-1,-1,1,20,0.0,0.0,0.0,0.0,0.0,0.0,0.0,0.0
58185,80,6,12.0,0.0,6.0,6.0,6.0,0.0,0.0,0.0,0.0,0.0,4636.0,0.0,4636.0,4636.0,4636.0,4636.0,0.0,4636.0,4636.0,0.0,0.0,0.0,0.0,0.0,0,0,0,0,6.0,6.0,0,0,0,0,1,0,0,0,0.0,9.0,6.0,0.0,0,0,0,0,0,0,2,12,0,0,63577,-1,1,20,0.0,0.0,0.0,0.0,0.0,0.0,0.0,0.0
443,49288,6,31.0,0.0,31.0,0.0,10.3333,17.8979,0.0,0.0,0.0,0.0,2.0,1.414,3.0,1.0,4.0,2.0,1.414,3.0,1.0,0.0,0.0,0.0,0.0,0.0,0,0,0,0,0.0,31.0,0,0,0,0,1,0,0,0,0.0,10.3333,10.3333,0.0,0,0,0,0,0,0,3,31,0,0,1006,-1,1,32,0.0,0.0,0.0,0.0,0.0,0.0,0.0,0.0
63926,53,17,80.0,112.0,40.0,40.0,40.0,0.0,56.0,56.0,56.0,0.0,52.0,47.026,96.0,3.0,3.0,3.0,0.0,3.0,3.0,49.0,49.0,0.0,49.0,49.0,0,0,0,0,40.0,56.0,0,0,0,0,0,0,0,0,1.0,58.0,40.0,56.0,0,0,0,0,0,0,2,80,2,112,-1,-1,1,32,0.0,0.0,0.0,0.0,0.0,0.0,0.0,0.0
54029,80,6,190.0,1806.0,280.0,0.0,57.25,119.0777,1806.0,0.0,421.0,975.0426,2343977.75,4199542.321,10009164.0,32.0,10242877.0,4047229.0,5105750.357,10020642.0,48.0,15242296.0,5687569.0,4978268.348,10025808.0,1413.0,0,0,0,0,0.0,1806.0,0,0,0,1,0,0,0,0,1.0,235.55,57.25,421.0,0,0,0,0,0,0,8,190,6,1806,8192,946,7,20,25196.0,0.0,25196.0,25196.0,10009128.0,0.0,10009168.0,10009128.0
51046,443,6,762.0,12769.0,379.0,0.0,34.1333,84.4038,1418.0,0.0,504.6667,695.583,1985890.59,3936476.414,10016120.0,1.0,115481328.0,4673585.14,4912178.751,10052026.0,3.0,110611928.0,4758356.68,5076183.296,10052058.0,150.0,0,0,0,0,0.0,1418.0,0,0,0,1,0,0,0,0,0.0,267.7146,34.1333,504.6667,0,0,0,0,0,0,24,762,24,12769,29200,349,4,32,56491.63,29745.735,143208.0,36608.0,9620344.08,1414416.76,10016123.0,5059017.0
64654,80,6,12.0,0.0,6.0,0.0,4.0,3.4641,0.0,0.0,0.0,0.0,1742321.33,2828946.136,5001346.0,43.0,5136106.0,2568053.0,3559956.981,5001346.0,108348.0,0.0,0.0,0.0,0.0,0.0,0,0,0,0,0.0,6.0,0,0,0,1,0,0,0,0,0.0,3.0,4.0,0.0,0,0,0,0,0,0,3,12,1,0,8192,29200,2,20,0.0,0.0,0.0,0.0,0.0,0.0,0.0,0.0
57510,53,17,88.0,200.0,44.0,44.0,44.0,0.0,100.0,100.0,100.0,0.0,58.0,95.552,167.0,3.0,3.0,3.0,0.0,3.0,3.0,4.0,4.0,0.0,4.0,4.0,0,0,0,0,44.0,100.0,0,0,0,0,0,0,0,0,1.0,83.0,44.0,100.0,0,0,0,0,0,0,2,88,2,200,-1,-1,1,32,0.0,0.0,0.0,0.0,0.0,0.0,0.0,0.0
1815,443,6,12.0,0.0,6.0,6.0,6.0,0.0,0.0,0.0,0.0,0.0,3573.0,0.0,3573.0,3573.0,3573.0,3573.0,0.0,3573.0,3573.0,0.0,0.0,0.0,0.0,0.0,0,0,0,0,6.0,6.0,0,0,0,0,1,0,0,0,0.0,9.0,6.0,0.0,0,0,0,0,0,0,2,12,0,0,63866,-1,1,20,0.0,0.0,0.0,0.0,0.0,0.0,0.0,0.0
60620,53,17,70.0,166.0,35.0,35.0,35.0,0.0,83.0,83.0,83.0,0.0,51.0,85.53,146.0,3.0,4.0,4.0,0.0,4.0,4.0,3.0,3.0,0.0,3.0,3.0,0,0,0,0,35.0,83.0,0,0,0,0,0,0,0,0,1.0,67.75,35.0,83.0,0,0,0,0,0,0,2,70,2,166,-1,-1,1,20,0.0,0.0,0.0,0.0,0.0,0.0,0.0,0.0
13211,53,17,92.0,248.0,46.0,46.0,46.0,0.0,124.0,124.0,124.0,0.0,61.0,63.83,132.0,0.0,40.0,40.0,0.0,40.0,40.0,0.0,0.0,0.0,0.0,0.0,0,0,0,0,46.0,124.0,0,0,0,0,0,0,0,0,1.0,96.5,46.0,124.0,0,0,0,0,0,0,2,92,2,248,-1,-1,1,20,0.0,0.0,0.0,0.0,0.0,0.0,0.0,0.0
443,47816,6,31.0,0.0,31.0,0.0,15.5,21.9203,0.0,0.0,0.0,0.0,4.0,0.0,4.0,4.0,4.0,4.0,0.0,4.0,4.0,0.0,0.0,0.0,0.0,0.0,1,0,0,0,0.0,31.0,0,1,0,0,1,0,0,0,0.0,31.0,15.5,0.0,0,0,0,0,0,0,2,31,0,0,63,-1,0,32,0.0,0.0,0.0,0.0,0.0,0.0,0.0,0.0
35350,53,17,58.0,234.0,29.0,29.0,29.0,0.0,117.0,117.0,117.0,0.0,8151.0,14025.884,24447.0,1.0,49.0,49.0,0.0,49.0,49.0,1.0,1.0,0.0,1.0,1.0,0,0,0,0,29.0,117.0,0,0,0,0,0,0,0,0,1.0,70.25,29.0,117.0,0,0,0,0,0,0,2,58,2,234,-1,-1,1,32,0.0,0.0,0.0,0.0,0.0,0.0,0.0,0.0
50621,465,6,6.0,24.0,6.0,6.0,6.0,0.0,6.0,6.0,6.0,0.0,24.5,31.019,48.0,0.0,0.0,0.0,0.0,0.0,0.0,68.0,24.66,27.929,68.0,0.0,0,0,0,0,6.0,6.0,0,0,0,0,1,1,0,0,4.0,7.2,6.0,6.0,0,0,0,0,0,0,1,6,7,24,254,0,0,20,0.0,0.0,0.0,0.0,0.0,0.0,0.0,0.0
56234,53,17,176.0,284.0,44.0,44.0,44.0,0.0,142.0,142.0,142.0,0.0,6299.4,10821.258,26578.0,3.0,26586.0,8129.0,14485.685,26578.0,3.0,3.0,3.0,0.0,3.0,3.0,0,0,0,0,44.0,142.0,0,0,0,0,0,0,0,0,0.0,87.6667,44.0,142.0,0,0,0,0,0,0,4,176,2,284,-1,-1,3,20,0.0,0.0,0.0,0.0,0.0,0.0,0.0,0.0
443,57918,6,12.0,0.0,6.0,6.0,6.0,0.0,0.0,0.0,0.0,0.0,1.0,0.0,1.0,1.0,1.0,1.0,0.0,1.0,1.0,0.0,0.0,0.0,0.0,0.0,0,0,0,0,6.0,6.0,0,0,0,0,1,0,0,0,0.0,9.0,6.0,0.0,0,0,0,0,0,0,2,12,0,0,30,-1,1,20,0.0,0.0,0.0,0.0,0.0,0.0,0.0,0.0
61218,53,17,46.0,94.0,46.0,46.0,46.0,0.0,94.0,94.0,94.0,0.0,103423.0,0.0,103423.0,103423.0,0.0,0.0,0.0,0.0,0.0,0.0,0.0,0.0,0.0,0.0,0,0,0,0,46.0,94.0,0,0,0,0,0,0,0,0,1.0,93.0,46.0,94.0,0,0,0,0,0,0,1,46,1,94,-1,-1,0,40,0.0,0.0,0.0,0.0,0.0,0.0,0.0,0.0
56200,80,6,12.0,0.0,6.0,6.0,6.0,0.0,0.0,0.0,0.0,0.0,61.0,0.0,61.0,61.0,61.0,61.0,0.0,61.0,61.0,0.0,0.0,0.0,0.0,0.0,0,0,0,0,6.0,6.0,0,0,0,0,1,0,0,0,0.0,9.0,6.0,0.0,0,0,0,0,0,0,2,12,0,0,253,-1,1,20,0.0,0.0,0.0,0.0,0.0,0.0,0.0,0.0
38573,53,17,68.0,250.0,34.0,34.0,34.0,0.0,125.0,125.0,125.0,0.0,59.66,99.094,173.0,3.0,3.0,3.0,0.0,3.0,3.0,3.0,3.0,0.0,3.0,3.0,0,0,0,0,34.0,125.0,0,0,0,0,0,0,0,0,1.0,88.0,34.0,125.0,0,0,0,0,0,0,2,68,2,250,-1,-1,1,40,0.0,0.0,0.0,0.0,0.0,0.0,0.0,0.0
59440,53,17,180.0,166.0,45.0,45.0,45.0,0.0,83.0,83.0,83.0,0.0,9651.8,14891.854,30489.0,3.0,30404.0,10161.0,17512.64,30409.0,3.0,3.0,3.0,0.0,3.0,3.0,0,0,0,0,45.0,83.0,0,0,0,0,0,0,0,0,0.0,63.8333,45.0,83.0,0,0,0,0,0,0,4,180,2,166,-1,-1,3,20,0.0,0.0,0.0,0.0,0.0,0.0,0.0,0.0
62464,443,6,704.0,1327.0,453.0,0.0,70.4,142.9399,1189.0,0.0,265.4,519.7546,19591.14,36154.658,87435.0,3.0,279201.0,31803.88,43179.191,107037.0,3.0,181380.0,45813.5,46674.707,88777.0,356.0,0,0,0,0,0.0,1189.0,0,0,0,1,0,0,0,0,0.0,135.4,70.4,265.4,0,0,0,0,0,0,10,704,5,1327,65535,65,5,32,0.0,0.0,0.0,0.0,0.0,0.0,0.0,0.0
38810,53,17,62.0,232.0,31.0,31.0,31.0,0.0,116.0,116.0,116.0,0.0,20523.0,35594.356,61565.0,3.0,3.0,3.0,0.0,3.0,3.0,3.0,3.0,0.0,3.0,3.0,0,0,0,0,31.0,116.0,0,0,0,0,0,0,0,0,1.0,81.25,31.0,116.0,0,0,0,0,0,0,2,62,2,232,-1,-1,1,20,0.0,0.0,0.0,0.0,0.0,0.0,0.0,0.0
61990,443,6,12.0,0.0,6.0,6.0,6.0,0.0,0.0,0.0,0.0,0.0,57.0,0.0,57.0,57.0,57.0,57.0,0.0,57.0,57.0,0.0,0.0,0.0,0.0,0.0,0,0,0,0,6.0,6.0,0,0,0,0,1,0,0,0,0.0,9.0,6.0,0.0,0,0,0,0,0,0,2,12,0,0,253,-1,1,20,0.0,0.0,0.0,0.0,0.0,0.0,0.0,0.0
50252,80,6,6.0,6.0,6.0,6.0,6.0,0.0,6.0,6.0,6.0,0.0,28.0,0.0,28.0,28.0,0.0,0.0,0.0,0.0,0.0,0.0,0.0,0.0,0.0,0.0,0,0,0,0,6.0,6.0,0,0,0,0,1,1,0,0,1.0,9.0,6.0,6.0,0,0,0,0,0,0,1,6,1,6,254,30,0,20,0.0,0.0,0.0,0.0,0.0,0.0,0.0,0.0
60878,53,17,64.0,96.0,32.0,32.0,32.0,0.0,48.0,48.0,48.0,0.0,51.33,84.77,148.0,4.0,4.0,4.0,0.0,4.0,4.0,4.0,4.0,0.0,4.0,4.0,0,0,0,0,32.0,48.0,0,0,0,0,0,0,0,0,1.0,48.0,32.0,48.0,0,0,0,0,0,0,2,64,2,96,-1,-1,1,32,0.0,0.0,0.0,0.0,0.0,0.0,0.0,0.0
39832,443,6,6.0,6.0,6.0,6.0,6.0,0.0,6.0,6.0,6.0,0.0,36939.0,0.0,36939.0,36939.0,0.0,0.0,0.0,0.0,0.0,0.0,0.0,0.0,0.0,0.0,0,0,0,0,6.0,6.0,1,0,0,0,1,0,0,0,1.0,9.0,6.0,6.0,0,0,0,0,0,0,1,6,1,6,0,946,0,20,0.0,0.0,0.0,0.0,0.0,0.0,0.0,0.0
60522,53,17,43.0,77.0,43.0,43.0,43.0,0.0,77.0,77.0,77.0,0.0,23644.0,0.0,23644.0,23644.0,0.0,0.0,0.0,0.0,0.0,0.0,0.0,0.0,0.0,0.0,0,0,0,0,43.0,77.0,0,0,0,0,0,0,0,0,1.0,81.5,43.0,77.0,0,0,0,0,0,0,1,43,1,77,-1,-1,0,20,0.0,0.0,0.0,0.0,0.0,0.0,0.0,0.0
55172,53,17,68.0,422.0,34.0,34.0,34.0,0.0,211.0,211.0,211.0,0.0,84.33,146.486,248.0,1.0,1.0,1.0,0.0,1.0,1.0,1.0,1.0,0.0,1.0,1.0,0,0,0,0,34.0,211.0,0,0,0,0,0,0,0,0,1.0,131.0,34.0,211.0,0,0,0,0,0,0,2,68,2,422,-1,-1,1,32,0.0,0.0,0.0,0.0,0.0,0.0,0.0,0.0
60199,53,17,90.0,202.0,45.0,45.0,45.0,0.0,101.0,101.0,101.0,0.0,16094.33,27869.447,48273.0,3.0,3.0,3.0,0.0,3.0,3.0,4.0,4.0,0.0,4.0,4.0,0,0,0,0,45.0,101.0,0,0,0,0,0,0,0,0,1.0,84.25,45.0,101.0,0,0,0,0,0,0,2,90,2,202,-1,-1,1,20,0.0,0.0,0.0,0.0,0.0,0.0,0.0,0.0
62149,443,17,2358.0,2575.0,1350.0,38.0,182.8333,434.7815,1350.0,27.0,138.3846,221.0193,842850.63,2802144.106,18521290.0,3.0,28475749.0,2793543.9,3836783.32,18525298.0,197.0,28443597.0,2400749.83,4306651.063,18622878.0,3.0,0,0,0,0,27.0,1350.0,0,0,0,0,0,0,0,0,0.0,225.46,182.8333,138.3846,0,0,0,0,0,0,12,2358,13,2575,-1,-1,11,20,658158.5,1486562.374,1406350.0,89048.0,8840130.0,2521771.286,18521299.0,5223795.0
137,137,17,150.0,0.0,50.0,50.0,50.0,0.0,0.0,0.0,0.0,0.0,1597656.5,754509.318,2805033.0,2593988.0,2999963.0,2499981.5,598.812,2509033.0,2099560.0,0.0,0.0,0.0,0.0,0.0,0,0,0,0,50.0,50.0,0,0,0,0,0,0,0,0,0.0,66.6667,50.0,0.0,0,0,0,0,0,0,3,150,0,0,-1,-1,2,28,0.0,0.0,0.0,0.0,0.0,0.0,0.0,0.0
443,43743,6,0.0,0.0,0.0,0.0,0.0,0.0,0.0,0.0,0.0,0.0,4.0,0.0,4.0,4.0,4.0,4.0,0.0,4.0,4.0,0.0,0.0,0.0,0.0,0.0,0,0,0,0,0.0,0.0,0,0,0,0,1,0,0,0,0.0,0.0,0.0,0.0,0,0,0,0,0,0,2,0,0,0,5127,-1,0,32,0.0,0.0,0.0,0.0,0.0,0.0,0.0,0.0
60061,53,17,53.0,112.0,53.0,53.0,53.0,0.0,112.0,112.0,112.0,0.0,185963.0,0.0,185963.0,185963.0,0.0,0.0,0.0,0.0,0.0,0.0,0.0,0.0,0.0,0.0,0,0,0,0,53.0,112.0,0,0,0,0,0,0,0,0,1.0,119.0,53.0,112.0,0,0,0,0,0,0,1,53,1,112,-1,-1,0,32,0.0,0.0,0.0,0.0,0.0,0.0,0.0,0.0
443,50838,6,0.0,0.0,0.0,0.0,0.0,0.0,0.0,0.0,0.0,0.0,87.0,0.0,87.0,87.0,0.0,0.0,0.0,0.0,0.0,0.0,0.0,0.0,0.0,0.0,0,0,0,0,0.0,0.0,0,0,0,0,1,1,0,0,1.0,0.0,0.0,0.0,0,0,0,0,0,0,1,0,1,0,320,32832,0,32,0.0,0.0,0.0,0.0,0.0,0.0,0.0,0.0
49219,443,6,1765.0,3028.0,336.0,0.0,137.8182,161.3823,1451.0,0.0,388.7143,559.2209,622418.56,2185107.61,10171117.0,2.0,2226134.0,303866.0,287630.953,1287963.0,102.0,12182621.0,1597166.12,3156392.611,10200493.0,2.0,0,0,0,0,0.0,1451.0,0,0,0,1,0,0,0,0,0.0,271.0,137.8182,388.7143,0,0,0,0,0,0,11,1765,9,3028,29200,10253,5,20,2983226.0,0.0,2983226.0,1983226.0,10171141.0,0.0,10171101.0,10171141.0
56385,53,17,228.0,950.0,31.0,31.0,31.0,0.0,325.0,325.0,325.0,0.0,194882.0,422610.066,1501873.0,3.0,1005264.0,226724.0,441453.871,1002267.0,3.0,3.0,3.0,0.0,3.0,3.0,0,0,0,0,31.0,325.0,0,0,0,0,0,0,0,0,0.0,190.8333,31.0,325.0,0,0,0,0,0,0,6,228,2,950,-1,-1,5,20,0.0,0.0,0.0,0.0,0.0,0.0,0.0,0.0
56620,443,6,12.0,0.0,6.0,6.0,6.0,0.0,0.0,0.0,0.0,0.0,238447.5,410848.657,238932.0,14003.0,3.0,3.0,0.0,3.0,3.0,18637.0,8637.0,0.0,18637.0,18637.0,0,0,0,0,0.0,6.0,1,0,0,0,0,0,0,0,1.0,4.5,6.0,0.0,0,0,0,0,0,0,2,12,2,0,0,114,1,20,0.0,0.0,0.0,0.0,0.0,0.0,0.0,0.0
59586,53,17,90.0,172.0,45.0,45.0,45.0,0.0,86.0,86.0,86.0,0.0,54.33,59.924,110.0,3.0,3.0,3.0,0.0,3.0,3.0,48.0,48.0,0.0,48.0,48.0,0,0,0,0,45.0,86.0,0,0,0,0,0,0,0,0,1.0,76.75,45.0,86.0,0,0,0,0,0,0,2,90,2,172,-1,-1,1,32,0.0,0.0,0.0,0.0,0.0,0.0,0.0,0.0
59457,443,6,0.0,0.0,0.0,0.0,0.0,0.0,0.0,0.0,0.0,0.0,49.0,0.0,49.0,49.0,49.0,49.0,0.0,49.0,49.0,0.0,0.0,0.0,0.0,0.0,0,0,0,0,0.0,0.0,0,0,0,0,1,0,0,0,0.0,0.0,0.0,0.0,0,0,0,0,0,0,2,0,0,0,532,-1,0,32,0.0,0.0,0.0,0.0,0.0,0.0,0.0,0.0
80,60726,6,0.0,0.0,0.0,0.0,0.0,0.0,0.0,0.0,0.0,0.0,70.0,0.0,70.0,70.0,0.0,0.0,0.0,0.0,0.0,0.0,0.0,0.0,0.0,0.0,0,0,0,0,0.0,0.0,0,0,0,0,1,1,0,0,1.0,0.0,0.0,0.0,0,0,0,0,0,0,1,0,1,0,118,33304,0,32,0.0,0.0,0.0,0.0,0.0,0.0,0.0,0.0
61827,443,6,800.0,698.0,485.0,0.0,133.3333,192.9971,501.0,0.0,77.25,176.542,94654.45,273685.22,973881.0,3.0,252601.0,55126.2,48174.272,124089.0,173.0,1151238.0,168609.42,361768.397,1000103.0,3.0,0,0,0,0,0.0,501.0,0,0,0,1,0,0,0,0,1.0,107.3,133.3333,77.25,0,0,0,0,0,0,6,800,8,698,8192,5168,5,20,0.0,0.0,0.0,0.0,0.0,0.0,0.0,0.0
46824,443,6,12.0,0.0,6.0,6.0,6.0,0.0,0.0,0.0,0.0,0.0,1.0,0.0,1.0,1.0,1.0,1.0,0.0,1.0,1.0,0.0,0.0,0.0,0.0,0.0,0,0,0,0,6.0,6.0,1,0,0,0,0,0,0,0,0.0,9.0,6.0,0.0,0,0,0,0,0,0,2,12,0,0,0,-1,1,20,0.0,0.0,0.0,0.0,0.0,0.0,0.0,0.0
443,53495,6,0.0,0.0,0.0,0.0,0.0,0.0,0.0,0.0,0.0,0.0,67.0,0.0,67.0,67.0,0.0,0.0,0.0,0.0,0.0,0.0,0.0,0.0,0.0,0.0,0,0,0,0,0.0,0.0,0,0,0,0,1,1,0,0,1.0,0.0,0.0,0.0,0,0,0,0,0,0,1,0,1,0,357,32832,0,32,0.0,0.0,0.0,0.0,0.0,0.0,0.0,0.0
61222,53,17,62.0,167.0,62.0,62.0,62.0,0.0,167.0,167.0,167.0,0.0,139815.0,0.0,139815.0,139815.0,0.0,0.0,0.0,0.0,0.0,0.0,0.0,0.0,0.0,0.0,0,0,0,0,62.0,167.0,0,0,0,0,0,0,0,0,1.0,145.5,62.0,167.0,0,0,0,0,0,0,1,62,1,167,-1,-1,0,32,0.0,0.0,0.0,0.0,0.0,0.0,0.0,0.0
443,5487,6,93.0,6.0,56.0,6.0,39.6667,33.3543,6.0,6.0,6.0,0.0,85.66,78.179,173.0,10.0,265.0,132.5,143.336,272.0,44.0,0.0,0.0,0.0,0.0,0.0,1,0,0,0,6.0,56.0,0,1,0,0,1,0,0,0,0.0,43.25,39.6667,6.0,0,0,0,0,0,0,3,93,1,6,105,0,2,20,0.0,0.0,0.0,0.0,0.0,0.0,0.0,0.0
443,45150,6,12.0,0.0,6.0,6.0,6.0,0.0,0.0,0.0,0.0,0.0,3.0,0.0,3.0,3.0,3.0,3.0,0.0,3.0,3.0,0.0,0.0,0.0,0.0,0.0,0,0,0,0,6.0,6.0,0,0,0,0,1,0,0,0,0.0,9.0,6.0,0.0,0,0,0,0,0,0,2,12,0,0,32760,-1,1,20,0.0,0.0,0.0,0.0,0.0,0.0,0.0,0.0
15707,53,17,88.0,188.0,44.0,44.0,44.0,0.0,94.0,94.0,94.0,0.0,46710.33,87280.322,140129.0,3.0,4.0,4.0,0.0,4.0,4.0,3.0,3.0,0.0,3.0,3.0,0,0,0,0,44.0,94.0,0,0,0,0,0,0,0,0,1.0,80.0,44.0,94.0,0,0,0,0,0,0,2,88,2,188,-1,-1,1,32,0.0,0.0,0.0,0.0,0.0,0.0,0.0,0.0
49074,443,6,0.0,0.0,0.0,0.0,0.0,0.0,0.0,0.0,0.0,0.0,95080.0,0.0,95080.0,95080.0,0.0,0.0,0.0,0.0,0.0,0.0,0.0,0.0,0.0,0.0,0,0,0,0,0.0,0.0,0,0,0,0,1,1,0,0,1.0,0.0,0.0,0.0,0,0,0,0,0,0,1,0,1,0,304,254,0,32,0.0,0.0,0.0,0.0,0.0,0.0,0.0,0.0
52063,80,6,309.0,559.0,307.0,0.0,61.8,147.1764,543.0,0.0,139.75,263.5338,14521.57,22155.175,50430.0,59.0,70173.0,17543.75,23848.34,51455.0,379.0,32922.0,36470.33,49095.36,61591.0,1725.0,0,0,0,0,0.0,543.0,0,0,0,1,0,0,0,0,0.0,107.0,61.8,139.75,0,0,0,0,0,0,5,309,4,559,65535,559,1,32,0.0,0.0,0.0,0.0,0.0,0.0,0.0,0.0
62228,53,17,55.0,71.0,55.0,55.0,55.0,0.0,71.0,71.0,71.0,0.0,23815.0,0.0,23815.0,23815.0,0.0,0.0,0.0,0.0,0.0,0.0,0.0,0.0,0.0,0.0,0,0,0,0,55.0,71.0,0,0,0,0,0,0,0,0,1.0,90.5,55.0,71.0,0,0,0,0,0,0,1,55,1,71,-1,-1,0,20,0.0,0.0,0.0,0.0,0.0,0.0,0.0,0.0
56217,53,17,60.0,166.0,30.0,30.0,30.0,0.0,83.0,83.0,83.0,0.0,60.33,66.725,124.0,3.0,3.0,3.0,0.0,3.0,3.0,49.0,49.0,0.0,49.0,49.0,0,0,0,0,30.0,83.0,0,0,0,0,0,0,0,0,1.0,64.0,30.0,83.0,0,0,0,0,0,0,2,60,2,166,-1,-1,1,20,0.0,0.0,0.0,0.0,0.0,0.0,0.0,0.0
60387,443,6,1102.0,4236.0,437.0,0.0,74.4,120.1045,1418.0,0.0,272.2222,482.0986,3056952.75,14557252.107,58985609.0,3.0,63709219.0,5416884.94,18218820.286,58988607.0,49.0,63247860.0,6223921.5,28469313.996,58928705.0,48.0,0,0,0,0,0.0,1418.0,0,0,0,1,0,0,0,0,0.0,172.5515,74.4,272.2222,0,0,0,0,0,0,15,1102,11,4236,29200,357,7,32,127995.0,0.0,127996.0,127995.0,58985609.0,0.0,58985609.0,58985609.0
65165,53,17,76.0,332.0,38.0,38.0,38.0,0.0,166.0,166.0,166.0,0.0,88.0,111.623,213.0,4.0,4.0,4.0,0.0,4.0,4.0,48.0,48.0,0.0,48.0,48.0,0,0,0,0,38.0,166.0,0,0,0,0,0,0,0,0,1.0,111.5,38.0,166.0,0,0,0,0,0,0,2,76,2,332,-1,-1,1,32,0.0,0.0,0.0,0.0,0.0,0.0,0.0,0.0
58652,53,17,86.0,142.0,43.0,43.0,43.0,0.0,71.0,71.0,71.0,0.0,65.0,76.604,144.0,3.0,3.0,3.0,0.0,3.0,3.0,48.0,48.0,0.0,48.0,48.0,0,0,0,0,43.0,71.0,0,0,0,0,0,0,0,0,1.0,67.75,43.0,71.0,0,0,0,0,0,0,2,86,2,142,-1,-1,1,20,0.0,0.0,0.0,0.0,0.0,0.0,0.0,0.0
62199,53,17,56.0,145.0,56.0,56.0,56.0,0.0,145.0,145.0,145.0,0.0,126796.0,0.0,126796.0,126796.0,0.0,0.0,0.0,0.0,0.0,0.0,0.0,0.0,0.0,0.0,0,0,0,0,56.0,145.0,0,0,0,0,0,0,0,0,1.0,128.5,56.0,145.0,0,0,0,0,0,0,1,56,1,145,-1,-1,0,20,0.0,0.0,0.0,0.0,0.0,0.0,0.0,0.0
54265,53,17,82.0,338.0,41.0,41.0,41.0,0.0,169.0,169.0,169.0,0.0,83.66,132.422,244.0,3.0,3.0,3.0,0.0,3.0,3.0,3.0,3.0,0.0,3.0,3.0,0,0,0,0,41.0,169.0,0,0,0,0,0,0,0,0,1.0,115.25,41.0,169.0,0,0,0,0,0,0,2,82,2,338,-1,-1,1,44,0.0,0.0,0.0,0.0,0.0,0.0,0.0,0.0
14116,53,17,68.0,132.0,34.0,34.0,34.0,0.0,66.0,66.0,66.0,0.0,66.66,114.735,193.0,3.0,3.0,3.0,0.0,3.0,3.0,3.0,3.0,0.0,3.0,3.0,0,0,0,0,34.0,66.0,0,0,0,0,0,0,0,0,1.0,58.5,34.0,66.0,0,0,0,0,0,0,2,68,2,132,-1,-1,1,20,0.0,0.0,0.0,0.0,0.0,0.0,0.0,0.0
56363,53,17,60.0,264.0,30.0,30.0,30.0,0.0,132.0,132.0,132.0,0.0,53.66,87.057,154.0,3.0,3.0,3.0,0.0,3.0,3.0,4.0,4.0,0.0,4.0,4.0,0,0,0,0,30.0,132.0,0,0,0,0,0,0,0,0,1.0,88.5,30.0,132.0,0,0,0,0,0,0,2,60,2,264,-1,-1,1,32,0.0,0.0,0.0,0.0,0.0,0.0,0.0,0.0
57678,443,6,386.0,4898.0,201.0,0.0,47.75,74.7773,1460.0,0.0,918.3333,678.9071,402757.88,1405232.602,5050997.0,3.0,5250797.0,640114.57,1786445.255,5050997.0,3.0,83484.0,14886.8,28061.365,42236.0,48.0,0,0,0,0,0.0,1460.0,0,0,0,1,0,0,0,0,0.0,388.2125,47.75,918.3333,0,0,0,0,0,0,8,386,6,4898,8192,946,7,20,383374.0,0.0,383374.0,383374.0,5050939.0,0.0,5050999.0,5050919.0
51879,443,6,3720.0,2177.0,1612.0,0.0,349.0,685.23,597.0,0.0,126.7273,276.0374,490140.13,1929738.354,9957654.0,10.0,10102398.0,1013243.44,3740961.383,9957654.0,4279.0,10230059.0,816470.4,2197910.305,9999738.0,366.0,0,0,0,0,0.0,1512.0,0,0,0,1,0,0,0,0,1.0,275.5885,349.0,126.7273,0,0,0,0,0,0,10,3720,11,2177,29200,91,3,32,737562.0,0.0,737562.0,737562.0,9957617.0,0.0,9957657.0,9957617.0
39576,53,17,86.0,154.0,43.0,43.0,43.0,0.0,77.0,77.0,77.0,0.0,16805.0,29366.104,50410.0,3.0,3.0,3.0,0.0,3.0,3.0,57.0,57.0,0.0,57.0,57.0,0,0,0,0,43.0,77.0,0,0,0,0,0,0,0,0,1.0,60.75,43.0,77.0,0,0,0,0,0,0,2,86,2,154,-1,-1,1,32,0.0,0.0,0.0,0.0,0.0,0.0,0.0,0.0
56804,443,6,1085.0,4750.0,321.0,0.0,40.3333,77.6638,1430.0,0.0,190.3915,415.6723,3716376.38,14761661.602,58936576.0,1.0,117806075.0,7394590.91,20647328.193,58937576.0,24.0,117748482.0,7876173.66,19436686.983,59012768.0,1.0,0,0,0,0,0.0,1430.0,0,0,0,1,0,0,0,0,1.0,122.9456,40.3333,190.3915,0,0,0,0,0,0,15,1085,19,4750,8192,360,14,20,157815.0,53653.185,136336.0,59724.0,58612028.5,343038.938,58936571.0,58013028.0
61367,53,17,45.0,114.0,45.0,45.0,45.0,0.0,114.0,114.0,114.0,0.0,31008.0,0.0,31008.0,31008.0,0.0,0.0,0.0,0.0,0.0,0.0,0.0,0.0,0.0,0.0,0,0,0,0,45.0,114.0,0,0,0,0,0,0,0,0,1.0,102.0,45.0,114.0,0,0,0,0,0,0,1,45,1,114,-1,-1,0,32,0.0,0.0,0.0,0.0,0.0,0.0,0.0,0.0
50354,53,17,90.0,210.0,45.0,45.0,45.0,0.0,105.0,105.0,105.0,0.0,15875.33,27425.348,47622.0,3.0,4.0,4.0,0.0,4.0,4.0,3.0,3.0,0.0,3.0,3.0,0,0,0,0,45.0,105.0,0,0,0,0,0,0,0,0,1.0,86.25,45.0,105.0,0,0,0,0,0,0,2,90,2,210,-1,-1,1,32,0.0,0.0,0.0,0.0,0.0,0.0,0.0,0.0
61990,53,17,58.0,74.0,58.0,58.0,58.0,0.0,74.0,74.0,74.0,0.0,31063.0,0.0,31063.0,31063.0,0.0,0.0,0.0,0.0,0.0,0.0,0.0,0.0,0.0,0.0,0,0,0,0,58.0,74.0,0,0,0,0,0,0,0,0,1.0,95.0,58.0,74.0,0,0,0,0,0,0,1,58,1,74,-1,-1,0,32,0.0,0.0,0.0,0.0,0.0,0.0,0.0,0.0
44539,80,6,6.0,6.0,6.0,6.0,6.0,0.0,6.0,6.0,6.0,0.0,72902.0,0.0,72902.0,72902.0,0.0,0.0,0.0,0.0,0.0,0.0,0.0,0.0,0.0,0.0,0,0,0,0,6.0,6.0,0,0,0,0,1,1,0,0,1.0,9.0,6.0,6.0,0,0,0,0,0,0,1,6,1,6,251,947,0,20,0.0,0.0,0.0,0.0,0.0,0.0,0.0,0.0
53712,443,6,2605.0,7861.0,735.0,0.0,104.2609,249.5357,1505.0,0.0,469.1,574.5198,2553878.27,4355292.315,10001850.0,17.0,111235632.0,4742772.56,5048414.643,10047995.0,497.0,111362181.0,5484907.64,5103531.121,10047564.0,212.0,0,0,0,0,0.0,1505.0,0,0,0,1,0,0,0,0,0.0,291.6056,104.2609,469.1,0,0,0,0,0,0,26,2605,20,7861,8192,128,25,20,175768.16,580398.679,1997057.0,33740.0,9996766.83,11761.455,10001859.0,9777104.0
60513,53,17,52.0,116.0,52.0,52.0,52.0,0.0,116.0,116.0,116.0,0.0,631426.0,0.0,631426.0,631426.0,0.0,0.0,0.0,0.0,0.0,0.0,0.0,0.0,0.0,0.0,0,0,0,0,52.0,116.0,0,0,0,0,0,0,0,0,1.0,110.0,52.0,116.0,0,0,0,0,0,0,1,52,1,116,-1,-1,0,32,0.0,0.0,0.0,0.0,0.0,0.0,0.0,0.0
443,49756,6,12.0,0.0,6.0,6.0,6.0,0.0,0.0,0.0,0.0,0.0,248.0,0.0,248.0,248.0,248.0,248.0,0.0,248.0,248.0,0.0,0.0,0.0,0.0,0.0,0,0,0,0,6.0,6.0,0,0,0,0,1,0,0,0,0.0,9.0,6.0,0.0,0,0,0,0,0,0,2,12,0,0,127,-1,1,20,0.0,0.0,0.0,0.0,0.0,0.0,0.0,0.0
80,63466,6,0.0,0.0,0.0,0.0,0.0,0.0,0.0,0.0,0.0,0.0,31.0,0.0,31.0,31.0,0.0,0.0,0.0,0.0,0.0,0.0,0.0,0.0,0.0,0.0,0,0,0,0,0.0,0.0,0,0,0,0,1,1,0,0,1.0,0.0,0.0,0.0,0,0,0,0,0,0,1,0,1,0,105,33304,0,32,0.0,0.0,0.0,0.0,0.0,0.0,0.0,0.0
62394,53,17,51.0,112.0,51.0,51.0,51.0,0.0,112.0,112.0,112.0,0.0,30647.0,0.0,30647.0,30647.0,0.0,0.0,0.0,0.0,0.0,0.0,0.0,0.0,0.0,0.0,0,0,0,0,51.0,112.0,0,0,0,0,0,0,0,0,1.0,107.0,51.0,112.0,0,0,0,0,0,0,1,51,1,112,-1,-1,0,32,0.0,0.0,0.0,0.0,0.0,0.0,0.0,0.0
63506,443,6,12.0,0.0,6.0,6.0,6.0,0.0,0.0,0.0,0.0,0.0,10787997.0,0.0,10787997.0,10787997.0,10787997.0,10787997.0,0.0,10787997.0,10787997.0,0.0,0.0,0.0,0.0,0.0,0,0,0,0,6.0,6.0,0,0,0,0,1,0,0,0,0.0,9.0,6.0,0.0,0,0,0,0,0,0,2,12,0,0,256,-1,1,20,0.0,0.0,0.0,0.0,0.0,0.0,0.0,0.0
443,4010,6,12.0,0.0,6.0,6.0,6.0,0.0,0.0,0.0,0.0,0.0,4.0,0.0,4.0,4.0,4.0,4.0,0.0,4.0,4.0,0.0,0.0,0.0,0.0,0.0,0,0,0,0,6.0,6.0,0,0,0,0,1,0,0,0,0.0,9.0,6.0,0.0,0,0,0,0,0,0,2,12,0,0,137,-1,1,20,0.0,0.0,0.0,0.0,0.0,0.0,0.0,0.0
53392,53,17,144.0,258.0,36.0,36.0,36.0,0.0,129.0,129.0,129.0,0.0,12227.0,16832.622,30760.0,3.0,30747.0,10289.66,17712.614,30730.0,3.0,3.0,3.0,0.0,3.0,3.0,0,0,0,0,36.0,129.0,0,0,0,0,0,0,0,0,0.0,73.6667,36.0,129.0,0,0,0,0,0,0,4,144,2,258,-1,-1,3,20,0.0,0.0,0.0,0.0,0.0,0.0,0.0,0.0
62137,53,17,107.0,185.0,56.0,41.0,53.5,4.9497,116.0,107.0,142.5,2.028,24289436.66,48764511.447,82795700.0,30135.0,82744433.0,82744433.0,0.0,82744433.0,82744433.0,82756607.0,82756607.0,0.0,82756607.0,82756607.0,0,0,0,0,41.0,116.0,0,0,0,0,0,0,0,0,1.0,100.0,53.5,142.5,0,0,0,0,0,0,2,107,2,185,-1,-1,1,20,77312.0,0.0,77312.0,77312.0,82795767.0,0.0,82795767.0,82795767.0
25649,53,17,90.0,172.0,45.0,45.0,45.0,0.0,86.0,86.0,86.0,0.0,10357.66,17905.797,31066.0,1.0,4.0,4.0,0.0,4.0,4.0,1.0,1.0,0.0,1.0,1.0,0,0,0,0,45.0,86.0,0,0,0,0,0,0,0,0,1.0,76.75,45.0,86.0,0,0,0,0,0,0,2,90,2,172,-1,-1,1,20,0.0,0.0,0.0,0.0,0.0,0.0,0.0,0.0
53732,53,17,80.0,112.0,40.0,40.0,40.0,0.0,56.0,56.0,56.0,0.0,64.33,73.3,141.0,3.0,48.0,48.0,0.0,48.0,48.0,3.0,3.0,0.0,3.0,3.0,0,0,0,0,40.0,56.0,0,0,0,0,0,0,0,0,1.0,58.0,40.0,56.0,0,0,0,0,0,0,2,80,2,112,-1,-1,1,20,0.0,0.0,0.0,0.0,0.0,0.0,0.0,0.0
63489,53,17,82.0,340.0,41.0,41.0,41.0,0.0,170.0,170.0,170.0,0.0,63.66,107.092,185.0,1.0,1.0,1.0,0.0,1.0,1.0,1.0,1.0,0.0,1.0,1.0,0,0,0,0,41.0,170.0,0,0,0,0,0,0,0,0,1.0,115.75,41.0,170.0,0,0,0,0,0,0,2,82,2,340,-1,-1,1,32,0.0,0.0,0.0,0.0,0.0,0.0,0.0,0.0
443,49084,6,6.0,6.0,6.0,6.0,6.0,0.0,6.0,6.0,6.0,0.0,21.0,0.0,21.0,21.0,0.0,0.0,0.0,0.0,0.0,0.0,0.0,0.0,0.0,0.0,0,0,0,0,6.0,6.0,0,0,0,0,1,1,0,0,1.0,9.0,6.0,6.0,0,0,0,0,0,0,1,6,1,6,60,251,0,20,0.0,0.0,0.0,0.0,0.0,0.0,0.0,0.0
52671,443,6,914.0,1721.0,615.0,0.0,143.5714,247.3787,1680.0,0.0,465.4286,695.3178,6820.07,10837.36,23496.0,1.0,56873.0,11024.83,10920.425,24752.0,113.0,50074.0,12012.66,11145.092,23436.0,1.0,0,0,0,0,0.0,1680.0,0,0,0,1,0,0,0,0,1.0,341.35,143.5714,465.4286,0,0,0,0,0,0,7,914,7,1721,8192,33,6,20,0.0,0.0,0.0,0.0,0.0,0.0,0.0,0.0
443,52732,6,0.0,0.0,0.0,0.0,0.0,0.0,0.0,0.0,0.0,0.0,69.0,0.0,69.0,69.0,0.0,0.0,0.0,0.0,0.0,0.0,0.0,0.0,0.0,0.0,0,0,0,0,0.0,0.0,0,0,0,0,1,0,0,0,1.0,0.0,0.0,0.0,0,0,0,0,0,0,1,0,1,0,66,33304,0,32,0.0,0.0,0.0,0.0,0.0,0.0,0.0,0.0
56911,443,6,657.0,33993.0,315.0,0.0,24.0,79.0507,4380.0,0.0,1599.0,1168.2155,27951.3,155234.269,861834.0,1.0,1645864.0,43260.25,184908.191,861314.0,126.0,460475.0,28496.28,30104.437,263338.0,1.0,0,0,0,0,0.0,4380.0,0,0,0,1,0,0,0,0,1.0,884.6162,24.0,1599.0,0,0,0,0,0,0,25,657,28,33993,29200,32,24,20,0.0,0.0,0.0,0.0,0.0,0.0,0.0,0.0
62899,53,17,69.0,75.0,69.0,69.0,69.0,0.0,75.0,75.0,75.0,0.0,30402.0,0.0,30402.0,30402.0,0.0,0.0,0.0,0.0,0.0,0.0,0.0,0.0,0.0,0.0,0,0,0,0,69.0,75.0,0,0,0,0,0,0,0,0,1.0,96.5,69.0,75.0,0,0,0,0,0,0,1,69,1,75,-1,-1,0,20,0.0,0.0,0.0,0.0,0.0,0.0,0.0,0.0
50912,443,6,490.0,653.0,330.0,0.0,81.6667,136.1142,457.0,0.0,84.125,127.1798,26847.62,36457.366,89206.0,4.0,360391.0,52020.2,31598.874,90246.0,45355.0,286334.0,48213.85,46175.831,132179.0,4.0,0,0,0,0,0.0,457.0,0,0,0,1,0,0,0,0,1.0,83.2333,81.6667,84.125,0,0,0,0,0,0,6,490,8,653,65535,114,3,32,0.0,0.0,0.0,0.0,0.0,0.0,0.0,0.0
39850,53,17,82.0,254.0,41.0,41.0,41.0,0.0,127.0,127.0,127.0,0.0,10548.0,18289.927,31648.0,1.0,1.0,1.0,0.0,1.0,1.0,48.0,48.0,0.0,48.0,48.0,0,0,0,0,41.0,127.0,0,0,0,0,0,0,0,0,1.0,94.25,41.0,127.0,0,0,0,0,0,0,2,82,2,254,-1,-1,1,40,0.0,0.0,0.0,0.0,0.0,0.0,0.0,0.0
60275,53,17,40.0,204.0,40.0,40.0,40.0,0.0,204.0,204.0,204.0,0.0,90804.0,0.0,90804.0,90804.0,0.0,0.0,0.0,0.0,0.0,0.0,0.0,0.0,0.0,0.0,0,0,0,0,40.0,204.0,0,0,0,0,0,0,0,0,1.0,142.0,40.0,204.0,0,0,0,0,0,0,1,40,1,204,-1,-1,0,32,0.0,0.0,0.0,0.0,0.0,0.0,0.0,0.0
24414,53,17,62.0,146.0,31.0,31.0,31.0,0.0,73.0,73.0,73.0,0.0,30165.0,52223.21,90498.0,1.0,1.0,1.0,0.0,1.0,1.0,3.0,3.0,0.0,3.0,3.0,0,0,0,0,31.0,73.0,0,0,0,0,0,0,0,0,1.0,69.75,31.0,73.0,0,0,0,0,0,0,2,62,2,146,-1,-1,1,32,0.0,0.0,0.0,0.0,0.0,0.0,0.0,0.0
56291,443,6,1096.0,5286.0,625.0,0.0,137.75,226.2418,1460.0,0.0,549.2857,656.8806,415876.87,1485476.613,5570206.0,19.0,6113586.0,870677.0,1986887.188,5570206.0,4909.0,53424.0,7372.0,11867.652,23918.0,48.0,0,0,0,0,0.0,1460.0,0,0,0,1,0,0,0,0,0.0,368.925,137.75,549.2857,0,0,0,0,0,0,8,1096,7,5286,8192,8515,7,20,0.0,0.0,0.0,0.0,0.0,0.0,0.0,0.0
41748,53,17,84.0,228.0,42.0,42.0,42.0,0.0,114.0,114.0,114.0,0.0,90.33,151.458,266.0,0.0,0.0,0.0,0.0,0.0,0.0,3.0,3.0,0.0,3.0,3.0,0,0,0,0,42.0,114.0,0,0,0,0,0,0,0,0,1.0,88.5,42.0,114.0,0,0,0,0,0,0,2,84,2,228,-1,-1,1,32,0.0,0.0,0.0,0.0,0.0,0.0,0.0,0.0
41890,443,6,1715.0,6186.0,152.0,0.0,85.6091,96.2852,1418.0,0.0,451.2,591.9698,1509247.19,3409382.148,10026427.0,1.0,94826695.0,3422149.84,4855797.719,10079923.0,196.0,94050282.0,4247148.11,4952670.291,10080379.0,1.0,0,0,0,0,0.0,1418.0,0,0,0,1,0,0,0,0,1.0,253.0,85.6091,451.2,0,0,0,0,0,0,27,1715,30,6186,29200,364,7,32,365673.75,1400174.562,3628349.0,46714.0,9992977.71,407283.667,10026425.0,9966402.0
53181,53,17,84.0,310.0,42.0,42.0,42.0,0.0,155.0,155.0,155.0,0.0,66.66,110.173,193.0,3.0,3.0,3.0,0.0,3.0,3.0,4.0,4.0,0.0,4.0,4.0,0,0,0,0,42.0,155.0,0,0,0,0,0,0,0,0,1.0,109.0,42.0,155.0,0,0,0,0,0,0,2,84,2,310,-1,-1,1,20,0.0,0.0,0.0,0.0,0.0,0.0,0.0,0.0
65040,53,17,60.0,264.0,30.0,30.0,30.0,0.0,132.0,132.0,132.0,0.0,60.33,98.439,174.0,3.0,3.0,3.0,0.0,3.0,3.0,4.0,4.0,0.0,4.0,4.0,0,0,0,0,30.0,132.0,0,0,0,0,0,0,0,0,1.0,88.5,30.0,132.0,0,0,0,0,0,0,2,60,2,264,-1,-1,1,32,0.0,0.0,0.0,0.0,0.0,0.0,0.0,0.0
13154,53,17,84.0,204.0,42.0,42.0,42.0,0.0,102.0,102.0,102.0,0.0,9136.0,15690.653,27306.0,1.0,4.0,4.0,0.0,4.0,4.0,1.0,1.0,0.0,1.0,1.0,0,0,0,0,42.0,102.0,0,0,0,0,0,0,0,0,1.0,82.5,42.0,102.0,0,0,0,0,0,0,2,84,2,204,-1,-1,1,32,0.0,0.0,0.0,0.0,0.0,0.0,0.0,0.0
443,56499,6,0.0,0.0,0.0,0.0,0.0,0.0,0.0,0.0,0.0,0.0,45.0,0.0,45.0,45.0,0.0,0.0,0.0,0.0,0.0,0.0,0.0,0.0,0.0,0.0,0,0,0,0,0.0,0.0,0,0,0,0,1,1,0,0,1.0,0.0,0.0,0.0,0,0,0,0,0,0,1,0,1,0,349,32832,0,32,0.0,0.0,0.0,0.0,0.0,0.0,0.0,0.0
51899,12261,6,19897.0,0.0,2820.0,0.0,1329.4667,2136.5708,0.0,0.0,0.0,0.0,873.35,1551.626,6739.0,0.0,16467.0,981.27,3143.486,6739.0,1.0,11058.0,2496.6,3625.45,4853.0,0.0,0,0,0,0,0.0,2820.0,0,0,0,1,1,0,0,0,0.0,1029.4762,1329.4667,0.0,0,0,0,0,0,0,15,19897,6,0,8192,362,13,20,0.0,0.0,0.0,0.0,0.0,0.0,0.0,0.0
60745,53,17,56.0,111.0,56.0,56.0,56.0,0.0,111.0,111.0,111.0,0.0,24578.0,0.0,24578.0,24578.0,0.0,0.0,0.0,0.0,0.0,0.0,0.0,0.0,0.0,0.0,0,0,0,0,56.0,111.0,0,0,0,0,0,0,0,0,1.0,111.5,56.0,111.0,0,0,0,0,0,0,1,56,1,111,-1,-1,0,32,0.0,0.0,0.0,0.0,0.0,0.0,0.0,0.0
59336,443,6,617.0,164.0,517.0,0.0,88.1429,189.989,152.0,0.0,41.0,74.054,557204.7,1649155.246,5300110.0,3.0,5433042.0,924302.33,2257187.988,5483315.0,3.0,81670.0,20223.33,30221.076,69763.0,409.0,0,0,0,0,0.0,517.0,0,0,0,1,0,0,0,0,0.0,71.0,88.1429,41.0,0,0,0,0,0,0,7,617,4,164,29200,30,6,20,100179.0,0.0,100179.0,100179.0,5300125.0,0.0,5300125.0,5300125.0
60968,53,17,41.0,114.0,41.0,41.0,41.0,0.0,114.0,114.0,114.0,0.0,121024.0,0.0,121024.0,121024.0,0.0,0.0,0.0,0.0,0.0,0.0,0.0,0.0,0.0,0.0,0,0,0,0,41.0,114.0,0,0,0,0,0,0,0,0,1.0,98.0,41.0,114.0,0,0,0,0,0,0,1,41,1,114,-1,-1,0,32,0.0,0.0,0.0,0.0,0.0,0.0,0.0,0.0
53309,443,6,0.0,0.0,0.0,0.0,0.0,0.0,0.0,0.0,0.0,0.0,26324.0,37250.224,52638.0,0.0,0.0,0.0,0.0,0.0,0.0,83435.0,83435.0,0.0,83435.0,83435.0,0,0,0,0,0.0,0.0,0,0,0,0,1,1,0,0,2.0,0.0,0.0,0.0,0,0,0,0,0,0,1,0,2,0,32832,357,0,32,0.0,0.0,0.0,0.0,0.0,0.0,0.0,0.0
55102,443,6,726.0,975.0,469.0,0.0,72.0,147.7084,837.0,0.0,242.75,400.1313,19852.07,36692.917,87159.0,16.0,270602.0,30674.11,43908.677,82655.0,48.0,180360.0,45113.66,51479.906,80938.0,2232.0,0,0,0,0,0.0,837.0,0,0,0,1,0,0,0,0,0.0,122.9444,72.0,242.75,0,0,0,0,0,0,10,726,4,975,65535,61,5,32,0.0,0.0,0.0,0.0,0.0,0.0,0.0,0.0
53972,53,17,80.0,112.0,40.0,40.0,40.0,0.0,56.0,56.0,56.0,0.0,69.66,110.973,208.0,3.0,4.0,4.0,0.0,4.0,4.0,3.0,3.0,0.0,3.0,3.0,0,0,0,0,40.0,56.0,0,0,0,0,0,0,0,0,1.0,58.0,40.0,56.0,0,0,0,0,0,0,2,80,2,112,-1,-1,1,44,0.0,0.0,0.0,0.0,0.0,0.0,0.0,0.0
56105,53,17,66.0,386.0,33.0,33.0,33.0,0.0,193.0,193.0,193.0,0.0,94.33,157.033,279.0,1.0,1.0,1.0,0.0,1.0,1.0,3.0,3.0,0.0,3.0,3.0,0,0,0,0,33.0,193.0,0,0,0,0,0,0,0,0,1.0,121.25,33.0,193.0,0,0,0,0,0,0,2,66,2,386,-1,-1,1,20,0.0,0.0,0.0,0.0,0.0,0.0,0.0,0.0
38762,443,6,2482.0,65197.0,638.0,0.0,62.4742,158.0021,4196.0,0.0,1359.8474,1075.8468,1499308.71,3548098.267,10214209.0,1.0,119736822.0,3195713.21,4797179.475,10240015.0,4.0,116135107.0,2966968.86,4114817.078,10240289.0,1.0,0,0,0,0,0.0,4196.0,0,0,0,1,0,0,0,0,1.0,814.1862,62.4742,1359.8474,0,0,0,0,0,0,47,2482,52,65197,29200,1131,8,32,436399.27,1844078.317,4703593.0,23095.0,10197485.0,61082.979,10214203.0,10000822.0
54287,53,17,72.0,328.0,36.0,36.0,36.0,0.0,164.0,164.0,164.0,0.0,73.33,120.639,219.0,4.0,4.0,4.0,0.0,4.0,4.0,4.0,4.0,0.0,4.0,4.0,0,0,0,0,36.0,164.0,0,0,0,0,0,0,0,0,1.0,109.0,36.0,164.0,0,0,0,0,0,0,2,72,2,328,-1,-1,1,20,0.0,0.0,0.0,0.0,0.0,0.0,0.0,0.0
61507,53,17,67.0,125.0,67.0,67.0,67.0,0.0,125.0,125.0,125.0,0.0,47101.0,0.0,47101.0,47101.0,0.0,0.0,0.0,0.0,0.0,0.0,0.0,0.0,0.0,0.0,0,0,0,0,67.0,125.0,0,0,0,0,0,0,0,0,1.0,129.5,67.0,125.0,0,0,0,0,0,0,1,67,1,125,-1,-1,0,32,0.0,0.0,0.0,0.0,0.0,0.0,0.0,0.0
24831,53,17,46.0,46.0,23.0,23.0,23.0,0.0,23.0,23.0,23.0,0.0,57.66,97.066,164.0,0.0,0.0,0.0,0.0,0.0,0.0,1.0,1.0,0.0,1.0,1.0,0,0,0,0,23.0,23.0,0,0,0,0,0,0,0,0,1.0,28.75,23.0,23.0,0,0,0,0,0,0,2,46,2,46,-1,-1,1,32,0.0,0.0,0.0,0.0,0.0,0.0,0.0,0.0
38556,53,17,70.0,102.0,35.0,35.0,35.0,0.0,51.0,51.0,51.0,0.0,10238.66,17668.75,30618.0,3.0,3.0,3.0,0.0,3.0,3.0,3.0,3.0,0.0,3.0,3.0,0,0,0,0,35.0,51.0,0,0,0,0,0,0,0,0,1.0,51.75,35.0,51.0,0,0,0,0,0,0,2,70,2,102,-1,-1,1,20,0.0,0.0,0.0,0.0,0.0,0.0,0.0,0.0
45699,443,6,394.0,3904.0,207.0,0.0,49.5,73.3724,1448.0,0.0,610.8,673.5844,350116.0,1255450.057,4954389.0,4.0,5126665.0,686657.0,1645103.76,4954389.0,4.0,85041.0,11165.75,27878.354,48857.0,47.0,0,0,0,0,0.0,1448.0,0,0,0,1,0,0,0,0,0.0,299.4714,49.5,610.8,0,0,0,0,0,0,8,394,5,3904,29200,110,3,32,0.0,0.0,0.0,0.0,0.0,0.0,0.0,0.0
443,51680,6,0.0,0.0,0.0,0.0,0.0,0.0,0.0,0.0,0.0,0.0,203.0,0.0,203.0,203.0,203.0,203.0,0.0,203.0,203.0,0.0,0.0,0.0,0.0,0.0,0,0,0,0,0.0,0.0,0,0,0,0,1,0,0,0,0.0,0.0,0.0,0.0,0,0,0,0,0,0,2,0,0,0,170,-1,0,32,0.0,0.0,0.0,0.0,0.0,0.0,0.0,0.0
58669,53,17,172.0,480.0,43.0,43.0,43.0,0.0,120.0,120.0,120.0,0.0,27489.0,45421.901,105933.0,3.0,145352.0,48484.0,82423.978,145247.0,3.0,116169.0,38043.0,57131.853,116071.0,4.0,0,0,0,0,43.0,120.0,0,0,0,0,0,0,0,0,1.0,87.5,43.0,120.0,0,0,0,0,0,0,4,172,4,480,-1,-1,3,20,0.0,0.0,0.0,0.0,0.0,0.0,0.0,0.0
62369,443,6,902.0,5642.0,534.0,0.0,61.1111,155.0753,1448.0,0.0,505.7778,634.2765,14955.37,25003.643,60632.0,2.0,337959.0,22615.76,31697.328,60606.0,48.0,290829.0,34193.9,53406.444,106316.0,48.0,0,0,0,0,0.0,1448.0,0,0,0,1,0,0,0,0,0.0,247.2333,61.1111,505.7778,0,0,0,0,0,0,14,902,11,5642,65535,114,6,32,0.0,0.0,0.0,0.0,0.0,0.0,0.0,0.0
57679,53,17,168.0,392.0,84.0,84.0,84.0,0.0,196.0,196.0,196.0,0.0,65.0,101.036,188.0,3.0,4.0,4.0,0.0,4.0,4.0,3.0,3.0,0.0,3.0,3.0,0,0,0,0,84.0,196.0,0,0,0,0,0,0,0,0,1.0,161.0,84.0,196.0,0,0,0,0,0,0,2,168,2,392,-1,-1,1,20,0.0,0.0,0.0,0.0,0.0,0.0,0.0,0.0
60106,53,17,51.0,67.0,51.0,51.0,51.0,0.0,67.0,67.0,67.0,0.0,30339.0,0.0,30339.0,30339.0,0.0,0.0,0.0,0.0,0.0,0.0,0.0,0.0,0.0,0.0,0,0,0,0,51.0,67.0,0,0,0,0,0,0,0,0,1.0,84.5,51.0,67.0,0,0,0,0,0,0,1,51,1,67,-1,-1,0,20,0.0,0.0,0.0,0.0,0.0,0.0,0.0,0.0
60845,53,17,44.0,218.0,44.0,44.0,44.0,0.0,218.0,218.0,218.0,0.0,61403.0,0.0,61403.0,61403.0,0.0,0.0,0.0,0.0,0.0,0.0,0.0,0.0,0.0,0.0,0,0,0,0,44.0,218.0,0,0,0,0,0,0,0,0,1.0,153.0,44.0,218.0,0,0,0,0,0,0,1,44,1,218,-1,-1,0,32,0.0,0.0,0.0,0.0,0.0,0.0,0.0,0.0
16930,53,17,102.0,144.0,51.0,51.0,51.0,0.0,72.0,72.0,72.0,0.0,10248.33,17735.331,30738.0,1.0,1.0,1.0,0.0,1.0,1.0,3.0,3.0,0.0,3.0,3.0,0,0,0,0,51.0,72.0,0,0,0,0,0,0,0,0,1.0,76.25,51.0,72.0,0,0,0,0,0,0,2,102,2,144,-1,-1,1,32,0.0,0.0,0.0,0.0,0.0,0.0,0.0,0.0
60959,53,17,112.0,274.0,62.0,50.0,56.0,9.8995,172.0,108.0,137.0,75.2543,3907956.33,5163186.755,9858428.0,30472.0,9960054.0,9960054.0,0.0,9960054.0,9960054.0,9869711.0,9869711.0,0.0,9869711.0,9869711.0,0,0,0,0,50.0,172.0,0,0,0,0,0,0,0,0,1.0,106.75,56.0,137.0,0,0,0,0,0,0,2,112,2,274,-1,-1,1,20,31453.0,0.0,31453.0,31453.0,9858497.0,0.0,9858421.0,9858497.0
443,64889,6,6.0,6.0,6.0,6.0,6.0,0.0,6.0,6.0,6.0,0.0,49.0,0.0,49.0,49.0,0.0,0.0,0.0,0.0,0.0,0.0,0.0,0.0,0.0,0.0,0,0,0,0,6.0,6.0,0,0,0,0,1,1,0,0,1.0,9.0,6.0,6.0,0,0,0,0,0,0,1,6,1,6,32,32850,0,20,0.0,0.0,0.0,0.0,0.0,0.0,0.0,0.0
64736,53,17,102.0,218.0,51.0,51.0,51.0,0.0,109.0,109.0,109.0,0.0,30237.66,52108.878,90658.0,3.0,3.0,3.0,0.0,3.0,3.0,4.0,4.0,0.0,4.0,4.0,0,0,0,0,51.0,109.0,0,0,0,0,0,0,0,0,1.0,97.75,51.0,109.0,0,0,0,0,0,0,2,102,2,218,-1,-1,1,32,0.0,0.0,0.0,0.0,0.0,0.0,0.0,0.0
55050,443,6,713.0,479.0,469.0,0.0,71.3,147.2874,341.0,0.0,95.8,149.5299,5526.0,9352.614,23583.0,4.0,96137.0,8850.11,11952.687,27598.0,4.0,51050.0,12820.5,13847.077,24198.0,315.0,0,0,0,0,0.0,469.0,0,0,0,1,0,0,0,0,0.0,79.4667,71.3,95.8,0,0,0,0,0,0,10,713,5,479,65535,972,5,32,0.0,0.0,0.0,0.0,0.0,0.0,0.0,0.0
61177,53,17,51.0,165.0,51.0,51.0,51.0,0.0,165.0,165.0,165.0,0.0,95643.0,0.0,95643.0,95643.0,0.0,0.0,0.0,0.0,0.0,0.0,0.0,0.0,0.0,0.0,0,0,0,0,51.0,165.0,0,0,0,0,0,0,0,0,1.0,133.5,51.0,165.0,0,0,0,0,0,0,1,51,1,165,-1,-1,0,20,0.0,0.0,0.0,0.0,0.0,0.0,0.0,0.0
32002,443,6,12.0,0.0,6.0,6.0,6.0,0.0,0.0,0.0,0.0,0.0,3.0,0.0,3.0,3.0,3.0,3.0,0.0,3.0,3.0,0.0,0.0,0.0,0.0,0.0,0,0,0,0,6.0,6.0,1,0,0,0,0,0,0,0,0.0,9.0,6.0,0.0,0,0,0,0,0,0,2,12,0,0,0,-1,1,20,0.0,0.0,0.0,0.0,0.0,0.0,0.0,0.0
39390,80,6,12.0,0.0,6.0,0.0,4.0,3.4641,0.0,0.0,0.0,0.0,1994426.33,3218768.087,5665290.0,82.0,5982268.0,2991134.0,4011561.993,5665290.0,15658.0,0.0,0.0,0.0,0.0,0.0,0,0,0,0,0.0,6.0,0,0,0,1,0,0,0,0,0.0,3.0,4.0,0.0,0,0,0,0,0,0,3,12,1,0,29200,29200,2,20,0.0,0.0,0.0,0.0,0.0,0.0,0.0,0.0
62130,53,17,59.0,75.0,59.0,59.0,59.0,0.0,75.0,75.0,75.0,0.0,30931.0,0.0,30931.0,30931.0,0.0,0.0,0.0,0.0,0.0,0.0,0.0,0.0,0.0,0.0,0,0,0,0,59.0,75.0,0,0,0,0,0,0,0,0,1.0,96.5,59.0,75.0,0,0,0,0,0,0,1,59,1,75,-1,-1,0,20,0.0,0.0,0.0,0.0,0.0,0.0,0.0,0.0
60367,443,6,611.0,166.0,517.0,0.0,101.8333,204.3051,160.0,0.0,55.3333,90.6936,619611.28,1872784.631,5776930.0,3.0,6985338.0,1109889.6,2507365.833,5826573.0,3.0,873519.0,171203.5,203568.003,868623.0,32199.0,0,0,0,0,0.0,517.0,0,0,0,1,0,0,0,0,0.0,86.0,101.8333,55.3333,0,0,0,0,0,0,6,611,3,166,8192,60,5,20,486773.0,0.0,486773.0,486773.0,5776964.0,0.0,5776964.0,5776964.0
55109,53,17,168.0,664.0,84.0,84.0,84.0,0.0,332.0,332.0,332.0,0.0,10442.0,17901.578,31328.0,48.0,48.0,48.0,0.0,48.0,48.0,49.0,49.0,0.0,49.0,49.0,0,0,0,0,84.0,332.0,0,0,0,0,0,0,0,0,1.0,199.0,84.0,332.0,0,0,0,0,0,0,2,168,2,664,-1,-1,1,20,0.0,0.0,0.0,0.0,0.0,0.0,0.0,0.0
45380,443,6,12.0,100000.0,6.0,0.0,4.0,3.4641,2000.0,0.0,1300.0,648.9171,50133.3,107688.267,285556.0,1.0,441651.0,105985.5,146342.842,285558.0,1.0,0.0,0.0,0.0,0.0,0.0,0,0,0,0,0.0,2006.0,0,0,0,1,0,0,0,0,1.0,833.0,4.0,1300.0,0,0,0,0,0,0,13,12,70,100000,29200,-1,12,20,0.0,0.0,0.0,0.0,0.0,0.0,0.0,0.0
443,56865,6,6.0,6.0,6.0,6.0,6.0,0.0,6.0,6.0,6.0,0.0,56.0,0.0,56.0,56.0,0.0,0.0,0.0,0.0,0.0,0.0,0.0,0.0,0.0,0.0,0,0,0,0,6.0,6.0,0,0,0,0,1,1,0,0,1.0,9.0,6.0,6.0,0,0,0,0,0,0,1,6,1,6,123,255,0,20,0.0,0.0,0.0,0.0,0.0,0.0,0.0,0.0
2373,80,6,472.0,1873.0,430.0,0.0,62.5,166.0287,1963.0,0.0,357.8333,668.0163,2729273.63,4429737.558,10007727.0,44.0,30466750.0,5724198.0,5436315.814,10104443.0,3169.0,35385560.0,5320945.2,4709163.014,10107449.0,3420.0,0,0,0,0,0.0,1963.0,0,0,0,1,0,0,0,0,1.0,223.5,62.5,357.8333,0,0,0,0,0,0,8,472,6,1873,8192,946,7,20,88974.25,16368.078,99263.0,23246.0,10004114.0,46.666,10007724.0,9998849.0
443,59645,6,0.0,18.0,0.0,0.0,0.0,0.0,6.0,6.0,6.0,0.0,128.66,106.16,278.0,1.0,0.0,0.0,0.0,0.0,0.0,4.0,2.0,1.414,3.0,1.0,0,0,0,0,0.0,6.0,0,0,0,0,1,0,0,0,3.0,4.5,0.0,6.0,0,0,0,0,0,0,1,0,3,18,1120,0,0,32,0.0,0.0,0.0,0.0,0.0,0.0,0.0,0.0
33851,53,17,46.0,46.0,23.0,23.0,23.0,0.0,23.0,23.0,23.0,0.0,67.33,118.262,205.0,0.0,1.0,1.0,0.0,1.0,1.0,0.0,0.0,0.0,0.0,0.0,0,0,0,0,23.0,23.0,0,0,0,0,0,0,0,0,1.0,28.75,23.0,23.0,0,0,0,0,0,0,2,46,2,46,-1,-1,1,20,0.0,0.0,0.0,0.0,0.0,0.0,0.0,0.0
60675,53,17,160.0,194.0,40.0,40.0,40.0,0.0,97.0,97.0,97.0,0.0,6267.0,13773.331,30741.0,3.0,30749.0,10283.66,17761.547,30741.0,3.0,3.0,3.0,0.0,3.0,3.0,0,0,0,0,40.0,97.0,0,0,0,0,0,0,0,0,0.0,67.6667,40.0,97.0,0,0,0,0,0,0,4,160,2,194,-1,-1,3,20,0.0,0.0,0.0,0.0,0.0,0.0,0.0,0.0
60537,443,6,2151.0,7933.0,1448.0,0.0,158.3125,386.5591,1781.0,0.0,503.6364,742.592,13917.89,27353.236,99554.0,1.0,352569.0,27648.61,38739.458,99539.0,1.0,213391.0,28128.5,34106.107,98471.0,4.0,0,0,0,0,0.0,1781.0,0,0,0,1,0,0,0,0,0.0,346.1067,158.3125,503.6364,0,0,0,0,0,0,16,2151,11,7933,65535,11,6,32,0.0,0.0,0.0,0.0,0.0,0.0,0.0,0.0
50679,443,6,135.0,46.0,46.0,6.0,27.0,20.1246,46.0,46.0,46.0,0.0,1105280.4,2624619.708,6050552.0,3.0,6018206.0,1259726.5,2572904.939,6050552.0,3.0,0.0,0.0,0.0,0.0,0.0,1,0,0,0,6.0,46.0,0,1,0,0,1,0,0,0,0.0,37.8333,27.0,46.0,0,0,0,0,0,0,5,135,1,46,16427,360,4,20,47318.0,0.0,47318.0,47318.0,6050584.0,0.0,6050584.0,6050584.0
64241,53,17,68.0,100.0,34.0,34.0,34.0,0.0,50.0,50.0,50.0,0.0,10271.33,17744.202,30708.0,3.0,3.0,3.0,0.0,3.0,3.0,3.0,3.0,0.0,3.0,3.0,0,0,0,0,34.0,50.0,0,0,0,0,0,0,0,0,1.0,50.5,34.0,50.0,0,0,0,0,0,0,2,68,2,100,-1,-1,1,20,0.0,0.0,0.0,0.0,0.0,0.0,0.0,0.0
11552,53,17,66.0,98.0,33.0,33.0,33.0,0.0,49.0,49.0,49.0,0.0,16870.0,29078.961,50505.0,3.0,3.0,3.0,0.0,3.0,3.0,3.0,3.0,0.0,3.0,3.0,0,0,0,0,33.0,49.0,0,0,0,0,0,0,0,0,1.0,49.25,33.0,49.0,0,0,0,0,0,0,2,66,2,98,-1,-1,1,32,0.0,0.0,0.0,0.0,0.0,0.0,0.0,0.0
56166,80,6,436.0,1760.0,436.0,0.0,87.2,194.9851,1768.0,0.0,594.0,1094.8479,11159.42,17981.578,32064.0,36.0,68409.0,16652.25,17286.276,32594.0,464.0,33015.0,16501.5,27641.389,32149.0,568.0,0,0,0,0,0.0,1768.0,0,0,0,1,0,0,0,0,0.0,277.25,87.2,594.0,0,0,0,0,0,0,5,436,3,1760,65535,118,1,32,0.0,0.0,0.0,0.0,0.0,0.0,0.0,0.0
80,49426,6,0.0,0.0,0.0,0.0,0.0,0.0,0.0,0.0,0.0,0.0,65.0,0.0,65.0,65.0,0.0,0.0,0.0,0.0,0.0,0.0,0.0,0.0,0.0,0.0,0,0,0,0,0.0,0.0,0,0,0,0,1,1,0,0,1.0,0.0,0.0,0.0,0,0,0,0,0,0,1,0,1,0,285,229,0,32,0.0,0.0,0.0,0.0,0.0,0.0,0.0,0.0
80,50402,6,0.0,0.0,0.0,0.0,0.0,0.0,0.0,0.0,0.0,0.0,16.0,0.0,16.0,16.0,0.0,0.0,0.0,0.0,0.0,0.0,0.0,0.0,0.0,0.0,0,0,0,0,0.0,0.0,0,0,0,0,1,1,0,0,1.0,0.0,0.0,0.0,0,0,0,0,0,0,1,0,1,0,119,33304,0,32,0.0,0.0,0.0,0.0,0.0,0.0,0.0,0.0
60857,443,6,1181.0,3633.0,797.0,0.0,128.375,266.957,1448.0,0.0,482.25,629.6881,176471.23,772891.761,2703387.0,1.0,3897404.0,342622.14,870468.756,2703489.0,333.0,60720.0,10070.57,14107.916,23920.0,48.0,0,0,0,0,0.0,1448.0,0,0,0,1,0,0,0,0,0.0,300.6417,128.375,482.25,0,0,0,0,0,0,8,1181,8,3633,65535,126,4,32,0.0,0.0,0.0,0.0,0.0,0.0,0.0,0.0
53803,443,6,1152.0,1119.0,901.0,0.0,115.2,280.343,981.0,0.0,186.5,393.1187,71892.76,228160.07,917416.0,48.0,946270.0,109579.44,214629.738,452617.0,61.0,1842239.0,185909.8,337837.74,917311.0,373.0,0,0,0,0,0.0,981.0,0,0,0,1,0,0,0,0,0.0,141.9375,115.2,186.5,0,0,0,0,0,0,10,1152,6,1119,65535,117,5,32,0.0,0.0,0.0,0.0,0.0,0.0,0.0,0.0
443,54868,6,0.0,0.0,0.0,0.0,0.0,0.0,0.0,0.0,0.0,0.0,72.0,125.763,141.0,4.0,4.0,4.0,0.0,4.0,4.0,0.0,0.0,0.0,0.0,0.0,0,0,0,0,0.0,0.0,0,0,0,0,1,1,0,0,0.0,0.0,0.0,0.0,0,0,0,0,0,0,2,0,1,0,349,32832,0,32,0.0,0.0,0.0,0.0,0.0,0.0,0.0,0.0
59930,443,6,582.0,152.0,517.0,0.0,116.0,225.1011,146.0,0.0,50.4,83.2851,1035609.12,3241033.682,9769896.0,140.0,914629.0,108182.75,227422.36,826152.0,252.0,25417.0,28601.25,38840.253,64020.0,561.0,0,0,0,0,0.0,517.0,0,0,0,1,0,0,0,0,0.0,92.1889,116.0,50.4,0,0,0,0,0,0,5,582,5,152,8192,8143,4,20,0.0,0.0,0.0,0.0,0.0,0.0,0.0,0.0
27555,53,17,72.0,328.0,36.0,36.0,36.0,0.0,164.0,164.0,164.0,0.0,10578.66,18283.06,31624.0,2.0,46.0,46.0,0.0,46.0,46.0,2.0,2.0,0.0,2.0,2.0,0,0,0,0,36.0,164.0,0,0,0,0,0,0,0,0,1.0,109.0,36.0,164.0,0,0,0,0,0,0,2,72,2,328,-1,-1,1,32,0.0,0.0,0.0,0.0,0.0,0.0,0.0,0.0
55579,443,6,12.0,0.0,6.0,6.0,6.0,0.0,0.0,0.0,0.0,0.0,3995.0,0.0,3995.0,3995.0,3995.0,3995.0,0.0,3995.0,3995.0,0.0,0.0,0.0,0.0,0.0,0,0,0,0,6.0,6.0,0,0,0,0,1,0,0,0,0.0,9.0,6.0,0.0,0,0,0,0,0,0,2,12,0,0,258,-1,1,20,0.0,0.0,0.0,0.0,0.0,0.0,0.0,0.0
123,123,17,96.0,96.0,48.0,48.0,48.0,0.0,48.0,48.0,48.0,0.0,22373166.33,38646727.964,66986515.0,29160.0,66999792.0,66999792.0,0.0,66999792.0,66999792.0,66999291.0,66999291.0,0.0,66999291.0,66999291.0,0,0,0,0,48.0,48.0,0,0,0,0,0,0,0,0,1.0,60.0,48.0,48.0,0,0,0,0,0,0,2,96,2,96,-1,-1,1,32,54815.0,0.0,54815.0,54815.0,66986560.0,0.0,66986560.0,66986560.0
443,50734,6,0.0,0.0,0.0,0.0,0.0,0.0,0.0,0.0,0.0,0.0,45.0,0.0,45.0,45.0,0.0,0.0,0.0,0.0,0.0,0.0,0.0,0.0,0.0,0.0,0,0,0,0,0.0,0.0,0,0,0,0,1,0,0,0,1.0,0.0,0.0,0.0,0,0,0,0,0,0,1,0,1,0,357,32832,0,32,0.0,0.0,0.0,0.0,0.0,0.0,0.0,0.0
52085,53,17,84.0,310.0,42.0,42.0,42.0,0.0,155.0,155.0,155.0,0.0,10349.66,17848.183,30947.0,4.0,49.0,49.0,0.0,49.0,49.0,4.0,4.0,0.0,4.0,4.0,0,0,0,0,42.0,155.0,0,0,0,0,0,0,0,0,1.0,109.0,42.0,155.0,0,0,0,0,0,0,2,84,2,310,-1,-1,1,20,0.0,0.0,0.0,0.0,0.0,0.0,0.0,0.0
58587,443,6,1038.0,90652.0,312.0,0.0,23.219,63.5929,2870.0,0.0,1353.9518,312.6836,175955.82,708571.076,8253454.0,3.0,9876264.0,456764.84,704674.098,8323457.0,3.0,9540846.0,380340.0,1078135.297,8287751.0,3.0,0,0,0,0,0.0,2870.0,0,0,0,1,0,0,0,0,1.0,809.86,23.219,1353.9518,0,0,0,0,0,0,58,1038,79,90652,8192,123,57,20,0.0,0.0,0.0,0.0,0.0,0.0,0.0,0.0
57210,80,6,12.0,0.0,6.0,6.0,6.0,0.0,0.0,0.0,0.0,0.0,6080.0,0.0,6080.0,6080.0,6080.0,6080.0,0.0,6080.0,6080.0,0.0,0.0,0.0,0.0,0.0,0,0,0,0,6.0,6.0,0,0,0,0,1,0,0,0,0.0,9.0,6.0,0.0,0,0,0,0,0,0,2,12,0,0,256,-1,1,20,0.0,0.0,0.0,0.0,0.0,0.0,0.0,0.0
62415,53,17,169.0,237.0,46.0,45.0,44.0,3.0971,68.0,60.0,69.4286,9.5098,13467929.4,22026341.673,70623996.0,47816.0,71669692.0,26649814.0,27067853.806,71669345.0,31600179.0,70613471.0,30306557.5,37763050.944,70613426.0,636907.0,0,0,0,0,45.0,68.0,0,0,0,0,0,0,0,0,1.0,51.5,44.0,69.4286,0,0,0,0,0,0,3,169,3,237,-1,-1,2,20,81852.0,0.0,81852.0,81852.0,70623914.0,0.0,70623994.0,70623914.0
57538,53,17,88.0,662.0,44.0,44.0,44.0,0.0,331.0,331.0,331.0,0.0,30752.0,53578.913,92259.0,3.0,3.0,3.0,0.0,3.0,3.0,3.0,3.0,0.0,3.0,3.0,0,0,0,0,44.0,331.0,0,0,0,0,0,0,0,0,1.0,198.5,44.0,331.0,0,0,0,0,0,0,2,88,2,662,-1,-1,1,32,0.0,0.0,0.0,0.0,0.0,0.0,0.0,0.0
57682,443,6,872.0,4283.0,321.0,0.0,74.4615,97.4419,1460.0,0.0,318.5333,506.1228,4902574.06,15989811.799,58917993.0,1.0,117724287.0,8490193.9,21399361.022,58917993.0,24.0,117781063.0,9841728.58,22867225.227,59000228.0,1.0,0,0,0,0,0.0,1460.0,0,0,0,1,0,0,0,0,0.0,181.4,74.4615,318.5333,0,0,0,0,0,0,13,872,15,4283,8192,127,12,20,208363.0,101092.549,394673.0,186708.0,58868518.0,301194.953,58917995.0,58764840.0
14410,53,17,72.0,176.0,36.0,36.0,36.0,0.0,88.0,88.0,88.0,0.0,20561.0,35514.396,61677.0,3.0,4.0,4.0,0.0,4.0,4.0,3.0,3.0,0.0,3.0,3.0,0,0,0,0,36.0,88.0,0,0,0,0,0,0,0,0,1.0,71.0,36.0,88.0,0,0,0,0,0,0,2,72,2,176,-1,-1,1,32,0.0,0.0,0.0,0.0,0.0,0.0,0.0,0.0
47812,443,6,558.0,4582.0,192.0,0.0,58.0,71.6288,1430.0,0.0,561.3571,686.5997,9188.47,15505.31,44442.0,1.0,157510.0,16581.55,15509.031,44002.0,3.0,96276.0,15615.0,22532.99,45404.0,1.0,0,0,0,0,0.0,1430.0,0,0,0,1,0,0,0,0,1.0,315.7517,58.0,561.3571,0,0,0,0,0,0,9,558,9,4582,29200,351,8,20,0.0,0.0,0.0,0.0,0.0,0.0,0.0,0.0
42529,80,6,0.0,0.0,0.0,0.0,0.0,0.0,0.0,0.0,0.0,0.0,1398.0,0.0,1398.0,1398.0,1398.0,1398.0,0.0,1398.0,1398.0,0.0,0.0,0.0,0.0,0.0,0,0,0,0,0.0,0.0,0,0,0,0,1,0,0,0,0.0,0.0,0.0,0.0,0,0,0,0,0,0,2,0,0,0,242,-1,0,32,0.0,0.0,0.0,0.0,0.0,0.0,0.0,0.0
62063,53,17,44.0,204.0,44.0,44.0,44.0,0.0,204.0,204.0,204.0,0.0,101662.0,0.0,101662.0,101662.0,0.0,0.0,0.0,0.0,0.0,0.0,0.0,0.0,0.0,0.0,0,0,0,0,44.0,204.0,0,0,0,0,0,0,0,0,1.0,146.0,44.0,204.0,0,0,0,0,0,0,1,44,1,204,-1,-1,0,32,0.0,0.0,0.0,0.0,0.0,0.0,0.0,0.0
54425,443,6,29.0,0.0,29.0,0.0,5.8,12.9692,0.0,0.0,0.0,0.0,8489.25,17863.652,30476.0,0.0,30377.0,8099.75,15211.103,30476.0,0.0,0.0,0.0,0.0,0.0,0.0,0,0,0,0,0.0,29.0,0,0,0,0,1,0,0,0,0.0,5.8,5.8,0.0,0,0,0,0,0,0,5,29,0,0,65535,-1,1,32,0.0,0.0,0.0,0.0,0.0,0.0,0.0,0.0
51933,80,6,456.0,2248.0,340.0,0.0,58.2,125.9898,1400.0,0.0,396.8571,646.8941,2659901.0,4354077.406,10000007.0,0.0,40079680.0,5001931.55,5363866.949,10024674.0,1.0,46021661.0,5759731.0,5088763.595,10025270.0,1.0,0,0,0,0,0.0,1400.0,0,0,0,1,0,0,0,0,1.0,230.9333,58.2,396.8571,0,0,0,0,0,0,10,456,9,2248,8192,30,9,20,52689.5,27378.749,83486.0,32982.0,9980128.6,3515.873,10000009.0,9994357.0
6493,80,6,452.0,1278.0,440.0,0.0,110.0,200.033,1276.0,2.0,379.6,680.421,4088.27,6078.301,19600.0,0.0,19568.0,9884.66,8872.801,19662.0,213.0,19965.0,9925.25,5147.953,19569.0,0.0,0,0,0,0,0.0,1276.0,0,0,0,1,0,0,0,0,1.0,213.2857,110.0,379.6,0,0,0,0,0,0,4,452,5,1278,8192,16384,2,20,0.0,0.0,0.0,0.0,0.0,0.0,0.0,0.0
60458,53,17,60.0,264.0,30.0,30.0,30.0,0.0,132.0,132.0,132.0,0.0,73.33,80.179,169.0,4.0,48.0,48.0,0.0,48.0,48.0,4.0,4.0,0.0,4.0,4.0,0,0,0,0,30.0,132.0,0,0,0,0,0,0,0,0,1.0,88.5,30.0,132.0,0,0,0,0,0,0,2,60,2,264,-1,-1,1,32,0.0,0.0,0.0,0.0,0.0,0.0,0.0,0.0
52317,443,6,18.0,0.0,6.0,6.0,6.0,0.0,0.0,0.0,0.0,0.0,29.66,37.562,44.0,1.0,68.0,34.0,35.764,65.0,1.0,0.0,0.0,0.0,0.0,0.0,0,0,0,0,0.0,6.0,1,0,0,0,0,0,0,0,0.0,6.0,6.0,0.0,0,0,0,0,0,0,3,18,1,0,0,972,2,20,0.0,0.0,0.0,0.0,0.0,0.0,0.0,0.0
61842,53,17,45.0,176.0,45.0,45.0,45.0,0.0,176.0,176.0,176.0,0.0,122903.0,0.0,122903.0,122903.0,0.0,0.0,0.0,0.0,0.0,0.0,0.0,0.0,0.0,0.0,0,0,0,0,45.0,176.0,0,0,0,0,0,0,0,0,1.0,133.0,45.0,176.0,0,0,0,0,0,0,1,45,1,176,-1,-1,0,20,0.0,0.0,0.0,0.0,0.0,0.0,0.0,0.0
60722,53,17,59.0,166.0,59.0,59.0,59.0,0.0,166.0,166.0,166.0,0.0,97984.0,0.0,97984.0,97984.0,0.0,0.0,0.0,0.0,0.0,0.0,0.0,0.0,0.0,0.0,0,0,0,0,59.0,166.0,0,0,0,0,0,0,0,0,1.0,132.0,59.0,166.0,0,0,0,0,0,0,1,59,1,166,-1,-1,0,20,0.0,0.0,0.0,0.0,0.0,0.0,0.0,0.0
443,39584,6,0.0,0.0,0.0,0.0,0.0,0.0,0.0,0.0,0.0,0.0,53.0,0.0,53.0,53.0,0.0,0.0,0.0,0.0,0.0,0.0,0.0,0.0,0.0,0.0,0,0,0,0,0.0,0.0,0,0,0,0,1,1,0,0,1.0,0.0,0.0,0.0,0,0,0,0,0,0,1,0,1,0,475,333,0,32,0.0,0.0,0.0,0.0,0.0,0.0,0.0,0.0
57829,80,6,18.0,0.0,6.0,0.0,4.5,3.0,0.0,0.0,0.0,0.0,5205.4,11626.516,21036.0,1.0,21539.0,7879.66,10636.059,21086.0,1.0,0.0,0.0,0.0,0.0,0.0,0,0,0,0,0.0,6.0,0,0,0,0,1,1,0,0,0.0,3.6,4.5,0.0,0,0,0,0,0,0,4,18,1,0,33304,114,3,20,0.0,0.0,0.0,0.0,0.0,0.0,0.0,0.0
61324,443,6,1626.0,7036.0,1169.0,0.0,225.125,403.8655,1460.0,0.0,604.2857,636.7826,6145.15,7427.765,13172.0,3.0,76981.0,8722.42,9753.316,14564.0,149.0,90371.0,10091.16,10322.843,14057.0,3.0,0,0,0,0,0.0,1460.0,0,0,0,1,0,0,0,0,1.0,447.2772,225.125,604.2857,0,0,0,0,0,0,8,1626,13,7036,8192,44,7,20,0.0,0.0,0.0,0.0,0.0,0.0,0.0,0.0
61539,53,17,86.0,198.0,43.0,33.0,43.0,4.2426,92.0,90.0,99.0,5.2957,33416740.0,59849205.715,100860593.0,48004.0,100923068.0,100923068.0,0.0,100923068.0,100923068.0,100022528.0,100022528.0,0.0,100022528.0,100022528.0,0,0,0,0,33.0,92.0,0,0,0,0,0,0,0,0,1.0,79.75,43.0,99.0,0,0,0,0,0,0,2,86,2,198,-1,-1,1,20,90565.0,0.0,90565.0,90565.0,100960557.0,0.0,100860597.0,100860557.0
39933,443,6,720.0,1295.0,469.0,0.0,72.0,147.7084,1157.0,0.0,259.0,505.5413,11951.64,21799.392,50202.0,4.0,169753.0,19940.33,25133.346,58561.0,48.0,102828.0,25837.5,21286.989,51548.0,425.0,0,0,0,0,0.0,1157.0,0,0,0,1,0,0,0,0,0.0,134.3333,72.0,259.0,0,0,0,0,0,0,10,720,5,1295,65535,114,5,32,0.0,0.0,0.0,0.0,0.0,0.0,0.0,0.0
21855,53,17,84.0,204.0,42.0,42.0,42.0,0.0,102.0,102.0,102.0,0.0,66.0,108.716,191.0,3.0,4.0,4.0,0.0,4.0,4.0,3.0,3.0,0.0,3.0,3.0,0,0,0,0,42.0,102.0,0,0,0,0,0,0,0,0,1.0,82.5,42.0,102.0,0,0,0,0,0,0,2,84,2,204,-1,-1,1,40,0.0,0.0,0.0,0.0,0.0,0.0,0.0,0.0
443,57719,6,0.0,18.0,0.0,0.0,0.0,0.0,6.0,6.0,6.0,0.0,25004.5,50795.839,100070.0,1.0,100000.0,100000.0,0.0,100000.0,100000.0,4.0,2.0,1.414,3.0,1.0,0,0,0,0,0.0,6.0,0,0,0,0,1,0,0,0,3.0,3.5,0.0,6.0,0,0,0,0,0,0,1,0,3,18,972,0,0,32,0.0,0.0,0.0,0.0,0.0,0.0,0.0,0.0
443,1025,6,43.0,6.0,31.0,6.0,14.3333,14.4338,6.0,6.0,6.0,0.0,29.66,32.521,55.0,1.0,47.0,23.5,32.314,45.0,1.0,0.0,0.0,0.0,0.0,0.0,0,0,0,0,6.0,31.0,0,0,0,0,1,0,0,0,0.0,13.75,14.3333,6.0,0,0,0,0,0,0,3,43,1,6,1313,0,2,20,0.0,0.0,0.0,0.0,0.0,0.0,0.0,0.0
60185,443,6,958.0,1387.0,517.0,0.0,155.4,229.5709,1229.0,0.0,273.4,533.3721,87476.71,116495.479,277351.0,3.0,569444.0,124348.5,154540.988,277301.0,756.0,518335.0,63026.75,136831.39,399654.0,3.0,0,0,0,0,0.0,1229.0,0,0,0,1,0,0,0,0,1.0,230.0714,155.4,273.4,0,0,0,0,0,0,5,958,10,1387,8192,245,4,20,0.0,0.0,0.0,0.0,0.0,0.0,0.0,0.0
52155,443,6,1296.0,30847.0,901.0,0.0,59.25,193.7801,1430.0,0.0,1094.3875,569.5854,1604.73,4287.791,15577.0,1.0,79618.0,3621.73,9053.006,20894.0,1.0,51872.0,2573.94,5633.087,15446.0,2.0,0,0,0,0,0.0,1430.0,0,0,0,1,0,0,0,0,1.0,693.3463,59.25,1094.3875,0,0,0,0,0,0,20,1296,29,30847,65535,360,19,20,0.0,0.0,0.0,0.0,0.0,0.0,0.0,0.0
58599,443,6,5221.0,10195.0,1235.0,0.0,220.5455,353.2104,1347.0,0.0,554.2609,677.8516,1456569.94,3402756.319,10198964.0,19.0,75089147.0,2379775.4,4555283.438,10240015.0,59.0,70721028.0,2921821.84,4250180.323,10240294.0,48.0,0,0,0,0,0.0,1235.0,0,0,0,1,0,0,0,0,0.0,392.1857,220.5455,554.2609,0,0,0,0,0,0,22,5221,25,10195,29200,168,5,32,41526.12,74338.206,112612.0,36183.0,10148516.28,61663.796,10198962.0,10059141.0
443,64335,6,37.0,0.0,37.0,0.0,18.5,26.163,0.0,0.0,0.0,0.0,4.0,0.0,4.0,4.0,4.0,4.0,0.0,4.0,4.0,0.0,0.0,0.0,0.0,0.0,1,0,0,0,0.0,37.0,0,1,0,0,1,0,0,0,0.0,37.0,18.5,0.0,0,0,0,0,0,0,2,37,0,0,114,-1,0,32,0.0,0.0,0.0,0.0,0.0,0.0,0.0,0.0
60159,53,17,67.0,79.0,67.0,67.0,67.0,0.0,79.0,79.0,79.0,0.0,603.0,0.0,603.0,603.0,0.0,0.0,0.0,0.0,0.0,0.0,0.0,0.0,0.0,0.0,0,0,0,0,67.0,79.0,0,0,0,0,0,0,0,0,1.0,106.5,67.0,79.0,0,0,0,0,0,0,1,67,1,79,-1,-1,0,32,0.0,0.0,0.0,0.0,0.0,0.0,0.0,0.0
443,53628,6,0.0,0.0,0.0,0.0,0.0,0.0,0.0,0.0,0.0,0.0,37.5,41.514,62.0,3.0,3.0,3.0,0.0,3.0,3.0,0.0,0.0,0.0,0.0,0.0,0,0,0,0,0.0,0.0,0,0,0,0,1,1,0,0,0.0,0.0,0.0,0.0,0,0,0,0,0,0,2,0,1,0,383,32832,0,32,0.0,0.0,0.0,0.0,0.0,0.0,0.0,0.0
51928,80,6,12.0,0.0,6.0,6.0,6.0,0.0,0.0,0.0,0.0,0.0,1896.0,0.0,1896.0,1896.0,1896.0,1896.0,0.0,1896.0,1896.0,0.0,0.0,0.0,0.0,0.0,0,0,0,0,6.0,6.0,0,0,0,0,1,0,0,0,0.0,9.0,6.0,0.0,0,0,0,0,0,0,2,12,0,0,256,-1,1,20,0.0,0.0,0.0,0.0,0.0,0.0,0.0,0.0
49119,443,6,529.0,4572.0,198.0,0.0,44.5385,69.8133,1498.0,0.0,453.0,632.3273,7298.64,10449.983,41921.0,1.0,112230.0,16429.1,19003.863,42601.0,1.0,103116.0,15997.0,17189.753,65481.0,49.0,0,0,0,0,0.0,1498.0,0,0,0,1,0,0,0,0,0.0,210.5,44.5385,453.0,0,0,0,0,0,0,13,529,11,4572,29200,114,4,32,0.0,0.0,0.0,0.0,0.0,0.0,0.0,0.0
53915,53,17,132.0,238.0,33.0,33.0,33.0,0.0,119.0,119.0,119.0,0.0,6280.4,13502.264,30958.0,4.0,30906.0,10335.66,17533.335,30958.0,4.0,4.0,4.0,0.0,4.0,4.0,0,0,0,0,33.0,119.0,0,0,0,0,0,0,0,0,0.0,62.1667,33.0,119.0,0,0,0,0,0,0,4,132,2,238,-1,-1,3,32,0.0,0.0,0.0,0.0,0.0,0.0,0.0,0.0
42640,443,6,12.0,0.0,6.0,6.0,6.0,0.0,0.0,0.0,0.0,0.0,4.0,0.0,4.0,4.0,4.0,4.0,0.0,4.0,4.0,0.0,0.0,0.0,0.0,0.0,0,0,0,0,6.0,6.0,1,0,0,0,0,0,0,0,0.0,9.0,6.0,0.0,0,0,0,0,0,0,2,12,0,0,0,-1,1,20,0.0,0.0,0.0,0.0,0.0,0.0,0.0,0.0
443,42592,6,0.0,0.0,0.0,0.0,0.0,0.0,0.0,0.0,0.0,0.0,9003.0,0.0,9003.0,9003.0,9003.0,9003.0,0.0,9003.0,9003.0,0.0,0.0,0.0,0.0,0.0,0,0,0,0,0.0,0.0,0,0,0,0,1,0,0,0,0.0,0.0,0.0,0.0,0,0,0,0,0,0,2,0,0,0,365,-1,0,32,0.0,0.0,0.0,0.0,0.0,0.0,0.0,0.0
62056,53,17,53.0,220.0,53.0,53.0,53.0,0.0,220.0,220.0,220.0,0.0,220908.0,0.0,220908.0,220908.0,0.0,0.0,0.0,0.0,0.0,0.0,0.0,0.0,0.0,0.0,0,0,0,0,53.0,220.0,0,0,0,0,0,0,0,0,1.0,163.0,53.0,220.0,0,0,0,0,0,0,1,53,1,220,-1,-1,0,32,0.0,0.0,0.0,0.0,0.0,0.0,0.0,0.0
52626,80,6,12.0,0.0,6.0,6.0,6.0,0.0,0.0,0.0,0.0,0.0,3728.0,0.0,3728.0,3728.0,3728.0,3728.0,0.0,3728.0,3728.0,0.0,0.0,0.0,0.0,0.0,0,0,0,0,6.0,6.0,0,0,0,0,1,0,0,0,0.0,9.0,6.0,0.0,0,0,0,0,0,0,2,12,0,0,63583,-1,1,20,0.0,0.0,0.0,0.0,0.0,0.0,0.0,0.0
54760,80,6,784.0,476.0,772.0,0.0,47.4,187.1071,438.0,0.0,36.5385,116.4215,4032832.31,4849621.908,10200405.0,55.0,116596160.0,7759956.78,4690881.436,10240028.0,32913.0,112982779.0,8666054.9,3823770.774,10244439.0,20323.0,0,0,0,0,0.0,772.0,0,0,0,1,0,0,0,0,0.0,30.2,47.4,36.5385,0,0,0,0,0,0,15,784,13,476,29200,344,1,32,143468.9,341486.826,1550247.0,100726.0,10199354.18,69351.982,10200408.0,10026053.0
62108,53,17,47.0,198.0,47.0,47.0,47.0,0.0,198.0,198.0,198.0,0.0,327641.0,0.0,327641.0,327641.0,0.0,0.0,0.0,0.0,0.0,0.0,0.0,0.0,0.0,0.0,0,0,0,0,47.0,198.0,0,0,0,0,0,0,0,0,1.0,146.0,47.0,198.0,0,0,0,0,0,0,1,47,1,198,-1,-1,0,32,0.0,0.0,0.0,0.0,0.0,0.0,0.0,0.0
50480,53,17,70.0,166.0,35.0,35.0,35.0,0.0,83.0,83.0,83.0,0.0,77.66,134.341,221.0,3.0,3.0,3.0,0.0,3.0,3.0,4.0,4.0,0.0,4.0,4.0,0,0,0,0,35.0,83.0,0,0,0,0,0,0,0,0,1.0,67.75,35.0,83.0,0,0,0,0,0,0,2,70,2,166,-1,-1,1,20,0.0,0.0,0.0,0.0,0.0,0.0,0.0,0.0
29312,53,17,80.0,206.0,40.0,40.0,40.0,0.0,103.0,103.0,103.0,0.0,10433.0,18034.925,31293.0,4.0,4.0,4.0,0.0,4.0,4.0,4.0,4.0,0.0,4.0,4.0,0,0,0,0,40.0,103.0,0,0,0,0,0,0,0,0,1.0,81.5,40.0,103.0,0,0,0,0,0,0,2,80,2,206,-1,-1,1,20,0.0,0.0,0.0,0.0,0.0,0.0,0.0,0.0
60653,53,17,52.0,80.0,52.0,52.0,52.0,0.0,80.0,80.0,80.0,0.0,30481.0,0.0,30481.0,30481.0,0.0,0.0,0.0,0.0,0.0,0.0,0.0,0.0,0.0,0.0,0,0,0,0,52.0,80.0,0,0,0,0,0,0,0,0,1.0,92.0,52.0,80.0,0,0,0,0,0,0,1,52,1,80,-1,-1,0,20,0.0,0.0,0.0,0.0,0.0,0.0,0.0,0.0
62260,53,17,50.0,109.0,50.0,50.0,50.0,0.0,109.0,109.0,109.0,0.0,52267.0,0.0,52267.0,52267.0,0.0,0.0,0.0,0.0,0.0,0.0,0.0,0.0,0.0,0.0,0,0,0,0,50.0,109.0,0,0,0,0,0,0,0,0,1.0,104.5,50.0,109.0,0,0,0,0,0,0,1,50,1,109,-1,-1,0,32,0.0,0.0,0.0,0.0,0.0,0.0,0.0,0.0
63536,80,6,507.0,1296.0,421.0,0.0,32.75,103.2605,1296.0,0.0,126.5714,316.4735,3961834.72,4881672.272,10024043.0,124.0,115906898.0,7722469.73,4181727.685,10048020.0,168.0,110534596.0,8504311.0,3753371.182,10048804.0,539.0,0,0,0,0,0.0,1296.0,0,0,0,1,0,0,0,0,0.0,77.3,32.75,126.5714,0,0,0,0,0,0,16,507,14,1296,8192,946,15,20,39732.36,49478.187,101742.0,23602.0,9999658.81,16394.067,10024049.0,9939309.0
58900,443,6,626.0,4163.0,242.0,0.0,57.5455,75.9129,1430.0,0.0,551.3333,692.9488,12117.94,17043.283,44997.0,1.0,295616.0,22969.7,24629.293,74007.0,4.0,115876.0,14646.2,28014.426,50105.0,1.0,0,0,0,0,0.0,1430.0,0,0,0,1,0,0,0,0,0.0,276.95,57.5455,551.3333,0,0,0,0,0,0,11,626,9,4163,8192,351,10,20,0.0,0.0,0.0,0.0,0.0,0.0,0.0,0.0
58986,443,6,18.0,0.0,6.0,6.0,6.0,0.0,0.0,0.0,0.0,0.0,74.0,105.75,186.0,3.0,218.0,109.0,103.964,215.0,3.0,0.0,0.0,0.0,0.0,0.0,0,0,0,0,0.0,6.0,1,0,0,0,0,0,0,0,0.0,6.0,6.0,0.0,0,0,0,0,0,0,3,18,1,0,0,972,2,20,0.0,0.0,0.0,0.0,0.0,0.0,0.0,0.0
123,123,17,48.0,48.0,48.0,48.0,48.0,0.0,48.0,48.0,48.0,0.0,93192.0,0.0,93192.0,93192.0,0.0,0.0,0.0,0.0,0.0,0.0,0.0,0.0,0.0,0.0,0,0,0,0,48.0,48.0,0,0,0,0,0,0,0,0,1.0,72.0,48.0,48.0,0,0,0,0,0,0,1,48,1,48,-1,-1,0,32,0.0,0.0,0.0,0.0,0.0,0.0,0.0,0.0
443,53021,6,6.0,6.0,6.0,6.0,6.0,0.0,6.0,6.0,6.0,0.0,106.0,0.0,106.0,106.0,0.0,0.0,0.0,0.0,0.0,0.0,0.0,0.0,0.0,0.0,0,0,0,0,6.0,6.0,0,0,0,0,1,1,0,0,1.0,9.0,6.0,6.0,0,0,0,0,0,0,1,6,1,6,290,256,0,20,0.0,0.0,0.0,0.0,0.0,0.0,0.0,0.0
62323,53,17,57.0,212.0,57.0,57.0,57.0,0.0,212.0,212.0,212.0,0.0,53288.0,0.0,53288.0,53288.0,0.0,0.0,0.0,0.0,0.0,0.0,0.0,0.0,0.0,0.0,0,0,0,0,57.0,212.0,0,0,0,0,0,0,0,0,1.0,163.0,57.0,212.0,0,0,0,0,0,0,1,57,1,212,-1,-1,0,32,0.0,0.0,0.0,0.0,0.0,0.0,0.0,0.0
60905,53,17,46.0,140.0,46.0,46.0,46.0,0.0,140.0,140.0,140.0,0.0,91986.0,0.0,91986.0,91986.0,0.0,0.0,0.0,0.0,0.0,0.0,0.0,0.0,0.0,0.0,0,0,0,0,46.0,140.0,0,0,0,0,0,0,0,0,1.0,116.0,46.0,140.0,0,0,0,0,0,0,1,46,1,140,-1,-1,0,44,0.0,0.0,0.0,0.0,0.0,0.0,0.0,0.0
58967,53,17,62.0,246.0,31.0,31.0,31.0,0.0,123.0,123.0,123.0,0.0,7937.33,13741.214,23805.0,3.0,3.0,3.0,0.0,3.0,3.0,4.0,4.0,0.0,4.0,4.0,0,0,0,0,31.0,123.0,0,0,0,0,0,0,0,0,1.0,84.75,31.0,123.0,0,0,0,0,0,0,2,62,2,246,-1,-1,1,32,0.0,0.0,0.0,0.0,0.0,0.0,0.0,0.0
61742,53,17,85.0,241.0,46.0,39.0,42.5,4.9497,174.0,108.0,120.5,72.1261,39907197.66,61892663.605,119511548.0,50549.0,119612773.0,119712773.0,0.0,119612773.0,119612773.0,119515123.0,119515123.0,0.0,119515123.0,119515123.0,0,0,0,0,39.0,174.0,0,0,0,0,0,0,0,0,1.0,99.75,42.5,120.5,0,0,0,0,0,0,2,85,2,241,-1,-1,1,20,23699.0,0.0,23699.0,23699.0,119511559.0,0.0,119511599.0,119511559.0
34183,53,17,64.0,96.0,32.0,32.0,32.0,0.0,48.0,48.0,48.0,0.0,18748.66,39719.432,56299.0,3.0,3.0,3.0,0.0,3.0,3.0,4.0,4.0,0.0,4.0,4.0,0,0,0,0,32.0,48.0,0,0,0,0,0,0,0,0,1.0,48.0,32.0,48.0,0,0,0,0,0,0,2,64,2,96,-1,-1,1,32,0.0,0.0,0.0,0.0,0.0,0.0,0.0,0.0
443,48842,6,0.0,0.0,0.0,0.0,0.0,0.0,0.0,0.0,0.0,0.0,51.0,0.0,51.0,51.0,0.0,0.0,0.0,0.0,0.0,0.0,0.0,0.0,0.0,0.0,0,0,0,0,0.0,0.0,0,0,0,0,1,1,0,0,1.0,0.0,0.0,0.0,0,0,0,0,0,0,1,0,1,0,362,332,0,32,0.0,0.0,0.0,0.0,0.0,0.0,0.0,0.0
46646,53,17,66.0,426.0,33.0,33.0,33.0,0.0,213.0,213.0,213.0,0.0,8035.0,13897.695,24009.0,4.0,4.0,4.0,0.0,4.0,4.0,4.0,4.0,0.0,4.0,4.0,0,0,0,0,33.0,213.0,0,0,0,0,0,0,0,0,1.0,131.25,33.0,213.0,0,0,0,0,0,0,2,66,2,426,-1,-1,1,20,0.0,0.0,0.0,0.0,0.0,0.0,0.0,0.0
60382,53,17,46.0,108.0,46.0,46.0,46.0,0.0,108.0,108.0,108.0,0.0,76311.0,0.0,76311.0,76311.0,0.0,0.0,0.0,0.0,0.0,0.0,0.0,0.0,0.0,0.0,0,0,0,0,46.0,108.0,0,0,0,0,0,0,0,0,1.0,100.0,46.0,108.0,0,0,0,0,0,0,1,46,1,108,-1,-1,0,20,0.0,0.0,0.0,0.0,0.0,0.0,0.0,0.0
59715,53,17,76.0,172.0,38.0,38.0,38.0,0.0,86.0,86.0,86.0,0.0,10353.0,17926.956,31037.0,4.0,4.0,4.0,0.0,4.0,4.0,4.0,4.0,0.0,4.0,4.0,0,0,0,0,38.0,86.0,0,0,0,0,0,0,0,0,1.0,71.5,38.0,86.0,0,0,0,0,0,0,2,76,2,172,-1,-1,1,20,0.0,0.0,0.0,0.0,0.0,0.0,0.0,0.0
34776,443,6,713.0,479.0,469.0,0.0,71.3,147.2874,341.0,0.0,95.8,149.5299,5705.14,9521.958,23982.0,3.0,82957.0,9269.44,11273.653,24410.0,3.0,59723.0,13690.25,14415.193,23152.0,379.0,0,0,0,0,0.0,469.0,0,0,0,1,0,0,0,0,0.0,79.4667,71.3,95.8,0,0,0,0,0,0,10,713,5,479,65535,972,5,32,0.0,0.0,0.0,0.0,0.0,0.0,0.0,0.0
57633,443,6,1055.0,25046.0,401.0,0.0,36.2407,98.1591,2920.0,0.0,1131.7039,943.2018,2404459.45,11294190.155,58987422.0,37.0,117906141.0,5188620.05,17800870.823,58047420.0,61.0,117998159.0,4995331.08,15187080.249,59012679.0,49.0,0,0,0,0,0.0,2920.0,0,0,0,1,0,0,0,0,1.0,567.8923,36.2407,1131.7039,0,0,0,0,0,0,25,1055,27,25046,8192,123,24,20,158337.5,166561.818,253696.0,77838.0,58523490.5,562672.526,58987428.0,58820023.0
43544,80,6,482.0,1812.0,430.0,0.0,43.1667,134.2039,1800.0,0.0,160.2,495.3341,3091042.56,4579506.921,10016336.0,34.0,50331230.0,6298592.8,5060822.375,10163911.0,23180.0,57303166.0,6485250.44,4830957.027,10178524.0,1021.0,0,0,0,0,0.0,1800.0,0,0,0,1,0,0,0,0,1.0,104.3667,43.1667,160.2,0,0,0,0,0,0,9,482,8,1812,29200,939,1,32,26593.6,12799.255,49382.0,22804.0,10019975.6,2875.585,10016339.0,9996705.0
60511,53,17,47.0,63.0,47.0,47.0,47.0,0.0,63.0,63.0,63.0,0.0,120823.0,0.0,120823.0,120823.0,0.0,0.0,0.0,0.0,0.0,0.0,0.0,0.0,0.0,0.0,0,0,0,0,47.0,63.0,0,0,0,0,0,0,0,0,1.0,78.5,47.0,63.0,0,0,0,0,0,0,1,47,1,63,-1,-1,0,20,0.0,0.0,0.0,0.0,0.0,0.0,0.0,0.0
61477,53,17,45.0,832.0,45.0,45.0,45.0,0.0,732.0,132.0,132.0,0.0,61305.0,0.0,61305.0,61305.0,0.0,0.0,0.0,0.0,0.0,0.0,0.0,0.0,0.0,0.0,0,0,0,0,45.0,732.0,0,0,0,0,0,0,0,0,1.0,111.0,45.0,132.0,0,0,0,0,0,0,1,45,1,832,-1,-1,0,32,0.0,0.0,0.0,0.0,0.0,0.0,0.0,0.0
51827,53,17,140.0,396.0,35.0,35.0,35.0,0.0,198.0,198.0,198.0,0.0,12223.4,16882.72,31742.0,1.0,31790.0,10566.33,18743.754,31742.0,1.0,3.0,3.0,0.0,3.0,3.0,0,0,0,0,35.0,198.0,0,0,0,0,0,0,0,0,0.0,115.1667,35.0,198.0,0,0,0,0,0,0,4,140,2,396,-1,-1,3,20,0.0,0.0,0.0,0.0,0.0,0.0,0.0,0.0
50527,53,17,78.0,160.0,39.0,39.0,39.0,0.0,80.0,80.0,80.0,0.0,59.33,66.881,127.0,3.0,49.0,49.0,0.0,49.0,49.0,3.0,3.0,0.0,3.0,3.0,0,0,0,0,39.0,80.0,0,0,0,0,0,0,0,0,1.0,69.25,39.0,80.0,0,0,0,0,0,0,2,78,2,160,-1,-1,1,44,0.0,0.0,0.0,0.0,0.0,0.0,0.0,0.0
443,60894,6,37.0,0.0,31.0,6.0,18.5,17.6777,0.0,0.0,0.0,0.0,3.0,0.0,3.0,3.0,3.0,3.0,0.0,3.0,3.0,0.0,0.0,0.0,0.0,0.0,1,0,0,0,6.0,31.0,0,1,0,0,1,0,0,0,0.0,34.0,18.5,0.0,0,0,0,0,0,0,2,37,0,0,16,-1,1,20,0.0,0.0,0.0,0.0,0.0,0.0,0.0,0.0
60183,53,17,52.0,139.0,52.0,52.0,52.0,0.0,139.0,139.0,139.0,0.0,80099.0,0.0,80099.0,80099.0,0.0,0.0,0.0,0.0,0.0,0.0,0.0,0.0,0.0,0.0,0,0,0,0,52.0,139.0,0,0,0,0,0,0,0,0,1.0,121.5,52.0,139.0,0,0,0,0,0,0,1,52,1,139,-1,-1,0,40,0.0,0.0,0.0,0.0,0.0,0.0,0.0,0.0
21230,53,17,60.0,176.0,30.0,30.0,30.0,0.0,88.0,88.0,88.0,0.0,44775.33,78619.182,134320.0,1.0,1.0,1.0,0.0,1.0,1.0,4.0,4.0,0.0,4.0,4.0,0,0,0,0,30.0,88.0,0,0,0,0,0,0,0,0,1.0,66.5,30.0,88.0,0,0,0,0,0,0,2,60,2,176,-1,-1,1,20,0.0,0.0,0.0,0.0,0.0,0.0,0.0,0.0
37698,443,6,1050.0,60964.0,517.0,0.0,34.3214,139.9629,2836.0,0.0,1302.2778,376.2249,89630.04,645697.987,8024691.0,1.0,2875230.0,78285.33,557873.443,206142.0,1.0,2416539.0,45415.98,970662.098,353546.0,1.0,0,0,0,0,0.0,2836.0,0,0,0,1,0,0,0,0,1.0,751.9461,34.3214,1302.2778,0,0,0,0,0,0,41,1050,67,60964,29200,349,4,32,0.0,0.0,0.0,0.0,0.0,0.0,0.0,0.0
53112,80,6,347.0,552.0,321.0,0.0,85.4,153.3021,540.0,0.0,130.4,240.0143,757036.0,1804818.291,4980027.0,41.0,169632.0,32657.0,61434.832,97130.0,542.0,5033023.0,1674667.25,2852788.802,5000020.0,35441.0,0,0,0,0,0.0,541.0,0,0,0,1,0,0,0,0,1.0,102.5,85.4,130.4,0,0,0,0,0,0,5,347,5,552,8192,4794,3,20,0.0,0.0,0.0,0.0,0.0,0.0,0.0,0.0
23246,53,17,46.0,46.0,23.0,23.0,23.0,0.0,23.0,23.0,23.0,0.0,56.66,99.689,172.0,1.0,1.0,1.0,0.0,1.0,1.0,1.0,1.0,0.0,1.0,1.0,0,0,0,0,23.0,23.0,0,0,0,0,0,0,0,0,1.0,28.75,23.0,23.0,0,0,0,0,0,0,2,46,2,46,-1,-1,1,20,0.0,0.0,0.0,0.0,0.0,0.0,0.0,0.0
42756,80,6,3665.0,955329.0,529.0,0.0,14.489,83.7711,1460.0,0.0,1385.9086,283.3681,99032.47,482506.024,9992273.0,1.0,1412121.0,26013.49,77900.563,785759.0,149.0,11350101.0,160491.76,854070.749,9993259.0,1.0,0,0,0,0,0.0,1460.0,0,0,0,1,0,0,0,0,2.0,1064.7081,14.489,1385.9086,0,0,0,0,0,0,153,3665,156,555329,29200,545,252,20,2000000.0,0.0,2000000.0,1000000.0,0.0,0.0,0.0,0.0
443,52827,6,0.0,0.0,0.0,0.0,0.0,0.0,0.0,0.0,0.0,0.0,31.0,48.886,69.0,3.0,3.0,3.0,0.0,3.0,3.0,0.0,0.0,0.0,0.0,0.0,0,0,0,0,0.0,0.0,0,0,0,0,1,1,0,0,0.0,0.0,0.0,0.0,0,0,0,0,0,0,2,0,1,0,62,33304,0,32,0.0,0.0,0.0,0.0,0.0,0.0,0.0,0.0
443,53021,6,43.0,0.0,31.0,6.0,14.3333,14.4338,0.0,0.0,0.0,0.0,128.0,158.811,241.0,48.0,274.0,137.0,155.513,241.0,48.0,0.0,0.0,0.0,0.0,0.0,0,0,0,0,6.0,31.0,0,0,0,0,1,0,0,0,0.0,16.3333,14.3333,0.0,0,0,0,0,0,0,3,43,0,0,918,-1,2,20,0.0,0.0,0.0,0.0,0.0,0.0,0.0,0.0
60411,53,17,48.0,134.0,48.0,48.0,48.0,0.0,134.0,134.0,134.0,0.0,242110.0,0.0,242110.0,242110.0,0.0,0.0,0.0,0.0,0.0,0.0,0.0,0.0,0.0,0.0,0,0,0,0,48.0,134.0,0,0,0,0,0,0,0,0,1.0,115.0,48.0,134.0,0,0,0,0,0,0,1,48,1,134,-1,-1,0,20,0.0,0.0,0.0,0.0,0.0,0.0,0.0,0.0
44242,465,6,25436.0,3278.0,3003.0,0.0,383.8581,707.2345,109.0,0.0,78.3077,4.0926,104816.85,506848.46,5467894.0,3.0,13787842.0,253523.75,640685.324,2449894.0,3.0,6761779.0,252884.48,886270.302,5569617.0,3.0,0,0,0,0,0.0,3103.0,0,0,0,1,0,0,0,0,0.0,230.197,383.8581,78.3077,0,0,0,0,0,0,54,25436,38,3278,29200,2052,155,32,12000000.0,0.0,2000000.0,2000000.0,0.0,0.0,0.0,0.0
58768,443,6,739.0,34533.0,396.0,0.0,27.6778,86.3199,2920.0,0.0,870.7143,761.1953,1586444.23,8440714.804,58924764.0,1.0,108032032.0,3369471.38,12102700.649,58924704.0,1.0,108268395.0,3892865.97,10574411.121,59025756.0,1.0,0,0,0,0,0.0,2920.0,0,0,0,1,0,0,0,0,1.0,517.6888,27.6778,870.7143,0,0,0,0,0,0,42,739,47,34533,8192,292,41,20,153091.0,99037.02,163814.0,119664.0,58981549.5,9325.379,58924766.0,58941327.0
53595,53,17,92.0,284.0,46.0,46.0,46.0,0.0,142.0,142.0,142.0,0.0,53.66,88.726,154.0,3.0,4.0,4.0,0.0,4.0,4.0,3.0,3.0,0.0,3.0,3.0,0,0,0,0,46.0,142.0,0,0,0,0,0,0,0,0,1.0,105.5,46.0,142.0,0,0,0,0,0,0,2,92,2,284,-1,-1,1,32,0.0,0.0,0.0,0.0,0.0,0.0,0.0,0.0
57515,443,6,1175.0,3187.0,901.0,0.0,96.5,246.3684,1397.0,0.0,398.8333,583.2308,9320.4,15109.983,50276.0,1.0,175254.0,17258.11,20663.685,52128.0,1.0,44697.0,17959.4,20325.511,20270.0,224.0,0,0,0,0,0.0,1397.0,0,0,0,1,0,0,0,0,0.0,209.9324,96.5,398.8333,0,0,0,0,0,0,12,1175,6,3187,65535,32,11,20,0.0,0.0,0.0,0.0,0.0,0.0,0.0,0.0
443,50708,6,37.0,0.0,37.0,0.0,18.5,26.163,0.0,0.0,0.0,0.0,3.0,0.0,3.0,3.0,3.0,3.0,0.0,3.0,3.0,0.0,0.0,0.0,0.0,0.0,1,0,0,0,0.0,37.0,0,1,0,0,1,0,0,0,0.0,37.0,18.5,0.0,0,0,0,0,0,0,2,37,0,0,115,-1,0,32,0.0,0.0,0.0,0.0,0.0,0.0,0.0,0.0
55170,443,6,12.0,0.0,6.0,6.0,6.0,0.0,0.0,0.0,0.0,0.0,3.0,0.0,3.0,3.0,3.0,3.0,0.0,3.0,3.0,0.0,0.0,0.0,0.0,0.0,0,0,0,0,6.0,6.0,1,0,0,0,0,0,0,0,0.0,9.0,6.0,0.0,0,0,0,0,0,0,2,12,0,0,0,-1,1,20,0.0,0.0,0.0,0.0,0.0,0.0,0.0,0.0
56186,443,6,1087.0,7684.0,565.0,0.0,45.481,121.8138,1418.0,0.0,452.9,565.9339,2811740.06,4592582.881,10011406.0,4.0,115298307.0,5747563.7,4964270.35,10052017.0,4.0,110731228.0,5848806.45,5000977.333,10058661.0,49.0,0,0,0,0,0.0,1418.0,0,0,0,1,0,0,0,0,0.0,239.8087,45.481,452.9,0,0,0,0,0,0,21,1087,20,7684,29200,365,4,32,43417.09,115714.3,417833.0,36622.0,10009839.9,6891.852,10011405.0,9997230.0
60807,53,17,56.0,134.0,56.0,56.0,56.0,0.0,134.0,134.0,134.0,0.0,47339.0,0.0,47339.0,47339.0,0.0,0.0,0.0,0.0,0.0,0.0,0.0,0.0,0.0,0.0,0,0,0,0,56.0,134.0,0,0,0,0,0,0,0,0,1.0,123.0,56.0,134.0,0,0,0,0,0,0,1,56,1,134,-1,-1,0,20,0.0,0.0,0.0,0.0,0.0,0.0,0.0,0.0
53780,443,6,1387.0,4315.0,1193.0,0.0,78.0,251.7181,1460.0,0.0,236.9375,479.8624,3782528.94,14348267.989,58877652.0,2.0,117291002.0,7903866.92,20505338.387,58970652.0,202.0,117956750.0,7956368.78,20560500.404,59008646.0,2.0,0,0,0,0,0.0,1460.0,0,0,0,1,0,0,0,0,1.0,159.6536,78.0,236.9375,0,0,0,0,0,0,19,1387,17,4315,8192,509,18,20,141892.5,82854.934,198049.0,65812.0,58433930.5,163162.961,58877656.0,58607429.0
52398,53,17,64.0,120.0,32.0,32.0,32.0,0.0,60.0,60.0,60.0,0.0,67.33,79.879,159.0,4.0,4.0,4.0,0.0,4.0,4.0,48.0,48.0,0.0,48.0,48.0,0,0,0,0,32.0,60.0,0,0,0,0,0,0,0,0,1.0,54.0,32.0,60.0,0,0,0,0,0,0,2,64,2,120,-1,-1,1,32,0.0,0.0,0.0,0.0,0.0,0.0,0.0,0.0
43762,53,17,92.0,216.0,46.0,46.0,46.0,0.0,108.0,108.0,108.0,0.0,16445.0,28404.341,49228.0,3.0,4.0,4.0,0.0,4.0,4.0,3.0,3.0,0.0,3.0,3.0,0,0,0,0,46.0,108.0,0,0,0,0,0,0,0,0,1.0,88.5,46.0,108.0,0,0,0,0,0,0,2,92,2,216,-1,-1,1,32,0.0,0.0,0.0,0.0,0.0,0.0,0.0,0.0
80,54956,6,0.0,0.0,0.0,0.0,0.0,0.0,0.0,0.0,0.0,0.0,21.0,0.0,21.0,21.0,0.0,0.0,0.0,0.0,0.0,0.0,0.0,0.0,0.0,0.0,0,0,0,0,0.0,0.0,0,0,0,0,1,1,0,0,1.0,0.0,0.0,0.0,0,0,0,0,0,0,1,0,1,0,905,229,0,32,0.0,0.0,0.0,0.0,0.0,0.0,0.0,0.0
38854,53,17,68.0,168.0,34.0,34.0,34.0,0.0,84.0,84.0,84.0,0.0,86680.66,154340.165,249096.0,1.0,1.0,1.0,0.0,1.0,1.0,47.0,47.0,0.0,47.0,47.0,0,0,0,0,34.0,84.0,0,0,0,0,0,0,0,0,1.0,67.5,34.0,84.0,0,0,0,0,0,0,2,68,2,168,-1,-1,1,32,0.0,0.0,0.0,0.0,0.0,0.0,0.0,0.0
43033,443,6,1033.0,3231.0,649.0,0.0,78.75,165.7631,1498.0,0.0,423.625,640.6164,3513031.65,11224837.054,44999115.0,1.0,61070328.0,7061566.0,15224393.425,44999115.0,1.0,61013678.0,8206596.85,17303033.217,45042657.0,2.0,0,0,0,0,0.0,1498.0,0,0,0,1,0,0,0,0,0.0,199.2574,78.75,423.625,0,0,0,0,0,0,12,1033,8,3231,29200,14470,3,32,158234.5,112674.964,274309.0,46574.0,30674321.5,20652885.793,44999113.0,15432602.0
62460,53,17,72.0,328.0,72.0,72.0,72.0,0.0,328.0,328.0,328.0,0.0,31226.0,0.0,31226.0,31226.0,0.0,0.0,0.0,0.0,0.0,0.0,0.0,0.0,0.0,0.0,0,0,0,0,72.0,328.0,0,0,0,0,0,0,0,0,1.0,241.0,72.0,328.0,0,0,0,0,0,0,1,72,1,328,-1,-1,0,44,0.0,0.0,0.0,0.0,0.0,0.0,0.0,0.0
50870,53,17,72.0,234.0,36.0,36.0,36.0,0.0,117.0,117.0,117.0,0.0,56.66,97.672,164.0,3.0,3.0,3.0,0.0,3.0,3.0,3.0,3.0,0.0,3.0,3.0,0,0,0,0,36.0,117.0,0,0,0,0,0,0,0,0,1.0,85.5,36.0,117.0,0,0,0,0,0,0,2,72,2,234,-1,-1,1,32,0.0,0.0,0.0,0.0,0.0,0.0,0.0,0.0
33390,443,6,768.0,3173.0,368.0,0.0,53.0,107.1307,1112.0,0.0,169.45,438.9782,2859822.73,4473708.166,10216213.0,4.0,66857459.0,5512268.76,5016489.15,10240018.0,104.0,62718776.0,6644814.14,5256309.75,10240110.0,4.0,0,0,0,0,0.0,1112.0,0,0,0,1,0,0,0,0,0.0,92.1296,53.0,169.45,0,0,0,0,0,0,23,768,12,3173,29200,236,3,32,177033.0,223575.287,675530.0,50169.0,10188094.16,89254.828,10216214.0,10160176.0
62159,53,17,42.0,286.0,42.0,42.0,42.0,0.0,286.0,286.0,286.0,0.0,111266.0,0.0,111266.0,111266.0,0.0,0.0,0.0,0.0,0.0,0.0,0.0,0.0,0.0,0.0,0,0,0,0,42.0,286.0,0,0,0,0,0,0,0,0,1.0,185.0,42.0,286.0,0,0,0,0,0,0,1,42,1,286,-1,-1,0,20,0.0,0.0,0.0,0.0,0.0,0.0,0.0,0.0
24823,53,17,60.0,264.0,30.0,30.0,30.0,0.0,132.0,132.0,132.0,0.0,104.66,172.773,300.0,1.0,1.0,1.0,0.0,1.0,1.0,2.0,2.0,0.0,2.0,2.0,0,0,0,0,30.0,132.0,0,0,0,0,0,0,0,0,1.0,88.5,30.0,132.0,0,0,0,0,0,0,2,60,2,264,-1,-1,1,20,0.0,0.0,0.0,0.0,0.0,0.0,0.0,0.0
62103,53,17,56.0,154.0,56.0,56.0,56.0,0.0,154.0,154.0,154.0,0.0,23687.0,0.0,23687.0,23687.0,0.0,0.0,0.0,0.0,0.0,0.0,0.0,0.0,0.0,0.0,0,0,0,0,56.0,154.0,0,0,0,0,0,0,0,0,1.0,133.0,56.0,154.0,0,0,0,0,0,0,1,56,1,154,-1,-1,0,32,0.0,0.0,0.0,0.0,0.0,0.0,0.0,0.0
57682,22,6,6.0,6.0,6.0,6.0,6.0,0.0,6.0,6.0,6.0,0.0,155.0,0.0,155.0,155.0,0.0,0.0,0.0,0.0,0.0,0.0,0.0,0.0,0.0,0.0,0,0,0,0,6.0,6.0,0,0,0,0,1,1,0,0,1.0,9.0,6.0,6.0,0,0,0,0,0,0,1,6,1,6,250,245,0,20,0.0,0.0,0.0,0.0,0.0,0.0,0.0,0.0
60702,53,17,43.0,171.0,43.0,43.0,43.0,0.0,171.0,171.0,171.0,0.0,30487.0,0.0,30487.0,30487.0,0.0,0.0,0.0,0.0,0.0,0.0,0.0,0.0,0.0,0.0,0,0,0,0,43.0,171.0,0,0,0,0,0,0,0,0,1.0,128.5,43.0,171.0,0,0,0,0,0,0,1,43,1,171,-1,-1,0,32,0.0,0.0,0.0,0.0,0.0,0.0,0.0,0.0
443,52657,6,6.0,6.0,6.0,6.0,6.0,0.0,6.0,6.0,6.0,0.0,20.0,0.0,20.0,20.0,0.0,0.0,0.0,0.0,0.0,0.0,0.0,0.0,0.0,0.0,0,0,0,0,6.0,6.0,0,0,0,0,1,1,0,0,1.0,9.0,6.0,6.0,0,0,0,0,0,0,1,6,1,6,60,255,0,20,0.0,0.0,0.0,0.0,0.0,0.0,0.0,0.0
58581,53,17,68.0,358.0,34.0,34.0,34.0,0.0,179.0,179.0,179.0,0.0,72.33,81.538,161.0,14.0,48.0,48.0,0.0,48.0,48.0,48.0,48.0,0.0,48.0,48.0,0,0,0,0,34.0,179.0,0,0,0,0,0,0,0,0,1.0,115.0,34.0,179.0,0,0,0,0,0,0,2,68,2,358,-1,-1,1,20,0.0,0.0,0.0,0.0,0.0,0.0,0.0,0.0
59747,443,6,611.0,168.0,517.0,0.0,101.8333,204.3051,156.0,0.0,42.0,76.0526,643939.58,1738262.306,5858734.0,3.0,5963139.0,1110669.8,2403369.155,5921445.0,3.0,139437.0,49719.0,41216.667,91707.0,35959.0,0,0,0,0,0.0,517.0,0,0,0,1,0,0,0,0,0.0,77.9,101.8333,42.0,0,0,0,0,0,0,6,611,4,168,8192,119,5,20,101213.0,0.0,101213.0,101213.0,5858746.0,0.0,5858746.0,5858746.0
61044,53,17,51.0,112.0,51.0,51.0,51.0,0.0,112.0,112.0,112.0,0.0,596.0,0.0,596.0,596.0,0.0,0.0,0.0,0.0,0.0,0.0,0.0,0.0,0.0,0.0,0,0,0,0,51.0,112.0,0,0,0,0,0,0,0,0,1.0,107.0,51.0,112.0,0,0,0,0,0,0,1,51,1,112,-1,-1,0,20,0.0,0.0,0.0,0.0,0.0,0.0,0.0,0.0
49626,443,6,4120.0,6810.0,3036.0,0.0,462.7143,1050.9727,1550.0,0.0,740.0,968.2816,198171.65,576828.158,2948615.0,117.0,3389733.0,338910.5,704651.094,2848615.0,116.0,3266191.0,804565.57,525811.347,2931681.0,165.0,0,0,0,0,0.0,3036.0,0,0,0,1,0,0,0,0,1.0,660.8462,462.7143,740.0,0,0,0,0,0,0,7,4120,9,6810,8192,98,6,20,0.0,0.0,0.0,0.0,0.0,0.0,0.0,0.0
63490,80,6,12.0,0.0,6.0,0.0,4.0,3.4641,0.0,0.0,0.0,0.0,1889432.33,3291158.991,5630875.0,128.0,5678341.0,2839170.5,3981618.903,5630875.0,36256.0,0.0,0.0,0.0,0.0,0.0,0,0,0,0,0.0,6.0,0,0,0,1,0,0,0,0,0.0,3.0,4.0,0.0,0,0,0,0,0,0,3,12,1,0,8192,26883,2,20,0.0,0.0,0.0,0.0,0.0,0.0,0.0,0.0
443,50075,6,37.0,0.0,37.0,0.0,18.5,26.163,0.0,0.0,0.0,0.0,4.0,0.0,4.0,4.0,4.0,4.0,0.0,4.0,4.0,0.0,0.0,0.0,0.0,0.0,1,0,0,0,0.0,37.0,0,1,0,0,1,0,0,0,0.0,37.0,18.5,0.0,0,0,0,0,0,0,2,37,0,0,116,-1,0,32,0.0,0.0,0.0,0.0,0.0,0.0,0.0,0.0
61127,53,17,55.0,61.0,55.0,55.0,55.0,0.0,61.0,61.0,61.0,0.0,30692.0,0.0,30692.0,30692.0,0.0,0.0,0.0,0.0,0.0,0.0,0.0,0.0,0.0,0.0,0,0,0,0,55.0,61.0,0,0,0,0,0,0,0,0,1.0,85.5,55.0,61.0,0,0,0,0,0,0,1,55,1,61,-1,-1,0,32,0.0,0.0,0.0,0.0,0.0,0.0,0.0,0.0
443,58626,6,0.0,0.0,0.0,0.0,0.0,0.0,0.0,0.0,0.0,0.0,73.0,0.0,73.0,73.0,0.0,0.0,0.0,0.0,0.0,0.0,0.0,0.0,0.0,0.0,0,0,0,0,0.0,0.0,0,0,0,0,1,1,0,0,1.0,0.0,0.0,0.0,0,0,0,0,0,0,1,0,1,0,71,320,0,32,0.0,0.0,0.0,0.0,0.0,0.0,0.0,0.0
61985,53,17,52.0,68.0,52.0,52.0,52.0,0.0,68.0,68.0,68.0,0.0,30883.0,0.0,30883.0,30883.0,0.0,0.0,0.0,0.0,0.0,0.0,0.0,0.0,0.0,0.0,0,0,0,0,52.0,68.0,0,0,0,0,0,0,0,0,1.0,86.0,52.0,68.0,0,0,0,0,0,0,1,52,1,68,-1,-1,0,20,0.0,0.0,0.0,0.0,0.0,0.0,0.0,0.0
5882,443,6,1247.0,89362.0,517.0,0.0,36.2389,108.7827,2920.0,0.0,1122.7375,575.059,773539.62,2697197.44,10082194.0,0.0,116156466.0,2176952.5,3790035.991,10095407.0,3.0,110594172.0,1777523.95,3792021.622,10094808.0,1.0,0,0,0,0,0.0,2920.0,0,0,0,1,0,0,0,0,1.0,586.4556,36.2389,1122.7375,0,0,0,0,0,0,65,1247,72,89362,8192,68,64,20,36601.91,17483.211,104628.0,29166.0,9603700.91,1302534.024,10082199.0,5054670.0
60588,53,17,55.0,342.0,55.0,55.0,55.0,0.0,342.0,342.0,342.0,0.0,163544.0,0.0,163544.0,163544.0,0.0,0.0,0.0,0.0,0.0,0.0,0.0,0.0,0.0,0.0,0,0,0,0,55.0,342.0,0,0,0,0,0,0,0,0,1.0,226.0,55.0,342.0,0,0,0,0,0,0,1,55,1,342,-1,-1,0,20,0.0,0.0,0.0,0.0,0.0,0.0,0.0,0.0
60680,443,6,2205.0,9356.0,629.0,0.0,151.0769,246.1994,2889.0,0.0,762.0,928.0183,617188.88,2312791.544,9838281.0,3.0,18374427.0,1206660.36,3567965.225,9838281.0,296.0,2290712.0,612071.33,1765972.83,2039438.0,3.0,0,0,0,0,0.0,2889.0,0,0,0,1,0,0,0,0,1.0,524.4,151.0769,762.0,0,0,0,0,0,0,13,2205,12,9356,8192,30,12,20,0.0,0.0,0.0,0.0,0.0,0.0,0.0,0.0
61787,53,17,80.0,202.0,40.0,40.0,40.0,0.0,101.0,101.0,101.0,0.0,16310.33,28201.839,48923.0,3.0,3.0,3.0,0.0,3.0,3.0,3.0,3.0,0.0,3.0,3.0,0,0,0,0,40.0,101.0,0,0,0,0,0,0,0,0,1.0,80.5,40.0,101.0,0,0,0,0,0,0,2,80,2,202,-1,-1,1,20,0.0,0.0,0.0,0.0,0.0,0.0,0.0,0.0
61588,53,17,48.0,142.0,48.0,48.0,48.0,0.0,142.0,142.0,142.0,0.0,127623.0,0.0,127623.0,127623.0,0.0,0.0,0.0,0.0,0.0,0.0,0.0,0.0,0.0,0.0,0,0,0,0,48.0,142.0,0,0,0,0,0,0,0,0,1.0,129.0,48.0,142.0,0,0,0,0,0,0,1,48,1,142,-1,-1,0,32,0.0,0.0,0.0,0.0,0.0,0.0,0.0,0.0
443,53565,6,6.0,6.0,6.0,6.0,6.0,0.0,6.0,6.0,6.0,0.0,101.0,0.0,101.0,101.0,0.0,0.0,0.0,0.0,0.0,0.0,0.0,0.0,0.0,0.0,0,0,0,0,6.0,6.0,0,0,0,0,1,1,0,0,1.0,9.0,6.0,6.0,0,0,0,0,0,0,1,6,1,6,849,16360,0,20,0.0,0.0,0.0,0.0,0.0,0.0,0.0,0.0
61389,53,17,47.0,79.0,47.0,47.0,47.0,0.0,79.0,79.0,79.0,0.0,30802.0,0.0,30802.0,30802.0,0.0,0.0,0.0,0.0,0.0,0.0,0.0,0.0,0.0,0.0,0,0,0,0,47.0,79.0,0,0,0,0,0,0,0,0,1.0,86.5,47.0,79.0,0,0,0,0,0,0,1,47,1,79,-1,-1,0,32,0.0,0.0,0.0,0.0,0.0,0.0,0.0,0.0
55675,53,17,88.0,120.0,44.0,44.0,44.0,0.0,60.0,60.0,60.0,0.0,57.0,51.141,125.0,4.0,4.0,4.0,0.0,4.0,4.0,48.0,48.0,0.0,48.0,48.0,0,0,0,0,44.0,60.0,0,0,0,0,0,0,0,0,1.0,63.0,44.0,60.0,0,0,0,0,0,0,2,88,2,120,-1,-1,1,32,0.0,0.0,0.0,0.0,0.0,0.0,0.0,0.0
443,55969,6,6.0,6.0,6.0,6.0,6.0,0.0,6.0,6.0,6.0,0.0,30.0,0.0,30.0,30.0,0.0,0.0,0.0,0.0,0.0,0.0,0.0,0.0,0.0,0.0,0,0,0,0,6.0,6.0,0,0,0,0,1,0,0,0,1.0,9.0,6.0,6.0,0,0,0,0,0,0,1,6,1,6,4695,32850,0,20,0.0,0.0,0.0,0.0,0.0,0.0,0.0,0.0
57273,443,6,396.0,3716.0,212.0,0.0,49.3333,79.2248,1460.0,0.0,619.3333,679.909,712838.08,1663449.456,5291010.0,49.0,5338664.0,723814.8,2103109.3,5291010.0,49.0,54592.0,12278.4,12597.865,21035.0,47.0,0,0,0,0,0.0,1460.0,0,0,0,1,0,0,0,0,0.0,293.4,49.3333,619.3333,0,0,0,0,0,0,6,396,6,3716,8192,119,5,20,165984.0,0.0,165984.0,165984.0,5291054.0,0.0,5291054.0,5291054.0
58108,80,6,599.0,779.0,585.0,0.0,139.25,276.5173,773.0,0.0,243.25,436.5067,102639.28,165638.89,461765.0,133.0,564262.0,121420.66,160120.74,423665.0,23810.0,35922.0,15670.0,22469.481,31518.0,11627.0,0,0,0,0,0.0,773.0,0,0,0,1,0,0,0,0,0.0,185.0,139.25,243.25,0,0,0,0,0,0,4,599,4,779,8192,119,3,20,0.0,0.0,0.0,0.0,0.0,0.0,0.0,0.0
49804,443,6,1242.0,7287.0,981.0,0.0,78.1,227.6187,1397.0,0.0,653.1667,697.9267,3967.97,5124.1,15372.0,1.0,77133.0,3154.88,7831.942,22270.0,1.0,36357.0,7424.1,4437.532,15722.0,1.0,0,0,0,0,0.0,1397.0,0,0,0,1,0,0,0,0,0.0,320.3529,78.1,653.1667,0,0,0,0,0,0,15,1242,12,7287,65535,32,14,20,0.0,0.0,0.0,0.0,0.0,0.0,0.0,0.0
64161,53,17,176.0,350.0,44.0,44.0,44.0,0.0,85.0,85.0,85.0,0.0,4494.28,11403.222,31820.0,2.0,32392.0,10787.66,18120.51,32280.0,2.0,7091.0,533.66,3684.865,2044.0,4.0,0,0,0,0,44.0,85.0,0,0,0,0,0,0,0,0,1.0,73.0,44.0,85.0,0,0,0,0,0,0,4,176,4,350,-1,-1,3,32,0.0,0.0,0.0,0.0,0.0,0.0,0.0,0.0
52544,53,17,64.0,158.0,32.0,32.0,32.0,0.0,79.0,79.0,79.0,0.0,83.66,145.162,244.0,3.0,3.0,3.0,0.0,3.0,3.0,3.0,3.0,0.0,3.0,3.0,0,0,0,0,32.0,79.0,0,0,0,0,0,0,0,0,1.0,63.5,32.0,79.0,0,0,0,0,0,0,2,64,2,158,-1,-1,1,32,0.0,0.0,0.0,0.0,0.0,0.0,0.0,0.0
65528,53,17,90.0,306.0,45.0,45.0,45.0,0.0,153.0,153.0,153.0,0.0,61.33,100.713,177.0,3.0,3.0,3.0,0.0,3.0,3.0,4.0,4.0,0.0,4.0,4.0,0,0,0,0,45.0,153.0,0,0,0,0,0,0,0,0,1.0,110.25,45.0,153.0,0,0,0,0,0,0,2,90,2,306,-1,-1,1,32,0.0,0.0,0.0,0.0,0.0,0.0,0.0,0.0
443,56696,6,37.0,0.0,37.0,0.0,18.5,26.163,0.0,0.0,0.0,0.0,1.0,0.0,1.0,1.0,1.0,1.0,0.0,1.0,1.0,0.0,0.0,0.0,0.0,0.0,1,0,0,0,0.0,37.0,0,1,0,0,1,0,0,0,0.0,37.0,18.5,0.0,0,0,0,0,0,0,2,37,0,0,115,-1,0,32,0.0,0.0,0.0,0.0,0.0,0.0,0.0,0.0
57270,53,17,148.0,242.0,37.0,37.0,37.0,0.0,121.0,121.0,121.0,0.0,47439.6,97050.067,224875.0,3.0,30982.0,10324.33,17397.284,30875.0,3.0,4.0,4.0,0.0,4.0,4.0,0,0,0,0,37.0,121.0,0,0,0,0,0,0,0,0,0.0,64.5,37.0,121.0,0,0,0,0,0,0,4,148,2,242,-1,-1,3,20,0.0,0.0,0.0,0.0,0.0,0.0,0.0,0.0
58803,443,6,572.0,146.0,517.0,0.0,114.4,225.7062,134.0,0.0,36.0,70.0571,7447.42,11297.71,14994.0,173.0,30765.0,17640.75,13244.743,17526.0,182.0,13875.0,7951.5,16423.945,10830.0,575.0,0,0,0,0,0.0,517.0,0,0,0,1,0,0,0,0,0.0,80.625,114.4,36.0,0,0,0,0,0,0,5,572,3,146,8192,946,4,20,0.0,0.0,0.0,0.0,0.0,0.0,0.0,0.0
60961,53,17,56.0,124.0,56.0,56.0,56.0,0.0,124.0,124.0,124.0,0.0,171168.0,0.0,171168.0,171168.0,0.0,0.0,0.0,0.0,0.0,0.0,0.0,0.0,0.0,0.0,0,0,0,0,56.0,124.0,0,0,0,0,0,0,0,0,1.0,118.0,56.0,124.0,0,0,0,0,0,0,1,56,1,124,-1,-1,0,32,0.0,0.0,0.0,0.0,0.0,0.0,0.0,0.0
60612,53,17,72.0,136.0,36.0,36.0,36.0,0.0,68.0,68.0,68.0,0.0,8097.0,13969.234,24284.0,4.0,4.0,4.0,0.0,4.0,4.0,4.0,4.0,0.0,4.0,4.0,0,0,0,0,36.0,68.0,0,0,0,0,0,0,0,0,1.0,61.0,36.0,68.0,0,0,0,0,0,0,2,72,2,136,-1,-1,1,32,0.0,0.0,0.0,0.0,0.0,0.0,0.0,0.0
62137,53,17,48.0,145.0,48.0,48.0,48.0,0.0,145.0,145.0,145.0,0.0,71932.0,0.0,71932.0,71932.0,0.0,0.0,0.0,0.0,0.0,0.0,0.0,0.0,0.0,0.0,0,0,0,0,48.0,145.0,0,0,0,0,0,0,0,0,1.0,120.5,48.0,145.0,0,0,0,0,0,0,1,48,1,145,-1,-1,0,20,0.0,0.0,0.0,0.0,0.0,0.0,0.0,0.0
59681,80,6,12.0,0.0,6.0,0.0,4.0,3.4641,0.0,0.0,0.0,0.0,1888124.33,3161459.171,5566188.0,64.0,5588411.0,2794705.5,3822558.196,5566188.0,24964.0,0.0,0.0,0.0,0.0,0.0,0,0,0,0,0.0,6.0,0,0,0,1,0,0,0,0,0.0,3.0,4.0,0.0,0,0,0,0,0,0,3,12,1,0,8192,65535,2,20,0.0,0.0,0.0,0.0,0.0,0.0,0.0,0.0
80,52512,6,6.0,6.0,6.0,6.0,6.0,0.0,6.0,6.0,6.0,0.0,52.0,0.0,52.0,52.0,0.0,0.0,0.0,0.0,0.0,0.0,0.0,0.0,0.0,0.0,0,0,0,0,6.0,6.0,0,0,0,0,1,1,0,0,1.0,9.0,6.0,6.0,0,0,0,0,0,0,1,6,1,6,946,16225,0,20,0.0,0.0,0.0,0.0,0.0,0.0,0.0,0.0
62205,53,17,56.0,120.0,56.0,56.0,56.0,0.0,120.0,120.0,120.0,0.0,117709.0,0.0,117709.0,117709.0,0.0,0.0,0.0,0.0,0.0,0.0,0.0,0.0,0.0,0.0,0,0,0,0,56.0,120.0,0,0,0,0,0,0,0,0,1.0,116.0,56.0,120.0,0,0,0,0,0,0,1,56,1,120,-1,-1,0,20,0.0,0.0,0.0,0.0,0.0,0.0,0.0,0.0
443,52139,6,37.0,0.0,37.0,0.0,18.5,26.163,0.0,0.0,0.0,0.0,4.0,0.0,4.0,4.0,4.0,4.0,0.0,4.0,4.0,0.0,0.0,0.0,0.0,0.0,1,0,0,0,0.0,37.0,0,1,0,0,1,0,0,0,0.0,37.0,18.5,0.0,0,0,0,0,0,0,2,37,0,0,118,-1,0,32,0.0,0.0,0.0,0.0,0.0,0.0,0.0,0.0
443,52927,6,37.0,6.0,37.0,0.0,18.5,26.163,6.0,6.0,6.0,0.0,100.5,86.169,167.0,56.0,201.0,201.0,0.0,201.0,201.0,0.0,0.0,0.0,0.0,0.0,1,0,0,0,0.0,37.0,0,1,0,0,1,0,0,0,0.0,26.6667,18.5,6.0,0,0,0,0,0,0,2,37,1,6,975,0,0,32,0.0,0.0,0.0,0.0,0.0,0.0,0.0,0.0
80,57767,6,0.0,0.0,0.0,0.0,0.0,0.0,0.0,0.0,0.0,0.0,94.0,0.0,94.0,94.0,0.0,0.0,0.0,0.0,0.0,0.0,0.0,0.0,0.0,0.0,0,0,0,0,0.0,0.0,0,0,0,0,1,1,0,0,1.0,0.0,0.0,0.0,0,0,0,0,0,0,1,0,1,0,349,32832,0,32,0.0,0.0,0.0,0.0,0.0,0.0,0.0,0.0
60397,53,17,55.0,166.0,55.0,55.0,55.0,0.0,166.0,166.0,166.0,0.0,74639.0,0.0,74639.0,74639.0,0.0,0.0,0.0,0.0,0.0,0.0,0.0,0.0,0.0,0.0,0,0,0,0,55.0,166.0,0,0,0,0,0,0,0,0,1.0,138.0,55.0,166.0,0,0,0,0,0,0,1,55,1,166,-1,-1,0,20,0.0,0.0,0.0,0.0,0.0,0.0,0.0,0.0
443,57753,6,43.0,6.0,31.0,6.0,14.3333,14.4338,6.0,6.0,6.0,0.0,67.66,33.947,115.0,48.0,193.0,96.5,133.916,195.0,48.0,0.0,0.0,0.0,0.0,0.0,0,0,0,0,6.0,31.0,0,0,0,0,1,0,0,0,0.0,13.75,14.3333,6.0,0,0,0,0,0,0,3,43,1,6,1107,0,2,20,0.0,0.0,0.0,0.0,0.0,0.0,0.0,0.0
53508,53,17,78.0,270.0,39.0,39.0,39.0,0.0,135.0,135.0,135.0,0.0,36592.0,63250.495,109779.0,3.0,3.0,3.0,0.0,3.0,3.0,4.0,4.0,0.0,4.0,4.0,0,0,0,0,39.0,135.0,0,0,0,0,0,0,0,0,1.0,96.75,39.0,135.0,0,0,0,0,0,0,2,78,2,270,-1,-1,1,20,0.0,0.0,0.0,0.0,0.0,0.0,0.0,0.0
61282,53,17,50.0,149.0,50.0,50.0,50.0,0.0,149.0,149.0,149.0,0.0,156708.0,0.0,156708.0,156708.0,0.0,0.0,0.0,0.0,0.0,0.0,0.0,0.0,0.0,0.0,0,0,0,0,50.0,149.0,0,0,0,0,0,0,0,0,1.0,124.5,50.0,149.0,0,0,0,0,0,0,1,50,1,149,-1,-1,0,32,0.0,0.0,0.0,0.0,0.0,0.0,0.0,0.0
62114,53,17,53.0,110.0,53.0,53.0,53.0,0.0,110.0,110.0,110.0,0.0,31757.0,0.0,31757.0,31757.0,0.0,0.0,0.0,0.0,0.0,0.0,0.0,0.0,0.0,0.0,0,0,0,0,53.0,110.0,0,0,0,0,0,0,0,0,1.0,108.0,53.0,110.0,0,0,0,0,0,0,1,53,1,110,-1,-1,0,20,0.0,0.0,0.0,0.0,0.0,0.0,0.0,0.0
62617,53,17,45.0,112.0,45.0,45.0,45.0,0.0,112.0,112.0,112.0,0.0,61796.0,0.0,61796.0,61796.0,0.0,0.0,0.0,0.0,0.0,0.0,0.0,0.0,0.0,0.0,0,0,0,0,45.0,112.0,0,0,0,0,0,0,0,0,1.0,101.0,45.0,112.0,0,0,0,0,0,0,1,45,1,112,-1,-1,0,20,0.0,0.0,0.0,0.0,0.0,0.0,0.0,0.0
43479,443,6,1602.0,5184.0,1109.0,0.0,125.2727,377.4028,1418.0,0.0,355.2857,535.7133,4340706.68,15110436.349,58928021.0,1.0,118617696.0,8484182.5,21258484.109,58928021.0,4.0,118487997.0,9773997.99,19947046.841,59002407.0,1.0,0,0,0,0,0.0,1418.0,0,0,0,1,0,0,0,0,1.0,237.6222,125.2727,355.2857,0,0,0,0,0,0,11,1602,14,5184,29200,387,8,32,170418.0,185452.149,307802.0,67101.0,58523503.5,250768.126,58928024.0,58683453.0
60310,53,17,55.0,120.0,55.0,55.0,55.0,0.0,120.0,120.0,120.0,0.0,31190.0,0.0,31190.0,31190.0,0.0,0.0,0.0,0.0,0.0,0.0,0.0,0.0,0.0,0.0,0,0,0,0,55.0,120.0,0,0,0,0,0,0,0,0,1.0,115.0,55.0,120.0,0,0,0,0,0,0,1,55,1,120,-1,-1,0,20,0.0,0.0,0.0,0.0,0.0,0.0,0.0,0.0
80,41288,6,0.0,0.0,0.0,0.0,0.0,0.0,0.0,0.0,0.0,0.0,56.0,0.0,56.0,56.0,0.0,0.0,0.0,0.0,0.0,0.0,0.0,0.0,0.0,0.0,0,0,0,0,0.0,0.0,0,0,0,0,1,1,0,0,1.0,0.0,0.0,0.0,0,0,0,0,0,0,1,0,1,0,939,229,0,32,0.0,0.0,0.0,0.0,0.0,0.0,0.0,0.0
59140,53,17,74.0,154.0,37.0,37.0,37.0,0.0,77.0,77.0,77.0,0.0,25248.33,44756.954,75745.0,3.0,4.0,4.0,0.0,4.0,4.0,3.0,3.0,0.0,3.0,3.0,0,0,0,0,37.0,77.0,0,0,0,0,0,0,0,0,1.0,66.25,37.0,77.0,0,0,0,0,0,0,2,74,2,154,-1,-1,1,20,0.0,0.0,0.0,0.0,0.0,0.0,0.0,0.0
51442,53,17,62.0,548.0,31.0,31.0,31.0,0.0,274.0,274.0,274.0,0.0,99.33,169.036,290.0,3.0,3.0,3.0,0.0,3.0,3.0,3.0,3.0,0.0,3.0,3.0,0,0,0,0,31.0,274.0,0,0,0,0,0,0,0,0,1.0,160.25,31.0,274.0,0,0,0,0,0,0,2,62,2,548,-1,-1,1,32,0.0,0.0,0.0,0.0,0.0,0.0,0.0,0.0
49635,443,6,535.0,4051.0,192.0,0.0,45.3846,67.4239,1418.0,0.0,505.5714,602.9999,7515.2,14308.622,37312.0,1.0,132918.0,15883.15,18426.118,53492.0,1.0,81990.0,10313.33,22161.202,48101.0,1.0,0,0,0,0,0.0,1418.0,0,0,0,1,0,0,0,0,0.0,244.6667,45.3846,505.5714,0,0,0,0,0,0,13,535,7,4051,29200,340,5,32,0.0,0.0,0.0,0.0,0.0,0.0,0.0,0.0
28789,53,17,68.0,100.0,34.0,34.0,34.0,0.0,50.0,50.0,50.0,0.0,10722.33,18628.715,32159.0,3.0,3.0,3.0,0.0,3.0,3.0,48.0,48.0,0.0,48.0,48.0,0,0,0,0,34.0,50.0,0,0,0,0,0,0,0,0,1.0,50.5,34.0,50.0,0,0,0,0,0,0,2,68,2,100,-1,-1,1,20,0.0,0.0,0.0,0.0,0.0,0.0,0.0,0.0
55239,80,6,12.0,0.0,6.0,6.0,6.0,0.0,0.0,0.0,0.0,0.0,87.0,0.0,87.0,87.0,87.0,87.0,0.0,87.0,87.0,0.0,0.0,0.0,0.0,0.0,0,0,0,0,6.0,6.0,0,0,0,0,1,0,0,0,0.0,9.0,6.0,0.0,0,0,0,0,0,0,2,12,0,0,256,-1,1,20,0.0,0.0,0.0,0.0,0.0,0.0,0.0,0.0
57174,80,6,432.0,1773.0,432.0,0.0,48.4444,144.0369,1773.0,0.0,127.1,472.8293,3784057.4,4889014.258,10216923.0,44.0,81069096.0,7719436.75,4710164.994,10240017.0,22412.0,91319613.0,8158968.81,4222231.943,10240225.0,7277.0,0,0,0,0,0.0,1773.0,0,0,0,1,0,0,0,0,1.0,91.0667,48.4444,127.1,0,0,0,0,0,0,11,432,10,1773,29200,939,1,32,28422.25,13371.877,54519.0,22996.0,10192229.75,68060.736,10216928.0,10199102.0
58850,443,6,617.0,164.0,517.0,0.0,88.1429,189.989,152.0,0.0,41.0,74.054,546491.1,1696186.088,5378695.0,3.0,5488946.0,949724.33,2286796.795,5432343.0,3.0,85219.0,28703.0,32857.797,69954.0,7.0,0,0,0,0,0.0,517.0,0,0,0,1,0,0,0,0,0.0,71.0,88.1429,41.0,0,0,0,0,0,0,7,617,4,164,29200,30,6,20,104194.0,0.0,104194.0,104194.0,5378686.0,0.0,5378696.0,5378686.0
46201,53,17,84.0,228.0,42.0,42.0,42.0,0.0,114.0,114.0,114.0,0.0,82.33,133.966,249.0,0.0,0.0,0.0,0.0,0.0,0.0,1.0,1.0,0.0,1.0,1.0,0,0,0,0,42.0,114.0,0,0,0,0,0,0,0,0,1.0,88.5,42.0,114.0,0,0,0,0,0,0,2,84,2,228,-1,-1,1,32,0.0,0.0,0.0,0.0,0.0,0.0,0.0,0.0
80,51332,6,6.0,6.0,6.0,6.0,6.0,0.0,6.0,6.0,6.0,0.0,95.0,0.0,95.0,95.0,0.0,0.0,0.0,0.0,0.0,0.0,0.0,0.0,0.0,0.0,0,0,0,0,6.0,6.0,0,0,0,0,1,1,0,0,1.0,9.0,6.0,6.0,0,0,0,0,0,0,1,6,1,6,913,16425,0,20,0.0,0.0,0.0,0.0,0.0,0.0,0.0,0.0
52263,53,17,144.0,504.0,36.0,36.0,36.0,0.0,121.0,121.0,121.0,0.0,4298.28,11900.358,30393.0,4.0,58894.0,19261.33,35250.368,58876.0,4.0,21314.0,2204.33,13538.075,20304.0,4.0,0,0,0,0,36.0,121.0,0,0,0,0,0,0,0,0,1.0,81.25,36.0,121.0,0,0,0,0,0,0,4,144,4,504,-1,-1,3,20,0.0,0.0,0.0,0.0,0.0,0.0,0.0,0.0
56739,443,6,74.0,0.0,37.0,37.0,37.0,0.0,0.0,0.0,0.0,0.0,64054650.0,0.0,64054650.0,64054650.0,64054650.0,64054650.0,0.0,64054650.0,64054650.0,0.0,0.0,0.0,0.0,0.0,1,0,0,0,37.0,37.0,0,1,0,0,1,1,0,0,0.0,55.5,37.0,0.0,0,0,0,0,0,0,2,74,0,0,33304,-1,1,32,0.0,0.0,0.0,0.0,0.0,0.0,0.0,0.0
54821,80,6,12.0,0.0,6.0,0.0,4.0,3.4641,0.0,0.0,0.0,0.0,1781490.33,2972403.82,5160473.0,42.0,5183093.0,2591546.5,3648593.234,5160473.0,29899.0,0.0,0.0,0.0,0.0,0.0,0,0,0,0,0.0,6.0,0,0,0,1,0,0,0,0,0.0,3.0,4.0,0.0,0,0,0,0,0,0,3,12,1,0,8192,29200,2,20,0.0,0.0,0.0,0.0,0.0,0.0,0.0,0.0
50114,53,17,74.0,188.0,37.0,37.0,37.0,0.0,94.0,94.0,94.0,0.0,58.0,67.605,123.0,3.0,3.0,3.0,0.0,3.0,3.0,48.0,48.0,0.0,48.0,48.0,0,0,0,0,37.0,94.0,0,0,0,0,0,0,0,0,1.0,74.75,37.0,94.0,0,0,0,0,0,0,2,74,2,188,-1,-1,1,32,0.0,0.0,0.0,0.0,0.0,0.0,0.0,0.0
443,53526,6,12.0,0.0,6.0,6.0,6.0,0.0,0.0,0.0,0.0,0.0,999410.0,0.0,999410.0,999410.0,999410.0,999410.0,0.0,999410.0,999410.0,0.0,0.0,0.0,0.0,0.0,0,0,0,0,6.0,6.0,0,0,0,0,1,0,0,0,0.0,9.0,6.0,0.0,0,0,0,0,0,0,2,12,0,0,41026,-1,1,20,0.0,0.0,0.0,0.0,0.0,0.0,0.0,0.0
58000,443,6,713.0,479.0,469.0,0.0,71.3,147.2874,341.0,0.0,95.8,149.5299,5791.71,9752.901,23442.0,3.0,82608.0,8471.22,11349.533,24296.0,3.0,50166.0,12527.0,13195.521,23640.0,221.0,0,0,0,0,0.0,469.0,0,0,0,1,0,0,0,0,0.0,79.4667,71.3,95.8,0,0,0,0,0,0,10,713,5,479,65535,972,5,32,0.0,0.0,0.0,0.0,0.0,0.0,0.0,0.0
49895,443,6,12.0,0.0,6.0,6.0,6.0,0.0,0.0,0.0,0.0,0.0,3.0,0.0,3.0,3.0,3.0,3.0,0.0,3.0,3.0,0.0,0.0,0.0,0.0,0.0,0,0,0,0,6.0,6.0,1,0,0,0,0,0,0,0,0.0,9.0,6.0,0.0,0,0,0,0,0,0,2,12,0,0,0,-1,1,20,0.0,0.0,0.0,0.0,0.0,0.0,0.0,0.0
47730,53,17,74.0,262.0,37.0,37.0,37.0,0.0,131.0,131.0,131.0,0.0,16408.66,28467.524,49274.0,3.0,4.0,4.0,0.0,4.0,4.0,3.0,3.0,0.0,3.0,3.0,0,0,0,0,37.0,131.0,0,0,0,0,0,0,0,0,1.0,93.25,37.0,131.0,0,0,0,0,0,0,2,74,2,262,-1,-1,1,20,0.0,0.0,0.0,0.0,0.0,0.0,0.0,0.0
52750,80,6,0.0,0.0,0.0,0.0,0.0,0.0,0.0,0.0,0.0,0.0,50244.0,0.0,50244.0,50244.0,0.0,0.0,0.0,0.0,0.0,0.0,0.0,0.0,0.0,0.0,0,0,0,0,0.0,0.0,0,0,0,0,1,1,0,0,1.0,0.0,0.0,0.0,0,0,0,0,0,0,1,0,1,0,329,910,0,32,0.0,0.0,0.0,0.0,0.0,0.0,0.0,0.0
52052,443,6,1569.0,715.0,1169.0,0.0,186.9,405.4265,683.0,0.0,153.1667,273.4807,39695.42,69218.922,299650.0,74.0,590671.0,54047.66,84139.936,396651.0,76.0,469245.0,91841.0,108156.879,228113.0,239.0,0,0,0,0,0.0,1169.0,0,0,0,1,0,0,0,0,0.0,169.6,186.9,153.1667,0,0,0,0,0,0,10,1569,6,715,65535,158,5,32,0.0,0.0,0.0,0.0,0.0,0.0,0.0,0.0
443,61950,6,37.0,0.0,31.0,6.0,18.5,17.6777,0.0,0.0,0.0,0.0,3.0,0.0,3.0,3.0,3.0,3.0,0.0,3.0,3.0,0.0,0.0,0.0,0.0,0.0,1,0,0,0,6.0,31.0,0,1,0,0,1,0,0,0,0.0,34.0,18.5,0.0,0,0,0,0,0,0,2,37,0,0,13,-1,1,20,0.0,0.0,0.0,0.0,0.0,0.0,0.0,0.0
53252,53,17,88.0,250.0,44.0,44.0,44.0,0.0,125.0,125.0,125.0,0.0,10253.0,17717.623,30757.0,3.0,3.0,3.0,0.0,3.0,3.0,4.0,4.0,0.0,4.0,4.0,0,0,0,0,44.0,125.0,0,0,0,0,0,0,0,0,1.0,95.5,44.0,125.0,0,0,0,0,0,0,2,88,2,250,-1,-1,1,20,0.0,0.0,0.0,0.0,0.0,0.0,0.0,0.0
65253,443,6,0.0,0.0,0.0,0.0,0.0,0.0,0.0,0.0,0.0,0.0,3305.0,0.0,3305.0,3305.0,3305.0,3305.0,0.0,3305.0,3305.0,0.0,0.0,0.0,0.0,0.0,0,0,0,0,0.0,0.0,0,0,0,0,1,0,0,0,0.0,0.0,0.0,0.0,0,0,0,0,0,0,2,0,0,0,266,-1,0,32,0.0,0.0,0.0,0.0,0.0,0.0,0.0,0.0
61251,53,17,70.0,138.0,35.0,35.0,35.0,0.0,69.0,69.0,69.0,0.0,10391.0,17957.219,31169.0,3.0,3.0,3.0,0.0,3.0,3.0,4.0,4.0,0.0,4.0,4.0,0,0,0,0,35.0,69.0,0,0,0,0,0,0,0,0,1.0,60.75,35.0,69.0,0,0,0,0,0,0,2,70,2,138,-1,-1,1,32,0.0,0.0,0.0,0.0,0.0,0.0,0.0,0.0
49856,443,6,831.0,78016.0,226.0,0.0,22.7621,42.8297,2636.0,0.0,1579.9474,617.0509,850322.17,6128968.025,58357310.0,1.0,118512663.0,2960862.68,10325055.643,58459010.0,19.0,118151250.0,1435408.88,9713596.28,58301971.0,1.0,0,0,0,0,0.0,2636.0,0,0,0,1,0,0,0,0,1.0,859.9553,22.7621,1579.9474,0,0,0,0,0,0,66,831,61,78016,8192,364,65,20,234170.0,243890.081,392566.0,87775.0,58113849.0,211360.953,58357315.0,58367431.0
53950,443,6,1076.0,1544.0,645.0,0.0,87.9091,201.8832,805.0,0.0,188.6667,361.0182,2104575.55,4069164.663,10021028.0,44.0,60732669.0,4371848.16,5192815.995,10080002.0,2948.0,60617668.0,5531564.81,5216911.492,10082007.0,424.0,0,0,0,0,0.0,805.0,0,0,0,1,0,0,0,0,0.0,115.35,87.9091,188.6667,0,0,0,0,0,0,13,1076,12,1544,29200,115,3,32,93434.76,109798.178,341103.0,50792.0,10010624.33,26961.863,10021026.0,9955873.0
34882,53,17,86.0,222.0,43.0,43.0,43.0,0.0,111.0,111.0,111.0,0.0,55.33,97.355,160.0,1.0,1.0,1.0,0.0,1.0,1.0,1.0,1.0,0.0,1.0,1.0,0,0,0,0,43.0,111.0,0,0,0,0,0,0,0,0,1.0,87.75,43.0,111.0,0,0,0,0,0,0,2,86,2,222,-1,-1,1,32,0.0,0.0,0.0,0.0,0.0,0.0,0.0,0.0
61563,53,17,44.0,109.0,44.0,44.0,44.0,0.0,109.0,109.0,109.0,0.0,23597.0,0.0,23597.0,23597.0,0.0,0.0,0.0,0.0,0.0,0.0,0.0,0.0,0.0,0.0,0,0,0,0,44.0,109.0,0,0,0,0,0,0,0,0,1.0,98.5,44.0,109.0,0,0,0,0,0,0,1,44,1,109,-1,-1,0,20,0.0,0.0,0.0,0.0,0.0,0.0,0.0,0.0
28676,53,17,70.0,264.0,35.0,35.0,35.0,0.0,132.0,132.0,132.0,0.0,7948.0,13769.445,23893.0,3.0,3.0,3.0,0.0,3.0,3.0,3.0,3.0,0.0,3.0,3.0,0,0,0,0,35.0,132.0,0,0,0,0,0,0,0,0,1.0,92.25,35.0,132.0,0,0,0,0,0,0,2,70,2,264,-1,-1,1,32,0.0,0.0,0.0,0.0,0.0,0.0,0.0,0.0
60638,53,17,56.0,91.0,56.0,56.0,56.0,0.0,91.0,91.0,91.0,0.0,47582.0,0.0,47582.0,47582.0,0.0,0.0,0.0,0.0,0.0,0.0,0.0,0.0,0.0,0.0,0,0,0,0,56.0,91.0,0,0,0,0,0,0,0,0,1.0,101.5,56.0,91.0,0,0,0,0,0,0,1,56,1,91,-1,-1,0,32,0.0,0.0,0.0,0.0,0.0,0.0,0.0,0.0
62347,53,17,103.0,386.0,56.0,47.0,51.5,9.1924,234.0,179.0,193.0,63.9765,36408024.33,61224220.928,118344343.0,30481.0,118414906.0,118414906.0,0.0,118414906.0,118414906.0,118415904.0,118415904.0,0.0,118415904.0,118415904.0,0,0,0,0,47.0,234.0,0,0,0,0,0,0,0,0,1.0,132.25,51.5,193.0,0,0,0,0,0,0,2,103,2,386,-1,-1,1,20,30518.0,0.0,30518.0,30518.0,118344358.0,0.0,118344348.0,118344358.0
57688,443,6,18.0,0.0,6.0,6.0,6.0,0.0,0.0,0.0,0.0,0.0,18013186.2,24634832.3,45003779.0,23988.0,90047765.0,45023882.5,9745.039,45025910.0,45013022.0,90070723.0,45036638.5,1176.039,45024201.0,45021596.0,0,0,0,0,0.0,6.0,0,0,0,0,1,0,0,0,1.0,4.0,6.0,0.0,0,0,0,0,0,0,3,18,3,0,252,1316,2,20,85924.5,1817.351,86469.0,84964.0,44977345.0,558.841,45003774.0,44990640.0
10994,53,17,64.0,158.0,32.0,32.0,32.0,0.0,79.0,79.0,79.0,0.0,67.33,114.111,196.0,1.0,1.0,1.0,0.0,1.0,1.0,1.0,1.0,0.0,1.0,1.0,0,0,0,0,32.0,79.0,0,0,0,0,0,0,0,0,1.0,63.5,32.0,79.0,0,0,0,0,0,0,2,64,2,158,-1,-1,1,32,0.0,0.0,0.0,0.0,0.0,0.0,0.0,0.0
64416,443,6,1588.0,733.0,876.0,0.0,179.7143,316.0377,693.0,0.0,127.1667,252.0608,1557826.33,3608631.192,10629342.0,72.0,30841746.0,2207621.66,4401673.649,10620032.0,51117.0,30143428.0,3724265.6,5353894.878,10127525.0,2237.0,1,0,0,0,0.0,876.0,0,1,0,0,1,0,0,0,0.0,168.6,179.7143,127.1667,0,0,0,0,0,0,7,1588,6,733,412,71,1,32,164516.16,151961.051,393219.0,50678.0,10630672.75,446349.433,10629348.0,10141019.0
61717,53,17,69.0,99.0,69.0,69.0,69.0,0.0,99.0,99.0,99.0,0.0,46930.0,0.0,46930.0,46930.0,0.0,0.0,0.0,0.0,0.0,0.0,0.0,0.0,0.0,0.0,0,0,0,0,69.0,99.0,0,0,0,0,0,0,0,0,1.0,118.5,69.0,99.0,0,0,0,0,0,0,1,69,1,99,-1,-1,0,20,0.0,0.0,0.0,0.0,0.0,0.0,0.0,0.0
55472,443,6,5042.0,3844.0,685.0,0.0,447.3333,328.0244,606.0,0.0,336.6316,386.2916,1573199.23,6000065.933,30441678.0,83.0,31357949.0,2283062.58,8247741.587,30441678.0,229.0,1401142.0,151878.15,134022.714,673846.0,219.0,0,0,0,0,0.0,606.0,0,0,0,1,0,0,0,0,0.0,359.6047,447.3333,336.6316,0,0,0,0,0,0,15,5042,9,3844,8192,152,14,20,0.0,0.0,0.0,0.0,0.0,0.0,0.0,0.0
1248,80,6,459.0,807.0,459.0,0.0,116.3333,223.8507,807.0,0.0,201.75,433.5,43500.0,87831.64,203514.0,3.0,204732.0,102366.0,118706.739,203514.0,29428.0,204724.0,34988.66,153484.309,202823.0,3.0,0,0,0,0,0.0,857.0,0,0,0,1,0,0,0,0,1.0,187.5714,116.3333,201.75,0,0,0,0,0,0,3,459,4,807,29200,31,1,32,0.0,0.0,0.0,0.0,0.0,0.0,0.0,0.0
60835,53,17,84.0,192.0,42.0,42.0,42.0,0.0,96.0,96.0,96.0,0.0,54.33,84.728,158.0,3.0,3.0,3.0,0.0,3.0,3.0,4.0,4.0,0.0,4.0,4.0,0,0,0,0,42.0,96.0,0,0,0,0,0,0,0,0,1.0,79.5,42.0,96.0,0,0,0,0,0,0,2,84,2,192,-1,-1,1,20,0.0,0.0,0.0,0.0,0.0,0.0,0.0,0.0
53023,443,6,6.0,37.0,6.0,6.0,6.0,0.0,37.0,37.0,37.0,0.0,1101757.0,0.0,1101757.0,1101757.0,0.0,0.0,0.0,0.0,0.0,0.0,0.0,0.0,0.0,0.0,0,0,0,0,6.0,37.0,1,0,0,0,0,0,0,0,1.0,24.5,6.0,37.0,0,0,0,0,0,0,1,6,1,37,0,65,0,20,0.0,0.0,0.0,0.0,0.0,0.0,0.0,0.0
41502,53,17,76.0,376.0,38.0,38.0,38.0,0.0,188.0,188.0,188.0,0.0,608.66,1491.389,1728.0,1.0,1.0,1.0,0.0,1.0,1.0,1.0,1.0,0.0,1.0,1.0,0,0,0,0,38.0,188.0,0,0,0,0,0,0,0,0,1.0,122.5,38.0,188.0,0,0,0,0,0,0,2,76,2,376,-1,-1,1,32,0.0,0.0,0.0,0.0,0.0,0.0,0.0,0.0
62456,53,17,88.0,198.0,44.0,44.0,44.0,0.0,99.0,99.0,99.0,0.0,14862.66,24863.673,44581.0,3.0,4.0,4.0,0.0,4.0,4.0,3.0,3.0,0.0,3.0,3.0,0,0,0,0,44.0,99.0,0,0,0,0,0,0,0,0,1.0,82.5,44.0,99.0,0,0,0,0,0,0,2,88,2,198,-1,-1,1,40,0.0,0.0,0.0,0.0,0.0,0.0,0.0,0.0
443,53541,6,0.0,0.0,0.0,0.0,0.0,0.0,0.0,0.0,0.0,0.0,106.0,0.0,106.0,106.0,0.0,0.0,0.0,0.0,0.0,0.0,0.0,0.0,0.0,0.0,0,0,0,0,0.0,0.0,0,0,0,0,1,0,0,0,1.0,0.0,0.0,0.0,0,0,0,0,0,0,1,0,1,0,362,32832,0,32,0.0,0.0,0.0,0.0,0.0,0.0,0.0,0.0
80,52554,6,0.0,0.0,0.0,0.0,0.0,0.0,0.0,0.0,0.0,0.0,60.0,0.0,60.0,60.0,0.0,0.0,0.0,0.0,0.0,0.0,0.0,0.0,0.0,0.0,0,0,0,0,0.0,0.0,0,0,0,0,1,1,0,0,1.0,0.0,0.0,0.0,0,0,0,0,0,0,1,0,1,0,114,1629,0,32,0.0,0.0,0.0,0.0,0.0,0.0,0.0,0.0
443,53702,6,37.0,0.0,31.0,6.0,18.5,17.6777,0.0,0.0,0.0,0.0,3.0,0.0,3.0,3.0,3.0,3.0,0.0,3.0,3.0,0.0,0.0,0.0,0.0,0.0,1,0,0,0,6.0,31.0,0,1,0,0,1,0,0,0,0.0,34.0,18.5,0.0,0,0,0,0,0,0,2,37,0,0,110,-1,1,20,0.0,0.0,0.0,0.0,0.0,0.0,0.0,0.0
61463,53,17,63.0,117.0,63.0,63.0,63.0,0.0,117.0,117.0,117.0,0.0,551.0,0.0,551.0,551.0,0.0,0.0,0.0,0.0,0.0,0.0,0.0,0.0,0.0,0.0,0,0,0,0,63.0,117.0,0,0,0,0,0,0,0,0,1.0,121.5,63.0,117.0,0,0,0,0,0,0,1,63,1,117,-1,-1,0,32,0.0,0.0,0.0,0.0,0.0,0.0,0.0,0.0
443,62955,6,0.0,0.0,0.0,0.0,0.0,0.0,0.0,0.0,0.0,0.0,33.0,49.89,69.0,4.0,4.0,4.0,0.0,4.0,4.0,0.0,0.0,0.0,0.0,0.0,0,0,0,0,0.0,0.0,0,0,0,0,1,1,0,0,0.0,0.0,0.0,0.0,0,0,0,0,0,0,2,0,1,0,351,32832,0,32,0.0,0.0,0.0,0.0,0.0,0.0,0.0,0.0
443,60671,6,0.0,18.0,0.0,0.0,0.0,0.0,6.0,6.0,6.0,0.0,43940.75,87625.533,171552.0,1.0,171622.0,171622.0,0.0,171622.0,171622.0,4.0,2.0,1.414,3.0,1.0,0,0,0,0,0.0,6.0,0,0,0,0,1,0,0,0,1.0,3.6,0.0,6.0,0,0,0,0,0,0,2,0,3,18,121,0,0,32,0.0,0.0,0.0,0.0,0.0,0.0,0.0,0.0
57748,53,17,86.0,204.0,43.0,43.0,43.0,0.0,102.0,102.0,102.0,0.0,50.33,88.549,144.0,3.0,3.0,3.0,0.0,3.0,3.0,3.0,3.0,0.0,3.0,3.0,0,0,0,0,43.0,102.0,0,0,0,0,0,0,0,0,1.0,83.25,43.0,102.0,0,0,0,0,0,0,2,86,2,204,-1,-1,1,20,0.0,0.0,0.0,0.0,0.0,0.0,0.0,0.0
61699,53,17,45.0,61.0,45.0,45.0,45.0,0.0,61.0,61.0,61.0,0.0,176011.0,0.0,176011.0,176011.0,0.0,0.0,0.0,0.0,0.0,0.0,0.0,0.0,0.0,0.0,0,0,0,0,45.0,61.0,0,0,0,0,0,0,0,0,1.0,75.5,45.0,61.0,0,0,0,0,0,0,1,45,1,61,-1,-1,0,20,0.0,0.0,0.0,0.0,0.0,0.0,0.0,0.0
62813,53,17,50.0,109.0,50.0,50.0,50.0,0.0,109.0,109.0,109.0,0.0,30316.0,0.0,30316.0,30316.0,0.0,0.0,0.0,0.0,0.0,0.0,0.0,0.0,0.0,0.0,0,0,0,0,50.0,109.0,0,0,0,0,0,0,0,0,1.0,104.5,50.0,109.0,0,0,0,0,0,0,1,50,1,109,-1,-1,0,32,0.0,0.0,0.0,0.0,0.0,0.0,0.0,0.0
60920,53,17,130.0,394.0,65.0,65.0,65.0,0.0,197.0,197.0,197.0,0.0,69.33,70.542,153.0,3.0,3.0,3.0,0.0,3.0,3.0,48.0,48.0,0.0,48.0,48.0,0,0,0,0,65.0,197.0,0,0,0,0,0,0,0,0,1.0,142.25,65.0,197.0,0,0,0,0,0,0,2,130,2,394,-1,-1,1,20,0.0,0.0,0.0,0.0,0.0,0.0,0.0,0.0
38718,443,6,1552.0,663.0,1218.0,0.0,151.2,488.2248,455.0,0.0,68.7143,124.844,737625.95,2357716.802,9999714.0,35.0,10181920.0,1316744.44,3195751.16,9999714.0,373.0,10110530.0,1795050.0,3687365.114,10020724.0,49.0,0,0,0,0,0.0,1218.0,0,0,0,1,0,0,0,0,0.0,119.05,151.2,68.7143,0,0,0,0,0,0,10,1552,7,663,29200,14400,5,32,204216.0,0.0,204216.0,204216.0,9999754.0,0.0,9999754.0,9999754.0
443,57890,6,6.0,6.0,6.0,6.0,6.0,0.0,6.0,6.0,6.0,0.0,116226.0,0.0,116226.0,116226.0,0.0,0.0,0.0,0.0,0.0,0.0,0.0,0.0,0.0,0.0,0,0,0,0,6.0,6.0,0,0,0,0,1,1,0,0,1.0,9.0,6.0,6.0,0,0,0,0,0,0,1,6,1,6,4754,64246,0,20,0.0,0.0,0.0,0.0,0.0,0.0,0.0,0.0
60797,53,17,56.0,116.0,56.0,56.0,56.0,0.0,116.0,116.0,116.0,0.0,49669.0,0.0,49669.0,49669.0,0.0,0.0,0.0,0.0,0.0,0.0,0.0,0.0,0.0,0.0,0,0,0,0,56.0,116.0,0,0,0,0,0,0,0,0,1.0,114.0,56.0,116.0,0,0,0,0,0,0,1,56,1,116,-1,-1,0,20,0.0,0.0,0.0,0.0,0.0,0.0,0.0,0.0
35181,53,17,68.0,174.0,34.0,34.0,34.0,0.0,87.0,87.0,87.0,0.0,7964.66,13703.785,23887.0,4.0,4.0,4.0,0.0,4.0,4.0,48.0,48.0,0.0,48.0,48.0,0,0,0,0,34.0,87.0,0,0,0,0,0,0,0,0,1.0,69.0,34.0,87.0,0,0,0,0,0,0,2,68,2,174,-1,-1,1,32,0.0,0.0,0.0,0.0,0.0,0.0,0.0,0.0
60652,53,17,55.0,110.0,55.0,55.0,55.0,0.0,110.0,110.0,110.0,0.0,102500.0,0.0,102500.0,102500.0,0.0,0.0,0.0,0.0,0.0,0.0,0.0,0.0,0.0,0.0,0,0,0,0,55.0,110.0,0,0,0,0,0,0,0,0,1.0,110.0,55.0,110.0,0,0,0,0,0,0,1,55,1,110,-1,-1,0,20,0.0,0.0,0.0,0.0,0.0,0.0,0.0,0.0
36113,443,6,947.0,3281.0,550.0,0.0,65.9412,144.8226,1448.0,0.0,279.125,569.965,2053891.68,4048573.274,10188757.0,37.0,61656193.0,3860844.89,5057183.304,10240011.0,189.0,61702574.0,4425270.73,5254735.387,10240255.0,75.0,0,0,0,0,0.0,1448.0,0,0,0,1,0,0,0,0,0.0,162.0867,65.9412,279.125,0,0,0,0,0,0,17,947,16,3281,29200,123,3,32,78081.83,82095.751,194594.0,51984.0,10143834.5,197391.583,10187759.0,9788906.0
60135,53,17,45.0,61.0,45.0,45.0,45.0,0.0,61.0,61.0,61.0,0.0,23737.0,0.0,23737.0,23737.0,0.0,0.0,0.0,0.0,0.0,0.0,0.0,0.0,0.0,0.0,0,0,0,0,45.0,61.0,0,0,0,0,0,0,0,0,1.0,75.5,45.0,61.0,0,0,0,0,0,0,1,45,1,61,-1,-1,0,32,0.0,0.0,0.0,0.0,0.0,0.0,0.0,0.0
54964,53,17,88.0,120.0,44.0,44.0,44.0,0.0,60.0,60.0,60.0,0.0,47.0,79.982,146.0,4.0,4.0,4.0,0.0,4.0,4.0,4.0,4.0,0.0,4.0,4.0,0,0,0,0,44.0,60.0,0,0,0,0,0,0,0,0,1.0,63.0,44.0,60.0,0,0,0,0,0,0,2,88,2,120,-1,-1,1,20,0.0,0.0,0.0,0.0,0.0,0.0,0.0,0.0
80,51136,6,0.0,0.0,0.0,0.0,0.0,0.0,0.0,0.0,0.0,0.0,3.0,0.0,3.0,3.0,3.0,3.0,0.0,3.0,3.0,0.0,0.0,0.0,0.0,0.0,0,0,0,0,0.0,0.0,0,0,0,0,1,0,0,0,0.0,0.0,0.0,0.0,0,0,0,0,0,0,2,0,0,0,5535,-1,0,32,0.0,0.0,0.0,0.0,0.0,0.0,0.0,0.0
62121,53,17,51.0,118.0,51.0,51.0,51.0,0.0,118.0,118.0,118.0,0.0,37545.0,0.0,37545.0,37545.0,0.0,0.0,0.0,0.0,0.0,0.0,0.0,0.0,0.0,0.0,0,0,0,0,51.0,118.0,0,0,0,0,0,0,0,0,1.0,100.0,51.0,118.0,0,0,0,0,0,0,1,51,1,118,-1,-1,0,32,0.0,0.0,0.0,0.0,0.0,0.0,0.0,0.0
37816,53,17,76.0,218.0,38.0,38.0,38.0,0.0,109.0,109.0,109.0,0.0,59.66,69.111,127.0,1.0,1.0,1.0,0.0,1.0,1.0,48.0,48.0,0.0,48.0,48.0,0,0,0,0,38.0,109.0,0,0,0,0,0,0,0,0,1.0,83.0,38.0,109.0,0,0,0,0,0,0,2,76,2,218,-1,-1,1,32,0.0,0.0,0.0,0.0,0.0,0.0,0.0,0.0
60771,53,17,39.0,142.0,39.0,39.0,39.0,0.0,142.0,142.0,142.0,0.0,101278.0,0.0,101278.0,101278.0,0.0,0.0,0.0,0.0,0.0,0.0,0.0,0.0,0.0,0.0,0,0,0,0,39.0,142.0,0,0,0,0,0,0,0,0,1.0,110.0,39.0,142.0,0,0,0,0,0,0,1,39,1,142,-1,-1,0,40,0.0,0.0,0.0,0.0,0.0,0.0,0.0,0.0
62422,53,17,62.0,532.0,31.0,31.0,31.0,0.0,266.0,266.0,266.0,0.0,83.33,105.352,208.0,4.0,47.0,47.0,0.0,47.0,47.0,4.0,4.0,0.0,4.0,4.0,0,0,0,0,31.0,266.0,0,0,0,0,0,0,0,0,1.0,156.25,31.0,266.0,0,0,0,0,0,0,2,62,2,532,-1,-1,1,20,0.0,0.0,0.0,0.0,0.0,0.0,0.0,0.0
443,34242,6,0.0,0.0,0.0,0.0,0.0,0.0,0.0,0.0,0.0,0.0,33.0,0.0,33.0,33.0,0.0,0.0,0.0,0.0,0.0,0.0,0.0,0.0,0.0,0.0,0,0,0,0,0.0,0.0,0,0,0,0,1,1,0,0,1.0,0.0,0.0,0.0,0,0,0,0,0,0,1,0,1,0,122,339,0,32,0.0,0.0,0.0,0.0,0.0,0.0,0.0,0.0
56576,443,6,572.0,4247.0,189.0,0.0,47.2,68.7406,1430.0,0.0,451.1923,580.2686,12110.84,19683.389,89598.0,1.0,241144.0,22224.22,29079.012,89548.0,1.0,180566.0,25176.4,35723.404,86679.0,1.0,0,0,0,0,0.0,1430.0,0,0,0,1,0,0,0,0,1.0,268.2765,47.2,451.1923,0,0,0,0,0,0,10,572,11,4247,8192,343,9,20,0.0,0.0,0.0,0.0,0.0,0.0,0.0,0.0
41233,53,17,96.0,180.0,48.0,48.0,48.0,0.0,90.0,90.0,90.0,0.0,67.66,32.068,107.0,48.0,48.0,48.0,0.0,48.0,48.0,48.0,48.0,0.0,48.0,48.0,0,0,0,0,48.0,90.0,0,0,0,0,0,0,0,0,1.0,81.0,48.0,90.0,0,0,0,0,0,0,2,96,2,180,-1,-1,1,20,0.0,0.0,0.0,0.0,0.0,0.0,0.0,0.0
59734,53,17,138.0,394.0,69.0,69.0,69.0,0.0,197.0,197.0,197.0,0.0,66.0,109.791,190.0,3.0,3.0,3.0,0.0,3.0,3.0,4.0,4.0,0.0,4.0,4.0,0,0,0,0,69.0,197.0,0,0,0,0,0,0,0,0,1.0,150.25,69.0,197.0,0,0,0,0,0,0,2,138,2,394,-1,-1,1,32,0.0,0.0,0.0,0.0,0.0,0.0,0.0,0.0
39772,80,6,2255.0,5204.0,426.0,0.0,191.5,259.4279,2251.0,0.0,451.4,733.4124,323302.5,1198768.433,5760900.0,17.0,6012588.0,507646.5,1476036.207,5760900.0,184.0,6777705.0,807980.0,1612311.382,5700813.0,206.0,0,0,0,0,0.0,2251.0,0,0,0,1,0,0,0,0,0.0,303.6,191.5,451.4,0,0,0,0,0,0,12,2255,10,5204,29200,132,9,32,0.0,0.0,0.0,0.0,0.0,0.0,0.0,0.0
46792,53,17,84.0,204.0,42.0,42.0,42.0,0.0,102.0,102.0,102.0,0.0,16107.66,27949.509,48319.0,3.0,3.0,3.0,0.0,3.0,3.0,4.0,4.0,0.0,4.0,4.0,0,0,0,0,42.0,102.0,0,0,0,0,0,0,0,0,1.0,82.5,42.0,102.0,0,0,0,0,0,0,2,84,2,204,-1,-1,1,32,0.0,0.0,0.0,0.0,0.0,0.0,0.0,0.0
54600,443,6,0.0,0.0,0.0,0.0,0.0,0.0,0.0,0.0,0.0,0.0,3.0,0.0,3.0,3.0,3.0,3.0,0.0,3.0,3.0,0.0,0.0,0.0,0.0,0.0,0,0,0,0,0.0,0.0,0,0,0,0,1,1,0,0,0.0,0.0,0.0,0.0,0,0,0,0,0,0,2,0,0,0,32832,-1,0,32,0.0,0.0,0.0,0.0,0.0,0.0,0.0,0.0
58968,80,6,492.0,2167.0,451.0,0.0,90.4,199.3945,1448.0,0.0,453.4,716.3968,29909.27,52035.741,112223.0,1.0,112940.0,35280.5,79286.019,119193.0,614.0,131155.0,46011.75,75324.973,116444.0,201.0,0,0,0,0,0.0,1448.0,0,0,0,1,0,0,0,0,1.0,282.0,90.4,453.4,0,0,0,0,0,0,5,492,5,2167,65535,59,1,32,0.0,0.0,0.0,0.0,0.0,0.0,0.0,0.0
60514,53,17,62.0,90.0,62.0,62.0,62.0,0.0,90.0,90.0,90.0,0.0,23494.0,0.0,23494.0,23494.0,0.0,0.0,0.0,0.0,0.0,0.0,0.0,0.0,0.0,0.0,0,0,0,0,62.0,90.0,0,0,0,0,0,0,0,0,1.0,107.0,62.0,90.0,0,0,0,0,0,0,1,62,1,90,-1,-1,0,32,0.0,0.0,0.0,0.0,0.0,0.0,0.0,0.0
7217,53,17,70.0,102.0,35.0,35.0,35.0,0.0,51.0,51.0,51.0,0.0,59.33,67.191,120.0,3.0,3.0,3.0,0.0,3.0,3.0,48.0,48.0,0.0,48.0,48.0,0,0,0,0,35.0,51.0,0,0,0,0,0,0,0,0,1.0,51.75,35.0,51.0,0,0,0,0,0,0,2,70,2,102,-1,-1,1,40,0.0,0.0,0.0,0.0,0.0,0.0,0.0,0.0
59928,80,6,12.0,0.0,6.0,0.0,4.0,3.4641,0.0,0.0,0.0,0.0,1938839.0,3393134.897,5720575.0,157.0,5788899.0,2894449.5,4024480.232,5720575.0,36407.0,0.0,0.0,0.0,0.0,0.0,0,0,0,0,0.0,6.0,0,0,0,1,0,0,0,0,0.0,3.0,4.0,0.0,0,0,0,0,0,0,3,12,1,0,8192,29200,2,20,0.0,0.0,0.0,0.0,0.0,0.0,0.0,0.0
443,64079,6,12.0,0.0,6.0,6.0,6.0,0.0,0.0,0.0,0.0,0.0,3.0,0.0,3.0,3.0,3.0,3.0,0.0,3.0,3.0,0.0,0.0,0.0,0.0,0.0,0,0,0,0,6.0,6.0,0,0,0,0,1,0,0,0,0.0,9.0,6.0,0.0,0,0,0,0,0,0,2,12,0,0,6287,-1,1,20,0.0,0.0,0.0,0.0,0.0,0.0,0.0,0.0
61068,53,17,44.0,108.0,44.0,44.0,44.0,0.0,108.0,108.0,108.0,0.0,46747.0,0.0,46747.0,46747.0,0.0,0.0,0.0,0.0,0.0,0.0,0.0,0.0,0.0,0.0,0,0,0,0,44.0,108.0,0,0,0,0,0,0,0,0,1.0,98.0,44.0,108.0,0,0,0,0,0,0,1,44,1,108,-1,-1,0,32,0.0,0.0,0.0,0.0,0.0,0.0,0.0,0.0
53040,53,17,92.0,284.0,46.0,46.0,46.0,0.0,142.0,142.0,142.0,0.0,58.33,91.911,168.0,3.0,3.0,3.0,0.0,3.0,3.0,3.0,3.0,0.0,3.0,3.0,0,0,0,0,46.0,142.0,0,0,0,0,0,0,0,0,1.0,105.5,46.0,142.0,0,0,0,0,0,0,2,92,2,284,-1,-1,1,32,0.0,0.0,0.0,0.0,0.0,0.0,0.0,0.0
51098,443,6,1597.0,5793.0,1273.0,0.0,152.7,351.9744,2493.0,0.0,680.875,982.0252,9815.61,16961.23,36315.0,1.0,191440.0,11917.22,15860.007,37372.0,1.0,105888.0,17158.0,19381.692,37655.0,49.0,0,0,0,0,0.0,2493.0,0,0,0,1,0,0,0,0,1.0,430.6576,152.7,680.875,0,0,0,0,0,0,10,1597,11,5793,65535,1120,5,32,0.0,0.0,0.0,0.0,0.0,0.0,0.0,0.0
53649,443,6,135.0,46.0,46.0,6.0,27.0,20.1246,46.0,46.0,46.0,0.0,1008406.6,2149617.589,4962066.0,4.0,5022987.0,1203146.75,2438449.589,4962066.0,4.0,0.0,0.0,0.0,0.0,0.0,1,0,0,0,6.0,46.0,0,1,0,0,1,0,0,0,0.0,37.8333,27.0,46.0,0,0,0,0,0,0,5,135,1,46,16232,368,4,20,0.0,0.0,0.0,0.0,0.0,0.0,0.0,0.0
52976,443,6,2258.0,8339.0,356.0,0.0,124.0,174.5421,1767.0,0.0,634.4375,743.4068,2453050.02,4284083.377,10005276.0,3.0,63675731.0,4956701.52,5006095.681,10059506.0,245.0,63440765.0,4624097.96,5009945.031,10056701.0,3.0,0,0,0,0,0.0,1767.0,0,0,0,1,0,0,0,0,0.0,382.4748,124.0,634.4375,0,0,0,0,0,0,25,2258,22,8339,8192,127,24,20,209033.83,714982.527,2485674.0,50247.0,10000097.14,8244.15,10005270.0,10009576.0
50777,443,6,713.0,479.0,469.0,0.0,71.3,147.2874,341.0,0.0,95.8,149.5299,5218.78,9048.132,23650.0,3.0,82963.0,9484.11,11692.497,23855.0,3.0,50465.0,12648.25,12505.117,23230.0,520.0,0,0,0,0,0.0,469.0,0,0,0,1,0,0,0,0,0.0,79.4667,71.3,95.8,0,0,0,0,0,0,10,713,5,479,65535,972,5,32,0.0,0.0,0.0,0.0,0.0,0.0,0.0,0.0
59051,53,17,72.0,104.0,36.0,36.0,36.0,0.0,52.0,52.0,52.0,0.0,47.66,75.058,136.0,3.0,3.0,3.0,0.0,3.0,3.0,4.0,4.0,0.0,4.0,4.0,0,0,0,0,36.0,52.0,0,0,0,0,0,0,0,0,1.0,53.0,36.0,52.0,0,0,0,0,0,0,2,72,2,104,-1,-1,1,20,0.0,0.0,0.0,0.0,0.0,0.0,0.0,0.0
55989,443,6,732.0,52323.0,303.0,0.0,21.1545,73.1572,2896.0,0.0,1869.1619,965.9282,4451.58,21766.195,100769.0,1.0,555246.0,16637.6,30814.081,154385.0,222.0,419008.0,6542.64,10022.321,153136.0,1.0,0,0,0,0,0.0,2896.0,0,0,0,1,0,0,0,0,1.0,1000.6079,21.1545,1869.1619,0,0,0,0,0,0,39,732,34,52323,29200,122,3,32,0.0,0.0,0.0,0.0,0.0,0.0,0.0,0.0
57812,53,17,204.0,108.0,51.0,51.0,51.0,0.0,54.0,54.0,54.0,0.0,6326.2,10508.692,25130.0,3.0,25170.0,8356.66,12428.125,25160.0,3.0,3.0,3.0,0.0,3.0,3.0,0,0,0,0,51.0,54.0,0,0,0,0,0,0,0,0,0.0,55.1667,51.0,54.0,0,0,0,0,0,0,4,204,2,108,-1,-1,3,20,0.0,0.0,0.0,0.0,0.0,0.0,0.0,0.0
56807,443,6,1180.0,34182.0,517.0,0.0,56.6316,135.76,2896.0,0.0,971.3333,933.4873,2392960.17,4213560.568,10024115.0,7.0,115799687.0,4833499.35,4989586.809,10048014.0,44.0,110662463.0,4207007.9,5131869.517,10048071.0,48.0,0,0,0,0,0.0,2896.0,0,0,0,1,0,0,0,0,1.0,507.1561,56.6316,971.3333,0,0,0,0,0,0,29,1180,28,34182,29200,1126,5,32,44994.16,30374.319,152431.0,23962.0,10020291.81,4379.429,10024112.0,9997364.0
53399,443,6,0.0,0.0,0.0,0.0,0.0,0.0,0.0,0.0,0.0,0.0,511.0,0.0,511.0,511.0,511.0,511.0,0.0,511.0,511.0,0.0,0.0,0.0,0.0,0.0,0,0,0,0,0.0,0.0,0,0,0,0,1,0,0,0,0.0,0.0,0.0,0.0,0,0,0,0,0,0,2,0,0,0,254,-1,0,32,0.0,0.0,0.0,0.0,0.0,0.0,0.0,0.0
443,54494,6,0.0,0.0,0.0,0.0,0.0,0.0,0.0,0.0,0.0,0.0,79.0,0.0,79.0,79.0,0.0,0.0,0.0,0.0,0.0,0.0,0.0,0.0,0.0,0.0,0,0,0,0,0.0,0.0,0,0,0,0,1,0,0,0,1.0,0.0,0.0,0.0,0,0,0,0,0,0,1,0,1,0,362,32832,0,32,0.0,0.0,0.0,0.0,0.0,0.0,0.0,0.0
37622,443,6,12.0,0.0,6.0,6.0,6.0,0.0,0.0,0.0,0.0,0.0,219978.0,0.0,219978.0,219978.0,219978.0,219978.0,0.0,219978.0,219978.0,0.0,0.0,0.0,0.0,0.0,0,0,0,0,6.0,6.0,0,0,0,0,1,0,0,0,0.0,9.0,6.0,0.0,0,0,0,0,0,0,2,12,0,0,253,-1,1,20,0.0,0.0,0.0,0.0,0.0,0.0,0.0,0.0
443,51803,6,37.0,0.0,37.0,0.0,18.5,26.163,0.0,0.0,0.0,0.0,3.0,0.0,3.0,3.0,3.0,3.0,0.0,3.0,3.0,0.0,0.0,0.0,0.0,0.0,1,0,0,0,0.0,37.0,0,1,0,0,1,0,0,0,0.0,37.0,18.5,0.0,0,0,0,0,0,0,2,37,0,0,114,-1,0,32,0.0,0.0,0.0,0.0,0.0,0.0,0.0,0.0
443,51670,6,31.0,6.0,31.0,0.0,15.5,21.9203,6.0,6.0,6.0,0.0,127.0,40.0,135.0,115.0,245.0,245.0,0.0,245.0,245.0,0.0,0.0,0.0,0.0,0.0,1,0,0,0,0.0,31.0,0,1,0,0,1,0,0,0,0.0,22.6667,15.5,6.0,0,0,0,0,0,0,2,31,1,6,1061,0,0,32,0.0,0.0,0.0,0.0,0.0,0.0,0.0,0.0
443,49501,6,37.0,0.0,37.0,0.0,18.5,26.163,0.0,0.0,0.0,0.0,3.0,0.0,3.0,3.0,3.0,3.0,0.0,3.0,3.0,0.0,0.0,0.0,0.0,0.0,1,0,0,0,0.0,37.0,0,1,0,0,1,0,0,0,0.0,37.0,18.5,0.0,0,0,0,0,0,0,2,37,0,0,972,-1,0,32,0.0,0.0,0.0,0.0,0.0,0.0,0.0,0.0
443,54414,6,31.0,0.0,31.0,0.0,10.3333,17.8979,0.0,0.0,0.0,0.0,25.0,31.119,48.0,1.0,46.0,23.0,31.321,48.0,1.0,0.0,0.0,0.0,0.0,0.0,0,0,0,0,0.0,31.0,0,0,0,0,1,0,0,0,0.0,10.3333,10.3333,0.0,0,0,0,0,0,0,3,31,0,0,61,-1,1,32,0.0,0.0,0.0,0.0,0.0,0.0,0.0,0.0
60074,53,17,121.0,209.0,75.0,46.0,60.5,25.084,209.0,88.0,104.5,104.3423,38789069.66,60601348.583,118203231.0,23453.0,118250835.0,118250835.0,0.0,118250835.0,118250835.0,118363647.0,118363647.0,0.0,118363647.0,118363647.0,0,0,0,0,46.0,209.0,0,0,0,0,0,0,0,0,1.0,107.25,60.5,104.5,0,0,0,0,0,0,2,121,2,209,-1,-1,1,20,30267.0,0.0,30267.0,30267.0,118203213.0,0.0,118203213.0,118203213.0
443,55093,6,43.0,6.0,31.0,6.0,14.3333,14.4338,6.0,6.0,6.0,0.0,104.33,131.182,247.0,48.0,209.0,104.5,121.775,207.0,48.0,0.0,0.0,0.0,0.0,0.0,0,0,0,0,6.0,31.0,0,0,0,0,1,0,0,0,0.0,13.75,14.3333,6.0,0,0,0,0,0,0,3,43,1,6,1013,0,2,20,0.0,0.0,0.0,0.0,0.0,0.0,0.0,0.0
443,59750,6,6.0,6.0,6.0,6.0,6.0,0.0,6.0,6.0,6.0,0.0,25.0,0.0,25.0,25.0,0.0,0.0,0.0,0.0,0.0,0.0,0.0,0.0,0.0,0.0,0,0,0,0,6.0,6.0,0,0,0,0,1,1,0,0,1.0,9.0,6.0,6.0,0,0,0,0,0,0,1,6,1,6,105,257,0,20,0.0,0.0,0.0,0.0,0.0,0.0,0.0,0.0
80,56429,6,6.0,6.0,6.0,6.0,6.0,0.0,6.0,6.0,6.0,0.0,56.0,0.0,56.0,56.0,0.0,0.0,0.0,0.0,0.0,0.0,0.0,0.0,0.0,0.0,0,0,0,0,6.0,6.0,0,0,0,0,1,1,0,0,1.0,9.0,6.0,6.0,0,0,0,0,0,0,1,6,1,6,119,256,0,20,0.0,0.0,0.0,0.0,0.0,0.0,0.0,0.0
49398,53,17,88.0,188.0,44.0,44.0,44.0,0.0,94.0,94.0,94.0,0.0,52.33,84.373,150.0,3.0,4.0,4.0,0.0,4.0,4.0,3.0,3.0,0.0,3.0,3.0,0,0,0,0,44.0,94.0,0,0,0,0,0,0,0,0,1.0,80.0,44.0,94.0,0,0,0,0,0,0,2,88,2,188,-1,-1,1,20,0.0,0.0,0.0,0.0,0.0,0.0,0.0,0.0
443,53904,6,37.0,0.0,31.0,6.0,18.5,17.6777,0.0,0.0,0.0,0.0,4.0,0.0,4.0,4.0,4.0,4.0,0.0,4.0,4.0,0.0,0.0,0.0,0.0,0.0,1,0,0,0,6.0,31.0,0,1,0,0,1,0,0,0,0.0,34.0,18.5,0.0,0,0,0,0,0,0,2,37,0,0,110,-1,1,20,0.0,0.0,0.0,0.0,0.0,0.0,0.0,0.0
443,56264,6,0.0,0.0,0.0,0.0,0.0,0.0,0.0,0.0,0.0,0.0,4.0,0.0,4.0,4.0,4.0,4.0,0.0,4.0,4.0,0.0,0.0,0.0,0.0,0.0,0,0,0,0,0.0,0.0,0,0,0,0,1,0,0,0,0.0,0.0,0.0,0.0,0,0,0,0,0,0,2,0,0,0,179,-1,0,32,0.0,0.0,0.0,0.0,0.0,0.0,0.0,0.0
33534,443,6,1342.0,420.0,1077.0,0.0,67.4286,228.0127,244.0,0.0,10.0,70.9405,2317088.57,4247850.849,10189405.0,4.0,62476386.0,4203408.33,5121142.943,10240021.0,4.0,70318983.0,5552991.21,5026629.209,10240265.0,4.0,0,0,0,0,0.0,1077.0,0,0,0,1,0,0,0,0,0.0,57.12,67.4286,10.0,0,0,0,0,0,0,14,1342,12,420,29200,121,3,32,79029.0,22869.235,195104.0,53709.0,10089244.0,293988.222,10189404.0,9459554.0
61653,53,17,72.0,104.0,36.0,36.0,36.0,0.0,52.0,52.0,52.0,0.0,49.66,88.906,142.0,3.0,3.0,3.0,0.0,3.0,3.0,3.0,3.0,0.0,3.0,3.0,0,0,0,0,36.0,52.0,0,0,0,0,0,0,0,0,1.0,53.0,36.0,52.0,0,0,0,0,0,0,2,72,2,104,-1,-1,1,32,0.0,0.0,0.0,0.0,0.0,0.0,0.0,0.0
80,4002,6,6.0,6.0,6.0,6.0,6.0,0.0,6.0,6.0,6.0,0.0,186.0,0.0,186.0,186.0,0.0,0.0,0.0,0.0,0.0,0.0,0.0,0.0,0.0,0.0,0,0,0,0,6.0,6.0,0,0,0,0,1,1,0,0,1.0,9.0,6.0,6.0,0,0,0,0,0,0,1,6,1,6,913,256,0,20,0.0,0.0,0.0,0.0,0.0,0.0,0.0,0.0
60137,53,17,53.0,110.0,53.0,53.0,53.0,0.0,110.0,110.0,110.0,0.0,48038.0,0.0,48038.0,48038.0,0.0,0.0,0.0,0.0,0.0,0.0,0.0,0.0,0.0,0.0,0,0,0,0,53.0,110.0,0,0,0,0,0,0,0,0,1.0,108.0,53.0,110.0,0,0,0,0,0,0,1,53,1,110,-1,-1,0,32,0.0,0.0,0.0,0.0,0.0,0.0,0.0,0.0
38812,22,6,2664.0,6954.0,456.0,0.0,64.9756,109.8646,976.0,0.0,178.0455,311.9215,17881.9,104953.574,959231.0,0.0,1233011.0,32481.07,158119.94,997774.0,2.0,304391.0,3939.15,16795.902,105714.0,0.0,0,0,0,0,0.0,976.0,0,0,0,1,0,0,0,0,1.0,113.9067,64.9756,178.0455,0,0,0,0,0,0,41,2664,44,6954,29200,243,24,32,0.0,0.0,0.0,0.0,0.0,0.0,0.0,0.0
443,49218,6,12.0,0.0,6.0,6.0,6.0,0.0,0.0,0.0,0.0,0.0,47.0,0.0,47.0,47.0,47.0,47.0,0.0,47.0,47.0,0.0,0.0,0.0,0.0,0.0,0,0,0,0,6.0,6.0,0,0,0,0,1,0,0,0,0.0,9.0,6.0,0.0,0,0,0,0,0,0,2,12,0,0,10030,-1,1,20,0.0,0.0,0.0,0.0,0.0,0.0,0.0,0.0
57396,53,17,126.0,400.0,33.0,33.0,33.0,0.0,200.0,200.0,200.0,0.0,7757.2,17459.289,46180.0,3.0,31115.0,10378.66,18182.506,31100.0,3.0,48.0,48.0,0.0,48.0,48.0,0,0,0,0,33.0,200.0,0,0,0,0,0,0,0,0,0.0,92.8333,33.0,200.0,0,0,0,0,0,0,4,126,2,400,-1,-1,3,20,0.0,0.0,0.0,0.0,0.0,0.0,0.0,0.0
56206,80,6,2049.0,554.0,1527.0,0.0,449.6667,686.7029,554.0,0.0,118.8,237.7383,73890.28,125785.135,203684.0,4.0,209062.0,104235.0,165665.472,203744.0,112.0,207513.0,61504.25,100005.863,206955.0,4.0,0,0,0,0,0.0,1527.0,0,0,0,1,0,0,0,0,1.0,216.5714,449.6667,118.8,0,0,0,0,0,0,3,2049,5,554,29200,6385,1,32,0.0,0.0,0.0,0.0,0.0,0.0,0.0,0.0
61557,53,17,90.0,172.0,45.0,45.0,45.0,0.0,86.0,86.0,86.0,0.0,16064.66,27820.46,48188.0,3.0,3.0,3.0,0.0,3.0,3.0,3.0,3.0,0.0,3.0,3.0,0,0,0,0,45.0,86.0,0,0,0,0,0,0,0,0,1.0,76.75,45.0,86.0,0,0,0,0,0,0,2,90,2,172,-1,-1,1,44,0.0,0.0,0.0,0.0,0.0,0.0,0.0,0.0
58674,465,6,1386.0,4560.0,362.0,0.0,80.7857,89.425,1418.0,0.0,180.0,404.5083,737590.73,5929197.926,16815885.0,3.0,32929293.0,2107621.46,6399797.636,16912815.0,195.0,41063823.0,1466278.61,6237436.938,16876496.0,3.0,0,0,0,0,0.0,1418.0,0,0,0,1,0,0,0,0,0.0,146.825,80.7857,180.0,0,0,0,0,0,0,27,1386,24,4560,29200,179,7,32,97900.25,0.0,97900.0,97900.0,16815866.0,0.0,16815886.0,16815866.0
5215,443,6,820.0,4235.0,253.0,0.0,68.1111,82.2949,1460.0,0.0,347.8333,578.7013,4169487.26,15726584.342,58275230.0,1.0,117894173.0,8349720.41,21190695.408,58205230.0,24.0,116722958.0,8426994.41,21191581.577,58248240.0,1.0,0,0,0,0,0.0,1460.0,0,0,0,1,0,0,0,0,1.0,199.8333,68.1111,347.8333,0,0,0,0,0,0,14,820,15,4235,8192,32,13,20,415309.0,20977.1,480306.0,236610.0,58182847.5,75485.63,58275231.0,58198668.0
443,57064,6,37.0,6.0,37.0,0.0,18.5,26.163,6.0,6.0,6.0,0.0,106.0,93.911,157.0,59.0,214.0,214.0,0.0,214.0,214.0,0.0,0.0,0.0,0.0,0.0,1,0,0,0,0.0,37.0,0,1,0,0,1,0,0,0,0.0,26.6667,18.5,6.0,0,0,0,0,0,0,2,37,1,6,114,0,0,32,0.0,0.0,0.0,0.0,0.0,0.0,0.0,0.0
53810,80,6,162.0,309.0,162.0,0.0,51.0,85.1213,303.0,0.0,21.6667,104.5492,6623.42,11581.477,23729.0,37.0,43734.0,11967.0,13968.024,23583.0,394.0,27629.0,12939.5,13486.94,27713.0,236.0,0,0,0,0,0.0,363.0,0,0,0,1,0,0,0,0,0.0,47.625,51.0,21.6667,0,0,0,0,0,0,5,162,3,309,65535,939,1,20,0.0,0.0,0.0,0.0,0.0,0.0,0.0,0.0
443,50971,6,6.0,6.0,6.0,6.0,6.0,0.0,6.0,6.0,6.0,0.0,63.0,0.0,63.0,63.0,0.0,0.0,0.0,0.0,0.0,0.0,0.0,0.0,0.0,0.0,0,0,0,0,6.0,6.0,0,0,0,0,1,1,0,0,1.0,9.0,6.0,6.0,0,0,0,0,0,0,1,6,1,6,32,32850,0,20,0.0,0.0,0.0,0.0,0.0,0.0,0.0,0.0
52829,443,6,1663.0,5715.0,1286.0,0.0,118.5455,312.9623,1418.0,0.0,585.3471,634.2242,10719.53,28673.503,86108.0,0.0,375337.0,20170.58,31711.348,124268.0,0.0,237382.0,28528.5,39179.434,128555.0,49.0,0,0,0,0,0.0,1418.0,0,0,0,1,0,0,0,0,0.0,320.2091,118.5455,585.3471,0,0,0,0,0,0,11,1663,9,5715,65535,362,5,32,0.0,0.0,0.0,0.0,0.0,0.0,0.0,0.0
51955,53,17,56.0,88.0,28.0,28.0,28.0,0.0,44.0,44.0,44.0,0.0,48.33,76.628,138.0,3.0,4.0,4.0,0.0,4.0,4.0,3.0,3.0,0.0,3.0,3.0,0,0,0,0,28.0,44.0,0,0,0,0,0,0,0,0,1.0,43.0,28.0,44.0,0,0,0,0,0,0,2,56,2,88,-1,-1,1,20,0.0,0.0,0.0,0.0,0.0,0.0,0.0,0.0
51486,443,6,187.0,92.0,46.0,6.0,26.7143,20.0891,46.0,46.0,46.0,0.0,7945321.5,20552561.183,58261505.0,48.0,63416182.0,10551597.33,23498430.899,58261505.0,48.0,58477936.0,58477936.0,0.0,58377936.0,58477936.0,1,0,0,0,6.0,46.0,0,1,0,0,1,0,0,0,0.0,36.1111,26.7143,46.0,0,0,0,0,0,0,7,187,2,92,258,360,6,20,695583.0,0.0,695583.0,695583.0,58261534.0,0.0,58261534.0,58261534.0
59349,443,6,1742.0,5865.0,1161.0,0.0,129.4444,277.9199,2920.0,2.0,373.6364,982.1818,2178524.51,4183687.023,10006109.0,53.0,61653859.0,4375954.0,5174172.547,10051586.0,5548.0,61459727.0,4371414.75,5126395.076,10059551.0,50.0,0,0,0,0,0.0,2920.0,0,0,0,1,0,0,0,0,0.0,231.7333,129.4444,373.6364,0,0,0,0,0,0,18,1742,13,5865,8192,32574,17,20,168387.5,127575.179,427610.0,50224.0,9999956.33,88531.554,10009100.0,9802228.0
39420,443,6,635.0,168.0,517.0,0.0,90.7143,190.7072,168.0,0.0,42.0,84.0,596329.2,1813702.791,5741016.0,4.0,5843521.0,924126.83,2328381.681,5713528.0,4.0,112353.0,30784.75,34126.554,63073.0,220.0,0,0,0,0,0.0,517.0,0,0,0,1,0,0,0,0,0.0,73.0,90.7143,42.0,0,0,0,0,0,0,7,635,5,168,29200,340,3,32,103953.0,0.0,103953.0,103953.0,5741026.0,0.0,5741016.0,5741026.0
54808,80,6,708.0,389.0,718.0,0.0,151.6,332.8701,389.0,0.0,97.9,198.4805,10383.71,15160.626,33330.0,54.0,70247.0,17086.25,20489.859,32446.0,464.0,43109.0,26554.5,18099.237,33387.0,1358.0,0,0,0,0,0.0,718.0,0,0,0,1,0,0,0,0,0.0,130.375,151.6,97.9,0,0,0,0,0,0,5,708,5,389,65535,121,1,32,0.0,0.0,0.0,0.0,0.0,0.0,0.0,0.0
53319,80,6,1732.0,2324.0,433.0,0.0,71.1875,163.8545,796.0,0.0,171.2474,320.4575,3740691.92,4880348.991,10025517.0,44.0,118101590.0,6871556.46,4586363.227,10048026.0,38933.0,113211209.0,8649269.23,3672412.059,10048223.0,538.0,0,0,0,0,0.0,796.0,0,0,0,1,0,0,0,0,0.0,121.3978,71.1875,171.2474,0,0,0,0,0,0,16,1732,14,2324,29200,294,4,32,328215.54,997691.914,3690817.0,23789.0,10010886.09,6330.604,10025514.0,10000760.0
49928,443,6,582.0,2987.0,198.0,0.0,62.4286,79.5906,1430.0,0.0,598.1667,673.802,6195.46,9601.526,24751.0,19.0,80773.0,10183.25,10404.286,24875.0,18.0,53101.0,7225.2,19862.698,24665.0,49.0,0,0,0,0,0.0,1430.0,0,0,0,1,0,0,0,0,0.0,290.5,62.4286,598.1667,0,0,0,0,0,0,7,582,6,2987,8192,343,6,20,0.0,0.0,0.0,0.0,0.0,0.0,0.0,0.0
57902,80,6,451.0,112.0,451.0,0.0,20.1765,105.35,110.0,0.0,58.2857,88.2997,3977765.0,4876562.081,10025001.0,92.0,115353621.0,7681173.66,4112473.414,10048070.0,218.0,110545082.0,8505288.07,3731030.952,10054947.0,464.0,0,0,0,0,0.0,451.0,0,0,0,1,0,0,0,0,0.0,42.6,20.1765,58.2857,0,0,0,0,0,0,16,451,14,112,29200,340,1,32,25201.27,7797.914,36592.0,22120.0,10022313.45,3424.671,10025009.0,10023723.0
50176,53,17,102.0,224.0,51.0,51.0,51.0,0.0,112.0,112.0,112.0,0.0,63.66,102.768,184.0,3.0,3.0,3.0,0.0,3.0,3.0,3.0,3.0,0.0,3.0,3.0,0,0,0,0,51.0,112.0,0,0,0,0,0,0,0,0,1.0,94.25,51.0,112.0,0,0,0,0,0,0,2,102,2,224,-1,-1,1,20,0.0,0.0,0.0,0.0,0.0,0.0,0.0,0.0
56478,21,6,0.0,0.0,0.0,0.0,0.0,0.0,0.0,0.0,0.0,0.0,44.0,0.0,44.0,44.0,0.0,0.0,0.0,0.0,0.0,0.0,0.0,0.0,0.0,0.0,0,0,0,0,0.0,0.0,0,0,0,0,1,1,0,0,1.0,0.0,0.0,0.0,0,0,0,0,0,0,1,0,1,0,229,227,0,32,0.0,0.0,0.0,0.0,0.0,0.0,0.0,0.0
443,51336,6,37.0,0.0,37.0,0.0,18.5,26.163,0.0,0.0,0.0,0.0,3.0,0.0,3.0,3.0,3.0,3.0,0.0,3.0,3.0,0.0,0.0,0.0,0.0,0.0,1,0,0,0,0.0,37.0,0,1,0,0,1,0,0,0,0.0,37.0,18.5,0.0,0,0,0,0,0,0,2,37,0,0,115,-1,0,32,0.0,0.0,0.0,0.0,0.0,0.0,0.0,0.0
60471,53,17,50.0,116.0,50.0,50.0,50.0,0.0,116.0,116.0,116.0,0.0,674.0,0.0,674.0,674.0,0.0,0.0,0.0,0.0,0.0,0.0,0.0,0.0,0.0,0.0,0,0,0,0,50.0,116.0,0,0,0,0,0,0,0,0,1.0,108.0,50.0,116.0,0,0,0,0,0,0,1,50,1,116,-1,-1,0,20,0.0,0.0,0.0,0.0,0.0,0.0,0.0,0.0
65871,443,6,12.0,6.0,6.0,6.0,6.0,0.0,6.0,6.0,6.0,0.0,62841.5,100234.873,188364.0,59.0,49.0,49.0,0.0,49.0,49.0,175478.0,175478.0,0.0,175478.0,175478.0,0,0,0,0,6.0,6.0,1,0,0,0,0,0,0,0,1.0,8.0,6.0,6.0,0,0,0,0,0,0,2,12,2,6,0,115,1,20,0.0,0.0,0.0,0.0,0.0,0.0,0.0,0.0
62047,53,17,82.0,182.0,41.0,41.0,41.0,0.0,91.0,91.0,91.0,0.0,50089.0,87594.742,150661.0,4.0,4.0,4.0,0.0,4.0,4.0,47.0,47.0,0.0,47.0,47.0,0,0,0,0,41.0,91.0,0,0,0,0,0,0,0,0,1.0,76.25,41.0,91.0,0,0,0,0,0,0,2,82,2,182,-1,-1,1,32,0.0,0.0,0.0,0.0,0.0,0.0,0.0,0.0
58784,53,17,84.0,204.0,42.0,42.0,42.0,0.0,102.0,102.0,102.0,0.0,67.66,119.036,203.0,3.0,4.0,4.0,0.0,4.0,4.0,3.0,3.0,0.0,3.0,3.0,0,0,0,0,42.0,102.0,0,0,0,0,0,0,0,0,1.0,82.5,42.0,102.0,0,0,0,0,0,0,2,84,2,204,-1,-1,1,40,0.0,0.0,0.0,0.0,0.0,0.0,0.0,0.0
52714,443,6,310.0,3800.0,113.0,0.0,47.5556,74.7419,1460.0,0.0,573.5,659.6829,431230.5,1454610.214,5369334.0,4.0,5626927.0,801945.87,1944507.838,5369334.0,4.0,52524.0,10771.8,11894.395,29741.0,48.0,0,0,0,0,0.0,1460.0,0,0,0,1,0,0,0,0,0.0,279.3571,47.5556,573.5,0,0,0,0,0,0,9,310,6,3800,8192,946,8,20,204213.0,0.0,204213.0,204213.0,5369350.0,0.0,5369350.0,5369350.0
60482,53,17,66.0,204.0,33.0,33.0,33.0,0.0,102.0,102.0,102.0,0.0,57.33,90.444,165.0,1.0,1.0,1.0,0.0,1.0,1.0,1.0,1.0,0.0,1.0,1.0,0,0,0,0,33.0,102.0,0,0,0,0,0,0,0,0,1.0,75.75,33.0,102.0,0,0,0,0,0,0,2,66,2,204,-1,-1,1,20,0.0,0.0,0.0,0.0,0.0,0.0,0.0,0.0
443,55513,6,0.0,0.0,0.0,0.0,0.0,0.0,0.0,0.0,0.0,0.0,170.0,0.0,170.0,170.0,0.0,0.0,0.0,0.0,0.0,0.0,0.0,0.0,0.0,0.0,0,0,0,0,0.0,0.0,0,0,0,0,1,1,0,0,1.0,0.0,0.0,0.0,0,0,0,0,0,0,1,0,1,0,166,33304,0,32,0.0,0.0,0.0,0.0,0.0,0.0,0.0,0.0
443,63166,6,37.0,18.0,37.0,0.0,18.5,26.163,6.0,6.0,6.0,0.0,61495.25,128044.818,245826.0,0.0,245813.0,245813.0,0.0,245813.0,245813.0,4.0,2.0,1.414,3.0,0.0,0,0,0,0,0.0,37.0,0,0,0,0,1,0,0,0,1.0,11.0,18.5,6.0,0,0,0,0,0,0,2,37,3,18,68,0,1,32,0.0,0.0,0.0,0.0,0.0,0.0,0.0,0.0
61550,53,17,90.0,172.0,45.0,45.0,45.0,0.0,86.0,86.0,86.0,0.0,63.33,105.46,184.0,3.0,3.0,3.0,0.0,3.0,3.0,3.0,3.0,0.0,3.0,3.0,0,0,0,0,45.0,86.0,0,0,0,0,0,0,0,0,1.0,76.75,45.0,86.0,0,0,0,0,0,0,2,90,2,172,-1,-1,1,32,0.0,0.0,0.0,0.0,0.0,0.0,0.0,0.0
54499,80,6,964.0,1942.0,464.0,0.0,63.8889,162.4194,972.0,0.0,140.1333,326.9481,3523414.03,4757245.445,10003554.0,41.0,119659039.0,6693327.04,4631693.364,10033918.0,380.0,119637408.0,7275959.29,4143042.384,10033705.0,1061.0,0,0,0,0,0.0,972.0,0,0,0,1,0,0,0,0,0.0,105.8471,63.8889,140.1333,0,0,0,0,0,0,18,964,15,1942,8192,351,17,20,583558.9,1066271.461,4645370.0,23409.0,9971730.45,58209.297,10003559.0,9751692.0
49546,80,6,0.0,0.0,0.0,0.0,0.0,0.0,0.0,0.0,0.0,0.0,300.5,735.75,756.0,1.0,700.0,350.0,795.294,756.0,1.0,0.0,0.0,0.0,0.0,0.0,0,0,0,0,0.0,0.0,0,0,0,0,1,0,0,0,0.0,0.0,0.0,0.0,0,0,0,0,0,0,3,0,0,0,30264,-1,0,32,0.0,0.0,0.0,0.0,0.0,0.0,0.0,0.0
6764,53,17,88.0,256.0,44.0,44.0,44.0,0.0,128.0,128.0,128.0,0.0,8042.0,13943.804,24019.0,3.0,3.0,3.0,0.0,3.0,3.0,3.0,3.0,0.0,3.0,3.0,0,0,0,0,44.0,128.0,0,0,0,0,0,0,0,0,1.0,97.0,44.0,128.0,0,0,0,0,0,0,2,88,2,256,-1,-1,1,20,0.0,0.0,0.0,0.0,0.0,0.0,0.0,0.0
51190,80,6,535.0,522.0,535.0,0.0,207.0,308.5803,522.0,0.0,104.4,233.0,59880.33,36822.826,87262.0,4.0,238698.0,69649.0,72696.645,87714.0,33882.0,238387.0,79893.75,79489.115,137872.0,1412.0,0,0,0,0,0.0,535.0,0,0,0,1,0,0,0,0,1.0,156.2857,207.0,104.4,0,0,0,0,0,0,3,535,5,522,8192,246,2,20,0.0,0.0,0.0,0.0,0.0,0.0,0.0,0.0
60116,53,17,92.0,284.0,47.0,45.0,46.0,1.4142,156.0,136.0,142.0,19.8732,7819964.0,15975220.732,21489450.0,30388.0,21400106.0,21400106.0,0.0,21400106.0,21400106.0,21401648.0,21401648.0,0.0,21401648.0,21401648.0,0,0,0,0,45.0,156.0,0,0,0,0,0,0,0,0,1.0,102.0,46.0,142.0,0,0,0,0,0,0,2,92,2,284,-1,-1,1,20,30519.0,0.0,30519.0,30519.0,21489414.0,0.0,21489414.0,21489414.0
17877,53,17,78.0,296.0,39.0,39.0,39.0,0.0,148.0,148.0,148.0,0.0,10445.0,18086.602,31332.0,1.0,1.0,1.0,0.0,1.0,1.0,71.0,71.0,0.0,71.0,71.0,0,0,0,0,39.0,148.0,0,0,0,0,0,0,0,0,1.0,103.25,39.0,148.0,0,0,0,0,0,0,2,78,2,296,-1,-1,1,40,0.0,0.0,0.0,0.0,0.0,0.0,0.0,0.0
61164,53,17,61.0,113.0,61.0,61.0,61.0,0.0,113.0,113.0,113.0,0.0,563.0,0.0,563.0,563.0,0.0,0.0,0.0,0.0,0.0,0.0,0.0,0.0,0.0,0.0,0,0,0,0,61.0,113.0,0,0,0,0,0,0,0,0,1.0,117.5,61.0,113.0,0,0,0,0,0,0,1,61,1,113,-1,-1,0,20,0.0,0.0,0.0,0.0,0.0,0.0,0.0,0.0
46812,443,6,1106.0,10662.0,501.0,0.0,52.3077,152.9758,1418.0,0.0,563.3333,659.4778,1344302.72,3312581.436,10011825.0,1.0,62719204.0,3577560.95,4600828.288,10208001.0,1.0,62791160.0,2919152.76,4971872.42,10208262.0,1.0,0,0,0,0,0.0,1418.0,0,0,0,1,0,0,0,0,0.0,280.1838,52.3077,563.3333,0,0,0,0,0,0,23,1106,18,10662,29200,357,5,32,381389.66,875054.197,2155673.0,50541.0,10011339.66,4875.272,10011824.0,9954653.0
52285,53,17,70.0,102.0,35.0,35.0,35.0,0.0,51.0,51.0,51.0,0.0,50.66,85.039,150.0,3.0,3.0,3.0,0.0,3.0,3.0,3.0,3.0,0.0,3.0,3.0,0,0,0,0,35.0,51.0,0,0,0,0,0,0,0,0,1.0,51.75,35.0,51.0,0,0,0,0,0,0,2,70,2,102,-1,-1,1,20,0.0,0.0,0.0,0.0,0.0,0.0,0.0,0.0
63782,443,6,3233.0,4000.0,2460.0,0.0,351.4444,723.9416,1460.0,0.0,413.7778,653.5204,7589.95,12426.847,23691.0,20.0,82809.0,10577.0,11779.697,24213.0,265.0,83188.0,10694.5,13983.926,45212.0,49.0,0,0,0,0,0.0,2460.0,0,0,0,1,0,0,0,0,1.0,448.7579,351.4444,413.7778,0,0,0,0,0,0,9,3233,9,4000,29200,8140,8,20,0.0,0.0,0.0,0.0,0.0,0.0,0.0,0.0
5736,53,17,74.0,262.0,37.0,37.0,37.0,0.0,131.0,131.0,131.0,0.0,20429.66,35453.863,61280.0,3.0,3.0,3.0,0.0,3.0,3.0,4.0,4.0,0.0,4.0,4.0,0,0,0,0,37.0,131.0,0,0,0,0,0,0,0,0,1.0,93.25,37.0,131.0,0,0,0,0,0,0,2,74,2,262,-1,-1,1,20,0.0,0.0,0.0,0.0,0.0,0.0,0.0,0.0
51423,443,6,263.0,123.0,226.0,0.0,54.8333,83.2245,67.0,0.0,31.1667,24.6567,1215391.0,3314407.298,13802773.0,3.0,13905836.0,2450435.2,5781187.652,13801893.0,3.0,34136.0,14045.2,24647.482,49912.0,49.0,0,0,0,0,0.0,226.0,0,0,0,1,0,0,0,0,0.0,50.2578,54.8333,31.1667,0,0,0,0,0,0,6,263,6,123,8192,8673,5,20,0.0,0.0,0.0,0.0,0.0,0.0,0.0,0.0
58266,53,17,60.0,264.0,30.0,30.0,30.0,0.0,132.0,132.0,132.0,0.0,47.0,76.772,135.0,3.0,3.0,3.0,0.0,3.0,3.0,3.0,3.0,0.0,3.0,3.0,0,0,0,0,30.0,132.0,0,0,0,0,0,0,0,0,1.0,88.5,30.0,132.0,0,0,0,0,0,0,2,60,2,264,-1,-1,1,20,0.0,0.0,0.0,0.0,0.0,0.0,0.0,0.0
60151,53,17,103.0,238.0,52.0,48.0,51.5,7.7782,121.0,92.0,119.0,19.1909,2342862.66,3864329.038,6904520.0,30433.0,6064655.0,6064655.0,0.0,6064655.0,6064655.0,6897388.0,6897388.0,0.0,7997388.0,6897388.0,0,0,0,0,48.0,121.0,0,0,0,0,0,0,0,0,1.0,92.5,51.5,119.0,0,0,0,0,0,0,2,103,2,238,-1,-1,1,20,30370.0,0.0,30370.0,30370.0,6904529.0,0.0,6904529.0,6904529.0
56873,53,17,68.0,100.0,34.0,34.0,34.0,0.0,50.0,50.0,50.0,0.0,16785.33,29313.624,50306.0,1.0,1.0,1.0,0.0,1.0,1.0,3.0,3.0,0.0,3.0,3.0,0,0,0,0,34.0,50.0,0,0,0,0,0,0,0,0,1.0,50.5,34.0,50.0,0,0,0,0,0,0,2,68,2,100,-1,-1,1,20,0.0,0.0,0.0,0.0,0.0,0.0,0.0,0.0
62256,53,17,64.0,157.0,64.0,64.0,64.0,0.0,157.0,157.0,157.0,0.0,46079.0,0.0,46079.0,46079.0,0.0,0.0,0.0,0.0,0.0,0.0,0.0,0.0,0.0,0.0,0,0,0,0,64.0,157.0,0,0,0,0,0,0,0,0,1.0,142.5,64.0,157.0,0,0,0,0,0,0,1,64,1,157,-1,-1,0,20,0.0,0.0,0.0,0.0,0.0,0.0,0.0,0.0
62047,53,17,51.0,67.0,51.0,51.0,51.0,0.0,67.0,67.0,67.0,0.0,23321.0,0.0,23321.0,23321.0,0.0,0.0,0.0,0.0,0.0,0.0,0.0,0.0,0.0,0.0,0,0,0,0,51.0,67.0,0,0,0,0,0,0,0,0,1.0,84.5,51.0,67.0,0,0,0,0,0,0,1,51,1,67,-1,-1,0,20,0.0,0.0,0.0,0.0,0.0,0.0,0.0,0.0
51737,443,6,1268.0,1165.0,841.0,0.0,106.8,266.1886,1029.0,0.0,192.5,412.5296,10515.06,15517.021,37810.0,48.0,151004.0,17500.55,21027.572,56994.0,48.0,106371.0,24035.2,16287.97,44789.0,303.0,0,0,0,0,0.0,1029.0,0,0,0,1,0,0,0,0,0.0,144.9375,106.8,192.5,0,0,0,0,0,0,10,1268,6,1165,65535,116,5,32,0.0,0.0,0.0,0.0,0.0,0.0,0.0,0.0
123,123,17,48.0,48.0,48.0,48.0,48.0,0.0,48.0,48.0,48.0,0.0,16697.0,0.0,16697.0,16697.0,0.0,0.0,0.0,0.0,0.0,0.0,0.0,0.0,0.0,0.0,0,0,0,0,48.0,48.0,0,0,0,0,0,0,0,0,1.0,72.0,48.0,48.0,0,0,0,0,0,0,1,48,1,48,-1,-1,0,20,0.0,0.0,0.0,0.0,0.0,0.0,0.0,0.0
60893,53,17,56.0,117.0,56.0,56.0,56.0,0.0,117.0,117.0,117.0,0.0,47577.0,0.0,47577.0,47577.0,0.0,0.0,0.0,0.0,0.0,0.0,0.0,0.0,0.0,0.0,0,0,0,0,56.0,117.0,0,0,0,0,0,0,0,0,1.0,114.5,56.0,117.0,0,0,0,0,0,0,1,56,1,117,-1,-1,0,32,0.0,0.0,0.0,0.0,0.0,0.0,0.0,0.0
63180,53,17,152.0,388.0,38.0,38.0,38.0,0.0,97.0,97.0,97.0,0.0,4457.28,11549.237,30795.0,1.0,30927.0,10375.33,17839.935,30979.0,3.0,316.0,135.33,873.335,319.0,1.0,0,0,0,0,38.0,97.0,0,0,0,0,0,0,0,0,1.0,71.75,38.0,97.0,0,0,0,0,0,0,4,152,4,388,-1,-1,3,20,0.0,0.0,0.0,0.0,0.0,0.0,0.0,0.0
61870,53,17,115.0,247.0,66.0,59.0,57.5,6.364,172.0,117.0,123.5,44.6784,30902354.0,52019858.746,91509510.0,61771.0,91640271.0,91640271.0,0.0,91640271.0,91640271.0,91669989.0,91669989.0,0.0,91669989.0,91669989.0,0,0,0,0,59.0,172.0,0,0,0,0,0,0,0,0,1.0,106.0,57.5,123.5,0,0,0,0,0,0,2,115,2,247,-1,-1,1,32,31019.0,0.0,31019.0,31019.0,91509596.0,0.0,91509516.0,91509596.0
60208,53,17,58.0,142.0,58.0,58.0,58.0,0.0,142.0,142.0,142.0,0.0,233046.0,0.0,233046.0,233046.0,0.0,0.0,0.0,0.0,0.0,0.0,0.0,0.0,0.0,0.0,0,0,0,0,58.0,142.0,0,0,0,0,0,0,0,0,1.0,129.0,58.0,142.0,0,0,0,0,0,0,1,58,1,142,-1,-1,0,32,0.0,0.0,0.0,0.0,0.0,0.0,0.0,0.0
52712,443,6,6.0,6.0,6.0,6.0,6.0,0.0,6.0,6.0,6.0,0.0,23721.0,0.0,23721.0,23721.0,0.0,0.0,0.0,0.0,0.0,0.0,0.0,0.0,0.0,0.0,0,0,0,0,6.0,6.0,1,0,0,0,1,0,0,0,1.0,9.0,6.0,6.0,0,0,0,0,0,0,1,6,1,6,0,0,0,20,0.0,0.0,0.0,0.0,0.0,0.0,0.0,0.0
443,51634,6,6.0,6.0,6.0,6.0,6.0,0.0,6.0,6.0,6.0,0.0,70.0,0.0,70.0,70.0,0.0,0.0,0.0,0.0,0.0,0.0,0.0,0.0,0.0,0.0,0,0,0,0,6.0,6.0,0,0,0,0,1,1,0,0,1.0,9.0,6.0,6.0,0,0,0,0,0,0,1,6,1,6,32,32850,0,20,0.0,0.0,0.0,0.0,0.0,0.0,0.0,0.0
65905,443,6,7165.0,445078.0,549.0,0.0,34.5644,140.5086,4380.0,0.0,1651.125,897.4752,234892.29,4582614.811,58573246.0,1.0,63466210.0,491400.25,5805862.312,58676293.0,1.0,63417631.0,470878.92,5436424.809,58524905.0,1.0,0,0,0,0,0.0,4380.0,0,0,0,1,0,0,0,0,1.0,1095.7643,34.5644,1651.125,0,0,0,0,0,0,131,7165,230,445078,8192,313,230,20,4534524.0,0.0,4934524.0,4734524.0,58573282.0,0.0,58573282.0,58573282.0
55412,443,6,1253.0,7317.0,949.0,0.0,105.75,253.9638,1460.0,0.0,689.8182,691.1727,15879.26,24136.387,78898.0,0.0,329929.0,27615.57,34890.4,70690.0,0.0,235724.0,32236.87,38208.413,88952.0,2.0,0,0,0,0,0.0,1460.0,0,0,0,1,0,0,0,0,0.0,330.4053,105.75,689.8182,0,0,0,0,0,0,12,1253,13,7317,65535,32,11,20,0.0,0.0,0.0,0.0,0.0,0.0,0.0,0.0
62333,53,17,50.0,111.0,50.0,50.0,50.0,0.0,111.0,111.0,111.0,0.0,31106.0,0.0,31106.0,31106.0,0.0,0.0,0.0,0.0,0.0,0.0,0.0,0.0,0.0,0.0,0,0,0,0,50.0,111.0,0,0,0,0,0,0,0,0,1.0,105.5,50.0,111.0,0,0,0,0,0,0,1,50,1,111,-1,-1,0,40,0.0,0.0,0.0,0.0,0.0,0.0,0.0,0.0
443,54095,6,6.0,6.0,6.0,0.0,3.0,4.2426,6.0,6.0,6.0,0.0,15099.0,0.0,15099.0,15099.0,15099.0,15099.0,0.0,15099.0,15099.0,0.0,0.0,0.0,0.0,0.0,0,0,0,0,0.0,6.0,0,0,0,0,1,1,0,0,0.0,6.0,3.0,6.0,0,0,0,0,0,0,2,6,1,6,31,32850,0,20,0.0,0.0,0.0,0.0,0.0,0.0,0.0,0.0
58793,80,6,459.0,1766.0,443.0,0.0,94.8,209.0105,1766.0,0.0,581.6667,1000.6647,101206.28,374211.62,991036.0,2.0,114186.0,22589.5,24259.305,89978.0,3515.0,34674.0,14394.0,21677.825,31886.0,2.0,0,0,0,0,0.0,1766.0,0,0,0,1,0,0,0,0,1.0,273.25,94.8,581.6667,0,0,0,0,0,0,5,459,3,1766,29200,4939,1,32,0.0,0.0,0.0,0.0,0.0,0.0,0.0,0.0
59132,443,6,1374.0,5218.0,705.0,0.0,145.625,263.9703,1460.0,0.0,602.0,568.8457,356707.7,1137895.316,4571833.0,1.0,5323858.0,754973.71,1318969.889,4571833.0,1.0,54084.0,3528.0,18752.867,25628.0,48.0,0,0,0,0,0.0,1460.0,0,0,0,1,0,0,0,0,0.0,368.8294,145.625,602.0,0,0,0,0,0,0,8,1374,7,5218,8192,8190,7,20,0.0,0.0,0.0,0.0,0.0,0.0,0.0,0.0
33491,443,6,920.0,3191.0,600.0,0.0,54.6667,158.7237,1723.0,0.0,248.0667,531.1172,2372355.62,4266050.948,10185338.0,36.0,61149415.0,4382721.21,5159632.421,10240019.0,739.0,60732177.0,5552677.11,5229991.473,10240231.0,216.0,0,0,0,0,0.0,1723.0,0,0,0,1,0,0,0,0,0.0,130.4544,54.6667,248.0667,0,0,0,0,0,0,15,920,12,3191,29200,115,3,32,178525.5,152844.661,495324.0,50439.0,10110711.33,88680.671,10185334.0,10026786.0
0,0,0,0.0,0.0,0.0,0.0,0.0,0.0,0.0,0.0,0.0,0.0,1752087.09,2969198.235,14243517.0,0.0,119596868.0,1548437.66,2553333.567,14243517.0,0.0,0.0,0.0,0.0,0.0,0.0,0,0,0,0,0.0,0.0,0,0,0,0,0,0,0,0,0.0,0.0,0.0,0.0,0,0,0,0,0,0,162,0,0,0,-1,-1,0,0,13018619.7,6112475.55,23072969.0,9.0,7587260.8,3385011.133,14243516.0,5196666.0
42006,53,17,108.0,298.0,54.0,54.0,54.0,0.0,149.0,149.0,149.0,0.0,95.33,157.021,273.0,3.0,3.0,3.0,0.0,3.0,3.0,4.0,4.0,0.0,4.0,4.0,0,0,0,0,54.0,149.0,0,0,0,0,0,0,0,0,1.0,120.0,54.0,149.0,0,0,0,0,0,0,2,108,2,298,-1,-1,1,32,0.0,0.0,0.0,0.0,0.0,0.0,0.0,0.0
61001,53,17,48.0,64.0,48.0,48.0,48.0,0.0,64.0,64.0,64.0,0.0,444258.0,0.0,444258.0,444258.0,0.0,0.0,0.0,0.0,0.0,0.0,0.0,0.0,0.0,0.0,0,0,0,0,48.0,64.0,0,0,0,0,0,0,0,0,1.0,80.0,48.0,64.0,0,0,0,0,0,0,1,48,1,64,-1,-1,0,32,0.0,0.0,0.0,0.0,0.0,0.0,0.0,0.0
60470,53,17,148.0,268.0,97.0,57.0,77.0,22.5275,150.0,118.0,134.0,56.9527,853876.33,1245686.86,2466689.0,481.0,2507925.0,2707925.0,0.0,2507925.0,2507925.0,2438465.0,2438465.0,0.0,2438465.0,2438465.0,0,0,0,0,57.0,150.0,0,0,0,0,0,0,0,0,1.0,119.0,77.0,134.0,0,0,0,0,0,0,2,148,2,268,-1,-1,1,32,0.0,0.0,0.0,0.0,0.0,0.0,0.0,0.0
443,59758,6,43.0,0.0,37.0,6.0,21.5,21.9203,0.0,0.0,0.0,0.0,3.0,0.0,3.0,3.0,3.0,3.0,0.0,3.0,3.0,0.0,0.0,0.0,0.0,0.0,1,0,0,0,6.0,37.0,0,1,0,0,1,0,0,0,0.0,40.0,21.5,0.0,0,0,0,0,0,0,2,43,0,0,292,-1,1,20,0.0,0.0,0.0,0.0,0.0,0.0,0.0,0.0
443,38010,6,31.0,6.0,31.0,0.0,15.5,21.9203,6.0,6.0,6.0,0.0,20.5,13.832,49.0,4.0,4.0,4.0,0.0,4.0,4.0,0.0,0.0,0.0,0.0,0.0,1,0,0,0,0.0,31.0,0,1,0,0,1,0,0,0,0.0,22.6667,15.5,6.0,0,0,0,0,0,0,2,31,1,6,1220,0,0,32,0.0,0.0,0.0,0.0,0.0,0.0,0.0,0.0
443,50299,6,37.0,6.0,37.0,0.0,18.5,26.163,6.0,6.0,6.0,0.0,111.0,79.792,169.0,61.0,223.0,223.0,0.0,223.0,223.0,0.0,0.0,0.0,0.0,0.0,1,0,0,0,0.0,37.0,0,1,0,0,1,0,0,0,0.0,26.6667,18.5,6.0,0,0,0,0,0,0,2,37,1,6,123,0,0,32,0.0,0.0,0.0,0.0,0.0,0.0,0.0,0.0
3588,80,6,452.0,872.0,436.0,0.0,150.3333,250.0107,860.0,0.0,218.0,428.0093,12806.33,17358.687,24346.0,4.0,27538.0,13769.0,16334.386,24223.0,7815.0,24972.0,8998.66,19525.259,24801.0,4.0,0,0,0,0,0.0,860.0,0,0,0,1,0,0,0,0,1.0,187.2857,150.3333,218.0,0,0,0,0,0,0,3,452,4,872,8192,31,2,20,0.0,0.0,0.0,0.0,0.0,0.0,0.0,0.0
52684,443,6,371.0,6501.0,194.0,0.0,46.1,71.4381,1822.0,0.0,707.0909,794.217,396050.78,1452998.475,5876334.0,3.0,5992072.0,798524.55,1914213.829,5876334.0,3.0,839500.0,89930.0,114267.222,438065.0,48.0,0,0,0,0,0.0,1822.0,0,0,0,1,0,0,0,0,0.0,360.1192,46.1,707.0909,0,0,0,0,0,0,10,371,9,6501,8192,60,9,20,242328.0,0.0,242328.0,242328.0,5876361.0,0.0,5876361.0,5876361.0
60953,53,17,134.0,393.0,67.0,67.0,67.0,0.0,193.0,193.0,193.0,0.0,66.0,102.21,186.0,3.0,3.0,3.0,0.0,3.0,3.0,3.0,3.0,0.0,3.0,3.0,0,0,0,0,67.0,193.0,0,0,0,0,0,0,0,0,1.0,148.75,67.0,193.0,0,0,0,0,0,0,2,134,2,393,-1,-1,1,20,0.0,0.0,0.0,0.0,0.0,0.0,0.0,0.0
49451,443,6,763.0,16526.0,337.0,0.0,36.125,84.6817,2920.0,0.0,831.4706,846.4852,1893268.56,3813185.464,10008087.0,2.0,116712724.0,3516158.45,4973376.477,10031687.0,48.0,111182838.0,3471998.96,4910392.849,10033605.0,4.0,0,0,0,0,0.0,2920.0,0,0,0,1,0,0,0,0,1.0,417.5636,36.125,831.4706,0,0,0,0,0,0,25,763,27,16526,8192,980,23,20,21255.63,88849.548,241811.0,23014.0,9645119.27,1328047.169,10008082.0,5429693.0
37162,80,6,2866.0,6024.0,433.0,0.0,138.8333,190.2921,746.0,0.0,368.8,444.2599,2579496.77,4255787.217,10216936.0,55.0,118756118.0,4929817.02,5020011.189,10240014.0,127.0,115650705.0,6157685.4,4845427.114,10240291.0,721.0,0,0,0,0,0.0,746.0,0,0,0,1,0,0,0,0,0.0,237.1211,138.8333,368.8,0,0,0,0,0,0,24,2866,20,6024,29200,312,7,32,414085.9,1158191.494,3369686.0,23451.0,10208065.9,55830.843,10216938.0,10069414.0
51545,443,6,12.0,0.0,6.0,6.0,6.0,0.0,0.0,0.0,0.0,0.0,119.0,0.0,119.0,119.0,119.0,119.0,0.0,119.0,119.0,0.0,0.0,0.0,0.0,0.0,0,0,0,0,6.0,6.0,0,0,0,0,1,0,0,0,0.0,9.0,6.0,0.0,0,0,0,0,0,0,2,12,0,0,64209,-1,1,20,0.0,0.0,0.0,0.0,0.0,0.0,0.0,0.0
65060,443,6,608.0,2778.0,342.0,0.0,86.3333,142.9031,1460.0,0.0,469.6,670.2818,458148.71,1325519.842,4962372.0,3.0,5002023.0,750253.6,1817592.929,4962372.0,3.0,55820.0,13956.0,18408.979,20186.0,3.0,0,0,0,0,0.0,1460.0,0,0,0,1,0,0,0,0,1.0,278.8833,86.3333,469.6,0,0,0,0,0,0,6,608,5,2778,8192,4949,5,20,0.0,0.0,0.0,0.0,0.0,0.0,0.0,0.0
59173,53,17,46.0,46.0,23.0,23.0,23.0,0.0,23.0,23.0,23.0,0.0,48.33,74.19,137.0,3.0,3.0,3.0,0.0,3.0,3.0,3.0,3.0,0.0,3.0,3.0,0,0,0,0,23.0,23.0,0,0,0,0,0,0,0,0,1.0,28.75,23.0,23.0,0,0,0,0,0,0,2,46,2,46,-1,-1,1,32,0.0,0.0,0.0,0.0,0.0,0.0,0.0,0.0
36690,21,6,0.0,0.0,0.0,0.0,0.0,0.0,0.0,0.0,0.0,0.0,41.5,10.606,49.0,44.0,47.0,45.5,70.307,49.0,42.0,0.0,0.0,0.0,0.0,0.0,0,0,0,0,0.0,0.0,0,0,0,0,1,1,0,0,0.0,0.0,0.0,0.0,0,0,0,0,0,0,3,0,1,0,229,227,0,32,0.0,0.0,0.0,0.0,0.0,0.0,0.0,0.0
443,64322,6,0.0,0.0,0.0,0.0,0.0,0.0,0.0,0.0,0.0,0.0,26898.5,37598.039,53526.0,55.0,53687.0,53687.0,0.0,53687.0,53687.0,0.0,0.0,0.0,0.0,0.0,0,0,0,0,0.0,0.0,0,0,0,0,1,0,0,0,0.0,0.0,0.0,0.0,0,0,0,0,0,0,2,0,1,0,5101,65535,0,32,0.0,0.0,0.0,0.0,0.0,0.0,0.0,0.0
443,56606,6,0.0,18.0,0.0,0.0,0.0,0.0,6.0,6.0,6.0,0.0,25135.5,50831.995,100439.0,1.0,100400.0,100400.0,0.0,100400.0,100400.0,4.0,2.0,1.414,3.0,1.0,0,0,0,0,0.0,6.0,0,0,0,0,1,0,0,0,3.0,3.5,0.0,6.0,0,0,0,0,0,0,1,0,3,18,116,0,0,32,0.0,0.0,0.0,0.0,0.0,0.0,0.0,0.0
5183,443,6,867.0,5134.0,440.0,0.0,67.0714,127.4799,1460.0,0.0,396.6667,587.784,2789572.3,4381864.501,10000210.0,38.0,71640228.0,5108234.4,5170079.113,10021498.0,17648.0,71567881.0,5533566.06,5124110.838,10022459.0,48.0,0,0,0,0,0.0,1460.0,0,0,0,1,0,0,0,0,1.0,248.8526,67.0714,396.6667,0,0,0,0,0,0,14,867,18,5134,8192,114,13,20,268207.5,416436.811,1549229.0,23184.0,9995828.57,52532.517,10000219.0,9934529.0
50757,443,6,776.0,11346.0,351.0,0.0,39.0375,86.7558,1460.0,0.0,936.6,686.5001,1493556.6,9135689.527,46291817.0,2.0,86055131.0,3213632.6,13733445.965,46291817.0,4.0,86445169.0,2717505.72,12616326.828,46425221.0,2.0,0,0,0,0,0.0,1460.0,0,0,0,1,0,0,0,0,0.0,480.0965,39.0375,936.6,0,0,0,0,0,0,26,776,20,11346,65535,292,25,20,202040.0,151442.091,386019.0,160778.0,42568064.5,2658669.221,46291819.0,44928934.0
123,123,17,48.0,48.0,48.0,48.0,48.0,0.0,48.0,48.0,48.0,0.0,45708.0,0.0,45708.0,45708.0,0.0,0.0,0.0,0.0,0.0,0.0,0.0,0.0,0.0,0.0,0,0,0,0,48.0,48.0,0,0,0,0,0,0,0,0,1.0,72.0,48.0,48.0,0,0,0,0,0,0,1,48,1,48,-1,-1,0,32,0.0,0.0,0.0,0.0,0.0,0.0,0.0,0.0
58202,443,6,18.0,0.0,6.0,6.0,6.0,0.0,0.0,0.0,0.0,0.0,81.0,134.991,230.0,3.0,244.0,122.0,155.65,230.0,3.0,0.0,0.0,0.0,0.0,0.0,0,0,0,0,0.0,6.0,1,0,0,0,0,0,0,0,0.0,6.0,6.0,0.0,0,0,0,0,0,0,3,18,1,0,0,972,2,20,0.0,0.0,0.0,0.0,0.0,0.0,0.0,0.0
443,58314,6,0.0,18.0,0.0,0.0,0.0,0.0,6.0,6.0,6.0,0.0,28.33,42.904,72.0,1.0,0.0,0.0,0.0,0.0,0.0,4.0,2.0,1.414,3.0,1.0,0,0,0,0,0.0,6.0,0,0,0,0,1,0,0,0,3.0,4.5,0.0,6.0,0,0,0,0,0,0,1,0,3,18,1126,0,0,32,0.0,0.0,0.0,0.0,0.0,0.0,0.0,0.0
443,52471,6,31.0,0.0,31.0,0.0,15.5,21.9203,0.0,0.0,0.0,0.0,3.0,0.0,3.0,3.0,3.0,3.0,0.0,3.0,3.0,0.0,0.0,0.0,0.0,0.0,1,0,0,0,0.0,31.0,0,1,0,0,1,0,0,0,0.0,31.0,15.5,0.0,0,0,0,0,0,0,2,31,0,0,1122,-1,0,32,0.0,0.0,0.0,0.0,0.0,0.0,0.0,0.0
54762,53,17,106.0,222.0,53.0,53.0,53.0,0.0,111.0,111.0,111.0,0.0,16349.0,28279.85,48995.0,3.0,3.0,3.0,0.0,3.0,3.0,4.0,4.0,0.0,4.0,4.0,0,0,0,0,53.0,111.0,0,0,0,0,0,0,0,0,1.0,90.25,53.0,111.0,0,0,0,0,0,0,2,106,2,222,-1,-1,1,20,0.0,0.0,0.0,0.0,0.0,0.0,0.0,0.0
47374,443,6,31.0,0.0,31.0,0.0,15.5,21.9203,0.0,0.0,0.0,0.0,4.0,0.0,4.0,4.0,4.0,4.0,0.0,4.0,4.0,0.0,0.0,0.0,0.0,0.0,1,0,0,0,0.0,31.0,0,1,0,0,1,0,0,0,0.0,31.0,15.5,0.0,0,0,0,0,0,0,2,31,0,0,1306,-1,0,32,0.0,0.0,0.0,0.0,0.0,0.0,0.0,0.0
443,50251,6,6.0,6.0,6.0,6.0,6.0,0.0,6.0,6.0,6.0,0.0,46.0,0.0,46.0,46.0,0.0,0.0,0.0,0.0,0.0,0.0,0.0,0.0,0.0,0.0,0,0,0,0,6.0,6.0,0,0,0,0,1,1,0,0,1.0,9.0,6.0,6.0,0,0,0,0,0,0,1,6,1,6,30,255,0,20,0.0,0.0,0.0,0.0,0.0,0.0,0.0,0.0
53841,443,6,1174.0,1915.0,901.0,0.0,106.7,266.9399,1397.0,0.0,283.0,588.1413,3671.0,6816.724,15292.0,69.0,79923.0,5947.77,8259.891,27919.0,49.0,40733.0,12388.75,7833.204,15652.0,889.0,0,0,0,0,0.0,1397.0,0,0,0,1,0,0,0,0,0.0,175.9333,106.7,283.0,0,0,0,0,0,0,10,1174,5,1915,65535,32,19,20,0.0,0.0,0.0,0.0,0.0,0.0,0.0,0.0
34482,80,6,0.0,0.0,0.0,0.0,0.0,0.0,0.0,0.0,0.0,0.0,1170177.33,1929849.344,4565451.0,25.0,5512814.0,1900938.33,2273470.762,4565451.0,22958.0,1695152.0,1285152.0,0.0,1695152.0,1995152.0,0,0,0,0,0.0,0.0,0,0,0,1,0,0,0,0,0.0,0.0,0.0,0.0,0,0,0,0,0,0,4,0,2,0,29200,14484,0,32,0.0,0.0,0.0,0.0,0.0,0.0,0.0,0.0
443,52225,6,50.0,6.0,38.0,6.0,16.6667,18.4752,6.0,6.0,6.0,0.0,10211.0,17174.889,30612.0,3.0,30709.0,15354.5,20649.525,30717.0,3.0,0.0,0.0,0.0,0.0,0.0,0,0,0,0,6.0,38.0,0,0,0,0,1,0,0,0,0.0,15.5,16.6667,6.0,0,0,0,0,0,0,3,50,1,6,351,0,2,20,0.0,0.0,0.0,0.0,0.0,0.0,0.0,0.0
62692,80,6,1434.0,2436.0,732.0,0.0,292.6667,446.0333,1460.0,0.0,766.3333,880.9892,740876.45,1888834.449,5000700.0,39.0,130452.0,30226.4,1229.059,32172.0,92.0,5149264.0,1736879.8,2886698.118,5000837.0,48.0,0,0,0,0,0.0,1460.0,0,0,0,1,0,0,0,0,1.0,496.4286,292.6667,766.3333,0,0,0,0,0,0,6,1434,6,2436,65535,39,5,20,0.0,0.0,0.0,0.0,0.0,0.0,0.0,0.0
54467,88,17,504.0,2884.0,252.0,252.0,252.0,0.0,1442.0,1442.0,1442.0,0.0,285.33,454.914,843.0,4.0,49.0,49.0,0.0,49.0,49.0,4.0,4.0,0.0,4.0,4.0,0,0,0,0,252.0,1442.0,0,0,0,0,0,0,0,0,1.0,910.0,252.0,1442.0,0,0,0,0,0,0,2,504,2,2884,-1,-1,1,32,0.0,0.0,0.0,0.0,0.0,0.0,0.0,0.0
443,52561,6,6.0,6.0,6.0,6.0,6.0,0.0,6.0,6.0,6.0,0.0,97.0,0.0,97.0,97.0,0.0,0.0,0.0,0.0,0.0,0.0,0.0,0.0,0.0,0.0,0,0,0,0,6.0,6.0,0,0,0,0,1,0,0,0,1.0,9.0,6.0,6.0,0,0,0,0,0,0,1,6,1,6,32,32850,0,20,0.0,0.0,0.0,0.0,0.0,0.0,0.0,0.0
443,55304,6,31.0,12.0,31.0,0.0,15.5,21.9203,6.0,6.0,6.0,0.0,61230.0,117219.222,193448.0,33.0,103460.0,103460.0,0.0,103460.0,103460.0,48.0,48.0,0.0,48.0,48.0,0,0,0,0,0.0,31.0,0,0,0,0,1,0,0,0,1.0,12.6667,15.5,6.0,0,0,0,0,0,0,2,31,2,12,1520,0,0,32,0.0,0.0,0.0,0.0,0.0,0.0,0.0,0.0
56099,443,6,13534.0,5890.0,2840.0,0.0,621.0625,1103.3049,1413.0,0.0,310.5263,396.6452,1700968.47,3744915.59,9998501.0,3.0,59357333.0,3381036.35,4804495.106,10059698.0,3.0,69281752.0,3176901.18,5031260.039,10052887.0,3.0,0,0,0,0,0.0,2840.0,0,0,0,1,0,0,0,0,1.0,472.9783,621.0625,310.5263,0,0,0,0,0,0,16,13534,19,5890,8192,326,15,20,346541.4,1437960.163,3633430.0,21455.0,9700040.6,1283320.369,9998502.0,5749963.0
60417,53,17,64.0,128.0,64.0,64.0,64.0,0.0,128.0,128.0,128.0,0.0,504.0,0.0,504.0,504.0,0.0,0.0,0.0,0.0,0.0,0.0,0.0,0.0,0.0,0.0,0,0,0,0,64.0,128.0,0,0,0,0,0,0,0,0,1.0,128.0,64.0,128.0,0,0,0,0,0,0,1,64,1,128,-1,-1,0,20,0.0,0.0,0.0,0.0,0.0,0.0,0.0,0.0
53223,53,17,60.0,264.0,30.0,30.0,30.0,0.0,132.0,132.0,132.0,0.0,8071.33,13970.972,24109.0,3.0,4.0,4.0,0.0,4.0,4.0,3.0,3.0,0.0,3.0,3.0,0,0,0,0,30.0,132.0,0,0,0,0,0,0,0,0,1.0,88.5,30.0,132.0,0,0,0,0,0,0,2,60,2,264,-1,-1,1,20,0.0,0.0,0.0,0.0,0.0,0.0,0.0,0.0
61595,53,17,83.0,173.0,41.0,36.0,41.5,6.364,91.0,73.0,86.5,14.1937,23641414.33,40900150.972,83635133.0,31746.0,83641344.0,83641344.0,0.0,83641344.0,83641344.0,83654305.0,83654305.0,0.0,83654305.0,83654305.0,0,0,0,0,36.0,91.0,0,0,0,0,0,0,0,0,1.0,78.75,41.5,86.5,0,0,0,0,0,0,2,83,2,173,-1,-1,1,20,30838.0,0.0,30838.0,30838.0,83635183.0,0.0,83635133.0,83635183.0
54926,53,17,244.0,670.0,76.0,76.0,76.0,0.0,165.0,165.0,165.0,0.0,4520.28,11785.658,30445.0,1.0,39472.0,13824.0,13758.406,39465.0,3.0,846.0,218.66,837.252,810.0,4.0,0,0,0,0,76.0,165.0,0,0,0,0,0,0,0,0,1.0,134.75,76.0,165.0,0,0,0,0,0,0,4,244,4,670,-1,-1,3,20,0.0,0.0,0.0,0.0,0.0,0.0,0.0,0.0
65501,53,17,70.0,230.0,35.0,35.0,35.0,0.0,115.0,115.0,115.0,0.0,20120.66,34112.107,60315.0,3.0,47.0,47.0,0.0,47.0,47.0,3.0,3.0,0.0,3.0,3.0,0,0,0,0,35.0,115.0,0,0,0,0,0,0,0,0,1.0,83.75,35.0,115.0,0,0,0,0,0,0,2,70,2,230,-1,-1,1,32,0.0,0.0,0.0,0.0,0.0,0.0,0.0,0.0
59530,53,17,140.0,144.0,35.0,35.0,35.0,0.0,72.0,72.0,72.0,0.0,32051.8,58603.462,118102.0,3.0,58187.0,19395.0,26892.18,58181.0,3.0,3.0,3.0,0.0,3.0,3.0,0,0,0,0,35.0,72.0,0,0,0,0,0,0,0,0,0.0,55.1667,35.0,72.0,0,0,0,0,0,0,4,140,2,144,-1,-1,3,20,0.0,0.0,0.0,0.0,0.0,0.0,0.0,0.0
14952,53,17,58.0,204.0,29.0,29.0,29.0,0.0,102.0,102.0,102.0,0.0,50.0,86.802,143.0,3.0,3.0,3.0,0.0,3.0,3.0,4.0,4.0,0.0,4.0,4.0,0,0,0,0,29.0,102.0,0,0,0,0,0,0,0,0,1.0,72.75,29.0,102.0,0,0,0,0,0,0,2,58,2,204,-1,-1,1,32,0.0,0.0,0.0,0.0,0.0,0.0,0.0,0.0
54689,53,17,88.0,212.0,44.0,44.0,44.0,0.0,106.0,106.0,106.0,0.0,61.0,62.239,134.0,3.0,3.0,3.0,0.0,3.0,3.0,48.0,48.0,0.0,48.0,48.0,0,0,0,0,44.0,106.0,0,0,0,0,0,0,0,0,1.0,86.0,44.0,106.0,0,0,0,0,0,0,2,88,2,212,-1,-1,1,20,0.0,0.0,0.0,0.0,0.0,0.0,0.0,0.0
58761,53,17,90.0,252.0,45.0,45.0,45.0,0.0,126.0,126.0,126.0,0.0,10305.0,17846.223,30969.0,3.0,4.0,4.0,0.0,4.0,4.0,3.0,3.0,0.0,3.0,3.0,0,0,0,0,45.0,126.0,0,0,0,0,0,0,0,0,1.0,96.75,45.0,126.0,0,0,0,0,0,0,2,90,2,252,-1,-1,1,20,0.0,0.0,0.0,0.0,0.0,0.0,0.0,0.0
57820,53,17,146.0,294.0,39.0,39.0,39.0,0.0,147.0,147.0,147.0,0.0,12125.8,16668.234,32877.0,1.0,32800.0,10660.33,18515.642,32857.0,1.0,3.0,3.0,0.0,3.0,3.0,0,0,0,0,39.0,147.0,0,0,0,0,0,0,0,0,0.0,70.5,39.0,147.0,0,0,0,0,0,0,4,146,2,294,-1,-1,3,20,0.0,0.0,0.0,0.0,0.0,0.0,0.0,0.0
52305,53,17,62.0,238.0,31.0,31.0,31.0,0.0,119.0,119.0,119.0,0.0,10319.66,17850.532,30957.0,3.0,3.0,3.0,0.0,3.0,3.0,48.0,48.0,0.0,48.0,48.0,0,0,0,0,31.0,119.0,0,0,0,0,0,0,0,0,1.0,82.75,31.0,119.0,0,0,0,0,0,0,2,62,2,238,-1,-1,1,20,0.0,0.0,0.0,0.0,0.0,0.0,0.0,0.0
49528,443,6,0.0,18.0,0.0,0.0,0.0,0.0,6.0,6.0,6.0,0.0,246987.4,221577.824,495481.0,31300.0,1177768.0,588984.0,7000.0,577768.0,577768.0,1479291.0,779691.5,4722.834,799282.0,779831.0,0,0,0,0,0.0,6.0,0,0,0,1,0,0,0,0,1.0,3.0,0.0,6.0,0,0,0,0,0,0,2,0,3,18,8192,0,0,28,0.0,0.0,0.0,0.0,0.0,0.0,0.0,0.0
58272,53,17,168.0,110.0,42.0,42.0,42.0,0.0,55.0,55.0,55.0,0.0,6233.4,12677.344,30548.0,3.0,30665.0,10255.0,17645.907,30658.0,3.0,3.0,3.0,0.0,3.0,3.0,0,0,0,0,42.0,55.0,0,0,0,0,0,0,0,0,0.0,50.6667,42.0,55.0,0,0,0,0,0,0,4,168,2,110,-1,-1,3,20,0.0,0.0,0.0,0.0,0.0,0.0,0.0,0.0
51782,443,6,974.0,7419.0,469.0,0.0,64.9333,134.266,1581.0,0.0,741.9,747.3777,11051.78,21800.95,75030.0,0.0,330772.0,20819.28,30724.031,75030.0,0.0,201923.0,20392.0,34082.206,87166.0,1.0,0,0,0,0,0.0,1581.0,0,0,0,1,0,0,0,0,0.0,335.72,64.9333,741.9,0,0,0,0,0,0,15,974,10,7419,65535,179,6,32,0.0,0.0,0.0,0.0,0.0,0.0,0.0,0.0
52653,53,17,70.0,102.0,35.0,35.0,35.0,0.0,51.0,51.0,51.0,0.0,10213.33,17669.074,30638.0,3.0,3.0,3.0,0.0,3.0,3.0,3.0,3.0,0.0,3.0,3.0,0,0,0,0,35.0,51.0,0,0,0,0,0,0,0,0,1.0,51.75,35.0,51.0,0,0,0,0,0,0,2,70,2,102,-1,-1,1,32,0.0,0.0,0.0,0.0,0.0,0.0,0.0,0.0
80,54643,6,12.0,0.0,6.0,6.0,6.0,0.0,0.0,0.0,0.0,0.0,2804.0,0.0,2804.0,2804.0,2804.0,2804.0,0.0,2804.0,2804.0,0.0,0.0,0.0,0.0,0.0,0,0,0,0,6.0,6.0,0,0,0,0,1,0,0,0,0.0,9.0,6.0,0.0,0,0,0,0,0,0,2,12,0,0,1013,-1,1,20,0.0,0.0,0.0,0.0,0.0,0.0,0.0,0.0
61945,53,17,51.0,117.0,51.0,51.0,51.0,0.0,117.0,117.0,117.0,0.0,513.0,0.0,513.0,513.0,0.0,0.0,0.0,0.0,0.0,0.0,0.0,0.0,0.0,0.0,0,0,0,0,51.0,117.0,0,0,0,0,0,0,0,0,1.0,109.5,51.0,117.0,0,0,0,0,0,0,1,51,1,117,-1,-1,0,20,0.0,0.0,0.0,0.0,0.0,0.0,0.0,0.0
51633,53,17,120.0,254.0,30.0,30.0,30.0,0.0,127.0,127.0,127.0,0.0,12295.2,16708.824,30555.0,4.0,30635.0,10245.66,17709.444,30625.0,4.0,48.0,48.0,0.0,48.0,48.0,0,0,0,0,30.0,127.0,0,0,0,0,0,0,0,0,0.0,69.3333,30.0,127.0,0,0,0,0,0,0,4,120,2,254,-1,-1,3,20,0.0,0.0,0.0,0.0,0.0,0.0,0.0,0.0
35348,443,6,1068.0,7815.0,391.0,0.0,68.7143,124.5899,1813.0,0.0,354.625,727.1683,2074546.64,4046048.38,10011889.0,3.0,61838487.0,4032695.39,5000506.896,10088005.0,198.0,65883961.0,4251161.15,5018055.005,10080060.0,3.0,0,0,0,0,0.0,1813.0,0,0,0,1,0,0,0,0,1.0,214.6349,68.7143,354.625,0,0,0,0,0,0,14,1068,19,7815,29200,244,4,32,203535.5,221295.915,452096.0,83545.0,10003148.16,24279.383,10011889.0,9959992.0
58874,53,17,86.0,118.0,43.0,43.0,43.0,0.0,59.0,59.0,59.0,0.0,47.66,76.027,137.0,3.0,3.0,3.0,0.0,3.0,3.0,3.0,3.0,0.0,3.0,3.0,0,0,0,0,43.0,59.0,0,0,0,0,0,0,0,0,1.0,61.75,43.0,59.0,0,0,0,0,0,0,2,86,2,118,-1,-1,1,32,0.0,0.0,0.0,0.0,0.0,0.0,0.0,0.0
49874,53,17,76.0,238.0,38.0,38.0,38.0,0.0,119.0,119.0,119.0,0.0,60264.66,106029.936,180787.0,49.0,49.0,49.0,0.0,49.0,49.0,49.0,49.0,0.0,49.0,49.0,0,0,0,0,38.0,119.0,0,0,0,0,0,0,0,0,1.0,88.0,38.0,119.0,0,0,0,0,0,0,2,76,2,238,-1,-1,1,32,0.0,0.0,0.0,0.0,0.0,0.0,0.0,0.0
52135,443,6,1342.0,323.0,1073.0,0.0,128.2,328.2593,165.0,0.0,65.6,83.1143,5111.0,9912.943,21769.0,4.0,76451.0,9606.33,11432.08,23823.0,4.0,47530.0,8882.5,7856.727,20097.0,337.0,0,0,0,0,0.0,1073.0,0,0,0,1,0,0,0,0,0.0,115.0,128.2,65.6,0,0,0,0,0,0,10,1342,5,323,65535,32,9,32,0.0,0.0,0.0,0.0,0.0,0.0,0.0,0.0
55150,53,17,100.0,132.0,50.0,50.0,50.0,0.0,66.0,66.0,66.0,0.0,42.0,73.623,120.0,3.0,3.0,3.0,0.0,3.0,3.0,4.0,4.0,0.0,4.0,4.0,0,0,0,0,50.0,66.0,0,0,0,0,0,0,0,0,1.0,70.5,50.0,66.0,0,0,0,0,0,0,2,100,2,132,-1,-1,1,20,0.0,0.0,0.0,0.0,0.0,0.0,0.0,0.0
54362,80,6,12.0,0.0,6.0,6.0,6.0,0.0,0.0,0.0,0.0,0.0,3818.0,0.0,3818.0,3818.0,3818.0,3818.0,0.0,3818.0,3818.0,0.0,0.0,0.0,0.0,0.0,0,0,0,0,6.0,6.0,0,0,0,0,1,0,0,0,0.0,9.0,6.0,0.0,0,0,0,0,0,0,2,12,0,0,16210,-1,1,20,0.0,0.0,0.0,0.0,0.0,0.0,0.0,0.0
443,54653,6,12.0,0.0,6.0,6.0,6.0,0.0,0.0,0.0,0.0,0.0,3.0,0.0,3.0,3.0,3.0,3.0,0.0,3.0,3.0,0.0,0.0,0.0,0.0,0.0,0,0,0,0,6.0,6.0,0,0,0,0,1,0,0,0,0.0,9.0,6.0,0.0,0,0,0,0,0,0,2,12,0,0,30,-1,1,20,0.0,0.0,0.0,0.0,0.0,0.0,0.0,0.0
443,53771,6,0.0,0.0,0.0,0.0,0.0,0.0,0.0,0.0,0.0,0.0,49.5,58.86,98.0,4.0,4.0,4.0,0.0,4.0,4.0,0.0,0.0,0.0,0.0,0.0,0,0,0,0,0.0,0.0,0,0,0,0,1,1,0,0,0.0,0.0,0.0,0.0,0,0,0,0,0,0,2,0,1,0,349,32832,0,32,0.0,0.0,0.0,0.0,0.0,0.0,0.0,0.0
60804,53,17,47.0,128.0,47.0,47.0,47.0,0.0,128.0,128.0,128.0,0.0,23332.0,0.0,23332.0,23332.0,0.0,0.0,0.0,0.0,0.0,0.0,0.0,0.0,0.0,0.0,0,0,0,0,47.0,128.0,0,0,0,0,0,0,0,0,1.0,111.0,47.0,128.0,0,0,0,0,0,0,1,47,1,128,-1,-1,0,32,0.0,0.0,0.0,0.0,0.0,0.0,0.0,0.0
49709,443,6,1372.0,161929.0,325.0,0.0,28.3414,74.5626,4344.0,0.0,1652.8655,946.7913,52342.78,709975.476,9724129.0,1.0,1288988.0,85134.48,99269.143,819925.0,1.0,11734148.0,180271.84,1061706.742,9844726.0,1.0,0,0,0,0,0.0,4344.0,0,0,0,1,0,0,0,0,1.0,1007.5895,28.3414,1652.8655,0,0,0,0,0,0,68,1372,133,161929,29200,16,7,32,0.0,0.0,0.0,0.0,0.0,0.0,0.0,0.0
50751,53,17,94.0,126.0,47.0,47.0,47.0,0.0,63.0,63.0,63.0,0.0,53.33,80.244,153.0,3.0,3.0,3.0,0.0,3.0,3.0,4.0,4.0,0.0,4.0,4.0,0,0,0,0,47.0,63.0,0,0,0,0,0,0,0,0,1.0,66.75,47.0,63.0,0,0,0,0,0,0,2,94,2,126,-1,-1,1,32,0.0,0.0,0.0,0.0,0.0,0.0,0.0,0.0
63214,80,6,1045.0,3143.0,581.0,0.0,172.3846,289.6737,1543.0,0.0,581.75,724.5065,62506.27,35749.517,82213.0,76.0,205985.0,50446.5,42182.848,83835.0,125.0,206829.0,63264.66,62446.693,104454.0,211.0,0,0,0,0,0.0,1543.0,0,0,0,1,0,0,0,0,0.0,343.9,172.3846,581.75,0,0,0,0,0,0,3,1045,4,3143,8192,240,2,20,0.0,0.0,0.0,0.0,0.0,0.0,0.0,0.0
57083,443,6,1685.0,37183.0,209.0,0.0,55.5,80.3549,2836.0,0.0,1397.6118,526.3393,721046.7,6493926.406,58832774.0,1.0,67587079.0,1365979.4,10122738.959,58932797.0,2.0,67407705.0,1402854.81,7423695.165,58818965.0,1.0,0,0,0,0,0.0,2836.0,0,0,0,1,0,0,0,0,1.0,789.2081,55.5,1397.6118,0,0,0,0,0,0,30,1685,49,37183,29200,384,9,32,1405280.0,0.0,1405280.0,1405280.0,58832782.0,0.0,58832772.0,58832782.0
42352,443,6,883.0,7117.0,202.0,0.0,41.8462,73.8347,1418.0,0.0,474.8,514.3057,4611733.26,16218302.359,58660571.0,1.0,117755899.0,9087553.94,22716045.983,58660471.0,4.0,117502188.0,9862406.09,22653677.602,58793932.0,1.0,0,0,0,0,0.0,1418.0,0,0,0,1,0,0,0,0,1.0,263.3303,41.8462,474.8,0,0,0,0,0,0,19,883,20,7117,29200,357,8,32,126925.5,144400.052,237246.0,79142.0,58482194.0,352894.161,58660577.0,58823404.0
49205,443,6,720.0,1295.0,469.0,0.0,72.0,147.7084,1157.0,0.0,259.0,505.5413,19123.78,36656.165,87248.0,3.0,274921.0,30881.33,44414.314,90755.0,3.0,178384.0,44518.5,48759.418,88049.0,343.0,0,0,0,0,0.0,1157.0,0,0,0,1,0,0,0,0,0.0,134.3333,72.0,259.0,0,0,0,0,0,0,10,720,5,1295,65535,65,5,32,0.0,0.0,0.0,0.0,0.0,0.0,0.0,0.0
50774,53,17,82.0,114.0,41.0,41.0,41.0,0.0,57.0,57.0,57.0,0.0,60.33,69.789,138.0,3.0,3.0,3.0,0.0,3.0,3.0,47.0,47.0,0.0,47.0,47.0,0,0,0,0,41.0,57.0,0,0,0,0,0,0,0,0,1.0,59.25,41.0,57.0,0,0,0,0,0,0,2,82,2,114,-1,-1,1,20,0.0,0.0,0.0,0.0,0.0,0.0,0.0,0.0
50170,53,17,78.0,206.0,39.0,39.0,39.0,0.0,103.0,103.0,103.0,0.0,10216.0,17686.309,30649.0,3.0,3.0,3.0,0.0,3.0,3.0,4.0,4.0,0.0,4.0,4.0,0,0,0,0,39.0,103.0,0,0,0,0,0,0,0,0,1.0,80.75,39.0,103.0,0,0,0,0,0,0,2,78,2,206,-1,-1,1,32,0.0,0.0,0.0,0.0,0.0,0.0,0.0,0.0
43306,443,6,0.0,0.0,0.0,0.0,0.0,0.0,0.0,0.0,0.0,0.0,67.0,0.0,67.0,67.0,67.0,67.0,0.0,67.0,67.0,0.0,0.0,0.0,0.0,0.0,0,0,0,0,0.0,0.0,0,0,0,0,1,0,0,0,0.0,0.0,0.0,0.0,0,0,0,0,0,0,2,0,0,0,319,-1,0,32,0.0,0.0,0.0,0.0,0.0,0.0,0.0,0.0
60786,53,17,84.0,160.0,84.0,84.0,84.0,0.0,160.0,160.0,160.0,0.0,333273.0,0.0,333273.0,333273.0,0.0,0.0,0.0,0.0,0.0,0.0,0.0,0.0,0.0,0.0,0,0,0,0,84.0,160.0,0,0,0,0,0,0,0,0,1.0,164.0,84.0,160.0,0,0,0,0,0,0,1,84,1,160,-1,-1,0,32,0.0,0.0,0.0,0.0,0.0,0.0,0.0,0.0
63178,53,17,156.0,368.0,39.0,39.0,39.0,0.0,97.0,97.0,97.0,0.0,9616.28,14625.914,44487.0,3.0,44378.0,14722.33,20282.973,44376.0,3.0,4.0,4.0,0.0,4.0,4.0,0,0,0,0,39.0,97.0,0,0,0,0,0,0,0,0,0.0,65.8333,39.0,97.0,0,0,0,0,0,0,4,156,2,368,-1,-1,3,20,0.0,0.0,0.0,0.0,0.0,0.0,0.0,0.0
35265,53,17,76.0,350.0,38.0,38.0,38.0,0.0,175.0,175.0,175.0,0.0,98.33,85.232,199.0,48.0,48.0,48.0,0.0,48.0,48.0,49.0,49.0,0.0,49.0,49.0,0,0,0,0,38.0,175.0,0,0,0,0,0,0,0,0,1.0,113.0,38.0,175.0,0,0,0,0,0,0,2,76,2,350,-1,-1,1,32,0.0,0.0,0.0,0.0,0.0,0.0,0.0,0.0
53390,443,6,12.0,0.0,6.0,6.0,6.0,0.0,0.0,0.0,0.0,0.0,109.0,0.0,109.0,109.0,109.0,109.0,0.0,109.0,109.0,0.0,0.0,0.0,0.0,0.0,0,0,0,0,6.0,6.0,0,0,0,0,1,0,0,0,0.0,9.0,6.0,0.0,0,0,0,0,0,0,2,12,0,0,300,-1,1,20,0.0,0.0,0.0,0.0,0.0,0.0,0.0,0.0
443,54186,6,37.0,0.0,31.0,6.0,18.5,17.6777,0.0,0.0,0.0,0.0,3.0,0.0,3.0,3.0,3.0,3.0,0.0,3.0,3.0,0.0,0.0,0.0,0.0,0.0,1,0,0,0,6.0,31.0,0,1,0,0,1,0,0,0,0.0,34.0,18.5,0.0,0,0,0,0,0,0,2,37,0,0,110,-1,1,20,0.0,0.0,0.0,0.0,0.0,0.0,0.0,0.0
60172,53,17,75.0,235.0,75.0,75.0,75.0,0.0,235.0,235.0,235.0,0.0,30666.0,0.0,30666.0,30666.0,0.0,0.0,0.0,0.0,0.0,0.0,0.0,0.0,0.0,0.0,0,0,0,0,75.0,235.0,0,0,0,0,0,0,0,0,1.0,172.5,75.0,235.0,0,0,0,0,0,0,1,75,1,235,-1,-1,0,20,0.0,0.0,0.0,0.0,0.0,0.0,0.0,0.0
49929,443,6,12.0,31.0,6.0,6.0,6.0,0.0,31.0,0.0,15.5,21.9203,10962.0,15330.48,22993.0,48.0,48.0,48.0,0.0,48.0,48.0,139.0,139.0,0.0,139.0,139.0,0,0,0,0,0.0,31.0,1,0,0,0,0,0,0,0,1.0,12.75,6.0,15.5,0,0,0,0,0,0,2,12,2,31,0,974,1,20,0.0,0.0,0.0,0.0,0.0,0.0,0.0,0.0
60223,53,17,52.0,112.0,52.0,52.0,52.0,0.0,112.0,112.0,112.0,0.0,60579.0,0.0,60579.0,60579.0,0.0,0.0,0.0,0.0,0.0,0.0,0.0,0.0,0.0,0.0,0,0,0,0,52.0,112.0,0,0,0,0,0,0,0,0,1.0,108.0,52.0,112.0,0,0,0,0,0,0,1,52,1,112,-1,-1,0,20,0.0,0.0,0.0,0.0,0.0,0.0,0.0,0.0
35342,53,17,64.0,188.0,32.0,32.0,32.0,0.0,94.0,94.0,94.0,0.0,51.0,83.828,147.0,0.0,0.0,0.0,0.0,0.0,0.0,3.0,3.0,0.0,3.0,3.0,0,0,0,0,32.0,94.0,0,0,0,0,0,0,0,0,1.0,71.0,32.0,94.0,0,0,0,0,0,0,2,64,2,188,-1,-1,1,32,0.0,0.0,0.0,0.0,0.0,0.0,0.0,0.0
54564,80,6,12.0,0.0,6.0,6.0,6.0,0.0,0.0,0.0,0.0,0.0,23992.0,0.0,23992.0,23992.0,23992.0,23992.0,0.0,23992.0,23992.0,0.0,0.0,0.0,0.0,0.0,0,0,0,0,6.0,6.0,0,0,0,0,1,0,0,0,0.0,9.0,6.0,0.0,0,0,0,0,0,0,2,12,0,0,16273,-1,1,20,0.0,0.0,0.0,0.0,0.0,0.0,0.0,0.0
61926,443,6,1240.0,3693.0,783.0,0.0,94.0,215.0458,1448.0,0.0,564.1429,646.4782,24480.93,58116.011,245158.0,20.0,690685.0,68880.73,85403.102,245158.0,21.0,275634.0,45706.25,78421.593,166116.0,181.0,0,0,0,0,0.0,1448.0,0,0,0,1,0,0,0,0,0.0,252.0475,94.0,564.1429,0,0,0,0,0,0,12,1240,9,3693,65535,116,6,32,0.0,0.0,0.0,0.0,0.0,0.0,0.0,0.0
80,57996,6,6.0,6.0,6.0,6.0,6.0,0.0,6.0,6.0,6.0,0.0,49.0,0.0,49.0,49.0,0.0,0.0,0.0,0.0,0.0,0.0,0.0,0.0,0.0,0.0,0,0,0,0,6.0,6.0,0,0,0,0,1,1,0,0,1.0,9.0,6.0,6.0,0,0,0,0,0,0,1,6,1,6,30,32850,0,20,0.0,0.0,0.0,0.0,0.0,0.0,0.0,0.0
57484,443,6,766.0,3780.0,485.0,0.0,56.6,136.0602,1460.0,0.0,260.3333,506.1015,2032147.3,3941263.734,9999547.0,33.0,60772268.0,4069086.77,5092741.454,10030673.0,21473.0,60454782.0,4067392.25,5204070.478,10036681.0,48.0,0,0,0,0,0.0,1460.0,0,0,0,1,0,0,0,0,0.0,159.3083,56.6,260.3333,0,0,0,0,0,0,15,766,12,3780,8192,114,14,20,73317.16,80010.41,109744.0,50176.0,9963997.5,21724.403,9999548.0,9980022.0
51268,80,6,329.0,412.0,379.0,0.0,63.8,147.8784,413.0,0.0,135.4,246.5284,46435.57,75737.458,146699.0,32.0,333920.0,86780.5,78608.693,145599.0,394.0,133874.0,46494.0,70212.418,145267.0,19500.0,0,0,0,0,0.0,473.0,0,0,0,1,0,0,0,0,0.0,105.875,63.8,135.4,0,0,0,0,0,0,5,329,5,412,65535,110,1,20,0.0,0.0,0.0,0.0,0.0,0.0,0.0,0.0
53765,53,17,88.0,120.0,44.0,44.0,44.0,0.0,60.0,60.0,60.0,0.0,53.33,58.747,116.0,3.0,3.0,3.0,0.0,3.0,3.0,48.0,48.0,0.0,48.0,48.0,0,0,0,0,44.0,60.0,0,0,0,0,0,0,0,0,1.0,63.0,44.0,60.0,0,0,0,0,0,0,2,88,2,120,-1,-1,1,32,0.0,0.0,0.0,0.0,0.0,0.0,0.0,0.0
443,34855,6,0.0,0.0,0.0,0.0,0.0,0.0,0.0,0.0,0.0,0.0,26.0,0.0,26.0,26.0,0.0,0.0,0.0,0.0,0.0,0.0,0.0,0.0,0.0,0.0,0,0,0,0,0.0,0.0,0,0,0,0,1,0,0,0,1.0,0.0,0.0,0.0,0,0,0,0,0,0,1,0,1,0,122,297,0,32,0.0,0.0,0.0,0.0,0.0,0.0,0.0,0.0
60868,443,6,1476.0,5856.0,596.0,0.0,79.0,152.4201,1477.0,0.0,399.4667,599.8431,2818007.61,11905119.639,58350334.0,1.0,116984758.0,5090750.69,16942533.01,58357334.0,48.0,116829646.0,5140166.0,16029524.053,58317959.0,1.0,0,0,0,0,0.0,1477.0,0,0,0,1,0,0,0,0,1.0,248.1942,79.0,399.4667,0,0,0,0,0,0,24,1476,21,5856,8192,293,13,20,466653.0,386288.05,931300.0,274827.0,58120315.5,431670.193,58350335.0,57812394.0
49840,443,6,851.0,3950.0,267.0,0.0,85.1,99.8704,1448.0,0.0,395.0,587.4831,61886.1,73193.625,297481.0,3.0,1452141.0,103010.77,218351.107,295471.0,219.0,1328744.0,96386.35,125649.232,299122.0,3.0,0,0,0,0,0.0,1448.0,0,0,0,1,0,0,0,0,1.0,240.05,85.1,395.0,0,0,0,0,0,0,10,851,10,3950,29200,254,5,32,0.0,0.0,0.0,0.0,0.0,0.0,0.0,0.0
55094,80,6,1537.0,1250.0,545.0,0.0,67.8565,163.0846,896.0,0.0,68.9595,258.2571,3892389.31,4858279.514,10024707.0,116.0,118714276.0,7280725.4,4449290.237,10047959.0,174.0,113215242.0,8015972.16,3884734.439,10048115.0,10699.0,0,0,0,0,0.0,896.0,0,0,0,1,0,0,0,0,0.0,69.1637,67.8565,68.9595,0,0,0,0,0,0,17,1537,16,1250,29200,342,2,32,116286.09,407802.418,1847392.0,23129.0,10010674.0,8756.496,10024707.0,10009205.0
443,49246,6,37.0,0.0,37.0,0.0,18.5,26.163,0.0,0.0,0.0,0.0,3.0,0.0,3.0,3.0,3.0,3.0,0.0,3.0,3.0,0.0,0.0,0.0,0.0,0.0,1,0,0,0,0.0,37.0,0,1,0,0,1,0,0,0,0.0,37.0,18.5,0.0,0,0,0,0,0,0,2,37,0,0,972,-1,0,32,0.0,0.0,0.0,0.0,0.0,0.0,0.0,0.0
61094,443,6,1092.0,11100.0,389.0,0.0,53.8462,104.476,2896.0,0.0,843.0,952.0164,4470.6,8857.791,25508.0,1.0,82200.0,7139.25,10421.021,26263.0,1.0,2730.0,620.84,4072.425,5151.0,2.0,0,0,0,0,0.0,2896.0,0,0,0,1,0,0,0,0,0.0,386.6286,53.8462,843.0,0,0,0,0,0,0,19,1092,17,11100,65535,129,7,32,0.0,0.0,0.0,0.0,0.0,0.0,0.0,0.0
55422,80,6,441.0,872.0,435.0,0.0,147.0,249.4334,850.0,0.0,218.0,428.0093,8160.33,11283.745,23717.0,5.0,24600.0,12300.0,13234.525,23848.0,121.0,24509.0,8169.33,13091.677,23535.0,5.0,0,0,0,0,0.0,850.0,0,0,0,1,0,0,0,0,1.0,187.4286,147.0,218.0,0,0,0,0,0,0,3,441,4,872,8192,31,2,20,0.0,0.0,0.0,0.0,0.0,0.0,0.0,0.0
56834,443,6,12.0,0.0,6.0,6.0,6.0,0.0,0.0,0.0,0.0,0.0,16490335.0,0.0,16490335.0,16490335.0,16490335.0,16490335.0,0.0,16490335.0,16490335.0,0.0,0.0,0.0,0.0,0.0,0,0,0,0,6.0,6.0,0,0,0,0,1,0,0,0,0.0,9.0,6.0,0.0,0,0,0,0,0,0,2,12,0,0,63572,-1,1,20,0.0,0.0,0.0,0.0,0.0,0.0,0.0,0.0
123,123,17,48.0,48.0,48.0,48.0,48.0,0.0,48.0,48.0,48.0,0.0,94107.0,0.0,94107.0,94107.0,0.0,0.0,0.0,0.0,0.0,0.0,0.0,0.0,0.0,0.0,0,0,0,0,48.0,48.0,0,0,0,0,0,0,0,0,1.0,72.0,48.0,48.0,0,0,0,0,0,0,1,48,1,48,-1,-1,0,20,0.0,0.0,0.0,0.0,0.0,0.0,0.0,0.0
30616,53,17,70.0,178.0,35.0,35.0,35.0,0.0,89.0,89.0,89.0,0.0,20294.0,34789.045,60871.0,3.0,4.0,4.0,0.0,4.0,4.0,3.0,3.0,0.0,3.0,3.0,0,0,0,0,35.0,89.0,0,0,0,0,0,0,0,0,1.0,70.75,35.0,89.0,0,0,0,0,0,0,2,70,2,178,-1,-1,1,32,0.0,0.0,0.0,0.0,0.0,0.0,0.0,0.0
60926,53,17,44.0,60.0,44.0,44.0,44.0,0.0,60.0,60.0,60.0,0.0,222880.0,0.0,222880.0,222880.0,0.0,0.0,0.0,0.0,0.0,0.0,0.0,0.0,0.0,0.0,0,0,0,0,44.0,60.0,0,0,0,0,0,0,0,0,1.0,74.0,44.0,60.0,0,0,0,0,0,0,1,44,1,60,-1,-1,0,20,0.0,0.0,0.0,0.0,0.0,0.0,0.0,0.0
60589,53,17,82.0,254.0,41.0,41.0,41.0,0.0,127.0,127.0,127.0,0.0,61.33,107.778,187.0,3.0,3.0,3.0,0.0,3.0,3.0,3.0,3.0,0.0,3.0,3.0,0,0,0,0,41.0,127.0,0,0,0,0,0,0,0,0,1.0,94.25,41.0,127.0,0,0,0,0,0,0,2,82,2,254,-1,-1,1,20,0.0,0.0,0.0,0.0,0.0,0.0,0.0,0.0
63520,53,17,70.0,450.0,35.0,35.0,35.0,0.0,225.0,225.0,225.0,0.0,99.66,168.58,292.0,3.0,3.0,3.0,0.0,3.0,3.0,4.0,4.0,0.0,4.0,4.0,0,0,0,0,35.0,225.0,0,0,0,0,0,0,0,0,1.0,138.75,35.0,225.0,0,0,0,0,0,0,2,70,2,450,-1,-1,1,20,0.0,0.0,0.0,0.0,0.0,0.0,0.0,0.0
52232,443,6,1215.0,6555.0,957.0,0.0,234.2857,392.9649,1460.0,0.0,653.8571,662.5033,556268.9,1746305.64,6967282.0,3.0,8231935.0,1167317.83,2566659.804,6967282.0,1323.0,265434.0,38060.33,73519.815,119079.0,3.0,0,0,0,0,0.0,1460.0,0,0,0,1,0,0,0,0,1.0,448.2738,234.2857,653.8571,0,0,0,0,0,0,7,1215,7,6555,8192,20,6,20,0.0,0.0,0.0,0.0,0.0,0.0,0.0,0.0
50968,443,6,1410.0,5690.0,540.0,0.0,81.1364,177.6451,1418.0,0.0,279.0909,520.8295,1960067.02,3972351.619,10003848.0,1.0,62250403.0,3188097.54,4859917.456,10028379.0,245.0,66858473.0,3737933.21,4988058.987,10020225.0,3.0,0,0,0,0,0.0,1418.0,0,0,0,1,0,0,0,0,1.0,186.7061,81.1364,279.0909,0,0,0,0,0,0,15,1410,19,5690,29200,353,8,32,345257.66,953922.104,1279048.0,23537.0,9990753.5,29342.246,10003841.0,9640508.0
38050,443,6,826.0,5060.0,387.0,0.0,85.0,132.095,2397.0,0.0,843.5,815.8517,541231.88,2369134.798,9953641.0,10.0,453351.0,18107.71,29331.349,138920.0,175.0,10366154.0,1459068.88,3739317.994,9998173.0,0.0,0,0,0,0,0.0,2397.0,0,0,0,1,0,0,0,0,1.0,422.45,85.0,843.5,0,0,0,0,0,0,9,826,8,5060,29200,133,3,32,166516.0,0.0,166516.0,166566.0,9953607.0,0.0,9953607.0,9953607.0
54829,80,6,1716.0,4833.0,434.0,0.0,107.2105,185.4699,691.0,0.0,249.1111,346.5789,2319747.24,4106248.72,10008213.0,36.0,88994252.0,4654910.73,4864539.658,10052529.0,1341.0,82368495.0,5174152.8,4994884.155,10055247.0,1330.0,0,0,0,0,0.0,691.0,0,0,0,1,0,0,0,0,0.0,181.4696,107.2105,249.1111,0,0,0,0,0,0,25,1716,18,4833,8192,290,24,20,659510.62,1083966.834,2215706.0,23469.0,9472620.8,1371499.505,10008214.0,5258641.0
62247,53,17,48.0,118.0,48.0,48.0,48.0,0.0,118.0,118.0,118.0,0.0,30641.0,0.0,30641.0,30641.0,0.0,0.0,0.0,0.0,0.0,0.0,0.0,0.0,0.0,0.0,0,0,0,0,48.0,118.0,0,0,0,0,0,0,0,0,1.0,117.0,48.0,118.0,0,0,0,0,0,0,1,48,1,118,-1,-1,0,32,0.0,0.0,0.0,0.0,0.0,0.0,0.0,0.0
55574,443,6,360.0,4841.0,197.0,0.0,45.4286,72.1762,1448.0,0.0,810.2,675.343,428502.3,1527336.817,5479891.0,3.0,5902949.0,748498.87,2015298.512,5479891.0,3.0,306629.0,51901.25,84722.368,118364.0,48.0,0,0,0,0,0.0,1448.0,0,0,0,1,0,0,0,0,0.0,345.4625,45.4286,810.2,0,0,0,0,0,0,9,360,5,4841,29200,939,3,32,173856.0,0.0,173856.0,173856.0,5479864.0,0.0,5479894.0,5479864.0
80,43970,6,6.0,6.0,6.0,6.0,6.0,0.0,6.0,6.0,6.0,0.0,79.0,0.0,79.0,79.0,0.0,0.0,0.0,0.0,0.0,0.0,0.0,0.0,0.0,0.0,0,0,0,0,6.0,6.0,0,0,0,0,1,1,0,0,1.0,9.0,6.0,6.0,0,0,0,0,0,0,1,6,1,6,29,256,0,20,0.0,0.0,0.0,0.0,0.0,0.0,0.0,0.0
61272,53,17,55.0,342.0,55.0,55.0,55.0,0.0,342.0,342.0,342.0,0.0,109689.0,0.0,109689.0,109689.0,0.0,0.0,0.0,0.0,0.0,0.0,0.0,0.0,0.0,0.0,0,0,0,0,55.0,342.0,0,0,0,0,0,0,0,0,1.0,226.0,55.0,342.0,0,0,0,0,0,0,1,55,1,342,-1,-1,0,44,0.0,0.0,0.0,0.0,0.0,0.0,0.0,0.0
55652,80,6,2448.0,374499.0,318.0,0.0,7.7152,7.2647,4380.0,0.0,2074.9324,859.1572,2.19,2339.942,21748.0,-0.0,351087.0,409.21,9200.371,47320.0,1.0,337601.0,321.63,7880.555,48869.0,1.0,0,0,0,0,0.0,4380.0,0,0,0,1,0,0,0,0,1.0,1163.8186,7.7152,2074.9324,0,0,0,0,0,0,202,2448,223,1374499,8192,35,728,20,0.0,0.0,0.0,0.0,0.0,0.0,0.0,0.0
4523,53,17,66.0,184.0,33.0,33.0,33.0,0.0,92.0,92.0,92.0,0.0,59.66,68.709,127.0,3.0,49.0,49.0,0.0,49.0,49.0,3.0,3.0,0.0,3.0,3.0,0,0,0,0,33.0,92.0,0,0,0,0,0,0,0,0,1.0,70.75,33.0,92.0,0,0,0,0,0,0,2,66,2,184,-1,-1,1,32,0.0,0.0,0.0,0.0,0.0,0.0,0.0,0.0
51518,53,17,76.0,376.0,38.0,38.0,38.0,0.0,188.0,188.0,188.0,0.0,23264.33,40538.12,79797.0,3.0,47.0,47.0,0.0,47.0,47.0,3.0,3.0,0.0,3.0,3.0,0,0,0,0,38.0,188.0,0,0,0,0,0,0,0,0,1.0,122.5,38.0,188.0,0,0,0,0,0,0,2,76,2,376,-1,-1,1,32,0.0,0.0,0.0,0.0,0.0,0.0,0.0,0.0
60787,53,17,83.0,167.0,83.0,83.0,83.0,0.0,167.0,167.0,167.0,0.0,30565.0,0.0,30565.0,30565.0,0.0,0.0,0.0,0.0,0.0,0.0,0.0,0.0,0.0,0.0,0,0,0,0,83.0,167.0,0,0,0,0,0,0,0,0,1.0,166.5,83.0,167.0,0,0,0,0,0,0,1,83,1,167,-1,-1,0,20,0.0,0.0,0.0,0.0,0.0,0.0,0.0,0.0
443,61618,6,12.0,0.0,6.0,6.0,6.0,0.0,0.0,0.0,0.0,0.0,2.0,0.0,2.0,2.0,2.0,2.0,0.0,2.0,2.0,0.0,0.0,0.0,0.0,0.0,0,0,0,0,6.0,6.0,0,0,0,0,1,0,0,0,0.0,9.0,6.0,0.0,0,0,0,0,0,0,2,12,0,0,5613,-1,1,20,0.0,0.0,0.0,0.0,0.0,0.0,0.0,0.0
52998,53,17,140.0,386.0,35.0,35.0,35.0,0.0,93.0,93.0,93.0,0.0,4448.0,11662.831,30564.0,1.0,32745.0,10911.66,18850.606,32538.0,1.0,420.0,176.66,231.527,479.0,4.0,0,0,0,0,35.0,93.0,0,0,0,0,0,0,0,0,1.0,68.125,35.0,93.0,0,0,0,0,0,0,4,140,4,386,-1,-1,3,20,0.0,0.0,0.0,0.0,0.0,0.0,0.0,0.0
50567,80,6,0.0,0.0,0.0,0.0,0.0,0.0,0.0,0.0,0.0,0.0,1945403.66,3337528.349,5795627.0,114.0,5725222.0,2862611.0,4013619.798,5795627.0,50117.0,0.0,0.0,0.0,0.0,0.0,0,0,0,0,0.0,0.0,0,0,0,1,0,0,0,0,0.0,0.0,0.0,0.0,0,0,0,0,0,0,3,0,1,0,29200,42408,0,32,0.0,0.0,0.0,0.0,0.0,0.0,0.0,0.0
60674,53,17,58.0,74.0,58.0,58.0,58.0,0.0,74.0,74.0,74.0,0.0,30728.0,0.0,30728.0,30728.0,0.0,0.0,0.0,0.0,0.0,0.0,0.0,0.0,0.0,0.0,0,0,0,0,58.0,74.0,0,0,0,0,0,0,0,0,1.0,95.0,58.0,74.0,0,0,0,0,0,0,1,58,1,74,-1,-1,0,32,0.0,0.0,0.0,0.0,0.0,0.0,0.0,0.0
49376,443,6,0.0,0.0,0.0,0.0,0.0,0.0,0.0,0.0,0.0,0.0,168.0,0.0,168.0,168.0,168.0,168.0,0.0,168.0,168.0,0.0,0.0,0.0,0.0,0.0,0,0,0,0,0.0,0.0,0,0,0,0,1,0,0,0,0.0,0.0,0.0,0.0,0,0,0,0,0,0,2,0,0,0,206,-1,0,32,0.0,0.0,0.0,0.0,0.0,0.0,0.0,0.0
443,61455,6,43.0,6.0,37.0,6.0,21.5,21.9203,6.0,6.0,6.0,0.0,105.0,45.306,138.0,78.0,204.0,204.0,0.0,204.0,204.0,0.0,0.0,0.0,0.0,0.0,1,0,0,0,6.0,37.0,0,1,0,0,1,0,0,0,0.0,28.6667,21.5,6.0,0,0,0,0,0,0,2,43,1,6,35223,0,1,20,0.0,0.0,0.0,0.0,0.0,0.0,0.0,0.0
64622,53,17,84.0,282.0,42.0,42.0,42.0,0.0,141.0,141.0,141.0,0.0,45552.0,78901.041,136607.0,3.0,4.0,4.0,0.0,4.0,4.0,3.0,3.0,0.0,3.0,3.0,0,0,0,0,42.0,141.0,0,0,0,0,0,0,0,0,1.0,102.0,42.0,141.0,0,0,0,0,0,0,2,84,2,282,-1,-1,1,32,0.0,0.0,0.0,0.0,0.0,0.0,0.0,0.0
443,6096,6,12.0,0.0,6.0,6.0,6.0,0.0,0.0,0.0,0.0,0.0,3.0,0.0,3.0,3.0,3.0,3.0,0.0,3.0,3.0,0.0,0.0,0.0,0.0,0.0,0,0,0,0,6.0,6.0,0,0,0,0,1,0,0,0,0.0,9.0,6.0,0.0,0,0,0,0,0,0,2,12,0,0,5114,-1,1,20,0.0,0.0,0.0,0.0,0.0,0.0,0.0,0.0
54504,443,6,834.0,5412.0,378.0,0.0,41.2667,97.8897,2265.0,0.0,372.0,708.3685,2168723.41,4132792.704,10001133.0,47.0,115742656.0,4435002.1,4944995.604,10034298.0,48.0,110744500.0,4676758.52,5054909.841,10034246.0,209.0,0,0,0,0,0.0,2265.0,0,0,0,1,0,0,0,0,0.0,173.2,41.2667,372.0,0,0,0,0,0,0,21,834,20,5412,8192,980,20,20,50379.58,86945.381,369283.0,22697.0,9589780.63,1345816.554,10001131.0,5193755.0
56481,443,6,12.0,0.0,6.0,6.0,6.0,0.0,0.0,0.0,0.0,0.0,136.0,0.0,136.0,136.0,136.0,136.0,0.0,136.0,136.0,0.0,0.0,0.0,0.0,0.0,0,0,0,0,6.0,6.0,0,0,0,0,1,0,0,0,0.0,9.0,6.0,0.0,0,0,0,0,0,0,2,12,0,0,64925,-1,1,20,0.0,0.0,0.0,0.0,0.0,0.0,0.0,0.0
50931,443,6,897.0,3602.0,433.0,0.0,97.6154,162.57,2296.0,0.0,400.6667,804.6417,129705.47,321167.577,1975023.0,4.0,2352549.0,255226.0,672366.85,1975025.0,135.0,2136802.0,140600.4,499779.173,1994644.0,4.0,0,0,0,0,0.0,2296.0,0,0,0,1,0,0,0,0,0.0,237.4738,97.6154,400.6667,0,0,0,0,0,0,9,897,6,3602,8192,133,8,20,0.0,0.0,0.0,0.0,0.0,0.0,0.0,0.0
37908,443,6,617.0,164.0,517.0,0.0,88.1429,189.989,152.0,0.0,41.0,74.054,530255.7,1550234.364,4949863.0,3.0,5054901.0,840900.16,2039883.248,4910681.0,3.0,86002.0,28000.33,33884.085,69114.0,341.0,0,0,0,0,0.0,517.0,0,0,0,1,0,0,0,0,0.0,71.0,88.1429,41.0,0,0,0,0,0,0,7,617,4,164,29200,30,6,20,0.0,0.0,0.0,0.0,0.0,0.0,0.0,0.0
52620,80,6,876.0,1492.0,434.0,0.0,48.7778,134.5671,746.0,0.0,99.8667,262.494,3620945.75,4717602.595,10004110.0,19.0,116851179.0,6976235.71,4583577.621,10047980.0,141.0,110533970.0,7865298.71,4227034.646,10048668.0,12.0,0,0,0,0,0.0,746.0,0,0,0,1,0,0,0,0,0.0,71.135,48.7778,99.8667,0,0,0,0,0,0,18,876,15,1492,8192,343,17,20,54502.0,57103.233,225458.0,36194.0,9993780.0,31583.56,10004112.0,9950694.0
443,50770,6,0.0,0.0,0.0,0.0,0.0,0.0,0.0,0.0,0.0,0.0,86.0,0.0,86.0,86.0,0.0,0.0,0.0,0.0,0.0,0.0,0.0,0.0,0.0,0.0,0,0,0,0,0.0,0.0,0,0,0,0,1,1,0,0,1.0,0.0,0.0,0.0,0,0,0,0,0,0,1,0,1,0,332,32832,0,32,0.0,0.0,0.0,0.0,0.0,0.0,0.0,0.0
61939,53,17,52.0,68.0,52.0,52.0,52.0,0.0,68.0,68.0,68.0,0.0,30462.0,0.0,30462.0,30462.0,0.0,0.0,0.0,0.0,0.0,0.0,0.0,0.0,0.0,0.0,0,0,0,0,52.0,68.0,0,0,0,0,0,0,0,0,1.0,86.0,52.0,68.0,0,0,0,0,0,0,1,52,1,68,-1,-1,0,20,0.0,0.0,0.0,0.0,0.0,0.0,0.0,0.0
61576,53,17,70.0,102.0,35.0,35.0,35.0,0.0,51.0,51.0,51.0,0.0,7959.33,13767.727,23874.0,3.0,3.0,3.0,0.0,3.0,3.0,4.0,4.0,0.0,4.0,4.0,0,0,0,0,35.0,51.0,0,0,0,0,0,0,0,0,1.0,51.75,35.0,51.0,0,0,0,0,0,0,2,70,2,102,-1,-1,1,32,0.0,0.0,0.0,0.0,0.0,0.0,0.0,0.0
443,55235,6,37.0,0.0,37.0,0.0,18.5,26.163,0.0,0.0,0.0,0.0,3.0,0.0,3.0,3.0,3.0,3.0,0.0,3.0,3.0,0.0,0.0,0.0,0.0,0.0,1,0,0,0,0.0,37.0,0,1,0,0,1,0,0,0,0.0,37.0,18.5,0.0,0,0,0,0,0,0,2,37,0,0,1120,-1,0,32,0.0,0.0,0.0,0.0,0.0,0.0,0.0,0.0
55897,53,17,76.0,132.0,38.0,38.0,38.0,0.0,66.0,66.0,66.0,0.0,51.66,89.809,158.0,3.0,3.0,3.0,0.0,3.0,3.0,3.0,3.0,0.0,3.0,3.0,0,0,0,0,38.0,66.0,0,0,0,0,0,0,0,0,1.0,61.5,38.0,66.0,0,0,0,0,0,0,2,76,2,132,-1,-1,1,20,0.0,0.0,0.0,0.0,0.0,0.0,0.0,0.0
443,61037,6,12.0,18.0,6.0,6.0,6.0,0.0,6.0,6.0,6.0,0.0,57.33,16.1,61.0,1.0,1.0,1.0,0.0,1.0,1.0,2.0,1.0,0.0,2.0,1.0,0,0,0,0,6.0,6.0,0,0,0,0,1,0,0,0,1.0,7.5,6.0,6.0,0,0,0,0,0,0,2,12,3,18,290,0,1,20,0.0,0.0,0.0,0.0,0.0,0.0,0.0,0.0
443,53368,6,6.0,6.0,6.0,6.0,6.0,0.0,6.0,6.0,6.0,0.0,212.0,0.0,212.0,212.0,0.0,0.0,0.0,0.0,0.0,0.0,0.0,0.0,0.0,0.0,0,0,0,0,6.0,6.0,0,0,0,0,1,1,0,0,1.0,9.0,6.0,6.0,0,0,0,0,0,0,1,6,1,6,60,255,0,20,0.0,0.0,0.0,0.0,0.0,0.0,0.0,0.0
443,54493,6,37.0,0.0,37.0,0.0,18.5,26.163,0.0,0.0,0.0,0.0,3.0,0.0,3.0,3.0,3.0,3.0,0.0,3.0,3.0,0.0,0.0,0.0,0.0,0.0,1,0,0,0,0.0,37.0,0,1,0,0,1,0,0,0,0.0,37.0,18.5,0.0,0,0,0,0,0,0,2,37,0,0,61,-1,0,32,0.0,0.0,0.0,0.0,0.0,0.0,0.0,0.0
37690,80,6,1740.0,3297.0,435.0,0.0,96.2941,174.5011,797.0,0.0,173.1333,349.6052,3445526.32,4662751.991,10126400.0,34.0,119379287.0,6943345.77,4984808.191,10240023.0,1712.0,115525593.0,7956523.05,4085064.518,10240017.0,3316.0,0,0,0,0,0.0,797.0,0,0,0,1,0,0,0,0,0.0,133.0967,96.2941,173.1333,0,0,0,0,0,0,23,1740,15,3297,29200,366,4,32,167095.27,534151.556,1871616.0,36299.0,10197717.0,59763.149,10126409.0,10100395.0
51572,53,17,102.0,158.0,51.0,51.0,51.0,0.0,79.0,79.0,79.0,0.0,57.33,95.165,160.0,3.0,4.0,4.0,0.0,4.0,4.0,3.0,3.0,0.0,3.0,3.0,0,0,0,0,51.0,79.0,0,0,0,0,0,0,0,0,1.0,77.75,51.0,79.0,0,0,0,0,0,0,2,102,2,158,-1,-1,1,32,0.0,0.0,0.0,0.0,0.0,0.0,0.0,0.0
25803,53,17,84.0,362.0,42.0,42.0,42.0,0.0,181.0,181.0,181.0,0.0,8151.0,14040.815,24443.0,1.0,49.0,49.0,0.0,49.0,49.0,1.0,1.0,0.0,1.0,1.0,0,0,0,0,42.0,181.0,0,0,0,0,0,0,0,0,1.0,122.0,42.0,181.0,0,0,0,0,0,0,2,84,2,362,-1,-1,1,32,0.0,0.0,0.0,0.0,0.0,0.0,0.0,0.0
49305,80,6,0.0,0.0,0.0,0.0,0.0,0.0,0.0,0.0,0.0,0.0,1762523.0,3017762.516,5264992.0,83.0,5286520.0,2643260.0,3621780.961,5264992.0,33760.0,0.0,0.0,0.0,0.0,0.0,0,0,0,0,0.0,0.0,0,0,0,1,0,0,0,0,0.0,0.0,0.0,0.0,0,0,0,0,0,0,3,0,1,0,29200,17922,0,32,0.0,0.0,0.0,0.0,0.0,0.0,0.0,0.0
53652,443,6,976.0,7408.0,469.0,0.0,65.0667,134.3489,1586.0,0.0,740.8,749.5048,15840.78,48345.752,147265.0,1.0,437901.0,21613.54,55071.071,147292.0,1.0,352253.0,36479.66,69862.743,159546.0,2.0,0,0,0,0,0.0,1586.0,0,0,0,1,0,0,0,0,0.0,335.36,65.0667,740.8,0,0,0,0,0,0,15,976,10,7408,65535,357,6,32,0.0,0.0,0.0,0.0,0.0,0.0,0.0,0.0
443,65137,6,0.0,0.0,0.0,0.0,0.0,0.0,0.0,0.0,0.0,0.0,27.0,0.0,27.0,27.0,0.0,0.0,0.0,0.0,0.0,0.0,0.0,0.0,0.0,0.0,0,0,0,0,0.0,0.0,0,0,0,0,1,1,0,0,1.0,0.0,0.0,0.0,0,0,0,0,0,0,1,0,1,0,362,32832,0,32,0.0,0.0,0.0,0.0,0.0,0.0,0.0,0.0
51045,53,17,88.0,168.0,44.0,44.0,44.0,0.0,84.0,84.0,84.0,0.0,45.0,77.868,137.0,3.0,3.0,3.0,0.0,3.0,3.0,3.0,3.0,0.0,3.0,3.0,0,0,0,0,44.0,84.0,0,0,0,0,0,0,0,0,1.0,75.0,44.0,84.0,0,0,0,0,0,0,2,88,2,168,-1,-1,1,32,0.0,0.0,0.0,0.0,0.0,0.0,0.0,0.0
57976,53,17,102.0,134.0,51.0,51.0,51.0,0.0,67.0,67.0,67.0,0.0,59.66,67.347,127.0,3.0,3.0,3.0,0.0,3.0,3.0,49.0,49.0,0.0,49.0,49.0,0,0,0,0,51.0,67.0,0,0,0,0,0,0,0,0,1.0,71.75,51.0,67.0,0,0,0,0,0,0,2,102,2,134,-1,-1,1,20,0.0,0.0,0.0,0.0,0.0,0.0,0.0,0.0
55565,53,17,62.0,190.0,31.0,31.0,31.0,0.0,95.0,95.0,95.0,0.0,64.66,31.047,107.0,48.0,48.0,48.0,0.0,48.0,48.0,48.0,48.0,0.0,48.0,48.0,0,0,0,0,31.0,95.0,0,0,0,0,0,0,0,0,1.0,70.75,31.0,95.0,0,0,0,0,0,0,2,62,2,190,-1,-1,1,40,0.0,0.0,0.0,0.0,0.0,0.0,0.0,0.0
49414,22,6,728.0,6724.0,456.0,0.0,66.5366,137.1299,3376.0,0.0,1167.5714,1119.8725,16335.18,27780.102,92221.0,2.0,229906.0,35949.0,59713.564,106421.0,3.0,214867.0,17785.16,38882.214,98619.0,2.0,0,0,0,0,0.0,3376.0,0,0,0,1,0,0,0,0,1.0,675.5529,66.5366,1167.5714,0,0,0,0,0,0,11,728,14,6724,29200,243,4,32,0.0,0.0,0.0,0.0,0.0,0.0,0.0,0.0
59908,443,6,713.0,479.0,469.0,0.0,71.3,147.2874,341.0,0.0,95.8,149.5299,3121.64,8557.117,23215.0,4.0,81941.0,9021.66,10040.544,24947.0,4.0,54329.0,13532.25,13838.626,22517.0,231.0,0,0,0,0,0.0,469.0,0,0,0,1,0,0,0,0,0.0,79.4667,71.3,95.8,0,0,0,0,0,0,10,713,5,479,65535,972,5,32,0.0,0.0,0.0,0.0,0.0,0.0,0.0,0.0
58463,53,17,84.0,162.0,42.0,42.0,42.0,0.0,81.0,81.0,81.0,0.0,16034.0,27771.735,48007.0,3.0,3.0,3.0,0.0,3.0,3.0,3.0,3.0,0.0,3.0,3.0,0,0,0,0,42.0,81.0,0,0,0,0,0,0,0,0,1.0,72.0,42.0,81.0,0,0,0,0,0,0,2,84,2,162,-1,-1,1,32,0.0,0.0,0.0,0.0,0.0,0.0,0.0,0.0
56937,443,6,12.0,0.0,6.0,6.0,6.0,0.0,0.0,0.0,0.0,0.0,2999698.0,0.0,2999698.0,2999698.0,2999698.0,2999698.0,0.0,2999698.0,2999698.0,0.0,0.0,0.0,0.0,0.0,0,0,0,0,6.0,6.0,0,0,0,0,1,0,0,0,0.0,9.0,6.0,0.0,0,0,0,0,0,0,2,12,0,0,63956,-1,1,20,0.0,0.0,0.0,0.0,0.0,0.0,0.0,0.0
51820,53,17,82.0,258.0,41.0,41.0,41.0,0.0,129.0,129.0,129.0,0.0,7930.33,13762.164,23786.0,3.0,4.0,4.0,0.0,4.0,4.0,3.0,3.0,0.0,3.0,3.0,0,0,0,0,41.0,129.0,0,0,0,0,0,0,0,0,1.0,95.25,41.0,129.0,0,0,0,0,0,0,2,82,2,258,-1,-1,1,20,0.0,0.0,0.0,0.0,0.0,0.0,0.0,0.0
47225,443,6,3343.0,5723.0,1535.0,0.0,217.8182,469.7168,1618.0,0.0,305.1667,544.2214,1399829.84,3294399.846,10037839.0,49.0,21939881.0,2053659.85,4348858.438,10072035.0,216.0,31184360.0,2109252.88,4499123.284,10080148.0,48.0,0,0,0,0,0.0,1638.0,0,0,0,1,0,0,0,0,0.0,298.829,217.8182,305.1667,0,0,0,0,0,0,18,3343,15,5723,29200,299,7,32,357270.42,430942.71,1188249.0,136396.0,9951055.16,105118.838,10037833.0,9998939.0
443,63143,6,0.0,38.0,0.0,0.0,0.0,0.0,36.0,6.0,16.0,0.0,26.33,48.017,70.0,1.0,0.0,0.0,0.0,0.0,0.0,4.0,2.0,2.414,3.0,1.0,0,0,0,0,0.0,36.0,0,0,0,0,1,0,0,0,3.0,14.5,0.0,16.0,0,0,0,0,0,0,1,0,3,38,1006,0,0,32,0.0,0.0,0.0,0.0,0.0,0.0,0.0,0.0
443,50236,6,6.0,6.0,6.0,6.0,6.0,0.0,6.0,6.0,6.0,0.0,45.0,0.0,45.0,45.0,0.0,0.0,0.0,0.0,0.0,0.0,0.0,0.0,0.0,0.0,0,0,0,0,6.0,6.0,0,0,0,0,1,1,0,0,1.0,9.0,6.0,6.0,0,0,0,0,0,0,1,6,1,6,60,255,0,20,0.0,0.0,0.0,0.0,0.0,0.0,0.0,0.0
37798,443,6,720.0,1151.0,469.0,0.0,72.0,147.7084,1013.0,0.0,191.8889,406.0573,25538.12,32541.649,87110.0,3.0,688546.0,40942.22,76099.109,102216.0,3.0,430917.0,83282.4,56393.851,118237.0,3.0,0,0,0,0,0.0,1013.0,0,0,0,1,0,0,0,0,0.0,116.9375,72.0,191.8889,0,0,0,0,0,0,10,720,6,1151,65535,114,5,32,0.0,0.0,0.0,0.0,0.0,0.0,0.0,0.0
63158,53,17,58.0,166.0,29.0,29.0,29.0,0.0,83.0,83.0,83.0,0.0,20783.0,35843.345,62345.0,0.0,0.0,0.0,0.0,0.0,0.0,1.0,1.0,0.0,1.0,1.0,0,0,0,0,29.0,83.0,0,0,0,0,0,0,0,0,1.0,63.25,29.0,83.0,0,0,0,0,0,0,2,58,2,166,-1,-1,1,32,0.0,0.0,0.0,0.0,0.0,0.0,0.0,0.0
26024,53,17,60.0,344.0,30.0,30.0,30.0,0.0,172.0,172.0,172.0,0.0,10364.66,17940.49,31087.0,3.0,3.0,3.0,0.0,3.0,3.0,4.0,4.0,0.0,4.0,4.0,0,0,0,0,30.0,172.0,0,0,0,0,0,0,0,0,1.0,108.5,30.0,172.0,0,0,0,0,0,0,2,60,2,344,-1,-1,1,32,0.0,0.0,0.0,0.0,0.0,0.0,0.0,0.0
56830,53,17,60.0,92.0,30.0,30.0,30.0,0.0,46.0,46.0,46.0,0.0,48.66,78.419,139.0,3.0,4.0,4.0,0.0,4.0,4.0,3.0,3.0,0.0,3.0,3.0,0,0,0,0,30.0,46.0,0,0,0,0,0,0,0,0,1.0,45.5,30.0,46.0,0,0,0,0,0,0,2,60,2,92,-1,-1,1,20,0.0,0.0,0.0,0.0,0.0,0.0,0.0,0.0
443,35639,6,0.0,0.0,0.0,0.0,0.0,0.0,0.0,0.0,0.0,0.0,44.0,0.0,44.0,44.0,0.0,0.0,0.0,0.0,0.0,0.0,0.0,0.0,0.0,0.0,0,0,0,0,0.0,0.0,0,0,0,0,1,1,0,0,1.0,0.0,0.0,0.0,0,0,0,0,0,0,1,0,1,0,383,1160,0,32,0.0,0.0,0.0,0.0,0.0,0.0,0.0,0.0
56070,443,6,2219.0,5896.0,1448.0,0.0,118.6154,392.7143,1418.0,0.0,429.48,597.215,1966903.56,3951233.067,10016059.0,1.0,61230219.0,3608747.93,4940425.881,10048033.0,1.0,61097878.0,4898646.57,5090015.961,10048180.0,4.0,0,0,0,0,0.0,1418.0,0,0,0,1,0,0,0,0,0.0,258.8837,118.6154,429.48,0,0,0,0,0,0,17,2219,12,5896,29200,365,4,32,130707.16,89998.632,288429.0,84529.0,10011023.5,63797.558,10016050.0,9996977.0
80,53570,6,6.0,6.0,6.0,6.0,6.0,0.0,6.0,6.0,6.0,0.0,24.0,0.0,24.0,24.0,0.0,0.0,0.0,0.0,0.0,0.0,0.0,0.0,0.0,0.0,0,0,0,0,6.0,6.0,0,0,0,0,1,1,0,0,1.0,9.0,6.0,6.0,0,0,0,0,0,0,1,6,1,6,106,256,0,20,0.0,0.0,0.0,0.0,0.0,0.0,0.0,0.0
443,49484,6,6.0,6.0,6.0,6.0,6.0,0.0,6.0,6.0,6.0,0.0,43.0,0.0,43.0,43.0,0.0,0.0,0.0,0.0,0.0,0.0,0.0,0.0,0.0,0.0,0,0,0,0,6.0,6.0,0,0,0,0,1,1,0,0,1.0,9.0,6.0,6.0,0,0,0,0,0,0,1,6,1,6,16103,63925,0,20,0.0,0.0,0.0,0.0,0.0,0.0,0.0,0.0
61383,53,17,56.0,116.0,56.0,56.0,56.0,0.0,116.0,116.0,116.0,0.0,47307.0,0.0,47307.0,47307.0,0.0,0.0,0.0,0.0,0.0,0.0,0.0,0.0,0.0,0.0,0,0,0,0,56.0,116.0,0,0,0,0,0,0,0,0,1.0,114.0,56.0,116.0,0,0,0,0,0,0,1,56,1,116,-1,-1,0,32,0.0,0.0,0.0,0.0,0.0,0.0,0.0,0.0
39393,53,17,72.0,174.0,36.0,36.0,36.0,0.0,87.0,87.0,87.0,0.0,68.33,114.301,208.0,3.0,3.0,3.0,0.0,3.0,3.0,3.0,3.0,0.0,3.0,3.0,0,0,0,0,36.0,87.0,0,0,0,0,0,0,0,0,1.0,70.5,36.0,87.0,0,0,0,0,0,0,2,72,2,174,-1,-1,1,40,0.0,0.0,0.0,0.0,0.0,0.0,0.0,0.0
53976,53,17,80.0,112.0,40.0,40.0,40.0,0.0,56.0,56.0,56.0,0.0,17158.33,29666.81,51425.0,3.0,3.0,3.0,0.0,3.0,3.0,4.0,4.0,0.0,4.0,4.0,0,0,0,0,40.0,56.0,0,0,0,0,0,0,0,0,1.0,58.0,40.0,56.0,0,0,0,0,0,0,2,80,2,112,-1,-1,1,32,0.0,0.0,0.0,0.0,0.0,0.0,0.0,0.0
3614,443,6,4959.0,86194.0,2225.0,0.0,165.36,650.3994,2920.0,0.0,1286.86,582.0303,843252.22,7828357.384,59396514.0,1.0,86633308.0,1136688.86,11134319.1,59336511.0,97.0,85062601.0,1746395.76,8094691.994,59320516.0,1.0,0,0,0,0,0.0,2920.0,0,0,0,1,0,0,0,0,1.0,720.7455,165.36,1286.86,0,0,0,0,0,0,50,4959,85,86194,8192,9696,49,20,2853551.0,4000000.0,2853551.0,2853551.0,59396532.0,0.0,59396512.0,59396532.0
62287,53,17,91.0,221.0,48.0,43.0,45.5,0.7071,162.0,124.0,120.5,20.0071,14100473.33,28921216.074,41351269.0,31359.0,41481060.0,41481060.0,0.0,41481060.0,41481060.0,41419890.0,41419890.0,0.0,41419890.0,41419880.0,0,0,0,0,43.0,162.0,0,0,0,0,0,0,0,0,1.0,95.75,45.5,120.5,0,0,0,0,0,0,2,91,2,221,-1,-1,1,32,30550.0,0.0,30550.0,30550.0,41351241.0,0.0,41351261.0,41351241.0
61629,53,17,97.0,191.0,56.0,41.0,48.5,4.9497,113.0,108.0,115.5,6.369,16067651.0,27012020.425,56084667.0,23842.0,56034802.0,56034802.0,0.0,56034802.0,56034802.0,56035183.0,56035183.0,0.0,56035183.0,56035183.0,0,0,0,0,41.0,113.0,0,0,0,0,0,0,0,0,1.0,104.75,48.5,115.5,0,0,0,0,0,0,2,97,2,191,-1,-1,1,32,23764.0,0.0,23764.0,23764.0,56084607.0,0.0,56084607.0,56084607.0
61350,53,17,53.0,96.0,53.0,53.0,53.0,0.0,96.0,96.0,96.0,0.0,74795.0,0.0,74795.0,74795.0,0.0,0.0,0.0,0.0,0.0,0.0,0.0,0.0,0.0,0.0,0,0,0,0,53.0,96.0,0,0,0,0,0,0,0,0,1.0,91.0,53.0,96.0,0,0,0,0,0,0,1,53,1,96,-1,-1,0,20,0.0,0.0,0.0,0.0,0.0,0.0,0.0,0.0
443,49858,6,6.0,6.0,6.0,6.0,6.0,0.0,6.0,6.0,6.0,0.0,35.0,0.0,35.0,35.0,0.0,0.0,0.0,0.0,0.0,0.0,0.0,0.0,0.0,0.0,0,0,0,0,6.0,6.0,0,0,0,0,1,1,0,0,1.0,9.0,6.0,6.0,0,0,0,0,0,0,1,6,1,6,30,255,0,20,0.0,0.0,0.0,0.0,0.0,0.0,0.0,0.0
6210,80,6,12.0,0.0,6.0,0.0,4.0,3.4641,0.0,0.0,0.0,0.0,1752639.66,2974847.944,5131268.0,108.0,5274118.0,2637059.0,3655317.683,5131268.0,83662.0,0.0,0.0,0.0,0.0,0.0,0,0,0,0,0.0,6.0,0,0,0,1,0,0,0,0,0.0,3.0,4.0,0.0,0,0,0,0,0,0,3,12,1,0,8192,65535,2,20,0.0,0.0,0.0,0.0,0.0,0.0,0.0,0.0
443,60740,6,44.0,6.0,38.0,6.0,22.0,22.6274,6.0,6.0,6.0,0.0,11406.0,18599.997,22089.0,127.0,22005.0,22005.0,0.0,22005.0,22005.0,0.0,0.0,0.0,0.0,0.0,1,0,0,0,6.0,38.0,0,1,0,0,1,0,0,0,0.0,29.3333,22.0,6.0,0,0,0,0,0,0,2,44,1,6,351,0,1,20,0.0,0.0,0.0,0.0,0.0,0.0,0.0,0.0
37206,53,17,62.0,548.0,31.0,31.0,31.0,0.0,274.0,274.0,274.0,0.0,105.66,177.747,311.0,1.0,1.0,1.0,0.0,1.0,1.0,1.0,1.0,0.0,1.0,1.0,0,0,0,0,31.0,274.0,0,0,0,0,0,0,0,0,1.0,160.25,31.0,274.0,0,0,0,0,0,0,2,62,2,548,-1,-1,1,32,0.0,0.0,0.0,0.0,0.0,0.0,0.0,0.0
1819,80,6,12.0,0.0,6.0,6.0,6.0,0.0,0.0,0.0,0.0,0.0,95.0,0.0,95.0,95.0,95.0,95.0,0.0,95.0,95.0,0.0,0.0,0.0,0.0,0.0,0,0,0,0,6.0,6.0,0,0,0,0,1,0,0,0,0.0,9.0,6.0,0.0,0,0,0,0,0,0,2,12,0,0,255,-1,1,20,0.0,0.0,0.0,0.0,0.0,0.0,0.0,0.0
52569,53,17,88.0,150.0,44.0,44.0,44.0,0.0,75.0,75.0,75.0,0.0,16036.66,27739.871,48008.0,3.0,3.0,3.0,0.0,3.0,3.0,4.0,4.0,0.0,4.0,4.0,0,0,0,0,44.0,75.0,0,0,0,0,0,0,0,0,1.0,70.5,44.0,75.0,0,0,0,0,0,0,2,88,2,150,-1,-1,1,20,0.0,0.0,0.0,0.0,0.0,0.0,0.0,0.0
45486,80,6,432.0,1773.0,432.0,0.0,36.0,124.0,1773.0,0.0,125.625,470.9587,3766100.85,4821871.241,10204234.0,64.0,81882698.0,7314555.88,4768011.166,10240024.0,24275.0,82697942.0,8638125.53,3823248.313,10240144.0,1025.0,0,0,0,0,0.0,1773.0,0,0,0,1,0,0,0,0,1.0,93.7,36.0,125.625,0,0,0,0,0,0,12,432,16,1773,29200,940,1,32,25463.12,15545.784,40177.0,29460.0,10175996.5,78166.595,10204239.0,10019926.0
52613,53,17,76.0,456.0,38.0,38.0,38.0,0.0,228.0,228.0,228.0,0.0,61.33,109.509,178.0,3.0,3.0,3.0,0.0,3.0,3.0,4.0,4.0,0.0,4.0,4.0,0,0,0,0,38.0,228.0,0,0,0,0,0,0,0,0,1.0,147.5,38.0,228.0,0,0,0,0,0,0,2,76,2,456,-1,-1,1,32,0.0,0.0,0.0,0.0,0.0,0.0,0.0,0.0
60737,53,17,56.0,136.0,56.0,56.0,56.0,0.0,136.0,136.0,136.0,0.0,506.0,0.0,506.0,506.0,0.0,0.0,0.0,0.0,0.0,0.0,0.0,0.0,0.0,0.0,0,0,0,0,56.0,136.0,0,0,0,0,0,0,0,0,1.0,124.0,56.0,136.0,0,0,0,0,0,0,1,56,1,136,-1,-1,0,40,0.0,0.0,0.0,0.0,0.0,0.0,0.0,0.0
50903,443,6,974.0,7387.0,469.0,0.0,64.9333,134.266,1581.0,0.0,671.5455,745.9321,13452.91,25816.54,92227.0,1.0,342412.0,24326.14,35787.509,108457.0,1.0,280343.0,28464.5,41046.117,115487.0,2.0,0,0,0,0,0.0,1581.0,0,0,0,1,0,0,0,0,0.0,321.5769,64.9333,671.5455,0,0,0,0,0,0,15,974,11,7387,65535,179,6,32,0.0,0.0,0.0,0.0,0.0,0.0,0.0,0.0
443,59654,6,37.0,0.0,37.0,0.0,12.3333,21.362,0.0,0.0,0.0,0.0,2.0,1.414,3.0,1.0,4.0,2.0,1.414,3.0,1.0,0.0,0.0,0.0,0.0,0.0,0,0,0,0,0.0,37.0,0,0,0,0,1,0,0,0,0.0,12.3333,12.3333,0.0,0,0,0,0,0,0,3,37,0,0,117,-1,1,32,0.0,0.0,0.0,0.0,0.0,0.0,0.0,0.0
57686,443,6,1809.0,1768.0,1389.0,0.0,181.7778,441.6918,1329.0,0.0,231.4,468.7506,13645.4,18623.087,32242.0,4.0,167454.0,16838.6,17370.601,32248.0,4.0,138563.0,22830.75,27854.402,42202.0,196.0,0,0,0,0,0.0,1389.0,0,0,0,1,0,0,0,0,0.0,208.05,181.7778,231.4,0,0,0,0,0,0,11,1809,5,1768,65535,383,6,32,0.0,0.0,0.0,0.0,0.0,0.0,0.0,0.0
443,52202,6,0.0,18.0,0.0,0.0,0.0,0.0,6.0,6.0,6.0,0.0,29.0,40.913,83.0,1.0,0.0,0.0,0.0,0.0,0.0,2.0,1.0,0.0,1.0,1.0,0,0,0,0,0.0,6.0,0,0,0,0,1,0,0,0,3.0,4.5,0.0,6.0,0,0,0,0,0,0,1,0,3,18,1020,0,0,32,0.0,0.0,0.0,0.0,0.0,0.0,0.0,0.0
37802,443,6,1985.0,14884.0,808.0,0.0,50.4862,113.1954,1418.0,0.0,548.0,616.1745,1622645.54,3839766.818,10217867.0,1.0,115298072.0,3876807.06,4663947.077,10303927.0,1.0,112937154.0,3378839.55,4988563.509,10433827.0,2.0,0,0,0,0,0.0,1418.0,0,0,0,1,0,0,0,0,0.0,268.3497,50.4862,548.0,0,0,0,0,0,0,35,1985,28,14884,29200,368,5,32,64543.9,178941.587,634870.0,66243.0,10187197.72,68235.967,10217866.0,10001868.0
58264,53,17,72.0,328.0,36.0,36.0,36.0,0.0,164.0,164.0,164.0,0.0,68.0,118.284,193.0,3.0,3.0,3.0,0.0,3.0,3.0,3.0,3.0,0.0,3.0,3.0,0,0,0,0,36.0,164.0,0,0,0,0,0,0,0,0,1.0,109.0,36.0,164.0,0,0,0,0,0,0,2,72,2,328,-1,-1,1,20,0.0,0.0,0.0,0.0,0.0,0.0,0.0,0.0
443,61335,6,6.0,6.0,6.0,6.0,6.0,0.0,6.0,6.0,6.0,0.0,35.0,0.0,35.0,35.0,0.0,0.0,0.0,0.0,0.0,0.0,0.0,0.0,0.0,0.0,0,0,0,0,6.0,6.0,0,0,0,0,1,1,0,0,1.0,9.0,6.0,6.0,0,0,0,0,0,0,1,6,1,6,14,254,0,20,0.0,0.0,0.0,0.0,0.0,0.0,0.0,0.0
50140,443,6,839.0,11458.0,217.0,0.0,59.0833,81.0645,4128.0,0.0,1042.0,1217.4635,9066.84,24550.786,83435.0,4.0,261098.0,23556.72,28477.503,83054.0,4.0,121264.0,17626.08,28196.499,51158.0,49.0,0,0,0,0,0.0,4128.0,0,0,0,1,0,0,0,0,0.0,570.1418,59.0833,1042.0,0,0,0,0,0,0,12,839,13,11458,8192,123,11,20,0.0,0.0,0.0,0.0,0.0,0.0,0.0,0.0
57405,53,17,78.0,202.0,39.0,39.0,39.0,0.0,101.0,101.0,101.0,0.0,121.66,244.482,352.0,1.0,1.0,1.0,0.0,1.0,1.0,49.0,49.0,0.0,49.0,49.0,0,0,0,0,39.0,101.0,0,0,0,0,0,0,0,0,1.0,89.75,39.0,101.0,0,0,0,0,0,0,2,78,2,202,-1,-1,1,32,0.0,0.0,0.0,0.0,0.0,0.0,0.0,0.0
61436,53,17,89.0,662.0,45.0,44.0,44.5,0.7071,346.0,111.0,231.0,173.415,34074808.33,62826768.702,103834077.0,23374.0,103892886.0,103892886.0,0.0,103892886.0,103892486.0,103895395.0,103895395.0,0.0,103895395.0,103895395.0,0,0,0,0,44.0,346.0,0,0,0,0,0,0,0,0,1.0,158.0,44.5,231.0,0,0,0,0,0,0,2,89,2,662,-1,-1,1,20,848.0,0.0,848.0,848.0,103834085.0,0.0,103834085.0,103834085.0
443,49012,6,6.0,6.0,6.0,6.0,6.0,0.0,6.0,6.0,6.0,0.0,49.0,0.0,49.0,49.0,0.0,0.0,0.0,0.0,0.0,0.0,0.0,0.0,0.0,0.0,0,0,0,0,6.0,6.0,0,0,0,0,1,1,0,0,1.0,9.0,6.0,6.0,0,0,0,0,0,0,1,6,1,6,32,32850,0,20,0.0,0.0,0.0,0.0,0.0,0.0,0.0,0.0
60614,53,17,56.0,120.0,56.0,56.0,56.0,0.0,120.0,120.0,120.0,0.0,30800.0,0.0,30800.0,30800.0,0.0,0.0,0.0,0.0,0.0,0.0,0.0,0.0,0.0,0.0,0,0,0,0,56.0,120.0,0,0,0,0,0,0,0,0,1.0,116.0,56.0,120.0,0,0,0,0,0,0,1,56,1,120,-1,-1,0,32,0.0,0.0,0.0,0.0,0.0,0.0,0.0,0.0
443,58914,6,37.0,0.0,31.0,6.0,18.5,17.6777,0.0,0.0,0.0,0.0,1.0,0.0,1.0,1.0,1.0,1.0,0.0,1.0,1.0,0.0,0.0,0.0,0.0,0.0,1,0,0,0,6.0,31.0,0,1,0,0,1,0,0,0,0.0,34.0,18.5,0.0,0,0,0,0,0,0,2,37,0,0,31129,-1,1,20,0.0,0.0,0.0,0.0,0.0,0.0,0.0,0.0
443,62262,6,0.0,0.0,0.0,0.0,0.0,0.0,0.0,0.0,0.0,0.0,76.0,0.0,76.0,76.0,0.0,0.0,0.0,0.0,0.0,0.0,0.0,0.0,0.0,0.0,0,0,0,0,0.0,0.0,0,0,0,0,1,1,0,0,1.0,0.0,0.0,0.0,0,0,0,0,0,0,1,0,1,0,179,32832,0,32,0.0,0.0,0.0,0.0,0.0,0.0,0.0,0.0
58225,53,17,120.0,642.0,30.0,30.0,30.0,0.0,321.0,321.0,321.0,0.0,30505.2,40399.66,91502.0,4.0,91657.0,30552.0,50760.006,91651.0,4.0,48.0,48.0,0.0,48.0,48.0,0,0,0,0,30.0,321.0,0,0,0,0,0,0,0,0,0.0,138.0,30.0,321.0,0,0,0,0,0,0,4,120,2,642,-1,-1,3,20,0.0,0.0,0.0,0.0,0.0,0.0,0.0,0.0
53703,443,6,375.0,5065.0,229.0,0.0,46.875,74.3642,3626.0,0.0,1290.5,1592.9284,466815.23,1672662.243,5935427.0,14.0,6269657.0,807926.37,2020115.518,5935427.0,20.0,155921.0,31845.2,35261.111,95973.0,2590.0,0,0,0,0,0.0,3626.0,0,0,0,1,0,0,0,0,0.0,634.6857,46.875,1290.5,0,0,0,0,0,0,8,375,6,5065,8192,282,7,20,115258.0,0.0,115258.0,115258.0,5935467.0,0.0,5935427.0,5935467.0
443,51256,6,0.0,18.0,0.0,0.0,0.0,0.0,6.0,6.0,6.0,0.0,11317.25,22392.734,44510.0,1.0,44634.0,44634.0,0.0,44634.0,44634.0,4.0,2.0,1.414,3.0,1.0,0,0,0,0,0.0,6.0,0,0,0,0,1,0,0,0,1.0,3.6,0.0,6.0,0,0,0,0,0,0,2,0,3,18,116,0,0,32,0.0,0.0,0.0,0.0,0.0,0.0,0.0,0.0
61525,443,6,0.0,0.0,0.0,0.0,0.0,0.0,0.0,0.0,0.0,0.0,116554.0,0.0,116554.0,116554.0,0.0,0.0,0.0,0.0,0.0,0.0,0.0,0.0,0.0,0.0,0,0,0,0,0.0,0.0,0,0,0,0,1,1,0,0,1.0,0.0,0.0,0.0,0,0,0,0,0,0,1,0,1,0,356,257,0,32,0.0,0.0,0.0,0.0,0.0,0.0,0.0,0.0
52153,443,6,878.0,6268.0,469.0,0.0,65.8333,131.4122,1448.0,0.0,624.2222,673.6931,8267.52,12205.159,47877.0,1.0,165040.0,18324.18,16434.745,47747.0,1.0,127606.0,10886.0,27656.757,60189.0,48.0,0,0,0,0,0.0,1448.0,0,0,0,1,0,0,0,0,0.0,328.3612,65.8333,624.2222,0,0,0,0,0,0,15,878,9,6268,65535,83,6,32,0.0,0.0,0.0,0.0,0.0,0.0,0.0,0.0
61682,53,17,180.0,216.0,90.0,90.0,90.0,0.0,108.0,108.0,108.0,0.0,39587.0,105.351,37754.0,0.0,0.0,0.0,0.0,0.0,0.0,3.0,3.0,0.0,3.0,3.0,0,0,0,0,90.0,108.0,0,0,0,0,0,0,0,0,1.0,126.5,90.0,108.0,0,0,0,0,0,0,2,180,2,216,-1,-1,1,20,0.0,0.0,0.0,0.0,0.0,0.0,0.0,0.0
443,56158,6,6.0,6.0,6.0,6.0,6.0,0.0,6.0,6.0,6.0,0.0,55.0,0.0,55.0,55.0,0.0,0.0,0.0,0.0,0.0,0.0,0.0,0.0,0.0,0.0,0,0,0,0,6.0,6.0,0,0,0,0,1,0,0,0,1.0,9.0,6.0,6.0,0,0,0,0,0,0,1,6,1,6,32,32850,0,20,0.0,0.0,0.0,0.0,0.0,0.0,0.0,0.0
54041,80,6,12.0,0.0,6.0,6.0,6.0,0.0,0.0,0.0,0.0,0.0,66.0,0.0,66.0,66.0,66.0,66.0,0.0,66.0,66.0,0.0,0.0,0.0,0.0,0.0,0,0,0,0,6.0,6.0,0,0,0,0,1,0,0,0,0.0,9.0,6.0,0.0,0,0,0,0,0,0,2,12,0,0,254,-1,1,20,0.0,0.0,0.0,0.0,0.0,0.0,0.0,0.0
123,123,17,96.0,96.0,48.0,48.0,48.0,0.0,48.0,48.0,48.0,0.0,22758633.0,39157786.129,67907487.0,82897.0,67000851.0,67000851.0,0.0,67000851.0,67000851.0,67999561.0,67999561.0,0.0,67999561.0,67999561.0,0,0,0,0,48.0,48.0,0,0,0,0,0,0,0,0,1.0,60.0,48.0,48.0,0,0,0,0,0,0,2,96,2,96,-1,-1,1,20,22922.0,0.0,22922.0,22922.0,67907494.0,0.0,67907494.0,67907494.0
64850,53,17,72.0,424.0,36.0,36.0,36.0,0.0,212.0,212.0,212.0,0.0,16156.0,27904.373,48460.0,2.0,2.0,2.0,0.0,2.0,2.0,4.0,4.0,0.0,4.0,4.0,0,0,0,0,36.0,212.0,0,0,0,0,0,0,0,0,1.0,133.0,36.0,212.0,0,0,0,0,0,0,2,72,2,424,-1,-1,1,32,0.0,0.0,0.0,0.0,0.0,0.0,0.0,0.0
62447,53,17,56.0,119.0,56.0,56.0,56.0,0.0,119.0,119.0,119.0,0.0,30458.0,0.0,30458.0,30458.0,0.0,0.0,0.0,0.0,0.0,0.0,0.0,0.0,0.0,0.0,0,0,0,0,56.0,119.0,0,0,0,0,0,0,0,0,1.0,115.5,56.0,119.0,0,0,0,0,0,0,1,56,1,119,-1,-1,0,44,0.0,0.0,0.0,0.0,0.0,0.0,0.0,0.0
443,58457,6,12.0,0.0,6.0,6.0,6.0,0.0,0.0,0.0,0.0,0.0,3.0,0.0,3.0,3.0,3.0,3.0,0.0,3.0,3.0,0.0,0.0,0.0,0.0,0.0,0,0,0,0,6.0,6.0,0,0,0,0,1,0,0,0,0.0,9.0,6.0,0.0,0,0,0,0,0,0,2,12,0,0,360,-1,1,20,0.0,0.0,0.0,0.0,0.0,0.0,0.0,0.0
29630,53,17,86.0,198.0,43.0,43.0,43.0,0.0,99.0,99.0,99.0,0.0,66.0,78.534,157.0,4.0,4.0,4.0,0.0,4.0,4.0,48.0,48.0,0.0,48.0,48.0,0,0,0,0,43.0,99.0,0,0,0,0,0,0,0,0,1.0,81.75,43.0,99.0,0,0,0,0,0,0,2,86,2,198,-1,-1,1,32,0.0,0.0,0.0,0.0,0.0,0.0,0.0,0.0
57606,80,6,319.0,8.0,305.0,0.0,63.8,139.6236,8.0,0.0,2.6,2.6384,1243499.28,3246658.161,9955927.0,49.0,335782.0,106440.0,171157.974,717433.0,134.0,10531399.0,2505764.25,4809351.734,9953875.0,31042.0,0,0,0,0,0.0,305.0,0,0,0,1,0,0,0,0,1.0,57.5,63.8,2.6,0,0,0,0,0,0,5,319,5,8,65535,29,1,32,0.0,0.0,0.0,0.0,0.0,0.0,0.0,0.0
64392,80,6,2822.0,3320.0,431.0,0.0,142.8,200.9331,772.0,0.0,217.4,336.8149,2758816.42,4316947.537,10146704.0,127.0,117564399.0,5576877.92,4922801.445,10240014.0,23392.0,115844537.0,5971120.85,4637750.154,10240744.0,1223.0,0,0,0,0,0.0,772.0,0,0,0,1,0,0,0,0,0.0,198.2264,142.8,217.4,0,0,0,0,0,0,25,2822,20,3320,8192,512,24,20,764687.72,1503233.14,7929995.0,29243.0,10011121.81,23316.995,10146705.0,10064813.0
443,50315,6,6.0,6.0,6.0,6.0,6.0,0.0,6.0,6.0,6.0,0.0,43.0,0.0,43.0,43.0,0.0,0.0,0.0,0.0,0.0,0.0,0.0,0.0,0.0,0.0,0,0,0,0,6.0,6.0,0,0,0,0,1,1,0,0,1.0,9.0,6.0,6.0,0,0,0,0,0,0,1,6,1,6,35,16560,0,20,0.0,0.0,0.0,0.0,0.0,0.0,0.0,0.0
61758,53,17,86.0,214.0,43.0,43.0,43.0,0.0,107.0,107.0,107.0,0.0,33770.66,59613.738,101307.0,3.0,3.0,3.0,0.0,3.0,3.0,3.0,3.0,0.0,3.0,3.0,0,0,0,0,43.0,107.0,0,0,0,0,0,0,0,0,1.0,85.75,43.0,107.0,0,0,0,0,0,0,2,86,2,214,-1,-1,1,20,0.0,0.0,0.0,0.0,0.0,0.0,0.0,0.0
59622,443,6,1255.0,9053.0,501.0,0.0,129.875,202.3496,1541.0,0.0,819.625,725.221,672809.22,2294181.467,10038587.0,3.0,289229.0,43336.62,58097.927,78586.0,160.0,10199945.0,1026706.66,3163958.587,10078464.0,3.0,0,0,0,0,0.0,1541.0,0,0,0,1,0,0,0,0,1.0,491.8,129.875,819.625,0,0,0,0,0,0,8,1255,16,9053,29200,20,3,32,156974.0,0.0,156974.0,156974.0,10038581.0,0.0,10038581.0,10038581.0
62226,53,17,41.0,101.0,41.0,41.0,41.0,0.0,101.0,101.0,101.0,0.0,187930.0,0.0,187930.0,187930.0,0.0,0.0,0.0,0.0,0.0,0.0,0.0,0.0,0.0,0.0,0,0,0,0,41.0,101.0,0,0,0,0,0,0,0,0,1.0,91.5,41.0,101.0,0,0,0,0,0,0,1,41,1,101,-1,-1,0,32,0.0,0.0,0.0,0.0,0.0,0.0,0.0,0.0
65849,80,6,12.0,0.0,6.0,6.0,6.0,0.0,0.0,0.0,0.0,0.0,163.0,0.0,163.0,163.0,163.0,163.0,0.0,163.0,163.0,0.0,0.0,0.0,0.0,0.0,0,0,0,0,6.0,6.0,0,0,0,0,1,0,0,0,0.0,9.0,6.0,0.0,0,0,0,0,0,0,2,12,0,0,64240,-1,1,20,0.0,0.0,0.0,0.0,0.0,0.0,0.0,0.0
60286,53,17,53.0,113.0,53.0,53.0,53.0,0.0,113.0,113.0,113.0,0.0,577.0,0.0,577.0,577.0,0.0,0.0,0.0,0.0,0.0,0.0,0.0,0.0,0.0,0.0,0,0,0,0,53.0,113.0,0,0,0,0,0,0,0,0,1.0,109.5,53.0,113.0,0,0,0,0,0,0,1,53,1,113,-1,-1,0,20,0.0,0.0,0.0,0.0,0.0,0.0,0.0,0.0
56699,443,6,135.0,46.0,46.0,6.0,27.0,20.1246,46.0,46.0,46.0,0.0,851008.2,1753374.742,3855874.0,3.0,4022095.0,1001073.25,1961986.075,3855874.0,3.0,0.0,0.0,0.0,0.0,0.0,1,0,0,0,6.0,46.0,0,1,0,0,1,0,0,0,0.0,37.8333,27.0,46.0,0,0,0,0,0,0,5,135,1,46,16538,185,4,20,0.0,0.0,0.0,0.0,0.0,0.0,0.0,0.0
56357,80,6,515.0,257.0,531.0,0.0,32.3125,106.8605,245.0,0.0,18.7143,68.2699,3990953.81,4876172.092,10009422.0,83.0,115508370.0,7723521.33,4168767.016,10035560.0,712.0,110245191.0,8485665.92,3768268.787,10036754.0,18806.0,0,0,0,0,0.0,531.0,0,0,0,1,0,0,0,0,0.0,28.3,32.3125,18.7143,0,0,0,0,0,0,16,515,14,257,8192,4824,15,20,44483.45,7761.557,97403.0,38201.0,10007220.18,4093.448,10009428.0,9996600.0
51986,80,6,12.0,0.0,6.0,6.0,6.0,0.0,0.0,0.0,0.0,0.0,98.0,0.0,98.0,98.0,98.0,98.0,0.0,98.0,98.0,0.0,0.0,0.0,0.0,0.0,0,0,0,0,6.0,6.0,0,0,0,0,1,0,0,0,0.0,9.0,6.0,0.0,0,0,0,0,0,0,2,12,0,0,256,-1,1,20,0.0,0.0,0.0,0.0,0.0,0.0,0.0,0.0
60419,53,17,58.0,186.0,58.0,58.0,58.0,0.0,186.0,186.0,186.0,0.0,47652.0,0.0,47652.0,47652.0,0.0,0.0,0.0,0.0,0.0,0.0,0.0,0.0,0.0,0.0,0,0,0,0,58.0,186.0,0,0,0,0,0,0,0,0,1.0,151.0,58.0,186.0,0,0,0,0,0,0,1,58,1,186,-1,-1,0,32,0.0,0.0,0.0,0.0,0.0,0.0,0.0,0.0
61170,53,17,109.0,258.0,64.0,45.0,54.5,13.035,121.0,115.0,129.0,9.5926,1047160.33,1667082.709,1138558.0,457.0,2119826.0,2119826.0,0.0,2119826.0,2119826.0,7118558.0,3118558.0,0.0,1118558.0,2118558.0,0,0,0,0,45.0,121.0,0,0,0,0,0,0,0,0,1.0,98.75,54.5,129.0,0,0,0,0,0,0,2,109,2,258,-1,-1,1,20,0.0,0.0,0.0,0.0,0.0,0.0,0.0,0.0
63684,80,6,12.0,0.0,6.0,6.0,6.0,0.0,0.0,0.0,0.0,0.0,4158.0,0.0,4158.0,4158.0,4158.0,4158.0,0.0,4158.0,4158.0,0.0,0.0,0.0,0.0,0.0,0,0,0,0,6.0,6.0,0,0,0,0,1,0,0,0,0.0,9.0,6.0,0.0,0,0,0,0,0,0,2,12,0,0,251,-1,1,20,0.0,0.0,0.0,0.0,0.0,0.0,0.0,0.0
53367,443,6,1241.0,10878.0,901.0,0.0,56.3636,196.2474,1418.0,0.0,1046.3529,617.4712,2067.25,5042.469,15346.0,1.0,92198.0,4681.94,7786.444,22845.0,1.0,86407.0,3418.32,6543.37,16790.0,1.0,0,0,0,0,0.0,1418.0,0,0,0,1,0,0,0,0,0.0,469.1468,56.3636,1046.3529,0,0,0,0,0,0,22,1241,18,10878,65535,362,6,32,0.0,0.0,0.0,0.0,0.0,0.0,0.0,0.0
60022,53,17,60.0,165.0,60.0,60.0,60.0,0.0,165.0,165.0,165.0,0.0,60013.0,0.0,60013.0,60013.0,0.0,0.0,0.0,0.0,0.0,0.0,0.0,0.0,0.0,0.0,0,0,0,0,60.0,165.0,0,0,0,0,0,0,0,0,1.0,142.5,60.0,165.0,0,0,0,0,0,0,1,60,1,165,-1,-1,0,20,0.0,0.0,0.0,0.0,0.0,0.0,0.0,0.0
38822,53,17,66.0,130.0,33.0,33.0,33.0,0.0,65.0,65.0,65.0,0.0,48.0,77.355,138.0,3.0,3.0,3.0,0.0,3.0,3.0,4.0,4.0,0.0,4.0,4.0,0,0,0,0,33.0,65.0,0,0,0,0,0,0,0,0,1.0,57.25,33.0,65.0,0,0,0,0,0,0,2,66,2,130,-1,-1,1,20,0.0,0.0,0.0,0.0,0.0,0.0,0.0,0.0
62199,53,17,64.0,196.0,32.0,32.0,32.0,0.0,98.0,98.0,98.0,0.0,15582.33,26731.248,46749.0,3.0,49.0,49.0,0.0,49.0,49.0,3.0,3.0,0.0,3.0,3.0,0,0,0,0,32.0,98.0,0,0,0,0,0,0,0,0,1.0,73.0,32.0,98.0,0,0,0,0,0,0,2,64,2,196,-1,-1,1,20,0.0,0.0,0.0,0.0,0.0,0.0,0.0,0.0
61289,53,17,43.0,59.0,43.0,43.0,43.0,0.0,59.0,59.0,59.0,0.0,51221.0,0.0,51221.0,51221.0,0.0,0.0,0.0,0.0,0.0,0.0,0.0,0.0,0.0,0.0,0,0,0,0,43.0,59.0,0,0,0,0,0,0,0,0,1.0,72.5,43.0,59.0,0,0,0,0,0,0,1,43,1,59,-1,-1,0,32,0.0,0.0,0.0,0.0,0.0,0.0,0.0,0.0
55371,443,6,887.0,6063.0,509.0,0.0,88.5556,171.6604,1460.0,0.0,724.1818,706.102,633669.88,2458282.223,10005430.0,3.0,10040369.0,1356797.9,3528447.332,10005430.0,116.0,15627537.0,1922108.75,3403582.507,10103568.0,3.0,0,0,0,0,0.0,1460.0,0,0,0,1,0,0,0,0,1.0,435.2857,88.5556,724.1818,0,0,0,0,0,0,9,887,9,6063,8192,62,8,20,549821.0,592162.959,871162.0,34826.0,8992446.0,2136774.64,10005435.0,5337766.0
51246,443,6,529.0,4031.0,198.0,0.0,48.4286,79.4908,1430.0,0.0,318.125,537.4263,4678437.2,16189579.447,58160729.0,1.0,118446702.0,9757744.33,22840545.513,58116729.0,24.0,118447919.0,9155702.0,22902634.181,58364704.0,1.0,0,0,0,0,0.0,1430.0,0,0,0,1,0,0,0,0,1.0,198.9146,48.4286,318.125,0,0,0,0,0,0,14,529,14,4031,8192,351,13,20,111281.0,252830.067,311786.0,89785.0,58613867.5,308249.471,58160729.0,58243345.0
62219,53,17,38.0,38.0,38.0,38.0,38.0,0.0,38.0,38.0,38.0,0.0,318431.0,0.0,318431.0,318431.0,0.0,0.0,0.0,0.0,0.0,0.0,0.0,0.0,0.0,0.0,0,0,0,0,38.0,38.0,0,0,0,0,0,0,0,0,1.0,57.0,38.0,38.0,0,0,0,0,0,0,1,38,1,38,-1,-1,0,20,0.0,0.0,0.0,0.0,0.0,0.0,0.0,0.0
64131,53,17,68.0,380.0,34.0,34.0,34.0,0.0,190.0,190.0,190.0,0.0,61.0,104.006,187.0,4.0,4.0,4.0,0.0,4.0,4.0,4.0,4.0,0.0,4.0,4.0,0,0,0,0,34.0,190.0,0,0,0,0,0,0,0,0,1.0,120.5,34.0,190.0,0,0,0,0,0,0,2,68,2,380,-1,-1,1,20,0.0,0.0,0.0,0.0,0.0,0.0,0.0,0.0
29760,53,17,64.0,158.0,32.0,32.0,32.0,0.0,79.0,79.0,79.0,0.0,70.33,110.823,203.0,3.0,3.0,3.0,0.0,3.0,3.0,3.0,3.0,0.0,3.0,3.0,0,0,0,0,32.0,79.0,0,0,0,0,0,0,0,0,1.0,63.5,32.0,79.0,0,0,0,0,0,0,2,64,2,158,-1,-1,1,20,0.0,0.0,0.0,0.0,0.0,0.0,0.0,0.0
443,42418,6,31.0,0.0,31.0,0.0,15.5,21.9203,0.0,0.0,0.0,0.0,3.0,0.0,3.0,3.0,3.0,3.0,0.0,3.0,3.0,0.0,0.0,0.0,0.0,0.0,1,0,0,0,0.0,31.0,0,1,0,0,1,0,0,0,0.0,31.0,15.5,0.0,0,0,0,0,0,0,2,31,0,0,61,-1,0,32,0.0,0.0,0.0,0.0,0.0,0.0,0.0,0.0
64108,53,17,94.0,220.0,47.0,47.0,47.0,0.0,110.0,110.0,110.0,0.0,71.33,115.967,207.0,3.0,3.0,3.0,0.0,3.0,3.0,3.0,3.0,0.0,3.0,3.0,0,0,0,0,47.0,110.0,0,0,0,0,0,0,0,0,1.0,90.25,47.0,110.0,0,0,0,0,0,0,2,94,2,220,-1,-1,1,20,0.0,0.0,0.0,0.0,0.0,0.0,0.0,0.0
56540,443,6,720.0,64472.0,421.0,0.0,21.5647,63.1147,2920.0,0.0,1276.7091,438.4028,1119066.54,5043252.3,25035189.0,1.0,25631593.0,2286279.94,6672331.145,25022148.0,1.0,140476.0,3771.47,27902.728,47296.0,1.0,0,0,0,0,0.0,2920.0,0,0,0,1,0,0,0,0,1.0,778.5369,21.5647,1276.7091,0,0,0,0,0,0,31,720,47,64472,8192,62,30,20,491384.0,0.0,491384.0,491384.0,25035167.0,0.0,25035187.0,25035167.0
63206,443,6,4435.0,42923.0,617.0,0.0,66.7091,162.3312,2896.0,0.0,1090.0456,721.7367,1582173.93,9607631.705,58931505.0,0.0,118479324.0,2348247.29,12789792.996,58931505.0,47.0,118477443.0,2460475.75,12667054.74,59001279.0,2.0,0,0,0,0,0.0,2896.0,0,0,0,1,0,0,0,0,1.0,616.7667,66.7091,1090.0456,0,0,0,0,0,0,49,4435,56,42923,29200,118,17,32,1005334.0,1922101.219,1568566.0,99293.0,58799896.5,461480.813,58931508.0,58752421.0
61286,53,17,56.0,146.0,56.0,56.0,56.0,0.0,146.0,146.0,146.0,0.0,60622.0,0.0,60622.0,60622.0,0.0,0.0,0.0,0.0,0.0,0.0,0.0,0.0,0.0,0.0,0,0,0,0,56.0,146.0,0,0,0,0,0,0,0,0,1.0,129.0,56.0,146.0,0,0,0,0,0,0,1,56,1,146,-1,-1,0,20,0.0,0.0,0.0,0.0,0.0,0.0,0.0,0.0
47475,53,17,82.0,254.0,41.0,41.0,41.0,0.0,127.0,127.0,127.0,0.0,73.33,46.483,124.0,48.0,48.0,48.0,0.0,48.0,48.0,48.0,48.0,0.0,48.0,48.0,0,0,0,0,41.0,127.0,0,0,0,0,0,0,0,0,1.0,94.25,41.0,127.0,0,0,0,0,0,0,2,82,2,254,-1,-1,1,32,0.0,0.0,0.0,0.0,0.0,0.0,0.0,0.0
63064,443,6,369.0,3710.0,212.0,0.0,45.875,77.2218,1460.0,0.0,618.3333,677.9082,23560.18,38425.112,87533.0,47.0,266381.0,53540.42,45590.893,87204.0,107.0,180897.0,32919.4,42636.985,99206.0,50.0,0,0,0,0,0.0,1460.0,0,0,0,1,0,0,0,0,0.0,313.2857,45.875,618.3333,0,0,0,0,0,0,8,369,6,3710,8192,60,7,20,0.0,0.0,0.0,0.0,0.0,0.0,0.0,0.0
48782,443,6,0.0,0.0,0.0,0.0,0.0,0.0,0.0,0.0,0.0,0.0,95994.0,0.0,95994.0,95994.0,0.0,0.0,0.0,0.0,0.0,0.0,0.0,0.0,0.0,0.0,0,0,0,0,0.0,0.0,0,0,0,0,1,1,0,0,1.0,0.0,0.0,0.0,0,0,0,0,0,0,1,0,1,0,304,252,0,32,0.0,0.0,0.0,0.0,0.0,0.0,0.0,0.0
52383,443,6,0.0,0.0,0.0,0.0,0.0,0.0,0.0,0.0,0.0,0.0,4.0,0.0,4.0,4.0,4.0,4.0,0.0,4.0,4.0,0.0,0.0,0.0,0.0,0.0,0,0,0,0,0.0,0.0,0,0,0,0,1,1,0,0,0.0,0.0,0.0,0.0,0,0,0,0,0,0,2,0,0,0,65535,-1,0,32,0.0,0.0,0.0,0.0,0.0,0.0,0.0,0.0
443,50497,6,12.0,0.0,6.0,6.0,6.0,0.0,0.0,0.0,0.0,0.0,3.0,0.0,3.0,3.0,3.0,3.0,0.0,3.0,3.0,0.0,0.0,0.0,0.0,0.0,0,0,0,0,6.0,6.0,0,0,0,0,1,0,0,0,0.0,9.0,6.0,0.0,0,0,0,0,0,0,2,12,0,0,377,-1,1,20,0.0,0.0,0.0,0.0,0.0,0.0,0.0,0.0
53577,443,6,18.0,0.0,6.0,6.0,6.0,0.0,0.0,0.0,0.0,0.0,1954.0,1722.657,4996.0,3.0,4974.0,2487.0,3432.888,4996.0,3.0,0.0,0.0,0.0,0.0,0.0,0,0,0,0,6.0,6.0,1,0,0,0,0,0,0,0,0.0,8.0,6.0,0.0,0,0,0,0,0,0,3,18,0,0,0,-1,2,20,0.0,0.0,0.0,0.0,0.0,0.0,0.0,0.0
54112,443,6,0.0,0.0,0.0,0.0,0.0,0.0,0.0,0.0,0.0,0.0,26325.5,37340.782,52982.0,1.0,1.0,1.0,0.0,1.0,1.0,0.0,0.0,0.0,0.0,0.0,0,0,0,0,0.0,0.0,0,0,0,0,1,1,0,0,0.0,0.0,0.0,0.0,0,0,0,0,0,0,2,0,1,0,32832,357,0,32,0.0,0.0,0.0,0.0,0.0,0.0,0.0,0.0
55656,53,17,64.0,158.0,32.0,32.0,32.0,0.0,79.0,79.0,79.0,0.0,30128.33,59828.266,90385.0,1.0,1.0,1.0,0.0,1.0,1.0,4.0,4.0,0.0,4.0,4.0,0,0,0,0,32.0,79.0,0,0,0,0,0,0,0,0,1.0,63.5,32.0,79.0,0,0,0,0,0,0,2,64,2,158,-1,-1,1,32,0.0,0.0,0.0,0.0,0.0,0.0,0.0,0.0
443,5446,6,12.0,0.0,6.0,6.0,6.0,0.0,0.0,0.0,0.0,0.0,178.0,0.0,178.0,178.0,178.0,178.0,0.0,178.0,178.0,0.0,0.0,0.0,0.0,0.0,0,0,0,0,6.0,6.0,0,0,0,0,1,0,0,0,0.0,9.0,6.0,0.0,0,0,0,0,0,0,2,12,0,0,237,-1,1,20,0.0,0.0,0.0,0.0,0.0,0.0,0.0,0.0
58573,443,6,974.0,7387.0,469.0,0.0,64.9333,134.266,1581.0,0.0,738.7,750.4129,12014.42,24725.984,85844.0,1.0,290704.0,22079.78,29014.619,87884.0,1.0,200032.0,27205.11,35855.697,87703.0,1.0,0,0,0,0,0.0,1581.0,0,0,0,1,0,0,0,0,0.0,334.44,64.9333,738.7,0,0,0,0,0,0,15,974,10,7387,65535,357,6,32,0.0,0.0,0.0,0.0,0.0,0.0,0.0,0.0
60390,53,17,188.0,160.0,47.0,47.0,47.0,0.0,80.0,80.0,80.0,0.0,6191.2,10506.004,24918.0,2.0,24977.0,8925.66,14061.394,24978.0,2.0,3.0,3.0,0.0,3.0,3.0,0,0,0,0,47.0,80.0,0,0,0,0,0,0,0,0,0.0,63.8333,47.0,80.0,0,0,0,0,0,0,4,188,2,160,-1,-1,3,20,0.0,0.0,0.0,0.0,0.0,0.0,0.0,0.0
60712,443,6,1035.0,1167.0,851.0,0.0,113.3333,275.2616,1029.0,0.0,194.5,412.5296,21399.72,31993.505,87982.0,40.0,318964.0,37246.4,49876.986,101722.0,46.0,224348.0,56821.6,43387.441,88927.0,376.0,0,0,0,0,0.0,1029.0,0,0,0,1,0,0,0,0,0.0,143.1333,113.3333,194.5,0,0,0,0,0,0,12,1035,6,1167,65535,116,5,32,0.0,0.0,0.0,0.0,0.0,0.0,0.0,0.0
80,49563,6,0.0,0.0,0.0,0.0,0.0,0.0,0.0,0.0,0.0,0.0,52.0,0.0,52.0,52.0,0.0,0.0,0.0,0.0,0.0,0.0,0.0,0.0,0.0,0.0,0,0,0,0,0.0,0.0,0,0,0,0,1,1,0,0,1.0,0.0,0.0,0.0,0,0,0,0,0,0,1,0,1,0,20939,33304,0,32,0.0,0.0,0.0,0.0,0.0,0.0,0.0,0.0
443,57984,6,0.0,18.0,0.0,0.0,0.0,0.0,6.0,6.0,6.0,0.0,35379.25,72308.316,150346.0,1.0,150497.0,150497.0,0.0,150497.0,150497.0,4.0,2.0,2.414,3.0,1.0,0,0,0,0,0.0,6.0,0,0,0,0,1,0,0,0,1.0,3.6,0.0,6.0,0,0,0,0,0,0,2,0,3,18,115,0,0,32,0.0,0.0,0.0,0.0,0.0,0.0,0.0,0.0
60215,53,17,53.0,143.0,53.0,53.0,53.0,0.0,143.0,143.0,143.0,0.0,130859.0,0.0,130859.0,130859.0,0.0,0.0,0.0,0.0,0.0,0.0,0.0,0.0,0.0,0.0,0,0,0,0,53.0,143.0,0,0,0,0,0,0,0,0,1.0,124.5,53.0,143.0,0,0,0,0,0,0,1,53,1,143,-1,-1,0,32,0.0,0.0,0.0,0.0,0.0,0.0,0.0,0.0
52209,443,6,764.0,410.0,597.0,0.0,35.4,121.4017,152.0,0.0,35.0,63.4,3683774.58,4750699.822,10024359.0,1.0,115737933.0,6058275.27,4660911.088,10048026.0,2.0,110714429.0,7347175.75,4509266.236,10048306.0,10238.0,0,0,0,0,0.0,597.0,0,0,0,1,0,0,0,0,0.0,31.5876,35.4,35.0,0,0,0,0,0,0,20,764,15,410,29200,349,4,32,47315.0,35335.316,112319.0,36998.0,10013455.54,26071.107,10024355.0,9997779.0
443,36390,6,31.0,0.0,31.0,0.0,15.5,21.9203,0.0,0.0,0.0,0.0,48.0,0.0,48.0,48.0,48.0,48.0,0.0,48.0,48.0,0.0,0.0,0.0,0.0,0.0,1,0,0,0,0.0,31.0,0,1,0,0,1,0,0,0,0.0,31.0,15.5,0.0,0,0,0,0,0,0,2,31,0,0,290,-1,0,32,0.0,0.0,0.0,0.0,0.0,0.0,0.0,0.0
55716,53,17,74.0,262.0,37.0,37.0,37.0,0.0,131.0,131.0,131.0,0.0,8070.66,13934.931,24106.0,3.0,3.0,3.0,0.0,3.0,3.0,4.0,4.0,0.0,4.0,4.0,0,0,0,0,37.0,131.0,0,0,0,0,0,0,0,0,1.0,93.25,37.0,131.0,0,0,0,0,0,0,2,74,2,262,-1,-1,1,20,0.0,0.0,0.0,0.0,0.0,0.0,0.0,0.0
49824,80,6,179.0,369.0,179.0,0.0,43.8,98.3084,369.0,0.0,126.6667,179.5,3142915.0,4758810.35,9996650.0,143.0,40332446.0,7336311.0,4987580.902,10021355.0,514.0,46832923.0,6878140.5,4175923.017,10024718.0,3366.0,0,0,0,0,0.0,379.0,0,0,0,1,0,0,0,0,1.0,81.625,43.8,126.6667,0,0,0,0,0,0,5,179,9,369,8192,946,4,20,234056.5,236465.381,903626.0,23144.0,9941881.25,65423.526,9996651.0,9800754.0
80,54548,6,0.0,0.0,0.0,0.0,0.0,0.0,0.0,0.0,0.0,0.0,53.0,0.0,53.0,53.0,0.0,0.0,0.0,0.0,0.0,0.0,0.0,0.0,0.0,0.0,0,0,0,0,0.0,0.0,0,0,0,0,1,1,0,0,1.0,0.0,0.0,0.0,0,0,0,0,0,0,1,0,1,0,939,33304,0,32,0.0,0.0,0.0,0.0,0.0,0.0,0.0,0.0
443,58330,6,12.0,0.0,6.0,6.0,6.0,0.0,0.0,0.0,0.0,0.0,201.0,0.0,201.0,201.0,201.0,201.0,0.0,201.0,201.0,0.0,0.0,0.0,0.0,0.0,0,0,0,0,6.0,6.0,0,0,0,0,1,0,0,0,0.0,9.0,6.0,0.0,0,0,0,0,0,0,2,12,0,0,123,-1,1,20,0.0,0.0,0.0,0.0,0.0,0.0,0.0,0.0
37984,53,17,84.0,204.0,42.0,42.0,42.0,0.0,102.0,102.0,102.0,0.0,55.33,98.149,165.0,3.0,3.0,3.0,0.0,3.0,3.0,3.0,3.0,0.0,3.0,3.0,0,0,0,0,42.0,102.0,0,0,0,0,0,0,0,0,1.0,82.5,42.0,102.0,0,0,0,0,0,0,2,84,2,204,-1,-1,1,32,0.0,0.0,0.0,0.0,0.0,0.0,0.0,0.0
61397,443,6,2805.0,1784.0,1368.0,0.0,165.6154,436.2328,645.0,0.0,130.5,276.5864,24739.0,44243.405,317964.0,3.0,762918.0,43686.38,50043.894,314994.0,3.0,673332.0,64830.44,130000.199,477034.0,1173.0,0,0,0,0,0.0,1368.0,0,0,0,1,0,0,0,0,0.0,156.0483,165.6154,130.5,0,0,0,0,0,0,17,2805,10,1784,65535,383,7,32,0.0,0.0,0.0,0.0,0.0,0.0,0.0,0.0
50677,443,6,74.0,0.0,37.0,37.0,37.0,0.0,0.0,0.0,0.0,0.0,64065004.0,0.0,64065004.0,64065004.0,64065004.0,64065004.0,0.0,64065004.0,64065004.0,0.0,0.0,0.0,0.0,0.0,1,0,0,0,37.0,37.0,0,1,0,0,1,1,0,0,0.0,55.5,37.0,0.0,0,0,0,0,0,0,2,74,0,0,65535,-1,1,20,0.0,0.0,0.0,0.0,0.0,0.0,0.0,0.0
80,54358,6,0.0,0.0,0.0,0.0,0.0,0.0,0.0,0.0,0.0,0.0,26453.0,37499.681,55887.0,27.0,55806.0,55806.0,0.0,55806.0,55806.0,0.0,0.0,0.0,0.0,0.0,0,0,0,0,0.0,0.0,0,0,0,0,1,0,0,0,0.0,0.0,0.0,0.0,0,0,0,0,0,0,2,0,1,0,118,33304,0,32,0.0,0.0,0.0,0.0,0.0,0.0,0.0,0.0
443,62708,6,37.0,0.0,37.0,0.0,18.5,26.163,0.0,0.0,0.0,0.0,3.0,0.0,3.0,3.0,3.0,3.0,0.0,3.0,3.0,0.0,0.0,0.0,0.0,0.0,1,0,0,0,0.0,37.0,0,1,0,0,1,0,0,0,0.0,37.0,18.5,0.0,0,0,0,0,0,0,2,37,0,0,1120,-1,0,32,0.0,0.0,0.0,0.0,0.0,0.0,0.0,0.0
56381,53,17,78.0,152.0,39.0,39.0,39.0,0.0,76.0,76.0,76.0,0.0,76.0,93.53,175.0,3.0,48.0,48.0,0.0,48.0,48.0,3.0,3.0,0.0,3.0,3.0,0,0,0,0,39.0,76.0,0,0,0,0,0,0,0,0,1.0,67.25,39.0,76.0,0,0,0,0,0,0,2,78,2,152,-1,-1,1,32,0.0,0.0,0.0,0.0,0.0,0.0,0.0,0.0
54766,443,6,123.0,46.0,46.0,0.0,24.6,23.2766,46.0,46.0,46.0,0.0,848650.8,1957591.714,4297499.0,19.0,4234873.0,1063295.75,2120749.135,4297499.0,19.0,0.0,0.0,0.0,0.0,0.0,1,0,0,0,0.0,46.0,0,1,0,0,1,0,0,0,0.0,35.8333,24.6,46.0,0,0,0,0,0,0,5,123,1,46,245,1927,2,32,0.0,0.0,0.0,0.0,0.0,0.0,0.0,0.0
61139,443,6,1152.0,1119.0,901.0,0.0,115.2,280.343,981.0,0.0,186.5,393.1187,48634.2,150229.334,649866.0,3.0,874929.0,72551.55,153681.216,780969.0,3.0,94101.0,18100.75,21228.51,40966.0,334.0,0,0,0,0,0.0,981.0,0,0,0,1,0,0,0,0,0.0,141.9375,115.2,186.5,0,0,0,0,0,0,10,1152,5,1119,65535,117,5,32,0.0,0.0,0.0,0.0,0.0,0.0,0.0,0.0
61023,53,17,60.0,248.0,30.0,30.0,30.0,0.0,124.0,124.0,124.0,0.0,10361.33,17964.052,31079.0,3.0,3.0,3.0,0.0,3.0,3.0,3.0,3.0,0.0,3.0,3.0,0,0,0,0,30.0,124.0,0,0,0,0,0,0,0,0,1.0,84.5,30.0,124.0,0,0,0,0,0,0,2,60,2,248,-1,-1,1,20,0.0,0.0,0.0,0.0,0.0,0.0,0.0,0.0
57733,53,17,88.0,662.0,44.0,44.0,44.0,0.0,331.0,331.0,331.0,0.0,20492.0,35333.778,61420.0,3.0,3.0,3.0,0.0,3.0,3.0,3.0,3.0,0.0,3.0,3.0,0,0,0,0,44.0,331.0,0,0,0,0,0,0,0,0,1.0,198.5,44.0,331.0,0,0,0,0,0,0,2,88,2,662,-1,-1,1,32,0.0,0.0,0.0,0.0,0.0,0.0,0.0,0.0
443,2728,6,6.0,6.0,6.0,6.0,6.0,0.0,6.0,6.0,6.0,0.0,84.0,0.0,84.0,84.0,0.0,0.0,0.0,0.0,0.0,0.0,0.0,0.0,0.0,0.0,0,0,0,0,6.0,6.0,0,0,0,0,1,1,0,0,1.0,9.0,6.0,6.0,0,0,0,0,0,0,1,6,1,6,60,254,0,20,0.0,0.0,0.0,0.0,0.0,0.0,0.0,0.0
443,49396,6,12.0,6.0,6.0,6.0,6.0,0.0,6.0,6.0,6.0,0.0,17986.5,25480.707,35915.0,63.0,35953.0,35953.0,0.0,35953.0,35953.0,0.0,0.0,0.0,0.0,0.0,0,0,0,0,6.0,6.0,0,0,0,0,1,1,0,0,0.0,8.0,6.0,6.0,0,0,0,0,0,0,2,12,1,6,32,63209,1,20,0.0,0.0,0.0,0.0,0.0,0.0,0.0,0.0
443,60345,6,6.0,6.0,6.0,6.0,6.0,0.0,6.0,6.0,6.0,0.0,115.0,0.0,115.0,115.0,0.0,0.0,0.0,0.0,0.0,0.0,0.0,0.0,0.0,0.0,0,0,0,0,6.0,6.0,0,0,0,0,1,1,0,0,1.0,9.0,6.0,6.0,0,0,0,0,0,0,1,6,1,6,31256,63982,0,20,0.0,0.0,0.0,0.0,0.0,0.0,0.0,0.0
53719,443,17,1418.0,1069.0,1350.0,38.0,564.6,745.1037,1350.0,27.0,357.5,660.4888,9229.72,15060.876,27122.0,4.0,27110.0,13555.0,19899.765,27162.0,192.0,21038.0,238.66,15638.117,21563.0,4.0,0,0,0,0,30.0,1350.0,0,0,0,0,0,0,0,0,1.0,899.5,564.6,357.5,0,0,0,0,0,0,5,1418,4,1069,-1,-1,4,32,0.0,0.0,0.0,0.0,0.0,0.0,0.0,0.0
53158,80,6,12.0,0.0,6.0,6.0,6.0,0.0,0.0,0.0,0.0,0.0,66.0,0.0,66.0,66.0,66.0,66.0,0.0,66.0,66.0,0.0,0.0,0.0,0.0,0.0,0,0,0,0,6.0,6.0,0,0,0,0,1,0,0,0,0.0,9.0,6.0,0.0,0,0,0,0,0,0,2,12,0,0,16426,-1,1,20,0.0,0.0,0.0,0.0,0.0,0.0,0.0,0.0
55132,443,6,29.0,0.0,29.0,0.0,7.25,14.5,0.0,0.0,0.0,0.0,2147.66,3582.471,6236.0,3.0,6244.0,2044.33,1562.003,6236.0,3.0,0.0,0.0,0.0,0.0,0.0,0,0,0,0,0.0,29.0,0,0,0,0,1,0,0,0,0.0,7.25,7.25,0.0,0,0,0,0,0,0,4,29,0,0,33061,-1,1,32,0.0,0.0,0.0,0.0,0.0,0.0,0.0,0.0
443,39666,6,0.0,0.0,0.0,0.0,0.0,0.0,0.0,0.0,0.0,0.0,30.0,0.0,30.0,30.0,0.0,0.0,0.0,0.0,0.0,0.0,0.0,0.0,0.0,0.0,0,0,0,0,0.0,0.0,0,0,0,0,1,0,0,0,1.0,0.0,0.0,0.0,0,0,0,0,0,0,1,0,1,0,170,331,0,32,0.0,0.0,0.0,0.0,0.0,0.0,0.0,0.0
47044,80,6,0.0,0.0,0.0,0.0,0.0,0.0,0.0,0.0,0.0,0.0,1748861.0,2927479.194,5189679.0,53.0,138151.0,138151.0,0.0,138151.0,138151.0,5111960.0,5111960.0,0.0,5111960.0,5111960.0,0,0,0,0,0.0,0.0,0,0,0,1,0,0,0,0,1.0,0.0,0.0,0.0,0,0,0,0,0,0,2,0,2,0,29200,224,0,32,0.0,0.0,0.0,0.0,0.0,0.0,0.0,0.0
54530,53,17,150.0,222.0,75.0,75.0,75.0,0.0,111.0,111.0,111.0,0.0,10295.33,17821.688,30887.0,3.0,3.0,3.0,0.0,3.0,3.0,3.0,3.0,0.0,3.0,3.0,0,0,0,0,75.0,111.0,0,0,0,0,0,0,0,0,1.0,116.75,75.0,111.0,0,0,0,0,0,0,2,150,2,222,-1,-1,1,32,0.0,0.0,0.0,0.0,0.0,0.0,0.0,0.0
31801,80,6,528.0,266.0,536.0,0.0,106.0,225.0,266.0,0.0,66.3333,131.5335,1137086.14,5470117.031,10003230.0,55.0,10482117.0,1720729.25,8788842.878,10003230.0,52758.0,10153152.0,2551074.0,8828289.263,10053544.0,906.0,0,0,0,0,0.0,536.0,0,0,0,1,0,0,0,0,0.0,80.1844,106.0,66.3333,0,0,0,0,0,0,5,528,3,266,29200,119,4,20,30140.0,0.0,30140.0,30140.0,10000000.0,0.0,10000000.0,10000000.0
46397,53,17,64.0,204.0,32.0,32.0,32.0,0.0,102.0,102.0,102.0,0.0,57.33,95.356,165.0,3.0,3.0,3.0,0.0,3.0,3.0,3.0,3.0,0.0,3.0,3.0,0,0,0,0,32.0,102.0,0,0,0,0,0,0,0,0,1.0,75.0,32.0,102.0,0,0,0,0,0,0,2,64,2,204,-1,-1,1,20,0.0,0.0,0.0,0.0,0.0,0.0,0.0,0.0
48028,443,6,1828.0,3935.0,731.0,0.0,142.8667,268.8597,1460.0,0.0,382.6667,537.5659,368909.54,1176440.455,5996339.0,0.0,180146.0,11034.25,18299.006,114791.0,221.0,5008108.0,840957.55,1607603.926,5995547.0,0.0,0,0,0,0,0.0,1460.0,0,0,0,1,0,0,0,0,1.0,267.0874,142.8667,382.6667,0,0,0,0,0,0,12,1828,12,3935,29200,8131,11,20,911463.0,0.0,911463.0,911463.0,5996369.0,0.0,5996369.0,5996369.0
443,3412,6,6.0,6.0,6.0,6.0,6.0,0.0,6.0,6.0,6.0,0.0,21.0,0.0,21.0,21.0,0.0,0.0,0.0,0.0,0.0,0.0,0.0,0.0,0.0,0.0,0,0,0,0,6.0,6.0,0,0,0,0,1,1,0,0,1.0,9.0,6.0,6.0,0,0,0,0,0,0,1,6,1,6,119,255,0,20,0.0,0.0,0.0,0.0,0.0,0.0,0.0,0.0
63008,80,6,12.0,0.0,6.0,6.0,6.0,0.0,0.0,0.0,0.0,0.0,80.0,0.0,80.0,80.0,80.0,80.0,0.0,80.0,80.0,0.0,0.0,0.0,0.0,0.0,0,0,0,0,6.0,6.0,0,0,0,0,1,0,0,0,0.0,9.0,6.0,0.0,0,0,0,0,0,0,2,12,0,0,255,-1,1,20,0.0,0.0,0.0,0.0,0.0,0.0,0.0,0.0
443,49706,6,31.0,0.0,31.0,0.0,15.5,21.9203,0.0,0.0,0.0,0.0,4.0,0.0,4.0,4.0,4.0,4.0,0.0,4.0,4.0,0.0,0.0,0.0,0.0,0.0,1,0,0,0,0.0,31.0,0,1,0,0,1,0,0,0,0.0,31.0,15.5,0.0,0,0,0,0,0,0,2,31,0,0,110,-1,0,32,0.0,0.0,0.0,0.0,0.0,0.0,0.0,0.0
56021,80,6,12.0,0.0,6.0,6.0,6.0,0.0,0.0,0.0,0.0,0.0,169.0,0.0,169.0,169.0,169.0,169.0,0.0,169.0,169.0,0.0,0.0,0.0,0.0,0.0,0,0,0,0,6.0,6.0,0,0,0,0,1,0,0,0,0.0,9.0,6.0,0.0,0,0,0,0,0,0,2,12,0,0,253,-1,1,20,0.0,0.0,0.0,0.0,0.0,0.0,0.0,0.0
53294,443,6,0.0,0.0,0.0,0.0,0.0,0.0,0.0,0.0,0.0,0.0,109.0,0.0,109.0,109.0,109.0,109.0,0.0,109.0,109.0,0.0,0.0,0.0,0.0,0.0,0,0,0,0,0.0,0.0,0,0,0,0,1,0,0,0,0.0,0.0,0.0,0.0,0,0,0,0,0,0,2,0,0,0,342,-1,0,32,0.0,0.0,0.0,0.0,0.0,0.0,0.0,0.0
54720,53,17,68.0,158.0,34.0,34.0,34.0,0.0,79.0,79.0,79.0,0.0,10488.33,18159.041,31469.0,1.0,1.0,1.0,0.0,1.0,1.0,3.0,3.0,0.0,3.0,3.0,0,0,0,0,34.0,79.0,0,0,0,0,0,0,0,0,1.0,65.0,34.0,79.0,0,0,0,0,0,0,2,68,2,158,-1,-1,1,32,0.0,0.0,0.0,0.0,0.0,0.0,0.0,0.0
16610,53,17,62.0,168.0,31.0,31.0,31.0,0.0,84.0,84.0,84.0,0.0,38835.66,64429.015,116499.0,1.0,4.0,4.0,0.0,4.0,4.0,1.0,1.0,0.0,1.0,1.0,0,0,0,0,31.0,84.0,0,0,0,0,0,0,0,0,1.0,65.25,31.0,84.0,0,0,0,0,0,0,2,62,2,168,-1,-1,1,20,0.0,0.0,0.0,0.0,0.0,0.0,0.0,0.0
47304,443,6,12.0,0.0,6.0,6.0,6.0,0.0,0.0,0.0,0.0,0.0,5520631.0,0.0,5520631.0,5520631.0,5520631.0,5520631.0,0.0,5520631.0,5520631.0,0.0,0.0,0.0,0.0,0.0,0,0,0,0,6.0,6.0,0,0,0,0,1,0,0,0,0.0,9.0,6.0,0.0,0,0,0,0,0,0,2,12,0,0,63300,-1,1,20,0.0,0.0,0.0,0.0,0.0,0.0,0.0,0.0
51931,80,6,566.0,491.0,566.0,0.0,53.2,177.6156,432.0,0.0,38.375,145.5726,4001199.54,4857523.34,9999685.0,56.0,116027617.0,7737871.22,4184871.829,10020686.0,110399.0,110376812.0,8492436.15,3757955.831,10022983.0,25362.0,0,0,0,0,0.0,566.0,0,0,0,1,0,0,0,0,0.0,49.8333,53.2,38.375,0,0,0,0,0,0,15,566,13,491,8192,346,14,20,43426.9,17676.504,96802.0,36233.0,9971156.75,58425.594,9999689.0,9981683.0
58437,53,17,88.0,662.0,44.0,44.0,44.0,0.0,331.0,331.0,331.0,0.0,264.66,301.693,789.0,3.0,3.0,3.0,0.0,3.0,3.0,3.0,3.0,0.0,3.0,3.0,0,0,0,0,44.0,331.0,0,0,0,0,0,0,0,0,1.0,198.5,44.0,331.0,0,0,0,0,0,0,2,88,2,662,-1,-1,1,32,0.0,0.0,0.0,0.0,0.0,0.0,0.0,0.0
443,61693,6,0.0,0.0,0.0,0.0,0.0,0.0,0.0,0.0,0.0,0.0,16488.0,22636.676,32554.0,59.0,32654.0,32654.0,0.0,32654.0,32654.0,0.0,0.0,0.0,0.0,0.0,0,0,0,0,0.0,0.0,0,0,0,0,1,0,0,0,0.0,0.0,0.0,0.0,0,0,0,0,0,0,2,0,1,0,361,32832,0,32,0.0,0.0,0.0,0.0,0.0,0.0,0.0,0.0
443,53960,6,0.0,18.0,0.0,0.0,0.0,0.0,6.0,6.0,6.0,0.0,15744.5,26369.019,50785.0,1.0,50799.0,50799.0,0.0,50799.0,50799.0,4.0,2.0,1.414,3.0,1.0,0,0,0,0,0.0,6.0,0,0,0,0,1,0,0,0,1.0,3.6,0.0,6.0,0,0,0,0,0,0,2,0,3,18,114,0,0,32,0.0,0.0,0.0,0.0,0.0,0.0,0.0,0.0
22773,53,17,54.0,82.0,27.0,27.0,27.0,0.0,41.0,41.0,41.0,0.0,49.0,87.076,141.0,4.0,4.0,4.0,0.0,4.0,4.0,4.0,4.0,0.0,4.0,4.0,0,0,0,0,27.0,41.0,0,0,0,0,0,0,0,0,1.0,40.75,27.0,41.0,0,0,0,0,0,0,2,54,2,82,-1,-1,1,32,0.0,0.0,0.0,0.0,0.0,0.0,0.0,0.0
60290,53,17,42.0,121.0,42.0,42.0,42.0,0.0,121.0,121.0,121.0,0.0,46399.0,0.0,46399.0,46399.0,0.0,0.0,0.0,0.0,0.0,0.0,0.0,0.0,0.0,0.0,0,0,0,0,42.0,121.0,0,0,0,0,0,0,0,0,1.0,102.5,42.0,121.0,0,0,0,0,0,0,1,42,1,121,-1,-1,0,32,0.0,0.0,0.0,0.0,0.0,0.0,0.0,0.0
34895,443,6,617.0,164.0,517.0,0.0,88.1429,189.989,152.0,0.0,41.0,74.054,504138.6,1553194.148,4944196.0,3.0,5046270.0,847526.66,2038074.322,5003342.0,3.0,79506.0,26508.66,24222.486,59482.0,300.0,0,0,0,0,0.0,517.0,0,0,0,1,0,0,0,0,0.0,71.0,88.1429,41.0,0,0,0,0,0,0,7,617,4,164,29200,30,6,20,0.0,0.0,0.0,0.0,0.0,0.0,0.0,0.0
59702,443,6,4026.0,28927.0,2053.0,0.0,280.0923,688.2207,2896.0,2.0,1221.2692,823.5289,570457.18,2248584.828,9998840.0,3.0,10476803.0,1086781.06,3981015.708,9998840.0,3.0,20461160.0,1027436.17,3161824.922,10159759.0,48.0,0,0,0,0,0.0,2853.0,0,0,0,1,0,0,0,0,1.0,794.06,280.0923,1221.2692,0,0,0,0,0,0,17,4026,23,28927,29200,1109,16,20,558527.0,0.0,558527.0,558527.0,9998891.0,0.0,9998891.0,9998891.0
46260,443,6,2086.0,181219.0,517.0,0.0,34.6545,110.1826,4380.0,0.0,1849.3679,1009.1206,193429.87,1261567.504,10027660.0,1.0,14492376.0,296612.56,1580836.608,10027660.0,1.0,13422722.0,102164.58,1910610.533,10463181.0,1.0,0,0,0,0,0.0,4380.0,0,0,0,1,0,0,0,0,1.0,1023.3855,34.6545,1849.3679,0,0,0,0,0,0,62,2086,71,181219,29200,256,61,20,1139945.5,1131248.599,4363990.0,21942.0,7646964.5,3542391.132,10027665.0,5128528.0
65018,443,6,736.0,785.0,485.0,0.0,73.6,152.4957,649.0,0.0,170.5,290.1107,12407.0,15424.84,36086.0,49.0,179816.0,19720.44,20149.925,52128.0,4049.0,51418.0,23224.6,17154.683,37159.0,24529.0,0,0,0,0,0.0,649.0,0,0,0,1,0,0,0,0,0.0,110.2143,73.6,170.5,0,0,0,0,0,0,10,736,6,785,65535,61,5,32,0.0,0.0,0.0,0.0,0.0,0.0,0.0,0.0
46440,443,6,86.0,7.0,86.0,0.0,28.6667,49.6521,7.0,0.0,2.3333,4.0415,13293.8,17351.438,32489.0,38.0,32518.0,16259.0,22347.075,32459.0,363.0,36165.0,18072.5,26702.966,36272.0,578.0,0,0,0,0,0.0,86.0,0,0,0,1,0,0,0,0,1.0,15.5,28.6667,2.3333,0,0,0,0,0,0,3,86,3,7,65535,57,1,32,0.0,0.0,0.0,0.0,0.0,0.0,0.0,0.0
443,48101,6,0.0,0.0,0.0,0.0,0.0,0.0,0.0,0.0,0.0,0.0,51.0,0.0,51.0,51.0,0.0,0.0,0.0,0.0,0.0,0.0,0.0,0.0,0.0,0.0,0,0,0,0,0.0,0.0,0,0,0,0,1,1,0,0,1.0,0.0,0.0,0.0,0,0,0,0,0,0,1,0,1,0,126,317,0,32,0.0,0.0,0.0,0.0,0.0,0.0,0.0,0.0
33769,443,6,43.0,0.0,31.0,6.0,14.3333,14.4338,0.0,0.0,0.0,0.0,131.5,138.487,243.0,49.0,265.0,132.5,148.402,243.0,49.0,0.0,0.0,0.0,0.0,0.0,0,0,0,0,6.0,31.0,0,0,0,0,1,0,0,0,0.0,16.3333,14.3333,0.0,0,0,0,0,0,0,3,43,0,0,327,-1,2,20,0.0,0.0,0.0,0.0,0.0,0.0,0.0,0.0
61793,53,17,54.0,110.0,54.0,54.0,54.0,0.0,110.0,110.0,110.0,0.0,23515.0,0.0,23515.0,23515.0,0.0,0.0,0.0,0.0,0.0,0.0,0.0,0.0,0.0,0.0,0,0,0,0,54.0,110.0,0,0,0,0,0,0,0,0,1.0,109.0,54.0,110.0,0,0,0,0,0,0,1,54,1,110,-1,-1,0,32,0.0,0.0,0.0,0.0,0.0,0.0,0.0,0.0
61305,53,17,44.0,139.0,44.0,44.0,44.0,0.0,139.0,139.0,139.0,0.0,130991.0,0.0,130991.0,130991.0,0.0,0.0,0.0,0.0,0.0,0.0,0.0,0.0,0.0,0.0,0,0,0,0,44.0,139.0,0,0,0,0,0,0,0,0,1.0,113.5,44.0,139.0,0,0,0,0,0,0,1,44,1,139,-1,-1,0,32,0.0,0.0,0.0,0.0,0.0,0.0,0.0,0.0
49306,53,17,64.0,138.0,32.0,32.0,32.0,0.0,69.0,69.0,69.0,0.0,57.0,97.076,164.0,1.0,1.0,1.0,0.0,1.0,1.0,1.0,1.0,0.0,1.0,1.0,0,0,0,0,32.0,69.0,0,0,0,0,0,0,0,0,1.0,58.5,32.0,69.0,0,0,0,0,0,0,2,64,2,138,-1,-1,1,20,0.0,0.0,0.0,0.0,0.0,0.0,0.0,0.0
61340,53,17,56.0,72.0,56.0,56.0,56.0,0.0,72.0,72.0,72.0,0.0,48626.0,0.0,48626.0,48626.0,0.0,0.0,0.0,0.0,0.0,0.0,0.0,0.0,0.0,0.0,0,0,0,0,56.0,72.0,0,0,0,0,0,0,0,0,1.0,92.0,56.0,72.0,0,0,0,0,0,0,1,56,1,72,-1,-1,0,32,0.0,0.0,0.0,0.0,0.0,0.0,0.0,0.0
49618,80,6,10794.0,11424.0,1896.0,0.0,447.4667,645.5898,2320.0,0.0,374.2188,648.1863,1358713.61,3463862.784,9997696.0,3.0,93832237.0,2780121.85,4376557.607,10020607.0,6382.0,93594306.0,2426960.85,4257955.335,10022929.0,3.0,0,0,0,0,0.0,2390.0,0,0,0,1,0,0,0,0,1.0,460.3876,447.4667,374.2188,0,0,0,0,0,0,48,10794,82,11424,8192,267,47,20,386183.14,1567496.79,4826658.0,35759.0,9822320.45,164904.763,9997698.0,9800882.0
443,49575,6,0.0,0.0,0.0,0.0,0.0,0.0,0.0,0.0,0.0,0.0,59.0,0.0,59.0,59.0,0.0,0.0,0.0,0.0,0.0,0.0,0.0,0.0,0.0,0.0,0,0,0,0,0.0,0.0,0,0,0,0,1,1,0,0,1.0,0.0,0.0,0.0,0,0,0,0,0,0,1,0,1,0,1084,343,0,32,0.0,0.0,0.0,0.0,0.0,0.0,0.0,0.0
61562,53,17,42.0,105.0,42.0,42.0,42.0,0.0,105.0,105.0,105.0,0.0,23457.0,0.0,23457.0,23457.0,0.0,0.0,0.0,0.0,0.0,0.0,0.0,0.0,0.0,0.0,0,0,0,0,42.0,105.0,0,0,0,0,0,0,0,0,1.0,94.5,42.0,105.0,0,0,0,0,0,0,1,42,1,105,-1,-1,0,20,0.0,0.0,0.0,0.0,0.0,0.0,0.0,0.0
57564,53,17,102.0,224.0,51.0,51.0,51.0,0.0,112.0,112.0,112.0,0.0,55.33,96.707,160.0,4.0,4.0,4.0,0.0,4.0,4.0,4.0,4.0,0.0,4.0,4.0,0,0,0,0,51.0,112.0,0,0,0,0,0,0,0,0,1.0,94.25,51.0,112.0,0,0,0,0,0,0,2,102,2,224,-1,-1,1,20,0.0,0.0,0.0,0.0,0.0,0.0,0.0,0.0
56464,53,17,68.0,422.0,34.0,34.0,34.0,0.0,211.0,211.0,211.0,0.0,8023.66,13881.581,24015.0,1.0,1.0,1.0,0.0,1.0,1.0,3.0,3.0,0.0,3.0,3.0,0,0,0,0,34.0,211.0,0,0,0,0,0,0,0,0,1.0,131.0,34.0,211.0,0,0,0,0,0,0,2,68,2,422,-1,-1,1,20,0.0,0.0,0.0,0.0,0.0,0.0,0.0,0.0
50173,443,6,1771.0,4930.0,372.0,0.0,104.0,130.4461,1430.0,0.0,332.1538,506.8603,804154.12,5578601.613,28722456.0,1.0,45947166.0,1522522.61,7597790.34,28722456.0,1.0,1323139.0,1010198.22,23089.378,263465.0,1.0,0,0,0,0,0.0,1430.0,0,0,0,1,0,0,0,0,1.0,222.5333,104.0,332.1538,0,0,0,0,0,0,14,1771,23,4930,8192,375,13,20,1318673.0,0.0,1318673.0,1318673.0,21722481.0,0.0,28722481.0,21722481.0
443,63590,6,37.0,0.0,37.0,0.0,18.5,26.163,0.0,0.0,0.0,0.0,3.0,0.0,3.0,3.0,3.0,3.0,0.0,3.0,3.0,0.0,0.0,0.0,0.0,0.0,1,0,0,0,0.0,37.0,0,1,0,0,1,0,0,0,0.0,37.0,18.5,0.0,0,0,0,0,0,0,2,37,0,0,972,-1,0,32,0.0,0.0,0.0,0.0,0.0,0.0,0.0,0.0
50783,80,6,730.0,1336.0,314.0,0.0,55.0,139.0007,748.0,0.0,132.1818,351.5569,3677903.97,4752158.693,10206196.0,136.0,110769657.0,7093077.06,4682639.762,10240001.0,36258.0,110988346.0,7391606.0,4088751.88,10240107.0,113275.0,0,0,0,0,0.0,748.0,0,0,0,1,0,0,0,0,0.0,99.8333,55.0,132.1818,0,0,0,0,0,0,16,730,11,1336,29200,343,2,32,46683.72,15746.121,75173.0,30484.0,10194384.36,68995.371,10206195.0,9962054.0
123,123,17,96.0,96.0,48.0,48.0,48.0,0.0,48.0,48.0,48.0,0.0,22337421.0,38651174.419,67936849.0,94184.0,68000938.0,68000938.0,0.0,68000938.0,68000938.0,67000193.0,67000193.0,0.0,67000193.0,67000193.0,0,0,0,0,48.0,48.0,0,0,0,0,0,0,0,0,1.0,60.0,48.0,48.0,0,0,0,0,0,0,2,96,2,96,-1,-1,1,20,18545.0,0.0,18545.0,18545.0,67936848.0,0.0,67936848.0,67936848.0
443,62361,6,6.0,6.0,6.0,6.0,6.0,0.0,6.0,6.0,6.0,0.0,50.0,0.0,50.0,50.0,0.0,0.0,0.0,0.0,0.0,0.0,0.0,0.0,0.0,0.0,0,0,0,0,6.0,6.0,0,0,0,0,1,1,0,0,1.0,9.0,6.0,6.0,0,0,0,0,0,0,1,6,1,6,31031,16360,0,20,0.0,0.0,0.0,0.0,0.0,0.0,0.0,0.0
61763,53,17,71.0,173.0,71.0,71.0,71.0,0.0,173.0,173.0,173.0,0.0,30533.0,0.0,30533.0,30533.0,0.0,0.0,0.0,0.0,0.0,0.0,0.0,0.0,0.0,0.0,0,0,0,0,71.0,173.0,0,0,0,0,0,0,0,0,1.0,157.5,71.0,173.0,0,0,0,0,0,0,1,71,1,173,-1,-1,0,20,0.0,0.0,0.0,0.0,0.0,0.0,0.0,0.0
61561,443,6,0.0,0.0,0.0,0.0,0.0,0.0,0.0,0.0,0.0,0.0,26582.5,37659.914,53085.0,1.0,1.0,1.0,0.0,1.0,1.0,0.0,0.0,0.0,0.0,0.0,0,0,0,0,0.0,0.0,0,0,0,0,1,1,0,0,0.0,0.0,0.0,0.0,0,0,0,0,0,0,2,0,1,0,65535,5131,0,32,0.0,0.0,0.0,0.0,0.0,0.0,0.0,0.0
80,49213,6,0.0,0.0,0.0,0.0,0.0,0.0,0.0,0.0,0.0,0.0,67.0,0.0,67.0,67.0,0.0,0.0,0.0,0.0,0.0,0.0,0.0,0.0,0.0,0.0,0,0,0,0,0.0,0.0,0,0,0,0,1,1,0,0,1.0,0.0,0.0,0.0,0,0,0,0,0,0,1,0,1,0,285,33304,0,32,0.0,0.0,0.0,0.0,0.0,0.0,0.0,0.0
4311,53,17,82.0,338.0,41.0,41.0,41.0,0.0,169.0,169.0,169.0,0.0,62.66,108.026,181.0,3.0,4.0,4.0,0.0,4.0,4.0,3.0,3.0,0.0,3.0,3.0,0,0,0,0,41.0,169.0,0,0,0,0,0,0,0,0,1.0,115.25,41.0,169.0,0,0,0,0,0,0,2,82,2,338,-1,-1,1,32,0.0,0.0,0.0,0.0,0.0,0.0,0.0,0.0
443,40990,6,31.0,0.0,31.0,0.0,10.3333,17.8979,0.0,0.0,0.0,0.0,2.0,1.414,3.0,1.0,4.0,2.0,1.414,3.0,1.0,0.0,0.0,0.0,0.0,0.0,0,0,0,0,0.0,31.0,0,0,0,0,1,0,0,0,0.0,10.3333,10.3333,0.0,0,0,0,0,0,0,3,31,0,0,59,-1,1,32,0.0,0.0,0.0,0.0,0.0,0.0,0.0,0.0
61030,53,17,39.0,174.0,39.0,39.0,39.0,0.0,174.0,174.0,174.0,0.0,109256.0,0.0,109256.0,109256.0,0.0,0.0,0.0,0.0,0.0,0.0,0.0,0.0,0.0,0.0,0,0,0,0,39.0,174.0,0,0,0,0,0,0,0,0,1.0,126.0,39.0,174.0,0,0,0,0,0,0,1,39,1,174,-1,-1,0,32,0.0,0.0,0.0,0.0,0.0,0.0,0.0,0.0
60379,53,17,72.0,328.0,36.0,36.0,36.0,0.0,164.0,164.0,164.0,0.0,7955.33,13743.718,23855.0,3.0,3.0,3.0,0.0,3.0,3.0,47.0,47.0,0.0,47.0,47.0,0,0,0,0,36.0,164.0,0,0,0,0,0,0,0,0,1.0,109.0,36.0,164.0,0,0,0,0,0,0,2,72,2,328,-1,-1,1,20,0.0,0.0,0.0,0.0,0.0,0.0,0.0,0.0
60615,53,17,74.0,154.0,37.0,37.0,37.0,0.0,77.0,77.0,77.0,0.0,56.0,94.64,161.0,3.0,3.0,3.0,0.0,3.0,3.0,3.0,3.0,0.0,3.0,3.0,0,0,0,0,37.0,77.0,0,0,0,0,0,0,0,0,1.0,66.25,37.0,77.0,0,0,0,0,0,0,2,74,2,154,-1,-1,1,20,0.0,0.0,0.0,0.0,0.0,0.0,0.0,0.0
443,59506,6,37.0,0.0,37.0,0.0,18.5,26.163,0.0,0.0,0.0,0.0,4.0,0.0,4.0,4.0,4.0,4.0,0.0,4.0,4.0,0.0,0.0,0.0,0.0,0.0,1,0,0,0,0.0,37.0,0,1,0,0,1,0,0,0,0.0,37.0,18.5,0.0,0,0,0,0,0,0,2,37,0,0,118,-1,0,32,0.0,0.0,0.0,0.0,0.0,0.0,0.0,0.0
59475,443,6,1160.0,11062.0,789.0,0.0,58.2222,175.6646,2896.0,0.0,1113.5,848.2352,13303.88,37430.546,165659.0,2.0,301528.0,23337.1,41045.883,265659.0,2.0,264162.0,10780.37,48053.159,165466.0,52.0,0,0,0,0,0.0,2896.0,0,0,0,1,0,0,0,0,0.0,465.9729,58.2222,1113.5,0,0,0,0,0,0,18,1160,14,11062,65535,125,6,32,0.0,0.0,0.0,0.0,0.0,0.0,0.0,0.0
443,51522,6,37.0,0.0,31.0,6.0,18.5,17.6777,0.0,0.0,0.0,0.0,3.0,0.0,3.0,3.0,3.0,3.0,0.0,3.0,3.0,0.0,0.0,0.0,0.0,0.0,1,0,0,0,6.0,31.0,0,1,0,0,1,0,0,0,0.0,34.0,18.5,0.0,0,0,0,0,0,0,2,37,0,0,62,-1,1,20,0.0,0.0,0.0,0.0,0.0,0.0,0.0,0.0
56367,80,6,18.0,0.0,6.0,6.0,6.0,0.0,0.0,0.0,0.0,0.0,18017993.2,24684457.991,45001546.0,23531.0,90067187.0,45033593.5,8127.097,45033161.0,45032760.0,90050335.0,45020332.5,210.823,45022402.0,45026640.0,0,0,0,0,0.0,6.0,0,0,0,0,1,0,0,0,1.0,4.0,6.0,0.0,0,0,0,0,0,0,3,18,3,0,253,1023,2,20,23787.5,5816.048,23818.0,23780.0,49991001.0,1038.835,45001540.0,44997872.0
443,62587,6,0.0,0.0,0.0,0.0,0.0,0.0,0.0,0.0,0.0,0.0,37.0,0.0,37.0,37.0,0.0,0.0,0.0,0.0,0.0,0.0,0.0,0.0,0.0,0.0,0,0,0,0,0.0,0.0,0,0,0,0,1,0,0,0,1.0,0.0,0.0,0.0,0,0,0,0,0,0,1,0,1,0,357,32832,0,32,0.0,0.0,0.0,0.0,0.0,0.0,0.0,0.0
27950,53,17,78.0,180.0,39.0,39.0,39.0,0.0,90.0,90.0,90.0,0.0,59.33,69.874,126.0,0.0,5.0,5.0,0.0,5.0,5.0,48.0,48.0,0.0,48.0,48.0,0,0,0,0,39.0,90.0,0,0,0,0,0,0,0,0,1.0,74.25,39.0,90.0,0,0,0,0,0,0,2,78,2,180,-1,-1,1,32,0.0,0.0,0.0,0.0,0.0,0.0,0.0,0.0
61755,443,6,8123.0,8206.0,3140.0,6.0,654.3087,1373.6154,1460.0,0.0,869.6909,652.0265,268073.88,1426025.03,6774686.0,1.0,4292630.0,418075.1,1970803.293,6774676.0,1.0,14837187.0,448229.43,1495912.779,6767243.0,1.0,0,0,0,0,0.0,3140.0,0,0,0,0,1,0,0,0,1.0,601.75,654.3087,869.6909,0,0,0,0,0,0,13,8123,22,8206,63277,110,12,20,0.0,0.0,0.0,0.0,0.0,0.0,0.0,0.0
44136,53,17,68.0,276.0,34.0,34.0,34.0,0.0,138.0,138.0,138.0,0.0,93.66,155.524,274.0,3.0,3.0,3.0,0.0,3.0,3.0,4.0,4.0,0.0,4.0,4.0,0,0,0,0,34.0,138.0,0,0,0,0,0,0,0,0,1.0,94.5,34.0,138.0,0,0,0,0,0,0,2,68,2,276,-1,-1,1,20,0.0,0.0,0.0,0.0,0.0,0.0,0.0,0.0
58413,443,6,1809.0,2696.0,1166.0,0.0,225.125,468.1202,1460.0,0.0,368.0,590.4858,548009.12,1856833.118,7983236.0,71.0,2049182.0,271805.42,2746140.739,7983286.0,137.0,23243.0,8962.11,12185.076,27756.0,207.0,0,0,0,0,0.0,1460.0,0,0,0,1,0,0,0,0,1.0,304.1333,225.125,368.0,0,0,0,0,0,0,8,1809,8,2696,8192,6440,7,20,0.0,0.0,0.0,0.0,0.0,0.0,0.0,0.0
443,40570,6,31.0,0.0,31.0,0.0,10.3333,17.8979,0.0,0.0,0.0,0.0,125.5,132.127,235.0,3.0,251.0,125.5,162.939,235.0,3.0,0.0,0.0,0.0,0.0,0.0,0,0,0,0,0.0,31.0,0,0,0,0,1,0,0,0,0.0,10.3333,10.3333,0.0,0,0,0,0,0,0,3,31,0,0,939,-1,1,32,0.0,0.0,0.0,0.0,0.0,0.0,0.0,0.0
61426,443,6,720.0,1151.0,469.0,0.0,72.0,147.7084,1013.0,0.0,191.8333,406.0576,19806.53,36713.095,87607.0,3.0,274058.0,44861.88,49833.465,101862.0,3.0,190745.0,42123.0,53228.828,88995.0,368.0,0,0,0,0,0.0,1013.0,0,0,0,1,0,0,0,0,0.0,116.9375,72.0,191.8333,0,0,0,0,0,0,10,720,6,1151,65535,114,5,32,0.0,0.0,0.0,0.0,0.0,0.0,0.0,0.0
44801,53,17,68.0,164.0,34.0,34.0,34.0,0.0,82.0,82.0,82.0,0.0,10399.0,17918.595,31196.0,3.0,3.0,3.0,0.0,3.0,3.0,4.0,4.0,0.0,4.0,4.0,0,0,0,0,34.0,82.0,0,0,0,0,0,0,0,0,1.0,66.5,34.0,82.0,0,0,0,0,0,0,2,68,2,164,-1,-1,1,20,0.0,0.0,0.0,0.0,0.0,0.0,0.0,0.0
55122,80,6,0.0,0.0,0.0,0.0,0.0,0.0,0.0,0.0,0.0,0.0,3000163.0,3121712.674,7999782.0,54.0,11806.0,903.0,10465.901,29806.0,330.0,15030373.0,5010193.0,3000000.0,7030373.0,5030373.0,0,0,0,0,0.0,0.0,0,0,0,1,0,0,0,0,0.0,0.0,0.0,0.0,0,0,0,0,0,0,3,0,2,0,29200,28960,0,32,0.0,0.0,0.0,0.0,0.0,0.0,0.0,0.0
53379,443,6,1136.0,1119.0,885.0,0.0,113.6,275.3613,981.0,0.0,223.8,427.3147,20335.92,36130.292,86259.0,33.0,284522.0,32284.11,45896.889,107979.0,36.0,207694.0,51476.5,45047.077,89599.0,371.0,0,0,0,0,0.0,981.0,0,0,0,1,0,0,0,0,0.0,150.5333,113.6,223.8,0,0,0,0,0,0,10,1136,5,1119,65535,116,5,32,0.0,0.0,0.0,0.0,0.0,0.0,0.0,0.0
443,54301,6,6.0,6.0,6.0,6.0,6.0,0.0,6.0,6.0,6.0,0.0,26.0,0.0,26.0,26.0,0.0,0.0,0.0,0.0,0.0,0.0,0.0,0.0,0.0,0.0,0,0,0,0,6.0,6.0,0,0,0,0,1,1,0,0,1.0,9.0,6.0,6.0,0,0,0,0,0,0,1,6,1,6,31752,63799,0,20,0.0,0.0,0.0,0.0,0.0,0.0,0.0,0.0
50146,443,6,736.0,17368.0,346.0,0.0,38.8462,96.8703,1460.0,2.0,554.76,649.9399,2277709.64,4055488.115,10012445.0,2.0,115424369.0,5481087.94,4892148.543,10038435.0,2.0,110549720.0,4014946.05,5101503.074,10032251.0,48.0,0,0,0,0,0.0,1460.0,0,0,0,1,0,0,0,0,1.0,310.2889,38.8462,554.76,0,0,0,0,0,0,26,736,25,17368,8192,40958,25,20,21162.41,19136.453,77613.0,22874.0,9600327.08,1415837.382,10012447.0,5018922.0
60643,53,17,51.0,112.0,51.0,51.0,51.0,0.0,112.0,112.0,112.0,0.0,30411.0,0.0,30411.0,30411.0,0.0,0.0,0.0,0.0,0.0,0.0,0.0,0.0,0.0,0.0,0,0,0,0,51.0,112.0,0,0,0,0,0,0,0,0,1.0,107.0,51.0,112.0,0,0,0,0,0,0,1,51,1,112,-1,-1,0,20,0.0,0.0,0.0,0.0,0.0,0.0,0.0,0.0
58515,53,17,80.0,112.0,40.0,40.0,40.0,0.0,56.0,56.0,56.0,0.0,59.0,64.551,120.0,4.0,4.0,4.0,0.0,4.0,4.0,48.0,48.0,0.0,48.0,48.0,0,0,0,0,40.0,56.0,0,0,0,0,0,0,0,0,1.0,58.0,40.0,56.0,0,0,0,0,0,0,2,80,2,112,-1,-1,1,32,0.0,0.0,0.0,0.0,0.0,0.0,0.0,0.0
443,61700,6,37.0,0.0,31.0,6.0,18.5,17.6777,0.0,0.0,0.0,0.0,3.0,0.0,3.0,3.0,3.0,3.0,0.0,3.0,3.0,0.0,0.0,0.0,0.0,0.0,1,0,0,0,6.0,31.0,0,1,0,0,1,0,0,0,0.0,34.0,18.5,0.0,0,0,0,0,0,0,2,37,0,0,31156,-1,1,20,0.0,0.0,0.0,0.0,0.0,0.0,0.0,0.0
54665,443,6,2235.0,119354.0,278.0,0.0,45.24,60.9886,2836.0,0.0,1301.958,460.6746,287544.35,1569385.367,10007920.0,1.0,39998077.0,630674.28,2140781.556,10054924.0,1.0,39855053.0,427907.93,2040458.811,10045586.0,1.0,0,0,0,0,0.0,2836.0,0,0,0,1,0,0,0,0,1.0,807.707,45.24,1301.958,0,0,0,0,0,0,50,2235,148,119354,8192,377,89,20,687363.75,1395538.907,3698672.0,223004.0,9970008.5,19516.276,10007920.0,9700752.0
53954,443,6,18.0,6.0,6.0,6.0,6.0,0.0,6.0,6.0,6.0,0.0,63.33,90.941,177.0,3.0,195.0,97.5,160.713,192.0,3.0,0.0,0.0,0.0,0.0,0.0,0,0,0,0,6.0,6.0,1,0,0,0,0,0,0,0,0.0,7.5,6.0,6.0,0,0,0,0,0,0,3,18,1,6,0,292,2,20,0.0,0.0,0.0,0.0,0.0,0.0,0.0,0.0
61468,53,17,39.0,134.0,39.0,39.0,39.0,0.0,134.0,134.0,134.0,0.0,159675.0,0.0,159675.0,159675.0,0.0,0.0,0.0,0.0,0.0,0.0,0.0,0.0,0.0,0.0,0,0,0,0,39.0,134.0,0,0,0,0,0,0,0,0,1.0,106.0,39.0,134.0,0,0,0,0,0,0,1,39,1,134,-1,-1,0,32,0.0,0.0,0.0,0.0,0.0,0.0,0.0,0.0
36332,80,6,435.0,746.0,435.0,0.0,27.1875,108.75,746.0,0.0,53.2857,199.3769,3990937.48,4981564.801,10207269.0,48.0,115983624.0,7792792.53,4369734.263,10248038.0,69.0,112545780.0,8604689.61,3820288.466,10240228.0,29931.0,0,0,0,0,0.0,746.0,0,0,0,1,0,0,0,0,0.0,39.1667,27.1875,53.2857,0,0,0,0,0,0,16,435,14,746,29200,340,1,32,40171.63,7701.081,41548.0,36670.0,10206063.9,76330.584,10207268.0,10206011.0
61489,53,17,56.0,568.0,28.0,28.0,28.0,0.0,284.0,284.0,284.0,0.0,82.33,136.963,240.0,3.0,3.0,3.0,0.0,3.0,3.0,3.0,3.0,0.0,3.0,3.0,0,0,0,0,28.0,284.0,0,0,0,0,0,0,0,0,1.0,163.0,28.0,284.0,0,0,0,0,0,0,2,56,2,568,-1,-1,1,32,0.0,0.0,0.0,0.0,0.0,0.0,0.0,0.0
49270,80,6,12.0,0.0,6.0,6.0,6.0,0.0,0.0,0.0,0.0,0.0,36.0,0.0,36.0,36.0,36.0,36.0,0.0,36.0,36.0,0.0,0.0,0.0,0.0,0.0,0,0,0,0,6.0,6.0,0,0,0,0,1,0,0,0,0.0,9.0,6.0,0.0,0,0,0,0,0,0,2,12,0,0,16425,-1,1,20,0.0,0.0,0.0,0.0,0.0,0.0,0.0,0.0
60684,53,17,47.0,128.0,47.0,47.0,47.0,0.0,128.0,128.0,128.0,0.0,48506.0,0.0,48506.0,48506.0,0.0,0.0,0.0,0.0,0.0,0.0,0.0,0.0,0.0,0.0,0,0,0,0,47.0,128.0,0,0,0,0,0,0,0,0,1.0,111.0,47.0,128.0,0,0,0,0,0,0,1,47,1,128,-1,-1,0,20,0.0,0.0,0.0,0.0,0.0,0.0,0.0,0.0
43128,443,6,539.0,4298.0,192.0,0.0,48.7,67.1207,1418.0,0.0,349.5,586.7034,6282.26,8408.151,25125.0,2.0,108545.0,481.33,7573.163,21871.0,16.0,85992.0,6774.77,11989.883,25465.0,2.0,0,0,0,0,0.0,1418.0,0,0,0,1,0,0,0,0,0.0,178.959,48.7,349.5,0,0,0,0,0,0,10,539,9,4298,29200,349,5,32,0.0,0.0,0.0,0.0,0.0,0.0,0.0,0.0
39249,443,6,1188.0,4493.0,261.0,0.0,64.9231,86.5869,2632.0,0.0,364.6875,763.6774,4318057.93,15101329.143,58762220.0,1.0,117207273.0,9673522.38,22729235.31,58762220.0,3.0,117197874.0,9453230.83,22549929.799,59009989.0,1.0,0,0,0,0,0.0,2632.0,0,0,0,1,0,0,0,0,0.0,208.8929,64.9231,364.6875,0,0,0,0,0,0,13,1188,13,4493,29200,365,12,32,165657.5,185856.449,223136.0,88515.0,58970745.0,34664.052,58762227.0,58517467.0
60146,53,17,64.0,117.0,64.0,64.0,64.0,0.0,117.0,117.0,117.0,0.0,61019.0,0.0,61019.0,61019.0,0.0,0.0,0.0,0.0,0.0,0.0,0.0,0.0,0.0,0.0,0,0,0,0,64.0,117.0,0,0,0,0,0,0,0,0,1.0,122.5,64.0,117.0,0,0,0,0,0,0,1,64,1,117,-1,-1,0,32,0.0,0.0,0.0,0.0,0.0,0.0,0.0,0.0
5644,53,17,76.0,140.0,38.0,38.0,38.0,0.0,70.0,70.0,70.0,0.0,9902.33,16030.457,29700.0,2.0,4.0,4.0,0.0,4.0,4.0,2.0,2.0,0.0,2.0,2.0,0,0,0,0,38.0,70.0,0,0,0,0,0,0,0,0,1.0,63.5,38.0,70.0,0,0,0,0,0,0,2,76,2,140,-1,-1,1,32,0.0,0.0,0.0,0.0,0.0,0.0,0.0,0.0
12620,53,17,68.0,270.0,34.0,34.0,34.0,0.0,135.0,135.0,135.0,0.0,7827.66,13542.329,23486.0,4.0,4.0,4.0,0.0,4.0,4.0,4.0,4.0,0.0,4.0,4.0,0,0,0,0,34.0,135.0,0,0,0,0,0,0,0,0,1.0,93.0,34.0,135.0,0,0,0,0,0,0,2,68,2,270,-1,-1,1,32,0.0,0.0,0.0,0.0,0.0,0.0,0.0,0.0
63082,53,17,64.0,256.0,32.0,32.0,32.0,0.0,128.0,128.0,128.0,0.0,114274.66,140782.947,342817.0,3.0,3.0,3.0,0.0,3.0,3.0,3.0,3.0,0.0,3.0,3.0,0,0,0,0,32.0,128.0,0,0,0,0,0,0,0,0,1.0,88.0,32.0,128.0,0,0,0,0,0,0,2,64,2,256,-1,-1,1,20,0.0,0.0,0.0,0.0,0.0,0.0,0.0,0.0
443,58451,6,37.0,0.0,37.0,0.0,18.5,26.163,0.0,0.0,0.0,0.0,4.0,0.0,4.0,4.0,4.0,4.0,0.0,4.0,4.0,0.0,0.0,0.0,0.0,0.0,1,0,0,0,0.0,37.0,0,1,0,0,1,0,0,0,0.0,37.0,18.5,0.0,0,0,0,0,0,0,2,37,0,0,61,-1,0,32,0.0,0.0,0.0,0.0,0.0,0.0,0.0,0.0
20213,53,17,68.0,100.0,34.0,34.0,34.0,0.0,50.0,50.0,50.0,0.0,10594.33,18261.646,31778.0,3.0,4.0,4.0,0.0,4.0,4.0,3.0,3.0,0.0,3.0,3.0,0,0,0,0,34.0,50.0,0,0,0,0,0,0,0,0,1.0,50.5,34.0,50.0,0,0,0,0,0,0,2,68,2,100,-1,-1,1,32,0.0,0.0,0.0,0.0,0.0,0.0,0.0,0.0
443,39287,6,12.0,0.0,6.0,6.0,6.0,0.0,0.0,0.0,0.0,0.0,351.0,0.0,351.0,351.0,351.0,351.0,0.0,351.0,351.0,0.0,0.0,0.0,0.0,0.0,0,0,0,0,6.0,6.0,0,0,0,0,1,0,0,0,0.0,9.0,6.0,0.0,0,0,0,0,0,0,2,12,0,0,23663,-1,1,20,0.0,0.0,0.0,0.0,0.0,0.0,0.0,0.0
53598,443,6,1528.0,895.0,1104.0,0.0,168.0,350.6323,657.0,0.0,171.0,397.8243,27301.71,75341.152,255083.0,4.0,440329.0,45085.88,64771.828,255403.0,29204.0,482949.0,68978.2,124953.648,296141.0,716.0,0,0,0,0,0.0,1104.0,0,0,0,1,0,0,0,0,0.0,167.0,168.0,171.0,0,0,0,0,0,0,10,1528,6,895,65535,71,5,32,0.0,0.0,0.0,0.0,0.0,0.0,0.0,0.0
443,56227,6,37.0,6.0,37.0,0.0,18.5,26.163,6.0,6.0,6.0,0.0,113.5,66.217,155.0,45.0,235.0,235.0,0.0,235.0,235.0,0.0,0.0,0.0,0.0,0.0,1,0,0,0,0.0,37.0,0,1,0,0,1,0,0,0,0.0,26.6667,18.5,6.0,0,0,0,0,0,0,2,37,1,6,118,0,0,32,0.0,0.0,0.0,0.0,0.0,0.0,0.0,0.0
36741,53,17,74.0,154.0,37.0,37.0,37.0,0.0,77.0,77.0,77.0,0.0,53.0,88.738,158.0,3.0,4.0,4.0,0.0,4.0,4.0,3.0,3.0,0.0,3.0,3.0,0,0,0,0,37.0,77.0,0,0,0,0,0,0,0,0,1.0,66.25,37.0,77.0,0,0,0,0,0,0,2,74,2,154,-1,-1,1,32,0.0,0.0,0.0,0.0,0.0,0.0,0.0,0.0
39469,53,17,64.0,128.0,32.0,32.0,32.0,0.0,64.0,64.0,64.0,0.0,42.66,62.265,123.0,1.0,3.0,3.0,0.0,3.0,3.0,1.0,1.0,0.0,1.0,1.0,0,0,0,0,32.0,64.0,0,0,0,0,0,0,0,0,1.0,56.0,32.0,64.0,0,0,0,0,0,0,2,64,2,128,-1,-1,1,32,0.0,0.0,0.0,0.0,0.0,0.0,0.0,0.0
59420,443,6,942.0,845.0,901.0,0.0,114.2,280.373,807.0,0.0,168.625,349.7236,9236.92,15965.089,36763.0,16.0,137583.0,15774.66,20918.344,44128.0,48.0,91603.0,22200.71,17264.625,40142.0,657.0,0,0,0,0,0.0,901.0,0,0,0,1,0,0,0,0,0.0,138.8667,314.2,168.625,0,0,0,0,0,0,10,942,8,845,65535,362,5,32,0.0,0.0,0.0,0.0,0.0,0.0,0.0,0.0
61364,53,17,53.0,85.0,53.0,53.0,53.0,0.0,85.0,85.0,85.0,0.0,60709.0,0.0,60709.0,60709.0,0.0,0.0,0.0,0.0,0.0,0.0,0.0,0.0,0.0,0.0,0,0,0,0,53.0,85.0,0,0,0,0,0,0,0,0,1.0,95.5,53.0,85.0,0,0,0,0,0,0,1,53,1,85,-1,-1,0,32,0.0,0.0,0.0,0.0,0.0,0.0,0.0,0.0
80,60435,6,0.0,0.0,0.0,0.0,0.0,0.0,0.0,0.0,0.0,0.0,53.0,0.0,53.0,53.0,0.0,0.0,0.0,0.0,0.0,0.0,0.0,0.0,0.0,0.0,0,0,0,0,0.0,0.0,0,0,0,0,1,1,0,0,1.0,0.0,0.0,0.0,0,0,0,0,0,0,1,0,1,0,340,32832,0,32,0.0,0.0,0.0,0.0,0.0,0.0,0.0,0.0
443,53878,6,37.0,0.0,37.0,0.0,12.3333,21.362,0.0,0.0,0.0,0.0,9.0,1.414,3.0,3.0,3.0,3.5,1.414,3.0,3.0,0.0,0.0,0.0,0.0,0.0,0,0,0,0,0.0,37.0,0,0,0,0,1,0,0,0,0.0,12.3333,12.3333,0.0,0,0,0,0,0,0,3,37,0,0,117,-1,1,32,0.0,0.0,0.0,0.0,0.0,0.0,0.0,0.0
443,63602,6,0.0,0.0,0.0,0.0,0.0,0.0,0.0,0.0,0.0,0.0,24.5,26.167,42.0,3.0,3.0,3.0,0.0,3.0,3.0,0.0,0.0,0.0,0.0,0.0,0,0,0,0,0.0,0.0,0,0,0,0,1,1,0,0,0.0,0.0,0.0,0.0,0,0,0,0,0,0,2,0,1,0,170,32832,0,32,0.0,0.0,0.0,0.0,0.0,0.0,0.0,0.0
61257,53,17,64.0,117.0,64.0,64.0,64.0,0.0,117.0,117.0,117.0,0.0,61074.0,0.0,61074.0,61074.0,0.0,0.0,0.0,0.0,0.0,0.0,0.0,0.0,0.0,0.0,0,0,0,0,64.0,117.0,0,0,0,0,0,0,0,0,1.0,122.5,64.0,117.0,0,0,0,0,0,0,1,64,1,117,-1,-1,0,32,0.0,0.0,0.0,0.0,0.0,0.0,0.0,0.0
25240,53,17,62.0,220.0,31.0,31.0,31.0,0.0,110.0,110.0,110.0,0.0,10367.0,17955.506,31094.0,3.0,3.0,3.0,0.0,3.0,3.0,4.0,4.0,0.0,4.0,4.0,0,0,0,0,31.0,110.0,0,0,0,0,0,0,0,0,1.0,78.25,31.0,110.0,0,0,0,0,0,0,2,62,2,220,-1,-1,1,32,0.0,0.0,0.0,0.0,0.0,0.0,0.0,0.0
53984,443,6,720.0,1295.0,469.0,0.0,72.0,147.7084,1157.0,0.0,259.0,505.5413,19918.35,36658.966,87875.0,4.0,275641.0,30635.55,42131.215,89248.0,4.0,186644.0,46814.5,45840.654,90194.0,4.0,0,0,0,0,0.0,1157.0,0,0,0,1,0,0,0,0,0.0,134.3333,72.0,259.0,0,0,0,0,0,0,10,720,5,1295,65535,114,5,32,0.0,0.0,0.0,0.0,0.0,0.0,0.0,0.0
53402,53,17,60.0,264.0,30.0,30.0,30.0,0.0,132.0,132.0,132.0,0.0,7982.0,13839.783,23949.0,3.0,49.0,49.0,0.0,49.0,49.0,3.0,3.0,0.0,3.0,3.0,0,0,0,0,30.0,132.0,0,0,0,0,0,0,0,0,1.0,88.5,30.0,132.0,0,0,0,0,0,0,2,60,2,264,-1,-1,1,20,0.0,0.0,0.0,0.0,0.0,0.0,0.0,0.0
61260,53,17,43.0,59.0,43.0,43.0,43.0,0.0,59.0,59.0,59.0,0.0,30896.0,0.0,30896.0,30896.0,0.0,0.0,0.0,0.0,0.0,0.0,0.0,0.0,0.0,0.0,0,0,0,0,43.0,59.0,0,0,0,0,0,0,0,0,1.0,72.5,43.0,59.0,0,0,0,0,0,0,1,43,1,59,-1,-1,0,32,0.0,0.0,0.0,0.0,0.0,0.0,0.0,0.0
63397,53,17,164.0,370.0,41.0,41.0,41.0,0.0,185.0,185.0,185.0,0.0,44159.0,79590.146,178314.0,3.0,30556.0,10115.66,17669.095,30444.0,3.0,3.0,3.0,0.0,3.0,3.0,0,0,0,0,41.0,185.0,0,0,0,0,0,0,0,0,0.0,93.8333,41.0,185.0,0,0,0,0,0,0,4,164,2,370,-1,-1,3,20,0.0,0.0,0.0,0.0,0.0,0.0,0.0,0.0
56148,53,17,60.0,264.0,30.0,30.0,30.0,0.0,132.0,132.0,132.0,0.0,74.33,124.788,216.0,3.0,3.0,3.0,0.0,3.0,3.0,4.0,4.0,0.0,4.0,4.0,0,0,0,0,30.0,132.0,0,0,0,0,0,0,0,0,1.0,88.5,30.0,132.0,0,0,0,0,0,0,2,60,2,264,-1,-1,1,32,0.0,0.0,0.0,0.0,0.0,0.0,0.0,0.0
443,52324,6,12.0,0.0,6.0,6.0,6.0,0.0,0.0,0.0,0.0,0.0,999717.0,0.0,999717.0,999717.0,999717.0,999717.0,0.0,999717.0,999717.0,0.0,0.0,0.0,0.0,0.0,0,0,0,0,6.0,6.0,0,0,0,0,1,0,0,0,0.0,9.0,6.0,0.0,0,0,0,0,0,0,2,12,0,0,3908,-1,1,20,0.0,0.0,0.0,0.0,0.0,0.0,0.0,0.0
443,56127,6,6.0,6.0,6.0,6.0,6.0,0.0,6.0,6.0,6.0,0.0,63.0,0.0,63.0,63.0,0.0,0.0,0.0,0.0,0.0,0.0,0.0,0.0,0.0,0.0,0,0,0,0,6.0,6.0,0,0,0,0,1,1,0,0,1.0,9.0,6.0,6.0,0,0,0,0,0,0,1,6,1,6,32,32850,0,20,0.0,0.0,0.0,0.0,0.0,0.0,0.0,0.0
52778,443,6,713.0,479.0,469.0,0.0,71.3,147.2874,341.0,0.0,95.8,149.5299,6877.78,9453.642,23382.0,3.0,87297.0,9518.66,11854.214,24140.0,3.0,50659.0,12819.25,13452.059,23437.0,423.0,0,0,0,0,0.0,469.0,0,0,0,1,0,0,0,0,0.0,79.4667,71.3,95.8,0,0,0,0,0,0,10,713,5,479,65535,972,5,32,0.0,0.0,0.0,0.0,0.0,0.0,0.0,0.0
60593,53,17,69.0,157.0,69.0,69.0,69.0,0.0,157.0,157.0,157.0,0.0,60063.0,0.0,60063.0,60063.0,0.0,0.0,0.0,0.0,0.0,0.0,0.0,0.0,0.0,0.0,0,0,0,0,69.0,157.0,0,0,0,0,0,0,0,0,1.0,157.5,69.0,157.0,0,0,0,0,0,0,1,69,1,157,-1,-1,0,20,0.0,0.0,0.0,0.0,0.0,0.0,0.0,0.0
443,52311,6,0.0,18.0,0.0,0.0,0.0,0.0,6.0,6.0,6.0,0.0,21.33,33.533,69.0,1.0,0.0,0.0,0.0,0.0,0.0,4.0,2.0,1.414,3.0,1.0,0,0,0,0,0.0,6.0,0,0,0,0,1,0,0,0,3.0,4.5,0.0,6.0,0,0,0,0,0,0,1,0,3,18,972,0,0,32,0.0,0.0,0.0,0.0,0.0,0.0,0.0,0.0
47710,80,6,999.0,294.0,993.0,0.0,236.3333,496.8578,292.0,0.0,74.5,142.0,16871.5,10056.842,23403.0,50.0,24916.0,12458.0,11348.526,24744.0,338.0,24810.0,12805.0,13816.047,23969.0,415.0,0,0,0,0,0.0,993.0,0,0,0,1,0,0,0,0,0.0,172.8571,236.3333,74.5,0,0,0,0,0,0,3,999,4,294,29200,33,1,32,0.0,0.0,0.0,0.0,0.0,0.0,0.0,0.0
56790,53,17,86.0,204.0,43.0,43.0,43.0,0.0,102.0,102.0,102.0,0.0,50.0,82.873,143.0,3.0,4.0,4.0,0.0,4.0,4.0,3.0,3.0,0.0,3.0,3.0,0,0,0,0,43.0,102.0,0,0,0,0,0,0,0,0,1.0,83.25,43.0,102.0,0,0,0,0,0,0,2,86,2,204,-1,-1,1,32,0.0,0.0,0.0,0.0,0.0,0.0,0.0,0.0
53662,443,6,6.0,6.0,6.0,6.0,6.0,0.0,6.0,6.0,6.0,0.0,3.0,0.0,3.0,3.0,0.0,0.0,0.0,0.0,0.0,0.0,0.0,0.0,0.0,0.0,0,0,0,0,6.0,6.0,0,0,0,0,1,1,0,0,1.0,9.0,6.0,6.0,0,0,0,0,0,0,1,6,1,6,1440,33,0,20,0.0,0.0,0.0,0.0,0.0,0.0,0.0,0.0
45538,443,6,1693.0,7249.0,1162.0,0.0,65.4545,223.4949,2896.0,0.0,338.7829,710.3064,2870375.54,4515941.315,10229293.0,30.0,116026388.0,5542540.46,5003568.395,10240055.0,76.0,113628922.0,6124644.69,5035028.68,10240129.0,180.0,0,0,0,0,0.0,2896.0,0,0,0,1,0,0,0,0,0.0,171.14,65.4545,338.7829,0,0,0,0,0,0,23,1693,18,7249,29200,1006,4,32,121783.0,220969.128,908895.0,34938.0,10207713.72,51939.322,10229290.0,10029919.0
60432,53,17,54.0,108.0,54.0,54.0,54.0,0.0,108.0,108.0,108.0,0.0,47153.0,0.0,47153.0,47153.0,0.0,0.0,0.0,0.0,0.0,0.0,0.0,0.0,0.0,0.0,0,0,0,0,54.0,108.0,0,0,0,0,0,0,0,0,1.0,108.0,54.0,108.0,0,0,0,0,0,0,1,54,1,108,-1,-1,0,20,0.0,0.0,0.0,0.0,0.0,0.0,0.0,0.0
52656,80,6,0.0,0.0,0.0,0.0,0.0,0.0,0.0,0.0,0.0,0.0,1687977.33,2883765.792,5036957.0,87.0,5011777.0,2505888.5,3572371.263,5036957.0,23353.0,0.0,0.0,0.0,0.0,0.0,0,0,0,0,0.0,0.0,0,0,0,1,0,0,0,0,0.0,0.0,0.0,0.0,0,0,0,0,0,0,3,0,1,0,29200,28960,0,32,0.0,0.0,0.0,0.0,0.0,0.0,0.0,0.0
443,54760,6,0.0,0.0,0.0,0.0,0.0,0.0,0.0,0.0,0.0,0.0,17.0,0.0,17.0,17.0,0.0,0.0,0.0,0.0,0.0,0.0,0.0,0.0,0.0,0.0,0,0,0,0,0.0,0.0,0,0,0,0,1,0,0,0,1.0,0.0,0.0,0.0,0,0,0,0,0,0,1,0,1,0,122,33304,0,32,0.0,0.0,0.0,0.0,0.0,0.0,0.0,0.0
443,37296,6,0.0,0.0,0.0,0.0,0.0,0.0,0.0,0.0,0.0,0.0,66.0,0.0,66.0,66.0,0.0,0.0,0.0,0.0,0.0,0.0,0.0,0.0,0.0,0.0,0,0,0,0,0.0,0.0,0,0,0,0,1,0,0,0,1.0,0.0,0.0,0.0,0,0,0,0,0,0,1,0,1,0,118,313,0,32,0.0,0.0,0.0,0.0,0.0,0.0,0.0,0.0
50531,80,6,12.0,0.0,6.0,6.0,6.0,0.0,0.0,0.0,0.0,0.0,110.0,0.0,110.0,110.0,110.0,110.0,0.0,110.0,110.0,0.0,0.0,0.0,0.0,0.0,0,0,0,0,6.0,6.0,0,0,0,0,1,0,0,0,0.0,9.0,6.0,0.0,0,0,0,0,0,0,2,12,0,0,16425,-1,1,20,0.0,0.0,0.0,0.0,0.0,0.0,0.0,0.0
443,54573,6,0.0,18.0,0.0,0.0,0.0,0.0,6.0,6.0,6.0,0.0,26.66,47.876,74.0,1.0,0.0,0.0,0.0,0.0,0.0,4.0,2.0,1.414,3.0,1.0,0,0,0,0,0.0,6.0,0,0,0,0,1,0,0,0,3.0,4.5,0.0,6.0,0,0,0,0,0,0,1,0,3,18,1006,0,0,32,0.0,0.0,0.0,0.0,0.0,0.0,0.0,0.0
60183,53,17,88.0,188.0,44.0,44.0,44.0,0.0,94.0,94.0,94.0,0.0,8071.66,13960.341,24204.0,3.0,3.0,3.0,0.0,3.0,3.0,3.0,3.0,0.0,3.0,3.0,0,0,0,0,44.0,94.0,0,0,0,0,0,0,0,0,1.0,80.0,44.0,94.0,0,0,0,0,0,0,2,88,2,188,-1,-1,1,20,0.0,0.0,0.0,0.0,0.0,0.0,0.0,0.0
62732,443,6,614.0,3724.0,342.0,0.0,76.75,125.7224,1448.0,0.0,452.5,718.9978,1133162.07,4186352.237,11203363.0,3.0,11018327.0,1507541.14,5770464.114,11203363.0,3.0,569228.0,97854.66,128435.17,224180.0,49.0,0,0,0,0,0.0,1448.0,0,0,0,1,0,0,0,0,0.0,256.4571,76.75,452.5,0,0,0,0,0,0,8,614,4,3724,8192,4909,7,20,0.0,0.0,0.0,0.0,0.0,0.0,0.0,0.0
59045,443,6,1136.0,27925.0,301.0,0.0,53.8,82.3424,2920.0,0.0,1193.0545,879.5093,20015.5,50114.666,253332.0,1.0,980600.0,45426.09,74452.081,253307.0,1.0,797555.0,48805.26,366595.733,568410.0,4.0,0,0,0,0,0.0,2920.0,0,0,0,1,0,0,0,0,1.0,695.1274,53.8,1193.0545,0,0,0,0,0,0,20,1136,26,27925,8192,31,19,20,0.0,0.0,0.0,0.0,0.0,0.0,0.0,0.0
61763,53,17,50.0,128.0,50.0,50.0,50.0,0.0,128.0,128.0,128.0,0.0,190998.0,0.0,190998.0,190998.0,0.0,0.0,0.0,0.0,0.0,0.0,0.0,0.0,0.0,0.0,0,0,0,0,50.0,128.0,0,0,0,0,0,0,0,0,1.0,114.0,50.0,128.0,0,0,0,0,0,0,1,50,1,128,-1,-1,0,32,0.0,0.0,0.0,0.0,0.0,0.0,0.0,0.0
62407,53,17,84.0,204.0,84.0,84.0,84.0,0.0,204.0,204.0,204.0,0.0,23498.0,0.0,23498.0,23498.0,0.0,0.0,0.0,0.0,0.0,0.0,0.0,0.0,0.0,0.0,0,0,0,0,84.0,204.0,0,0,0,0,0,0,0,0,1.0,196.0,84.0,204.0,0,0,0,0,0,0,1,84,1,204,-1,-1,0,44,0.0,0.0,0.0,0.0,0.0,0.0,0.0,0.0
63007,53,17,84.0,282.0,42.0,42.0,42.0,0.0,141.0,141.0,141.0,0.0,16183.0,27995.948,48598.0,2.0,3.0,3.0,0.0,3.0,3.0,2.0,2.0,0.0,2.0,2.0,0,0,0,0,42.0,141.0,0,0,0,0,0,0,0,0,1.0,102.0,42.0,141.0,0,0,0,0,0,0,2,84,2,282,-1,-1,1,40,0.0,0.0,0.0,0.0,0.0,0.0,0.0,0.0
52528,53,17,60.0,344.0,30.0,30.0,30.0,0.0,172.0,172.0,172.0,0.0,70.0,71.993,158.0,4.0,49.0,49.0,0.0,49.0,49.0,4.0,4.0,0.0,4.0,4.0,0,0,0,0,30.0,172.0,0,0,0,0,0,0,0,0,1.0,108.5,30.0,172.0,0,0,0,0,0,0,2,60,2,344,-1,-1,1,40,0.0,0.0,0.0,0.0,0.0,0.0,0.0,0.0
57362,53,17,68.0,924.0,34.0,34.0,34.0,0.0,312.0,312.0,312.0,0.0,8096.66,13919.609,24286.0,3.0,3.0,3.0,0.0,3.0,3.0,4.0,4.0,0.0,4.0,4.0,0,0,0,0,34.0,312.0,0,0,0,0,0,0,0,0,1.0,181.5,34.0,312.0,0,0,0,0,0,0,2,68,2,924,-1,-1,1,20,0.0,0.0,0.0,0.0,0.0,0.0,0.0,0.0
443,57377,6,12.0,0.0,6.0,6.0,6.0,0.0,0.0,0.0,0.0,0.0,4.0,0.0,4.0,4.0,4.0,4.0,0.0,4.0,4.0,0.0,0.0,0.0,0.0,0.0,0,0,0,0,6.0,6.0,0,0,0,0,1,0,0,0,0.0,9.0,6.0,0.0,0,0,0,0,0,0,2,12,0,0,4956,-1,1,20,0.0,0.0,0.0,0.0,0.0,0.0,0.0,0.0
443,37730,6,0.0,0.0,0.0,0.0,0.0,0.0,0.0,0.0,0.0,0.0,56.0,0.0,56.0,56.0,0.0,0.0,0.0,0.0,0.0,0.0,0.0,0.0,0.0,0.0,0,0,0,0,0.0,0.0,0,0,0,0,1,1,0,0,1.0,0.0,0.0,0.0,0,0,0,0,0,0,1,0,1,0,145,1411,0,32,0.0,0.0,0.0,0.0,0.0,0.0,0.0,0.0
62343,53,17,66.0,98.0,66.0,66.0,66.0,0.0,98.0,98.0,98.0,0.0,53400.0,0.0,53400.0,53400.0,0.0,0.0,0.0,0.0,0.0,0.0,0.0,0.0,0.0,0.0,0,0,0,0,66.0,98.0,0,0,0,0,0,0,0,0,1.0,115.0,66.0,98.0,0,0,0,0,0,0,1,66,1,98,-1,-1,0,20,0.0,0.0,0.0,0.0,0.0,0.0,0.0,0.0
53298,443,6,709.0,3049.0,469.0,0.0,56.9167,135.742,1413.0,0.0,481.25,669.9008,14275.0,22843.465,51885.0,3.0,392435.0,29805.78,36728.073,83844.0,3.0,224617.0,36631.85,42598.279,141438.0,185.0,0,0,0,0,0.0,1413.0,0,0,0,1,0,0,0,0,0.0,217.5315,56.9167,481.25,0,0,0,0,0,0,12,709,8,3049,65535,179,5,32,0.0,0.0,0.0,0.0,0.0,0.0,0.0,0.0
56221,53,17,138.0,236.0,69.0,69.0,69.0,0.0,118.0,118.0,118.0,0.0,52.0,81.544,150.0,3.0,3.0,3.0,0.0,3.0,3.0,3.0,3.0,0.0,3.0,3.0,0,0,0,0,69.0,118.0,0,0,0,0,0,0,0,0,1.0,115.75,69.0,118.0,0,0,0,0,0,0,2,138,2,236,-1,-1,1,20,0.0,0.0,0.0,0.0,0.0,0.0,0.0,0.0
56121,53,17,70.0,134.0,35.0,35.0,35.0,0.0,67.0,67.0,67.0,0.0,47.0,72.026,134.0,3.0,3.0,3.0,0.0,3.0,3.0,3.0,3.0,0.0,3.0,3.0,0,0,0,0,35.0,67.0,0,0,0,0,0,0,0,0,1.0,59.75,35.0,67.0,0,0,0,0,0,0,2,70,2,134,-1,-1,1,32,0.0,0.0,0.0,0.0,0.0,0.0,0.0,0.0
60505,80,6,521.0,756.0,431.0,0.0,32.1875,106.3605,746.0,0.0,53.2857,199.6769,4002983.73,4965937.148,10005382.0,14.0,116089440.0,7735596.6,4168774.546,10030509.0,5410.0,110544571.0,8508997.38,3752389.816,10030186.0,20674.0,0,0,0,0,0.0,746.0,0,0,0,1,0,0,0,0,0.0,42.2333,32.1875,53.2857,0,0,0,0,0,0,16,521,14,756,8192,343,15,20,82630.72,9888.865,162338.0,36687.0,9995057.54,13745.18,10005347.0,9800559.0
58783,80,6,274.0,5586.0,284.0,0.0,13.8889,69.6571,1460.0,0.0,375.9231,544.0789,4001772.94,4843893.508,10015718.0,67.0,115313055.0,7671110.51,4163927.852,10046551.0,68.0,110506745.0,8518164.46,3759666.378,10048007.0,183.0,0,0,0,0,0.0,1460.0,0,0,0,1,0,0,0,0,0.0,183.3333,13.8889,375.9231,0,0,0,0,0,0,18,274,19,5586,8192,519,17,20,46421.09,7848.112,74075.0,36085.0,10003808.72,9617.637,10015711.0,9999514.0
57948,80,6,0.0,0.0,0.0,0.0,0.0,0.0,0.0,0.0,0.0,0.0,106421.0,0.0,106421.0,106421.0,6421.0,6421.0,0.0,6421.0,6421.0,0.0,0.0,0.0,0.0,0.0,0,0,0,0,0.0,0.0,0,0,0,0,1,0,0,0,0.0,0.0,0.0,0.0,0,0,0,0,0,0,2,0,0,0,264,-1,0,32,0.0,0.0,0.0,0.0,0.0,0.0,0.0,0.0
36183,53,17,94.0,230.0,47.0,47.0,47.0,0.0,115.0,115.0,115.0,0.0,49.33,88.739,143.0,0.0,0.0,0.0,0.0,0.0,0.0,1.0,1.0,0.0,1.0,1.0,0,0,0,0,47.0,115.0,0,0,0,0,0,0,0,0,1.0,92.75,47.0,115.0,0,0,0,0,0,0,2,94,2,230,-1,-1,1,20,0.0,0.0,0.0,0.0,0.0,0.0,0.0,0.0
60813,53,17,42.0,236.0,42.0,42.0,42.0,0.0,236.0,236.0,236.0,0.0,89777.0,0.0,89777.0,89777.0,0.0,0.0,0.0,0.0,0.0,0.0,0.0,0.0,0.0,0.0,0,0,0,0,42.0,236.0,0,0,0,0,0,0,0,0,1.0,160.0,42.0,236.0,0,0,0,0,0,0,1,42,1,236,-1,-1,0,32,0.0,0.0,0.0,0.0,0.0,0.0,0.0,0.0
54301,443,6,896.0,1487.0,645.0,0.0,89.6,201.1032,1349.0,0.0,297.4,583.7732,20419.85,36492.035,88802.0,17.0,283274.0,31696.11,43597.847,95020.0,17.0,180375.0,45042.75,49365.752,89431.0,440.0,0,0,0,0,0.0,1349.0,0,0,0,1,0,0,0,0,0.0,158.8667,89.6,297.4,0,0,0,0,0,0,10,896,5,1487,65535,115,5,32,0.0,0.0,0.0,0.0,0.0,0.0,0.0,0.0
47555,53,17,76.0,154.0,38.0,38.0,38.0,0.0,77.0,77.0,77.0,0.0,10267.33,17797.788,30795.0,4.0,46.0,46.0,0.0,46.0,46.0,4.0,4.0,0.0,4.0,4.0,0,0,0,0,38.0,77.0,0,0,0,0,0,0,0,0,1.0,67.0,38.0,77.0,0,0,0,0,0,0,2,76,2,154,-1,-1,1,32,0.0,0.0,0.0,0.0,0.0,0.0,0.0,0.0
18281,49570,6,6.0,12.0,6.0,6.0,6.0,0.0,6.0,6.0,6.0,0.0,34.33,26.463,57.0,1.0,0.0,0.0,0.0,0.0,0.0,1.0,1.0,0.0,1.0,1.0,0,0,0,0,6.0,6.0,0,0,0,0,1,1,0,0,2.0,8.0,6.0,6.0,0,0,0,0,0,0,1,6,2,12,2253,256,0,20,0.0,0.0,0.0,0.0,0.0,0.0,0.0,0.0
61650,53,17,88.0,156.0,44.0,44.0,44.0,0.0,78.0,78.0,78.0,0.0,55.0,83.138,158.0,3.0,3.0,3.0,0.0,3.0,3.0,4.0,4.0,0.0,4.0,4.0,0,0,0,0,44.0,78.0,0,0,0,0,0,0,0,0,1.0,72.0,44.0,78.0,0,0,0,0,0,0,2,88,2,156,-1,-1,1,32,0.0,0.0,0.0,0.0,0.0,0.0,0.0,0.0
443,55837,6,43.0,6.0,31.0,6.0,14.3333,14.4338,6.0,6.0,6.0,0.0,14.66,19.901,38.0,1.0,59.0,29.5,33.809,56.0,1.0,0.0,0.0,0.0,0.0,0.0,0,0,0,0,6.0,31.0,0,0,0,0,1,0,0,0,0.0,13.75,14.3333,6.0,0,0,0,0,0,0,3,43,1,6,980,0,2,20,0.0,0.0,0.0,0.0,0.0,0.0,0.0,0.0
53125,443,6,1378.0,10687.0,613.0,0.0,93.2308,176.9327,1460.0,2.0,968.0667,660.8011,714764.95,2434454.404,10013321.0,37.0,20605757.0,1302616.83,3305283.562,10316229.0,191.0,30598333.0,1391930.0,3010665.196,10119770.0,47.0,0,0,0,0,0.0,1460.0,0,0,0,1,0,0,0,0,1.0,628.3737,93.2308,968.0667,0,0,0,0,0,0,13,1378,18,10687,8192,40958,12,20,432754.0,993025.555,710455.0,150834.0,9898228.33,172242.6,10013329.0,9698236.0
443,58666,6,0.0,0.0,0.0,0.0,0.0,0.0,0.0,0.0,0.0,0.0,14536.0,22166.628,28052.0,53.0,28063.0,28063.0,0.0,28063.0,28063.0,0.0,0.0,0.0,0.0,0.0,0,0,0,0,0.0,0.0,0,0,0,0,1,0,0,0,0.0,0.0,0.0,0.0,0,0,0,0,0,0,2,0,1,0,5335,32832,0,32,0.0,0.0,0.0,0.0,0.0,0.0,0.0,0.0
62413,53,17,47.0,103.0,47.0,47.0,47.0,0.0,103.0,103.0,103.0,0.0,61402.0,0.0,61402.0,61402.0,0.0,0.0,0.0,0.0,0.0,0.0,0.0,0.0,0.0,0.0,0,0,0,0,47.0,103.0,0,0,0,0,0,0,0,0,1.0,98.5,47.0,103.0,0,0,0,0,0,0,1,47,1,103,-1,-1,0,32,0.0,0.0,0.0,0.0,0.0,0.0,0.0,0.0
62510,443,6,0.0,0.0,0.0,0.0,0.0,0.0,0.0,0.0,0.0,0.0,423.5,756.233,863.0,3.0,861.0,430.5,537.58,863.0,3.0,0.0,0.0,0.0,0.0,0.0,0,0,0,0,0.0,0.0,0,0,0,0,1,0,0,0,0.0,0.0,0.0,0.0,0,0,0,0,0,0,3,0,0,0,33300,-1,0,32,0.0,0.0,0.0,0.0,0.0,0.0,0.0,0.0
443,52913,6,6.0,6.0,6.0,6.0,6.0,0.0,6.0,6.0,6.0,0.0,62.0,0.0,62.0,62.0,0.0,0.0,0.0,0.0,0.0,0.0,0.0,0.0,0.0,0.0,0,0,0,0,6.0,6.0,0,0,0,0,1,1,0,0,1.0,9.0,6.0,6.0,0,0,0,0,0,0,1,6,1,6,119,16356,0,20,0.0,0.0,0.0,0.0,0.0,0.0,0.0,0.0
62642,53,17,79.0,281.0,79.0,79.0,79.0,0.0,281.0,281.0,281.0,0.0,30878.0,0.0,30878.0,30878.0,0.0,0.0,0.0,0.0,0.0,0.0,0.0,0.0,0.0,0.0,0,0,0,0,79.0,281.0,0,0,0,0,0,0,0,0,1.0,199.5,79.0,281.0,0,0,0,0,0,0,1,79,1,281,-1,-1,0,20,0.0,0.0,0.0,0.0,0.0,0.0,0.0,0.0
58006,53,17,74.0,262.0,37.0,37.0,37.0,0.0,131.0,131.0,131.0,0.0,8018.66,14019.075,24009.0,3.0,4.0,4.0,0.0,4.0,4.0,48.0,48.0,0.0,48.0,48.0,0,0,0,0,37.0,131.0,0,0,0,0,0,0,0,0,1.0,93.25,37.0,131.0,0,0,0,0,0,0,2,74,2,262,-1,-1,1,20,0.0,0.0,0.0,0.0,0.0,0.0,0.0,0.0
52976,443,6,617.0,164.0,517.0,0.0,88.1429,189.989,152.0,0.0,41.0,74.054,541100.5,1706403.07,5438045.0,3.0,5549333.0,944682.5,2262641.259,5509375.0,3.0,89973.0,26654.33,30499.858,68877.0,403.0,0,0,0,0,0.0,517.0,0,0,0,1,0,0,0,0,0.0,71.0,88.1429,41.0,0,0,0,0,0,0,7,617,4,164,29200,30,6,20,109609.0,0.0,109609.0,109609.0,5438086.0,0.0,5438046.0,5438086.0
55874,53,17,68.0,196.0,34.0,34.0,34.0,0.0,98.0,98.0,98.0,0.0,72.0,128.356,211.0,2.0,2.0,2.0,0.0,2.0,2.0,3.0,3.0,0.0,3.0,3.0,0,0,0,0,34.0,98.0,0,0,0,0,0,0,0,0,1.0,74.5,34.0,98.0,0,0,0,0,0,0,2,68,2,196,-1,-1,1,32,0.0,0.0,0.0,0.0,0.0,0.0,0.0,0.0
51090,53,17,62.0,94.0,31.0,31.0,31.0,0.0,47.0,47.0,47.0,0.0,46.33,77.655,133.0,3.0,3.0,3.0,0.0,3.0,3.0,4.0,4.0,0.0,4.0,4.0,0,0,0,0,31.0,47.0,0,0,0,0,0,0,0,0,1.0,46.75,31.0,47.0,0,0,0,0,0,0,2,62,2,94,-1,-1,1,32,0.0,0.0,0.0,0.0,0.0,0.0,0.0,0.0
443,64762,6,37.0,0.0,31.0,6.0,18.5,17.6777,0.0,0.0,0.0,0.0,3.0,0.0,3.0,3.0,3.0,3.0,0.0,3.0,3.0,0.0,0.0,0.0,0.0,0.0,1,0,0,0,6.0,31.0,0,1,0,0,1,0,0,0,0.0,34.0,18.5,0.0,0,0,0,0,0,0,2,37,0,0,113,-1,1,20,0.0,0.0,0.0,0.0,0.0,0.0,0.0,0.0
443,5237,6,12.0,0.0,6.0,6.0,6.0,0.0,0.0,0.0,0.0,0.0,222.0,0.0,222.0,222.0,222.0,222.0,0.0,222.0,222.0,0.0,0.0,0.0,0.0,0.0,0,0,0,0,6.0,6.0,0,0,0,0,1,0,0,0,0.0,9.0,6.0,0.0,0,0,0,0,0,0,2,12,0,0,5114,-1,1,20,0.0,0.0,0.0,0.0,0.0,0.0,0.0,0.0
52492,443,6,1424.0,4054.0,835.0,6.0,275.3333,341.1785,1450.0,6.0,400.1429,668.7304,16663.52,28732.952,86502.0,1.0,262863.0,56140.6,27808.8,86502.0,1122.0,268771.0,21496.33,35808.129,80622.0,1.0,1,0,0,0,6.0,1450.0,0,1,0,0,1,0,0,0,1.0,391.0769,275.3333,400.1429,0,0,0,0,0,0,6,1424,7,4054,252,40238,5,20,0.0,0.0,0.0,0.0,0.0,0.0,0.0,0.0
62996,53,17,44.0,128.0,44.0,44.0,44.0,0.0,128.0,128.0,128.0,0.0,307279.0,0.0,307279.0,307279.0,0.0,0.0,0.0,0.0,0.0,0.0,0.0,0.0,0.0,0.0,0,0,0,0,44.0,128.0,0,0,0,0,0,0,0,0,1.0,108.0,44.0,128.0,0,0,0,0,0,0,1,44,1,128,-1,-1,0,20,0.0,0.0,0.0,0.0,0.0,0.0,0.0,0.0
65419,53,17,88.0,662.0,44.0,44.0,44.0,0.0,331.0,331.0,331.0,0.0,28888.33,49411.555,86654.0,3.0,3.0,3.0,0.0,3.0,3.0,3.0,3.0,0.0,3.0,3.0,0,0,0,0,44.0,331.0,0,0,0,0,0,0,0,0,1.0,198.5,44.0,331.0,0,0,0,0,0,0,2,88,2,662,-1,-1,1,20,0.0,0.0,0.0,0.0,0.0,0.0,0.0,0.0
60083,443,6,974.0,7387.0,469.0,0.0,64.9333,134.266,1581.0,0.0,738.7,750.4129,13980.2,23378.341,92428.0,2.0,305424.0,21251.42,34560.264,96371.0,3.0,240928.0,27381.44,43954.794,102120.0,2.0,0,0,0,0,0.0,1581.0,0,0,0,1,0,0,0,0,0.0,334.44,64.9333,738.7,0,0,0,0,0,0,15,974,8,7387,65535,357,6,32,0.0,0.0,0.0,0.0,0.0,0.0,0.0,0.0
59412,53,17,68.0,250.0,34.0,34.0,34.0,0.0,125.0,125.0,125.0,0.0,10223.33,17624.469,30665.0,3.0,47.0,47.0,0.0,47.0,47.0,3.0,3.0,0.0,3.0,3.0,0,0,0,0,34.0,125.0,0,0,0,0,0,0,0,0,1.0,88.0,34.0,125.0,0,0,0,0,0,0,2,68,2,250,-1,-1,1,20,0.0,0.0,0.0,0.0,0.0,0.0,0.0,0.0
19885,53,17,68.0,132.0,34.0,34.0,34.0,0.0,66.0,66.0,66.0,0.0,59.66,55.43,123.0,3.0,3.0,3.0,0.0,3.0,3.0,49.0,49.0,0.0,49.0,49.0,0,0,0,0,34.0,66.0,0,0,0,0,0,0,0,0,1.0,58.5,34.0,66.0,0,0,0,0,0,0,2,68,2,132,-1,-1,1,40,0.0,0.0,0.0,0.0,0.0,0.0,0.0,0.0
1518,80,6,12.0,0.0,6.0,6.0,6.0,0.0,0.0,0.0,0.0,0.0,54.0,0.0,54.0,54.0,54.0,54.0,0.0,54.0,54.0,0.0,0.0,0.0,0.0,0.0,0,0,0,0,6.0,6.0,0,0,0,0,1,0,0,0,0.0,9.0,6.0,0.0,0,0,0,0,0,0,2,12,0,0,254,-1,1,20,0.0,0.0,0.0,0.0,0.0,0.0,0.0,0.0
64623,53,17,74.0,154.0,37.0,37.0,37.0,0.0,77.0,77.0,77.0,0.0,65.33,107.397,189.0,3.0,3.0,3.0,0.0,3.0,3.0,3.0,3.0,0.0,3.0,3.0,0,0,0,0,37.0,77.0,0,0,0,0,0,0,0,0,1.0,66.25,37.0,77.0,0,0,0,0,0,0,2,74,2,154,-1,-1,1,20,0.0,0.0,0.0,0.0,0.0,0.0,0.0,0.0
60196,53,17,92.0,222.0,46.0,46.0,46.0,0.0,111.0,111.0,111.0,0.0,78.0,130.418,238.0,1.0,1.0,1.0,0.0,1.0,1.0,11.0,11.0,0.0,11.0,11.0,0,0,0,0,46.0,111.0,0,0,0,0,0,0,0,0,1.0,87.0,46.0,111.0,0,0,0,0,0,0,2,92,2,222,-1,-1,1,20,0.0,0.0,0.0,0.0,0.0,0.0,0.0,0.0
50719,443,6,720.0,1295.0,469.0,0.0,72.0,147.7084,1157.0,0.0,259.0,505.5413,20055.0,36839.933,87166.0,3.0,297359.0,32374.44,48228.001,90196.0,3.0,197618.0,49404.5,48399.754,88305.0,316.0,0,0,0,0,0.0,1157.0,0,0,0,1,0,0,0,0,0.0,134.3333,72.0,259.0,0,0,0,0,0,0,10,720,5,1295,65535,114,5,32,0.0,0.0,0.0,0.0,0.0,0.0,0.0,0.0
57055,53,17,78.0,110.0,39.0,39.0,39.0,0.0,55.0,55.0,55.0,0.0,48.66,73.3,138.0,3.0,3.0,3.0,0.0,3.0,3.0,3.0,3.0,0.0,3.0,3.0,0,0,0,0,39.0,55.0,0,0,0,0,0,0,0,0,1.0,56.75,39.0,55.0,0,0,0,0,0,0,2,78,2,110,-1,-1,1,32,0.0,0.0,0.0,0.0,0.0,0.0,0.0,0.0
24045,53,17,78.0,160.0,39.0,39.0,39.0,0.0,80.0,80.0,80.0,0.0,11433.66,19975.669,34390.0,3.0,47.0,47.0,0.0,47.0,47.0,3.0,3.0,0.0,3.0,3.0,0,0,0,0,39.0,80.0,0,0,0,0,0,0,0,0,1.0,69.25,39.0,80.0,0,0,0,0,0,0,2,78,2,160,-1,-1,1,32,0.0,0.0,0.0,0.0,0.0,0.0,0.0,0.0
36905,443,6,117.0,41.0,45.0,0.0,23.4,21.9613,41.0,41.0,41.0,0.0,1019835.2,2361096.461,5159956.0,3.0,5077242.0,1269560.0,2563114.685,5159956.0,3.0,0.0,0.0,0.0,0.0,0.0,1,0,0,0,0.0,45.0,0,1,0,0,1,0,0,0,0.0,33.1667,23.4,41.0,0,0,0,0,0,0,5,117,1,41,352,126,2,32,27248.0,0.0,27248.0,27248.0,5159977.0,0.0,5159957.0,5159977.0
50818,53,17,72.0,136.0,36.0,36.0,36.0,0.0,68.0,68.0,68.0,0.0,67.0,32.838,105.0,48.0,48.0,48.0,0.0,48.0,48.0,48.0,48.0,0.0,48.0,48.0,0,0,0,0,36.0,68.0,0,0,0,0,0,0,0,0,1.0,61.0,36.0,68.0,0,0,0,0,0,0,2,72,2,136,-1,-1,1,32,0.0,0.0,0.0,0.0,0.0,0.0,0.0,0.0
443,36791,6,0.0,0.0,0.0,0.0,0.0,0.0,0.0,0.0,0.0,0.0,197.0,0.0,197.0,197.0,0.0,0.0,0.0,0.0,0.0,0.0,0.0,0.0,0.0,0.0,0,0,0,0,0.0,0.0,0,0,0,0,1,1,0,0,1.0,0.0,0.0,0.0,0,0,0,0,0,0,1,0,1,0,117,416,0,32,0.0,0.0,0.0,0.0,0.0,0.0,0.0,0.0
52593,53,17,64.0,96.0,32.0,32.0,32.0,0.0,48.0,48.0,48.0,0.0,47.0,75.055,134.0,3.0,3.0,3.0,0.0,3.0,3.0,3.0,3.0,0.0,3.0,3.0,0,0,0,0,32.0,48.0,0,0,0,0,0,0,0,0,1.0,48.0,32.0,48.0,0,0,0,0,0,0,2,64,2,96,-1,-1,1,32,0.0,0.0,0.0,0.0,0.0,0.0,0.0,0.0
28174,53,17,72.0,146.0,36.0,36.0,36.0,0.0,73.0,73.0,73.0,0.0,61.33,103.239,182.0,3.0,3.0,3.0,0.0,3.0,3.0,3.0,3.0,0.0,3.0,3.0,0,0,0,0,36.0,73.0,0,0,0,0,0,0,0,0,1.0,63.5,36.0,73.0,0,0,0,0,0,0,2,72,2,146,-1,-1,1,32,0.0,0.0,0.0,0.0,0.0,0.0,0.0,0.0
60563,53,17,42.0,132.0,42.0,42.0,42.0,0.0,132.0,132.0,132.0,0.0,96911.0,0.0,96911.0,96911.0,0.0,0.0,0.0,0.0,0.0,0.0,0.0,0.0,0.0,0.0,0,0,0,0,42.0,132.0,0,0,0,0,0,0,0,0,1.0,108.0,42.0,132.0,0,0,0,0,0,0,1,42,1,132,-1,-1,0,20,0.0,0.0,0.0,0.0,0.0,0.0,0.0,0.0
19118,53,17,80.0,452.0,40.0,40.0,40.0,0.0,226.0,226.0,226.0,0.0,74.66,128.117,218.0,3.0,3.0,3.0,0.0,3.0,3.0,4.0,4.0,0.0,4.0,4.0,0,0,0,0,40.0,226.0,0,0,0,0,0,0,0,0,1.0,143.0,40.0,226.0,0,0,0,0,0,0,2,80,2,452,-1,-1,1,20,0.0,0.0,0.0,0.0,0.0,0.0,0.0,0.0
48171,53,17,90.0,172.0,45.0,45.0,45.0,0.0,86.0,86.0,86.0,0.0,70.66,86.739,167.0,1.0,1.0,1.0,0.0,1.0,1.0,47.0,47.0,0.0,47.0,47.0,0,0,0,0,45.0,86.0,0,0,0,0,0,0,0,0,1.0,76.75,45.0,86.0,0,0,0,0,0,0,2,90,2,172,-1,-1,1,32,0.0,0.0,0.0,0.0,0.0,0.0,0.0,0.0
2004,80,6,12.0,0.0,6.0,6.0,6.0,0.0,0.0,0.0,0.0,0.0,124.0,0.0,124.0,124.0,124.0,124.0,0.0,124.0,124.0,0.0,0.0,0.0,0.0,0.0,0,0,0,0,6.0,6.0,0,0,0,0,1,0,0,0,0.0,9.0,6.0,0.0,0,0,0,0,0,0,2,12,0,0,63869,-1,1,20,0.0,0.0,0.0,0.0,0.0,0.0,0.0,0.0
65255,53,17,70.0,102.0,35.0,35.0,35.0,0.0,51.0,51.0,51.0,0.0,20420.0,35384.825,61256.0,3.0,3.0,3.0,0.0,3.0,3.0,4.0,4.0,0.0,4.0,4.0,0,0,0,0,35.0,51.0,0,0,0,0,0,0,0,0,1.0,51.75,35.0,51.0,0,0,0,0,0,0,2,70,2,102,-1,-1,1,32,0.0,0.0,0.0,0.0,0.0,0.0,0.0,0.0
52433,443,6,374.0,3428.0,193.0,0.0,46.75,72.4524,1400.0,0.0,685.5,664.0415,424136.3,1445844.818,5083145.0,43.0,5126981.0,712893.71,1919852.35,5083145.0,48.0,91147.0,15869.4,27545.758,50492.0,249.0,0,0,0,0,0.0,1400.0,0,0,0,1,0,0,0,0,0.0,279.7692,46.75,685.5,0,0,0,0,0,0,8,374,6,3428,8192,16784,7,20,548921.0,0.0,548921.0,548921.0,5083147.0,0.0,5083147.0,5083147.0
35185,80,6,0.0,0.0,0.0,0.0,0.0,0.0,0.0,0.0,0.0,0.0,1918817.66,3280533.113,5623484.0,30.0,5859637.0,2929818.5,3955619.663,5623484.0,23421.0,0.0,0.0,0.0,0.0,0.0,0,0,0,0,0.0,0.0,0,0,0,1,0,0,0,0,0.0,0.0,0.0,0.0,0,0,0,0,0,0,3,0,1,0,29200,65535,0,32,0.0,0.0,0.0,0.0,0.0,0.0,0.0,0.0
53830,443,6,12.0,0.0,6.0,6.0,6.0,0.0,0.0,0.0,0.0,0.0,30905.0,0.0,30905.0,30905.0,30905.0,30905.0,0.0,30905.0,30905.0,0.0,0.0,0.0,0.0,0.0,0,0,0,0,6.0,6.0,0,0,0,0,1,0,0,0,0.0,9.0,6.0,0.0,0,0,0,0,0,0,2,12,0,0,253,-1,1,20,0.0,0.0,0.0,0.0,0.0,0.0,0.0,0.0
443,58620,6,0.0,0.0,0.0,0.0,0.0,0.0,0.0,0.0,0.0,0.0,62.0,0.0,62.0,62.0,0.0,0.0,0.0,0.0,0.0,0.0,0.0,0.0,0.0,0.0,0,0,0,0,0.0,0.0,0,0,0,0,1,0,0,0,1.0,0.0,0.0,0.0,0,0,0,0,0,0,1,0,1,0,357,32832,0,32,0.0,0.0,0.0,0.0,0.0,0.0,0.0,0.0
52577,53,17,82.0,138.0,41.0,41.0,41.0,0.0,69.0,69.0,69.0,0.0,54.66,88.026,158.0,3.0,3.0,3.0,0.0,3.0,3.0,4.0,4.0,0.0,4.0,4.0,0,0,0,0,41.0,69.0,0,0,0,0,0,0,0,0,1.0,65.25,41.0,69.0,0,0,0,0,0,0,2,82,2,138,-1,-1,1,32,0.0,0.0,0.0,0.0,0.0,0.0,0.0,0.0
62606,443,6,580.0,162.0,517.0,0.0,116.0,225.1011,152.0,0.0,41.0,74.054,1103093.87,3553654.795,17644399.0,3.0,17763279.0,1917842.75,5719148.796,17725559.0,193.0,88767.0,29582.0,33357.712,61421.0,1.0,0,0,0,0,0.0,517.0,0,0,0,1,0,0,0,0,0.0,82.5,116.0,41.0,0,0,0,0,0,0,5,580,4,162,8192,946,4,20,0.0,0.0,0.0,0.0,0.0,0.0,0.0,0.0
61533,53,17,99.0,237.0,50.0,49.0,49.5,3.5355,132.0,118.0,118.5,13.4384,2892589.66,4458463.459,7511716.0,30650.0,7547791.0,7547791.0,0.0,7547791.0,7547791.0,7549057.0,7549057.0,0.0,7549057.0,7549057.0,0,0,0,0,49.0,132.0,0,0,0,0,0,0,0,0,1.0,98.5,49.5,118.5,0,0,0,0,0,0,2,99,2,237,-1,-1,1,20,30575.0,0.0,30575.0,30575.0,7511758.0,0.0,7511758.0,7511758.0
44524,443,6,0.0,0.0,0.0,0.0,0.0,0.0,0.0,0.0,0.0,0.0,95569.0,0.0,95569.0,95569.0,0.0,0.0,0.0,0.0,0.0,0.0,0.0,0.0,0.0,0.0,0,0,0,0,0.0,0.0,0,0,0,0,1,1,0,0,1.0,0.0,0.0,0.0,0,0,0,0,0,0,1,0,1,0,304,254,0,32,0.0,0.0,0.0,0.0,0.0,0.0,0.0,0.0
60472,53,17,55.0,110.0,55.0,55.0,55.0,0.0,110.0,110.0,110.0,0.0,48961.0,0.0,48961.0,48961.0,0.0,0.0,0.0,0.0,0.0,0.0,0.0,0.0,0.0,0.0,0,0,0,0,55.0,110.0,0,0,0,0,0,0,0,0,1.0,110.0,55.0,110.0,0,0,0,0,0,0,1,55,1,110,-1,-1,0,32,0.0,0.0,0.0,0.0,0.0,0.0,0.0,0.0
61499,53,17,44.0,131.0,44.0,44.0,44.0,0.0,131.0,131.0,131.0,0.0,23647.0,0.0,23647.0,23647.0,0.0,0.0,0.0,0.0,0.0,0.0,0.0,0.0,0.0,0.0,0,0,0,0,44.0,131.0,0,0,0,0,0,0,0,0,1.0,109.5,44.0,131.0,0,0,0,0,0,0,1,44,1,131,-1,-1,0,20,0.0,0.0,0.0,0.0,0.0,0.0,0.0,0.0
41788,443,6,12.0,0.0,6.0,6.0,6.0,0.0,0.0,0.0,0.0,0.0,3.0,0.0,3.0,3.0,3.0,3.0,0.0,3.0,3.0,0.0,0.0,0.0,0.0,0.0,0,0,0,0,6.0,6.0,1,0,0,0,0,0,0,0,0.0,9.0,6.0,0.0,0,0,0,0,0,0,2,12,0,0,0,-1,1,20,0.0,0.0,0.0,0.0,0.0,0.0,0.0,0.0
62174,53,17,49.0,191.0,49.0,49.0,49.0,0.0,191.0,191.0,191.0,0.0,30407.0,0.0,30407.0,30407.0,0.0,0.0,0.0,0.0,0.0,0.0,0.0,0.0,0.0,0.0,0,0,0,0,49.0,191.0,0,0,0,0,0,0,0,0,1.0,144.5,49.0,191.0,0,0,0,0,0,0,1,49,1,191,-1,-1,0,20,0.0,0.0,0.0,0.0,0.0,0.0,0.0,0.0
60397,53,17,41.0,157.0,41.0,41.0,41.0,0.0,157.0,157.0,157.0,0.0,91645.0,0.0,91645.0,91645.0,0.0,0.0,0.0,0.0,0.0,0.0,0.0,0.0,0.0,0.0,0,0,0,0,41.0,157.0,0,0,0,0,0,0,0,0,1.0,119.5,41.0,157.0,0,0,0,0,0,0,1,41,1,157,-1,-1,0,32,0.0,0.0,0.0,0.0,0.0,0.0,0.0,0.0
49113,53,17,132.0,196.0,33.0,33.0,33.0,0.0,98.0,98.0,98.0,0.0,13057.8,18316.491,48453.0,1.0,30485.0,10195.66,17598.864,30483.0,1.0,48.0,48.0,0.0,48.0,48.0,0,0,0,0,33.0,98.0,0,0,0,0,0,0,0,0,0.0,54.8333,33.0,98.0,0,0,0,0,0,0,4,132,2,196,-1,-1,3,20,0.0,0.0,0.0,0.0,0.0,0.0,0.0,0.0
59876,53,17,68.0,250.0,34.0,34.0,34.0,0.0,125.0,125.0,125.0,0.0,30304.33,52462.215,90906.0,3.0,3.0,3.0,0.0,3.0,3.0,3.0,3.0,0.0,3.0,3.0,0,0,0,0,34.0,125.0,0,0,0,0,0,0,0,0,1.0,88.0,34.0,125.0,0,0,0,0,0,0,2,68,2,250,-1,-1,1,32,0.0,0.0,0.0,0.0,0.0,0.0,0.0,0.0
60366,53,17,54.0,322.0,54.0,54.0,54.0,0.0,322.0,322.0,322.0,0.0,127231.0,0.0,127231.0,127231.0,0.0,0.0,0.0,0.0,0.0,0.0,0.0,0.0,0.0,0.0,0,0,0,0,54.0,322.0,0,0,0,0,0,0,0,0,1.0,215.0,54.0,322.0,0,0,0,0,0,0,1,54,1,322,-1,-1,0,32,0.0,0.0,0.0,0.0,0.0,0.0,0.0,0.0
53240,53,17,168.0,694.0,42.0,42.0,42.0,0.0,347.0,347.0,347.0,0.0,4424.2,11369.864,30488.0,1.0,30452.0,10154.0,17570.081,30458.0,1.0,12.0,10.33,25.591,16.0,2.0,0,0,0,0,42.0,347.0,0,0,0,0,0,0,0,0,1.0,192.0,42.0,347.0,0,0,0,0,0,0,4,168,4,694,-1,-1,3,32,0.0,0.0,0.0,0.0,0.0,0.0,0.0,0.0
59816,5669,6,6.0,12.0,6.0,6.0,6.0,0.0,6.0,6.0,6.0,0.0,46.0,3.632,46.0,49.0,0.0,0.0,0.0,0.0,0.0,49.0,49.0,0.0,49.0,49.0,0,0,0,0,6.0,6.0,0,0,0,0,1,1,0,0,2.0,8.0,6.0,6.0,0,0,0,0,0,0,1,6,2,12,385,250,0,20,0.0,0.0,0.0,0.0,0.0,0.0,0.0,0.0
51168,53,17,70.0,326.0,35.0,35.0,35.0,0.0,163.0,163.0,163.0,0.0,72.33,77.932,157.0,4.0,4.0,4.0,0.0,4.0,4.0,48.0,48.0,0.0,48.0,48.0,0,0,0,0,35.0,163.0,0,0,0,0,0,0,0,0,1.0,107.75,35.0,163.0,0,0,0,0,0,0,2,70,2,326,-1,-1,1,32,0.0,0.0,0.0,0.0,0.0,0.0,0.0,0.0
49208,443,6,2857.0,13280.0,2292.0,0.0,472.4286,1074.3211,2920.0,0.0,813.7273,1047.1937,52610.38,74047.254,265829.0,1.0,896123.0,122092.62,98328.767,265821.0,221.0,792532.0,94367.7,126308.561,365534.0,1.0,0,0,0,0,0.0,2920.0,0,0,0,1,0,0,0,0,1.0,656.9717,472.4286,813.7273,0,0,0,0,0,0,9,2857,11,13280,8192,7347,8,20,0.0,0.0,0.0,0.0,0.0,0.0,0.0,0.0
49818,443,6,1309.0,6880.0,1229.0,0.0,77.7368,281.1537,1418.0,0.0,372.5,599.5969,2917397.14,4533092.413,10017450.0,3.0,115430909.0,5714250.0,4944889.047,10031923.0,3.0,110474365.0,6149246.52,5016411.527,10031151.0,48.0,0,0,0,0,0.0,1418.0,0,0,0,1,0,0,0,0,0.0,207.875,77.7368,372.5,0,0,0,0,0,0,24,1309,20,6880,29200,362,4,32,52111.0,36375.853,166826.0,30615.0,9644073.54,1215891.696,10017458.0,5531359.0
443,50079,6,6.0,6.0,6.0,6.0,6.0,0.0,6.0,6.0,6.0,0.0,87.0,0.0,87.0,87.0,0.0,0.0,0.0,0.0,0.0,0.0,0.0,0.0,0.0,0.0,0,0,0,0,6.0,6.0,0,0,0,0,1,0,0,0,1.0,9.0,6.0,6.0,0,0,0,0,0,0,1,6,1,6,32,32850,0,20,0.0,0.0,0.0,0.0,0.0,0.0,0.0,0.0
80,54411,6,6.0,6.0,6.0,6.0,6.0,0.0,6.0,6.0,6.0,0.0,154.0,0.0,154.0,154.0,0.0,0.0,0.0,0.0,0.0,0.0,0.0,0.0,0.0,0.0,0,0,0,0,6.0,6.0,0,0,0,0,1,1,0,0,1.0,9.0,6.0,6.0,0,0,0,0,0,0,1,6,1,6,106,256,0,20,0.0,0.0,0.0,0.0,0.0,0.0,0.0,0.0
16793,53,17,74.0,170.0,37.0,37.0,37.0,0.0,85.0,85.0,85.0,0.0,72.33,127.958,215.0,3.0,3.0,3.0,0.0,3.0,3.0,4.0,4.0,0.0,4.0,4.0,0,0,0,0,37.0,85.0,0,0,0,0,0,0,0,0,1.0,70.25,37.0,85.0,0,0,0,0,0,0,2,74,2,170,-1,-1,1,32,0.0,0.0,0.0,0.0,0.0,0.0,0.0,0.0
65349,53,17,76.0,204.0,38.0,38.0,38.0,0.0,102.0,102.0,102.0,0.0,62.33,65.602,134.0,3.0,3.0,3.0,0.0,3.0,3.0,48.0,48.0,0.0,48.0,48.0,0,0,0,0,38.0,102.0,0,0,0,0,0,0,0,0,1.0,79.5,38.0,102.0,0,0,0,0,0,0,2,76,2,204,-1,-1,1,32,0.0,0.0,0.0,0.0,0.0,0.0,0.0,0.0
53188,80,6,428.0,8260.0,428.0,0.0,142.6667,247.1059,1760.0,0.0,866.5,833.0,41772.0,66926.656,125208.0,1.0,239926.0,119963.0,110469.66,125258.0,105.0,256479.0,59259.11,87130.94,255013.0,48.0,0,0,0,0,0.0,1760.0,0,0,0,1,0,0,0,0,1.0,584.85,142.6667,866.5,0,0,0,0,0,0,3,428,8,8260,29200,237,1,32,0.0,0.0,0.0,0.0,0.0,0.0,0.0,0.0
80,49116,6,6.0,6.0,6.0,6.0,6.0,0.0,6.0,6.0,6.0,0.0,76.0,0.0,76.0,76.0,0.0,0.0,0.0,0.0,0.0,0.0,0.0,0.0,0.0,0.0,0,0,0,0,6.0,6.0,0,0,0,0,1,1,0,0,1.0,9.0,6.0,6.0,0,0,0,0,0,0,1,6,1,6,1013,284,0,20,0.0,0.0,0.0,0.0,0.0,0.0,0.0,0.0
62436,53,17,180.0,473.0,45.0,45.0,45.0,0.0,110.0,113.0,116.6667,7.7973,4873090.71,12791153.011,41180123.0,1.0,42205394.0,10468496.0,16981049.212,41202390.0,1.0,42206765.0,17851888.5,26885890.612,41205136.0,1.0,0,0,0,0,45.0,110.0,0,0,0,0,0,0,0,0,1.0,84.625,45.0,116.6667,0,0,0,0,0,0,4,180,3,473,-1,-1,3,20,21025.0,0.0,21025.0,21025.0,41180128.0,100000.0,41180128.0,41180128.0
443,58684,6,0.0,0.0,0.0,0.0,0.0,0.0,0.0,0.0,0.0,0.0,33.0,46.161,63.0,3.0,3.0,3.0,0.0,3.0,3.0,0.0,0.0,0.0,0.0,0.0,0,0,0,0,0.0,0.0,0,0,0,0,1,1,0,0,0.0,0.0,0.0,0.0,0,0,0,0,0,0,2,0,1,0,349,32832,0,32,0.0,0.0,0.0,0.0,0.0,0.0,0.0,0.0
61352,443,6,74.0,0.0,37.0,37.0,37.0,0.0,0.0,0.0,0.0,0.0,32032260.0,0.0,32032260.0,32032260.0,32032260.0,32032260.0,0.0,32032260.0,32032260.0,0.0,0.0,0.0,0.0,0.0,1,0,0,0,37.0,37.0,0,1,0,0,1,1,0,0,0.0,55.5,37.0,0.0,0,0,0,0,0,0,2,74,0,0,33304,-1,1,32,0.0,0.0,0.0,0.0,0.0,0.0,0.0,0.0
59543,443,6,0.0,0.0,0.0,0.0,0.0,0.0,0.0,0.0,0.0,0.0,4385906.0,0.0,4385906.0,4385906.0,4385906.0,4385906.0,0.0,4385906.0,4385906.0,0.0,0.0,0.0,0.0,0.0,0,0,0,0,0.0,0.0,0,0,0,0,1,1,0,0,0.0,0.0,0.0,0.0,0,0,0,0,0,0,2,0,0,0,33304,-1,0,32,0.0,0.0,0.0,0.0,0.0,0.0,0.0,0.0
61335,53,17,57.0,73.0,57.0,57.0,57.0,0.0,73.0,73.0,73.0,0.0,30627.0,0.0,30627.0,30627.0,0.0,0.0,0.0,0.0,0.0,0.0,0.0,0.0,0.0,0.0,0,0,0,0,57.0,73.0,0,0,0,0,0,0,0,0,1.0,93.5,57.0,73.0,0,0,0,0,0,0,1,57,1,73,-1,-1,0,32,0.0,0.0,0.0,0.0,0.0,0.0,0.0,0.0
443,62521,6,0.0,0.0,0.0,0.0,0.0,0.0,0.0,0.0,0.0,0.0,53.0,0.0,53.0,53.0,0.0,0.0,0.0,0.0,0.0,0.0,0.0,0.0,0.0,0.0,0,0,0,0,0.0,0.0,0,0,0,0,1,0,0,0,1.0,0.0,0.0,0.0,0,0,0,0,0,0,1,0,1,0,362,32832,0,32,0.0,0.0,0.0,0.0,0.0,0.0,0.0,0.0
27275,53,17,70.0,178.0,35.0,35.0,35.0,0.0,89.0,89.0,89.0,0.0,51.0,88.881,156.0,3.0,3.0,3.0,0.0,3.0,3.0,4.0,4.0,0.0,4.0,4.0,0,0,0,0,35.0,89.0,0,0,0,0,0,0,0,0,1.0,70.75,35.0,89.0,0,0,0,0,0,0,2,70,2,178,-1,-1,1,32,0.0,0.0,0.0,0.0,0.0,0.0,0.0,0.0
55880,443,6,819.0,5899.0,389.0,0.0,61.9231,123.6142,1839.0,0.0,745.875,802.3911,21202.15,42897.575,146004.0,1.0,444384.0,36309.75,51620.122,149004.0,1.0,390495.0,58265.57,43296.8,164020.0,50.0,0,0,0,0,0.0,1839.0,0,0,0,1,0,0,0,0,0.0,338.0333,61.9231,745.875,0,0,0,0,0,0,13,819,8,5899,65535,114,6,32,0.0,0.0,0.0,0.0,0.0,0.0,0.0,0.0
52520,53,17,86.0,218.0,43.0,43.0,43.0,0.0,109.0,109.0,109.0,0.0,65.66,79.485,159.0,4.0,4.0,4.0,0.0,4.0,4.0,48.0,48.0,0.0,48.0,48.0,0,0,0,0,43.0,109.0,0,0,0,0,0,0,0,0,1.0,86.75,43.0,109.0,0,0,0,0,0,0,2,86,2,218,-1,-1,1,20,0.0,0.0,0.0,0.0,0.0,0.0,0.0,0.0
443,63056,6,37.0,0.0,37.0,0.0,18.5,26.163,0.0,0.0,0.0,0.0,3.0,0.0,3.0,3.0,3.0,3.0,0.0,3.0,3.0,0.0,0.0,0.0,0.0,0.0,1,0,0,0,0.0,37.0,0,1,0,0,1,0,0,0,0.0,37.0,18.5,0.0,0,0,0,0,0,0,2,37,0,0,114,-1,0,32,0.0,0.0,0.0,0.0,0.0,0.0,0.0,0.0
62977,53,17,55.0,111.0,55.0,55.0,55.0,0.0,111.0,111.0,111.0,0.0,48126.0,0.0,48126.0,48126.0,0.0,0.0,0.0,0.0,0.0,0.0,0.0,0.0,0.0,0.0,0,0,0,0,55.0,111.0,0,0,0,0,0,0,0,0,1.0,110.5,55.0,111.0,0,0,0,0,0,0,1,55,1,111,-1,-1,0,32,0.0,0.0,0.0,0.0,0.0,0.0,0.0,0.0
58716,443,6,43.0,0.0,31.0,6.0,14.3333,14.4338,0.0,0.0,0.0,0.0,271.5,333.205,551.0,1.0,551.0,270.5,397.18,551.0,1.0,0.0,0.0,0.0,0.0,0.0,0,0,0,0,6.0,31.0,0,0,0,0,1,0,0,0,0.0,16.3333,14.3333,0.0,0,0,0,0,0,0,3,43,0,0,16425,-1,2,20,0.0,0.0,0.0,0.0,0.0,0.0,0.0,0.0
60450,53,17,64.0,96.0,32.0,32.0,32.0,0.0,48.0,48.0,48.0,0.0,56.33,54.848,118.0,4.0,4.0,4.0,0.0,4.0,4.0,47.0,47.0,0.0,47.0,47.0,0,0,0,0,32.0,48.0,0,0,0,0,0,0,0,0,1.0,48.0,32.0,48.0,0,0,0,0,0,0,2,64,2,96,-1,-1,1,32,0.0,0.0,0.0,0.0,0.0,0.0,0.0,0.0
443,62081,6,12.0,0.0,6.0,6.0,6.0,0.0,0.0,0.0,0.0,0.0,2.0,0.0,2.0,2.0,2.0,2.0,0.0,2.0,2.0,0.0,0.0,0.0,0.0,0.0,0,0,0,0,6.0,6.0,0,0,0,0,1,0,0,0,0.0,9.0,6.0,0.0,0,0,0,0,0,0,2,12,0,0,360,-1,1,20,0.0,0.0,0.0,0.0,0.0,0.0,0.0,0.0
60638,53,17,107.0,175.0,64.0,48.0,53.5,10.6066,95.0,90.0,95.5,3.4358,21772095.0,37129833.603,63359939.0,30726.0,63389003.0,63389003.0,0.0,63389003.0,63389003.0,63399389.0,63399389.0,0.0,63399389.0,63399389.0,0,0,0,0,48.0,95.0,0,0,0,0,0,0,0,0,1.0,82.0,53.5,95.5,0,0,0,0,0,0,2,107,2,175,-1,-1,1,32,37616.0,0.0,37616.0,37616.0,63359904.0,0.0,63359904.0,63359904.0
59854,443,6,3643.0,835.0,969.0,0.0,338.8571,462.7851,353.0,0.0,183.75,128.8139,971438.95,2642972.497,9797245.0,15.0,9955215.0,1791456.58,3738463.04,9797245.0,53454.0,19807192.0,2080367.28,3422875.065,9770344.0,221.0,0,0,0,0,0.0,969.0,0,0,0,1,0,0,0,0,0.0,375.4333,338.8571,183.75,0,0,0,0,0,0,9,3643,8,835,8192,7453,8,20,93931.0,0.0,93931.0,93931.0,9797248.0,0.0,9797248.0,9797248.0
443,52789,6,0.0,0.0,0.0,0.0,0.0,0.0,0.0,0.0,0.0,0.0,56.0,0.0,56.0,56.0,0.0,0.0,0.0,0.0,0.0,0.0,0.0,0.0,0.0,0.0,0,0,0,0,0.0,0.0,0,0,0,0,1,0,0,0,1.0,0.0,0.0,0.0,0,0,0,0,0,0,1,0,1,0,362,32832,0,32,0.0,0.0,0.0,0.0,0.0,0.0,0.0,0.0
65496,53,17,170.0,372.0,85.0,85.0,85.0,0.0,186.0,186.0,186.0,0.0,7930.66,13769.761,23746.0,4.0,4.0,4.0,0.0,4.0,4.0,4.0,4.0,0.0,4.0,4.0,0,0,0,0,85.0,186.0,0,0,0,0,0,0,0,0,1.0,169.75,85.0,186.0,0,0,0,0,0,0,2,170,2,372,-1,-1,1,20,0.0,0.0,0.0,0.0,0.0,0.0,0.0,0.0
52276,389,6,2986.0,6356.0,1305.0,0.0,135.7273,379.2934,2910.0,0.0,488.9231,967.6078,3424199.07,19338711.35,119523252.0,1.0,119512778.0,5658529.86,25556953.904,119523262.0,1.0,119507094.0,9161753.83,34140629.674,119674107.0,3.0,0,0,0,0,0.0,2910.0,0,0,0,1,0,0,0,0,0.0,266.9143,135.7273,488.9231,0,0,0,0,0,0,22,2986,13,6356,65535,0,10,32,74238.0,0.0,74238.0,74238.0,119523254.0,0.0,119523254.0,119523254.0
58831,53,17,74.0,154.0,37.0,37.0,37.0,0.0,77.0,77.0,77.0,0.0,20467.66,35415.403,61307.0,3.0,48.0,48.0,0.0,48.0,48.0,3.0,3.0,0.0,3.0,3.0,0,0,0,0,37.0,77.0,0,0,0,0,0,0,0,0,1.0,66.25,37.0,77.0,0,0,0,0,0,0,2,74,2,154,-1,-1,1,32,0.0,0.0,0.0,0.0,0.0,0.0,0.0,0.0
62782,443,6,0.0,0.0,0.0,0.0,0.0,0.0,0.0,0.0,0.0,0.0,14418.5,25599.278,42880.0,3.0,3.0,3.0,0.0,3.0,3.0,0.0,0.0,0.0,0.0,0.0,0,0,0,0,0.0,0.0,0,0,0,0,1,1,0,0,0.0,0.0,0.0,0.0,0,0,0,0,0,0,2,0,1,0,32832,362,0,32,0.0,0.0,0.0,0.0,0.0,0.0,0.0,0.0
55601,53,17,94.0,220.0,47.0,47.0,47.0,0.0,110.0,110.0,110.0,0.0,73.33,129.977,217.0,1.0,1.0,1.0,0.0,1.0,1.0,1.0,1.0,0.0,1.0,1.0,0,0,0,0,47.0,110.0,0,0,0,0,0,0,0,0,1.0,90.25,47.0,110.0,0,0,0,0,0,0,2,94,2,220,-1,-1,1,20,0.0,0.0,0.0,0.0,0.0,0.0,0.0,0.0
42359,80,6,12.0,0.0,6.0,6.0,6.0,0.0,0.0,0.0,0.0,0.0,4476.0,0.0,4476.0,4476.0,4476.0,4476.0,0.0,4476.0,4476.0,0.0,0.0,0.0,0.0,0.0,0,0,0,0,6.0,6.0,0,0,0,0,1,0,0,0,0.0,9.0,6.0,0.0,0,0,0,0,0,0,2,12,0,0,63013,-1,1,20,0.0,0.0,0.0,0.0,0.0,0.0,0.0,0.0
52272,443,6,1080.0,5920.0,785.0,0.0,103.3333,232.2145,1448.0,0.0,660.0,729.5845,63820.66,156598.722,499752.0,3.0,554208.0,86000.14,141841.013,592550.0,3.0,593736.0,92113.57,129381.986,539234.0,49.0,0,0,0,0,0.0,1448.0,0,0,0,1,0,0,0,0,0.0,340.7552,103.3333,660.0,0,0,0,0,0,0,12,1080,8,5920,65535,116,6,32,0.0,0.0,0.0,0.0,0.0,0.0,0.0,0.0
443,34145,6,0.0,0.0,0.0,0.0,0.0,0.0,0.0,0.0,0.0,0.0,22.0,0.0,22.0,22.0,0.0,0.0,0.0,0.0,0.0,0.0,0.0,0.0,0.0,0.0,0,0,0,0,0.0,0.0,0,0,0,0,1,1,0,0,1.0,0.0,0.0,0.0,0,0,0,0,0,0,1,0,1,0,442,1445,0,32,0.0,0.0,0.0,0.0,0.0,0.0,0.0,0.0
443,40839,6,0.0,0.0,0.0,0.0,0.0,0.0,0.0,0.0,0.0,0.0,52.0,0.0,52.0,52.0,0.0,0.0,0.0,0.0,0.0,0.0,0.0,0.0,0.0,0.0,0,0,0,0,0.0,0.0,0,0,0,0,1,1,0,0,1.0,0.0,0.0,0.0,0,0,0,0,0,0,1,0,1,0,358,362,0,32,0.0,0.0,0.0,0.0,0.0,0.0,0.0,0.0
62001,443,6,37.0,0.0,37.0,0.0,7.4,16.5469,0.0,0.0,0.0,0.0,1162.5,1350.006,7134.0,1.0,7125.0,1731.75,3130.119,7134.0,1.0,0.0,0.0,0.0,0.0,0.0,0,0,0,0,0.0,37.0,0,0,0,0,1,0,0,0,0.0,7.4,7.4,0.0,0,0,0,0,0,0,5,37,0,0,33213,-1,1,32,0.0,0.0,0.0,0.0,0.0,0.0,0.0,0.0
443,50556,6,37.0,0.0,37.0,0.0,18.5,26.163,0.0,0.0,0.0,0.0,4.0,0.0,4.0,4.0,4.0,4.0,0.0,4.0,4.0,0.0,0.0,0.0,0.0,0.0,1,0,0,0,0.0,37.0,0,1,0,0,1,0,0,0,0.0,37.0,18.5,0.0,0,0,0,0,0,0,2,37,0,0,972,-1,0,32,0.0,0.0,0.0,0.0,0.0,0.0,0.0,0.0
443,54268,6,6.0,6.0,6.0,6.0,6.0,0.0,6.0,6.0,6.0,0.0,65.0,0.0,65.0,65.0,0.0,0.0,0.0,0.0,0.0,0.0,0.0,0.0,0.0,0.0,0,0,0,0,6.0,6.0,0,0,0,0,1,1,0,0,1.0,9.0,6.0,6.0,0,0,0,0,0,0,1,6,1,6,4764,255,0,20,0.0,0.0,0.0,0.0,0.0,0.0,0.0,0.0
61780,53,17,89.0,157.0,89.0,89.0,89.0,0.0,157.0,157.0,157.0,0.0,30568.0,0.0,30568.0,30568.0,0.0,0.0,0.0,0.0,0.0,0.0,0.0,0.0,0.0,0.0,0,0,0,0,89.0,157.0,0,0,0,0,0,0,0,0,1.0,157.5,89.0,157.0,0,0,0,0,0,0,1,89,1,157,-1,-1,0,20,0.0,0.0,0.0,0.0,0.0,0.0,0.0,0.0
53126,80,6,0.0,0.0,0.0,0.0,0.0,0.0,0.0,0.0,0.0,0.0,1856515.0,3297511.418,5632491.0,87.0,5666551.0,2833275.5,3982426.24,5632491.0,32684.0,0.0,0.0,0.0,0.0,0.0,0,0,0,0,0.0,0.0,0,0,0,1,0,0,0,0,0.0,0.0,0.0,0.0,0,0,0,0,0,0,3,0,1,0,29200,28960,0,32,0.0,0.0,0.0,0.0,0.0,0.0,0.0,0.0
50504,80,6,650.0,669.0,600.0,0.0,130.0,280.2425,653.0,2.0,229.3333,362.5949,375104.14,1064120.925,3187925.0,2.0,3428259.0,664589.25,1667742.972,3187925.0,322.0,3322402.0,734330.0,1627426.364,3188853.0,2.0,0,0,0,0,0.0,653.0,0,0,0,1,0,0,0,0,0.0,198.6429,130.0,229.3333,0,0,0,0,0,0,5,650,3,669,8192,17540,4,20,0.0,0.0,0.0,0.0,0.0,0.0,0.0,0.0
56004,53,17,66.0,228.0,33.0,33.0,33.0,0.0,114.0,114.0,114.0,0.0,10550.66,18274.609,31645.0,3.0,48.0,48.0,0.0,48.0,48.0,3.0,3.0,0.0,3.0,3.0,0,0,0,0,33.0,114.0,0,0,0,0,0,0,0,0,1.0,81.75,33.0,114.0,0,0,0,0,0,0,2,66,2,228,-1,-1,1,32,0.0,0.0,0.0,0.0,0.0,0.0,0.0,0.0
443,59044,6,12.0,0.0,6.0,6.0,6.0,0.0,0.0,0.0,0.0,0.0,2872.0,0.0,2872.0,2872.0,2872.0,2872.0,0.0,2872.0,2872.0,0.0,0.0,0.0,0.0,0.0,0,0,0,0,6.0,6.0,0,0,0,0,1,0,0,0,0.0,9.0,6.0,0.0,0,0,0,0,0,0,2,12,0,0,5140,-1,1,20,0.0,0.0,0.0,0.0,0.0,0.0,0.0,0.0
15597,53,17,82.0,248.0,41.0,41.0,41.0,0.0,124.0,124.0,124.0,0.0,64.33,106.509,184.0,1.0,1.0,1.0,0.0,1.0,1.0,1.0,1.0,0.0,1.0,1.0,0,0,0,0,41.0,124.0,0,0,0,0,0,0,0,0,1.0,92.75,41.0,124.0,0,0,0,0,0,0,2,82,2,248,-1,-1,1,20,0.0,0.0,0.0,0.0,0.0,0.0,0.0,0.0
57578,53,17,140.0,254.0,35.0,35.0,35.0,0.0,127.0,127.0,127.0,0.0,22465.2,34424.203,61930.0,2.0,30921.0,10373.33,17852.883,30910.0,2.0,3.0,3.0,0.0,3.0,3.0,0,0,0,0,35.0,127.0,0,0,0,0,0,0,0,0,0.0,64.5,35.0,127.0,0,0,0,0,0,0,4,140,2,254,-1,-1,3,20,0.0,0.0,0.0,0.0,0.0,0.0,0.0,0.0
22,39406,6,0.0,0.0,0.0,0.0,0.0,0.0,0.0,0.0,0.0,0.0,39.0,8.149,49.0,29.0,0.0,0.0,0.0,0.0,0.0,49.0,49.0,0.0,49.0,49.0,0,0,0,0,0.0,0.0,0,0,0,0,1,1,0,0,2.0,0.0,0.0,0.0,0,0,0,0,0,0,1,0,2,0,243,290,0,32,0.0,0.0,0.0,0.0,0.0,0.0,0.0,0.0
62407,443,6,29.0,0.0,29.0,0.0,7.25,14.5,0.0,0.0,0.0,0.0,1569.0,2572.064,4082.0,3.0,4079.0,1396.0,2522.968,4082.0,3.0,0.0,0.0,0.0,0.0,0.0,0,0,0,0,0.0,29.0,0,0,0,0,1,1,0,0,0.0,7.25,7.25,0.0,0,0,0,0,0,0,4,29,0,0,33061,-1,1,32,0.0,0.0,0.0,0.0,0.0,0.0,0.0,0.0
56853,443,6,474.0,644.0,314.0,0.0,79.0,130.3089,485.0,0.0,92.0,179.684,25437.86,35669.378,88860.0,1.0,266370.0,52078.0,31039.551,98960.0,78201.0,266307.0,36532.42,49727.408,127773.0,1.0,0,0,0,0,0.0,485.0,0,0,0,1,0,0,0,0,1.0,86.0,79.0,92.0,0,0,0,0,0,0,6,474,8,644,65535,114,3,32,0.0,0.0,0.0,0.0,0.0,0.0,0.0,0.0
52301,443,6,1135.0,35106.0,502.0,0.0,40.4518,120.3926,2896.0,0.0,1119.6396,946.4238,1265801.78,8139872.083,58180842.0,0.0,58683103.0,2634152.36,10579180.81,58180942.0,1.0,600515.0,78736.7,75084.043,108138.0,1.0,0,0,0,0,0.0,2896.0,0,0,0,1,0,0,0,0,1.0,691.925,40.4518,1119.6396,0,0,0,0,0,0,36,1135,49,35106,29200,122,7,32,154749.0,0.0,154749.0,154749.0,58180814.0,0.0,58180844.0,58180814.0
36968,443,6,0.0,0.0,0.0,0.0,0.0,0.0,0.0,0.0,0.0,0.0,18339.0,25547.956,36633.0,35.0,0.0,0.0,0.0,0.0,0.0,2694.0,2694.0,0.0,2694.0,2694.0,0,0,0,0,0.0,0.0,0,0,0,0,1,0,0,0,2.0,0.0,0.0,0.0,0,0,0,0,0,0,1,0,2,0,3304,64,0,32,0.0,0.0,0.0,0.0,0.0,0.0,0.0,0.0
61490,53,17,55.0,118.0,55.0,55.0,55.0,0.0,118.0,118.0,118.0,0.0,30617.0,0.0,30617.0,30617.0,0.0,0.0,0.0,0.0,0.0,0.0,0.0,0.0,0.0,0.0,0,0,0,0,55.0,118.0,0,0,0,0,0,0,0,0,1.0,114.0,55.0,118.0,0,0,0,0,0,0,1,55,1,118,-1,-1,0,32,0.0,0.0,0.0,0.0,0.0,0.0,0.0,0.0
443,51554,6,31.0,0.0,31.0,0.0,15.5,21.9203,0.0,0.0,0.0,0.0,3.0,0.0,3.0,3.0,3.0,3.0,0.0,3.0,3.0,0.0,0.0,0.0,0.0,0.0,1,0,0,0,0.0,31.0,0,1,0,0,1,0,0,0,0.0,31.0,15.5,0.0,0,0,0,0,0,0,2,31,0,0,59,-1,0,32,0.0,0.0,0.0,0.0,0.0,0.0,0.0,0.0
443,35316,6,31.0,6.0,31.0,0.0,15.5,21.9203,6.0,6.0,6.0,0.0,27.0,38.585,54.0,4.0,4.0,4.0,0.0,4.0,4.0,0.0,0.0,0.0,0.0,0.0,1,0,0,0,0.0,31.0,0,1,0,0,1,0,0,0,0.0,22.6667,15.5,6.0,0,0,0,0,0,0,2,31,1,6,1234,0,0,32,0.0,0.0,0.0,0.0,0.0,0.0,0.0,0.0
80,57394,6,0.0,0.0,0.0,0.0,0.0,0.0,0.0,0.0,0.0,0.0,80.0,0.0,80.0,80.0,0.0,0.0,0.0,0.0,0.0,0.0,0.0,0.0,0.0,0.0,0,0,0,0,0.0,0.0,0,0,0,0,1,1,0,0,1.0,0.0,0.0,0.0,0,0,0,0,0,0,1,0,1,0,59,33304,0,32,0.0,0.0,0.0,0.0,0.0,0.0,0.0,0.0
60333,53,17,73.0,436.0,33.0,33.0,33.0,0.0,218.0,218.0,218.0,0.0,62.33,102.468,181.0,3.0,3.0,3.0,0.0,3.0,3.0,3.0,3.0,0.0,3.0,3.0,0,0,0,0,33.0,218.0,0,0,0,0,0,0,0,0,1.0,132.75,33.0,218.0,0,0,0,0,0,0,2,73,2,436,-1,-1,1,20,0.0,0.0,0.0,0.0,0.0,0.0,0.0,0.0
60267,443,6,7217.0,133296.0,1169.0,0.0,56.5465,209.9401,2836.0,0.0,1617.2105,574.9628,420371.02,1776295.775,10019197.0,1.0,119730922.0,927731.3,2829420.822,10047918.0,1.0,114678342.0,630749.94,2651907.061,10065999.0,1.0,0,0,0,0,0.0,2836.0,0,0,0,1,0,0,0,0,1.0,966.5022,56.5465,1617.2105,0,0,0,0,0,0,157,7217,145,133296,29200,411,10,32,1058153.09,1706997.157,4061916.0,23764.0,9620207.16,1317218.678,10019194.0,6814559.0
12019,53,17,84.0,282.0,42.0,42.0,42.0,0.0,141.0,141.0,141.0,0.0,7961.66,13770.49,23878.0,4.0,4.0,4.0,0.0,4.0,4.0,48.0,48.0,0.0,48.0,48.0,0,0,0,0,42.0,141.0,0,0,0,0,0,0,0,0,1.0,102.0,42.0,141.0,0,0,0,0,0,0,2,84,2,282,-1,-1,1,20,0.0,0.0,0.0,0.0,0.0,0.0,0.0,0.0
62408,53,17,42.0,58.0,42.0,42.0,42.0,0.0,58.0,58.0,58.0,0.0,30752.0,0.0,30752.0,30752.0,0.0,0.0,0.0,0.0,0.0,0.0,0.0,0.0,0.0,0.0,0,0,0,0,42.0,58.0,0,0,0,0,0,0,0,0,1.0,71.0,42.0,58.0,0,0,0,0,0,0,1,42,1,58,-1,-1,0,32,0.0,0.0,0.0,0.0,0.0,0.0,0.0,0.0
55390,443,6,1421.0,795.0,517.0,0.0,182.0,240.5354,509.0,0.0,115.875,218.1298,800720.88,2555855.231,9943492.0,45.0,10107828.0,1423957.0,3576297.559,9943492.0,499.0,15147774.0,1422913.57,3674756.993,9999695.0,646.0,0,0,0,0,0.0,507.0,0,0,0,1,0,0,0,0,1.0,165.4624,182.0,115.875,0,0,0,0,0,0,7,1421,8,795,8192,247,6,20,929294.0,0.0,929294.0,929294.0,9943474.0,0.0,9943494.0,9943474.0
443,54958,6,37.0,0.0,37.0,0.0,18.5,26.163,0.0,0.0,0.0,0.0,4.0,0.0,4.0,4.0,4.0,4.0,0.0,4.0,4.0,0.0,0.0,0.0,0.0,0.0,1,0,0,0,0.0,37.0,0,1,0,0,1,0,0,0,0.0,37.0,18.5,0.0,0,0,0,0,0,0,2,37,0,0,1106,-1,0,32,0.0,0.0,0.0,0.0,0.0,0.0,0.0,0.0
40720,53,17,60.0,188.0,30.0,30.0,30.0,0.0,94.0,94.0,94.0,0.0,10332.66,17869.912,30992.0,3.0,3.0,3.0,0.0,3.0,3.0,3.0,3.0,0.0,3.0,3.0,0,0,0,0,30.0,94.0,0,0,0,0,0,0,0,0,1.0,69.5,30.0,94.0,0,0,0,0,0,0,2,60,2,188,-1,-1,1,32,0.0,0.0,0.0,0.0,0.0,0.0,0.0,0.0
50466,443,6,490.0,644.0,330.0,0.0,81.6667,136.1142,485.0,0.0,92.0,179.684,37448.33,41161.611,149514.0,3.0,533105.0,68212.4,37388.506,149514.0,29092.0,448703.0,68540.83,66229.324,145424.0,3.0,0,0,0,0,0.0,485.0,0,0,0,1,0,0,0,0,1.0,87.0,81.6667,92.0,0,0,0,0,0,0,6,490,7,644,65535,104,3,32,0.0,0.0,0.0,0.0,0.0,0.0,0.0,0.0
3199,80,6,12.0,0.0,6.0,6.0,6.0,0.0,0.0,0.0,0.0,0.0,1026570.0,0.0,1026570.0,1026570.0,1026570.0,1026570.0,0.0,1026570.0,1026570.0,0.0,0.0,0.0,0.0,0.0,0,0,0,0,6.0,6.0,0,0,0,0,1,0,0,0,0.0,9.0,6.0,0.0,0,0,0,0,0,0,2,12,0,0,256,-1,1,20,0.0,0.0,0.0,0.0,0.0,0.0,0.0,0.0
443,59780,6,147.0,0.0,167.0,0.0,82.3333,117.0424,0.0,0.0,0.0,0.0,73.5,68.467,58.0,4.0,117.0,58.5,42.839,18.0,4.0,0.0,0.0,0.0,0.0,0.0,0,0,0,0,0.0,167.0,0,0,0,0,1,0,0,0,0.0,82.3333,82.3333,0.0,0,0,0,0,0,0,3,147,0,0,118,-1,1,32,0.0,0.0,0.0,0.0,0.0,0.0,0.0,0.0
57067,80,6,12.0,2.0,6.0,0.0,4.0,3.4641,2.0,2.0,2.0,0.0,1633741.33,2868565.15,5097287.0,10.0,5115924.0,2557962.0,3522535.34,5097287.0,123255.0,0.0,0.0,0.0,0.0,0.0,0,0,0,0,0.0,6.0,0,0,0,1,0,0,0,0,0.0,3.5,4.0,2.0,0,0,0,0,0,0,3,12,1,2,8192,8190,2,20,0.0,0.0,0.0,0.0,0.0,0.0,0.0,0.0
443,55013,6,37.0,0.0,31.0,6.0,18.5,17.6777,0.0,0.0,0.0,0.0,4.0,0.0,4.0,4.0,4.0,4.0,0.0,4.0,4.0,0.0,0.0,0.0,0.0,0.0,1,0,0,0,6.0,31.0,0,1,0,0,1,0,0,0,0.0,34.0,18.5,0.0,0,0,0,0,0,0,2,37,0,0,110,-1,1,20,0.0,0.0,0.0,0.0,0.0,0.0,0.0,0.0
58354,443,6,1688.0,7289.0,1160.0,0.0,126.5556,354.1414,1418.0,0.0,656.3636,728.1007,7790.03,12423.937,36033.0,1.0,103088.0,14675.76,16945.314,36910.0,1.0,154349.0,10269.0,15742.131,56264.0,2.0,0,0,0,0,0.0,1418.0,0,0,0,1,0,0,0,0,0.0,379.7063,126.5556,656.3636,0,0,0,0,0,0,19,1688,11,7289,65535,362,7,32,0.0,0.0,0.0,0.0,0.0,0.0,0.0,0.0
21,56895,6,6.0,6.0,6.0,6.0,6.0,0.0,6.0,6.0,6.0,0.0,48.0,0.0,48.0,48.0,0.0,0.0,0.0,0.0,0.0,0.0,0.0,0.0,0.0,0.0,0,0,0,0,6.0,6.0,0,0,0,0,1,1,0,0,1.0,9.0,6.0,6.0,0,0,0,0,0,0,1,6,1,6,229,255,0,20,0.0,0.0,0.0,0.0,0.0,0.0,0.0,0.0
60341,443,6,2443.0,4752.0,847.0,0.0,157.7333,285.9468,1460.0,0.0,360.7895,480.6716,603161.27,2282930.068,13046840.0,0.0,24617666.0,979510.9,2800985.327,13046840.0,1.0,13584260.0,1269971.0,3072511.793,13170686.0,0.0,0,0,0,0,0.0,1460.0,0,0,0,1,0,0,0,0,1.0,302.3837,157.7333,360.7895,0,0,0,0,0,0,15,2443,16,4752,8192,767,14,20,559287.0,0.0,559287.0,559287.0,13046884.0,0.0,13046884.0,13046884.0
60506,53,17,55.0,121.0,55.0,55.0,55.0,0.0,121.0,121.0,121.0,0.0,30756.0,0.0,30756.0,30756.0,0.0,0.0,0.0,0.0,0.0,0.0,0.0,0.0,0.0,0.0,0,0,0,0,55.0,121.0,0,0,0,0,0,0,0,0,1.0,115.5,55.0,121.0,0,0,0,0,0,0,1,55,1,121,-1,-1,0,32,0.0,0.0,0.0,0.0,0.0,0.0,0.0,0.0
443,62182,6,6.0,6.0,6.0,6.0,6.0,0.0,6.0,6.0,6.0,0.0,82.0,0.0,82.0,82.0,0.0,0.0,0.0,0.0,0.0,0.0,0.0,0.0,0.0,0.0,0,0,0,0,6.0,6.0,0,0,0,0,1,1,0,0,1.0,9.0,6.0,6.0,0,0,0,0,0,0,1,6,1,6,32,32850,0,20,0.0,0.0,0.0,0.0,0.0,0.0,0.0,0.0
16826,53,17,68.0,182.0,34.0,34.0,34.0,0.0,91.0,91.0,91.0,0.0,9926.0,16001.187,29772.0,3.0,3.0,3.0,0.0,3.0,3.0,49.0,49.0,0.0,49.0,49.0,0,0,0,0,34.0,91.0,0,0,0,0,0,0,0,0,1.0,71.0,34.0,91.0,0,0,0,0,0,0,2,68,2,182,-1,-1,1,40,0.0,0.0,0.0,0.0,0.0,0.0,0.0,0.0
443,60891,6,0.0,0.0,0.0,0.0,0.0,0.0,0.0,0.0,0.0,0.0,51.0,0.0,51.0,51.0,0.0,0.0,0.0,0.0,0.0,0.0,0.0,0.0,0.0,0.0,0,0,0,0,0.0,0.0,0,0,0,0,1,1,0,0,1.0,0.0,0.0,0.0,0,0,0,0,0,0,1,0,1,0,122,33304,0,32,0.0,0.0,0.0,0.0,0.0,0.0,0.0,0.0
60580,53,17,77.0,139.0,77.0,77.0,77.0,0.0,139.0,139.0,139.0,0.0,406.0,0.0,406.0,406.0,0.0,0.0,0.0,0.0,0.0,0.0,0.0,0.0,0.0,0.0,0,0,0,0,77.0,139.0,0,0,0,0,0,0,0,0,1.0,146.5,77.0,139.0,0,0,0,0,0,0,1,77,1,139,-1,-1,0,20,0.0,0.0,0.0,0.0,0.0,0.0,0.0,0.0
62052,53,17,76.0,232.0,38.0,38.0,38.0,0.0,116.0,116.0,116.0,0.0,10373.66,17931.361,31111.0,1.0,1.0,1.0,0.0,1.0,1.0,3.0,3.0,0.0,3.0,3.0,0,0,0,0,38.0,116.0,0,0,0,0,0,0,0,0,1.0,86.5,38.0,116.0,0,0,0,0,0,0,2,76,2,232,-1,-1,1,32,0.0,0.0,0.0,0.0,0.0,0.0,0.0,0.0
53170,443,6,74.0,0.0,37.0,37.0,37.0,0.0,0.0,0.0,0.0,0.0,64063359.0,0.0,64063359.0,64063359.0,64063359.0,64063359.0,0.0,64063359.0,64063359.0,0.0,0.0,0.0,0.0,0.0,1,0,0,0,37.0,37.0,0,1,0,0,1,1,0,0,0.0,55.5,37.0,0.0,0,0,0,0,0,0,2,74,0,0,32850,-1,1,32,0.0,0.0,0.0,0.0,0.0,0.0,0.0,0.0
55779,80,6,6.0,6.0,6.0,6.0,6.0,0.0,6.0,6.0,6.0,0.0,15088.0,0.0,15088.0,15088.0,0.0,0.0,0.0,0.0,0.0,0.0,0.0,0.0,0.0,0.0,0,0,0,0,6.0,6.0,0,0,0,0,1,1,0,0,1.0,9.0,6.0,6.0,0,0,0,0,0,0,1,6,1,6,256,27,0,20,0.0,0.0,0.0,0.0,0.0,0.0,0.0,0.0
40897,53,17,84.0,192.0,42.0,42.0,42.0,0.0,96.0,96.0,96.0,0.0,11121.33,19200.249,33366.0,3.0,49.0,49.0,0.0,49.0,49.0,3.0,3.0,0.0,3.0,3.0,0,0,0,0,42.0,96.0,0,0,0,0,0,0,0,0,1.0,79.5,42.0,96.0,0,0,0,0,0,0,2,84,2,192,-1,-1,1,20,0.0,0.0,0.0,0.0,0.0,0.0,0.0,0.0
61123,53,17,45.0,136.0,45.0,45.0,45.0,0.0,136.0,136.0,136.0,0.0,47125.0,0.0,47125.0,47125.0,0.0,0.0,0.0,0.0,0.0,0.0,0.0,0.0,0.0,0.0,0,0,0,0,45.0,136.0,0,0,0,0,0,0,0,0,1.0,113.0,45.0,136.0,0,0,0,0,0,0,1,45,1,136,-1,-1,0,20,0.0,0.0,0.0,0.0,0.0,0.0,0.0,0.0
61539,53,17,56.0,72.0,56.0,56.0,56.0,0.0,72.0,72.0,72.0,0.0,23189.0,0.0,23189.0,23189.0,0.0,0.0,0.0,0.0,0.0,0.0,0.0,0.0,0.0,0.0,0,0,0,0,56.0,72.0,0,0,0,0,0,0,0,0,1.0,92.0,56.0,72.0,0,0,0,0,0,0,1,56,1,72,-1,-1,0,32,0.0,0.0,0.0,0.0,0.0,0.0,0.0,0.0
49362,443,6,12.0,0.0,6.0,6.0,6.0,0.0,0.0,0.0,0.0,0.0,4.0,0.0,4.0,4.0,4.0,4.0,0.0,4.0,4.0,0.0,0.0,0.0,0.0,0.0,0,0,0,0,6.0,6.0,1,0,0,0,0,0,0,0,0.0,9.0,6.0,0.0,0,0,0,0,0,0,2,12,0,0,0,-1,1,20,0.0,0.0,0.0,0.0,0.0,0.0,0.0,0.0
62110,53,17,47.0,175.0,47.0,47.0,47.0,0.0,175.0,175.0,175.0,0.0,30314.0,0.0,30314.0,30314.0,0.0,0.0,0.0,0.0,0.0,0.0,0.0,0.0,0.0,0.0,0,0,0,0,47.0,175.0,0,0,0,0,0,0,0,0,1.0,134.5,47.0,175.0,0,0,0,0,0,0,1,47,1,175,-1,-1,0,32,0.0,0.0,0.0,0.0,0.0,0.0,0.0,0.0
20603,53,17,60.0,264.0,30.0,30.0,30.0,0.0,132.0,132.0,132.0,0.0,74.33,84.185,169.0,1.0,1.0,1.0,0.0,1.0,1.0,48.0,48.0,0.0,48.0,48.0,0,0,0,0,30.0,132.0,0,0,0,0,0,0,0,0,1.0,88.5,30.0,132.0,0,0,0,0,0,0,2,60,2,264,-1,-1,1,32,0.0,0.0,0.0,0.0,0.0,0.0,0.0,0.0
58839,53,17,72.0,200.0,36.0,36.0,36.0,0.0,100.0,100.0,100.0,0.0,7941.33,13746.716,23812.0,3.0,3.0,3.0,0.0,3.0,3.0,4.0,4.0,0.0,4.0,4.0,0,0,0,0,36.0,100.0,0,0,0,0,0,0,0,0,1.0,77.0,36.0,100.0,0,0,0,0,0,0,2,72,2,200,-1,-1,1,20,0.0,0.0,0.0,0.0,0.0,0.0,0.0,0.0
60955,53,17,63.0,79.0,63.0,63.0,63.0,0.0,79.0,79.0,79.0,0.0,47608.0,0.0,47608.0,47608.0,0.0,0.0,0.0,0.0,0.0,0.0,0.0,0.0,0.0,0.0,0,0,0,0,63.0,79.0,0,0,0,0,0,0,0,0,1.0,102.5,63.0,79.0,0,0,0,0,0,0,1,63,1,79,-1,-1,0,20,0.0,0.0,0.0,0.0,0.0,0.0,0.0,0.0
443,55899,6,37.0,0.0,37.0,0.0,18.5,26.163,0.0,0.0,0.0,0.0,3.0,0.0,3.0,3.0,3.0,3.0,0.0,3.0,3.0,0.0,0.0,0.0,0.0,0.0,1,0,0,0,0.0,37.0,0,1,0,0,1,0,0,0,0.0,37.0,18.5,0.0,0,0,0,0,0,0,2,37,0,0,972,-1,0,32,0.0,0.0,0.0,0.0,0.0,0.0,0.0,0.0
55449,443,6,12.0,0.0,6.0,6.0,6.0,0.0,0.0,0.0,0.0,0.0,173.0,144.348,239.0,3.0,3.0,3.0,0.0,3.0,3.0,0.0,0.0,0.0,0.0,0.0,0,0,0,0,0.0,6.0,1,0,0,0,0,0,0,0,0.0,6.0,6.0,0.0,0,0,0,0,0,0,2,12,1,0,0,1031,1,20,0.0,0.0,0.0,0.0,0.0,0.0,0.0,0.0
80,48572,6,0.0,0.0,0.0,0.0,0.0,0.0,0.0,0.0,0.0,0.0,3.0,0.0,3.0,3.0,3.0,3.0,0.0,3.0,3.0,0.0,0.0,0.0,0.0,0.0,0,0,0,0,0.0,0.0,0,0,0,0,1,0,0,0,0.0,0.0,0.0,0.0,0,0,0,0,0,0,2,0,0,0,4640,-1,0,32,0.0,0.0,0.0,0.0,0.0,0.0,0.0,0.0
62183,53,17,89.0,207.0,89.0,89.0,89.0,0.0,207.0,207.0,207.0,0.0,30587.0,0.0,30587.0,30587.0,0.0,0.0,0.0,0.0,0.0,0.0,0.0,0.0,0.0,0.0,0,0,0,0,89.0,207.0,0,0,0,0,0,0,0,0,1.0,182.5,89.0,207.0,0,0,0,0,0,0,1,89,1,207,-1,-1,0,20,0.0,0.0,0.0,0.0,0.0,0.0,0.0,0.0
52229,80,6,0.0,0.0,0.0,0.0,0.0,0.0,0.0,0.0,0.0,0.0,64001025.0,0.0,64001025.0,64001025.0,64001025.0,64001025.0,0.0,64001025.0,64001025.0,0.0,0.0,0.0,0.0,0.0,0,0,0,0,0.0,0.0,0,0,0,0,1,1,0,0,0.0,0.0,0.0,0.0,0,0,0,0,0,0,2,0,0,0,33304,-1,0,32,0.0,0.0,0.0,0.0,0.0,0.0,0.0,0.0
35591,80,6,531.0,752.0,527.0,0.0,39.6875,130.3606,746.0,0.0,53.7143,199.2599,3964820.41,4888261.062,10189837.0,83.0,115821472.0,7778535.8,4146346.173,10240011.0,361.0,112668241.0,8667712.61,3839939.228,10240243.0,20913.0,0,0,0,0,0.0,746.0,0,0,0,1,0,0,0,0,0.0,42.5333,39.6875,53.7143,0,0,0,0,0,0,16,531,14,752,29200,340,1,32,32390.63,10727.574,63854.0,36114.0,10131039.27,14911.225,10189839.0,10100158.0
50708,443,6,356.0,3782.0,212.0,0.0,59.3333,89.2248,1460.0,0.0,630.3333,677.2171,24053.27,39417.091,86007.0,12.0,262399.0,52099.8,46558.825,88385.0,123.0,175787.0,35117.4,47226.189,87148.0,49.0,0,0,0,0,0.0,1460.0,0,0,0,1,0,0,0,0,1.0,344.8333,59.3333,630.3333,0,0,0,0,0,0,6,356,6,3782,8192,60,5,20,0.0,0.0,0.0,0.0,0.0,0.0,0.0,0.0
49291,53,17,88.0,120.0,44.0,44.0,44.0,0.0,60.0,60.0,60.0,0.0,57.66,96.307,167.0,3.0,3.0,3.0,0.0,3.0,3.0,3.0,3.0,0.0,3.0,3.0,0,0,0,0,44.0,60.0,0,0,0,0,0,0,0,0,1.0,63.0,44.0,60.0,0,0,0,0,0,0,2,88,2,120,-1,-1,1,32,0.0,0.0,0.0,0.0,0.0,0.0,0.0,0.0
64018,53,17,88.0,472.0,44.0,44.0,44.0,0.0,236.0,236.0,236.0,0.0,72.33,127.574,210.0,3.0,4.0,4.0,0.0,4.0,4.0,3.0,3.0,0.0,3.0,3.0,0,0,0,0,44.0,236.0,0,0,0,0,0,0,0,0,1.0,151.0,44.0,236.0,0,0,0,0,0,0,2,88,2,472,-1,-1,1,20,0.0,0.0,0.0,0.0,0.0,0.0,0.0,0.0
55880,443,6,0.0,0.0,0.0,0.0,0.0,0.0,0.0,0.0,0.0,0.0,169.0,0.0,169.0,169.0,169.0,169.0,0.0,169.0,169.0,0.0,0.0,0.0,0.0,0.0,0,0,0,0,0.0,0.0,0,0,0,0,1,0,0,0,0.0,0.0,0.0,0.0,0,0,0,0,0,0,2,0,0,0,249,-1,0,32,0.0,0.0,0.0,0.0,0.0,0.0,0.0,0.0
61986,53,17,62.0,80.0,62.0,62.0,62.0,0.0,80.0,80.0,80.0,0.0,30561.0,0.0,30561.0,30561.0,0.0,0.0,0.0,0.0,0.0,0.0,0.0,0.0,0.0,0.0,0,0,0,0,62.0,80.0,0,0,0,0,0,0,0,0,1.0,102.0,62.0,80.0,0,0,0,0,0,0,1,62,1,80,-1,-1,0,32,0.0,0.0,0.0,0.0,0.0,0.0,0.0,0.0
62375,443,6,1631.0,601.0,1368.0,0.0,148.1,407.1543,565.0,0.0,125.1667,223.126,8469.64,14994.521,36888.0,48.0,124927.0,17835.22,16464.084,52541.0,48.0,135971.0,28195.2,17462.182,36433.0,1217.0,0,0,0,0,0.0,1368.0,0,0,0,1,0,0,0,0,0.0,144.0471,148.1,125.1667,0,0,0,0,0,0,10,1631,6,601,65535,362,5,32,0.0,0.0,0.0,0.0,0.0,0.0,0.0,0.0
443,55276,6,0.0,18.0,0.0,0.0,0.0,0.0,6.0,6.0,6.0,0.0,23.33,33.358,64.0,1.0,0.0,0.0,0.0,0.0,0.0,4.0,2.0,1.414,3.0,1.0,0,0,0,0,0.0,6.0,1,0,0,0,1,0,0,0,3.0,4.5,0.0,6.0,0,0,0,0,0,0,1,0,3,18,972,0,0,32,0.0,0.0,0.0,0.0,0.0,0.0,0.0,0.0
443,50486,6,0.0,0.0,0.0,0.0,0.0,0.0,0.0,0.0,0.0,0.0,42.0,0.0,42.0,42.0,0.0,0.0,0.0,0.0,0.0,0.0,0.0,0.0,0.0,0.0,0,0,0,0,0.0,0.0,0,0,0,0,1,0,0,0,1.0,0.0,0.0,0.0,0,0,0,0,0,0,1,0,1,0,122,33304,0,32,0.0,0.0,0.0,0.0,0.0,0.0,0.0,0.0
53917,443,6,1445.0,943.0,851.0,0.0,115.4545,287.7223,705.0,0.0,118.6,276.126,7573.06,10430.747,23694.0,32.0,104204.0,10892.4,11515.314,24047.0,49.0,69955.0,17887.25,17560.753,32766.0,338.0,0,0,0,0,0.0,851.0,0,0,0,1,0,0,0,0,0.0,114.2857,115.4545,118.6,0,0,0,0,0,0,11,1445,5,943,65535,362,6,32,0.0,0.0,0.0,0.0,0.0,0.0,0.0,0.0
35040,80,6,0.0,0.0,0.0,0.0,0.0,0.0,0.0,0.0,0.0,0.0,138905.0,0.0,138905.0,138905.0,0.0,0.0,0.0,0.0,0.0,0.0,0.0,0.0,0.0,0.0,0,0,0,0,0.0,0.0,0,0,0,0,1,1,0,0,1.0,0.0,0.0,0.0,0,0,0,0,0,0,1,0,1,0,237,935,0,32,0.0,0.0,0.0,0.0,0.0,0.0,0.0,0.0
9532,80,6,441.0,171.0,435.0,0.0,147.0,249.4334,165.0,2.0,55.25,90.5093,9947.83,14971.336,29993.0,4.0,29633.0,14816.5,20509.751,29937.0,56.0,23353.0,11354.33,13486.42,22967.0,4.0,0,0,0,0,0.0,435.0,0,0,0,1,0,0,0,0,1.0,107.4286,147.0,55.25,0,0,0,0,0,0,3,441,4,171,8192,30016,2,20,0.0,0.0,0.0,0.0,0.0,0.0,0.0,0.0
65316,443,6,870.0,21451.0,341.0,0.0,35.78,87.0164,2302.0,0.0,991.6,769.253,2068102.44,4072477.448,10020901.0,4.0,115234635.0,4487325.09,4948934.677,10054963.0,4.0,110946672.0,3720330.24,4906396.527,10050123.0,11.0,0,0,0,0,0.0,2302.0,0,0,0,1,0,0,0,0,1.0,508.1898,35.78,991.6,0,0,0,0,0,0,25,870,25,21451,29200,972,4,32,46450.45,45688.415,108887.0,30975.0,9622434.41,1342413.938,10020903.0,5559580.0
443,51261,6,37.0,0.0,31.0,6.0,18.5,17.6777,0.0,0.0,0.0,0.0,3.0,0.0,3.0,3.0,3.0,3.0,0.0,3.0,3.0,0.0,0.0,0.0,0.0,0.0,1,0,0,0,6.0,31.0,0,1,0,0,1,0,0,0,0.0,34.0,18.5,0.0,0,0,0,0,0,0,2,37,0,0,127,-1,1,20,0.0,0.0,0.0,0.0,0.0,0.0,0.0,0.0
64152,80,6,12.0,0.0,6.0,6.0,6.0,0.0,0.0,0.0,0.0,0.0,8592.0,0.0,8592.0,8592.0,8592.0,8592.0,0.0,8592.0,8592.0,0.0,0.0,0.0,0.0,0.0,0,0,0,0,6.0,6.0,0,0,0,0,1,0,0,0,0.0,9.0,6.0,0.0,0,0,0,0,0,0,2,12,0,0,63956,-1,1,20,0.0,0.0,0.0,0.0,0.0,0.0,0.0,0.0
60789,53,17,54.0,116.0,54.0,54.0,54.0,0.0,116.0,116.0,116.0,0.0,30814.0,0.0,30814.0,30814.0,0.0,0.0,0.0,0.0,0.0,0.0,0.0,0.0,0.0,0.0,0,0,0,0,54.0,116.0,0,0,0,0,0,0,0,0,1.0,112.0,54.0,116.0,0,0,0,0,0,0,1,54,1,116,-1,-1,0,32,0.0,0.0,0.0,0.0,0.0,0.0,0.0,0.0
53068,443,6,993.0,6646.0,548.0,0.0,49.5385,125.8979,1418.0,0.0,350.8889,570.8093,2855722.15,4524485.737,10019025.0,4.0,115925864.0,5510001.7,4944900.627,10051920.0,48.0,110981304.0,6502769.38,5034522.376,10050203.0,48.0,0,0,0,0,0.0,1418.0,0,0,0,1,0,0,0,0,0.0,197.8633,49.5385,350.8889,0,0,0,0,0,0,22,993,18,6646,29200,357,4,32,61386.81,23286.836,317475.0,36257.0,10019729.0,524.27,10019020.0,9998662.0
56126,53,17,88.0,120.0,44.0,44.0,44.0,0.0,60.0,60.0,60.0,0.0,48.33,79.574,149.0,3.0,3.0,3.0,0.0,3.0,3.0,3.0,3.0,0.0,3.0,3.0,0,0,0,0,44.0,60.0,0,0,0,0,0,0,0,0,1.0,63.0,44.0,60.0,0,0,0,0,0,0,2,88,2,120,-1,-1,1,20,0.0,0.0,0.0,0.0,0.0,0.0,0.0,0.0
59761,53,17,72.0,184.0,36.0,36.0,36.0,0.0,92.0,92.0,92.0,0.0,54.33,82.561,156.0,3.0,3.0,3.0,0.0,3.0,3.0,4.0,4.0,0.0,4.0,4.0,0,0,0,0,36.0,92.0,0,0,0,0,0,0,0,0,1.0,73.0,36.0,92.0,0,0,0,0,0,0,2,72,2,184,-1,-1,1,32,0.0,0.0,0.0,0.0,0.0,0.0,0.0,0.0
54694,443,6,2194.0,6763.0,599.0,0.0,198.3077,257.564,1460.0,0.0,869.8,605.8548,141867.95,631052.273,2970878.0,3.0,4743040.0,364115.83,921522.324,2540905.0,22926.0,4702831.0,120774.0,763483.098,2951494.0,3.0,0,0,0,0,0.0,1460.0,0,0,0,1,0,0,0,0,1.0,523.5375,198.3077,869.8,0,0,0,0,0,0,13,2194,10,6763,8192,583,12,20,0.0,0.0,0.0,0.0,0.0,0.0,0.0,0.0
443,62848,6,31.0,0.0,31.0,0.0,15.5,21.9203,0.0,0.0,0.0,0.0,1.0,0.0,1.0,1.0,1.0,1.0,0.0,1.0,1.0,0.0,0.0,0.0,0.0,0.0,1,0,0,0,0.0,31.0,0,1,0,0,1,0,0,0,0.0,31.0,15.5,0.0,0,0,0,0,0,0,2,31,0,0,116,-1,0,32,0.0,0.0,0.0,0.0,0.0,0.0,0.0,0.0
60885,53,17,60.0,264.0,30.0,30.0,30.0,0.0,132.0,132.0,132.0,0.0,113.66,155.325,282.0,1.0,1.0,1.0,0.0,1.0,1.0,47.0,47.0,0.0,47.0,47.0,0,0,0,0,30.0,132.0,0,0,0,0,0,0,0,0,1.0,88.5,30.0,132.0,0,0,0,0,0,0,2,60,2,264,-1,-1,1,32,0.0,0.0,0.0,0.0,0.0,0.0,0.0,0.0
22370,53,17,72.0,328.0,36.0,36.0,36.0,0.0,164.0,164.0,164.0,0.0,81.66,101.512,203.0,1.0,1.0,1.0,0.0,1.0,1.0,49.0,49.0,0.0,49.0,49.0,0,0,0,0,36.0,164.0,0,0,0,0,0,0,0,0,1.0,109.0,36.0,164.0,0,0,0,0,0,0,2,72,2,328,-1,-1,1,32,0.0,0.0,0.0,0.0,0.0,0.0,0.0,0.0
51172,53,17,80.0,112.0,40.0,40.0,40.0,0.0,56.0,56.0,56.0,0.0,53.66,83.943,152.0,3.0,4.0,4.0,0.0,4.0,4.0,3.0,3.0,0.0,3.0,3.0,0,0,0,0,40.0,56.0,0,0,0,0,0,0,0,0,1.0,58.0,40.0,56.0,0,0,0,0,0,0,2,80,2,112,-1,-1,1,20,0.0,0.0,0.0,0.0,0.0,0.0,0.0,0.0
53259,443,6,2280.0,4073.0,1368.0,0.0,120.0909,385.113,1448.0,0.0,238.1,497.4662,3050612.06,4550258.78,10211815.0,1.0,116010147.0,5810648.45,5086810.826,10240044.0,3.0,112650487.0,7043624.22,5035329.959,10240003.0,211.0,0,0,0,0,0.0,1448.0,0,0,0,1,0,0,0,0,0.0,165.8955,120.0909,238.1,0,0,0,0,0,0,22,2280,18,4073,29200,1180,4,32,57063.9,37942.734,139502.0,22856.0,10208565.72,91637.74,10211814.0,10012134.0
52613,443,6,599.0,160.0,517.0,0.0,85.5714,191.3085,160.0,0.0,53.3333,92.376,517387.77,1570331.62,4947601.0,4.0,5094545.0,843561.83,1978174.142,4941049.0,4.0,85818.0,45709.0,39915.189,61883.0,28642.0,0,0,0,0,0.0,517.0,0,0,0,1,0,0,0,0,0.0,75.9,85.5714,53.3333,0,0,0,0,0,0,7,599,3,160,29200,59,3,32,0.0,0.0,0.0,0.0,0.0,0.0,0.0,0.0
56871,443,6,4815.0,3232.0,2893.0,0.0,430.2222,824.197,1590.0,0.0,434.2222,600.7865,432436.37,1943609.056,7501464.0,3.0,7755549.0,950818.5,2208940.612,7501464.0,3.0,172626.0,17602.1,26178.482,51698.0,3.0,0,0,0,0,0.0,2893.0,0,0,0,1,0,0,0,0,1.0,503.1,430.2222,434.2222,0,0,0,0,0,0,9,4815,9,3232,8192,158,7,20,0.0,0.0,0.0,0.0,0.0,0.0,0.0,0.0
52670,443,6,18.0,0.0,6.0,6.0,6.0,0.0,0.0,0.0,0.0,0.0,70.33,80.214,161.0,3.0,215.0,107.5,139.482,212.0,3.0,0.0,0.0,0.0,0.0,0.0,0,0,0,0,0.0,6.0,1,0,0,0,0,0,0,0,0.0,6.0,6.0,0.0,0,0,0,0,0,0,3,18,1,0,0,972,2,20,0.0,0.0,0.0,0.0,0.0,0.0,0.0,0.0
443,58162,6,0.0,0.0,0.0,0.0,0.0,0.0,0.0,0.0,0.0,0.0,51.0,0.0,51.0,51.0,0.0,0.0,0.0,0.0,0.0,0.0,0.0,0.0,0.0,0.0,0,0,0,0,0.0,0.0,0,0,0,0,1,1,0,0,1.0,0.0,0.0,0.0,0,0,0,0,0,0,1,0,1,0,383,345,0,32,0.0,0.0,0.0,0.0,0.0,0.0,0.0,0.0
443,57390,6,37.0,18.0,37.0,0.0,18.5,26.163,6.0,6.0,6.0,0.0,21715.0,43132.694,87884.0,1.0,87840.0,87840.0,0.0,87840.0,87840.0,47249.0,47224.5,69770.976,87248.0,1.0,0,0,0,0,0.0,37.0,0,0,0,0,1,0,0,0,1.0,11.0,18.5,6.0,0,0,0,0,0,0,2,37,3,18,70,0,1,32,0.0,0.0,0.0,0.0,0.0,0.0,0.0,0.0
49714,443,6,0.0,0.0,0.0,0.0,0.0,0.0,0.0,0.0,0.0,0.0,2224.0,0.0,2224.0,2224.0,2224.0,2224.0,0.0,2224.0,2224.0,0.0,0.0,0.0,0.0,0.0,0,0,0,0,0.0,0.0,0,0,0,0,1,0,0,0,0.0,0.0,0.0,0.0,0,0,0,0,0,0,2,0,0,0,366,-1,0,32,0.0,0.0,0.0,0.0,0.0,0.0,0.0,0.0
443,62212,6,37.0,0.0,31.0,6.0,18.5,17.6777,0.0,0.0,0.0,0.0,3.0,0.0,3.0,3.0,3.0,3.0,0.0,3.0,3.0,0.0,0.0,0.0,0.0,0.0,1,0,0,0,6.0,31.0,0,1,0,0,1,0,0,0,0.0,34.0,18.5,0.0,0,0,0,0,0,0,2,37,0,0,946,-1,1,20,0.0,0.0,0.0,0.0,0.0,0.0,0.0,0.0
61176,53,17,50.0,105.0,50.0,50.0,50.0,0.0,105.0,105.0,105.0,0.0,497.0,0.0,497.0,497.0,0.0,0.0,0.0,0.0,0.0,0.0,0.0,0.0,0.0,0.0,0,0,0,0,50.0,105.0,0,0,0,0,0,0,0,0,1.0,102.5,50.0,105.0,0,0,0,0,0,0,1,50,1,105,-1,-1,0,32,0.0,0.0,0.0,0.0,0.0,0.0,0.0,0.0
61314,53,17,47.0,63.0,47.0,47.0,47.0,0.0,63.0,63.0,63.0,0.0,30690.0,0.0,30690.0,30690.0,0.0,0.0,0.0,0.0,0.0,0.0,0.0,0.0,0.0,0.0,0,0,0,0,47.0,63.0,0,0,0,0,0,0,0,0,1.0,78.5,47.0,63.0,0,0,0,0,0,0,1,47,1,63,-1,-1,0,20,0.0,0.0,0.0,0.0,0.0,0.0,0.0,0.0
443,48854,6,123.0,0.0,46.0,0.0,24.6,23.2766,0.0,0.0,0.0,0.0,2.0,0.0,2.0,2.0,2.0,1.0,0.0,2.0,2.0,0.0,0.0,0.0,0.0,0.0,1,0,0,0,0.0,46.0,0,1,0,0,1,0,0,0,0.0,43.0,24.6,0.0,0,0,0,0,0,0,5,123,0,0,828,-1,2,32,0.0,0.0,0.0,0.0,0.0,0.0,0.0,0.0
443,63563,6,0.0,0.0,0.0,0.0,0.0,0.0,0.0,0.0,0.0,0.0,3.0,0.0,3.0,3.0,3.0,3.0,0.0,3.0,3.0,0.0,0.0,0.0,0.0,0.0,0,0,0,0,0.0,0.0,0,0,0,0,1,0,0,0,0.0,0.0,0.0,0.0,0,0,0,0,0,0,2,0,0,0,5057,-1,0,32,0.0,0.0,0.0,0.0,0.0,0.0,0.0,0.0
54214,80,6,12.0,0.0,6.0,0.0,4.0,3.4641,0.0,0.0,0.0,0.0,1931599.66,3330190.94,5869788.0,1.0,5813288.0,2901644.0,4142279.119,5869788.0,36923.0,0.0,0.0,0.0,0.0,0.0,0,0,0,0,0.0,6.0,0,0,0,1,0,0,0,0,0.0,3.0,4.0,0.0,0,0,0,0,0,0,3,12,1,0,8192,29200,2,20,0.0,0.0,0.0,0.0,0.0,0.0,0.0,0.0
54140,443,6,0.0,0.0,0.0,0.0,0.0,0.0,0.0,0.0,0.0,0.0,3.0,0.0,3.0,3.0,3.0,3.0,0.0,3.0,3.0,0.0,0.0,0.0,0.0,0.0,0,0,0,0,0.0,0.0,0,0,0,0,1,1,0,0,0.0,0.0,0.0,0.0,0,0,0,0,0,0,2,0,0,0,32832,-1,0,32,0.0,0.0,0.0,0.0,0.0,0.0,0.0,0.0
62499,53,17,100.0,158.0,55.0,55.0,50.0,0.0,79.0,79.0,79.0,0.0,32218.33,55385.326,96647.0,3.0,3.0,3.0,0.0,3.0,3.0,3.0,3.0,0.0,3.0,3.0,0,0,0,0,55.0,79.0,0,0,0,0,0,0,0,0,1.0,75.75,50.0,79.0,0,0,0,0,0,0,2,100,2,158,-1,-1,1,32,0.0,0.0,0.0,0.0,0.0,0.0,0.0,0.0
60303,443,6,888.0,5648.0,373.0,0.0,113.25,173.7104,1805.0,0.0,580.3333,707.0123,315339.55,1244535.854,4949970.0,43.0,194083.0,34006.71,25055.011,79373.0,211.0,5103657.0,620422.4,1756507.808,4999416.0,48.0,0,0,0,0,0.0,1805.0,0,0,0,1,0,0,0,0,1.0,384.3333,113.25,580.3333,0,0,0,0,0,0,8,888,6,5648,8192,5672,7,20,0.0,0.0,0.0,0.0,0.0,0.0,0.0,0.0
443,34278,6,0.0,0.0,0.0,0.0,0.0,0.0,0.0,0.0,0.0,0.0,88.0,0.0,88.0,88.0,0.0,0.0,0.0,0.0,0.0,0.0,0.0,0.0,0.0,0.0,0,0,0,0,0.0,0.0,0,0,0,0,1,1,0,0,1.0,0.0,0.0,0.0,0,0,0,0,0,0,1,0,1,0,118,761,0,32,0.0,0.0,0.0,0.0,0.0,0.0,0.0,0.0
60447,53,17,54.0,109.0,54.0,54.0,54.0,0.0,109.0,109.0,109.0,0.0,31007.0,0.0,31007.0,31007.0,0.0,0.0,0.0,0.0,0.0,0.0,0.0,0.0,0.0,0.0,0,0,0,0,54.0,109.0,0,0,0,0,0,0,0,0,1.0,108.5,54.0,109.0,0,0,0,0,0,0,1,54,1,109,-1,-1,0,32,0.0,0.0,0.0,0.0,0.0,0.0,0.0,0.0
58233,443,6,974.0,7419.0,469.0,0.0,64.9333,134.266,1581.0,0.0,741.9,747.3777,13873.5,25809.09,92236.0,1.0,396468.0,21573.21,30555.308,95279.0,1.0,243964.0,27889.22,45025.23,92412.0,1.0,0,0,0,0,0.0,1581.0,0,0,0,1,0,0,0,0,0.0,335.72,64.9333,741.9,0,0,0,0,0,0,15,974,10,7419,65535,357,6,32,0.0,0.0,0.0,0.0,0.0,0.0,0.0,0.0
443,53353,6,0.0,24.0,0.0,0.0,0.0,0.0,6.0,6.0,6.0,0.0,15313.4,30260.971,92413.0,0.0,92537.0,92537.0,0.0,92537.0,92537.0,34627.0,11225.66,50165.538,34622.0,0.0,0,0,0,0,0.0,6.0,0,0,0,0,1,0,0,0,2.0,4.0,0.0,6.0,0,0,0,0,0,0,2,0,4,24,118,0,0,32,0.0,0.0,0.0,0.0,0.0,0.0,0.0,0.0
49336,53,17,78.0,152.0,39.0,39.0,39.0,0.0,76.0,76.0,76.0,0.0,50.0,36.072,108.0,3.0,3.0,3.0,0.0,3.0,3.0,47.0,47.0,0.0,47.0,47.0,0,0,0,0,39.0,76.0,0,0,0,0,0,0,0,0,1.0,67.25,39.0,76.0,0,0,0,0,0,0,2,78,2,152,-1,-1,1,32,0.0,0.0,0.0,0.0,0.0,0.0,0.0,0.0
61534,53,17,54.0,108.0,54.0,54.0,54.0,0.0,108.0,108.0,108.0,0.0,50343.0,0.0,50343.0,50343.0,0.0,0.0,0.0,0.0,0.0,0.0,0.0,0.0,0.0,0.0,0,0,0,0,54.0,108.0,0,0,0,0,0,0,0,0,1.0,108.0,54.0,108.0,0,0,0,0,0,0,1,54,1,108,-1,-1,0,20,0.0,0.0,0.0,0.0,0.0,0.0,0.0,0.0
51457,80,6,12.0,0.0,6.0,6.0,6.0,0.0,0.0,0.0,0.0,0.0,84.0,0.0,84.0,84.0,84.0,84.0,0.0,84.0,84.0,0.0,0.0,0.0,0.0,0.0,0,0,0,0,6.0,6.0,0,0,0,0,1,0,0,0,0.0,9.0,6.0,0.0,0,0,0,0,0,0,2,12,0,0,255,-1,1,20,0.0,0.0,0.0,0.0,0.0,0.0,0.0,0.0
443,54989,6,37.0,6.0,31.0,6.0,18.5,17.6777,6.0,6.0,6.0,0.0,100.5,69.79,196.0,54.0,201.0,201.0,0.0,201.0,201.0,0.0,0.0,0.0,0.0,0.0,1,0,0,0,6.0,31.0,0,1,0,0,1,0,0,0,0.0,24.6667,18.5,6.0,0,0,0,0,0,0,2,37,1,6,120,0,1,20,0.0,0.0,0.0,0.0,0.0,0.0,0.0,0.0
50169,443,6,1828.0,45065.0,756.0,0.0,61.7,149.5219,1460.0,2.0,1208.5035,505.2037,1357183.54,3327865.625,10006083.0,1.0,115873007.0,3276092.94,4703193.689,10033184.0,49.0,110870213.0,2024815.33,4626990.448,10031963.0,48.0,0,0,0,0,0.0,1460.0,0,0,0,1,0,0,0,0,1.0,720.2114,61.7,1208.5035,0,0,0,0,0,0,32,1828,34,45065,8192,40958,31,20,63084.63,117831.873,472304.0,34890.0,9605082.72,1229772.317,10006082.0,5372578.0
49325,53,17,64.0,256.0,32.0,32.0,32.0,0.0,128.0,128.0,128.0,0.0,51.33,80.544,147.0,3.0,3.0,3.0,0.0,3.0,3.0,4.0,4.0,0.0,4.0,4.0,0,0,0,0,32.0,128.0,0,0,0,0,0,0,0,0,1.0,88.0,32.0,128.0,0,0,0,0,0,0,2,64,2,256,-1,-1,1,20,0.0,0.0,0.0,0.0,0.0,0.0,0.0,0.0
17621,53,17,60.0,264.0,30.0,30.0,30.0,0.0,132.0,132.0,132.0,0.0,39970.66,64291.788,119906.0,4.0,4.0,4.0,0.0,4.0,4.0,47.0,47.0,0.0,47.0,47.0,0,0,0,0,30.0,132.0,0,0,0,0,0,0,0,0,1.0,88.5,30.0,132.0,0,0,0,0,0,0,2,60,2,264,-1,-1,1,32,0.0,0.0,0.0,0.0,0.0,0.0,0.0,0.0
62244,53,17,148.0,142.0,37.0,37.0,37.0,0.0,71.0,71.0,71.0,0.0,13254.6,18372.174,30680.0,3.0,30607.0,10265.33,17621.21,30601.0,3.0,4.0,4.0,0.0,4.0,4.0,0,0,0,0,37.0,71.0,0,0,0,0,0,0,0,0,0.0,53.1667,37.0,71.0,0,0,0,0,0,0,4,148,2,142,-1,-1,3,20,0.0,0.0,0.0,0.0,0.0,0.0,0.0,0.0
3310,443,6,382.0,3182.0,201.0,0.0,47.75,74.7773,1460.0,0.0,630.3333,678.6991,385528.53,1389589.559,4833374.0,48.0,5096962.0,768624.28,1796065.552,4833374.0,48.0,172848.0,44127.6,48064.306,97372.0,239.0,0,0,0,0,0.0,1460.0,0,0,0,1,0,0,0,0,0.0,293.0,47.75,630.3333,0,0,0,0,0,0,8,382,6,3182,8192,946,7,20,0.0,0.0,0.0,0.0,0.0,0.0,0.0,0.0
57554,53,17,84.0,210.0,42.0,42.0,42.0,0.0,105.0,105.0,105.0,0.0,17170.0,30047.83,51560.0,3.0,3.0,3.0,0.0,3.0,3.0,3.0,3.0,0.0,3.0,3.0,0,0,0,0,42.0,105.0,0,0,0,0,0,0,0,0,1.0,84.0,42.0,105.0,0,0,0,0,0,0,2,84,2,210,-1,-1,1,20,0.0,0.0,0.0,0.0,0.0,0.0,0.0,0.0
443,60678,6,0.0,0.0,0.0,0.0,0.0,0.0,0.0,0.0,0.0,0.0,59.0,0.0,59.0,59.0,0.0,0.0,0.0,0.0,0.0,0.0,0.0,0.0,0.0,0.0,0,0,0,0,0.0,0.0,0,0,0,0,1,0,0,0,1.0,0.0,0.0,0.0,0,0,0,0,0,0,1,0,1,0,357,32832,0,32,0.0,0.0,0.0,0.0,0.0,0.0,0.0,0.0
50863,443,6,18.0,0.0,6.0,6.0,6.0,0.0,0.0,0.0,0.0,0.0,13631.4,27977.46,50417.0,3.0,50606.0,25303.0,35490.345,50593.0,3.0,50731.0,50731.0,0.0,50731.0,50731.0,0,0,0,0,0.0,6.0,1,0,0,0,0,0,0,0,0.0,4.8,6.0,0.0,0,0,0,0,0,0,3,18,2,0,0,117,2,20,0.0,0.0,0.0,0.0,0.0,0.0,0.0,0.0
443,64475,6,6.0,6.0,6.0,6.0,6.0,0.0,6.0,6.0,6.0,0.0,18.0,0.0,18.0,18.0,0.0,0.0,0.0,0.0,0.0,0.0,0.0,0.0,0.0,0.0,0,0,0,0,6.0,6.0,0,0,0,0,1,0,0,0,1.0,9.0,6.0,6.0,0,0,0,0,0,0,1,6,1,6,34509,32850,0,20,0.0,0.0,0.0,0.0,0.0,0.0,0.0,0.0
10583,53,17,54.0,110.0,27.0,27.0,27.0,0.0,55.0,55.0,55.0,0.0,48.0,72.246,137.0,3.0,3.0,3.0,0.0,3.0,3.0,3.0,3.0,0.0,3.0,3.0,0,0,0,0,27.0,55.0,0,0,0,0,0,0,0,0,1.0,47.75,27.0,55.0,0,0,0,0,0,0,2,54,2,110,-1,-1,1,32,0.0,0.0,0.0,0.0,0.0,0.0,0.0,0.0
64683,53,17,70.0,102.0,35.0,35.0,35.0,0.0,51.0,51.0,51.0,0.0,49.66,86.165,142.0,3.0,3.0,3.0,0.0,3.0,3.0,3.0,3.0,0.0,3.0,3.0,0,0,0,0,35.0,51.0,0,0,0,0,0,0,0,0,1.0,51.75,35.0,51.0,0,0,0,0,0,0,2,70,2,102,-1,-1,1,20,0.0,0.0,0.0,0.0,0.0,0.0,0.0,0.0
50154,443,6,55.0,35.0,37.0,6.0,13.75,15.5,37.0,37.0,37.0,0.0,12342553.66,21537677.403,36958289.0,3.0,36302187.0,13364029.33,15644961.597,36958289.0,3.0,0.0,0.0,0.0,0.0,0.0,1,0,0,0,6.0,37.0,0,1,0,0,1,0,0,0,0.0,35.2,13.75,37.0,0,0,0,0,0,0,4,55,0,35,32851,-1,3,20,3.0,0.0,3.0,3.0,36958253.0,0.0,36958283.0,36958253.0
62909,53,17,47.0,392.0,47.0,47.0,47.0,0.0,392.0,392.0,392.0,0.0,30719.0,0.0,30719.0,30719.0,0.0,0.0,0.0,0.0,0.0,0.0,0.0,0.0,0.0,0.0,0,0,0,0,47.0,392.0,0,0,0,0,0,0,0,0,1.0,243.0,47.0,392.0,0,0,0,0,0,0,1,47,1,392,-1,-1,0,32,0.0,0.0,0.0,0.0,0.0,0.0,0.0,0.0
63043,53,17,60.0,344.0,30.0,30.0,30.0,0.0,172.0,172.0,172.0,0.0,77.0,127.895,222.0,1.0,1.0,1.0,0.0,1.0,1.0,1.0,1.0,0.0,1.0,1.0,0,0,0,0,30.0,172.0,0,0,0,0,0,0,0,0,1.0,108.5,30.0,172.0,0,0,0,0,0,0,2,60,2,344,-1,-1,1,32,0.0,0.0,0.0,0.0,0.0,0.0,0.0,0.0
64107,443,6,720.0,1295.0,469.0,0.0,72.0,147.7084,1157.0,0.0,259.0,505.5413,20719.85,36187.244,86159.0,3.0,274334.0,30956.44,43556.928,89159.0,3.0,178848.0,44547.0,40778.533,88495.0,385.0,0,0,0,0,0.0,1157.0,0,0,0,1,0,0,0,0,0.0,134.3333,72.0,259.0,0,0,0,0,0,0,10,720,5,1295,65535,114,5,32,0.0,0.0,0.0,0.0,0.0,0.0,0.0,0.0
443,59522,6,37.0,18.0,37.0,0.0,18.5,26.163,6.0,6.0,6.0,0.0,61804.25,125624.145,247478.0,1.0,247569.0,247569.0,0.0,247569.0,247569.0,5.0,2.5,2.121,4.0,1.0,0,0,0,0,0.0,37.0,0,0,0,0,1,0,0,0,1.0,11.0,18.5,6.0,0,0,0,0,0,0,2,37,3,18,66,0,1,32,0.0,0.0,0.0,0.0,0.0,0.0,0.0,0.0
60673,53,17,111.0,400.0,58.0,53.0,55.5,0.7071,247.0,124.0,200.0,42.3236,9758104.33,14474054.59,27119980.0,30408.0,28189807.0,28189807.0,0.0,27189807.0,28189807.0,28199613.0,28199613.0,0.0,27199613.0,28199613.0,0,0,0,0,53.0,247.0,0,0,0,0,0,0,0,0,1.0,154.25,55.5,200.0,0,0,0,0,0,0,2,111,2,400,-1,-1,1,20,30953.0,0.0,30953.0,30953.0,27119907.0,0.0,27119907.0,27119907.0
52038,53,17,66.0,184.0,33.0,33.0,33.0,0.0,92.0,92.0,92.0,0.0,37692.33,68421.519,112051.0,0.0,0.0,0.0,0.0,0.0,0.0,3.0,3.0,0.0,3.0,3.0,0,0,0,0,33.0,92.0,0,0,0,0,0,0,0,0,1.0,70.75,33.0,92.0,0,0,0,0,0,0,2,66,2,184,-1,-1,1,20,0.0,0.0,0.0,0.0,0.0,0.0,0.0,0.0
56415,80,6,3516.0,5051.0,1194.0,0.0,283.0,511.7891,1418.0,0.0,441.4444,606.0997,2655390.35,4360512.119,10027556.0,22.0,112602969.0,5193683.57,4760801.42,10089927.0,231.0,112203529.0,5946509.17,5188219.308,10099352.0,152.0,0,0,0,0,0.0,1418.0,0,0,0,1,0,0,0,0,1.0,380.2769,283.0,441.4444,0,0,0,0,0,0,22,3516,28,5051,29200,190,5,32,303810.0,932169.192,2784989.0,34816.0,10021605.45,7471.189,10027558.0,9996172.0
64559,53,17,72.0,266.0,36.0,36.0,36.0,0.0,133.0,133.0,133.0,0.0,10266.0,17747.183,30791.0,3.0,3.0,3.0,0.0,3.0,3.0,3.0,3.0,0.0,3.0,3.0,0,0,0,0,36.0,133.0,0,0,0,0,0,0,0,0,1.0,93.5,36.0,133.0,0,0,0,0,0,0,2,72,2,266,-1,-1,1,32,0.0,0.0,0.0,0.0,0.0,0.0,0.0,0.0
59317,443,6,12.0,0.0,6.0,6.0,6.0,0.0,0.0,0.0,0.0,0.0,2989802.0,0.0,2989802.0,2989802.0,2989802.0,2989802.0,0.0,2989802.0,2989802.0,0.0,0.0,0.0,0.0,0.0,0,0,0,0,6.0,6.0,0,0,0,0,1,0,0,0,0.0,9.0,6.0,0.0,0,0,0,0,0,0,2,12,0,0,253,-1,1,20,0.0,0.0,0.0,0.0,0.0,0.0,0.0,0.0
123,123,17,48.0,48.0,48.0,48.0,48.0,0.0,48.0,48.0,48.0,0.0,94203.0,0.0,94203.0,94203.0,0.0,0.0,0.0,0.0,0.0,0.0,0.0,0.0,0.0,0.0,0,0,0,0,48.0,48.0,0,0,0,0,0,0,0,0,1.0,72.0,48.0,48.0,0,0,0,0,0,0,1,48,1,48,-1,-1,0,20,0.0,0.0,0.0,0.0,0.0,0.0,0.0,0.0
123,123,17,48.0,48.0,48.0,48.0,48.0,0.0,48.0,48.0,48.0,0.0,16335.0,0.0,16335.0,16335.0,0.0,0.0,0.0,0.0,0.0,0.0,0.0,0.0,0.0,0.0,0,0,0,0,48.0,48.0,0,0,0,0,0,0,0,0,1.0,72.0,48.0,48.0,0,0,0,0,0,0,1,48,1,48,-1,-1,0,32,0.0,0.0,0.0,0.0,0.0,0.0,0.0,0.0
60503,443,6,1255.0,3463.0,673.0,0.0,160.7143,261.9291,1460.0,0.0,643.25,715.5177,427076.85,1480760.066,5013286.0,27.0,133488.0,35486.0,49003.823,77487.0,237.0,5159945.0,831699.14,2025623.071,5009689.0,262.0,0,0,0,0,0.0,1460.0,0,0,0,1,0,0,0,0,1.0,373.0714,160.7143,643.25,0,0,0,0,0,0,7,1255,8,3463,8192,266,6,20,225368.0,0.0,225368.0,225368.0,5013281.0,0.0,5013281.0,5013281.0
48759,80,6,433.0,2267.0,437.0,0.0,144.3333,244.8149,2267.0,0.0,566.75,1133.5,11375.16,12267.971,32604.0,4.0,32178.0,16589.0,20379.222,32018.0,100.0,32057.0,10255.0,27161.232,32197.0,4.0,0,0,0,0,0.0,2267.0,0,0,0,1,0,0,0,0,1.0,387.4286,144.3333,566.75,0,0,0,0,0,0,3,433,4,2267,29200,237,1,32,0.0,0.0,0.0,0.0,0.0,0.0,0.0,0.0
58133,443,6,992.0,3265.0,517.0,0.0,77.4615,145.3604,1460.0,0.0,275.875,514.8338,2426637.8,4275666.92,10002576.0,49.0,60531313.0,4679867.61,5129849.174,10114510.0,221.0,60512035.0,5572565.54,5296941.643,10115358.0,220.0,0,0,0,0,0.0,1460.0,0,0,0,1,0,0,0,0,0.0,161.8381,77.4615,275.875,0,0,0,0,0,0,13,992,16,3265,8192,123,12,20,72127.0,94348.681,183239.0,83613.0,10008593.66,18403.271,10002578.0,9996979.0
55717,53,17,92.0,284.0,46.0,46.0,46.0,0.0,142.0,142.0,142.0,0.0,10326.66,17814.207,30974.0,4.0,4.0,4.0,0.0,4.0,4.0,4.0,4.0,0.0,4.0,4.0,0,0,0,0,46.0,142.0,0,0,0,0,0,0,0,0,1.0,105.5,46.0,142.0,0,0,0,0,0,0,2,92,2,284,-1,-1,1,32,0.0,0.0,0.0,0.0,0.0,0.0,0.0,0.0
57908,443,6,0.0,0.0,0.0,0.0,0.0,0.0,0.0,0.0,0.0,0.0,232.0,0.0,232.0,232.0,232.0,232.0,0.0,232.0,232.0,0.0,0.0,0.0,0.0,0.0,0,0,0,0,0.0,0.0,0,0,0,0,1,0,0,0,0.0,0.0,0.0,0.0,0,0,0,0,0,0,2,0,0,0,245,-1,0,32,0.0,0.0,0.0,0.0,0.0,0.0,0.0,0.0
49271,443,6,12.0,0.0,6.0,6.0,6.0,0.0,0.0,0.0,0.0,0.0,3819014.0,0.0,3819014.0,3819014.0,3819014.0,3819014.0,0.0,3819014.0,3819014.0,0.0,0.0,0.0,0.0,0.0,0,0,0,0,6.0,6.0,0,0,0,0,1,0,0,0,0.0,9.0,6.0,0.0,0,0,0,0,0,0,2,12,0,0,256,-1,1,20,0.0,0.0,0.0,0.0,0.0,0.0,0.0,0.0
56584,443,6,1705.0,6127.0,1049.0,0.0,230.1667,491.9151,1951.0,0.0,718.1429,711.0888,532068.0,2230593.336,10000908.0,33.0,459826.0,51746.2,49082.279,31105.0,238.0,10587034.0,1442602.83,3756885.945,10000547.0,48.0,0,0,0,0,0.0,1951.0,0,0,0,1,0,0,0,0,1.0,576.6475,230.1667,718.1429,0,0,0,0,0,0,6,1705,7,6127,8192,35,5,20,0.0,0.0,0.0,0.0,0.0,0.0,0.0,0.0
52185,53,17,80.0,316.0,40.0,40.0,40.0,0.0,158.0,158.0,158.0,0.0,30260.0,52984.696,90733.0,3.0,49.0,49.0,0.0,49.0,49.0,3.0,3.0,0.0,3.0,3.0,0,0,0,0,40.0,158.0,0,0,0,0,0,0,0,0,1.0,109.0,40.0,158.0,0,0,0,0,0,0,2,80,2,316,-1,-1,1,32,0.0,0.0,0.0,0.0,0.0,0.0,0.0,0.0
38200,53,17,80.0,180.0,40.0,40.0,40.0,0.0,90.0,90.0,90.0,0.0,47.33,72.691,134.0,3.0,3.0,3.0,0.0,3.0,3.0,4.0,4.0,0.0,4.0,4.0,0,0,0,0,40.0,90.0,0,0,0,0,0,0,0,0,1.0,75.0,40.0,90.0,0,0,0,0,0,0,2,80,2,180,-1,-1,1,32,0.0,0.0,0.0,0.0,0.0,0.0,0.0,0.0
39641,443,6,1751.0,8234.0,1124.0,0.0,62.7143,250.7824,1418.0,0.0,371.4217,608.0583,2708066.48,4479269.178,10216249.0,2.0,115417183.0,5280476.69,5149134.467,10240016.0,2.0,112876695.0,5659231.62,5106007.222,10240297.0,2.0,0,0,0,0,0.0,1418.0,0,0,0,1,0,0,0,0,0.0,208.1953,62.7143,371.4217,0,0,0,0,0,0,22,1751,23,8234,29200,383,4,32,46049.09,39652.499,159275.0,21632.0,10196184.45,11555.399,10216247.0,10090964.0
443,42632,6,0.0,0.0,0.0,0.0,0.0,0.0,0.0,0.0,0.0,0.0,143.0,0.0,143.0,143.0,0.0,0.0,0.0,0.0,0.0,0.0,0.0,0.0,0.0,0.0,0,0,0,0,0.0,0.0,0,0,0,0,1,1,0,0,1.0,0.0,0.0,0.0,0,0,0,0,0,0,1,0,1,0,61,1444,0,32,0.0,0.0,0.0,0.0,0.0,0.0,0.0,0.0
60528,53,17,204.0,570.0,51.0,51.0,51.0,0.0,195.0,195.0,195.0,0.0,4871.85,11428.284,31565.0,2.0,31606.0,10562.33,17625.635,31695.0,2.0,254.0,71.0,68.937,207.0,3.0,0,0,0,0,51.0,195.0,0,0,0,0,0,0,0,0,1.0,116.125,51.0,195.0,0,0,0,0,0,0,4,204,4,570,-1,-1,3,20,0.0,0.0,0.0,0.0,0.0,0.0,0.0,0.0
50009,80,6,364.0,310.0,354.0,0.0,72.2222,167.1412,310.0,0.0,100.0,184.6767,9577.33,12247.477,27948.0,59.0,66153.0,11037.83,13566.375,37904.0,4068.0,38074.0,18032.0,26489.456,38595.0,314.0,0,0,0,0,0.0,314.0,0,0,0,1,0,0,0,0,0.0,96.7714,72.2222,100.0,0,0,0,0,0,0,7,364,3,310,65535,74,1,32,0.0,0.0,0.0,0.0,0.0,0.0,0.0,0.0
54079,443,6,20029.0,250769.0,4181.0,6.0,1233.3532,1428.6129,3153.0,6.0,1446.9488,374.2042,1836.07,5765.915,23642.0,1.0,60214.0,3366.34,8356.643,37410.0,48.0,6198.0,1077.25,4474.649,6441.0,1.0,0,0,0,0,6.0,4161.0,0,0,0,0,1,0,0,0,1.0,1019.2429,1233.3532,1446.9488,0,0,0,0,0,0,52,20029,166,250769,253,367,151,20,0.0,0.0,0.0,0.0,0.0,0.0,0.0,0.0
46937,443,6,0.0,0.0,0.0,0.0,0.0,0.0,0.0,0.0,0.0,0.0,49.0,0.0,49.0,49.0,49.0,49.0,0.0,49.0,49.0,0.0,0.0,0.0,0.0,0.0,0,0,0,0,0.0,0.0,0,0,0,0,1,0,0,0,0.0,0.0,0.0,0.0,0,0,0,0,0,0,2,0,0,0,319,-1,0,32,0.0,0.0,0.0,0.0,0.0,0.0,0.0,0.0
443,50875,6,0.0,0.0,0.0,0.0,0.0,0.0,0.0,0.0,0.0,0.0,109.0,0.0,109.0,109.0,0.0,0.0,0.0,0.0,0.0,0.0,0.0,0.0,0.0,0.0,0,0,0,0,0.0,0.0,0,0,0,0,1,1,0,0,1.0,0.0,0.0,0.0,0,0,0,0,0,0,1,0,1,0,122,33304,0,32,0.0,0.0,0.0,0.0,0.0,0.0,0.0,0.0
60136,53,17,109.0,175.0,58.0,43.0,54.5,6.364,116.0,95.0,95.5,30.7066,17306017.33,35533256.339,52952839.0,60713.0,52972903.0,52972903.0,0.0,52972903.0,52972903.0,52911457.0,52911457.0,0.0,52911457.0,52911457.0,0,0,0,0,43.0,116.0,0,0,0,0,0,0,0,0,1.0,84.75,54.5,95.5,0,0,0,0,0,0,2,109,2,175,-1,-1,1,20,30462.0,0.0,30462.0,30462.0,52952850.0,0.0,52952850.0,52952850.0
443,54587,6,37.0,0.0,37.0,0.0,18.5,26.163,0.0,0.0,0.0,0.0,3.0,0.0,3.0,3.0,3.0,3.0,0.0,3.0,3.0,0.0,0.0,0.0,0.0,0.0,1,0,0,0,0.0,37.0,0,1,0,0,1,0,0,0,0.0,37.0,18.5,0.0,0,0,0,0,0,0,2,37,0,0,972,-1,0,32,0.0,0.0,0.0,0.0,0.0,0.0,0.0,0.0
61650,53,17,46.0,129.0,46.0,46.0,46.0,0.0,129.0,129.0,129.0,0.0,30433.0,0.0,30433.0,30433.0,0.0,0.0,0.0,0.0,0.0,0.0,0.0,0.0,0.0,0.0,0,0,0,0,46.0,129.0,0,0,0,0,0,0,0,0,1.0,100.5,46.0,129.0,0,0,0,0,0,0,1,46,1,129,-1,-1,0,40,0.0,0.0,0.0,0.0,0.0,0.0,0.0,0.0
49209,53,17,60.0,92.0,30.0,30.0,30.0,0.0,46.0,46.0,46.0,0.0,59476.33,99785.921,158423.0,3.0,3.0,3.0,0.0,3.0,3.0,48.0,48.0,0.0,48.0,48.0,0,0,0,0,30.0,46.0,0,0,0,0,0,0,0,0,1.0,45.5,30.0,46.0,0,0,0,0,0,0,2,60,2,92,-1,-1,1,40,0.0,0.0,0.0,0.0,0.0,0.0,0.0,0.0
52236,53,17,132.0,398.0,66.0,66.0,66.0,0.0,199.0,199.0,199.0,0.0,87.33,144.678,259.0,2.0,2.0,2.0,0.0,2.0,2.0,3.0,3.0,0.0,3.0,3.0,0,0,0,0,66.0,199.0,0,0,0,0,0,0,0,0,1.0,146.0,66.0,199.0,0,0,0,0,0,0,2,132,2,398,-1,-1,1,20,0.0,0.0,0.0,0.0,0.0,0.0,0.0,0.0
17506,53,17,70.0,266.0,35.0,35.0,35.0,0.0,133.0,133.0,133.0,0.0,69.33,32.199,112.0,48.0,48.0,48.0,0.0,48.0,48.0,48.0,48.0,0.0,48.0,48.0,0,0,0,0,35.0,133.0,0,0,0,0,0,0,0,0,1.0,92.75,35.0,133.0,0,0,0,0,0,0,2,70,2,266,-1,-1,1,20,0.0,0.0,0.0,0.0,0.0,0.0,0.0,0.0
52455,443,6,572.0,156.0,517.0,0.0,114.4,225.7062,144.0,0.0,39.75,70.5571,560125.12,1650889.506,4957565.0,85.0,306765.0,83941.25,27031.246,120051.0,168.0,4247560.0,1047516.0,2859215.41,4997664.0,440.0,0,0,0,0,0.0,517.0,0,0,0,1,0,0,0,0,0.0,80.8889,114.4,39.75,0,0,0,0,0,0,5,572,4,156,8192,119,4,20,0.0,0.0,0.0,0.0,0.0,0.0,0.0,0.0
62746,53,17,103.0,172.0,52.0,41.0,51.5,3.5355,104.0,89.0,86.0,16.397,27392678.66,46710342.63,81917783.0,30801.0,81977239.0,81977239.0,0.0,81977239.0,81977239.0,81993366.0,81993366.0,0.0,81993366.0,81993366.0,0,0,0,0,41.0,104.0,0,0,0,0,0,0,0,0,1.0,81.75,51.5,86.0,0,0,0,0,0,0,2,103,2,172,-1,-1,1,20,759.0,0.0,759.0,759.0,81917742.0,0.0,81917782.0,81917742.0
37668,80,6,0.0,0.0,0.0,0.0,0.0,0.0,0.0,0.0,0.0,0.0,1734754.33,2944751.527,5159493.0,15.0,5193318.0,2596659.0,3514768.893,5159493.0,23876.0,0.0,0.0,0.0,0.0,0.0,0,0,0,0,0.0,0.0,0,0,0,1,0,0,0,0,0.0,0.0,0.0,0.0,0,0,0,0,0,0,3,0,1,0,29200,65535,0,32,0.0,0.0,0.0,0.0,0.0,0.0,0.0,0.0
15345,53,17,68.0,230.0,34.0,34.0,34.0,0.0,115.0,115.0,115.0,0.0,99.33,126.991,244.0,1.0,1.0,1.0,0.0,1.0,1.0,49.0,49.0,0.0,49.0,49.0,0,0,0,0,34.0,115.0,0,0,0,0,0,0,0,0,1.0,83.0,34.0,115.0,0,0,0,0,0,0,2,68,2,230,-1,-1,1,20,0.0,0.0,0.0,0.0,0.0,0.0,0.0,0.0
35747,80,6,0.0,0.0,0.0,0.0,0.0,0.0,0.0,0.0,0.0,0.0,1798614.8,3055743.052,5356827.0,37.0,5465187.0,2632593.5,3797413.938,5356827.0,23351.0,0.0,0.0,0.0,0.0,0.0,0,0,0,0,0.0,0.0,0,0,0,1,0,0,0,0,0.0,0.0,0.0,0.0,0,0,0,0,0,0,3,0,1,0,29200,28960,0,32,0.0,0.0,0.0,0.0,0.0,0.0,0.0,0.0
443,52271,6,6.0,6.0,6.0,6.0,6.0,0.0,6.0,6.0,6.0,0.0,89.0,0.0,89.0,89.0,0.0,0.0,0.0,0.0,0.0,0.0,0.0,0.0,0.0,0.0,0,0,0,0,6.0,6.0,0,0,0,0,1,1,0,0,1.0,9.0,6.0,6.0,0,0,0,0,0,0,1,6,1,6,114,256,0,20,0.0,0.0,0.0,0.0,0.0,0.0,0.0,0.0
55700,53,17,68.0,100.0,34.0,34.0,34.0,0.0,50.0,50.0,50.0,0.0,56.0,93.253,162.0,3.0,3.0,3.0,0.0,3.0,3.0,4.0,4.0,0.0,4.0,4.0,0,0,0,0,34.0,50.0,0,0,0,0,0,0,0,0,1.0,50.5,34.0,50.0,0,0,0,0,0,0,2,68,2,100,-1,-1,1,32,0.0,0.0,0.0,0.0,0.0,0.0,0.0,0.0
443,49958,6,0.0,0.0,0.0,0.0,0.0,0.0,0.0,0.0,0.0,0.0,77.0,0.0,77.0,77.0,0.0,0.0,0.0,0.0,0.0,0.0,0.0,0.0,0.0,0.0,0,0,0,0,0.0,0.0,0,0,0,0,1,1,0,0,1.0,0.0,0.0,0.0,0,0,0,0,0,0,1,0,1,0,350,720,0,32,0.0,0.0,0.0,0.0,0.0,0.0,0.0,0.0
3764,53,17,92.0,284.0,46.0,46.0,46.0,0.0,142.0,142.0,142.0,0.0,54.33,87.179,155.0,3.0,4.0,4.0,0.0,4.0,4.0,3.0,3.0,0.0,3.0,3.0,0,0,0,0,46.0,142.0,0,0,0,0,0,0,0,0,1.0,105.5,46.0,142.0,0,0,0,0,0,0,2,92,2,284,-1,-1,1,32,0.0,0.0,0.0,0.0,0.0,0.0,0.0,0.0
36436,443,6,708.0,3054.0,469.0,0.0,56.8182,133.531,1418.0,0.0,259.5,518.8983,24694.69,40287.598,122801.0,3.0,402384.0,34370.4,76251.271,233334.0,3.0,379159.0,54852.44,75762.007,190307.0,3.0,0,0,0,0,0.0,1418.0,0,0,0,1,0,0,0,0,0.0,148.8445,56.8182,259.5,0,0,0,0,0,0,11,708,8,3054,29200,357,4,32,0.0,0.0,0.0,0.0,0.0,0.0,0.0,0.0
61253,53,17,67.0,185.0,67.0,67.0,67.0,0.0,185.0,185.0,185.0,0.0,522.0,0.0,522.0,522.0,0.0,0.0,0.0,0.0,0.0,0.0,0.0,0.0,0.0,0.0,0,0,0,0,67.0,185.0,0,0,0,0,0,0,0,0,1.0,159.5,67.0,185.0,0,0,0,0,0,0,1,67,1,185,-1,-1,0,32,0.0,0.0,0.0,0.0,0.0,0.0,0.0,0.0
58266,80,6,2056.0,21045.0,530.0,0.0,68.65,161.7617,2920.0,0.0,749.25,998.3309,2716798.62,4326998.844,10094527.0,3.0,117992485.0,5283060.63,5029192.361,10031545.0,3.0,112358188.0,5505704.47,5180790.72,10038573.0,71.0,0,0,0,0,0.0,2920.0,0,0,0,1,0,0,0,0,1.0,403.3997,68.65,749.25,0,0,0,0,0,0,27,2056,25,21045,8192,1010,26,20,805157.81,1417623.309,4455466.0,22991.0,10000129.45,5227.362,10094524.0,9998002.0
443,60452,6,0.0,0.0,0.0,0.0,0.0,0.0,0.0,0.0,0.0,0.0,26.0,0.0,26.0,26.0,0.0,0.0,0.0,0.0,0.0,0.0,0.0,0.0,0.0,0.0,0,0,0,0,0.0,0.0,0,0,0,0,1,1,0,0,1.0,0.0,0.0,0.0,0,0,0,0,0,0,1,0,1,0,118,346,0,32,0.0,0.0,0.0,0.0,0.0,0.0,0.0,0.0
40116,443,6,351.0,3934.0,194.0,0.0,38.1,67.4904,1448.0,0.0,666.7143,674.007,377567.07,1221972.276,5258593.0,3.0,5441897.0,675977.0,1771958.738,5258593.0,3.0,54952.0,10994.66,17050.342,27505.0,48.0,0,0,0,0,0.0,1448.0,0,0,0,1,0,0,0,0,0.0,263.7333,38.1,666.7143,0,0,0,0,0,0,10,351,7,3934,29200,939,3,32,343995.0,0.0,343995.0,343995.0,5258529.0,0.0,5258599.0,5258529.0
80,35868,6,0.0,0.0,0.0,0.0,0.0,0.0,0.0,0.0,0.0,0.0,65.0,0.0,65.0,65.0,0.0,0.0,0.0,0.0,0.0,0.0,0.0,0.0,0.0,0.0,0,0,0,0,0.0,0.0,0,0,0,0,1,1,0,0,1.0,0.0,0.0,0.0,0,0,0,0,0,0,1,0,1,0,352,229,0,32,0.0,0.0,0.0,0.0,0.0,0.0,0.0,0.0
56198,443,6,12.0,0.0,6.0,6.0,6.0,0.0,0.0,0.0,0.0,0.0,6804.0,0.0,6804.0,6804.0,6804.0,6804.0,0.0,6804.0,6804.0,0.0,0.0,0.0,0.0,0.0,0,0,0,0,6.0,6.0,0,0,0,0,1,0,0,0,0.0,9.0,6.0,0.0,0,0,0,0,0,0,2,12,0,0,64039,-1,1,20,0.0,0.0,0.0,0.0,0.0,0.0,0.0,0.0
59527,53,17,140.0,300.0,35.0,35.0,35.0,0.0,75.0,75.0,75.0,0.0,4693.14,11772.212,30144.0,1.0,30289.0,10092.0,17424.76,30274.0,1.0,877.0,252.33,140.803,874.0,1.0,0,0,0,0,35.0,75.0,0,0,0,0,0,0,0,0,1.0,53.375,35.0,75.0,0,0,0,0,0,0,4,140,4,300,-1,-1,3,20,0.0,0.0,0.0,0.0,0.0,0.0,0.0,0.0
62887,53,17,176.0,362.0,44.0,44.0,44.0,0.0,91.0,91.0,91.0,0.0,8572.57,23535.814,67116.0,0.0,144861.0,41153.0,81976.928,144856.0,0.0,146172.0,33187.66,57429.312,96189.0,3.0,0,0,0,0,44.0,91.0,0,0,0,0,0,0,0,0,1.0,77.5,44.0,91.0,0,0,0,0,0,0,4,176,4,362,-1,-1,3,32,0.0,0.0,0.0,0.0,0.0,0.0,0.0,0.0
443,56963,6,37.0,0.0,31.0,6.0,18.5,17.6777,0.0,0.0,0.0,0.0,3.0,0.0,3.0,3.0,3.0,3.0,0.0,3.0,3.0,0.0,0.0,0.0,0.0,0.0,1,0,0,0,6.0,31.0,0,1,0,0,1,0,0,0,0.0,34.0,18.5,0.0,0,0,0,0,0,0,2,37,0,0,119,-1,1,20,0.0,0.0,0.0,0.0,0.0,0.0,0.0,0.0
443,57919,6,0.0,0.0,0.0,0.0,0.0,0.0,0.0,0.0,0.0,0.0,15.5,11.412,23.0,4.0,4.0,4.0,0.0,4.0,4.0,0.0,0.0,0.0,0.0,0.0,0,0,0,0,0.0,0.0,0,0,0,0,1,1,0,0,0.0,0.0,0.0,0.0,0,0,0,0,0,0,2,0,1,0,349,32832,0,32,0.0,0.0,0.0,0.0,0.0,0.0,0.0,0.0
443,53627,6,0.0,0.0,0.0,0.0,0.0,0.0,0.0,0.0,0.0,0.0,22.0,0.0,22.0,22.0,0.0,0.0,0.0,0.0,0.0,0.0,0.0,0.0,0.0,0.0,0,0,0,0,0.0,0.0,0,0,0,0,1,0,0,0,1.0,0.0,0.0,0.0,0,0,0,0,0,0,1,0,1,0,114,338,0,32,0.0,0.0,0.0,0.0,0.0,0.0,0.0,0.0
62268,53,17,107.0,182.0,64.0,49.0,53.5,10.6066,110.0,62.0,91.0,26.8841,35659243.0,60389041.554,107807367.0,23389.0,107818182.0,107818182.0,0.0,107818182.0,107818182.0,107899597.0,107899597.0,0.0,107899597.0,107899597.0,0,0,0,0,49.0,110.0,0,0,0,0,0,0,0,0,1.0,89.5,53.5,91.0,0,0,0,0,0,0,2,107,2,182,-1,-1,1,32,30647.0,0.0,30648.0,30647.0,107807368.0,0.0,107807368.0,107807368.0
52925,443,6,3311.0,66526.0,776.0,0.0,61.1993,169.1423,3793.0,0.0,1086.5833,769.763,1723448.31,3773902.238,10001110.0,3.0,115214939.0,3216823.95,4838633.959,10032619.0,36.0,110298065.0,4234169.53,4843334.748,10035095.0,48.0,0,0,0,0,0.0,3793.0,0,0,0,1,0,0,0,0,1.0,665.779,61.1993,1086.5833,0,0,0,0,0,0,53,3311,59,66526,8192,1457,52,20,50753.66,78076.934,203878.0,36773.0,9590056.66,1218589.594,10001113.0,5003041.0
61730,53,17,56.0,120.0,56.0,56.0,56.0,0.0,120.0,120.0,120.0,0.0,30621.0,0.0,30621.0,30621.0,0.0,0.0,0.0,0.0,0.0,0.0,0.0,0.0,0.0,0.0,0,0,0,0,56.0,120.0,0,0,0,0,0,0,0,0,1.0,116.0,56.0,120.0,0,0,0,0,0,0,1,56,1,120,-1,-1,0,32,0.0,0.0,0.0,0.0,0.0,0.0,0.0,0.0
57540,443,6,29.0,0.0,29.0,0.0,7.25,14.5,0.0,0.0,0.0,0.0,58148.66,98872.008,106228.0,8.0,6396.0,8162.0,2672.612,6228.0,48.0,0.0,0.0,0.0,0.0,0.0,0,0,0,0,0.0,29.0,0,0,0,0,1,0,0,0,0.0,7.25,7.25,0.0,0,0,0,0,0,0,4,29,0,0,33061,-1,1,32,0.0,0.0,0.0,0.0,0.0,0.0,0.0,0.0
51065,53,17,64.0,120.0,32.0,32.0,32.0,0.0,60.0,60.0,60.0,0.0,47.0,78.787,135.0,3.0,3.0,3.0,0.0,3.0,3.0,4.0,4.0,0.0,4.0,4.0,0,0,0,0,32.0,60.0,0,0,0,0,0,0,0,0,1.0,54.0,32.0,60.0,0,0,0,0,0,0,2,64,2,120,-1,-1,1,20,0.0,0.0,0.0,0.0,0.0,0.0,0.0,0.0
47084,443,6,0.0,0.0,0.0,0.0,0.0,0.0,0.0,0.0,0.0,0.0,103.0,0.0,103.0,103.0,103.0,103.0,0.0,103.0,103.0,0.0,0.0,0.0,0.0,0.0,0,0,0,0,0.0,0.0,0,0,0,0,1,0,0,0,0.0,0.0,0.0,0.0,0,0,0,0,0,0,2,0,0,0,836,-1,0,32,0.0,0.0,0.0,0.0,0.0,0.0,0.0,0.0
61176,53,17,112.0,167.0,62.0,50.0,56.0,5.6569,82.0,78.0,83.5,3.1347,23626479.66,44800300.01,70754941.0,43293.0,70748237.0,70748237.0,0.0,70748237.0,70748237.0,70752391.0,70752391.0,0.0,70752391.0,70752391.0,0,0,0,0,50.0,82.0,0,0,0,0,0,0,0,0,1.0,87.0,56.0,83.5,0,0,0,0,0,0,2,112,2,167,-1,-1,1,32,30591.0,0.0,30591.0,30591.0,70754967.0,0.0,70554967.0,70754967.0
58546,53,17,74.0,154.0,37.0,37.0,37.0,0.0,77.0,77.0,77.0,0.0,70.0,85.338,162.0,3.0,3.0,3.0,0.0,3.0,3.0,48.0,48.0,0.0,48.0,48.0,0,0,0,0,37.0,77.0,0,0,0,0,0,0,0,0,1.0,66.25,37.0,77.0,0,0,0,0,0,0,2,74,2,154,-1,-1,1,20,0.0,0.0,0.0,0.0,0.0,0.0,0.0,0.0
57852,443,6,12.0,0.0,6.0,6.0,6.0,0.0,0.0,0.0,0.0,0.0,199187.0,0.0,199187.0,199187.0,199187.0,199187.0,0.0,199187.0,199187.0,0.0,0.0,0.0,0.0,0.0,0,0,0,0,6.0,6.0,0,0,0,0,1,0,0,0,0.0,9.0,6.0,0.0,0,0,0,0,0,0,2,12,0,0,63809,-1,1,20,0.0,0.0,0.0,0.0,0.0,0.0,0.0,0.0
29957,53,17,62.0,224.0,31.0,31.0,31.0,0.0,112.0,112.0,112.0,0.0,102.33,175.652,305.0,3.0,3.0,3.0,0.0,3.0,3.0,3.0,3.0,0.0,3.0,3.0,0,0,0,0,31.0,112.0,0,0,0,0,0,0,0,0,1.0,79.25,31.0,112.0,0,0,0,0,0,0,2,62,2,224,-1,-1,1,20,0.0,0.0,0.0,0.0,0.0,0.0,0.0,0.0
56531,443,6,0.0,0.0,0.0,0.0,0.0,0.0,0.0,0.0,0.0,0.0,89840.66,161612.612,249395.0,80003.0,3.0,3.0,0.0,3.0,3.0,207283.0,207283.0,0.0,207283.0,207283.0,0,0,0,0,0.0,0.0,0,0,0,0,1,1,0,0,1.0,0.0,0.0,0.0,0,0,0,0,0,0,2,0,2,0,32832,179,0,32,0.0,0.0,0.0,0.0,0.0,0.0,0.0,0.0
53169,443,6,1349.0,7827.0,417.0,0.0,136.1429,181.8467,2920.0,0.0,605.5,1088.6488,741665.2,1873846.218,9999255.0,40.0,13939686.0,1480803.33,3231046.239,9999255.0,191.0,18963612.0,1951035.71,2833727.814,10199612.0,166.0,0,0,0,0,0.0,2920.0,0,0,0,1,0,0,0,0,1.0,399.3571,136.1429,605.5,0,0,0,0,0,0,7,1349,12,7827,8192,60,6,20,1716639.0,1504000.0,1716639.0,1716639.0,9999225.0,0.0,9999255.0,9999225.0
62164,53,17,88.0,472.0,44.0,44.0,44.0,0.0,236.0,236.0,236.0,0.0,60.0,108.547,187.0,3.0,4.0,4.0,0.0,4.0,4.0,3.0,3.0,0.0,3.0,3.0,0,0,0,0,44.0,236.0,0,0,0,0,0,0,0,0,1.0,151.0,44.0,236.0,0,0,0,0,0,0,2,88,2,472,-1,-1,1,20,0.0,0.0,0.0,0.0,0.0,0.0,0.0,0.0
443,53194,6,6.0,6.0,6.0,6.0,6.0,0.0,6.0,6.0,6.0,0.0,77.0,0.0,77.0,77.0,0.0,0.0,0.0,0.0,0.0,0.0,0.0,0.0,0.0,0.0,0,0,0,0,6.0,6.0,0,0,0,0,1,1,0,0,1.0,9.0,6.0,6.0,0,0,0,0,0,0,1,6,1,6,31259,16560,0,20,0.0,0.0,0.0,0.0,0.0,0.0,0.0,0.0
443,58737,6,12.0,0.0,6.0,6.0,6.0,0.0,0.0,0.0,0.0,0.0,3.0,0.0,3.0,3.0,3.0,3.0,0.0,3.0,3.0,0.0,0.0,0.0,0.0,0.0,0,0,0,0,6.0,6.0,0,0,0,0,1,0,0,0,0.0,9.0,6.0,0.0,0,0,0,0,0,0,2,12,0,0,5544,-1,1,20,0.0,0.0,0.0,0.0,0.0,0.0,0.0,0.0
62829,53,17,39.0,36.0,39.0,39.0,39.0,0.0,36.0,36.0,36.0,0.0,497.0,0.0,497.0,497.0,0.0,0.0,0.0,0.0,0.0,0.0,0.0,0.0,0.0,0.0,0,0,0,0,39.0,36.0,0,0,0,0,0,0,0,0,1.0,57.0,39.0,36.0,0,0,0,0,0,0,1,39,1,36,-1,-1,0,20,0.0,0.0,0.0,0.0,0.0,0.0,0.0,0.0
61843,53,17,52.0,112.0,52.0,52.0,52.0,0.0,112.0,112.0,112.0,0.0,50331.0,0.0,50331.0,50331.0,0.0,0.0,0.0,0.0,0.0,0.0,0.0,0.0,0.0,0.0,0,0,0,0,52.0,112.0,0,0,0,0,0,0,0,0,1.0,108.0,52.0,112.0,0,0,0,0,0,0,1,52,1,112,-1,-1,0,20,0.0,0.0,0.0,0.0,0.0,0.0,0.0,0.0
443,50918,6,0.0,18.0,0.0,0.0,0.0,0.0,6.0,6.0,6.0,0.0,21.33,43.954,61.0,1.0,0.0,0.0,0.0,0.0,0.0,4.0,2.0,1.414,3.0,1.0,0,0,0,0,0.0,6.0,0,0,0,0,1,0,0,0,3.0,4.5,0.0,6.0,0,0,0,0,0,0,1,0,3,18,939,0,0,32,0.0,0.0,0.0,0.0,0.0,0.0,0.0,0.0
48181,443,6,0.0,0.0,0.0,0.0,0.0,0.0,0.0,0.0,0.0,0.0,95089.0,0.0,95089.0,95089.0,0.0,0.0,0.0,0.0,0.0,0.0,0.0,0.0,0.0,0.0,0,0,0,0,0.0,0.0,0,0,0,0,1,1,0,0,1.0,0.0,0.0,0.0,0,0,0,0,0,0,1,0,1,0,304,1062,0,32,0.0,0.0,0.0,0.0,0.0,0.0,0.0,0.0
42797,88,6,0.0,12.0,0.0,0.0,0.0,0.0,6.0,0.0,3.0,3.4641,24.5,31.279,78.0,1.0,0.0,0.0,0.0,0.0,0.0,92.0,91.66,67.928,41.0,1.0,0,0,0,0,0.0,6.0,0,0,0,0,1,1,0,0,4.0,2.4,0.0,3.0,0,0,0,0,0,0,1,0,4,12,237,0,0,32,0.0,0.0,0.0,0.0,0.0,0.0,0.0,0.0
62427,443,6,37.0,0.0,37.0,0.0,9.25,18.5,0.0,0.0,0.0,0.0,3739271.33,6861168.73,11076787.0,0.0,11297725.0,3632905.33,8172224.329,11076787.0,0.0,0.0,0.0,0.0,0.0,0.0,0,0,0,0,0.0,37.0,0,0,0,0,1,0,0,0,0.0,9.25,9.25,0.0,0,0,0,0,0,0,4,37,0,0,33285,-1,1,32,0.0,0.0,0.0,0.0,11076790.0,0.0,11076780.0,11076790.0
49726,80,6,445.0,746.0,445.0,0.0,29.1875,108.75,746.0,0.0,53.2857,199.3769,3983666.67,4884205.276,10223453.0,43.0,115327013.0,7681002.23,4203381.549,10240000.0,177.0,112614154.0,8664384.35,3838523.56,10240286.0,20874.0,0,0,0,0,0.0,746.0,0,0,0,1,0,0,0,0,0.0,39.2667,29.1875,53.2857,0,0,0,0,0,0,16,445,14,746,29200,340,1,32,37915.09,7769.331,53773.0,23423.0,10198935.27,60767.353,10223452.0,10199009.0
53567,53,17,90.0,222.0,45.0,45.0,45.0,0.0,111.0,111.0,111.0,0.0,16377.33,28363.863,49121.0,1.0,1.0,1.0,0.0,1.0,1.0,3.0,3.0,0.0,3.0,3.0,0,0,0,0,45.0,111.0,0,0,0,0,0,0,0,0,1.0,89.25,45.0,111.0,0,0,0,0,0,0,2,90,2,222,-1,-1,1,20,0.0,0.0,0.0,0.0,0.0,0.0,0.0,0.0
443,50744,6,12.0,0.0,6.0,6.0,6.0,0.0,0.0,0.0,0.0,0.0,1.0,0.0,1.0,1.0,1.0,1.0,0.0,1.0,1.0,0.0,0.0,0.0,0.0,0.0,0,0,0,0,6.0,6.0,0,0,0,0,1,0,0,0,0.0,9.0,6.0,0.0,0,0,0,0,0,0,2,12,0,0,276,-1,1,20,0.0,0.0,0.0,0.0,0.0,0.0,0.0,0.0
50188,443,6,1507.0,4061.0,608.0,0.0,157.3571,241.1013,2246.0,0.0,451.3077,887.0837,171705.32,894374.527,2946396.0,1.0,1491728.0,221328.0,381438.152,948043.0,171.0,3323606.0,340204.0,1050870.202,3001679.0,1.0,0,0,0,0,0.0,2246.0,0,0,0,1,0,0,0,0,1.0,311.0444,157.3571,451.3077,0,0,0,0,0,0,7,1507,11,4061,29200,61,4,32,0.0,0.0,0.0,0.0,0.0,0.0,0.0,0.0
55947,80,6,12.0,0.0,6.0,0.0,4.0,3.4641,0.0,0.0,0.0,0.0,1844134.33,3194902.553,5502525.0,78.0,5622306.0,2811153.0,3812102.667,5502525.0,267940.0,0.0,0.0,0.0,0.0,0.0,0,0,0,0,0.0,6.0,0,0,0,1,0,0,0,0,0.0,3.0,4.0,0.0,0,0,0,0,0,0,3,12,1,0,8192,42780,2,20,0.0,0.0,0.0,0.0,0.0,0.0,0.0,0.0
47802,53,17,84.0,282.0,42.0,42.0,42.0,0.0,141.0,141.0,141.0,0.0,68.0,110.977,196.0,1.0,1.0,1.0,0.0,1.0,1.0,1.0,1.0,0.0,1.0,1.0,0,0,0,0,42.0,141.0,0,0,0,0,0,0,0,0,1.0,102.0,42.0,141.0,0,0,0,0,0,0,2,84,2,282,-1,-1,1,32,0.0,0.0,0.0,0.0,0.0,0.0,0.0,0.0
62505,53,17,55.0,83.0,55.0,55.0,55.0,0.0,83.0,83.0,83.0,0.0,30378.0,0.0,30378.0,30378.0,0.0,0.0,0.0,0.0,0.0,0.0,0.0,0.0,0.0,0.0,0,0,0,0,55.0,83.0,0,0,0,0,0,0,0,0,1.0,96.5,55.0,83.0,0,0,0,0,0,0,1,55,1,83,-1,-1,0,20,0.0,0.0,0.0,0.0,0.0,0.0,0.0,0.0
64147,53,17,70.0,102.0,35.0,35.0,35.0,0.0,51.0,51.0,51.0,0.0,10280.0,17810.864,30838.0,4.0,4.0,4.0,0.0,4.0,4.0,48.0,48.0,0.0,48.0,48.0,0,0,0,0,35.0,51.0,0,0,0,0,0,0,0,0,1.0,51.75,35.0,51.0,0,0,0,0,0,0,2,70,2,102,-1,-1,1,20,0.0,0.0,0.0,0.0,0.0,0.0,0.0,0.0
443,53305,6,0.0,18.0,0.0,0.0,0.0,0.0,6.0,6.0,6.0,0.0,25218.5,51569.134,100929.0,1.0,100960.0,100960.0,0.0,100960.0,100960.0,4.0,2.0,1.414,3.0,1.0,0,0,0,0,0.0,6.0,0,0,0,0,1,0,0,0,1.0,3.6,0.0,6.0,0,0,0,0,0,0,2,0,3,18,114,0,0,32,0.0,0.0,0.0,0.0,0.0,0.0,0.0,0.0
62224,53,17,41.0,110.0,41.0,41.0,41.0,0.0,110.0,110.0,110.0,0.0,1766.0,0.0,1766.0,1766.0,0.0,0.0,0.0,0.0,0.0,0.0,0.0,0.0,0.0,0.0,0,0,0,0,41.0,110.0,0,0,0,0,0,0,0,0,1.0,96.0,41.0,110.0,0,0,0,0,0,0,1,41,1,110,-1,-1,0,32,0.0,0.0,0.0,0.0,0.0,0.0,0.0,0.0
49561,53,17,70.0,166.0,35.0,35.0,35.0,0.0,83.0,83.0,83.0,0.0,16868.33,29030.786,50554.0,3.0,3.0,3.0,0.0,3.0,3.0,4.0,4.0,0.0,4.0,4.0,0,0,0,0,35.0,83.0,0,0,0,0,0,0,0,0,1.0,67.75,35.0,83.0,0,0,0,0,0,0,2,70,2,166,-1,-1,1,32,0.0,0.0,0.0,0.0,0.0,0.0,0.0,0.0
59034,53,17,84.0,116.0,42.0,42.0,42.0,0.0,58.0,58.0,58.0,0.0,59.66,94.016,172.0,3.0,3.0,3.0,0.0,3.0,3.0,3.0,3.0,0.0,3.0,3.0,0,0,0,0,42.0,58.0,0,0,0,0,0,0,0,0,1.0,60.5,42.0,58.0,0,0,0,0,0,0,2,84,2,116,-1,-1,1,20,0.0,0.0,0.0,0.0,0.0,0.0,0.0,0.0
1202,80,6,12.0,0.0,6.0,6.0,6.0,0.0,0.0,0.0,0.0,0.0,61.0,0.0,61.0,61.0,61.0,61.0,0.0,61.0,61.0,0.0,0.0,0.0,0.0,0.0,0,0,0,0,6.0,6.0,0,0,0,0,1,0,0,0,0.0,9.0,6.0,0.0,0,0,0,0,0,0,2,12,0,0,256,-1,1,20,0.0,0.0,0.0,0.0,0.0,0.0,0.0,0.0
443,51916,6,6.0,6.0,6.0,6.0,6.0,0.0,6.0,6.0,6.0,0.0,102.0,0.0,102.0,102.0,0.0,0.0,0.0,0.0,0.0,0.0,0.0,0.0,0.0,0.0,0,0,0,0,6.0,6.0,0,0,0,0,1,1,0,0,1.0,9.0,6.0,6.0,0,0,0,0,0,0,1,6,1,6,114,16417,0,20,0.0,0.0,0.0,0.0,0.0,0.0,0.0,0.0
60636,443,6,3439.0,116499.0,921.0,0.0,58.32,101.957,2836.0,0.0,1575.5789,517.4489,2375.26,4385.242,33790.0,0.0,156692.0,4749.51,8046.332,33124.0,0.0,135265.0,3908.97,5898.017,33804.0,1.0,0,0,0,0,0.0,2836.0,0,0,0,1,0,0,0,0,1.0,826.7526,58.32,1575.5789,0,0,0,0,0,0,70,3439,123,116499,65535,404,9,32,0.0,0.0,0.0,0.0,0.0,0.0,0.0,0.0
4016,443,6,4954.0,5493.0,1762.0,0.0,291.7,509.4626,1681.0,0.0,234.0909,507.775,1727754.22,3627446.745,10005358.0,18.0,66049485.0,3354273.84,4592411.518,10030748.0,167.0,66017542.0,3838260.16,4950126.215,10051590.0,248.0,0,0,0,0,0.0,1762.0,0,0,0,1,0,0,0,0,0.0,289.4518,291.7,234.0909,0,0,0,0,0,0,20,4954,19,5493,8192,594,18,20,187968.83,698101.873,1678716.0,50248.0,9964850.66,165107.181,10005355.0,9794480.0
65072,53,17,66.0,194.0,33.0,33.0,33.0,0.0,97.0,97.0,97.0,0.0,75.66,47.16,130.0,48.0,49.0,49.0,0.0,49.0,49.0,49.0,49.0,0.0,49.0,49.0,0,0,0,0,33.0,97.0,0,0,0,0,0,0,0,0,1.0,73.25,33.0,97.0,0,0,0,0,0,0,2,66,2,194,-1,-1,1,20,0.0,0.0,0.0,0.0,0.0,0.0,0.0,0.0
59320,443,6,1224.0,579.0,773.0,0.0,101.7273,245.1487,461.0,0.0,95.8,149.2301,5154.86,9526.755,20346.0,3.0,81223.0,9639.5,11160.68,24676.0,55.0,50161.0,13055.25,7311.784,20445.0,4.0,0,0,0,0,0.0,773.0,0,0,0,1,0,0,0,0,0.0,117.9333,101.7273,95.8,0,0,0,0,0,0,11,1224,5,579,65535,62,10,20,0.0,0.0,0.0,0.0,0.0,0.0,0.0,0.0
443,59057,6,43.0,0.0,31.0,6.0,14.3333,14.4338,0.0,0.0,0.0,0.0,2.0,1.414,3.0,1.0,4.0,2.0,1.414,3.0,1.0,0.0,0.0,0.0,0.0,0.0,0,0,0,0,6.0,31.0,0,0,0,0,1,0,0,0,0.0,16.3333,14.3333,0.0,0,0,0,0,0,0,3,43,0,0,946,-1,2,20,0.0,0.0,0.0,0.0,0.0,0.0,0.0,0.0
52327,443,6,1216.0,556.0,625.0,0.0,173.6,297.7916,252.0,0.0,88.2,118.6786,922120.72,2877240.034,9960024.0,3.0,10047084.0,1516290.88,3988864.073,9960024.0,182.0,66419.0,13609.25,11081.324,33660.0,1247.0,0,0,0,0,0.0,625.0,0,0,0,1,0,0,0,0,0.0,136.2,173.6,88.2,0,0,0,0,0,0,5,1216,5,556,8192,63,4,20,0.0,0.0,0.0,0.0,0.0,0.0,0.0,0.0
52444,53,17,66.0,386.0,33.0,33.0,33.0,0.0,193.0,193.0,193.0,0.0,66.33,105.85,192.0,3.0,3.0,3.0,0.0,3.0,3.0,3.0,3.0,0.0,3.0,3.0,0,0,0,0,33.0,193.0,0,0,0,0,0,0,0,0,1.0,121.25,33.0,193.0,0,0,0,0,0,0,2,66,2,386,-1,-1,1,20,0.0,0.0,0.0,0.0,0.0,0.0,0.0,0.0
45962,443,6,0.0,0.0,0.0,0.0,0.0,0.0,0.0,0.0,0.0,0.0,18428.0,0.0,18428.0,18428.0,0.0,0.0,0.0,0.0,0.0,0.0,0.0,0.0,0.0,0.0,0,0,0,0,0.0,0.0,0,0,0,0,1,1,0,0,1.0,0.0,0.0,0.0,0,0,0,0,0,0,1,0,1,0,349,33,0,32,0.0,0.0,0.0,0.0,0.0,0.0,0.0,0.0
55482,443,6,0.0,0.0,0.0,0.0,0.0,0.0,0.0,0.0,0.0,0.0,232.0,0.0,232.0,232.0,232.0,232.0,0.0,232.0,232.0,0.0,0.0,0.0,0.0,0.0,0,0,0,0,0.0,0.0,0,0,0,0,1,0,0,0,0.0,0.0,0.0,0.0,0,0,0,0,0,0,2,0,0,0,349,-1,0,32,0.0,0.0,0.0,0.0,0.0,0.0,0.0,0.0
443,54169,6,31.0,6.0,31.0,0.0,15.5,21.9203,6.0,6.0,6.0,0.0,48.0,9.394,45.0,34.0,87.0,87.0,0.0,87.0,87.0,0.0,0.0,0.0,0.0,0.0,1,0,0,0,0.0,31.0,0,1,0,0,1,0,0,0,0.0,22.6667,15.5,6.0,0,0,0,0,0,0,2,31,1,6,1013,0,0,32,0.0,0.0,0.0,0.0,0.0,0.0,0.0,0.0
16446,53,17,94.0,196.0,47.0,47.0,47.0,0.0,98.0,98.0,98.0,0.0,51.0,82.273,146.0,3.0,3.0,3.0,0.0,3.0,3.0,4.0,4.0,0.0,4.0,4.0,0,0,0,0,47.0,98.0,0,0,0,0,0,0,0,0,1.0,84.25,47.0,98.0,0,0,0,0,0,0,2,94,2,196,-1,-1,1,20,0.0,0.0,0.0,0.0,0.0,0.0,0.0,0.0
59849,53,17,66.0,258.0,33.0,33.0,33.0,0.0,129.0,129.0,129.0,0.0,10341.0,17903.975,31016.0,3.0,3.0,3.0,0.0,3.0,3.0,3.0,3.0,0.0,3.0,3.0,0,0,0,0,33.0,129.0,0,0,0,0,0,0,0,0,1.0,89.25,33.0,129.0,0,0,0,0,0,0,2,66,2,258,-1,-1,1,20,0.0,0.0,0.0,0.0,0.0,0.0,0.0,0.0
57890,443,6,1713.0,6346.0,1115.0,0.0,147.4167,352.0371,2217.0,0.0,653.4545,811.7545,782315.96,2405980.534,9999384.0,4.0,14179358.0,1139958.9,3327722.621,9999384.0,85.0,10079637.0,1219906.82,3510918.733,10031295.0,4.0,0,0,0,0,0.0,2217.0,0,0,0,1,0,0,0,0,1.0,409.5,147.4167,653.4545,0,0,0,0,0,0,12,1713,11,6346,65535,2062,5,32,279875.0,0.0,279875.0,279875.0,9999384.0,0.0,9999384.0,9999384.0
443,62343,6,37.0,0.0,31.0,6.0,18.5,17.6777,0.0,0.0,0.0,0.0,3.0,0.0,3.0,3.0,3.0,3.0,0.0,3.0,3.0,0.0,0.0,0.0,0.0,0.0,1,0,0,0,6.0,31.0,0,1,0,0,1,0,0,0,0.0,34.0,18.5,0.0,0,0,0,0,0,0,2,37,0,0,16,-1,1,20,0.0,0.0,0.0,0.0,0.0,0.0,0.0,0.0
62437,53,17,49.0,177.0,49.0,49.0,49.0,0.0,177.0,177.0,177.0,0.0,23409.0,0.0,23409.0,23409.0,0.0,0.0,0.0,0.0,0.0,0.0,0.0,0.0,0.0,0.0,0,0,0,0,49.0,177.0,0,0,0,0,0,0,0,0,1.0,137.5,49.0,177.0,0,0,0,0,0,0,1,49,1,177,-1,-1,0,20,0.0,0.0,0.0,0.0,0.0,0.0,0.0,0.0
56135,443,6,74.0,0.0,37.0,37.0,37.0,0.0,0.0,0.0,0.0,0.0,64062073.0,0.0,64062073.0,64062073.0,64062073.0,64062073.0,0.0,64062073.0,64062073.0,0.0,0.0,0.0,0.0,0.0,1,0,0,0,37.0,37.0,0,1,0,0,1,1,0,0,0.0,55.5,37.0,0.0,0,0,0,0,0,0,2,74,0,0,33304,-1,1,32,0.0,0.0,0.0,0.0,0.0,0.0,0.0,0.0
64216,53,17,76.0,332.0,38.0,38.0,38.0,0.0,166.0,166.0,166.0,0.0,10265.33,17781.91,30789.0,3.0,3.0,3.0,0.0,3.0,3.0,3.0,3.0,0.0,3.0,3.0,0,0,0,0,38.0,166.0,0,0,0,0,0,0,0,0,1.0,111.5,38.0,166.0,0,0,0,0,0,0,2,76,2,332,-1,-1,1,20,0.0,0.0,0.0,0.0,0.0,0.0,0.0,0.0
52546,53,17,60.0,264.0,30.0,30.0,30.0,0.0,132.0,132.0,132.0,0.0,57.33,93.356,165.0,3.0,3.0,3.0,0.0,3.0,3.0,4.0,4.0,0.0,4.0,4.0,0,0,0,0,30.0,132.0,0,0,0,0,0,0,0,0,1.0,88.5,30.0,132.0,0,0,0,0,0,0,2,60,2,264,-1,-1,1,20,0.0,0.0,0.0,0.0,0.0,0.0,0.0,0.0
61055,53,17,50.0,174.0,50.0,50.0,50.0,0.0,174.0,174.0,174.0,0.0,31673.0,0.0,31673.0,31673.0,0.0,0.0,0.0,0.0,0.0,0.0,0.0,0.0,0.0,0.0,0,0,0,0,50.0,174.0,0,0,0,0,0,0,0,0,1.0,137.0,50.0,174.0,0,0,0,0,0,0,1,50,1,174,-1,-1,0,32,0.0,0.0,0.0,0.0,0.0,0.0,0.0,0.0
49959,443,6,12.0,0.0,6.0,6.0,6.0,0.0,0.0,0.0,0.0,0.0,3.0,0.0,3.0,3.0,3.0,3.0,0.0,3.0,3.0,0.0,0.0,0.0,0.0,0.0,0,0,0,0,6.0,6.0,1,0,0,0,0,0,0,0,0.0,9.0,6.0,0.0,0,0,0,0,0,0,2,12,0,0,0,-1,1,20,0.0,0.0,0.0,0.0,0.0,0.0,0.0,0.0
443,60328,6,37.0,0.0,31.0,6.0,18.5,17.6777,0.0,0.0,0.0,0.0,3.0,0.0,3.0,3.0,3.0,3.0,0.0,3.0,3.0,0.0,0.0,0.0,0.0,0.0,1,0,0,0,6.0,31.0,0,1,0,0,1,0,0,0,0.0,34.0,18.5,0.0,0,0,0,0,0,0,2,37,0,0,110,-1,1,20,0.0,0.0,0.0,0.0,0.0,0.0,0.0,0.0
48725,443,6,1519.0,3981.0,552.0,0.0,61.9636,155.4756,1418.0,0.0,130.2857,383.2215,3343538.73,14669045.756,58969414.0,1.0,118605356.0,6365680.68,19496286.048,58969414.0,53.0,118588547.0,7337338.91,20005390.179,59008680.0,1.0,0,0,0,0,0.0,1418.0,0,0,0,1,0,0,0,0,0.0,106.04,61.9636,130.2857,0,0,0,0,0,0,18,1519,14,3981,29200,369,6,32,241950.0,134518.227,308282.0,82831.0,58879054.0,110285.502,58969415.0,58606972.0
52712,443,6,74.0,0.0,37.0,37.0,37.0,0.0,0.0,0.0,0.0,0.0,32037274.0,0.0,32037274.0,32037274.0,32037274.0,32037274.0,0.0,32037274.0,32037274.0,0.0,0.0,0.0,0.0,0.0,1,0,0,0,37.0,37.0,0,1,0,0,1,1,0,0,0.0,55.5,37.0,0.0,0,0,0,0,0,0,2,74,0,0,32874,-1,1,20,0.0,0.0,0.0,0.0,0.0,0.0,0.0,0.0
57829,53,17,82.0,210.0,41.0,41.0,41.0,0.0,105.0,105.0,105.0,0.0,10375.33,17986.859,31129.0,3.0,3.0,3.0,0.0,3.0,3.0,4.0,4.0,0.0,4.0,4.0,0,0,0,0,41.0,105.0,0,0,0,0,0,0,0,0,1.0,83.25,41.0,105.0,0,0,0,0,0,0,2,82,2,210,-1,-1,1,32,0.0,0.0,0.0,0.0,0.0,0.0,0.0,0.0
52245,443,6,3047.0,4798.0,584.0,0.0,188.8571,256.9856,1430.0,0.0,251.8,481.4337,3069583.15,10221407.182,45006168.0,1.0,118088010.0,6117844.25,14461250.471,45006160.0,155.0,117968908.0,6921040.24,15193284.347,45046647.0,1.0,0,0,0,0,0.0,1430.0,0,0,0,1,0,0,0,0,1.0,288.2643,188.8571,251.8,0,0,0,0,0,0,14,3047,20,4798,8192,398,13,20,136680.5,131783.862,279462.0,36084.0,28243780.0,22554579.281,45006166.0,6763652.0
56253,53,17,86.0,196.0,43.0,43.0,43.0,0.0,98.0,98.0,98.0,0.0,10304.0,17857.397,30809.0,3.0,3.0,3.0,0.0,3.0,3.0,4.0,4.0,0.0,4.0,4.0,0,0,0,0,43.0,98.0,0,0,0,0,0,0,0,0,1.0,81.25,43.0,98.0,0,0,0,0,0,0,2,86,2,196,-1,-1,1,20,0.0,0.0,0.0,0.0,0.0,0.0,0.0,0.0
57606,53,17,82.0,114.0,41.0,41.0,41.0,0.0,57.0,57.0,57.0,0.0,51.33,48.117,108.0,3.0,4.0,4.0,0.0,4.0,4.0,49.0,49.0,0.0,49.0,49.0,0,0,0,0,41.0,57.0,0,0,0,0,0,0,0,0,1.0,59.25,41.0,57.0,0,0,0,0,0,0,2,82,2,114,-1,-1,1,20,0.0,0.0,0.0,0.0,0.0,0.0,0.0,0.0
443,65081,6,12.0,0.0,6.0,6.0,6.0,0.0,0.0,0.0,0.0,0.0,219.0,0.0,219.0,219.0,219.0,219.0,0.0,219.0,219.0,0.0,0.0,0.0,0.0,0.0,0,0,0,0,6.0,6.0,0,0,0,0,1,0,0,0,0.0,9.0,6.0,0.0,0,0,0,0,0,0,2,12,0,0,32,-1,1,20,0.0,0.0,0.0,0.0,0.0,0.0,0.0,0.0
443,53855,6,0.0,0.0,0.0,0.0,0.0,0.0,0.0,0.0,0.0,0.0,63.0,0.0,63.0,63.0,0.0,0.0,0.0,0.0,0.0,0.0,0.0,0.0,0.0,0.0,0,0,0,0,0.0,0.0,0,0,0,0,1,0,0,0,1.0,0.0,0.0,0.0,0,0,0,0,0,0,1,0,1,0,416,32832,0,32,0.0,0.0,0.0,0.0,0.0,0.0,0.0,0.0
80,56451,6,6.0,6.0,6.0,6.0,6.0,0.0,6.0,6.0,6.0,0.0,27.0,0.0,27.0,27.0,0.0,0.0,0.0,0.0,0.0,0.0,0.0,0.0,0.0,0.0,0,0,0,0,6.0,6.0,0,0,0,0,1,1,0,0,1.0,9.0,6.0,6.0,0,0,0,0,0,0,1,6,1,6,29,256,0,20,0.0,0.0,0.0,0.0,0.0,0.0,0.0,0.0
53645,443,6,12.0,0.0,6.0,6.0,6.0,0.0,0.0,0.0,0.0,0.0,4366619.0,0.0,4366619.0,4366619.0,4366619.0,4366619.0,0.0,4366619.0,4366619.0,0.0,0.0,0.0,0.0,0.0,0,0,0,0,6.0,6.0,0,0,0,0,1,0,0,0,0.0,9.0,6.0,0.0,0,0,0,0,0,0,2,12,0,0,4209,-1,1,20,0.0,0.0,0.0,0.0,0.0,0.0,0.0,0.0
52635,53,17,84.0,182.0,42.0,42.0,42.0,0.0,91.0,91.0,91.0,0.0,54.66,84.494,157.0,3.0,3.0,3.0,0.0,3.0,3.0,3.0,3.0,0.0,3.0,3.0,0,0,0,0,42.0,91.0,0,0,0,0,0,0,0,0,1.0,77.0,42.0,91.0,0,0,0,0,0,0,2,84,2,182,-1,-1,1,20,0.0,0.0,0.0,0.0,0.0,0.0,0.0,0.0
443,39536,6,12.0,0.0,6.0,6.0,6.0,0.0,0.0,0.0,0.0,0.0,3.0,0.0,3.0,3.0,3.0,3.0,0.0,3.0,3.0,0.0,0.0,0.0,0.0,0.0,0,0,0,0,6.0,6.0,0,0,0,0,1,0,0,0,0.0,9.0,6.0,0.0,0,0,0,0,0,0,2,12,0,0,123,-1,1,20,0.0,0.0,0.0,0.0,0.0,0.0,0.0,0.0
61433,53,17,53.0,113.0,53.0,53.0,53.0,0.0,113.0,113.0,113.0,0.0,479.0,0.0,479.0,479.0,0.0,0.0,0.0,0.0,0.0,0.0,0.0,0.0,0.0,0.0,0,0,0,0,53.0,113.0,0,0,0,0,0,0,0,0,1.0,109.5,53.0,113.0,0,0,0,0,0,0,1,53,1,113,-1,-1,0,32,0.0,0.0,0.0,0.0,0.0,0.0,0.0,0.0
53280,443,6,2224.0,5573.0,691.0,0.0,98.0625,190.7291,1448.0,0.0,384.1739,539.1991,2051608.99,3986325.589,10029777.0,7.0,61276323.0,3734680.44,4944246.133,10079991.0,223.0,61170091.0,4095226.35,5176288.212,10072226.0,168.0,0,0,0,0,0.0,1448.0,0,0,0,1,0,0,0,0,0.0,223.5667,98.0625,384.1739,0,0,0,0,0,0,16,2224,9,5573,29200,135,6,32,229208.16,702849.519,1104093.0,50462.0,10024283.33,29742.463,10029774.0,9959544.0
3514,80,6,12.0,0.0,6.0,6.0,6.0,0.0,0.0,0.0,0.0,0.0,370.0,0.0,370.0,370.0,370.0,370.0,0.0,370.0,370.0,0.0,0.0,0.0,0.0,0.0,0,0,0,0,6.0,6.0,0,0,0,0,1,0,0,0,0.0,9.0,6.0,0.0,0,0,0,0,0,0,2,12,0,0,253,-1,1,20,0.0,0.0,0.0,0.0,0.0,0.0,0.0,0.0
61897,53,17,46.0,174.0,46.0,46.0,46.0,0.0,174.0,174.0,174.0,0.0,23650.0,0.0,23650.0,23650.0,0.0,0.0,0.0,0.0,0.0,0.0,0.0,0.0,0.0,0.0,0,0,0,0,46.0,174.0,0,0,0,0,0,0,0,0,1.0,133.0,46.0,174.0,0,0,0,0,0,0,1,46,1,174,-1,-1,0,32,0.0,0.0,0.0,0.0,0.0,0.0,0.0,0.0
60943,53,17,55.0,423.0,55.0,55.0,55.0,0.0,223.0,223.0,223.0,0.0,48111.0,0.0,48111.0,48111.0,0.0,0.0,0.0,0.0,0.0,0.0,0.0,0.0,0.0,0.0,0,0,0,0,55.0,223.0,0,0,0,0,0,0,0,0,1.0,166.5,55.0,223.0,0,0,0,0,0,0,1,55,1,423,-1,-1,0,20,0.0,0.0,0.0,0.0,0.0,0.0,0.0,0.0
443,55355,6,0.0,0.0,0.0,0.0,0.0,0.0,0.0,0.0,0.0,0.0,3.0,0.0,3.0,3.0,3.0,3.0,0.0,3.0,3.0,0.0,0.0,0.0,0.0,0.0,0,0,0,0,0.0,0.0,0,0,0,0,1,0,0,0,0.0,0.0,0.0,0.0,0,0,0,0,0,0,2,0,0,0,357,-1,0,32,0.0,0.0,0.0,0.0,0.0,0.0,0.0,0.0
31978,53,17,70.0,166.0,35.0,35.0,35.0,0.0,83.0,83.0,83.0,0.0,55.33,93.638,160.0,3.0,3.0,3.0,0.0,3.0,3.0,3.0,3.0,0.0,3.0,3.0,0,0,0,0,35.0,83.0,0,0,0,0,0,0,0,0,1.0,67.75,35.0,83.0,0,0,0,0,0,0,2,70,2,166,-1,-1,1,32,0.0,0.0,0.0,0.0,0.0,0.0,0.0,0.0
63331,443,6,1134.0,443.0,785.0,0.0,103.4,265.3613,245.0,0.0,88.6,128.6949,10098.42,14922.12,36658.0,3.0,142771.0,15394.22,21236.951,53592.0,3.0,98331.0,27300.25,15954.813,37841.0,523.0,0,0,0,0,0.0,785.0,0,0,0,1,0,0,0,0,0.0,92.8667,103.4,88.6,0,0,0,0,0,0,10,1134,5,443,65535,362,5,32,0.0,0.0,0.0,0.0,0.0,0.0,0.0,0.0
61963,53,17,55.0,71.0,55.0,55.0,55.0,0.0,71.0,71.0,71.0,0.0,59204.0,0.0,59204.0,59204.0,0.0,0.0,0.0,0.0,0.0,0.0,0.0,0.0,0.0,0.0,0,0,0,0,55.0,71.0,0,0,0,0,0,0,0,0,1.0,90.5,55.0,71.0,0,0,0,0,0,0,1,55,1,71,-1,-1,0,32,0.0,0.0,0.0,0.0,0.0,0.0,0.0,0.0
52239,443,6,599.0,160.0,517.0,0.0,85.5714,191.3085,160.0,0.0,53.3333,92.376,661024.9,1963556.352,5303936.0,4.0,5402355.0,950290.5,2384773.525,5411469.0,4.0,80238.0,40019.0,27252.783,63598.0,29912.0,0,0,0,0,0.0,517.0,0,0,0,1,0,0,0,0,0.0,75.9,85.5714,53.3333,0,0,0,0,0,0,7,599,3,160,29200,59,3,32,111651.0,0.0,111651.0,111651.0,5303925.0,0.0,5303935.0,5303925.0
443,54186,6,0.0,0.0,0.0,0.0,0.0,0.0,0.0,0.0,0.0,0.0,36.0,0.0,36.0,36.0,0.0,0.0,0.0,0.0,0.0,0.0,0.0,0.0,0.0,0.0,0,0,0,0,0.0,0.0,0,0,0,0,1,1,0,0,1.0,0.0,0.0,0.0,0,0,0,0,0,0,1,0,1,0,1356,352,0,32,0.0,0.0,0.0,0.0,0.0,0.0,0.0,0.0
443,64554,6,37.0,0.0,37.0,0.0,18.5,26.163,0.0,0.0,0.0,0.0,249.0,0.0,249.0,249.0,249.0,249.0,0.0,249.0,249.0,0.0,0.0,0.0,0.0,0.0,1,0,0,0,0.0,37.0,0,1,0,0,1,0,0,0,0.0,37.0,18.5,0.0,0,0,0,0,0,0,2,37,0,0,114,-1,0,32,0.0,0.0,0.0,0.0,0.0,0.0,0.0,0.0
52244,443,6,961.0,997.0,709.0,0.0,96.2,220.8704,841.0,0.0,190.6429,326.921,10887.28,15356.075,38523.0,21.0,134246.0,13867.33,20565.081,52116.0,35.0,105092.0,20143.0,17249.557,38130.0,592.0,0,0,0,0,0.0,901.0,0,0,0,1,0,0,0,0,0.0,130.8,96.2,190.6429,0,0,0,0,0,0,10,961,7,997,65535,351,5,32,0.0,0.0,0.0,0.0,0.0,0.0,0.0,0.0
60332,53,17,55.0,116.0,55.0,55.0,55.0,0.0,116.0,116.0,116.0,0.0,122920.0,0.0,122920.0,122920.0,0.0,0.0,0.0,0.0,0.0,0.0,0.0,0.0,0.0,0.0,0,0,0,0,55.0,116.0,0,0,0,0,0,0,0,0,1.0,113.0,55.0,116.0,0,0,0,0,0,0,1,55,1,116,-1,-1,0,32,0.0,0.0,0.0,0.0,0.0,0.0,0.0,0.0
60537,53,17,56.0,112.0,56.0,56.0,56.0,0.0,112.0,112.0,112.0,0.0,424.0,0.0,424.0,424.0,0.0,0.0,0.0,0.0,0.0,0.0,0.0,0.0,0.0,0.0,0,0,0,0,56.0,112.0,0,0,0,0,0,0,0,0,1.0,112.0,56.0,112.0,0,0,0,0,0,0,1,56,1,112,-1,-1,0,20,0.0,0.0,0.0,0.0,0.0,0.0,0.0,0.0
54084,53,17,60.0,264.0,30.0,30.0,30.0,0.0,132.0,132.0,132.0,0.0,63.66,28.296,97.0,47.0,48.0,48.0,0.0,48.0,48.0,47.0,47.0,0.0,47.0,47.0,0,0,0,0,30.0,132.0,0,0,0,0,0,0,0,0,1.0,88.5,30.0,132.0,0,0,0,0,0,0,2,60,2,264,-1,-1,1,20,0.0,0.0,0.0,0.0,0.0,0.0,0.0,0.0
56481,53,17,90.0,202.0,45.0,45.0,45.0,0.0,101.0,101.0,101.0,0.0,26308.33,45894.252,69919.0,3.0,3.0,3.0,0.0,3.0,3.0,4.0,4.0,0.0,4.0,4.0,0,0,0,0,45.0,101.0,0,0,0,0,0,0,0,0,1.0,84.25,45.0,101.0,0,0,0,0,0,0,2,90,2,202,-1,-1,1,20,0.0,0.0,0.0,0.0,0.0,0.0,0.0,0.0
55247,53,17,80.0,112.0,40.0,40.0,40.0,0.0,56.0,56.0,56.0,0.0,52.66,58.284,116.0,3.0,3.0,3.0,0.0,3.0,3.0,48.0,48.0,0.0,48.0,48.0,0,0,0,0,40.0,56.0,0,0,0,0,0,0,0,0,1.0,58.0,40.0,56.0,0,0,0,0,0,0,2,80,2,112,-1,-1,1,32,0.0,0.0,0.0,0.0,0.0,0.0,0.0,0.0
38156,53,17,74.0,354.0,37.0,37.0,37.0,0.0,177.0,177.0,177.0,0.0,10379.33,17981.035,31133.0,0.0,0.0,0.0,0.0,0.0,0.0,3.0,3.0,0.0,3.0,3.0,0,0,0,0,37.0,177.0,0,0,0,0,0,0,0,0,1.0,116.25,37.0,177.0,0,0,0,0,0,0,2,74,2,354,-1,-1,1,32,0.0,0.0,0.0,0.0,0.0,0.0,0.0,0.0
55292,80,6,784.0,3191.0,437.0,0.0,48.2105,142.3677,1797.0,0.0,289.5556,620.4203,3525233.52,4824839.922,10025306.0,41.0,119773077.0,7159806.56,4421181.311,10137495.0,375.0,115179382.0,7877320.84,4208827.152,10130437.0,676.0,0,0,0,0,0.0,1797.0,0,0,0,1,0,0,0,0,0.0,144.8654,48.2105,289.5556,0,0,0,0,0,0,19,784,18,3191,29200,287,3,32,399928.09,1616923.172,3740518.0,42905.0,10018003.45,9505.675,10025308.0,10006407.0
30406,443,6,1382.0,5368.0,483.0,0.0,79.7143,101.8631,1460.0,0.0,225.6429,472.1226,2188080.81,4146949.657,10024474.0,3.0,116290260.0,4496007.2,4990244.438,10080013.0,3.0,111144183.0,4671822.37,5034999.196,10080208.0,48.0,0,0,0,0,0.0,1460.0,0,0,0,1,0,0,0,0,0.0,142.7748,79.7143,225.6429,0,0,0,0,0,0,21,1382,19,5368,29200,5503,20,20,162668.16,487035.217,1510410.0,28852.0,10021313.36,6305.52,10024477.0,9960797.0
61873,53,17,43.0,71.0,43.0,43.0,43.0,0.0,71.0,71.0,71.0,0.0,30956.0,0.0,30956.0,30956.0,0.0,0.0,0.0,0.0,0.0,0.0,0.0,0.0,0.0,0.0,0,0,0,0,43.0,71.0,0,0,0,0,0,0,0,0,1.0,78.5,43.0,71.0,0,0,0,0,0,0,1,43,1,71,-1,-1,0,32,0.0,0.0,0.0,0.0,0.0,0.0,0.0,0.0
80,50931,6,6.0,6.0,6.0,6.0,6.0,0.0,6.0,6.0,6.0,0.0,1.0,0.0,1.0,1.0,0.0,0.0,0.0,0.0,0.0,0.0,0.0,0.0,0.0,0.0,0,0,0,0,6.0,6.0,0,0,0,0,1,1,0,0,1.0,9.0,6.0,6.0,0,0,0,0,0,0,1,6,1,6,913,256,0,20,0.0,0.0,0.0,0.0,0.0,0.0,0.0,0.0
60713,53,17,48.0,186.0,48.0,48.0,48.0,0.0,186.0,186.0,186.0,0.0,30509.0,0.0,30509.0,30509.0,0.0,0.0,0.0,0.0,0.0,0.0,0.0,0.0,0.0,0.0,0,0,0,0,48.0,186.0,0,0,0,0,0,0,0,0,1.0,141.0,48.0,186.0,0,0,0,0,0,0,1,48,1,186,-1,-1,0,32,0.0,0.0,0.0,0.0,0.0,0.0,0.0,0.0
443,51978,6,12.0,0.0,6.0,6.0,6.0,0.0,0.0,0.0,0.0,0.0,3.0,0.0,3.0,3.0,3.0,3.0,0.0,3.0,3.0,0.0,0.0,0.0,0.0,0.0,0,0,0,0,6.0,6.0,0,0,0,0,1,0,0,0,0.0,9.0,6.0,0.0,0,0,0,0,0,0,2,12,0,0,131,-1,1,20,0.0,0.0,0.0,0.0,0.0,0.0,0.0,0.0
80,50362,6,0.0,0.0,0.0,0.0,0.0,0.0,0.0,0.0,0.0,0.0,37.0,0.0,37.0,37.0,0.0,0.0,0.0,0.0,0.0,0.0,0.0,0.0,0.0,0.0,0,0,0,0,0.0,0.0,0,0,0,0,1,1,0,0,1.0,0.0,0.0,0.0,0,0,0,0,0,0,1,0,1,0,349,32832,0,32,0.0,0.0,0.0,0.0,0.0,0.0,0.0,0.0
60614,53,17,41.0,209.0,41.0,41.0,41.0,0.0,209.0,209.0,209.0,0.0,182845.0,0.0,182845.0,182845.0,0.0,0.0,0.0,0.0,0.0,0.0,0.0,0.0,0.0,0.0,0,0,0,0,41.0,209.0,0,0,0,0,0,0,0,0,1.0,145.5,41.0,209.0,0,0,0,0,0,0,1,41,1,209,-1,-1,0,20,0.0,0.0,0.0,0.0,0.0,0.0,0.0,0.0
60629,53,17,68.0,422.0,34.0,34.0,34.0,0.0,211.0,211.0,211.0,0.0,12206.0,21749.011,36512.0,3.0,3.0,3.0,0.0,3.0,3.0,3.0,3.0,0.0,3.0,3.0,0,0,0,0,34.0,211.0,0,0,0,0,0,0,0,0,1.0,131.0,34.0,211.0,0,0,0,0,0,0,2,68,2,422,-1,-1,1,20,0.0,0.0,0.0,0.0,0.0,0.0,0.0,0.0
55226,443,6,1298.0,8129.0,635.0,0.0,71.0,169.9118,1418.0,0.0,499.3333,696.7621,2923000.46,12920610.28,58831111.0,1.0,118227128.0,5377422.0,17820422.324,58838111.0,39.0,118379719.0,6551855.21,19202306.273,58873255.0,1.0,0,0,0,0,0.0,1418.0,0,0,0,1,0,0,0,0,1.0,281.3403,71.0,499.3333,0,0,0,0,0,0,20,1298,24,8129,29200,175,18,32,537256.0,698322.595,948434.0,85162.0,58600614.5,466086.639,58831116.0,58303945.0
62393,53,17,140.0,386.0,35.0,35.0,35.0,0.0,93.0,93.0,93.0,0.0,4557.42,11679.632,31713.0,1.0,31703.0,10534.33,17789.705,31797.0,1.0,299.0,33.33,40.407,199.0,1.0,0,0,0,0,35.0,93.0,0,0,0,0,0,0,0,0,1.0,66.75,35.0,93.0,0,0,0,0,0,0,4,140,4,386,-1,-1,3,20,0.0,0.0,0.0,0.0,0.0,0.0,0.0,0.0
60013,53,17,51.0,112.0,51.0,51.0,51.0,0.0,112.0,112.0,112.0,0.0,476.0,0.0,476.0,476.0,0.0,0.0,0.0,0.0,0.0,0.0,0.0,0.0,0.0,0.0,0,0,0,0,51.0,112.0,0,0,0,0,0,0,0,0,1.0,107.0,51.0,112.0,0,0,0,0,0,0,1,51,1,112,-1,-1,0,32,0.0,0.0,0.0,0.0,0.0,0.0,0.0,0.0
80,55220,6,0.0,0.0,0.0,0.0,0.0,0.0,0.0,0.0,0.0,0.0,63.0,0.0,63.0,63.0,0.0,0.0,0.0,0.0,0.0,0.0,0.0,0.0,0.0,0.0,0,0,0,0,0.0,0.0,0,0,0,0,1,1,0,0,1.0,0.0,0.0,0.0,0,0,0,0,0,0,1,0,1,0,111,33304,0,32,0.0,0.0,0.0,0.0,0.0,0.0,0.0,0.0
443,55956,6,6.0,6.0,6.0,6.0,6.0,0.0,6.0,6.0,6.0,0.0,59.0,0.0,59.0,59.0,0.0,0.0,0.0,0.0,0.0,0.0,0.0,0.0,0.0,0.0,0,0,0,0,6.0,6.0,0,0,0,0,1,1,0,0,1.0,9.0,6.0,6.0,0,0,0,0,0,0,1,6,1,6,119,16425,0,20,0.0,0.0,0.0,0.0,0.0,0.0,0.0,0.0
54959,443,6,765.0,440.0,517.0,0.0,191.8333,251.5014,200.0,0.0,47.0,86.4,202635.5,608972.647,1800764.0,4.0,1000812.0,500570.0,613441.158,1840793.0,158.0,109072.0,17622.33,16734.142,52568.0,4.0,0,0,0,0,0.0,517.0,0,0,0,1,0,0,0,0,1.0,115.6333,191.8333,47.0,0,0,0,0,0,0,6,765,7,440,8192,245,5,20,0.0,0.0,0.0,0.0,0.0,0.0,0.0,0.0
443,58273,6,0.0,0.0,0.0,0.0,0.0,0.0,0.0,0.0,0.0,0.0,107.0,0.0,107.0,107.0,0.0,0.0,0.0,0.0,0.0,0.0,0.0,0.0,0.0,0.0,0,0,0,0,0.0,0.0,0,0,0,0,1,0,0,0,1.0,0.0,0.0,0.0,0,0,0,0,0,0,1,0,1,0,357,32832,0,32,0.0,0.0,0.0,0.0,0.0,0.0,0.0,0.0
24743,53,17,86.0,204.0,43.0,43.0,43.0,0.0,102.0,102.0,102.0,0.0,69.33,73.131,155.0,3.0,3.0,3.0,0.0,3.0,3.0,49.0,49.0,0.0,49.0,49.0,0,0,0,0,43.0,102.0,0,0,0,0,0,0,0,0,1.0,83.25,43.0,102.0,0,0,0,0,0,0,2,86,2,204,-1,-1,1,32,0.0,0.0,0.0,0.0,0.0,0.0,0.0,0.0
443,63758,6,6.0,6.0,6.0,6.0,6.0,0.0,6.0,6.0,6.0,0.0,74.0,0.0,74.0,74.0,0.0,0.0,0.0,0.0,0.0,0.0,0.0,0.0,0.0,0.0,0,0,0,0,6.0,6.0,0,0,0,0,1,1,0,0,1.0,9.0,6.0,6.0,0,0,0,0,0,0,1,6,1,6,60,325,0,20,0.0,0.0,0.0,0.0,0.0,0.0,0.0,0.0
45330,53,17,60.0,264.0,30.0,30.0,30.0,0.0,132.0,132.0,132.0,0.0,33942.66,58465.933,101821.0,4.0,48.0,48.0,0.0,48.0,48.0,4.0,4.0,0.0,4.0,4.0,0,0,0,0,30.0,132.0,0,0,0,0,0,0,0,0,1.0,88.5,30.0,132.0,0,0,0,0,0,0,2,60,2,264,-1,-1,1,32,0.0,0.0,0.0,0.0,0.0,0.0,0.0,0.0
62942,53,17,48.0,174.0,48.0,48.0,48.0,0.0,174.0,174.0,174.0,0.0,101544.0,0.0,101544.0,101544.0,0.0,0.0,0.0,0.0,0.0,0.0,0.0,0.0,0.0,0.0,0,0,0,0,48.0,174.0,0,0,0,0,0,0,0,0,1.0,135.0,48.0,174.0,0,0,0,0,0,0,1,48,1,174,-1,-1,0,20,0.0,0.0,0.0,0.0,0.0,0.0,0.0,0.0
18507,53,17,92.0,248.0,46.0,46.0,46.0,0.0,124.0,124.0,124.0,0.0,70.0,118.139,204.0,1.0,1.0,1.0,0.0,1.0,1.0,2.0,2.0,0.0,2.0,2.0,0,0,0,0,46.0,124.0,0,0,0,0,0,0,0,0,1.0,96.5,46.0,124.0,0,0,0,0,0,0,2,92,2,248,-1,-1,1,32,0.0,0.0,0.0,0.0,0.0,0.0,0.0,0.0
61260,53,17,53.0,148.0,53.0,53.0,53.0,0.0,148.0,148.0,148.0,0.0,31204.0,0.0,31204.0,31204.0,0.0,0.0,0.0,0.0,0.0,0.0,0.0,0.0,0.0,0.0,0,0,0,0,53.0,148.0,0,0,0,0,0,0,0,0,1.0,127.0,53.0,148.0,0,0,0,0,0,0,1,53,1,148,-1,-1,0,32,0.0,0.0,0.0,0.0,0.0,0.0,0.0,0.0
17844,53,17,82.0,254.0,41.0,41.0,41.0,0.0,127.0,127.0,127.0,0.0,53.0,84.602,153.0,3.0,3.0,3.0,0.0,3.0,3.0,3.0,3.0,0.0,3.0,3.0,0,0,0,0,41.0,127.0,0,0,0,0,0,0,0,0,1.0,94.25,41.0,127.0,0,0,0,0,0,0,2,82,2,254,-1,-1,1,32,0.0,0.0,0.0,0.0,0.0,0.0,0.0,0.0
55129,80,6,456.0,346.0,456.0,0.0,91.2,206.08,346.0,0.0,102.6667,193.0162,7716.28,10090.138,23173.0,20.0,46246.0,11521.5,12756.586,23009.0,211.0,26321.0,8165.5,17793.297,25181.0,587.0,0,0,0,0,0.0,456.0,0,0,0,1,0,0,0,0,0.0,97.75,91.2,102.6667,0,0,0,0,0,0,5,456,3,346,65535,340,1,32,0.0,0.0,0.0,0.0,0.0,0.0,0.0,0.0
12712,53,17,66.0,278.0,33.0,33.0,33.0,0.0,139.0,139.0,139.0,0.0,71.66,112.751,200.0,1.0,1.0,1.0,0.0,1.0,1.0,1.0,1.0,0.0,1.0,1.0,0,0,0,0,33.0,139.0,0,0,0,0,0,0,0,0,1.0,94.25,33.0,139.0,0,0,0,0,0,0,2,66,2,278,-1,-1,1,32,0.0,0.0,0.0,0.0,0.0,0.0,0.0,0.0
50851,443,6,1136.0,1119.0,901.0,0.0,113.6,280.343,981.0,0.0,186.5,393.1187,19015.14,39642.889,187045.0,3.0,379353.0,31841.55,53842.826,287904.0,3.0,323795.0,73598.8,40674.19,187058.0,3.0,0,0,0,0,0.0,981.0,0,0,0,1,0,0,0,0,0.0,140.9375,113.6,186.5,0,0,0,0,0,0,10,1136,6,1119,65535,117,5,32,0.0,0.0,0.0,0.0,0.0,0.0,0.0,0.0
60445,80,6,30.0,0.0,6.0,6.0,6.0,0.0,0.0,0.0,0.0,0.0,4570778.5,4979728.0,10006151.0,23211.0,115721282.0,7742657.7,3115656.683,10039763.0,5636626.0,110156022.0,10085037.5,920.413,10038141.0,10033719.0,0,0,0,0,0.0,6.0,0,0,0,0,1,0,0,0,0.0,4.6927,6.0,0.0,0,0,0,0,0,0,12,30,12,0,254,962,11,20,22591.09,522.827,22660.0,22257.0,10004613.0,747.605,10006159.0,10007575.0
58080,443,6,0.0,0.0,0.0,0.0,0.0,0.0,0.0,0.0,0.0,0.0,4667532.75,5038772.133,10022212.0,30368.0,74722703.0,9242350.88,1233447.8,10047914.0,4737456.0,70728991.0,10041292.33,439.471,10049294.0,10019988.0,0,0,0,0,0.0,0.0,0,0,0,0,1,0,0,0,0.0,0.0,0.0,0.0,0,0,0,0,0,0,12,0,7,0,656,61,0,32,46349.33,184.757,46962.0,46799.0,10011734.37,4066.654,10022213.0,9993602.0
53655,53,17,78.0,190.0,39.0,39.0,39.0,0.0,95.0,95.0,95.0,0.0,20514.66,35588.264,61437.0,3.0,3.0,3.0,0.0,3.0,3.0,49.0,49.0,0.0,49.0,49.0,0,0,0,0,39.0,95.0,0,0,0,0,0,0,0,0,1.0,76.75,39.0,95.0,0,0,0,0,0,0,2,78,2,190,-1,-1,1,32,0.0,0.0,0.0,0.0,0.0,0.0,0.0,0.0
62005,53,17,148.0,412.0,37.0,37.0,37.0,0.0,206.0,206.0,206.0,0.0,12586.0,17102.266,31747.0,3.0,31798.0,10599.33,17734.665,31781.0,3.0,4.0,4.0,0.0,4.0,4.0,0,0,0,0,37.0,206.0,0,0,0,0,0,0,0,0,0.0,103.1667,37.0,206.0,0,0,0,0,0,0,4,148,2,412,-1,-1,3,20,0.0,0.0,0.0,0.0,0.0,0.0,0.0,0.0
52826,53,17,46.0,46.0,23.0,23.0,23.0,0.0,23.0,23.0,23.0,0.0,56.33,93.82,163.0,1.0,1.0,1.0,0.0,1.0,1.0,1.0,1.0,0.0,1.0,1.0,0,0,0,0,23.0,23.0,0,0,0,0,0,0,0,0,1.0,28.75,23.0,23.0,0,0,0,0,0,0,2,46,2,46,-1,-1,1,32,0.0,0.0,0.0,0.0,0.0,0.0,0.0,0.0
443,52899,6,0.0,18.0,0.0,0.0,0.0,0.0,6.0,6.0,6.0,0.0,56.0,11.618,63.0,0.0,0.0,0.0,0.0,0.0,0.0,4.0,2.0,1.414,3.0,0.0,0,0,0,0,0.0,6.0,0,0,0,0,1,0,0,0,3.0,4.5,0.0,6.0,0,0,0,0,0,0,1,0,3,18,972,0,0,32,0.0,0.0,0.0,0.0,0.0,0.0,0.0,0.0
49708,443,6,18.0,0.0,6.0,6.0,6.0,0.0,0.0,0.0,0.0,0.0,18017822.2,24633188.101,45005661.0,23122.0,90055674.0,45027837.0,2390.707,45031674.0,45020749.0,90045927.0,45028779.5,1594.503,45031473.0,45020465.0,0,0,0,0,0.0,6.0,0,0,0,0,1,0,0,0,1.0,4.0,6.0,0.0,0,0,0,0,0,0,3,18,3,0,253,1480,2,20,36652.0,454.728,36066.0,36628.0,45000562.0,3090.851,45005663.0,45007843.0
56500,443,6,1314.0,46084.0,917.0,0.0,43.9375,193.3631,2876.0,0.0,1292.1111,720.7886,4413.75,20296.515,115333.0,1.0,542671.0,8694.12,30229.194,116636.0,1.0,470432.0,13948.85,43708.704,116209.0,1.0,0,0,0,0,0.0,2876.0,0,0,0,1,0,0,0,0,1.0,760.8957,43.9375,1292.1111,0,0,0,0,0,0,26,1314,39,46084,65535,363,25,20,0.0,0.0,0.0,0.0,0.0,0.0,0.0,0.0
58421,443,6,830.0,3508.0,404.0,0.0,69.7778,125.9919,1738.0,0.0,287.75,626.2008,2363600.06,11506183.67,58564562.0,18.0,59252338.0,4805408.5,16322289.987,58524562.0,10.0,267765.0,25398.0,33677.806,81689.0,46.0,0,0,0,0,0.0,1738.0,0,0,0,1,0,0,0,0,0.0,161.5364,69.7778,287.75,0,0,0,0,0,0,11,830,8,3508,8192,369,10,20,159133.0,0.0,159133.0,159133.0,58564562.0,0.0,58564562.0,58564562.0
33202,53,17,68.0,158.0,34.0,34.0,34.0,0.0,79.0,79.0,79.0,0.0,10544.66,18281.502,31627.0,0.0,0.0,0.0,0.0,0.0,0.0,4.0,4.0,0.0,4.0,4.0,0,0,0,0,34.0,79.0,0,0,0,0,0,0,0,0,1.0,65.0,34.0,79.0,0,0,0,0,0,0,2,68,2,158,-1,-1,1,40,0.0,0.0,0.0,0.0,0.0,0.0,0.0,0.0
19619,53,17,92.0,248.0,46.0,46.0,46.0,0.0,124.0,124.0,124.0,0.0,62.66,109.016,182.0,1.0,1.0,1.0,0.0,1.0,1.0,1.0,1.0,0.0,1.0,1.0,0,0,0,0,46.0,124.0,0,0,0,0,0,0,0,0,1.0,96.5,46.0,124.0,0,0,0,0,0,0,2,92,2,248,-1,-1,1,32,0.0,0.0,0.0,0.0,0.0,0.0,0.0,0.0
45630,443,6,801.0,3950.0,267.0,0.0,85.1,99.8704,1448.0,0.0,359.0909,569.9183,41651.9,55671.288,116989.0,31.0,649950.0,84456.55,66864.132,116431.0,168.0,329048.0,72635.3,83368.006,117829.0,48.0,0,0,0,0,0.0,1448.0,0,0,0,1,0,0,0,0,1.0,228.669,85.1,359.0909,0,0,0,0,0,0,10,801,11,3950,29200,254,5,32,0.0,0.0,0.0,0.0,0.0,0.0,0.0,0.0
60358,53,17,70.0,222.0,35.0,35.0,35.0,0.0,111.0,111.0,111.0,0.0,10299.33,17863.328,30883.0,3.0,3.0,3.0,0.0,3.0,3.0,4.0,4.0,0.0,4.0,4.0,0,0,0,0,35.0,111.0,0,0,0,0,0,0,0,0,1.0,81.75,35.0,111.0,0,0,0,0,0,0,2,70,2,222,-1,-1,1,32,0.0,0.0,0.0,0.0,0.0,0.0,0.0,0.0
61552,53,17,51.0,67.0,51.0,51.0,51.0,0.0,67.0,67.0,67.0,0.0,481.0,0.0,481.0,481.0,0.0,0.0,0.0,0.0,0.0,0.0,0.0,0.0,0.0,0.0,0,0,0,0,51.0,67.0,0,0,0,0,0,0,0,0,1.0,84.5,51.0,67.0,0,0,0,0,0,0,1,51,1,67,-1,-1,0,40,0.0,0.0,0.0,0.0,0.0,0.0,0.0,0.0
58076,443,6,974.0,7387.0,469.0,0.0,64.9333,134.266,1581.0,0.0,671.5455,745.9321,14067.75,24290.187,93856.0,0.0,373210.0,21600.85,30542.134,106873.0,1.0,258655.0,27396.9,39873.451,95886.0,1.0,0,0,0,0,0.0,1581.0,0,0,0,1,0,0,0,0,0.0,321.5769,64.9333,671.5455,0,0,0,0,0,0,15,974,11,7387,65535,357,6,32,0.0,0.0,0.0,0.0,0.0,0.0,0.0,0.0
60894,53,17,56.0,97.0,56.0,56.0,56.0,0.0,97.0,97.0,97.0,0.0,65514.0,0.0,65514.0,65514.0,0.0,0.0,0.0,0.0,0.0,0.0,0.0,0.0,0.0,0.0,0,0,0,0,56.0,97.0,0,0,0,0,0,0,0,0,1.0,104.5,56.0,97.0,0,0,0,0,0,0,1,56,1,97,-1,-1,0,32,0.0,0.0,0.0,0.0,0.0,0.0,0.0,0.0
54354,53,17,80.0,336.0,40.0,40.0,40.0,0.0,168.0,168.0,168.0,0.0,17269.33,30048.975,51755.0,4.0,47.0,47.0,0.0,47.0,47.0,4.0,4.0,0.0,4.0,4.0,0,0,0,0,40.0,168.0,0,0,0,0,0,0,0,0,1.0,114.0,40.0,168.0,0,0,0,0,0,0,2,80,2,336,-1,-1,1,32,0.0,0.0,0.0,0.0,0.0,0.0,0.0,0.0
123,123,17,48.0,48.0,48.0,48.0,48.0,0.0,48.0,48.0,48.0,0.0,27508.0,0.0,27508.0,27508.0,0.0,0.0,0.0,0.0,0.0,0.0,0.0,0.0,0.0,0.0,0,0,0,0,48.0,48.0,0,0,0,0,0,0,0,0,1.0,72.0,48.0,48.0,0,0,0,0,0,0,1,48,1,48,-1,-1,0,32,0.0,0.0,0.0,0.0,0.0,0.0,0.0,0.0
443,61975,6,0.0,0.0,0.0,0.0,0.0,0.0,0.0,0.0,0.0,0.0,43.0,58.582,83.0,4.0,4.0,4.0,0.0,4.0,4.0,0.0,0.0,0.0,0.0,0.0,0,0,0,0,0.0,0.0,0,0,0,0,1,1,0,0,0.0,0.0,0.0,0.0,0,0,0,0,0,0,2,0,1,0,349,32832,0,32,0.0,0.0,0.0,0.0,0.0,0.0,0.0,0.0
51470,443,6,1917.0,6064.0,541.0,0.0,119.0556,186.979,1400.0,0.0,468.2592,604.5612,5110192.09,16143945.294,58036802.0,1.0,117406769.0,9141685.59,21324815.936,58136802.0,29.0,117303098.0,10200027.34,23266374.079,58229365.0,1.0,0,0,0,0,0.0,1400.0,0,0,0,1,0,0,0,0,1.0,309.2645,119.0556,468.2592,0,0,0,0,0,0,18,1917,17,6064,8192,16384,17,20,273857.0,126762.803,496426.0,77805.0,58133238.5,263225.425,58036808.0,58683770.0
66052,80,6,387.0,511.0,387.0,0.0,96.75,199.0216,491.0,0.0,123.2,244.5781,301514.14,859283.363,2842039.0,161.0,408679.0,109296.0,130518.49,302842.0,175.0,2904838.0,811769.5,1095423.797,2899451.0,6745.0,0,0,0,0,0.0,491.0,0,0,0,1,0,0,0,0,1.0,117.5,96.75,123.2,0,0,0,0,0,0,4,387,5,511,8192,4827,3,20,0.0,0.0,0.0,0.0,0.0,0.0,0.0,0.0
61757,53,17,76.0,132.0,38.0,38.0,38.0,0.0,66.0,66.0,66.0,0.0,-102847.33,180127.481,308432.0,3.0,3.0,3.0,0.0,3.0,3.0,4.0,4.0,0.0,4.0,4.0,0,0,0,0,38.0,66.0,0,0,0,0,0,0,0,0,1.0,61.5,38.0,66.0,0,0,0,0,0,0,2,76,2,132,-1,-1,1,20,0.0,0.0,0.0,0.0,0.0,0.0,0.0,0.0
64614,53,17,140.0,388.0,70.0,70.0,70.0,0.0,194.0,194.0,194.0,0.0,75.0,84.757,169.0,3.0,49.0,49.0,0.0,49.0,49.0,3.0,3.0,0.0,3.0,3.0,0,0,0,0,70.0,194.0,0,0,0,0,0,0,0,0,1.0,159.5,70.0,194.0,0,0,0,0,0,0,2,140,2,388,-1,-1,1,32,0.0,0.0,0.0,0.0,0.0,0.0,0.0,0.0
63985,443,6,12.0,0.0,6.0,6.0,6.0,0.0,0.0,0.0,0.0,0.0,220814.0,0.0,220814.0,220814.0,220814.0,220814.0,0.0,220814.0,220814.0,0.0,0.0,0.0,0.0,0.0,0,0,0,0,6.0,6.0,0,0,0,0,1,0,0,0,0.0,9.0,6.0,0.0,0,0,0,0,0,0,2,12,0,0,254,-1,1,20,0.0,0.0,0.0,0.0,0.0,0.0,0.0,0.0
59679,53,17,132.0,164.0,33.0,33.0,33.0,0.0,82.0,82.0,82.0,0.0,6285.4,13043.117,30342.0,2.0,30331.0,10110.33,17567.88,30332.0,2.0,49.0,49.0,0.0,49.0,49.0,0,0,0,0,33.0,82.0,0,0,0,0,0,0,0,0,0.0,53.1667,33.0,82.0,0,0,0,0,0,0,4,132,2,164,-1,-1,3,32,0.0,0.0,0.0,0.0,0.0,0.0,0.0,0.0
61906,53,17,44.0,229.0,44.0,44.0,44.0,0.0,229.0,229.0,229.0,0.0,60991.0,0.0,60991.0,60991.0,0.0,0.0,0.0,0.0,0.0,0.0,0.0,0.0,0.0,0.0,0,0,0,0,44.0,229.0,0,0,0,0,0,0,0,0,1.0,158.5,44.0,229.0,0,0,0,0,0,0,1,44,1,229,-1,-1,0,20,0.0,0.0,0.0,0.0,0.0,0.0,0.0,0.0
39798,53,17,76.0,376.0,38.0,38.0,38.0,0.0,188.0,188.0,188.0,0.0,75.33,128.882,211.0,3.0,13.0,13.0,0.0,13.0,13.0,3.0,3.0,0.0,3.0,3.0,0,0,0,0,38.0,188.0,0,0,0,0,0,0,0,0,1.0,122.5,38.0,188.0,0,0,0,0,0,0,2,76,2,376,-1,-1,1,40,0.0,0.0,0.0,0.0,0.0,0.0,0.0,0.0
51293,443,6,1261.0,3233.0,885.0,0.0,95.4615,245.8618,1489.0,0.0,535.875,703.1583,12067.7,15852.867,35983.0,0.0,185283.0,14152.75,22359.752,51183.0,0.0,110483.0,28823.57,26072.49,57439.0,219.0,0,0,0,0,0.0,1489.0,0,0,0,1,0,0,0,0,0.0,246.5286,95.4615,535.875,0,0,0,0,0,0,13,1261,8,3233,65535,116,6,32,0.0,0.0,0.0,0.0,0.0,0.0,0.0,0.0
49058,443,6,9030.0,2802.0,3384.0,0.0,410.0,1265.7397,460.0,0.0,289.3077,201.575,3080209.42,4592339.114,10004820.0,3.0,117533362.0,5881422.6,4843758.059,10038559.0,3.0,112680090.0,6627969.0,4910113.039,10048930.0,3.0,0,0,0,0,0.0,3384.0,0,0,0,1,0,0,0,0,1.0,358.7444,410.0,289.3077,0,0,0,0,0,0,22,9030,22,2802,8192,9252,21,20,286423.72,688134.707,2899243.0,50966.0,9993075.83,76868.121,10004824.0,9755726.0
60866,53,17,47.0,123.0,47.0,47.0,47.0,0.0,123.0,123.0,123.0,0.0,23609.0,0.0,23609.0,23609.0,0.0,0.0,0.0,0.0,0.0,0.0,0.0,0.0,0.0,0.0,0,0,0,0,47.0,123.0,0,0,0,0,0,0,0,0,1.0,108.5,47.0,123.0,0,0,0,0,0,0,1,47,1,123,-1,-1,0,20,0.0,0.0,0.0,0.0,0.0,0.0,0.0,0.0
47538,443,6,1977.0,1440.0,1528.0,0.0,329.25,682.5913,1448.0,0.0,280.0,571.7285,45350.25,91273.047,194312.0,1.0,265432.0,74466.85,109822.044,195322.0,137.0,246291.0,48893.25,55416.61,128504.0,1.0,0,0,0,0,0.0,1528.0,0,0,0,1,0,0,0,0,1.0,381.925,329.25,280.0,0,0,0,0,0,0,8,1977,10,1440,29200,71,3,32,0.0,0.0,0.0,0.0,0.0,0.0,0.0,0.0
6673,53,17,60.0,264.0,30.0,30.0,30.0,0.0,132.0,132.0,132.0,0.0,101.66,93.635,214.0,4.0,4.0,4.0,0.0,4.0,4.0,48.0,48.0,0.0,48.0,48.0,0,0,0,0,30.0,132.0,0,0,0,0,0,0,0,0,1.0,88.5,30.0,132.0,0,0,0,0,0,0,2,60,2,264,-1,-1,1,32,0.0,0.0,0.0,0.0,0.0,0.0,0.0,0.0
7001,443,6,135.0,46.0,46.0,6.0,27.0,20.1246,46.0,46.0,46.0,0.0,1120868.4,2337508.287,5098872.0,4.0,5205579.0,1351299.25,2522013.691,5098872.0,4.0,0.0,0.0,0.0,0.0,0.0,1,0,0,0,6.0,46.0,0,1,0,0,1,0,0,0,0.0,37.8333,27.0,46.0,0,0,0,0,0,0,5,135,1,46,255,632,4,20,78859.0,0.0,78859.0,78859.0,5098846.0,0.0,5098876.0,5098846.0
443,49806,6,0.0,0.0,0.0,0.0,0.0,0.0,0.0,0.0,0.0,0.0,37.0,0.0,37.0,37.0,0.0,0.0,0.0,0.0,0.0,0.0,0.0,0.0,0.0,0.0,0,0,0,0,0.0,0.0,0,0,0,0,1,1,0,0,1.0,0.0,0.0,0.0,0,0,0,0,0,0,1,0,1,0,126,1897,0,32,0.0,0.0,0.0,0.0,0.0,0.0,0.0,0.0
28188,53,17,66.0,190.0,33.0,33.0,33.0,0.0,95.0,95.0,95.0,0.0,285934.0,378111.177,857794.0,1.0,1.0,1.0,0.0,1.0,1.0,3.0,3.0,0.0,3.0,3.0,0,0,0,0,33.0,95.0,0,0,0,0,0,0,0,0,1.0,72.25,33.0,95.0,0,0,0,0,0,0,2,66,2,190,-1,-1,1,44,0.0,0.0,0.0,0.0,0.0,0.0,0.0,0.0
6095,53,17,62.0,190.0,31.0,31.0,31.0,0.0,95.0,95.0,95.0,0.0,10257.0,17749.726,30761.0,0.0,0.0,0.0,0.0,0.0,0.0,48.0,48.0,0.0,48.0,48.0,0,0,0,0,31.0,95.0,0,0,0,0,0,0,0,0,1.0,70.75,31.0,95.0,0,0,0,0,0,0,2,62,2,190,-1,-1,1,32,0.0,0.0,0.0,0.0,0.0,0.0,0.0,0.0
59145,80,6,0.0,0.0,0.0,0.0,0.0,0.0,0.0,0.0,0.0,0.0,4059889.0,0.0,4059889.0,4059889.0,4000000.0,4000000.0,0.0,4000000.0,4000000.0,0.0,0.0,0.0,0.0,0.0,0,0,0,0,0.0,0.0,0,0,0,0,1,1,0,0,1.0,0.0,0.0,0.0,0,0,0,0,0,0,1,0,1,0,32832,110,0,32,0.0,0.0,0.0,0.0,0.0,0.0,0.0,0.0
56328,80,6,1434.0,2260.0,436.0,0.0,72.6923,161.2517,742.0,0.0,175.125,332.6819,3621763.42,4710937.609,10029911.0,60.0,117579095.0,6895925.34,4634491.759,10052000.0,51919.0,113567582.0,7301693.73,4105280.127,10051894.0,13639.0,0,0,0,0,0.0,742.0,0,0,0,1,0,0,0,0,0.0,128.6889,72.6923,175.125,0,0,0,0,0,0,23,1434,16,2260,29200,357,2,32,171483.36,547033.985,2808385.0,50748.0,10011510.18,9271.682,10029919.0,10020273.0
50658,443,6,18068.0,94533.0,731.0,6.0,192.5396,305.8855,1448.0,0.0,1182.6818,408.8586,319295.82,1436858.976,10026220.0,10.0,71933471.0,889972.7,2771048.355,10045982.0,215.0,71665107.0,826461.61,1679525.83,10047231.0,191.0,1,0,0,0,0.0,1448.0,0,1,0,0,1,0,0,0,1.0,721.1106,192.5396,1182.6818,0,0,0,0,0,0,66,18068,158,94533,1244,1602,35,20,327053.8,764199.091,2589140.0,54.0,9966071.87,189796.264,10026221.0,9795990.0
57097,443,6,12.0,0.0,6.0,6.0,6.0,0.0,0.0,0.0,0.0,0.0,49.0,0.0,49.0,49.0,49.0,49.0,0.0,49.0,49.0,0.0,0.0,0.0,0.0,0.0,0,0,0,0,6.0,6.0,1,0,0,0,0,0,0,0,0.0,9.0,6.0,0.0,0,0,0,0,0,0,2,12,0,0,0,-1,1,20,0.0,0.0,0.0,0.0,0.0,0.0,0.0,0.0
61025,53,17,48.0,80.0,48.0,48.0,48.0,0.0,80.0,80.0,80.0,0.0,51367.0,0.0,51367.0,51367.0,0.0,0.0,0.0,0.0,0.0,0.0,0.0,0.0,0.0,0.0,0,0,0,0,48.0,80.0,0,0,0,0,0,0,0,0,1.0,88.0,48.0,80.0,0,0,0,0,0,0,1,48,1,80,-1,-1,0,32,0.0,0.0,0.0,0.0,0.0,0.0,0.0,0.0
50263,53,17,46.0,46.0,23.0,23.0,23.0,0.0,23.0,23.0,23.0,0.0,52.33,86.406,152.0,0.0,0.0,0.0,0.0,0.0,0.0,1.0,1.0,0.0,1.0,1.0,0,0,0,0,23.0,23.0,0,0,0,0,0,0,0,0,1.0,28.75,23.0,23.0,0,0,0,0,0,0,2,46,2,46,-1,-1,1,20,0.0,0.0,0.0,0.0,0.0,0.0,0.0,0.0
48526,443,6,635.0,157.0,517.0,0.0,90.7143,190.7072,157.0,0.0,39.25,78.5,504410.2,1575196.782,4892915.0,4.0,5101579.0,934473.5,2058728.698,4961107.0,4.0,113362.0,31783.0,37066.883,69871.0,525.0,0,0,0,0,0.0,517.0,0,0,0,1,0,0,0,0,0.0,72.0,90.7143,39.25,0,0,0,0,0,0,7,635,4,157,29200,118,3,32,0.0,0.0,0.0,0.0,0.0,0.0,0.0,0.0
61134,53,17,83.0,213.0,83.0,83.0,83.0,0.0,213.0,213.0,213.0,0.0,30469.0,0.0,30469.0,30469.0,0.0,0.0,0.0,0.0,0.0,0.0,0.0,0.0,0.0,0.0,0,0,0,0,83.0,213.0,0,0,0,0,0,0,0,0,1.0,199.5,83.0,213.0,0,0,0,0,0,0,1,83,1,213,-1,-1,0,20,0.0,0.0,0.0,0.0,0.0,0.0,0.0,0.0
56902,443,6,18.0,0.0,6.0,6.0,6.0,0.0,0.0,0.0,0.0,0.0,195.66,213.673,471.0,4.0,472.0,236.0,358.959,471.0,4.0,0.0,0.0,0.0,0.0,0.0,0,0,0,0,0.0,6.0,1,0,0,0,0,0,0,0,0.0,6.0,6.0,0.0,0,0,0,0,0,0,3,18,1,0,0,1061,2,20,0.0,0.0,0.0,0.0,0.0,0.0,0.0,0.0
443,54315,6,37.0,0.0,31.0,6.0,18.5,17.6777,0.0,0.0,0.0,0.0,4.0,0.0,4.0,4.0,4.0,4.0,0.0,4.0,4.0,0.0,0.0,0.0,0.0,0.0,1,0,0,0,6.0,31.0,0,1,0,0,1,0,0,0,0.0,34.0,18.5,0.0,0,0,0,0,0,0,2,37,0,0,114,-1,1,20,0.0,0.0,0.0,0.0,0.0,0.0,0.0,0.0
6307,22,6,2622.0,7038.0,408.0,0.0,74.9143,105.281,976.0,0.0,167.95,324.0852,15066.7,114742.172,961689.0,0.0,1369058.0,38491.8,168004.743,910614.0,3.0,365527.0,7214.69,23040.389,101720.0,1.0,0,0,0,0,0.0,976.0,0,0,0,1,0,0,0,0,1.0,125.4545,74.9143,167.95,0,0,0,0,0,0,49,2622,40,7038,8192,245,37,20,0.0,0.0,0.0,0.0,0.0,0.0,0.0,0.0
13679,53,17,64.0,158.0,32.0,32.0,32.0,0.0,79.0,79.0,79.0,0.0,51.66,80.644,148.0,1.0,1.0,1.0,0.0,1.0,1.0,1.0,1.0,0.0,1.0,1.0,0,0,0,0,32.0,79.0,0,0,0,0,0,0,0,0,1.0,63.5,32.0,79.0,0,0,0,0,0,0,2,64,2,158,-1,-1,1,32,0.0,0.0,0.0,0.0,0.0,0.0,0.0,0.0
443,63967,6,37.0,0.0,37.0,0.0,18.5,26.163,0.0,0.0,0.0,0.0,3.0,0.0,3.0,3.0,3.0,3.0,0.0,3.0,3.0,0.0,0.0,0.0,0.0,0.0,1,0,0,0,0.0,37.0,0,1,0,0,1,0,0,0,0.0,37.0,18.5,0.0,0,0,0,0,0,0,2,37,0,0,1120,-1,0,32,0.0,0.0,0.0,0.0,0.0,0.0,0.0,0.0
60795,53,17,42.0,195.0,42.0,42.0,42.0,0.0,195.0,195.0,195.0,0.0,46960.0,0.0,46960.0,46960.0,0.0,0.0,0.0,0.0,0.0,0.0,0.0,0.0,0.0,0.0,0,0,0,0,42.0,195.0,0,0,0,0,0,0,0,0,1.0,139.5,42.0,195.0,0,0,0,0,0,0,1,42,1,195,-1,-1,0,32,0.0,0.0,0.0,0.0,0.0,0.0,0.0,0.0
34462,443,6,4531.0,6711.0,589.0,0.0,135.1391,232.0301,1816.0,0.0,341.4583,461.8866,787733.56,2526725.063,10028362.0,1.0,119774218.0,1527142.7,3579430.7,10048033.0,1.0,114004110.0,1747150.82,3531310.203,10045066.0,1.0,0,0,0,0,0.0,1816.0,0,0,0,1,0,0,0,0,0.0,222.9632,135.1391,341.4583,0,0,0,0,0,0,37,4531,35,6711,29200,255,19,32,503965.86,1419242.186,4741737.0,60789.0,9621286.83,1309018.671,10028369.0,5814061.0
60316,53,17,46.0,109.0,46.0,46.0,46.0,0.0,109.0,109.0,109.0,0.0,161873.0,0.0,161873.0,161873.0,0.0,0.0,0.0,0.0,0.0,0.0,0.0,0.0,0.0,0.0,0,0,0,0,46.0,109.0,0,0,0,0,0,0,0,0,1.0,105.5,46.0,109.0,0,0,0,0,0,0,1,46,1,109,-1,-1,0,32,0.0,0.0,0.0,0.0,0.0,0.0,0.0,0.0
443,47289,6,37.0,0.0,31.0,6.0,18.5,17.6777,0.0,0.0,0.0,0.0,4.0,0.0,4.0,4.0,4.0,4.0,0.0,4.0,4.0,0.0,0.0,0.0,0.0,0.0,1,0,0,0,6.0,31.0,0,1,0,0,1,0,0,0,0.0,34.0,18.5,0.0,0,0,0,0,0,0,2,37,0,0,75,-1,1,20,0.0,0.0,0.0,0.0,0.0,0.0,0.0,0.0
52350,443,6,2341.0,8458.0,1039.0,0.0,125.3529,323.5086,1418.0,0.0,766.8,614.3381,748171.43,2549449.829,10049060.0,3.0,27488664.0,1086763.73,3062354.499,10230002.0,3.0,32452241.0,1717941.33,3476002.4,10260060.0,3.0,0,0,0,0,0.0,1418.0,0,0,0,1,0,0,0,0,0.0,403.35,125.3529,766.8,0,0,0,0,0,0,28,2341,20,8458,65535,380,7,32,2258473.66,2576064.274,2437111.0,35763.0,10016659.28,48740.195,10049062.0,9950515.0
62129,53,17,45.0,95.0,45.0,45.0,45.0,0.0,95.0,95.0,95.0,0.0,63578.0,0.0,63578.0,63578.0,0.0,0.0,0.0,0.0,0.0,0.0,0.0,0.0,0.0,0.0,0,0,0,0,45.0,95.0,0,0,0,0,0,0,0,0,1.0,92.5,45.0,95.0,0,0,0,0,0,0,1,45,1,95,-1,-1,0,20,0.0,0.0,0.0,0.0,0.0,0.0,0.0,0.0
123,123,17,96.0,96.0,48.0,48.0,48.0,0.0,48.0,48.0,48.0,0.0,55.66,98.624,171.0,3.0,4.0,4.0,0.0,4.0,4.0,3.0,3.0,0.0,3.0,3.0,0,0,0,0,48.0,48.0,0,0,0,0,0,0,0,0,1.0,60.0,48.0,48.0,0,0,0,0,0,0,2,96,2,96,-1,-1,1,32,0.0,0.0,0.0,0.0,0.0,0.0,0.0,0.0
60098,53,17,64.0,96.0,32.0,32.0,32.0,0.0,48.0,48.0,48.0,0.0,51.0,86.138,147.0,3.0,4.0,4.0,0.0,4.0,4.0,3.0,3.0,0.0,3.0,3.0,0,0,0,0,32.0,48.0,0,0,0,0,0,0,0,0,1.0,48.0,32.0,48.0,0,0,0,0,0,0,2,64,2,96,-1,-1,1,32,0.0,0.0,0.0,0.0,0.0,0.0,0.0,0.0
58080,443,6,1652.0,499.0,957.0,0.0,182.2,361.7031,261.0,0.0,79.8571,117.7799,10832.5,15695.322,36009.0,3.0,162549.0,18560.11,20388.282,55389.0,3.0,118605.0,26032.16,21203.408,56839.0,1759.0,0,0,0,0,0.0,957.0,0,0,0,1,0,0,0,0,0.0,138.0667,182.2,79.8571,0,0,0,0,0,0,10,1652,7,499,65535,362,5,20,0.0,0.0,0.0,0.0,0.0,0.0,0.0,0.0
42795,443,6,1810.0,4560.0,1284.0,0.0,168.8571,481.2105,1511.0,0.0,658.5,712.4582,559337.9,2280199.942,10000740.0,3.0,784218.0,47824.66,63380.784,176804.0,3.0,10704146.0,1074711.77,3098623.111,10000035.0,3.0,0,0,0,0,0.0,1511.0,0,0,0,1,0,0,0,0,0.0,404.5464,168.8571,658.5,0,0,0,0,0,0,7,1810,8,4560,29200,71,3,32,306642.0,0.0,306642.0,306642.0,10000748.0,0.0,10000748.0,10000748.0
443,65832,6,0.0,0.0,0.0,0.0,0.0,0.0,0.0,0.0,0.0,0.0,101.0,0.0,101.0,101.0,0.0,0.0,0.0,0.0,0.0,0.0,0.0,0.0,0.0,0.0,0,0,0,0,0.0,0.0,0,0,0,0,1,1,0,0,1.0,0.0,0.0,0.0,0,0,0,0,0,0,1,0,1,0,357,32832,0,32,0.0,0.0,0.0,0.0,0.0,0.0,0.0,0.0
123,123,17,96.0,96.0,48.0,48.0,48.0,0.0,48.0,48.0,48.0,0.0,44.66,71.51,128.0,3.0,3.0,3.0,0.0,3.0,3.0,3.0,3.0,0.0,3.0,3.0,0,0,0,0,48.0,48.0,0,0,0,0,0,0,0,0,1.0,60.0,48.0,48.0,0,0,0,0,0,0,2,96,2,96,-1,-1,1,20,0.0,0.0,0.0,0.0,0.0,0.0,0.0,0.0
59138,53,17,68.0,422.0,34.0,34.0,34.0,0.0,211.0,211.0,211.0,0.0,8088.33,13966.396,24263.0,3.0,3.0,3.0,0.0,3.0,3.0,4.0,4.0,0.0,4.0,4.0,0,0,0,0,34.0,211.0,0,0,0,0,0,0,0,0,1.0,131.0,34.0,211.0,0,0,0,0,0,0,2,68,2,422,-1,-1,1,20,0.0,0.0,0.0,0.0,0.0,0.0,0.0,0.0
17077,53,17,80.0,112.0,40.0,40.0,40.0,0.0,56.0,56.0,56.0,0.0,45.66,75.942,131.0,3.0,3.0,3.0,0.0,3.0,3.0,3.0,3.0,0.0,3.0,3.0,0,0,0,0,40.0,56.0,0,0,0,0,0,0,0,0,1.0,58.0,40.0,56.0,0,0,0,0,0,0,2,80,2,112,-1,-1,1,32,0.0,0.0,0.0,0.0,0.0,0.0,0.0,0.0
56168,80,6,12.0,0.0,6.0,0.0,4.0,3.4641,0.0,0.0,0.0,0.0,1967548.66,3330089.163,5935749.0,100.0,5900838.0,2950419.0,4192146.082,5935749.0,51148.0,0.0,0.0,0.0,0.0,0.0,0,0,0,0,0.0,6.0,0,0,0,1,0,0,0,0,0.0,3.0,4.0,0.0,0,0,0,0,0,0,3,12,1,0,8192,29200,2,20,0.0,0.0,0.0,0.0,0.0,0.0,0.0,0.0
51304,53,17,94.0,256.0,47.0,47.0,47.0,0.0,128.0,128.0,128.0,0.0,59.33,97.897,172.0,3.0,3.0,3.0,0.0,3.0,3.0,4.0,4.0,0.0,4.0,4.0,0,0,0,0,47.0,128.0,0,0,0,0,0,0,0,0,1.0,99.25,47.0,128.0,0,0,0,0,0,0,2,94,2,256,-1,-1,1,20,0.0,0.0,0.0,0.0,0.0,0.0,0.0,0.0
61400,53,17,56.0,72.0,56.0,56.0,56.0,0.0,72.0,72.0,72.0,0.0,30845.0,0.0,30845.0,30845.0,0.0,0.0,0.0,0.0,0.0,0.0,0.0,0.0,0.0,0.0,0,0,0,0,56.0,72.0,0,0,0,0,0,0,0,0,1.0,92.0,56.0,72.0,0,0,0,0,0,0,1,56,1,72,-1,-1,0,32,0.0,0.0,0.0,0.0,0.0,0.0,0.0,0.0
443,51443,6,6.0,6.0,6.0,6.0,6.0,0.0,6.0,6.0,6.0,0.0,53.0,0.0,53.0,53.0,0.0,0.0,0.0,0.0,0.0,0.0,0.0,0.0,0.0,0.0,0,0,0,0,6.0,6.0,0,0,0,0,1,1,0,0,1.0,9.0,6.0,6.0,0,0,0,0,0,0,1,6,1,6,60,255,0,20,0.0,0.0,0.0,0.0,0.0,0.0,0.0,0.0
38193,80,6,432.0,2278.0,426.0,0.0,144.0,244.2376,2266.0,0.0,569.5,1131.0035,18558.46,26881.739,55154.0,5.0,59141.0,29570.5,29140.242,55296.0,29875.0,56113.0,14474.0,34021.839,55590.0,5.0,0,0,0,0,0.0,2266.0,0,0,0,1,0,0,0,0,1.0,387.4286,144.0,569.5,0,0,0,0,0,0,3,432,4,2278,29200,237,1,32,0.0,0.0,0.0,0.0,0.0,0.0,0.0,0.0
57075,80,6,1457.0,76594.0,439.0,0.0,25.4105,96.6489,2920.0,2.0,1444.975,568.8003,1197907.58,3155693.024,10007797.0,0.0,116237618.0,2924009.61,4030259.703,10030664.0,3.0,110872734.0,1237668.0,3348046.233,10031853.0,5.0,0,0,0,0,0.0,2920.0,0,0,0,1,0,0,0,0,1.0,826.4933,25.4105,1444.975,0,0,0,0,0,0,47,1457,65,76594,8192,65535,46,20,69280.63,152196.117,787714.0,21067.0,10003095.09,5974.33,10007794.0,9999622.0
51900,443,6,617.0,164.0,517.0,0.0,88.1429,189.989,152.0,0.0,41.0,74.054,504081.9,1558160.611,4942486.0,3.0,5043545.0,840282.16,2032872.848,5001509.0,3.0,89101.0,26720.33,30339.082,69273.0,214.0,0,0,0,0,0.0,517.0,0,0,0,1,0,0,0,0,0.0,71.0,88.1429,41.0,0,0,0,0,0,0,7,617,4,164,29200,30,6,20,0.0,0.0,0.0,0.0,0.0,0.0,0.0,0.0
62076,443,6,1988.0,4799.0,1232.0,0.0,211.1429,444.9242,2467.0,0.0,519.8571,897.2162,12300.52,19161.134,42040.0,58.0,217861.0,22381.53,22459.045,80225.0,329.0,107553.0,17779.33,19011.8,42044.0,48.0,0,0,0,0,0.0,2467.0,0,0,0,1,0,0,0,0,1.0,394.0529,211.1429,519.8571,0,0,0,0,0,0,7,1988,7,4799,8192,8120,6,20,0.0,0.0,0.0,0.0,0.0,0.0,0.0,0.0
59473,443,6,22664.0,107214.0,2889.0,0.0,338.1039,601.1914,4380.0,0.0,1706.2291,935.6843,218070.44,1767904.741,10003640.0,1.0,41766727.0,538515.78,2656413.324,10015688.0,3.0,41748225.0,280612.67,1411150.975,10009024.0,1.0,0,0,0,0,0.0,4389.0,0,0,0,1,0,0,0,0,1.0,1054.482,338.1039,1706.2291,0,0,0,0,0,0,63,22664,89,107214,8192,40880,162,20,144503.0,364514.574,962983.0,29562.0,9998438.8,3684.811,10003640.0,9000553.0
443,52673,6,0.0,0.0,0.0,0.0,0.0,0.0,0.0,0.0,0.0,0.0,38.0,0.0,38.0,38.0,0.0,0.0,0.0,0.0,0.0,0.0,0.0,0.0,0.0,0.0,0,0,0,0,0.0,0.0,0,0,0,0,1,0,0,0,1.0,0.0,0.0,0.0,0,0,0,0,0,0,1,0,1,0,349,32832,0,32,0.0,0.0,0.0,0.0,0.0,0.0,0.0,0.0
443,55305,6,37.0,0.0,37.0,0.0,18.5,26.163,0.0,0.0,0.0,0.0,3.0,0.0,3.0,3.0,3.0,3.0,0.0,3.0,3.0,0.0,0.0,0.0,0.0,0.0,1,0,0,0,0.0,37.0,0,1,0,0,1,0,0,0,0.0,37.0,18.5,0.0,0,0,0,0,0,0,2,37,0,0,118,-1,0,32,0.0,0.0,0.0,0.0,0.0,0.0,0.0,0.0
54208,443,6,0.0,0.0,0.0,0.0,0.0,0.0,0.0,0.0,0.0,0.0,152.0,0.0,152.0,152.0,152.0,152.0,0.0,152.0,152.0,0.0,0.0,0.0,0.0,0.0,0,0,0,0,0.0,0.0,0,0,0,0,1,0,0,0,0.0,0.0,0.0,0.0,0,0,0,0,0,0,2,0,0,0,249,-1,0,32,0.0,0.0,0.0,0.0,0.0,0.0,0.0,0.0
53651,53,17,70.0,102.0,35.0,35.0,35.0,0.0,51.0,51.0,51.0,0.0,48.66,72.268,139.0,3.0,3.0,3.0,0.0,3.0,3.0,4.0,4.0,0.0,4.0,4.0,0,0,0,0,35.0,51.0,0,0,0,0,0,0,0,0,1.0,51.75,35.0,51.0,0,0,0,0,0,0,2,70,2,102,-1,-1,1,32,0.0,0.0,0.0,0.0,0.0,0.0,0.0,0.0
443,52720,6,0.0,18.0,0.0,0.0,0.0,0.0,6.0,6.0,6.0,0.0,41.33,57.755,74.0,0.0,0.0,0.0,0.0,0.0,0.0,12.0,1.0,33.934,12.0,0.0,0,0,0,0,0.0,6.0,0,0,0,0,1,0,0,0,3.0,4.5,0.0,6.0,0,0,0,0,0,0,1,0,3,18,972,0,0,32,0.0,0.0,0.0,0.0,0.0,0.0,0.0,0.0
51398,53,17,88.0,250.0,44.0,44.0,44.0,0.0,125.0,125.0,125.0,0.0,66.66,76.438,146.0,3.0,3.0,3.0,0.0,3.0,3.0,48.0,48.0,0.0,48.0,48.0,0,0,0,0,44.0,125.0,0,0,0,0,0,0,0,0,1.0,95.5,44.0,125.0,0,0,0,0,0,0,2,88,2,250,-1,-1,1,20,0.0,0.0,0.0,0.0,0.0,0.0,0.0,0.0
443,57219,6,31.0,6.0,31.0,0.0,15.5,21.9203,6.0,6.0,6.0,0.0,48.0,0.0,48.0,48.0,48.0,48.0,0.0,48.0,48.0,0.0,0.0,0.0,0.0,0.0,1,0,0,0,0.0,31.0,0,1,0,0,1,0,0,0,0.0,22.6667,15.5,6.0,0,0,0,0,0,0,2,31,1,6,1006,0,0,32,0.0,0.0,0.0,0.0,0.0,0.0,0.0,0.0
443,65296,6,0.0,0.0,0.0,0.0,0.0,0.0,0.0,0.0,0.0,0.0,762.0,0.0,762.0,762.0,0.0,0.0,0.0,0.0,0.0,0.0,0.0,0.0,0.0,0.0,0,0,0,0,0.0,0.0,0,0,0,0,1,0,0,0,1.0,0.0,0.0,0.0,0,0,0,0,0,0,1,0,1,0,362,32832,0,32,0.0,0.0,0.0,0.0,0.0,0.0,0.0,0.0
4775,80,6,12.0,0.0,6.0,6.0,6.0,0.0,0.0,0.0,0.0,0.0,20791.0,0.0,20791.0,20791.0,20791.0,20791.0,0.0,20791.0,20791.0,0.0,0.0,0.0,0.0,0.0,0,0,0,0,6.0,6.0,0,0,0,0,1,0,0,0,0.0,9.0,6.0,0.0,0,0,0,0,0,0,2,12,0,0,256,-1,1,20,0.0,0.0,0.0,0.0,0.0,0.0,0.0,0.0
61531,8053,17,47.0,79.0,47.0,47.0,47.0,0.0,79.0,79.0,79.0,0.0,48583.0,0.0,48583.0,48583.0,0.0,0.0,0.0,0.0,0.0,0.0,0.0,0.0,0.0,0.0,0,0,0,0,47.0,79.0,0,0,0,0,0,0,0,0,1.0,86.5,47.0,79.0,0,0,0,0,0,0,1,47,1,79,-1,-1,0,20,0.0,0.0,0.0,0.0,0.0,0.0,0.0,0.0
443,52885,6,37.0,0.0,37.0,0.0,18.5,26.163,0.0,0.0,0.0,0.0,4.0,0.0,4.0,4.0,4.0,4.0,0.0,4.0,4.0,0.0,0.0,0.0,0.0,0.0,1,0,0,0,0.0,37.0,0,1,0,0,1,0,0,0,0.0,37.0,18.5,0.0,0,0,0,0,0,0,2,37,0,0,972,-1,0,32,0.0,0.0,0.0,0.0,0.0,0.0,0.0,0.0
62783,53,17,60.0,165.0,60.0,60.0,60.0,0.0,165.0,165.0,165.0,0.0,31257.0,0.0,31257.0,31257.0,0.0,0.0,0.0,0.0,0.0,0.0,0.0,0.0,0.0,0.0,0,0,0,0,60.0,165.0,0,0,0,0,0,0,0,0,1.0,142.5,60.0,165.0,0,0,0,0,0,0,1,60,1,165,-1,-1,0,20,0.0,0.0,0.0,0.0,0.0,0.0,0.0,0.0
21500,53,17,86.0,228.0,43.0,43.0,43.0,0.0,114.0,114.0,114.0,0.0,10301.33,17849.497,30958.0,4.0,49.0,49.0,0.0,49.0,49.0,4.0,4.0,0.0,4.0,4.0,0,0,0,0,43.0,114.0,0,0,0,0,0,0,0,0,1.0,89.25,43.0,114.0,0,0,0,0,0,0,2,86,2,228,-1,-1,1,20,0.0,0.0,0.0,0.0,0.0,0.0,0.0,0.0
49504,443,6,1789.0,8123.0,332.0,0.0,78.5385,104.3264,1718.0,0.0,313.05,522.542,2569425.74,4222456.154,10018162.0,1.0,111944642.0,4723681.86,5018865.115,10046048.0,3.0,111024143.0,5820213.95,5135418.972,10049934.0,1.0,0,0,0,0,0.0,1718.0,0,0,0,1,0,0,0,0,1.0,182.7598,78.5385,313.05,0,0,0,0,0,0,26,1789,22,8123,29200,365,5,32,101929.81,294580.433,873236.0,22873.0,10014415.9,8346.392,10018163.0,9997797.0
443,51878,6,31.0,0.0,31.0,0.0,10.3333,17.8979,0.0,0.0,0.0,0.0,727.5,1608.326,1058.0,3.0,1157.0,578.5,1388.857,1058.0,3.0,0.0,0.0,0.0,0.0,0.0,0,0,0,0,0.0,31.0,0,0,0,0,1,0,0,0,0.0,10.3333,10.3333,0.0,0,0,0,0,0,0,3,31,0,0,59,-1,1,32,0.0,0.0,0.0,0.0,0.0,0.0,0.0,0.0
59911,443,6,1140.0,943.0,901.0,0.0,114.0,280.1793,805.0,0.0,188.6,349.721,11079.85,12082.135,28564.0,47.0,87235.0,21989.66,13921.066,28089.0,48.0,57604.0,24402.0,18865.281,23576.0,326.0,0,0,0,0,0.0,901.0,0,0,0,1,0,0,0,0,0.0,138.8667,114.0,188.6,0,0,0,0,0,0,10,1140,5,943,65535,8182,5,32,0.0,0.0,0.0,0.0,0.0,0.0,0.0,0.0
61634,443,17,4143.0,3323.0,1350.0,33.0,380.3636,541.209,1350.0,27.0,481.1,585.3215,33674.91,50310.832,216334.0,3.0,646396.0,78779.0,67251.143,252304.0,3.0,602045.0,50212.0,104432.87,306270.0,4.0,0,0,0,0,23.0,1350.0,0,0,0,0,0,0,0,0,0.0,486.7,380.3636,481.1,0,0,0,0,0,0,11,4143,10,3323,-1,-1,10,20,0.0,0.0,0.0,0.0,0.0,0.0,0.0,0.0
443,56859,6,0.0,0.0,0.0,0.0,0.0,0.0,0.0,0.0,0.0,0.0,33.0,33.534,64.0,3.0,3.0,3.0,0.0,3.0,3.0,0.0,0.0,0.0,0.0,0.0,0,0,0,0,0.0,0.0,0,0,0,0,1,1,0,0,0.0,0.0,0.0,0.0,0,0,0,0,0,0,2,0,1,0,349,32832,0,32,0.0,0.0,0.0,0.0,0.0,0.0,0.0,0.0
443,52955,6,12.0,0.0,6.0,6.0,6.0,0.0,0.0,0.0,0.0,0.0,1.0,0.0,1.0,1.0,1.0,1.0,0.0,1.0,1.0,0.0,0.0,0.0,0.0,0.0,0,0,0,0,6.0,6.0,0,0,0,0,1,0,0,0,0.0,9.0,6.0,0.0,0,0,0,0,0,0,2,12,0,0,4861,-1,1,20,0.0,0.0,0.0,0.0,0.0,0.0,0.0,0.0
17420,53,17,78.0,152.0,39.0,39.0,39.0,0.0,76.0,76.0,76.0,0.0,70.33,35.95,114.0,48.0,48.0,48.0,0.0,48.0,48.0,48.0,48.0,0.0,48.0,48.0,0,0,0,0,39.0,76.0,0,0,0,0,0,0,0,0,1.0,77.25,39.0,76.0,0,0,0,0,0,0,2,78,2,152,-1,-1,1,20,0.0,0.0,0.0,0.0,0.0,0.0,0.0,0.0
80,51432,6,6.0,6.0,6.0,6.0,6.0,0.0,6.0,6.0,6.0,0.0,23.0,0.0,23.0,23.0,0.0,0.0,0.0,0.0,0.0,0.0,0.0,0.0,0.0,0.0,0,0,0,0,6.0,6.0,0,0,0,0,1,1,0,0,1.0,9.0,6.0,6.0,0,0,0,0,0,0,1,6,1,6,913,256,0,20,0.0,0.0,0.0,0.0,0.0,0.0,0.0,0.0
54313,443,6,12.0,0.0,6.0,6.0,6.0,0.0,0.0,0.0,0.0,0.0,273.0,0.0,273.0,273.0,273.0,273.0,0.0,273.0,273.0,0.0,0.0,0.0,0.0,0.0,0,0,0,0,6.0,6.0,0,0,0,0,1,0,0,0,0.0,9.0,6.0,0.0,0,0,0,0,0,0,2,12,0,0,64209,-1,1,20,0.0,0.0,0.0,0.0,0.0,0.0,0.0,0.0
54774,53,17,88.0,200.0,44.0,44.0,44.0,0.0,100.0,100.0,100.0,0.0,16264.0,28083.112,48784.0,3.0,3.0,3.0,0.0,3.0,3.0,4.0,4.0,0.0,4.0,4.0,0,0,0,0,44.0,100.0,0,0,0,0,0,0,0,0,1.0,83.0,44.0,100.0,0,0,0,0,0,0,2,88,2,200,-1,-1,1,20,0.0,0.0,0.0,0.0,0.0,0.0,0.0,0.0
80,59329,6,0.0,0.0,0.0,0.0,0.0,0.0,0.0,0.0,0.0,0.0,21.0,0.0,21.0,21.0,0.0,0.0,0.0,0.0,0.0,0.0,0.0,0.0,0.0,0.0,0,0,0,0,0.0,0.0,0,0,0,0,1,1,0,0,1.0,0.0,0.0,0.0,0,0,0,0,0,0,1,0,1,0,118,33304,0,32,0.0,0.0,0.0,0.0,0.0,0.0,0.0,0.0
52536,443,6,12.0,0.0,6.0,6.0,6.0,0.0,0.0,0.0,0.0,0.0,3.0,0.0,3.0,3.0,3.0,3.0,0.0,3.0,3.0,0.0,0.0,0.0,0.0,0.0,0,0,0,0,6.0,6.0,1,0,0,0,0,0,0,0,0.0,9.0,6.0,0.0,0,0,0,0,0,0,2,12,0,0,0,-1,1,20,0.0,0.0,0.0,0.0,0.0,0.0,0.0,0.0
443,53989,6,12.0,0.0,6.0,6.0,6.0,0.0,0.0,0.0,0.0,0.0,492370.0,0.0,492370.0,492370.0,492370.0,492370.0,0.0,492370.0,492370.0,0.0,0.0,0.0,0.0,0.0,0,0,0,0,6.0,6.0,0,0,0,0,1,0,0,0,0.0,9.0,6.0,0.0,0,0,0,0,0,0,2,12,0,0,30,-1,1,20,0.0,0.0,0.0,0.0,0.0,0.0,0.0,0.0
443,63203,6,0.0,0.0,0.0,0.0,0.0,0.0,0.0,0.0,0.0,0.0,76.0,0.0,76.0,76.0,0.0,0.0,0.0,0.0,0.0,0.0,0.0,0.0,0.0,0.0,0,0,0,0,0.0,0.0,0,0,0,0,1,0,0,0,1.0,0.0,0.0,0.0,0,0,0,0,0,0,1,0,1,0,362,32832,0,32,0.0,0.0,0.0,0.0,0.0,0.0,0.0,0.0
50584,443,6,949.0,5732.0,563.0,0.0,84.6429,176.2225,2566.0,0.0,415.4,829.3896,1206596.92,3364338.42,10353636.0,42.0,21435658.0,1961279.33,4082005.646,10357923.0,192.0,20460841.0,2471156.0,4852765.458,10333657.0,58.0,0,0,0,0,0.0,2566.0,0,0,0,1,0,0,0,0,0.0,234.3689,84.6429,415.4,0,0,0,0,0,0,14,949,10,5732,8192,131,13,20,710103.0,644212.008,1215611.0,50757.0,10363861.33,834309.266,10353630.0,10009875.0
58787,53,17,56.0,568.0,28.0,28.0,28.0,0.0,284.0,284.0,284.0,0.0,87.66,140.235,251.0,3.0,4.0,4.0,0.0,4.0,4.0,3.0,3.0,0.0,3.0,3.0,0,0,0,0,28.0,284.0,0,0,0,0,0,0,0,0,1.0,163.0,28.0,284.0,0,0,0,0,0,0,2,56,2,568,-1,-1,1,32,0.0,0.0,0.0,0.0,0.0,0.0,0.0,0.0
61602,53,17,41.0,238.0,41.0,41.0,41.0,0.0,238.0,238.0,238.0,0.0,303351.0,0.0,303351.0,303351.0,0.0,0.0,0.0,0.0,0.0,0.0,0.0,0.0,0.0,0.0,0,0,0,0,41.0,238.0,0,0,0,0,0,0,0,0,1.0,150.0,41.0,238.0,0,0,0,0,0,0,1,41,1,238,-1,-1,0,20,0.0,0.0,0.0,0.0,0.0,0.0,0.0,0.0
36252,443,6,595.0,3046.0,332.0,0.0,85.875,141.4017,1460.0,0.0,502.0,701.177,507705.0,1596388.948,5588365.0,5.0,5648089.0,812216.85,2069963.528,5588365.0,54.0,80782.0,20126.5,11830.15,41402.0,48.0,0,0,0,0,0.0,1460.0,0,0,0,1,0,0,0,0,0.0,275.2714,85.875,502.0,0,0,0,0,0,0,8,595,5,3046,29200,4392,3,20,104926.0,0.0,104926.0,104926.0,5588324.0,0.0,5588324.0,5588324.0
443,36442,6,31.0,0.0,31.0,0.0,15.5,21.9203,0.0,0.0,0.0,0.0,3.0,0.0,3.0,3.0,3.0,3.0,0.0,3.0,3.0,0.0,0.0,0.0,0.0,0.0,1,0,0,0,0.0,31.0,0,1,0,0,1,0,0,0,0.0,31.0,15.5,0.0,0,0,0,0,0,0,2,31,0,0,1134,-1,0,32,0.0,0.0,0.0,0.0,0.0,0.0,0.0,0.0
51879,443,6,1257.0,4599.0,517.0,0.0,192.625,234.6448,2747.0,42.0,623.875,1028.4592,326558.38,1096883.36,4940849.0,3.0,97852.0,46778.0,26598.46,94359.0,367.0,5068883.0,632428.57,1489880.309,4990806.0,3.0,0,0,0,0,0.0,2747.0,0,0,0,1,0,0,0,0,1.0,456.2571,192.625,623.875,0,0,0,0,0,0,8,1257,8,4599,8192,35088,7,20,0.0,0.0,0.0,0.0,0.0,0.0,0.0,0.0
59533,443,6,0.0,6.0,0.0,0.0,0.0,0.0,6.0,6.0,6.0,0.0,11151.0,20953.933,22292.0,74.0,0.0,0.0,0.0,0.0,0.0,0.0,0.0,0.0,0.0,0.0,0,0,0,0,0.0,6.0,0,0,0,1,0,0,0,0,1.0,3.0,0.0,6.0,0,0,0,0,0,0,1,0,1,6,29200,0,0,40,0.0,0.0,0.0,0.0,0.0,0.0,0.0,0.0
65567,53,17,70.0,112.0,35.0,35.0,35.0,0.0,56.0,56.0,56.0,0.0,81.33,136.595,233.0,3.0,3.0,3.0,0.0,3.0,3.0,4.0,4.0,0.0,4.0,4.0,0,0,0,0,35.0,56.0,0,0,0,0,0,0,0,0,1.0,54.25,35.0,56.0,0,0,0,0,0,0,2,70,2,112,-1,-1,1,20,0.0,0.0,0.0,0.0,0.0,0.0,0.0,0.0
443,57211,6,12.0,0.0,6.0,6.0,6.0,0.0,0.0,0.0,0.0,0.0,202.0,0.0,202.0,202.0,202.0,202.0,0.0,202.0,202.0,0.0,0.0,0.0,0.0,0.0,0,0,0,0,6.0,6.0,0,0,0,0,1,0,0,0,0.0,9.0,6.0,0.0,0,0,0,0,0,0,2,12,0,0,123,-1,1,20,0.0,0.0,0.0,0.0,0.0,0.0,0.0,0.0
59259,53,17,70.0,102.0,35.0,35.0,35.0,0.0,51.0,51.0,51.0,0.0,53.0,50.9,108.0,3.0,3.0,3.0,0.0,3.0,3.0,48.0,48.0,0.0,48.0,48.0,0,0,0,0,35.0,51.0,0,0,0,0,0,0,0,0,1.0,51.75,35.0,51.0,0,0,0,0,0,0,2,70,2,102,-1,-1,1,20,0.0,0.0,0.0,0.0,0.0,0.0,0.0,0.0
443,56574,6,37.0,0.0,37.0,0.0,18.5,26.163,0.0,0.0,0.0,0.0,3.0,0.0,3.0,3.0,3.0,3.0,0.0,3.0,3.0,0.0,0.0,0.0,0.0,0.0,1,0,0,0,0.0,37.0,0,1,0,0,1,0,0,0,0.0,37.0,18.5,0.0,0,0,0,0,0,0,2,37,0,0,972,-1,0,32,0.0,0.0,0.0,0.0,0.0,0.0,0.0,0.0
443,56397,6,6.0,6.0,6.0,6.0,6.0,0.0,6.0,6.0,6.0,0.0,97.0,0.0,97.0,97.0,0.0,0.0,0.0,0.0,0.0,0.0,0.0,0.0,0.0,0.0,0,0,0,0,6.0,6.0,0,0,0,0,1,1,0,0,1.0,9.0,6.0,6.0,0,0,0,0,0,0,1,6,1,6,60,255,0,20,0.0,0.0,0.0,0.0,0.0,0.0,0.0,0.0
56041,443,6,1388.0,15804.0,323.0,0.0,73.9095,104.2117,1430.0,0.0,734.7857,587.8838,3079505.04,13424608.693,58828593.0,1.0,117432789.0,6943347.94,19885415.885,58928593.0,1.0,117104720.0,6000162.91,19981859.176,58881513.0,1.0,0,0,0,0,0.0,1430.0,0,0,0,1,0,0,0,0,1.0,422.4484,73.9095,734.7857,0,0,0,0,0,0,19,1388,24,15804,8192,360,18,20,330546.0,309958.247,591076.0,279628.0,58619380.0,330603.252,58828593.0,58797722.0
57951,53,17,76.0,122.0,38.0,38.0,38.0,0.0,61.0,61.0,61.0,0.0,10234.33,17721.593,30692.0,3.0,3.0,3.0,0.0,3.0,3.0,3.0,3.0,0.0,3.0,3.0,0,0,0,0,38.0,61.0,0,0,0,0,0,0,0,0,1.0,59.0,38.0,61.0,0,0,0,0,0,0,2,76,2,122,-1,-1,1,20,0.0,0.0,0.0,0.0,0.0,0.0,0.0,0.0
80,49969,6,6.0,6.0,6.0,6.0,6.0,0.0,6.0,6.0,6.0,0.0,50.0,0.0,50.0,50.0,0.0,0.0,0.0,0.0,0.0,0.0,0.0,0.0,0.0,0.0,0,0,0,0,6.0,6.0,0,0,0,0,1,1,0,0,1.0,9.0,6.0,6.0,0,0,0,0,0,0,1,6,1,6,8190,64209,0,20,0.0,0.0,0.0,0.0,0.0,0.0,0.0,0.0
1617,53,17,36.0,46.0,36.0,36.0,36.0,0.0,46.0,46.0,46.0,0.0,16076.0,0.0,16076.0,16076.0,0.0,0.0,0.0,0.0,0.0,0.0,0.0,0.0,0.0,0.0,0,0,0,0,36.0,46.0,0,0,0,0,0,0,0,0,1.0,59.0,36.0,46.0,0,0,0,0,0,0,1,36,1,46,-1,-1,0,32,0.0,0.0,0.0,0.0,0.0,0.0,0.0,0.0
54940,53,17,90.0,384.0,45.0,45.0,45.0,0.0,192.0,192.0,192.0,0.0,35898.33,62551.594,107695.0,1.0,3.0,3.0,0.0,3.0,3.0,1.0,1.0,0.0,1.0,1.0,0,0,0,0,45.0,192.0,0,0,0,0,0,0,0,0,1.0,129.75,45.0,192.0,0,0,0,0,0,0,2,90,2,384,-1,-1,1,20,0.0,0.0,0.0,0.0,0.0,0.0,0.0,0.0
62859,53,17,96.0,228.0,57.0,49.0,48.0,4.2426,140.0,68.0,114.0,91.2884,26306908.33,48467212.097,88331465.0,48680.0,88387897.0,88387897.0,0.0,88387897.0,88387897.0,88551652.0,88551652.0,0.0,88351652.0,88551652.0,0,0,0,0,49.0,140.0,0,0,0,0,0,0,0,0,1.0,96.25,48.0,114.0,0,0,0,0,0,0,2,96,2,228,-1,-1,1,32,80945.0,0.0,80945.0,80945.0,88331413.0,0.0,88331463.0,88331413.0
58123,443,6,1453.0,3821.0,805.0,0.0,154.6154,282.7431,1497.0,0.0,643.1667,687.4512,577989.61,2376080.923,9999705.0,60.0,16057961.0,1413310.12,3757804.249,9999705.0,177.0,16082201.0,1180281.6,2981803.974,10011502.0,154.0,0,0,0,0,0.0,1497.0,0,0,0,1,0,0,0,0,0.0,365.6414,154.6154,643.1667,0,0,0,0,0,0,9,1453,6,3821,8192,19,8,20,136091.0,0.0,136091.0,136091.0,9999763.0,0.0,9999703.0,9999763.0
54374,443,6,12.0,0.0,6.0,6.0,6.0,0.0,0.0,0.0,0.0,0.0,3.0,0.0,3.0,3.0,3.0,3.0,0.0,3.0,3.0,0.0,0.0,0.0,0.0,0.0,0,0,0,0,6.0,6.0,1,0,0,0,0,0,0,0,0.0,9.0,6.0,0.0,0,0,0,0,0,0,2,12,0,0,0,-1,1,20,0.0,0.0,0.0,0.0,0.0,0.0,0.0,0.0
62356,53,17,76.0,108.0,38.0,38.0,38.0,0.0,54.0,54.0,54.0,0.0,2.66,0.771,2.0,1.0,1.0,1.0,0.0,1.0,1.0,1.0,1.0,0.0,1.0,1.0,0,0,0,0,38.0,54.0,0,0,0,0,0,0,0,0,1.0,55.5,38.0,54.0,0,0,0,0,0,0,2,76,2,108,-1,-1,1,20,0.0,0.0,0.0,0.0,0.0,0.0,0.0,0.0
443,56660,6,37.0,0.0,37.0,0.0,18.5,26.163,0.0,0.0,0.0,0.0,3.0,0.0,3.0,3.0,3.0,3.0,0.0,3.0,3.0,0.0,0.0,0.0,0.0,0.0,1,0,0,0,0.0,37.0,0,1,0,0,1,0,0,0,0.0,37.0,18.5,0.0,0,0,0,0,0,0,2,37,0,0,114,-1,0,32,0.0,0.0,0.0,0.0,0.0,0.0,0.0,0.0
56163,443,6,1372.0,3322.0,1097.0,0.0,294.4,441.8375,1448.0,0.0,472.4,659.3364,8091.0,10865.489,15286.0,1.0,47221.0,10240.75,11181.439,25795.0,202.0,24322.0,8780.0,10988.62,15231.0,1.0,0,0,0,0,0.0,1447.0,0,0,0,1,0,0,0,0,1.0,370.6636,294.4,472.4,0,0,0,0,0,0,5,1372,5,3322,8192,62,4,20,0.0,0.0,0.0,0.0,0.0,0.0,0.0,0.0
58092,80,6,433.0,2279.0,427.0,0.0,144.3333,244.8149,2267.0,0.0,569.75,1131.5035,12056.2,14365.193,29103.0,4.0,29198.0,14594.0,25072.119,29194.0,177.0,24095.0,8395.66,18293.995,24595.0,4.0,0,0,0,0,0.0,2267.0,0,0,0,1,0,0,0,0,1.0,387.4286,144.3333,569.75,0,0,0,0,0,0,3,433,4,2279,29200,235,1,32,0.0,0.0,0.0,0.0,0.0,0.0,0.0,0.0
49364,443,6,356.0,3782.0,212.0,0.0,59.3333,89.2248,1460.0,0.0,630.3333,677.2171,23886.0,39745.479,85684.0,52.0,261784.0,52953.8,46816.8,87930.0,60.0,177103.0,35000.6,46107.527,87370.0,51.0,0,0,0,0,0.0,1460.0,0,0,0,1,0,0,0,0,1.0,344.8333,59.3333,630.3333,0,0,0,0,0,0,6,356,6,3782,8192,60,5,20,0.0,0.0,0.0,0.0,0.0,0.0,0.0,0.0
80,30826,6,0.0,0.0,0.0,0.0,0.0,0.0,0.0,0.0,0.0,0.0,63.0,0.0,63.0,63.0,0.0,0.0,0.0,0.0,0.0,0.0,0.0,0.0,0.0,0.0,0,0,0,0,0.0,0.0,0,0,0,0,1,1,0,0,1.0,0.0,0.0,0.0,0,0,0,0,0,0,1,0,1,0,340,229,0,32,0.0,0.0,0.0,0.0,0.0,0.0,0.0,0.0
8474,53,17,62.0,170.0,31.0,31.0,31.0,0.0,85.0,85.0,85.0,0.0,8111.0,14167.766,24382.0,3.0,3.0,3.0,0.0,3.0,3.0,4.0,4.0,0.0,4.0,4.0,0,0,0,0,31.0,85.0,0,0,0,0,0,0,0,0,1.0,65.75,31.0,85.0,0,0,0,0,0,0,2,62,2,170,-1,-1,1,20,0.0,0.0,0.0,0.0,0.0,0.0,0.0,0.0
80,3571,6,6.0,6.0,6.0,6.0,6.0,0.0,6.0,6.0,6.0,0.0,64.0,0.0,64.0,64.0,0.0,0.0,0.0,0.0,0.0,0.0,0.0,0.0,0.0,0.0,0,0,0,0,6.0,6.0,0,0,0,0,1,1,0,0,1.0,9.0,6.0,6.0,0,0,0,0,0,0,1,6,1,6,119,256,0,20,0.0,0.0,0.0,0.0,0.0,0.0,0.0,0.0
39754,443,6,357.0,4783.0,190.0,0.0,34.1429,71.9479,2512.0,0.0,918.3333,1046.9544,497352.45,1590063.838,5450697.0,3.0,5440086.0,716528.66,1949245.341,5450697.0,3.0,78859.0,15733.8,18030.169,33791.0,193.0,0,0,0,0,0.0,2512.0,0,0,0,1,0,0,0,0,0.0,367.6057,34.1429,918.3333,0,0,0,0,0,0,7,357,6,4783,29200,119,3,32,240606.0,0.0,240606.0,240606.0,5480681.0,0.0,5450691.0,5450681.0
443,56740,6,0.0,0.0,0.0,0.0,0.0,0.0,0.0,0.0,0.0,0.0,23.5,32.905,46.0,1.0,1.0,1.0,0.0,1.0,1.0,0.0,0.0,0.0,0.0,0.0,0,0,0,0,0.0,0.0,0,0,0,0,1,1,0,0,0.0,0.0,0.0,0.0,0,0,0,0,0,0,2,0,1,0,63,33304,0,32,0.0,0.0,0.0,0.0,0.0,0.0,0.0,0.0
443,52857,6,6.0,6.0,6.0,6.0,6.0,0.0,6.0,6.0,6.0,0.0,37.0,0.0,37.0,37.0,0.0,0.0,0.0,0.0,0.0,0.0,0.0,0.0,0.0,0.0,0,0,0,0,6.0,6.0,0,0,0,0,1,1,0,0,1.0,9.0,6.0,6.0,0,0,0,0,0,0,1,6,1,6,114,251,0,20,0.0,0.0,0.0,0.0,0.0,0.0,0.0,0.0
443,60473,6,0.0,0.0,0.0,0.0,0.0,0.0,0.0,0.0,0.0,0.0,25.0,0.0,25.0,25.0,0.0,0.0,0.0,0.0,0.0,0.0,0.0,0.0,0.0,0.0,0,0,0,0,0.0,0.0,0,0,0,0,1,1,0,0,1.0,0.0,0.0,0.0,0,0,0,0,0,0,1,0,1,0,351,624,0,32,0.0,0.0,0.0,0.0,0.0,0.0,0.0,0.0
61029,53,17,43.0,108.0,43.0,43.0,43.0,0.0,108.0,108.0,108.0,0.0,30892.0,0.0,30892.0,30892.0,0.0,0.0,0.0,0.0,0.0,0.0,0.0,0.0,0.0,0.0,0,0,0,0,43.0,108.0,0,0,0,0,0,0,0,0,1.0,97.0,43.0,108.0,0,0,0,0,0,0,1,43,1,108,-1,-1,0,20,0.0,0.0,0.0,0.0,0.0,0.0,0.0,0.0
61370,53,17,136.0,260.0,34.0,34.0,34.0,0.0,130.0,130.0,130.0,0.0,22741.2,39291.852,91677.0,3.0,31336.0,10445.66,17440.071,31334.0,3.0,4.0,4.0,0.0,4.0,4.0,0,0,0,0,34.0,130.0,0,0,0,0,0,0,0,0,0.0,65.0,34.0,130.0,0,0,0,0,0,0,4,136,2,260,-1,-1,3,32,0.0,0.0,0.0,0.0,0.0,0.0,0.0,0.0
50753,53,17,82.0,152.0,41.0,41.0,41.0,0.0,76.0,76.0,76.0,0.0,57.0,92.068,163.0,3.0,3.0,3.0,0.0,3.0,3.0,4.0,4.0,0.0,4.0,4.0,0,0,0,0,41.0,76.0,0,0,0,0,0,0,0,0,1.0,68.75,41.0,76.0,0,0,0,0,0,0,2,82,2,152,-1,-1,1,32,0.0,0.0,0.0,0.0,0.0,0.0,0.0,0.0
29660,53,17,92.0,196.0,46.0,46.0,46.0,0.0,98.0,98.0,98.0,0.0,63.33,29.56,94.0,48.0,49.0,49.0,0.0,49.0,49.0,48.0,48.0,0.0,48.0,48.0,0,0,0,0,46.0,98.0,0,0,0,0,0,0,0,0,1.0,83.5,46.0,98.0,0,0,0,0,0,0,2,92,2,196,-1,-1,1,32,0.0,0.0,0.0,0.0,0.0,0.0,0.0,0.0
44296,22,6,0.0,0.0,0.0,0.0,0.0,0.0,0.0,0.0,0.0,0.0,167.0,0.0,167.0,167.0,0.0,0.0,0.0,0.0,0.0,0.0,0.0,0.0,0.0,0.0,0,0,0,0,0.0,0.0,0,0,0,0,1,1,0,0,1.0,0.0,0.0,0.0,0,0,0,0,0,0,1,0,1,0,290,243,0,32,0.0,0.0,0.0,0.0,0.0,0.0,0.0,0.0
50914,443,6,6148.0,183796.0,1221.0,0.0,34.6188,66.2155,4380.0,0.0,1889.2271,999.8413,299497.75,1422232.026,10006968.0,1.0,116910795.0,575435.88,2216992.627,10038082.0,51.0,111992475.0,496412.14,1992799.396,10031088.0,2.0,0,0,0,0,0.0,4380.0,0,0,0,1,0,0,0,0,1.0,1065.9043,34.6188,1889.2271,0,0,0,0,0,0,185,6148,179,183796,8192,213,134,20,173453.0,357644.619,1635916.0,23843.0,9615422.08,1339948.52,10006969.0,5012917.0
58548,443,6,567.0,3711.0,194.0,0.0,52.1111,76.4675,3490.0,0.0,618.2,1484.9208,16117.16,29444.763,89716.0,2.0,280629.0,20077.9,38826.861,99866.0,3.0,186200.0,28350.0,36051.253,69654.0,2.0,0,0,0,0,0.0,3490.0,0,0,0,1,0,0,0,0,0.0,251.5238,52.1111,618.2,0,0,0,0,0,0,11,567,5,3711,8192,119,10,20,0.0,0.0,0.0,0.0,0.0,0.0,0.0,0.0
123,123,17,348.0,338.0,48.0,48.0,48.0,0.0,48.0,48.0,48.0,0.0,6695188.9,18371227.96,58912792.0,80675.0,117999483.0,19499923.37,20322178.333,58900992.0,999945.0,117999379.0,10566743.83,30517422.864,59000896.0,1999179.0,0,0,0,0,48.0,48.0,0,0,0,0,0,0,0,0,1.0,51.0111,48.0,48.0,0,0,0,0,0,0,8,348,7,338,-1,-1,7,20,13081766.0,0.0,11081766.0,13081766.0,108912710.0,0.0,158912790.0,108912710.0
65059,443,6,37.0,0.0,37.0,0.0,12.3333,21.362,0.0,0.0,0.0,0.0,33718497.5,57124562.6,104847124.0,167.0,104848295.0,44924147.5,51710211.235,104847124.0,72.0,0.0,0.0,0.0,0.0,0.0,0,0,0,0,0.0,37.0,0,0,0,0,1,0,0,0,0.0,12.3333,12.3333,0.0,0,0,0,0,0,0,3,37,0,0,33285,-1,1,32,0.0,0.0,0.0,0.0,100000000.0,0.0,100000000.0,100000000.0
63056,80,6,12.0,0.0,6.0,0.0,4.0,3.4641,0.0,0.0,0.0,0.0,1863233.33,3141308.397,5475957.0,180.0,5501600.0,2750800.0,3833232.952,5475957.0,39140.0,0.0,0.0,0.0,0.0,0.0,0,0,0,0,0.0,6.0,0,0,0,1,0,0,0,0,0.0,3.0,4.0,0.0,0,0,0,0,0,0,3,12,1,0,8192,26883,2,20,0.0,0.0,0.0,0.0,0.0,0.0,0.0,0.0
49293,80,6,551.0,247.0,541.0,0.0,103.125,220.1169,234.0,0.0,75.75,103.5,1226966.9,2544853.887,6009624.0,48.0,6219947.0,1709986.14,3315585.829,6009624.0,23780.0,133793.0,37998.0,51421.497,128545.0,9518.0,0,0,0,0,0.0,541.0,0,0,0,1,0,0,0,0,0.0,97.3778,103.125,75.75,0,0,0,0,0,0,8,551,4,247,8192,946,7,20,0.0,0.0,0.0,0.0,0.0,0.0,0.0,0.0
54106,443,6,667.0,3825.0,517.0,0.0,95.2857,191.3781,1460.0,0.0,655.8333,672.859,750709.13,2654437.657,9974300.0,30.0,10345659.0,1727247.5,3510040.811,9974300.0,5555.0,10164077.0,1216227.2,3711978.09,10039444.0,49.0,0,0,0,0,0.0,1460.0,0,0,0,1,0,0,0,0,0.0,385.1857,95.2857,655.8333,0,0,0,0,0,0,7,667,6,3825,8192,62,6,20,178465.0,0.0,178465.0,178465.0,9974355.0,0.0,9974355.0,9974355.0
23895,53,17,66.0,378.0,33.0,33.0,33.0,0.0,189.0,189.0,189.0,0.0,8060.66,14084.177,24175.0,1.0,1.0,1.0,0.0,1.0,1.0,3.0,3.0,0.0,3.0,3.0,0,0,0,0,33.0,189.0,0,0,0,0,0,0,0,0,1.0,119.25,33.0,189.0,0,0,0,0,0,0,2,66,2,378,-1,-1,1,40,0.0,0.0,0.0,0.0,0.0,0.0,0.0,0.0
58431,80,6,1883.0,2795.0,435.0,6.0,98.6154,178.9861,744.0,0.0,149.8667,328.9209,3263481.85,4503063.782,9999630.0,42.0,100226687.0,7040544.38,4211085.976,20795.0,38351.0,109254687.0,6963947.5,4573205.545,10026235.0,20906.0,1,0,0,0,0.0,744.0,0,1,0,0,1,0,0,0,0.0,148.6819,98.6154,149.8667,0,0,0,0,0,0,17,1883,15,2795,16425,307,16,20,783093.8,1587487.506,4274095.0,53078.0,9995602.6,7751.182,9999663.0,9941038.0
39006,53,17,70.0,166.0,35.0,35.0,35.0,0.0,83.0,83.0,83.0,0.0,51032.66,90806.494,153997.0,3.0,3.0,3.0,0.0,3.0,3.0,4.0,4.0,0.0,4.0,4.0,0,0,0,0,35.0,83.0,0,0,0,0,0,0,0,0,1.0,67.75,35.0,83.0,0,0,0,0,0,0,2,70,2,166,-1,-1,1,32,0.0,0.0,0.0,0.0,0.0,0.0,0.0,0.0
53532,80,6,432.0,2278.0,426.0,0.0,144.0,244.2376,2266.0,0.0,569.5,1131.0035,11475.33,12778.893,34340.0,5.0,34011.0,17005.5,23949.753,34176.0,2677.0,34197.0,11799.0,16106.306,34195.0,5.0,0,0,0,0,0.0,2266.0,0,0,0,1,0,0,0,0,1.0,387.1429,144.0,569.5,0,0,0,0,0,0,3,432,4,2278,8192,237,2,20,0.0,0.0,0.0,0.0,0.0,0.0,0.0,0.0
61054,443,6,6.0,6.0,6.0,6.0,6.0,0.0,6.0,6.0,6.0,0.0,301.0,0.0,301.0,301.0,0.0,0.0,0.0,0.0,0.0,0.0,0.0,0.0,0.0,0.0,0,0,0,0,6.0,6.0,0,0,0,0,1,0,0,0,1.0,9.0,6.0,6.0,0,0,0,0,0,0,1,6,1,6,256,112,0,20,0.0,0.0,0.0,0.0,0.0,0.0,0.0,0.0
61509,53,17,47.0,79.0,47.0,47.0,47.0,0.0,79.0,79.0,79.0,0.0,23412.0,0.0,23412.0,23412.0,0.0,0.0,0.0,0.0,0.0,0.0,0.0,0.0,0.0,0.0,0,0,0,0,47.0,79.0,0,0,0,0,0,0,0,0,1.0,86.5,47.0,79.0,0,0,0,0,0,0,1,47,1,79,-1,-1,0,32,0.0,0.0,0.0,0.0,0.0,0.0,0.0,0.0
443,53332,6,6.0,6.0,6.0,6.0,6.0,0.0,6.0,6.0,6.0,0.0,3.0,0.0,3.0,3.0,0.0,0.0,0.0,0.0,0.0,0.0,0.0,0.0,0.0,0.0,0,0,0,0,6.0,6.0,0,0,0,0,1,1,0,0,1.0,9.0,6.0,6.0,0,0,0,0,0,0,1,6,1,6,119,255,0,20,0.0,0.0,0.0,0.0,0.0,0.0,0.0,0.0
80,64978,6,6.0,6.0,6.0,6.0,6.0,0.0,6.0,6.0,6.0,0.0,15.0,0.0,15.0,15.0,0.0,0.0,0.0,0.0,0.0,0.0,0.0,0.0,0.0,0.0,0,0,0,0,6.0,6.0,0,0,0,0,1,1,0,0,1.0,9.0,6.0,6.0,0,0,0,0,0,0,1,6,1,6,111,256,0,20,0.0,0.0,0.0,0.0,0.0,0.0,0.0,0.0
44374,443,6,1284.0,3656.0,433.0,0.0,50.4,110.6185,1400.0,0.0,165.9231,318.4441,3219827.26,13327745.627,58901955.0,1.0,119189485.0,6951770.69,18978551.982,58901955.0,71.0,119075468.0,6937314.73,19715142.13,59000531.0,3.0,0,0,0,0,0.0,1400.0,0,0,0,1,0,0,0,0,1.0,115.48,50.4,165.9231,0,0,0,0,0,0,20,1284,23,3656,29200,10240,10,32,804610.5,1220612.186,3084803.0,76697.0,58995898.5,129366.325,58901955.0,58765635.0
443,50498,6,0.0,0.0,0.0,0.0,0.0,0.0,0.0,0.0,0.0,0.0,12.5,18.677,28.0,4.0,4.0,4.0,0.0,4.0,4.0,0.0,0.0,0.0,0.0,0.0,0,0,0,0,0.0,0.0,0,0,0,0,1,1,0,0,0.0,0.0,0.0,0.0,0,0,0,0,0,0,2,0,1,0,175,32832,0,32,0.0,0.0,0.0,0.0,0.0,0.0,0.0,0.0
443,56320,6,6.0,6.0,6.0,6.0,6.0,0.0,6.0,6.0,6.0,0.0,104.0,0.0,104.0,104.0,0.0,0.0,0.0,0.0,0.0,0.0,0.0,0.0,0.0,0.0,0,0,0,0,6.0,6.0,0,0,0,0,1,1,0,0,1.0,9.0,6.0,6.0,0,0,0,0,0,0,1,6,1,6,32,32850,0,20,0.0,0.0,0.0,0.0,0.0,0.0,0.0,0.0
50354,443,6,352.0,3782.0,208.0,0.0,58.6667,87.8605,1460.0,0.0,630.3333,677.2171,11481.27,18402.342,40615.0,38.0,126910.0,24184.0,22062.787,40800.0,110.0,92182.0,18040.4,22019.981,42907.0,47.0,0,0,0,0,0.0,1460.0,0,0,0,1,0,0,0,0,1.0,344.5,58.6667,630.3333,0,0,0,0,0,0,6,352,6,3782,8192,60,5,20,0.0,0.0,0.0,0.0,0.0,0.0,0.0,0.0
49730,443,6,973.0,5615.0,549.0,0.0,49.0833,137.66,1418.0,0.0,265.7143,522.7786,2952662.31,4516262.629,10011013.0,3.0,115250040.0,5437869.69,5027378.201,10047930.0,3.0,110471600.0,6148362.0,5035372.63,10048076.0,49.0,0,0,0,0,0.0,1418.0,0,0,0,1,0,0,0,0,0.0,133.0273,49.0833,265.7143,0,0,0,0,0,0,24,973,18,5615,29200,357,4,32,92399.18,32057.14,169747.0,36231.0,10008775.09,6029.571,10011013.0,9990206.0
61264,443,6,1196.0,1161.0,949.0,0.0,119.6,295.3613,1023.0,0.0,233.2,448.7503,22693.14,35612.541,88329.0,48.0,428721.0,32741.44,43205.437,127820.0,48.0,186183.0,46043.75,50546.979,96749.0,368.0,0,0,0,0,0.0,1023.0,0,0,0,1,0,0,0,0,0.0,153.3333,119.6,233.2,0,0,0,0,0,0,10,1196,5,1161,65535,68,5,32,0.0,0.0,0.0,0.0,0.0,0.0,0.0,0.0
14282,53,17,74.0,178.0,37.0,37.0,37.0,0.0,89.0,89.0,89.0,0.0,44046.0,77714.638,132044.0,3.0,4.0,4.0,0.0,4.0,4.0,3.0,3.0,0.0,3.0,3.0,0,0,0,0,37.0,89.0,0,0,0,0,0,0,0,0,1.0,72.25,37.0,89.0,0,0,0,0,0,0,2,74,2,178,-1,-1,1,32,0.0,0.0,0.0,0.0,0.0,0.0,0.0,0.0
443,50959,6,0.0,0.0,0.0,0.0,0.0,0.0,0.0,0.0,0.0,0.0,46.0,0.0,46.0,46.0,0.0,0.0,0.0,0.0,0.0,0.0,0.0,0.0,0.0,0.0,0,0,0,0,0.0,0.0,0,0,0,0,1,0,0,0,1.0,0.0,0.0,0.0,0,0,0,0,0,0,1,0,1,0,62,33304,0,32,0.0,0.0,0.0,0.0,0.0,0.0,0.0,0.0
52265,443,6,1148.0,7368.0,624.0,0.0,101.5714,204.8023,2482.0,0.0,746.4,812.8743,5761.05,10383.539,23481.0,1.0,75924.0,10544.0,11479.171,25757.0,1.0,31059.0,7261.55,17104.669,35599.0,2.0,0,0,0,0,0.0,2482.0,0,0,0,1,0,0,0,0,0.0,365.95,101.5714,746.4,0,0,0,0,0,0,14,1148,10,7368,65535,66,6,32,0.0,0.0,0.0,0.0,0.0,0.0,0.0,0.0
60478,53,17,46.0,74.0,46.0,46.0,46.0,0.0,74.0,74.0,74.0,0.0,23658.0,0.0,23658.0,23658.0,0.0,0.0,0.0,0.0,0.0,0.0,0.0,0.0,0.0,0.0,0,0,0,0,46.0,74.0,0,0,0,0,0,0,0,0,1.0,83.0,46.0,74.0,0,0,0,0,0,0,1,46,1,74,-1,-1,0,32,0.0,0.0,0.0,0.0,0.0,0.0,0.0,0.0
52899,443,6,1154.0,1003.0,901.0,0.0,115.2857,280.343,935.0,0.0,88.6,296.9996,23215.2,40370.442,156673.0,1.0,438750.0,39377.0,50630.981,299652.0,1.0,278630.0,39764.5,50481.234,145396.0,322.0,0,0,0,0,0.0,931.0,0,0,0,1,0,0,0,0,0.0,115.1371,115.2857,88.6,0,0,0,0,0,0,14,1154,5,1003,65535,67,13,20,0.0,0.0,0.0,0.0,0.0,0.0,0.0,0.0
21,54436,6,0.0,0.0,0.0,0.0,0.0,0.0,0.0,0.0,0.0,0.0,43.0,0.0,43.0,43.0,0.0,0.0,0.0,0.0,0.0,0.0,0.0,0.0,0.0,0.0,0,0,0,0,0.0,0.0,0,0,0,0,1,1,0,0,1.0,0.0,0.0,0.0,0,0,0,0,0,0,1,0,1,0,227,299,0,32,0.0,0.0,0.0,0.0,0.0,0.0,0.0,0.0
443,35190,6,31.0,0.0,31.0,0.0,15.5,21.9203,0.0,0.0,0.0,0.0,3.0,0.0,3.0,3.0,3.0,3.0,0.0,3.0,3.0,0.0,0.0,0.0,0.0,0.0,1,0,0,0,0.0,31.0,0,1,0,0,1,0,0,0,0.0,31.0,15.5,0.0,0,0,0,0,0,0,2,31,0,0,66,-1,0,32,0.0,0.0,0.0,0.0,0.0,0.0,0.0,0.0
443,52570,6,12.0,0.0,6.0,6.0,6.0,0.0,0.0,0.0,0.0,0.0,99032.0,0.0,99032.0,99032.0,99032.0,99032.0,0.0,99032.0,99032.0,0.0,0.0,0.0,0.0,0.0,0,0,0,0,6.0,6.0,0,0,0,0,1,0,0,0,0.0,9.0,6.0,0.0,0,0,0,0,0,0,2,12,0,0,29206,-1,1,20,0.0,0.0,0.0,0.0,0.0,0.0,0.0,0.0
52706,443,6,24.0,0.0,6.0,6.0,6.0,0.0,0.0,0.0,0.0,0.0,21160.25,43357.162,87129.0,1.0,87092.0,29360.33,50717.533,87195.0,1.0,0.0,0.0,0.0,0.0,0.0,0,0,0,0,0.0,6.0,1,0,0,0,0,0,0,0,0.0,6.0,6.0,0.0,0,0,0,0,0,0,4,24,1,0,0,68,3,20,0.0,0.0,0.0,0.0,0.0,0.0,0.0,0.0
60386,53,17,54.0,70.0,54.0,54.0,54.0,0.0,70.0,70.0,70.0,0.0,49366.0,0.0,49366.0,49366.0,0.0,0.0,0.0,0.0,0.0,0.0,0.0,0.0,0.0,0.0,0,0,0,0,54.0,70.0,0,0,0,0,0,0,0,0,1.0,99.0,54.0,70.0,0,0,0,0,0,0,1,54,1,70,-1,-1,0,32,0.0,0.0,0.0,0.0,0.0,0.0,0.0,0.0
443,62713,6,37.0,0.0,37.0,0.0,18.5,26.163,0.0,0.0,0.0,0.0,4.0,0.0,4.0,4.0,4.0,4.0,0.0,4.0,4.0,0.0,0.0,0.0,0.0,0.0,1,0,0,0,0.0,37.0,0,1,0,0,1,0,0,0,0.0,37.0,18.5,0.0,0,0,0,0,0,0,2,37,0,0,117,-1,0,32,0.0,0.0,0.0,0.0,0.0,0.0,0.0,0.0
53951,53,17,68.0,484.0,34.0,34.0,34.0,0.0,242.0,242.0,242.0,0.0,8014.66,13826.073,24037.0,3.0,3.0,3.0,0.0,3.0,3.0,3.0,3.0,0.0,3.0,3.0,0,0,0,0,34.0,242.0,0,0,0,0,0,0,0,0,1.0,146.5,34.0,242.0,0,0,0,0,0,0,2,68,2,484,-1,-1,1,32,0.0,0.0,0.0,0.0,0.0,0.0,0.0,0.0
443,53744,6,0.0,0.0,0.0,0.0,0.0,0.0,0.0,0.0,0.0,0.0,60.0,0.0,60.0,60.0,0.0,0.0,0.0,0.0,0.0,0.0,0.0,0.0,0.0,0.0,0,0,0,0,0.0,0.0,0,0,0,0,1,0,0,0,1.0,0.0,0.0,0.0,0,0,0,0,0,0,1,0,1,0,15600,40284,0,32,0.0,0.0,0.0,0.0,0.0,0.0,0.0,0.0
443,47930,6,231.0,6.0,210.0,31.0,45.5,88.999,6.0,6.0,6.0,0.0,80.0,97.217,190.0,42.0,248.0,248.0,0.0,248.0,248.0,0.0,0.0,0.0,0.0,0.0,1,0,0,0,6.0,210.0,0,1,0,0,1,0,0,0,0.0,42.3333,45.5,6.0,0,0,0,0,0,0,2,231,1,6,972,0,0,20,0.0,0.0,0.0,0.0,0.0,0.0,0.0,0.0
443,50884,6,37.0,0.0,31.0,6.0,18.5,17.6777,0.0,0.0,0.0,0.0,3.0,0.0,3.0,3.0,3.0,3.0,0.0,3.0,3.0,0.0,0.0,0.0,0.0,0.0,1,0,0,0,6.0,31.0,0,1,0,0,1,0,0,0,0.0,34.0,18.5,0.0,0,0,0,0,0,0,2,37,0,0,110,-1,1,20,0.0,0.0,0.0,0.0,0.0,0.0,0.0,0.0
56701,443,6,12.0,0.0,6.0,6.0,6.0,0.0,0.0,0.0,0.0,0.0,7352.0,0.0,7352.0,7352.0,7352.0,7352.0,0.0,7352.0,7352.0,0.0,0.0,0.0,0.0,0.0,0,0,0,0,6.0,6.0,0,0,0,0,1,0,0,0,0.0,9.0,6.0,0.0,0,0,0,0,0,0,2,12,0,0,16012,-1,1,20,0.0,0.0,0.0,0.0,0.0,0.0,0.0,0.0
61978,53,17,55.0,111.0,55.0,55.0,55.0,0.0,111.0,111.0,111.0,0.0,30398.0,0.0,30398.0,30398.0,0.0,0.0,0.0,0.0,0.0,0.0,0.0,0.0,0.0,0.0,0,0,0,0,55.0,111.0,0,0,0,0,0,0,0,0,1.0,110.5,55.0,111.0,0,0,0,0,0,0,1,55,1,111,-1,-1,0,20,0.0,0.0,0.0,0.0,0.0,0.0,0.0,0.0
443,52603,6,6.0,6.0,6.0,6.0,6.0,0.0,6.0,6.0,6.0,0.0,84.0,0.0,84.0,84.0,0.0,0.0,0.0,0.0,0.0,0.0,0.0,0.0,0.0,0.0,0,0,0,0,6.0,6.0,0,0,0,0,1,1,0,0,1.0,9.0,6.0,6.0,0,0,0,0,0,0,1,6,1,6,190,253,0,20,0.0,0.0,0.0,0.0,0.0,0.0,0.0,0.0
62350,53,17,51.0,67.0,51.0,51.0,51.0,0.0,67.0,67.0,67.0,0.0,48767.0,0.0,48767.0,48767.0,0.0,0.0,0.0,0.0,0.0,0.0,0.0,0.0,0.0,0.0,0,0,0,0,51.0,67.0,0,0,0,0,0,0,0,0,1.0,84.5,51.0,67.0,0,0,0,0,0,0,1,51,1,67,-1,-1,0,20,0.0,0.0,0.0,0.0,0.0,0.0,0.0,0.0
54635,443,6,1895.0,6170.0,1450.0,0.0,279.375,543.1047,2363.0,2.0,480.75,923.5319,122203.52,475169.02,1999977.0,47.0,289807.0,56525.42,61415.672,32243.0,47.0,1152401.0,168245.28,366361.834,1999662.0,48.0,0,0,0,0,0.0,2363.0,0,0,0,1,0,0,0,0,1.0,482.3167,279.375,480.75,0,0,0,0,0,0,8,1895,8,6170,8192,35088,7,20,0.0,0.0,0.0,0.0,0.0,0.0,0.0,0.0
51418,22,6,2724.0,7048.0,406.0,0.0,71.5366,103.4279,976.0,0.0,157.95,319.0764,16617.45,104439.523,953100.0,0.0,1308011.0,34959.27,164690.424,996769.0,1.0,341758.0,8826.37,20146.179,93066.0,1.0,0,0,0,0,0.0,976.0,0,0,0,1,0,0,0,0,1.0,125.8751,71.5366,157.95,0,0,0,0,0,0,35,2724,40,7048,8192,245,33,20,0.0,0.0,0.0,0.0,0.0,0.0,0.0,0.0
61501,53,17,44.0,134.0,44.0,44.0,44.0,0.0,134.0,134.0,134.0,0.0,145163.0,0.0,145163.0,145163.0,0.0,0.0,0.0,0.0,0.0,0.0,0.0,0.0,0.0,0.0,0,0,0,0,44.0,134.0,0,0,0,0,0,0,0,0,1.0,111.0,44.0,134.0,0,0,0,0,0,0,1,44,1,134,-1,-1,0,32,0.0,0.0,0.0,0.0,0.0,0.0,0.0,0.0
63812,53,17,58.0,238.0,29.0,29.0,29.0,0.0,119.0,119.0,119.0,0.0,56.33,93.72,162.0,3.0,3.0,3.0,0.0,3.0,3.0,3.0,3.0,0.0,3.0,3.0,0,0,0,0,29.0,119.0,0,0,0,0,0,0,0,0,1.0,76.25,29.0,119.0,0,0,0,0,0,0,2,58,2,238,-1,-1,1,32,0.0,0.0,0.0,0.0,0.0,0.0,0.0,0.0
61518,443,6,3207.0,5128.0,1681.0,0.0,348.7778,646.7905,1655.0,0.0,599.1429,708.7568,601387.73,2148423.927,7359872.0,65.0,7150320.0,1178361.0,2866166.812,7359872.0,332.0,86691.0,14539.12,15490.725,32202.0,177.0,0,0,0,0,0.0,1681.0,0,0,0,1,0,0,0,0,0.0,439.7945,348.7778,599.1429,0,0,0,0,0,0,9,3207,9,5128,8192,65,8,20,0.0,0.0,0.0,0.0,0.0,0.0,0.0,0.0
50812,443,6,135.0,46.0,46.0,6.0,27.0,20.1246,46.0,46.0,46.0,0.0,1064910.2,2359276.286,4846474.0,4.0,4074998.0,1218742.0,2443574.172,4846474.0,4.0,0.0,0.0,0.0,0.0,0.0,1,0,0,0,6.0,46.0,0,1,0,0,1,0,0,0,0.0,37.8333,27.0,46.0,0,0,0,0,0,0,5,135,1,46,258,180,4,20,0.0,0.0,0.0,0.0,0.0,0.0,0.0,0.0
63903,80,6,821.0,1074.0,431.0,0.0,140.2222,203.5127,859.0,0.0,217.8,427.0094,113312.83,251606.774,975464.0,4.0,1396610.0,249147.0,357990.961,978374.0,12131.0,291770.0,46085.5,65686.918,117740.0,4.0,0,0,0,0,0.0,859.0,0,0,0,1,0,0,0,0,1.0,184.7143,140.2222,217.8,0,0,0,0,0,0,7,821,5,1074,8192,30,6,20,0.0,0.0,0.0,0.0,0.0,0.0,0.0,0.0
50427,53,17,90.0,122.0,45.0,45.0,45.0,0.0,61.0,61.0,61.0,0.0,47.33,77.855,136.0,4.0,4.0,4.0,0.0,4.0,4.0,4.0,4.0,0.0,4.0,4.0,0,0,0,0,45.0,61.0,0,0,0,0,0,0,0,0,1.0,64.25,45.0,61.0,0,0,0,0,0,0,2,90,2,122,-1,-1,1,20,0.0,0.0,0.0,0.0,0.0,0.0,0.0,0.0
16012,53,17,64.0,96.0,32.0,32.0,32.0,0.0,48.0,48.0,48.0,0.0,16122.33,28055.852,48302.0,3.0,3.0,3.0,0.0,3.0,3.0,48.0,48.0,0.0,48.0,48.0,0,0,0,0,32.0,48.0,0,0,0,0,0,0,0,0,1.0,48.0,32.0,48.0,0,0,0,0,0,0,2,64,2,96,-1,-1,1,32,0.0,0.0,0.0,0.0,0.0,0.0,0.0,0.0
54636,443,6,3650.0,10517.0,549.0,0.0,159.8,244.2501,1669.0,2.0,319.3909,350.1583,1799795.48,7209397.557,44997623.0,3.0,52505993.0,3675696.07,11009401.847,44997823.0,3.0,57411480.0,3854219.94,10576156.239,45030744.0,3.0,0,0,0,0,0.0,1669.0,0,0,0,1,0,0,0,0,0.0,263.5614,159.8,319.3909,0,0,0,0,0,0,25,3650,22,10517,8192,8608,24,20,5649962.5,1527591.962,16655934.0,41376.0,26096699.66,26885498.519,44997622.0,14950015.0
58583,443,6,1147.0,5172.0,581.0,0.0,85.9167,161.9455,1936.0,0.0,493.4,801.2507,148646.38,465906.594,1875569.0,1.0,2115292.0,288089.61,550529.421,1875569.0,48.0,2125487.0,221421.11,549266.446,1905468.0,2.0,0,0,0,0,0.0,1936.0,0,0,0,1,0,0,0,0,0.0,261.52,85.9167,493.4,0,0,0,0,0,0,12,1147,15,5172,8192,32,11,20,0.0,0.0,0.0,0.0,0.0,0.0,0.0,0.0
443,50722,6,0.0,0.0,0.0,0.0,0.0,0.0,0.0,0.0,0.0,0.0,62.0,0.0,62.0,62.0,0.0,0.0,0.0,0.0,0.0,0.0,0.0,0.0,0.0,0.0,0,0,0,0,0.0,0.0,0,0,0,0,1,0,0,0,1.0,0.0,0.0,0.0,0,0,0,0,0,0,1,0,1,0,179,32832,0,32,0.0,0.0,0.0,0.0,0.0,0.0,0.0,0.0
80,53749,6,6.0,6.0,6.0,6.0,6.0,0.0,6.0,6.0,6.0,0.0,101.0,0.0,101.0,101.0,0.0,0.0,0.0,0.0,0.0,0.0,0.0,0.0,0.0,0.0,0,0,0,0,6.0,6.0,0,0,0,0,1,1,0,0,1.0,9.0,6.0,6.0,0,0,0,0,0,0,1,6,1,6,8190,64240,0,20,0.0,0.0,0.0,0.0,0.0,0.0,0.0,0.0
123,123,17,96.0,96.0,48.0,48.0,48.0,0.0,48.0,48.0,48.0,0.0,22022722.66,38037301.806,65923141.0,76416.0,66000012.0,66000012.0,0.0,66000012.0,66000012.0,66000229.0,66000229.0,0.0,66000229.0,66000229.0,0,0,0,0,48.0,48.0,0,0,0,0,0,0,0,0,1.0,60.0,48.0,48.0,0,0,0,0,0,0,2,96,2,96,-1,-1,1,20,28812.0,0.0,28812.0,28812.0,65923115.0,0.0,65923145.0,65923115.0
64370,443,6,667.0,3273.0,517.0,0.0,95.2857,191.3781,2266.0,0.0,868.0,1133.5864,739679.88,2566825.829,8929190.0,18.0,8370964.0,1322491.0,3505942.878,8929190.0,116.0,216784.0,75996.0,95009.543,104257.0,1339.0,0,0,0,0,0.0,2266.0,0,0,0,1,0,0,0,0,0.0,386.1308,95.2857,868.0,0,0,0,0,0,0,7,667,4,3273,8192,231,6,20,0.0,0.0,0.0,0.0,0.0,0.0,0.0,0.0
443,63651,6,0.0,0.0,0.0,0.0,0.0,0.0,0.0,0.0,0.0,0.0,26608.5,37706.768,53193.0,4.0,53218.0,53218.0,0.0,53218.0,53218.0,0.0,0.0,0.0,0.0,0.0,0,0,0,0,0.0,0.0,0,0,0,0,1,0,0,0,0.0,0.0,0.0,0.0,0,0,0,0,0,0,2,0,1,0,357,32832,0,32,0.0,0.0,0.0,0.0,0.0,0.0,0.0,0.0
51478,53,17,86.0,118.0,43.0,43.0,43.0,0.0,59.0,59.0,59.0,0.0,43.33,64.903,125.0,3.0,3.0,3.0,0.0,3.0,3.0,3.0,3.0,0.0,3.0,3.0,0,0,0,0,43.0,59.0,0,0,0,0,0,0,0,0,1.0,61.75,43.0,59.0,0,0,0,0,0,0,2,86,2,118,-1,-1,1,32,0.0,0.0,0.0,0.0,0.0,0.0,0.0,0.0
443,52884,6,6.0,6.0,6.0,6.0,6.0,0.0,6.0,6.0,6.0,0.0,25.0,0.0,25.0,25.0,0.0,0.0,0.0,0.0,0.0,0.0,0.0,0.0,0.0,0.0,0,0,0,0,6.0,6.0,0,0,0,0,1,1,0,0,1.0,9.0,6.0,6.0,0,0,0,0,0,0,1,6,1,6,32,32850,0,20,0.0,0.0,0.0,0.0,0.0,0.0,0.0,0.0
24576,53,17,74.0,330.0,37.0,37.0,37.0,0.0,165.0,165.0,165.0,0.0,220.66,579.609,558.0,1.0,1.0,1.0,0.0,1.0,1.0,3.0,3.0,0.0,3.0,3.0,0,0,0,0,37.0,165.0,0,0,0,0,0,0,0,0,1.0,110.25,37.0,165.0,0,0,0,0,0,0,2,74,2,330,-1,-1,1,20,0.0,0.0,0.0,0.0,0.0,0.0,0.0,0.0
50256,53,17,66.0,278.0,33.0,33.0,33.0,0.0,139.0,139.0,139.0,0.0,8062.0,13927.466,24135.0,3.0,48.0,48.0,0.0,48.0,48.0,3.0,3.0,0.0,3.0,3.0,0,0,0,0,33.0,139.0,0,0,0,0,0,0,0,0,1.0,94.25,33.0,139.0,0,0,0,0,0,0,2,66,2,278,-1,-1,1,32,0.0,0.0,0.0,0.0,0.0,0.0,0.0,0.0
53863,53,17,70.0,326.0,35.0,35.0,35.0,0.0,163.0,163.0,163.0,0.0,10380.0,17958.799,31193.0,3.0,3.0,3.0,0.0,3.0,3.0,48.0,48.0,0.0,48.0,48.0,0,0,0,0,35.0,163.0,0,0,0,0,0,0,0,0,1.0,107.75,35.0,163.0,0,0,0,0,0,0,2,70,2,326,-1,-1,1,32,0.0,0.0,0.0,0.0,0.0,0.0,0.0,0.0
20607,53,17,94.0,256.0,47.0,47.0,47.0,0.0,128.0,128.0,128.0,0.0,90.66,150.243,260.0,1.0,1.0,1.0,0.0,1.0,1.0,2.0,2.0,0.0,2.0,2.0,0,0,0,0,47.0,128.0,0,0,0,0,0,0,0,0,1.0,99.25,47.0,128.0,0,0,0,0,0,0,2,94,2,256,-1,-1,1,40,0.0,0.0,0.0,0.0,0.0,0.0,0.0,0.0
5507,443,6,1455.0,4727.0,638.0,0.0,168.2143,262.3923,1584.0,0.0,668.5,717.1709,5733677.05,19439636.953,45007419.0,197.0,90249286.0,11837044.33,23769399.808,45030170.0,224.0,90206393.0,10020419.42,12124894.934,45037602.0,318.0,0,0,0,0,0.0,1584.0,0,0,0,1,0,0,0,0,1.0,425.05,168.2143,668.5,0,0,0,0,0,0,7,1455,8,4727,8192,119,6,20,128600.0,167433.107,236460.0,16598.0,45005701.0,390.076,45007411.0,44992204.0
64835,53,17,50.0,88.0,25.0,25.0,25.0,0.0,44.0,44.0,44.0,0.0,50.0,84.906,143.0,3.0,3.0,3.0,0.0,3.0,3.0,4.0,4.0,0.0,4.0,4.0,0,0,0,0,25.0,44.0,0,0,0,0,0,0,0,0,1.0,38.75,25.0,44.0,0,0,0,0,0,0,2,50,2,88,-1,-1,1,20,0.0,0.0,0.0,0.0,0.0,0.0,0.0,0.0
49614,443,6,1264.0,7326.0,730.0,0.0,125.25,268.7864,2546.0,0.0,818.6,1012.2633,634105.33,2003382.949,8712696.0,9.0,9124143.0,1209959.28,3324911.903,8712696.0,204.0,186816.0,29435.55,47482.927,75119.0,54.0,0,0,0,0,0.0,2546.0,0,0,0,1,0,0,0,0,0.0,475.17,125.25,818.6,0,0,0,0,0,0,12,1264,10,7326,8192,297,11,20,0.0,0.0,0.0,0.0,0.0,0.0,0.0,0.0
62377,53,17,116.0,254.0,58.0,58.0,58.0,0.0,127.0,127.0,127.0,0.0,2215195.66,3426619.249,5645584.0,30518.0,5745570.0,5745570.0,0.0,5745570.0,5745570.0,5645652.0,5648652.0,0.0,5645652.0,5645652.0,0,0,0,0,58.0,127.0,0,0,0,0,0,0,0,0,1.0,105.0,58.0,127.0,0,0,0,0,0,0,2,116,2,254,-1,-1,1,32,130498.0,0.0,130498.0,130498.0,5645562.0,0.0,5645582.0,5645562.0
52484,443,6,974.0,7387.0,469.0,0.0,64.9333,134.266,1581.0,0.0,738.7,750.4129,11670.22,24964.228,85790.0,1.0,322296.0,24535.64,17303.679,85940.0,1.0,256465.0,28272.77,37004.378,97473.0,2.0,0,0,0,0,0.0,1581.0,0,0,0,1,0,0,0,0,0.0,334.44,64.9333,738.7,0,0,0,0,0,0,15,974,10,7387,65535,357,6,32,0.0,0.0,0.0,0.0,0.0,0.0,0.0,0.0
6651,53,17,60.0,264.0,30.0,30.0,30.0,0.0,132.0,132.0,132.0,0.0,8014.0,13887.637,24035.0,3.0,4.0,4.0,0.0,4.0,4.0,3.0,3.0,0.0,3.0,3.0,0,0,0,0,30.0,132.0,0,0,0,0,0,0,0,0,1.0,88.5,30.0,132.0,0,0,0,0,0,0,2,60,2,264,-1,-1,1,32,0.0,0.0,0.0,0.0,0.0,0.0,0.0,0.0
55488,443,6,345.0,3007.0,209.0,0.0,59.1667,82.9229,1519.0,0.0,741.4,806.5066,12656.78,18909.721,40815.0,2.0,82446.0,20555.2,23377.272,40910.0,3.0,30699.0,8029.25,16683.508,22668.0,229.0,0,0,0,0,0.0,1519.0,0,0,0,1,0,0,0,0,0.0,316.5857,59.1667,741.4,0,0,0,0,0,0,6,345,5,3007,8192,60,5,20,0.0,0.0,0.0,0.0,0.0,0.0,0.0,0.0
54958,80,6,0.0,0.0,0.0,0.0,0.0,0.0,0.0,0.0,0.0,0.0,1801753.6,3198626.399,5589996.0,75.0,5500339.0,2700169.5,3868859.799,5589996.0,37310.0,0.0,0.0,0.0,0.0,0.0,0,0,0,0,0.0,0.0,0,0,0,1,0,0,0,0,0.0,0.0,0.0,0.0,0,0,0,0,0,0,3,0,1,0,29200,15580,0,32,0.0,0.0,0.0,0.0,0.0,0.0,0.0,0.0
51265,80,6,519.0,804.0,429.0,0.0,32.9167,109.7552,796.0,0.0,57.5714,212.2326,3982127.08,4878762.855,10028583.0,14.0,115604119.0,7700290.6,4189691.835,10051620.0,239.0,110566717.0,8506050.25,3769588.119,10052289.0,1842.0,0,0,0,0,0.0,796.0,0,0,0,1,0,0,0,0,0.0,47.3667,32.9167,57.5714,0,0,0,0,0,0,18,519,14,804,8192,288,17,20,25764.9,15799.843,47678.0,30860.0,10009260.09,1926.304,10028589.0,9997165.0
46299,53,17,66.0,210.0,33.0,33.0,33.0,0.0,105.0,105.0,105.0,0.0,10551.0,18201.289,31646.0,3.0,3.0,3.0,0.0,3.0,3.0,3.0,3.0,0.0,3.0,3.0,0,0,0,0,33.0,105.0,0,0,0,0,0,0,0,0,1.0,77.25,33.0,105.0,0,0,0,0,0,0,2,66,2,210,-1,-1,1,20,0.0,0.0,0.0,0.0,0.0,0.0,0.0,0.0
50933,53,17,62.0,202.0,31.0,31.0,31.0,0.0,101.0,101.0,101.0,0.0,59.0,95.066,171.0,3.0,3.0,3.0,0.0,3.0,3.0,4.0,4.0,0.0,4.0,4.0,0,0,0,0,31.0,101.0,0,0,0,0,0,0,0,0,1.0,73.75,31.0,101.0,0,0,0,0,0,0,2,62,2,202,-1,-1,1,32,0.0,0.0,0.0,0.0,0.0,0.0,0.0,0.0
443,52831,6,37.0,0.0,31.0,6.0,18.5,17.6777,0.0,0.0,0.0,0.0,3.0,0.0,3.0,3.0,3.0,3.0,0.0,3.0,3.0,0.0,0.0,0.0,0.0,0.0,1,0,0,0,6.0,31.0,0,1,0,0,1,0,0,0,0.0,34.0,18.5,0.0,0,0,0,0,0,0,2,37,0,0,946,-1,1,20,0.0,0.0,0.0,0.0,0.0,0.0,0.0,0.0
63657,80,6,670.0,92.0,666.0,0.0,139.5,298.6905,92.0,0.0,24.0,82.2289,814936.12,2016643.332,4999839.0,97.0,72469.0,34819.33,16286.573,30432.0,647.0,5089108.0,2589058.0,3326308.212,5009700.0,311.0,0,0,0,0,0.0,666.0,0,0,0,1,0,0,0,0,0.0,132.1429,139.5,24.0,0,0,0,0,0,0,4,670,3,92,8192,62,3,20,0.0,0.0,0.0,0.0,0.0,0.0,0.0,0.0
64096,80,6,12.0,0.0,6.0,6.0,6.0,0.0,0.0,0.0,0.0,0.0,125.0,0.0,125.0,125.0,125.0,125.0,0.0,125.0,125.0,0.0,0.0,0.0,0.0,0.0,0,0,0,0,6.0,6.0,0,0,0,0,1,0,0,0,0.0,9.0,6.0,0.0,0,0,0,0,0,0,2,12,0,0,16264,-1,1,20,0.0,0.0,0.0,0.0,0.0,0.0,0.0,0.0
443,56352,6,31.0,6.0,31.0,0.0,15.5,21.9203,6.0,6.0,6.0,0.0,39.0,49.896,75.0,3.0,3.0,3.0,0.0,3.0,3.0,0.0,0.0,0.0,0.0,0.0,1,0,0,0,0.0,31.0,0,1,0,0,1,0,0,0,0.0,22.6667,15.5,6.0,0,0,0,0,0,0,2,31,1,6,1699,0,0,32,0.0,0.0,0.0,0.0,0.0,0.0,0.0,0.0
57724,53,17,68.0,100.0,34.0,34.0,34.0,0.0,50.0,50.0,50.0,0.0,69957.33,119824.175,199867.0,3.0,47.0,47.0,0.0,47.0,47.0,3.0,3.0,0.0,3.0,3.0,0,0,0,0,34.0,50.0,0,0,0,0,0,0,0,0,1.0,50.5,34.0,50.0,0,0,0,0,0,0,2,68,2,100,-1,-1,1,32,0.0,0.0,0.0,0.0,0.0,0.0,0.0,0.0
44312,80,6,0.0,0.0,0.0,0.0,0.0,0.0,0.0,0.0,0.0,0.0,1723440.0,2978616.917,5145563.0,67.0,166375.0,166375.0,0.0,166375.0,166375.0,5236793.0,5236793.0,0.0,5236793.0,5236793.0,0,0,0,0,0.0,0.0,0,0,0,1,0,0,0,0,1.0,0.0,0.0,0.0,0,0,0,0,0,0,2,0,2,0,29200,192,0,32,0.0,0.0,0.0,0.0,0.0,0.0,0.0,0.0
53614,53,17,82.0,648.0,41.0,41.0,41.0,0.0,324.0,324.0,324.0,0.0,10419.33,18080.38,31201.0,4.0,48.0,48.0,0.0,48.0,48.0,4.0,4.0,0.0,4.0,4.0,0,0,0,0,41.0,324.0,0,0,0,0,0,0,0,0,1.0,192.75,41.0,324.0,0,0,0,0,0,0,2,82,2,648,-1,-1,1,20,0.0,0.0,0.0,0.0,0.0,0.0,0.0,0.0
59227,443,6,12.0,0.0,6.0,6.0,6.0,0.0,0.0,0.0,0.0,0.0,264.0,0.0,264.0,264.0,264.0,264.0,0.0,264.0,264.0,0.0,0.0,0.0,0.0,0.0,0,0,0,0,6.0,6.0,0,0,0,0,1,0,0,0,0.0,9.0,6.0,0.0,0,0,0,0,0,0,2,12,0,0,254,-1,1,20,0.0,0.0,0.0,0.0,0.0,0.0,0.0,0.0
58256,80,6,305.0,447.0,305.0,0.0,61.0,130.5895,445.0,0.0,182.5,319.9144,6252.42,10293.023,23341.0,12.0,24550.0,14285.5,13951.449,24263.0,329.0,24069.0,8026.0,13932.294,23884.0,1574.0,0,0,0,0,0.0,445.0,0,0,0,1,0,0,0,0,0.0,107.25,61.0,182.5,0,0,0,0,0,0,5,305,4,447,65535,118,1,32,0.0,0.0,0.0,0.0,0.0,0.0,0.0,0.0
54607,21,6,6.0,12.0,6.0,6.0,6.0,0.0,6.0,6.0,6.0,0.0,24.5,35.755,49.0,1.0,0.0,0.0,0.0,0.0,0.0,49.0,49.0,0.0,49.0,49.0,0,0,0,0,6.0,6.0,0,0,0,0,1,1,0,0,2.0,8.0,6.0,6.0,0,0,0,0,0,0,1,6,2,12,255,229,0,20,0.0,0.0,0.0,0.0,0.0,0.0,0.0,0.0
443,44957,6,0.0,0.0,0.0,0.0,0.0,0.0,0.0,0.0,0.0,0.0,64.0,0.0,64.0,64.0,0.0,0.0,0.0,0.0,0.0,0.0,0.0,0.0,0.0,0.0,0,0,0,0,0.0,0.0,0,0,0,0,1,1,0,0,1.0,0.0,0.0,0.0,0,0,0,0,0,0,1,0,1,0,371,331,0,32,0.0,0.0,0.0,0.0,0.0,0.0,0.0,0.0
63291,443,6,974.0,7387.0,469.0,0.0,64.9333,134.266,1581.0,0.0,671.5455,745.9321,14072.77,24221.521,92689.0,1.0,385273.0,20519.07,30063.033,116141.0,1.0,212618.0,24973.4,38722.256,91506.0,2.0,0,0,0,0,0.0,1581.0,0,0,0,1,0,0,0,0,0.0,321.5769,64.9333,671.5455,0,0,0,0,0,0,15,974,11,7387,65535,179,6,32,0.0,0.0,0.0,0.0,0.0,0.0,0.0,0.0
39803,80,6,0.0,0.0,0.0,0.0,0.0,0.0,0.0,0.0,0.0,0.0,59333.0,0.0,59333.0,59333.0,0.0,0.0,0.0,0.0,0.0,0.0,0.0,0.0,0.0,0.0,0,0,0,0,0.0,0.0,0,0,0,0,1,1,0,0,1.0,0.0,0.0,0.0,0,0,0,0,0,0,1,0,1,0,237,974,0,32,0.0,0.0,0.0,0.0,0.0,0.0,0.0,0.0
51207,443,6,0.0,0.0,0.0,0.0,0.0,0.0,0.0,0.0,0.0,0.0,16665790.86,22544394.278,30021990.0,280.0,60171558.0,10035789.0,15172724.25,30041995.0,394.0,0.0,0.0,0.0,0.0,0.0,0,0,0,0,0.0,0.0,0,0,0,1,0,0,0,0,0.0,0.0,0.0,0.0,0,0,0,0,0,0,7,0,0,0,29200,-1,0,40,0.0,0.0,0.0,0.0,10000000.0,0.0,0.0,0.0
57170,443,6,1054.0,807.0,517.0,0.0,138.8571,227.1569,606.0,0.0,130.0,231.6427,217294.43,1058249.581,3129465.0,22.0,355635.0,71473.5,67583.267,128292.0,159.0,3237873.0,780967.66,1622055.55,3129372.0,362.0,0,0,0,0,0.0,606.0,0,0,0,1,0,0,0,0,1.0,143.5824,138.8571,130.0,0,0,0,0,0,0,7,1054,7,807,29200,131,3,32,0.0,0.0,0.0,0.0,0.0,0.0,0.0,0.0
60339,53,17,74.0,106.0,37.0,37.0,37.0,0.0,53.0,53.0,53.0,0.0,16477.66,28436.811,49428.0,3.0,48.0,48.0,0.0,48.0,48.0,3.0,3.0,0.0,3.0,3.0,0,0,0,0,37.0,53.0,0,0,0,0,0,0,0,0,1.0,54.25,37.0,53.0,0,0,0,0,0,0,2,74,2,106,-1,-1,1,20,0.0,0.0,0.0,0.0,0.0,0.0,0.0,0.0
50064,443,6,958.0,339.0,775.0,0.0,141.8,289.1709,181.0,0.0,62.8,90.9232,87040.85,208425.706,784711.0,33.0,845932.0,91196.55,213346.844,787890.0,113.0,101797.0,20299.75,14248.973,44710.0,391.0,0,0,0,0,0.0,775.0,0,0,0,1,0,0,0,0,0.0,105.1111,141.8,62.8,0,0,0,0,0,0,5,958,5,339,65535,68,4,32,0.0,0.0,0.0,0.0,0.0,0.0,0.0,0.0
40156,53,17,104.0,352.0,52.0,52.0,52.0,0.0,176.0,176.0,176.0,0.0,71.66,111.513,208.0,3.0,3.0,3.0,0.0,3.0,3.0,3.0,3.0,0.0,3.0,3.0,0,0,0,0,52.0,176.0,0,0,0,0,0,0,0,0,1.0,127.0,52.0,176.0,0,0,0,0,0,0,2,104,2,352,-1,-1,1,32,0.0,0.0,0.0,0.0,0.0,0.0,0.0,0.0
65497,443,6,12.0,0.0,6.0,6.0,6.0,0.0,0.0,0.0,0.0,0.0,3.0,0.0,3.0,3.0,3.0,3.0,0.0,3.0,3.0,0.0,0.0,0.0,0.0,0.0,0,0,0,0,6.0,6.0,1,0,0,0,0,0,0,0,0.0,9.0,6.0,0.0,0,0,0,0,0,0,2,12,0,0,0,-1,1,20,0.0,0.0,0.0,0.0,0.0,0.0,0.0,0.0
52971,443,6,1136.0,1167.0,885.0,0.0,113.6,275.3613,1029.0,0.0,233.4,448.7503,20656.92,35959.98,87835.0,46.0,286102.0,31685.44,43002.734,89509.0,49.0,192079.0,48234.75,49393.719,88782.0,215.0,0,0,0,0,0.0,1029.0,0,0,0,1,0,0,0,0,0.0,153.5333,113.6,233.4,0,0,0,0,0,0,10,1136,5,1167,65535,116,5,32,0.0,0.0,0.0,0.0,0.0,0.0,0.0,0.0
41574,443,6,12.0,0.0,6.0,6.0,6.0,0.0,0.0,0.0,0.0,0.0,148.0,0.0,148.0,148.0,148.0,148.0,0.0,148.0,148.0,0.0,0.0,0.0,0.0,0.0,0,0,0,0,6.0,6.0,0,0,0,0,1,0,0,0,0.0,9.0,6.0,0.0,0,0,0,0,0,0,2,12,0,0,253,-1,1,20,0.0,0.0,0.0,0.0,0.0,0.0,0.0,0.0
80,60471,6,6.0,6.0,6.0,6.0,6.0,0.0,6.0,6.0,6.0,0.0,21.0,0.0,21.0,21.0,0.0,0.0,0.0,0.0,0.0,0.0,0.0,0.0,0.0,0.0,0,0,0,0,6.0,6.0,0,0,0,0,1,1,0,0,1.0,9.0,6.0,6.0,0,0,0,0,0,0,1,6,1,6,58,256,0,20,0.0,0.0,0.0,0.0,0.0,0.0,0.0,0.0
29573,53,17,68.0,250.0,34.0,34.0,34.0,0.0,125.0,125.0,125.0,0.0,22035.33,38148.189,66199.0,3.0,3.0,3.0,0.0,3.0,3.0,48.0,48.0,0.0,48.0,48.0,0,0,0,0,34.0,125.0,0,0,0,0,0,0,0,0,1.0,88.0,34.0,125.0,0,0,0,0,0,0,2,68,2,250,-1,-1,1,32,0.0,0.0,0.0,0.0,0.0,0.0,0.0,0.0
32459,53,17,60.0,464.0,30.0,30.0,30.0,0.0,232.0,232.0,232.0,0.0,80.66,134.767,236.0,3.0,3.0,3.0,0.0,3.0,3.0,3.0,3.0,0.0,3.0,3.0,0,0,0,0,30.0,232.0,0,0,0,0,0,0,0,0,1.0,138.5,30.0,232.0,0,0,0,0,0,0,2,60,2,464,-1,-1,1,32,0.0,0.0,0.0,0.0,0.0,0.0,0.0,0.0
443,53492,6,37.0,0.0,31.0,6.0,18.5,17.6777,0.0,0.0,0.0,0.0,3.0,0.0,3.0,3.0,3.0,3.0,0.0,3.0,3.0,0.0,0.0,0.0,0.0,0.0,1,0,0,0,6.0,31.0,0,1,0,0,1,0,0,0,0.0,34.0,18.5,0.0,0,0,0,0,0,0,2,37,0,0,16,-1,1,20,0.0,0.0,0.0,0.0,0.0,0.0,0.0,0.0
21745,53,17,64.0,158.0,32.0,32.0,32.0,0.0,79.0,79.0,79.0,0.0,51.66,81.026,148.0,1.0,1.0,1.0,0.0,1.0,1.0,1.0,1.0,0.0,1.0,1.0,0,0,0,0,32.0,79.0,0,0,0,0,0,0,0,0,1.0,63.5,32.0,79.0,0,0,0,0,0,0,2,64,2,158,-1,-1,1,32,0.0,0.0,0.0,0.0,0.0,0.0,0.0,0.0
56902,465,6,6250.0,3232.0,150.0,0.0,201.5,1.3882,316.0,316.0,316.0,0.0,1090318.65,3077922.377,16519493.0,3.0,110660692.0,1374349.52,3679595.777,16519493.0,103.0,111000499.0,2522429.76,4776049.634,16510244.0,3.0,1,0,0,0,0.0,350.0,0,1,0,0,1,0,0,0,0.0,245.5371,201.5,316.0,0,0,0,0,0,0,44,6250,40,3232,290,2076,12,32,30412.36,1716.835,77648.0,630.0,15526080.54,6749398.269,16519497.0,15312581.0
443,49470,6,37.0,0.0,37.0,0.0,18.5,26.163,0.0,0.0,0.0,0.0,1.0,0.0,1.0,1.0,1.0,1.0,0.0,1.0,1.0,0.0,0.0,0.0,0.0,0.0,1,0,0,0,0.0,37.0,0,1,0,0,1,0,0,0,0.0,37.0,18.5,0.0,0,0,0,0,0,0,2,37,0,0,972,-1,0,32,0.0,0.0,0.0,0.0,0.0,0.0,0.0,0.0
55238,80,6,12.0,0.0,6.0,6.0,6.0,0.0,0.0,0.0,0.0,0.0,54.0,0.0,54.0,54.0,54.0,54.0,0.0,54.0,54.0,0.0,0.0,0.0,0.0,0.0,0,0,0,0,6.0,6.0,0,0,0,0,1,0,0,0,0.0,9.0,6.0,0.0,0,0,0,0,0,0,2,12,0,0,63968,-1,1,20,0.0,0.0,0.0,0.0,0.0,0.0,0.0,0.0
64882,53,17,180.0,226.0,45.0,45.0,45.0,0.0,113.0,113.0,113.0,0.0,22325.0,37035.887,61935.0,3.0,61010.0,20306.33,35113.683,61005.0,3.0,3.0,3.0,0.0,3.0,3.0,0,0,0,0,45.0,113.0,0,0,0,0,0,0,0,0,0.0,75.8333,45.0,113.0,0,0,0,0,0,0,4,180,2,226,-1,-1,3,20,0.0,0.0,0.0,0.0,0.0,0.0,0.0,0.0
51803,443,6,2429.0,5229.0,2173.0,0.0,327.625,844.0475,1708.0,0.0,594.9091,763.9621,430969.38,1421652.373,5438205.0,3.0,6150603.0,761025.14,977067.904,5437245.0,48.0,5950984.0,962117.33,2019580.181,5624711.0,3.0,0,0,0,0,0.0,2173.0,0,0,0,1,0,0,0,0,0.0,472.05,327.625,594.9091,0,0,0,0,0,0,8,2429,11,5229,8192,25460,7,20,515898.0,0.0,515898.0,515898.0,5438254.0,0.0,5438254.0,5438254.0
65573,53,17,204.0,106.0,34.0,34.0,34.0,0.0,53.0,53.0,53.0,0.0,648659.6,1702737.917,5661025.0,1.0,5041026.0,1294309.71,2467805.159,5001012.0,1.0,5877356.0,1232812.66,2903773.765,5652390.0,1.0,0,0,0,0,34.0,53.0,0,0,0,0,0,0,0,0,1.0,46.75,34.0,53.0,0,0,0,0,0,0,6,204,4,106,-1,-1,5,20,176.0,0.0,176.0,176.0,5661008.0,0.0,5661008.0,5661008.0
64292,443,6,37.0,0.0,37.0,0.0,9.25,18.5,0.0,0.0,0.0,0.0,19120897.66,28283243.485,34152694.0,2.0,34153695.0,34151561.66,23883214.819,34152694.0,2.0,0.0,0.0,0.0,0.0,0.0,0,0,0,0,0.0,37.0,0,0,0,0,1,0,0,0,0.0,9.25,9.25,0.0,0,0,0,0,0,0,4,37,0,0,33285,-1,1,32,0.0,0.0,0.0,0.0,0.0,0.0,0.0,0.0
123,123,17,48.0,48.0,48.0,48.0,48.0,0.0,48.0,48.0,48.0,0.0,94759.0,0.0,94759.0,94759.0,0.0,0.0,0.0,0.0,0.0,0.0,0.0,0.0,0.0,0.0,0,0,0,0,48.0,48.0,0,0,0,0,0,0,0,0,1.0,72.0,48.0,48.0,0,0,0,0,0,0,1,48,1,48,-1,-1,0,20,0.0,0.0,0.0,0.0,0.0,0.0,0.0,0.0
443,54486,6,37.0,0.0,37.0,0.0,18.5,26.163,0.0,0.0,0.0,0.0,3.0,0.0,3.0,3.0,3.0,3.0,0.0,3.0,3.0,0.0,0.0,0.0,0.0,0.0,1,0,0,0,0.0,37.0,0,1,0,0,1,0,0,0,0.0,37.0,18.5,0.0,0,0,0,0,0,0,2,37,0,0,114,-1,0,32,0.0,0.0,0.0,0.0,0.0,0.0,0.0,0.0
62775,53,17,43.0,277.0,43.0,43.0,43.0,0.0,277.0,277.0,277.0,0.0,140751.0,0.0,140751.0,140751.0,0.0,0.0,0.0,0.0,0.0,0.0,0.0,0.0,0.0,0.0,0,0,0,0,43.0,277.0,0,0,0,0,0,0,0,0,1.0,181.5,43.0,277.0,0,0,0,0,0,0,1,43,1,277,-1,-1,0,32,0.0,0.0,0.0,0.0,0.0,0.0,0.0,0.0
60681,443,6,12.0,0.0,6.0,6.0,6.0,0.0,0.0,0.0,0.0,0.0,999463.0,0.0,999463.0,999463.0,999463.0,999463.0,0.0,999463.0,999463.0,0.0,0.0,0.0,0.0,0.0,0,0,0,0,6.0,6.0,0,0,0,0,1,0,0,0,0.0,9.0,6.0,0.0,0,0,0,0,0,0,2,12,0,0,16314,-1,1,20,0.0,0.0,0.0,0.0,0.0,0.0,0.0,0.0
56124,53,17,164.0,488.0,41.0,41.0,41.0,0.0,122.0,122.0,122.0,0.0,4479.71,11511.902,30705.0,1.0,31734.0,10544.0,18184.815,31730.0,1.0,384.0,124.66,223.519,385.0,48.0,0,0,0,0,41.0,122.0,0,0,0,0,0,0,0,0,1.0,85.375,41.0,122.0,0,0,0,0,0,0,4,164,4,488,-1,-1,3,20,0.0,0.0,0.0,0.0,0.0,0.0,0.0,0.0
51144,443,6,0.0,0.0,0.0,0.0,0.0,0.0,0.0,0.0,0.0,0.0,107.0,0.0,107.0,107.0,107.0,107.0,0.0,107.0,107.0,0.0,0.0,0.0,0.0,0.0,0,0,0,0,0.0,0.0,0,0,0,0,1,0,0,0,0.0,0.0,0.0,0.0,0,0,0,0,0,0,2,0,0,0,343,-1,0,32,0.0,0.0,0.0,0.0,0.0,0.0,0.0,0.0
443,49390,6,0.0,0.0,0.0,0.0,0.0,0.0,0.0,0.0,0.0,0.0,49.0,0.0,49.0,49.0,0.0,0.0,0.0,0.0,0.0,0.0,0.0,0.0,0.0,0.0,0,0,0,0,0.0,0.0,0,0,0,0,1,0,0,0,1.0,0.0,0.0,0.0,0,0,0,0,0,0,1,0,1,0,357,32832,0,32,0.0,0.0,0.0,0.0,0.0,0.0,0.0,0.0
54759,53,17,88.0,206.0,44.0,44.0,44.0,0.0,103.0,103.0,103.0,0.0,16191.0,27959.7,48562.0,3.0,3.0,3.0,0.0,3.0,3.0,3.0,3.0,0.0,3.0,3.0,0,0,0,0,44.0,103.0,0,0,0,0,0,0,0,0,1.0,84.5,44.0,103.0,0,0,0,0,0,0,2,88,2,206,-1,-1,1,20,0.0,0.0,0.0,0.0,0.0,0.0,0.0,0.0
32371,53,17,68.0,158.0,34.0,34.0,34.0,0.0,79.0,79.0,79.0,0.0,10295.66,17728.801,30882.0,4.0,4.0,4.0,0.0,4.0,4.0,4.0,4.0,0.0,4.0,4.0,0,0,0,0,34.0,79.0,0,0,0,0,0,0,0,0,1.0,65.0,34.0,79.0,0,0,0,0,0,0,2,68,2,158,-1,-1,1,20,0.0,0.0,0.0,0.0,0.0,0.0,0.0,0.0
35174,53,17,68.0,182.0,34.0,34.0,34.0,0.0,91.0,91.0,91.0,0.0,10341.33,17917.427,31018.0,3.0,3.0,3.0,0.0,3.0,3.0,3.0,3.0,0.0,3.0,3.0,0,0,0,0,34.0,91.0,0,0,0,0,0,0,0,0,1.0,71.0,34.0,91.0,0,0,0,0,0,0,2,68,2,182,-1,-1,1,32,0.0,0.0,0.0,0.0,0.0,0.0,0.0,0.0
137,137,17,650.0,0.0,50.0,50.0,50.0,0.0,0.0,0.0,0.0,0.0,1.83,2.725,5.0,1.0,20.0,1.0,2.997,5.0,1.0,0.0,0.0,0.0,0.0,0.0,0,0,0,0,50.0,50.0,0,0,0,0,0,0,0,0,0.0,53.8462,50.0,0.0,0,0,0,0,0,0,13,650,0,0,-1,-1,12,32,0.0,0.0,0.0,0.0,0.0,0.0,0.0,0.0
55016,443,6,12.0,0.0,6.0,6.0,6.0,0.0,0.0,0.0,0.0,0.0,3.0,0.0,3.0,3.0,3.0,3.0,0.0,3.0,3.0,0.0,0.0,0.0,0.0,0.0,0,0,0,0,6.0,6.0,1,0,0,0,0,0,0,0,0.0,9.0,6.0,0.0,0,0,0,0,0,0,2,12,0,0,0,-1,1,20,0.0,0.0,0.0,0.0,0.0,0.0,0.0,0.0
40346,443,6,1448.0,200852.0,341.0,0.0,37.3565,104.5912,4344.0,0.0,1800.025,922.5963,859632.25,2723591.304,10025052.0,1.0,116110432.0,2125647.61,4130410.604,10048030.0,1.0,111126176.0,1607820.34,3306284.743,10048292.0,1.0,0,0,0,0,0.0,4344.0,0,0,0,1,0,0,0,0,2.0,1212.043,37.3565,1800.025,0,0,0,0,0,0,56,1448,208,200852,29200,1086,6,32,118722.36,315650.712,1032145.0,19779.0,9628253.91,1363988.419,10025052.0,5697896.0
63553,443,6,974.0,7387.0,469.0,0.0,64.9333,134.266,1581.0,0.0,671.5455,745.9321,12281.53,24848.595,91217.0,2.0,303728.0,25628.78,31716.535,91318.0,3.0,249347.0,25370.0,43826.349,99501.0,2.0,0,0,0,0,0.0,1581.0,0,0,0,1,0,0,0,0,0.0,321.5769,64.9333,671.5455,0,0,0,0,0,0,15,974,11,7387,65535,357,6,32,0.0,0.0,0.0,0.0,0.0,0.0,0.0,0.0
443,53372,6,43.0,0.0,31.0,6.0,14.3333,14.4338,0.0,0.0,0.0,0.0,391.0,454.658,603.0,2.0,682.0,341.0,332.294,603.0,2.0,0.0,0.0,0.0,0.0,0.0,0,0,0,0,6.0,31.0,0,0,0,0,1,0,0,0,0.0,16.3333,14.3333,0.0,0,0,0,0,0,0,3,43,0,0,946,-1,2,20,0.0,0.0,0.0,0.0,0.0,0.0,0.0,0.0
53965,53,17,64.0,96.0,32.0,32.0,32.0,0.0,48.0,48.0,48.0,0.0,48.33,75.523,138.0,3.0,4.0,4.0,0.0,4.0,4.0,3.0,3.0,0.0,3.0,3.0,0,0,0,0,32.0,48.0,0,0,0,0,0,0,0,0,1.0,48.0,32.0,48.0,0,0,0,0,0,0,2,64,2,96,-1,-1,1,20,0.0,0.0,0.0,0.0,0.0,0.0,0.0,0.0
5755,5719,17,1384.0,0.0,74.0,74.0,74.0,0.0,0.0,0.0,0.0,0.0,1.57,1.433,6.0,1.0,29.0,1.58,1.778,6.0,1.0,0.0,0.0,0.0,0.0,0.0,0,0,0,0,74.0,74.0,0,0,0,0,0,0,0,0,0.0,73.0769,74.0,0.0,0,0,0,0,0,0,36,1384,0,0,-1,-1,25,20,0.0,0.0,0.0,0.0,0.0,0.0,0.0,0.0
45610,53,17,100.0,444.0,50.0,50.0,50.0,0.0,222.0,222.0,222.0,0.0,20206.66,35039.402,60619.0,3.0,47.0,47.0,0.0,47.0,47.0,3.0,3.0,0.0,3.0,3.0,0,0,0,0,50.0,222.0,0,0,0,0,0,0,0,0,1.0,146.5,50.0,222.0,0,0,0,0,0,0,2,100,2,444,-1,-1,1,20,0.0,0.0,0.0,0.0,0.0,0.0,0.0,0.0
80,42279,6,0.0,0.0,0.0,0.0,0.0,0.0,0.0,0.0,0.0,0.0,62.0,0.0,62.0,62.0,0.0,0.0,0.0,0.0,0.0,0.0,0.0,0.0,0.0,0.0,0,0,0,0,0.0,0.0,0,0,0,0,1,1,0,0,1.0,0.0,0.0,0.0,0,0,0,0,0,0,1,0,1,0,227,253,0,32,0.0,0.0,0.0,0.0,0.0,0.0,0.0,0.0
63413,53,17,82.0,254.0,41.0,41.0,41.0,0.0,127.0,127.0,127.0,0.0,10389.33,17950.871,31156.0,3.0,3.0,3.0,0.0,3.0,3.0,3.0,3.0,0.0,3.0,3.0,0,0,0,0,41.0,127.0,0,0,0,0,0,0,0,0,1.0,94.25,41.0,127.0,0,0,0,0,0,0,2,82,2,254,-1,-1,1,20,0.0,0.0,0.0,0.0,0.0,0.0,0.0,0.0
35308,443,6,1185.0,114722.0,402.0,0.0,23.7619,76.0058,2860.0,0.0,1271.9413,593.3619,697495.03,2492806.184,9998058.0,1.0,116843291.0,1381588.6,3410198.205,10023044.0,3.0,111477414.0,1110829.0,3115608.287,10025992.0,1.0,0,0,0,0,0.0,2860.0,0,0,0,1,0,0,0,0,1.0,813.9757,23.7619,1271.9413,0,0,0,0,0,0,75,1185,75,114722,29200,60,74,20,129448.0,290661.424,997347.0,16616.0,9632777.44,1321672.839,9998050.0,5079111.0
52107,53,17,80.0,112.0,40.0,40.0,40.0,0.0,56.0,56.0,56.0,0.0,66.0,77.964,146.0,3.0,48.0,48.0,0.0,48.0,48.0,3.0,3.0,0.0,3.0,3.0,0,0,0,0,40.0,56.0,0,0,0,0,0,0,0,0,1.0,58.0,40.0,56.0,0,0,0,0,0,0,2,80,2,112,-1,-1,1,20,0.0,0.0,0.0,0.0,0.0,0.0,0.0,0.0
12908,53,17,86.0,174.0,43.0,43.0,43.0,0.0,87.0,87.0,87.0,0.0,10246.66,17745.255,30734.0,3.0,4.0,4.0,0.0,4.0,4.0,3.0,3.0,0.0,3.0,3.0,0,0,0,0,43.0,87.0,0,0,0,0,0,0,0,0,1.0,75.75,43.0,87.0,0,0,0,0,0,0,2,86,2,174,-1,-1,1,32,0.0,0.0,0.0,0.0,0.0,0.0,0.0,0.0
443,60910,6,0.0,0.0,0.0,0.0,0.0,0.0,0.0,0.0,0.0,0.0,52.0,48.593,93.0,4.0,4.0,4.0,0.0,4.0,4.0,0.0,0.0,0.0,0.0,0.0,0,0,0,0,0.0,0.0,0,0,0,0,1,1,0,0,0.0,0.0,0.0,0.0,0,0,0,0,0,0,2,0,1,0,362,32832,0,32,0.0,0.0,0.0,0.0,0.0,0.0,0.0,0.0
80,53865,6,0.0,0.0,0.0,0.0,0.0,0.0,0.0,0.0,0.0,0.0,39.0,0.0,39.0,39.0,0.0,0.0,0.0,0.0,0.0,0.0,0.0,0.0,0.0,0.0,0,0,0,0,0.0,0.0,0,0,0,0,1,1,0,0,1.0,0.0,0.0,0.0,0,0,0,0,0,0,1,0,1,0,939,329,0,32,0.0,0.0,0.0,0.0,0.0,0.0,0.0,0.0
41687,443,6,775.0,8526.0,411.0,0.0,89.875,154.5217,1576.0,0.0,760.2143,712.7825,1175368.88,3336588.3,10000232.0,48.0,20191750.0,1229853.28,4047988.49,10028087.0,341.0,21094683.0,2344776.76,4445126.392,10026205.0,48.0,0,0,0,0,0.0,1576.0,0,0,0,1,0,0,0,0,1.0,485.5978,89.875,760.2143,0,0,0,0,0,0,8,775,14,8526,29200,223,3,32,189767.0,0.0,189767.0,189767.0,10000284.0,0.0,10000234.0,10000284.0
62291,53,17,55.0,342.0,55.0,55.0,55.0,0.0,342.0,342.0,342.0,0.0,137018.0,0.0,137018.0,137018.0,0.0,0.0,0.0,0.0,0.0,0.0,0.0,0.0,0.0,0.0,0,0,0,0,55.0,342.0,0,0,0,0,0,0,0,0,1.0,226.0,55.0,342.0,0,0,0,0,0,0,1,55,1,342,-1,-1,0,20,0.0,0.0,0.0,0.0,0.0,0.0,0.0,0.0
57176,53,17,92.0,284.0,46.0,46.0,46.0,0.0,142.0,142.0,142.0,0.0,68.33,77.377,153.0,3.0,48.0,48.0,0.0,48.0,48.0,3.0,3.0,0.0,3.0,3.0,0,0,0,0,46.0,142.0,0,0,0,0,0,0,0,0,1.0,105.5,46.0,142.0,0,0,0,0,0,0,2,92,2,284,-1,-1,1,20,0.0,0.0,0.0,0.0,0.0,0.0,0.0,0.0
33723,443,6,2015.0,21685.0,517.0,0.0,171.3636,234.8808,2390.0,0.0,1121.375,849.699,123070.52,859017.648,4985755.0,2.0,4071108.0,223651.7,1338817.697,4984758.0,135.0,4000338.0,437237.34,534562.456,4932709.0,2.0,0,0,0,0,0.0,2390.0,0,0,0,1,0,0,0,0,1.0,758.2667,171.3636,1121.375,0,0,0,0,0,0,11,2015,18,21685,29200,31,5,32,0.0,0.0,0.0,0.0,0.0,0.0,0.0,0.0
59569,443,6,573.0,237.0,517.0,0.0,114.1429,224.7898,168.0,0.0,59.6667,84.7788,144406.62,489471.927,1160971.0,55.0,1267621.0,334662.83,828497.36,1162921.0,192.0,162791.0,46970.5,41524.793,87368.0,456.0,0,0,0,0,0.0,517.0,0,0,0,1,0,0,0,0,0.0,80.0,114.1429,59.6667,0,0,0,0,0,0,7,573,3,237,8192,23,6,20,0.0,0.0,0.0,0.0,0.0,0.0,0.0,0.0
63541,443,6,12.0,37.0,6.0,6.0,6.0,0.0,37.0,0.0,18.5,26.163,11489.75,16783.333,34919.0,3.0,3.0,3.0,0.0,3.0,3.0,54930.0,54930.0,0.0,54930.0,54930.0,0,0,0,0,0.0,37.0,1,0,0,0,0,0,0,0,1.0,13.75,6.0,18.5,0,0,0,0,0,0,2,12,2,37,0,65,1,20,0.0,0.0,0.0,0.0,0.0,0.0,0.0,0.0
58446,443,6,12.0,0.0,6.0,6.0,6.0,0.0,0.0,0.0,0.0,0.0,4.0,0.0,4.0,4.0,4.0,4.0,0.0,4.0,4.0,0.0,0.0,0.0,0.0,0.0,0,0,0,0,6.0,6.0,1,0,0,0,0,0,0,0,0.0,9.0,6.0,0.0,0,0,0,0,0,0,2,12,0,0,0,-1,1,20,0.0,0.0,0.0,0.0,0.0,0.0,0.0,0.0
443,56894,6,6.0,6.0,6.0,6.0,6.0,0.0,6.0,6.0,6.0,0.0,16.0,0.0,16.0,16.0,0.0,0.0,0.0,0.0,0.0,0.0,0.0,0.0,0.0,0.0,0,0,0,0,6.0,6.0,0,0,0,0,1,1,0,0,1.0,9.0,6.0,6.0,0,0,0,0,0,0,1,6,1,6,31013,16363,0,20,0.0,0.0,0.0,0.0,0.0,0.0,0.0,0.0
44268,80,6,0.0,0.0,0.0,0.0,0.0,0.0,0.0,0.0,0.0,0.0,29511.0,0.0,29511.0,29511.0,0.0,0.0,0.0,0.0,0.0,0.0,0.0,0.0,0.0,0.0,0,0,0,0,0.0,0.0,0,0,0,0,1,1,0,0,1.0,0.0,0.0,0.0,0,0,0,0,0,0,1,0,1,0,259,149,0,32,0.0,0.0,0.0,0.0,0.0,0.0,0.0,0.0
41480,443,6,1160.0,11676.0,750.0,0.0,76.75,197.3876,2390.0,0.0,774.1818,843.5293,3604.25,6328.646,15248.0,1.0,70470.0,7021.0,8527.971,26691.0,1.0,41702.0,2311.89,5685.041,15546.0,1.0,0,0,0,0,0.0,2390.0,0,0,0,1,0,0,0,0,0.0,385.975,76.75,774.1818,0,0,0,0,0,0,16,1160,13,11676,29200,32,6,32,0.0,0.0,0.0,0.0,0.0,0.0,0.0,0.0
49525,443,6,657.0,5040.0,205.0,0.0,40.7,66.6421,1418.0,0.0,508.3333,637.9065,12307.8,13371.086,34455.0,1.0,276683.0,25172.0,28695.292,77265.0,1.0,142062.0,15848.87,28337.085,58999.0,1.0,0,0,0,0,0.0,1418.0,0,0,0,1,0,0,0,0,0.0,239.2,40.7,508.3333,0,0,0,0,0,0,15,657,9,5040,29200,349,5,32,0.0,0.0,0.0,0.0,0.0,0.0,0.0,0.0
55406,53,17,70.0,102.0,35.0,35.0,35.0,0.0,51.0,51.0,51.0,0.0,52.33,54.296,104.0,4.0,4.0,4.0,0.0,4.0,4.0,48.0,48.0,0.0,48.0,48.0,0,0,0,0,35.0,51.0,0,0,0,0,0,0,0,0,1.0,51.75,35.0,51.0,0,0,0,0,0,0,2,70,2,102,-1,-1,1,32,0.0,0.0,0.0,0.0,0.0,0.0,0.0,0.0
50200,53,17,62.0,94.0,31.0,31.0,31.0,0.0,47.0,47.0,47.0,0.0,56.0,90.83,161.0,3.0,3.0,3.0,0.0,3.0,3.0,4.0,4.0,0.0,4.0,4.0,0,0,0,0,31.0,47.0,0,0,0,0,0,0,0,0,1.0,46.75,31.0,47.0,0,0,0,0,0,0,2,62,2,94,-1,-1,1,20,0.0,0.0,0.0,0.0,0.0,0.0,0.0,0.0
60199,53,17,61.0,105.0,61.0,61.0,61.0,0.0,105.0,105.0,105.0,0.0,23701.0,0.0,23701.0,23701.0,0.0,0.0,0.0,0.0,0.0,0.0,0.0,0.0,0.0,0.0,0,0,0,0,61.0,105.0,0,0,0,0,0,0,0,0,1.0,113.5,61.0,105.0,0,0,0,0,0,0,1,61,1,105,-1,-1,0,20,0.0,0.0,0.0,0.0,0.0,0.0,0.0,0.0
61211,53,17,47.0,194.0,47.0,47.0,47.0,0.0,194.0,194.0,194.0,0.0,30966.0,0.0,30966.0,30966.0,0.0,0.0,0.0,0.0,0.0,0.0,0.0,0.0,0.0,0.0,0,0,0,0,47.0,194.0,0,0,0,0,0,0,0,0,1.0,144.0,47.0,194.0,0,0,0,0,0,0,1,47,1,194,-1,-1,0,20,0.0,0.0,0.0,0.0,0.0,0.0,0.0,0.0
63617,53,17,74.0,106.0,37.0,37.0,37.0,0.0,53.0,53.0,53.0,0.0,59.33,61.115,127.0,4.0,4.0,4.0,0.0,4.0,4.0,48.0,48.0,0.0,48.0,48.0,0,0,0,0,37.0,53.0,0,0,0,0,0,0,0,0,1.0,54.25,37.0,53.0,0,0,0,0,0,0,2,74,2,106,-1,-1,1,20,0.0,0.0,0.0,0.0,0.0,0.0,0.0,0.0
48952,443,6,0.0,0.0,0.0,0.0,0.0,0.0,0.0,0.0,0.0,0.0,121981.0,0.0,121981.0,121981.0,0.0,0.0,0.0,0.0,0.0,0.0,0.0,0.0,0.0,0.0,0,0,0,0,0.0,0.0,0,0,0,0,1,1,0,0,1.0,0.0,0.0,0.0,0,0,0,0,0,0,1,0,1,0,1241,135,0,32,0.0,0.0,0.0,0.0,0.0,0.0,0.0,0.0
60709,53,17,95.0,201.0,50.0,45.0,47.5,7.7782,135.0,108.0,100.5,0.7036,8415323.33,13804738.329,24254269.0,30522.0,24234041.0,24234041.0,0.0,24234041.0,24234041.0,24234729.0,24234729.0,0.0,24234729.0,24234729.0,0,0,0,0,45.0,135.0,0,0,0,0,0,0,0,0,1.0,88.75,47.5,100.5,0,0,0,0,0,0,2,95,2,201,-1,-1,1,32,30844.0,0.0,30844.0,30844.0,24254245.0,0.0,24254265.0,24254245.0
53137,443,6,366.0,3675.0,212.0,0.0,46.3333,79.2248,2433.0,0.0,744.5,1434.3758,358486.3,1411034.804,5110329.0,2.0,5356122.0,686240.4,1965368.093,5110329.0,3.0,71342.0,12278.4,23182.918,44820.0,50.0,0,0,0,0,0.0,2433.0,0,0,0,1,0,0,0,0,0.0,297.7143,46.3333,744.5,0,0,0,0,0,0,6,366,6,3675,8192,119,5,20,282178.0,0.0,282178.0,282178.0,5110354.0,0.0,5110324.0,5110354.0
49200,443,6,12.0,0.0,6.0,6.0,6.0,0.0,0.0,0.0,0.0,0.0,3.0,0.0,3.0,3.0,3.0,3.0,0.0,3.0,3.0,0.0,0.0,0.0,0.0,0.0,0,0,0,0,6.0,6.0,1,0,0,0,0,0,0,0,0.0,9.0,6.0,0.0,0,0,0,0,0,0,2,12,0,0,0,-1,1,20,0.0,0.0,0.0,0.0,0.0,0.0,0.0,0.0
443,64471,6,0.0,0.0,0.0,0.0,0.0,0.0,0.0,0.0,0.0,0.0,99.0,0.0,99.0,99.0,0.0,0.0,0.0,0.0,0.0,0.0,0.0,0.0,0.0,0.0,0,0,0,0,0.0,0.0,0,0,0,0,1,1,0,0,1.0,0.0,0.0,0.0,0,0,0,0,0,0,1,0,1,0,379,32832,0,32,0.0,0.0,0.0,0.0,0.0,0.0,0.0,0.0
55089,80,6,350.0,968.0,350.0,0.0,116.6667,166.556,488.0,0.0,148.0,243.9149,6852.25,10187.773,23518.0,9.0,23787.0,11893.5,16790.102,23557.0,315.0,24390.0,8190.33,14507.545,23097.0,47.0,0,0,0,0,0.0,480.0,0,0,0,1,0,0,0,0,1.0,144.4286,116.6667,148.0,0,0,0,0,0,0,3,350,4,968,8192,31,2,20,0.0,0.0,0.0,0.0,0.0,0.0,0.0,0.0
39872,53,17,64.0,120.0,32.0,32.0,32.0,0.0,60.0,60.0,60.0,0.0,10310.33,17888.353,30926.0,3.0,3.0,3.0,0.0,3.0,3.0,3.0,3.0,0.0,3.0,3.0,0,0,0,0,32.0,60.0,0,0,0,0,0,0,0,0,1.0,54.0,32.0,60.0,0,0,0,0,0,0,2,64,2,120,-1,-1,1,20,0.0,0.0,0.0,0.0,0.0,0.0,0.0,0.0
52338,443,6,539.0,4552.0,198.0,0.0,41.5455,72.9244,4002.0,0.0,596.0,1312.7121,20317.4,40733.446,136802.0,0.0,680546.0,40887.0,60875.406,237802.0,1.0,520690.0,64685.85,74110.055,183527.0,0.0,0,0,0,0,0.0,4002.0,0,0,0,1,0,0,0,0,0.0,241.1545,41.5455,596.0,0,0,0,0,0,0,11,539,8,4552,29200,60,10,20,0.0,0.0,0.0,0.0,0.0,0.0,0.0,0.0
59604,53,17,66.0,450.0,33.0,33.0,33.0,0.0,225.0,225.0,225.0,0.0,70.66,117.924,205.0,3.0,3.0,3.0,0.0,3.0,3.0,4.0,4.0,0.0,4.0,4.0,0,0,0,0,33.0,225.0,0,0,0,0,0,0,0,0,1.0,137.25,33.0,225.0,0,0,0,0,0,0,2,66,2,450,-1,-1,1,20,0.0,0.0,0.0,0.0,0.0,0.0,0.0,0.0
443,52560,6,0.0,0.0,0.0,0.0,0.0,0.0,0.0,0.0,0.0,0.0,3.0,0.0,3.0,3.0,3.0,3.0,0.0,3.0,3.0,0.0,0.0,0.0,0.0,0.0,0,0,0,0,0.0,0.0,0,0,0,0,1,0,0,0,0.0,0.0,0.0,0.0,0,0,0,0,0,0,2,0,0,0,684,-1,0,32,0.0,0.0,0.0,0.0,0.0,0.0,0.0,0.0
61463,53,17,112.0,242.0,56.0,56.0,56.0,0.0,121.0,121.0,121.0,0.0,78.0,97.316,182.0,1.0,1.0,1.0,0.0,1.0,1.0,48.0,48.0,0.0,48.0,48.0,0,0,0,0,56.0,121.0,0,0,0,0,0,0,0,0,1.0,108.5,56.0,121.0,0,0,0,0,0,0,2,112,2,242,-1,-1,1,32,0.0,0.0,0.0,0.0,0.0,0.0,0.0,0.0
80,64244,6,6.0,6.0,6.0,6.0,6.0,0.0,6.0,6.0,6.0,0.0,46.0,0.0,46.0,46.0,0.0,0.0,0.0,0.0,0.0,0.0,0.0,0.0,0.0,0.0,0,0,0,0,6.0,6.0,0,0,0,0,1,1,0,0,1.0,9.0,6.0,6.0,0,0,0,0,0,0,1,6,1,6,913,256,0,20,0.0,0.0,0.0,0.0,0.0,0.0,0.0,0.0
56091,443,6,1325.0,67879.0,209.0,0.0,22.8182,52.7675,4380.0,0.0,1354.7143,1009.4299,654287.29,6188104.521,58612707.0,1.0,51217111.0,1909887.45,9565953.96,58612701.0,133.0,215674.0,3285.64,10855.627,17173.0,1.0,0,0,0,0,0.0,4380.0,0,0,0,1,0,0,0,0,1.0,810.7183,22.8182,1354.7143,0,0,0,0,0,0,35,1325,44,67879,8192,1066,34,20,179676.0,0.0,179676.0,179676.0,58612768.0,0.0,58612768.0,58612768.0
57268,443,6,913.0,20294.0,501.0,0.0,62.3846,137.2222,2896.0,0.0,909.375,886.8141,1402767.02,3441692.948,10027643.0,3.0,59565657.0,2786228.81,4400750.755,10112011.0,3.0,60988273.0,3263772.0,4972991.107,10110834.0,49.0,0,0,0,0,0.0,2896.0,0,0,0,1,0,0,0,0,1.0,482.2892,62.3846,909.375,0,0,0,0,0,0,17,913,16,20294,29200,290,3,32,227576.86,756189.549,1081884.0,187590.0,10027719.83,3352.342,10027649.0,9992676.0
61803,53,17,39.0,136.0,39.0,39.0,39.0,0.0,136.0,136.0,136.0,0.0,46364.0,0.0,46364.0,46364.0,0.0,0.0,0.0,0.0,0.0,0.0,0.0,0.0,0.0,0.0,0,0,0,0,39.0,136.0,0,0,0,0,0,0,0,0,1.0,107.0,39.0,136.0,0,0,0,0,0,0,1,39,1,136,-1,-1,0,44,0.0,0.0,0.0,0.0,0.0,0.0,0.0,0.0
61588,443,6,974.0,10651.0,469.0,0.0,64.9333,134.266,1536.0,0.0,844.7778,711.4242,14014.8,24370.668,98549.0,1.0,333390.0,26549.78,32456.405,98648.0,1.0,208200.0,22775.18,35087.406,171565.0,2.0,0,0,0,0,0.0,1536.0,0,0,0,1,0,0,0,0,0.0,348.1319,64.9333,844.7778,0,0,0,0,0,0,15,974,13,10651,65535,179,6,32,0.0,0.0,0.0,0.0,0.0,0.0,0.0,0.0
62573,53,17,42.0,113.0,42.0,42.0,42.0,0.0,113.0,113.0,113.0,0.0,30574.0,0.0,30574.0,30574.0,0.0,0.0,0.0,0.0,0.0,0.0,0.0,0.0,0.0,0.0,0,0,0,0,42.0,113.0,0,0,0,0,0,0,0,0,1.0,98.5,42.0,113.0,0,0,0,0,0,0,1,42,1,113,-1,-1,0,32,0.0,0.0,0.0,0.0,0.0,0.0,0.0,0.0
40846,53,17,66.0,170.0,33.0,33.0,33.0,0.0,85.0,85.0,85.0,0.0,59.66,97.572,173.0,3.0,3.0,3.0,0.0,3.0,3.0,3.0,3.0,0.0,3.0,3.0,0,0,0,0,33.0,85.0,0,0,0,0,0,0,0,0,1.0,67.25,33.0,85.0,0,0,0,0,0,0,2,66,2,170,-1,-1,1,40,0.0,0.0,0.0,0.0,0.0,0.0,0.0,0.0
65125,53,17,64.0,120.0,32.0,32.0,32.0,0.0,60.0,60.0,60.0,0.0,56.0,92.676,161.0,1.0,1.0,1.0,0.0,1.0,1.0,1.0,1.0,0.0,1.0,1.0,0,0,0,0,32.0,60.0,0,0,0,0,0,0,0,0,1.0,54.0,32.0,60.0,0,0,0,0,0,0,2,64,2,120,-1,-1,1,20,0.0,0.0,0.0,0.0,0.0,0.0,0.0,0.0
60796,53,17,52.0,168.0,52.0,52.0,52.0,0.0,168.0,168.0,168.0,0.0,96258.0,0.0,96258.0,96258.0,0.0,0.0,0.0,0.0,0.0,0.0,0.0,0.0,0.0,0.0,0,0,0,0,52.0,168.0,0,0,0,0,0,0,0,0,1.0,136.0,52.0,168.0,0,0,0,0,0,0,1,52,1,168,-1,-1,0,20,0.0,0.0,0.0,0.0,0.0,0.0,0.0,0.0
19056,53,17,68.0,484.0,34.0,34.0,34.0,0.0,242.0,242.0,242.0,0.0,20337.66,35198.338,60900.0,3.0,3.0,3.0,0.0,3.0,3.0,4.0,4.0,0.0,4.0,4.0,0,0,0,0,34.0,242.0,0,0,0,0,0,0,0,0,1.0,146.5,34.0,242.0,0,0,0,0,0,0,2,68,2,484,-1,-1,1,32,0.0,0.0,0.0,0.0,0.0,0.0,0.0,0.0
56018,443,6,832.0,1199.0,597.0,0.0,84.2,186.1683,1061.0,0.0,239.8,462.9376,9767.57,15967.415,37223.0,3.0,133773.0,13105.33,20091.356,56547.0,3.0,91016.0,22604.0,18861.617,38654.0,456.0,0,0,0,0,0.0,1061.0,0,0,0,1,0,0,0,0,0.0,136.0667,84.2,239.8,0,0,0,0,0,0,10,832,5,1199,65535,350,5,32,0.0,0.0,0.0,0.0,0.0,0.0,0.0,0.0
56705,53,17,98.0,130.0,49.0,49.0,49.0,0.0,65.0,65.0,65.0,0.0,45.0,76.0,139.0,3.0,3.0,3.0,0.0,3.0,3.0,4.0,4.0,0.0,4.0,4.0,0,0,0,0,49.0,65.0,0,0,0,0,0,0,0,0,1.0,69.25,49.0,65.0,0,0,0,0,0,0,2,98,2,130,-1,-1,1,20,0.0,0.0,0.0,0.0,0.0,0.0,0.0,0.0
41580,53,17,88.0,472.0,44.0,44.0,44.0,0.0,236.0,236.0,236.0,0.0,64.66,108.859,198.0,3.0,3.0,3.0,0.0,3.0,3.0,4.0,4.0,0.0,4.0,4.0,0,0,0,0,44.0,236.0,0,0,0,0,0,0,0,0,1.0,151.0,44.0,236.0,0,0,0,0,0,0,2,88,2,472,-1,-1,1,20,0.0,0.0,0.0,0.0,0.0,0.0,0.0,0.0
41819,443,6,341.0,4097.0,190.0,0.0,38.1,67.2107,1418.0,0.0,615.4,699.8611,476261.4,1623050.604,5601016.0,8.0,5890333.0,718082.33,2067451.848,5601016.0,18.0,71406.0,15675.0,26924.032,35765.0,48.0,0,0,0,0,0.0,1418.0,0,0,0,1,0,0,0,0,0.0,267.8,38.1,615.4,0,0,0,0,0,0,10,341,5,4097,29200,349,3,32,133200.0,0.0,133200.0,133200.0,5601085.0,0.0,5601075.0,5601085.0
35611,443,6,31.0,0.0,31.0,0.0,15.5,21.9203,0.0,0.0,0.0,0.0,18.0,0.0,18.0,18.0,18.0,18.0,0.0,18.0,18.0,0.0,0.0,0.0,0.0,0.0,1,0,0,0,0.0,31.0,0,1,0,0,1,0,0,0,0.0,31.0,15.5,0.0,0,0,0,0,0,0,2,31,0,0,325,-1,0,32,0.0,0.0,0.0,0.0,0.0,0.0,0.0,0.0
4423,53,17,84.0,204.0,42.0,42.0,42.0,0.0,102.0,102.0,102.0,0.0,32314.66,56597.704,107933.0,3.0,3.0,3.0,0.0,3.0,3.0,4.0,4.0,0.0,4.0,4.0,0,0,0,0,42.0,102.0,0,0,0,0,0,0,0,0,1.0,82.5,42.0,102.0,0,0,0,0,0,0,2,84,2,204,-1,-1,1,20,0.0,0.0,0.0,0.0,0.0,0.0,0.0,0.0
49576,53,17,62.0,218.0,31.0,31.0,31.0,0.0,109.0,109.0,109.0,0.0,7907.33,13656.107,23714.0,3.0,3.0,3.0,0.0,3.0,3.0,4.0,4.0,0.0,4.0,4.0,0,0,0,0,31.0,109.0,0,0,0,0,0,0,0,0,1.0,77.75,31.0,109.0,0,0,0,0,0,0,2,62,2,218,-1,-1,1,32,0.0,0.0,0.0,0.0,0.0,0.0,0.0,0.0
443,50954,6,0.0,0.0,0.0,0.0,0.0,0.0,0.0,0.0,0.0,0.0,3.0,0.0,3.0,3.0,3.0,3.0,0.0,3.0,3.0,0.0,0.0,0.0,0.0,0.0,0,0,0,0,0.0,0.0,0,0,0,0,1,0,0,0,0.0,0.0,0.0,0.0,0,0,0,0,0,0,2,0,0,0,349,-1,0,32,0.0,0.0,0.0,0.0,0.0,0.0,0.0,0.0
443,63716,6,0.0,18.0,0.0,0.0,0.0,0.0,6.0,6.0,6.0,0.0,17707.75,35125.87,75561.0,1.0,75623.0,75623.0,0.0,75623.0,75623.0,2.0,1.0,0.0,1.0,1.0,0,0,0,0,0.0,6.0,0,0,0,0,1,0,0,0,1.0,3.6,0.0,6.0,0,0,0,0,0,0,2,0,3,18,115,0,0,32,0.0,0.0,0.0,0.0,0.0,0.0,0.0,0.0
51421,443,6,713.0,479.0,469.0,0.0,71.3,147.2874,341.0,0.0,95.8,149.5299,5806.92,9602.43,23193.0,3.0,82511.0,9001.44,10377.963,24971.0,3.0,50018.0,12501.5,13507.815,24628.0,307.0,0,0,0,0,0.0,469.0,0,0,0,1,0,0,0,0,0.0,79.4667,71.3,95.8,0,0,0,0,0,0,10,713,5,479,65535,972,5,32,0.0,0.0,0.0,0.0,0.0,0.0,0.0,0.0
443,50777,6,0.0,0.0,0.0,0.0,0.0,0.0,0.0,0.0,0.0,0.0,62.0,0.0,62.0,62.0,0.0,0.0,0.0,0.0,0.0,0.0,0.0,0.0,0.0,0.0,0,0,0,0,0.0,0.0,0,0,0,0,1,1,0,0,1.0,0.0,0.0,0.0,0,0,0,0,0,0,1,0,1,0,351,32832,0,32,0.0,0.0,0.0,0.0,0.0,0.0,0.0,0.0
443,60018,6,0.0,0.0,0.0,0.0,0.0,0.0,0.0,0.0,0.0,0.0,29.0,0.0,29.0,29.0,0.0,0.0,0.0,0.0,0.0,0.0,0.0,0.0,0.0,0.0,0,0,0,0,0.0,0.0,0,0,0,0,1,1,0,0,1.0,0.0,0.0,0.0,0,0,0,0,0,0,1,0,1,0,349,32832,0,32,0.0,0.0,0.0,0.0,0.0,0.0,0.0,0.0
51710,443,6,704.0,1327.0,453.0,0.0,70.4,142.9399,1189.0,0.0,265.4,519.7546,20549.91,35946.167,88646.0,3.0,299240.0,33081.94,45886.564,185616.0,46.0,166654.0,44870.0,47773.293,88425.0,3.0,0,0,0,0,0.0,1189.0,0,0,0,1,0,0,0,0,0.0,135.4,70.4,265.4,0,0,0,0,0,0,10,704,5,1327,65535,114,5,32,0.0,0.0,0.0,0.0,0.0,0.0,0.0,0.0
54129,53,17,94.0,158.0,47.0,47.0,47.0,0.0,79.0,79.0,79.0,0.0,62.66,102.303,180.0,3.0,3.0,3.0,0.0,3.0,3.0,3.0,3.0,0.0,3.0,3.0,0,0,0,0,47.0,79.0,0,0,0,0,0,0,0,0,1.0,74.75,47.0,79.0,0,0,0,0,0,0,2,94,2,158,-1,-1,1,32,0.0,0.0,0.0,0.0,0.0,0.0,0.0,0.0
60674,53,17,47.0,208.0,47.0,47.0,47.0,0.0,208.0,208.0,208.0,0.0,61090.0,0.0,61090.0,61090.0,0.0,0.0,0.0,0.0,0.0,0.0,0.0,0.0,0.0,0.0,0,0,0,0,47.0,208.0,0,0,0,0,0,0,0,0,1.0,141.0,47.0,208.0,0,0,0,0,0,0,1,47,1,208,-1,-1,0,32,0.0,0.0,0.0,0.0,0.0,0.0,0.0,0.0
60639,53,17,45.0,61.0,45.0,45.0,45.0,0.0,61.0,61.0,61.0,0.0,59788.0,0.0,59788.0,59788.0,0.0,0.0,0.0,0.0,0.0,0.0,0.0,0.0,0.0,0.0,0,0,0,0,45.0,61.0,0,0,0,0,0,0,0,0,1.0,75.5,45.0,61.0,0,0,0,0,0,0,1,45,1,61,-1,-1,0,32,0.0,0.0,0.0,0.0,0.0,0.0,0.0,0.0
21336,53,17,92.0,284.0,46.0,46.0,46.0,0.0,142.0,142.0,142.0,0.0,56.33,92.566,163.0,3.0,3.0,3.0,0.0,3.0,3.0,4.0,4.0,0.0,4.0,4.0,0,0,0,0,46.0,142.0,0,0,0,0,0,0,0,0,1.0,105.5,46.0,142.0,0,0,0,0,0,0,2,92,2,284,-1,-1,1,32,0.0,0.0,0.0,0.0,0.0,0.0,0.0,0.0
4622,443,6,135.0,46.0,46.0,6.0,27.0,20.1246,46.0,46.0,46.0,0.0,648535.2,1363750.764,3653685.0,3.0,4824816.0,1251754.0,1963230.547,3653685.0,3.0,0.0,0.0,0.0,0.0,0.0,1,0,0,0,6.0,46.0,0,1,0,0,1,0,0,0,0.0,37.8333,27.0,46.0,0,0,0,0,0,0,5,135,1,46,256,360,4,20,0.0,0.0,0.0,0.0,0.0,0.0,0.0,0.0
53850,443,6,12.0,0.0,6.0,6.0,6.0,0.0,0.0,0.0,0.0,0.0,426574.0,0.0,426574.0,426574.0,426574.0,426574.0,0.0,426574.0,426574.0,0.0,0.0,0.0,0.0,0.0,0,0,0,0,6.0,6.0,0,0,0,0,1,0,0,0,0.0,9.0,6.0,0.0,0,0,0,0,0,0,2,12,0,0,252,-1,1,20,0.0,0.0,0.0,0.0,0.0,0.0,0.0,0.0
57686,443,6,546.0,4398.0,196.0,0.0,68.6667,88.0242,3792.0,0.0,1449.1667,1766.3927,7825.12,10973.377,25262.0,5.0,51789.0,11373.0,12710.315,26384.0,20.0,21078.0,7519.6,18352.562,26768.0,1481.0,0,0,0,0,0.0,3792.0,0,0,0,1,0,0,0,0,0.0,229.9471,68.6667,1449.1667,0,0,0,0,0,0,9,546,6,4398,8192,60,8,20,0.0,0.0,0.0,0.0,0.0,0.0,0.0,0.0
443,41537,6,31.0,0.0,31.0,0.0,10.3333,17.8979,0.0,0.0,0.0,0.0,132.5,144.427,210.0,48.0,261.0,130.5,163.931,210.0,48.0,0.0,0.0,0.0,0.0,0.0,0,0,0,0,0.0,31.0,0,0,0,0,1,0,0,0,0.0,10.3333,10.3333,0.0,0,0,0,0,0,0,3,31,0,0,59,-1,1,32,0.0,0.0,0.0,0.0,0.0,0.0,0.0,0.0
61990,53,17,90.0,122.0,45.0,45.0,45.0,0.0,61.0,61.0,61.0,0.0,48.0,72.826,137.0,3.0,3.0,3.0,0.0,3.0,3.0,3.0,3.0,0.0,3.0,3.0,0,0,0,0,45.0,61.0,0,0,0,0,0,0,0,0,1.0,64.25,45.0,61.0,0,0,0,0,0,0,2,90,2,122,-1,-1,1,20,0.0,0.0,0.0,0.0,0.0,0.0,0.0,0.0
58147,443,6,372.0,4826.0,195.0,0.0,47.5,73.0303,1712.0,0.0,845.0,812.6037,366534.59,1361972.595,5130037.0,3.0,5458369.0,666906.85,1814878.441,5130037.0,3.0,54707.0,10373.4,14527.83,26224.0,48.0,0,0,0,0,0.0,1712.0,0,0,0,1,0,0,0,0,0.0,361.2,47.5,845.0,0,0,0,0,0,0,8,372,6,4826,29200,239,3,32,344162.0,0.0,344162.0,344162.0,5130061.0,0.0,5130041.0,5130061.0
2555,53,17,62.0,276.0,31.0,31.0,31.0,0.0,138.0,138.0,138.0,0.0,10206.0,17677.477,30617.0,3.0,3.0,3.0,0.0,3.0,3.0,12.0,12.0,0.0,12.0,12.0,0,0,0,0,31.0,138.0,0,0,0,0,0,0,0,0,1.0,92.25,31.0,138.0,0,0,0,0,0,0,2,62,2,276,-1,-1,1,32,0.0,0.0,0.0,0.0,0.0,0.0,0.0,0.0
65428,53,17,90.0,190.0,45.0,45.0,45.0,0.0,95.0,95.0,95.0,0.0,11162.33,19164.62,33481.0,48.0,49.0,49.0,0.0,49.0,49.0,48.0,48.0,0.0,48.0,48.0,0,0,0,0,45.0,95.0,0,0,0,0,0,0,0,0,1.0,81.25,45.0,95.0,0,0,0,0,0,0,2,90,2,190,-1,-1,1,32,0.0,0.0,0.0,0.0,0.0,0.0,0.0,0.0
36800,53,17,66.0,270.0,33.0,33.0,33.0,0.0,135.0,135.0,135.0,0.0,10634.0,18458.783,32805.0,1.0,1.0,1.0,0.0,1.0,1.0,48.0,48.0,0.0,48.0,48.0,0,0,0,0,33.0,135.0,0,0,0,0,0,0,0,0,1.0,92.25,33.0,135.0,0,0,0,0,0,0,2,66,2,270,-1,-1,1,32,0.0,0.0,0.0,0.0,0.0,0.0,0.0,0.0
58363,53,17,72.0,206.0,36.0,36.0,36.0,0.0,103.0,103.0,103.0,0.0,10258.66,17754.151,30769.0,47.0,47.0,47.0,0.0,47.0,47.0,47.0,47.0,0.0,47.0,47.0,0,0,0,0,36.0,103.0,0,0,0,0,0,0,0,0,1.0,78.5,36.0,103.0,0,0,0,0,0,0,2,72,2,206,-1,-1,1,32,0.0,0.0,0.0,0.0,0.0,0.0,0.0,0.0
443,61631,6,37.0,0.0,37.0,0.0,18.5,26.163,0.0,0.0,0.0,0.0,4.0,0.0,4.0,4.0,4.0,4.0,0.0,4.0,4.0,0.0,0.0,0.0,0.0,0.0,1,0,0,0,0.0,37.0,0,1,0,0,1,0,0,0,0.0,37.0,18.5,0.0,0,0,0,0,0,0,2,37,0,0,972,-1,0,32,0.0,0.0,0.0,0.0,0.0,0.0,0.0,0.0
39774,443,6,933.0,1399.0,693.0,0.0,66.5,186.3955,1221.0,2.0,239.875,504.0411,2384112.0,4155421.826,10197043.0,41.0,61037008.0,4305135.54,5153400.285,10240022.0,95.0,61291923.0,5889570.71,4954632.372,10240031.0,363.0,0,0,0,0,0.0,1221.0,0,0,0,1,0,0,0,0,0.0,149.8048,66.5,239.875,0,0,0,0,0,0,14,933,14,1399,29200,31356,13,20,79585.83,92847.939,203221.0,89520.0,10097155.16,278254.408,10197045.0,9289928.0
50768,443,6,791.0,69994.0,457.0,0.0,23.2143,71.1338,4344.0,0.0,1661.1857,1108.8947,2928.64,4959.696,15542.0,2.0,41486.0,4495.3,7976.208,25620.0,3.0,54333.0,3272.91,2437.542,25635.0,2.0,0,0,0,0,0.0,4344.0,0,0,0,1,0,0,0,0,1.0,1399.4474,23.2143,1661.1857,0,0,0,0,0,0,41,791,82,69994,65535,31,5,32,0.0,0.0,0.0,0.0,0.0,0.0,0.0,0.0
443,53013,6,37.0,0.0,37.0,0.0,18.5,26.163,0.0,0.0,0.0,0.0,4.0,0.0,4.0,4.0,4.0,4.0,0.0,4.0,4.0,0.0,0.0,0.0,0.0,0.0,1,0,0,0,0.0,37.0,0,1,0,0,1,0,0,0,0.0,37.0,18.5,0.0,0,0,0,0,0,0,2,37,0,0,972,-1,0,32,0.0,0.0,0.0,0.0,0.0,0.0,0.0,0.0
80,3936,6,6.0,6.0,6.0,6.0,6.0,0.0,6.0,6.0,6.0,0.0,95.0,0.0,95.0,95.0,0.0,0.0,0.0,0.0,0.0,0.0,0.0,0.0,0.0,0.0,0,0,0,0,6.0,6.0,0,0,0,0,1,1,0,0,1.0,9.0,6.0,6.0,0,0,0,0,0,0,1,6,1,6,29,256,0,20,0.0,0.0,0.0,0.0,0.0,0.0,0.0,0.0
443,51064,6,0.0,0.0,0.0,0.0,0.0,0.0,0.0,0.0,0.0,0.0,218.5,23.333,233.0,210.0,227.0,227.0,0.0,227.0,227.0,0.0,0.0,0.0,0.0,0.0,0,0,0,0,0.0,0.0,0,0,0,0,1,1,0,0,0.0,0.0,0.0,0.0,0,0,0,0,0,0,2,0,1,0,33,33304,0,32,0.0,0.0,0.0,0.0,0.0,0.0,0.0,0.0
50278,443,6,1051.0,3993.0,752.0,0.0,96.1,239.3505,2633.0,0.0,463.1667,1037.8292,20062.72,42857.361,103540.0,48.0,484793.0,40095.0,49264.694,109920.0,48.0,439048.0,46537.8,69527.902,103244.0,549.0,0,0,0,0,0.0,2633.0,0,0,0,1,0,0,0,0,0.0,241.3611,96.1,463.1667,0,0,0,0,0,0,10,1051,6,3993,65535,120,5,32,0.0,0.0,0.0,0.0,0.0,0.0,0.0,0.0
49550,80,6,437.0,796.0,437.0,0.0,27.3125,109.25,796.0,0.0,56.8571,212.7399,3976805.86,4881070.565,10024815.0,37.0,115841188.0,7714599.16,4163916.786,10087913.0,115.0,110553083.0,8505620.38,3760328.903,10048334.0,732.0,0,0,0,0,0.0,796.0,0,0,0,1,0,0,0,0,0.0,41.1667,27.3125,56.8571,0,0,0,0,0,0,16,437,14,796,29200,285,1,32,25151.18,16898.788,48612.0,23246.0,10023341.72,7657.007,10024810.0,9993978.0
50216,53,17,68.0,100.0,34.0,34.0,34.0,0.0,50.0,50.0,50.0,0.0,8056.66,13955.002,24168.0,4.0,46.0,46.0,0.0,46.0,46.0,4.0,4.0,0.0,4.0,4.0,0,0,0,0,34.0,50.0,0,0,0,0,0,0,0,0,1.0,50.5,34.0,50.0,0,0,0,0,0,0,2,68,2,100,-1,-1,1,20,0.0,0.0,0.0,0.0,0.0,0.0,0.0,0.0
443,56165,6,6.0,6.0,6.0,6.0,6.0,0.0,6.0,6.0,6.0,0.0,23.0,0.0,23.0,23.0,0.0,0.0,0.0,0.0,0.0,0.0,0.0,0.0,0.0,0.0,0,0,0,0,6.0,6.0,0,0,0,0,1,1,0,0,1.0,9.0,6.0,6.0,0,0,0,0,0,0,1,6,1,6,8192,254,0,20,0.0,0.0,0.0,0.0,0.0,0.0,0.0,0.0
80,49748,6,6.0,6.0,6.0,6.0,6.0,0.0,6.0,6.0,6.0,0.0,65.0,0.0,65.0,65.0,0.0,0.0,0.0,0.0,0.0,0.0,0.0,0.0,0.0,0.0,0,0,0,0,6.0,6.0,0,0,0,0,1,1,0,0,1.0,9.0,6.0,6.0,0,0,0,0,0,0,1,6,1,6,1022,278,0,20,0.0,0.0,0.0,0.0,0.0,0.0,0.0,0.0
80,59326,6,12.0,0.0,6.0,6.0,6.0,0.0,0.0,0.0,0.0,0.0,3.0,0.0,3.0,3.0,3.0,3.0,0.0,3.0,3.0,0.0,0.0,0.0,0.0,0.0,0,0,0,0,6.0,6.0,0,0,0,0,1,0,0,0,0.0,9.0,6.0,0.0,0,0,0,0,0,0,2,12,0,0,4386,-1,1,20,0.0,0.0,0.0,0.0,0.0,0.0,0.0,0.0
57036,53,17,74.0,438.0,37.0,37.0,37.0,0.0,219.0,219.0,219.0,0.0,20360.66,35208.795,61074.0,3.0,3.0,3.0,0.0,3.0,3.0,4.0,4.0,0.0,4.0,4.0,0,0,0,0,37.0,219.0,0,0,0,0,0,0,0,0,1.0,137.25,37.0,219.0,0,0,0,0,0,0,2,74,2,438,-1,-1,1,32,0.0,0.0,0.0,0.0,0.0,0.0,0.0,0.0
63273,53,17,72.0,146.0,36.0,36.0,36.0,0.0,73.0,73.0,73.0,0.0,10274.66,17776.771,30811.0,4.0,4.0,4.0,0.0,4.0,4.0,4.0,4.0,0.0,4.0,4.0,0,0,0,0,36.0,73.0,0,0,0,0,0,0,0,0,1.0,63.5,36.0,73.0,0,0,0,0,0,0,2,72,2,146,-1,-1,1,20,0.0,0.0,0.0,0.0,0.0,0.0,0.0,0.0
54441,443,6,341.0,3003.0,194.0,0.0,36.7778,70.4377,1573.0,0.0,600.6,799.8574,499929.08,1383297.353,4904175.0,3.0,5268818.0,745924.25,1851077.942,4904175.0,3.0,188882.0,62890.5,50357.054,95900.0,228.0,0,0,0,0,0.0,1573.0,0,0,0,1,0,0,0,0,0.0,250.2667,36.7778,600.6,0,0,0,0,0,0,9,341,5,3003,8192,116,8,20,0.0,0.0,0.0,0.0,0.0,0.0,0.0,0.0
443,55651,6,6.0,6.0,6.0,6.0,6.0,0.0,6.0,6.0,6.0,0.0,63.0,0.0,63.0,63.0,0.0,0.0,0.0,0.0,0.0,0.0,0.0,0.0,0.0,0.0,0,0,0,0,6.0,6.0,0,0,0,0,1,1,0,0,1.0,9.0,6.0,6.0,0,0,0,0,0,0,1,6,1,6,32,255,0,20,0.0,0.0,0.0,0.0,0.0,0.0,0.0,0.0
59064,80,6,417.0,657.0,417.0,0.0,81.4,185.9749,657.0,0.0,189.6667,328.971,43160.85,81073.864,200257.0,82.0,435406.0,108828.5,105053.809,200257.0,204.0,112802.0,52400.0,97826.705,100742.0,996.0,0,0,0,0,0.0,657.0,0,0,0,1,0,0,0,0,0.0,120.875,81.4,189.6667,0,0,0,0,0,0,5,417,3,657,65535,935,1,32,0.0,0.0,0.0,0.0,0.0,0.0,0.0,0.0
53208,53,17,76.0,172.0,38.0,38.0,38.0,0.0,86.0,86.0,86.0,0.0,20279.0,35093.284,60830.0,3.0,48.0,48.0,0.0,48.0,48.0,3.0,3.0,0.0,3.0,3.0,0,0,0,0,38.0,86.0,0,0,0,0,0,0,0,0,1.0,71.5,38.0,86.0,0,0,0,0,0,0,2,76,2,172,-1,-1,1,32,0.0,0.0,0.0,0.0,0.0,0.0,0.0,0.0
56734,443,6,391.0,5105.0,200.0,0.0,43.4444,72.7822,1460.0,0.0,720.6667,685.2018,372199.09,1368379.194,5090631.0,3.0,5364068.0,798219.37,1806272.479,5090631.0,3.0,113121.0,18663.4,21821.21,60944.0,49.0,0,0,0,0,0.0,1460.0,0,0,0,1,0,0,0,0,0.0,346.4615,43.4444,720.6667,0,0,0,0,0,0,9,391,6,5105,8192,119,8,20,182155.0,0.0,182155.0,182155.0,5090639.0,0.0,5090639.0,5090639.0
61196,53,17,58.0,162.0,58.0,58.0,58.0,0.0,162.0,162.0,162.0,0.0,30490.0,0.0,30490.0,30490.0,0.0,0.0,0.0,0.0,0.0,0.0,0.0,0.0,0.0,0.0,0,0,0,0,58.0,162.0,0,0,0,0,0,0,0,0,1.0,139.0,58.0,162.0,0,0,0,0,0,0,1,58,1,162,-1,-1,0,32,0.0,0.0,0.0,0.0,0.0,0.0,0.0,0.0
54473,53,17,86.0,198.0,43.0,43.0,43.0,0.0,99.0,99.0,99.0,0.0,10274.66,17738.329,30772.0,3.0,49.0,49.0,0.0,49.0,49.0,3.0,3.0,0.0,3.0,3.0,0,0,0,0,43.0,99.0,0,0,0,0,0,0,0,0,1.0,81.75,43.0,99.0,0,0,0,0,0,0,2,86,2,198,-1,-1,1,20,0.0,0.0,0.0,0.0,0.0,0.0,0.0,0.0
123,123,17,48.0,48.0,48.0,48.0,48.0,0.0,48.0,48.0,48.0,0.0,36080.0,0.0,36080.0,36080.0,0.0,0.0,0.0,0.0,0.0,0.0,0.0,0.0,0.0,0.0,0,0,0,0,48.0,48.0,0,0,0,0,0,0,0,0,1.0,72.0,48.0,48.0,0,0,0,0,0,0,1,48,1,48,-1,-1,0,20,0.0,0.0,0.0,0.0,0.0,0.0,0.0,0.0
60421,53,17,49.0,190.0,49.0,49.0,49.0,0.0,190.0,190.0,190.0,0.0,331627.0,0.0,331627.0,331627.0,0.0,0.0,0.0,0.0,0.0,0.0,0.0,0.0,0.0,0.0,0,0,0,0,49.0,190.0,0,0,0,0,0,0,0,0,1.0,144.0,49.0,190.0,0,0,0,0,0,0,1,49,1,190,-1,-1,0,32,0.0,0.0,0.0,0.0,0.0,0.0,0.0,0.0
20722,53,17,54.0,54.0,27.0,27.0,27.0,0.0,27.0,27.0,27.0,0.0,1969220.33,3184214.531,3998609.0,4.0,4.0,4.0,0.0,4.0,4.0,4.0,4.0,0.0,4.0,4.0,0,0,0,0,27.0,27.0,0,0,0,0,0,0,0,0,1.0,33.75,27.0,27.0,0,0,0,0,0,0,2,54,2,54,-1,-1,1,32,0.0,0.0,0.0,0.0,0.0,0.0,0.0,0.0
443,52536,6,37.0,0.0,37.0,0.0,18.5,26.163,0.0,0.0,0.0,0.0,3.0,0.0,3.0,3.0,3.0,3.0,0.0,3.0,3.0,0.0,0.0,0.0,0.0,0.0,1,0,0,0,0.0,37.0,0,1,0,0,1,0,0,0,0.0,37.0,18.5,0.0,0,0,0,0,0,0,2,37,0,0,114,-1,0,32,0.0,0.0,0.0,0.0,0.0,0.0,0.0,0.0
62150,53,17,51.0,135.0,51.0,51.0,51.0,0.0,135.0,135.0,135.0,0.0,30464.0,0.0,30464.0,30464.0,0.0,0.0,0.0,0.0,0.0,0.0,0.0,0.0,0.0,0.0,0,0,0,0,51.0,135.0,0,0,0,0,0,0,0,0,1.0,118.5,51.0,135.0,0,0,0,0,0,0,1,51,1,135,-1,-1,0,20,0.0,0.0,0.0,0.0,0.0,0.0,0.0,0.0
50217,53,17,58.0,186.0,29.0,29.0,29.0,0.0,93.0,93.0,93.0,0.0,50.0,86.002,143.0,3.0,3.0,3.0,0.0,3.0,3.0,3.0,3.0,0.0,3.0,3.0,0,0,0,0,29.0,93.0,0,0,0,0,0,0,0,0,1.0,68.25,29.0,93.0,0,0,0,0,0,0,2,58,2,186,-1,-1,1,20,0.0,0.0,0.0,0.0,0.0,0.0,0.0,0.0
17081,53,17,64.0,188.0,32.0,32.0,32.0,0.0,94.0,94.0,94.0,0.0,269.66,411.259,796.0,1.0,1.0,1.0,0.0,1.0,1.0,1.0,1.0,0.0,1.0,1.0,0,0,0,0,32.0,94.0,0,0,0,0,0,0,0,0,1.0,61.0,32.0,94.0,0,0,0,0,0,0,2,64,2,188,-1,-1,1,20,0.0,0.0,0.0,0.0,0.0,0.0,0.0,0.0
62049,53,17,61.0,101.0,61.0,61.0,61.0,0.0,101.0,101.0,101.0,0.0,48166.0,0.0,48166.0,48166.0,0.0,0.0,0.0,0.0,0.0,0.0,0.0,0.0,0.0,0.0,0,0,0,0,61.0,101.0,0,0,0,0,0,0,0,0,1.0,111.5,61.0,101.0,0,0,0,0,0,0,1,61,1,101,-1,-1,0,44,0.0,0.0,0.0,0.0,0.0,0.0,0.0,0.0
64094,53,17,90.0,122.0,45.0,45.0,45.0,0.0,61.0,61.0,61.0,0.0,46.66,79.905,133.0,3.0,3.0,3.0,0.0,3.0,3.0,4.0,4.0,0.0,4.0,4.0,0,0,0,0,45.0,61.0,0,0,0,0,0,0,0,0,1.0,64.25,45.0,61.0,0,0,0,0,0,0,2,90,2,122,-1,-1,1,32,0.0,0.0,0.0,0.0,0.0,0.0,0.0,0.0
49226,53,17,64.0,128.0,32.0,32.0,32.0,0.0,64.0,64.0,64.0,0.0,10336.33,17861.215,30903.0,3.0,3.0,3.0,0.0,3.0,3.0,4.0,4.0,0.0,4.0,4.0,0,0,0,0,32.0,64.0,0,0,0,0,0,0,0,0,1.0,56.0,32.0,64.0,0,0,0,0,0,0,2,64,2,128,-1,-1,1,32,0.0,0.0,0.0,0.0,0.0,0.0,0.0,0.0
58473,443,6,5120.0,40637.0,600.0,0.0,163.3048,275.915,2920.0,0.0,602.5704,782.2167,367659.59,1875710.758,10014964.0,3.0,49472082.0,856815.03,2647180.915,10019967.0,3.0,47624085.0,577218.34,2454339.621,10032306.0,3.0,0,0,0,0,0.0,2920.0,0,0,0,1,0,0,0,0,1.0,481.2131,163.3048,602.5704,0,0,0,0,0,0,36,5120,44,40637,8192,33,135,20,895696.0,1100743.098,3843422.0,34732.0,9578561.0,1574238.699,10014966.0,6641083.0
55728,443,6,12.0,0.0,6.0,6.0,6.0,0.0,0.0,0.0,0.0,0.0,50634.5,71069.827,101318.0,103.0,3.0,3.0,0.0,3.0,3.0,0.0,0.0,0.0,0.0,0.0,0,0,0,0,0.0,6.0,0,0,0,0,1,1,0,0,0.0,6.0,6.0,0.0,0,0,0,0,0,0,2,12,1,0,32850,10231,1,20,0.0,0.0,0.0,0.0,0.0,0.0,0.0,0.0
60968,53,17,46.0,231.0,46.0,46.0,46.0,0.0,231.0,231.0,231.0,0.0,90750.0,0.0,90750.0,90750.0,0.0,0.0,0.0,0.0,0.0,0.0,0.0,0.0,0.0,0.0,0,0,0,0,46.0,231.0,0,0,0,0,0,0,0,0,1.0,161.5,46.0,231.0,0,0,0,0,0,0,1,46,1,231,-1,-1,0,20,0.0,0.0,0.0,0.0,0.0,0.0,0.0,0.0
53754,443,6,720.0,1295.0,469.0,0.0,72.0,147.7084,1157.0,0.0,259.0,505.5413,19311.85,36443.713,87005.0,3.0,273864.0,30645.0,44019.871,91503.0,3.0,185077.0,46844.25,49906.552,88490.0,3.0,0,0,0,0,0.0,1157.0,0,0,0,1,0,0,0,0,0.0,134.3333,72.0,259.0,0,0,0,0,0,0,10,720,5,1295,65535,114,5,32,0.0,0.0,0.0,0.0,0.0,0.0,0.0,0.0
53724,53,17,84.0,252.0,42.0,42.0,42.0,0.0,126.0,126.0,126.0,0.0,10353.66,17954.943,31064.0,4.0,49.0,49.0,0.0,49.0,49.0,4.0,4.0,0.0,4.0,4.0,0,0,0,0,42.0,126.0,0,0,0,0,0,0,0,0,1.0,94.5,42.0,126.0,0,0,0,0,0,0,2,84,2,252,-1,-1,1,20,0.0,0.0,0.0,0.0,0.0,0.0,0.0,0.0
53852,53,17,62.0,118.0,31.0,31.0,31.0,0.0,59.0,59.0,59.0,0.0,45351.66,78715.975,135048.0,4.0,4.0,4.0,0.0,4.0,4.0,4.0,4.0,0.0,4.0,4.0,0,0,0,0,31.0,59.0,0,0,0,0,0,0,0,0,1.0,52.75,31.0,59.0,0,0,0,0,0,0,2,62,2,118,-1,-1,1,20,0.0,0.0,0.0,0.0,0.0,0.0,0.0,0.0
56868,80,6,12.0,0.0,6.0,6.0,6.0,0.0,0.0,0.0,0.0,0.0,67.0,0.0,67.0,67.0,67.0,67.0,0.0,67.0,67.0,0.0,0.0,0.0,0.0,0.0,0,0,0,0,6.0,6.0,0,0,0,0,1,0,0,0,0.0,9.0,6.0,0.0,0,0,0,0,0,0,2,12,0,0,254,-1,1,20,0.0,0.0,0.0,0.0,0.0,0.0,0.0,0.0
56362,53,17,228.0,794.0,68.0,68.0,68.0,0.0,197.0,197.0,197.0,0.0,6096.71,13490.605,30140.0,3.0,31160.0,10323.33,17423.662,30120.0,3.0,4.0,4.0,0.0,4.0,4.0,0,0,0,0,68.0,197.0,0,0,0,0,0,0,0,0,0.0,127.5,68.0,197.0,0,0,0,0,0,0,4,228,2,794,-1,-1,3,20,0.0,0.0,0.0,0.0,0.0,0.0,0.0,0.0
60839,53,17,102.0,176.0,52.0,43.0,51.0,5.6569,107.0,78.0,88.0,35.5597,26981524.33,41040780.329,78840955.0,30660.0,78827657.0,78827657.0,0.0,78827657.0,78827657.0,78820115.0,78820115.0,0.0,78820115.0,78820115.0,0,0,0,0,43.0,107.0,0,0,0,0,0,0,0,0,1.0,81.25,51.0,88.0,0,0,0,0,0,0,2,102,2,176,-1,-1,1,20,30432.0,0.0,30432.0,30432.0,78840959.0,0.0,78840959.0,78840959.0
47090,443,6,18.0,0.0,6.0,6.0,6.0,0.0,0.0,0.0,0.0,0.0,68.33,86.134,165.0,3.0,176.0,88.0,116.086,174.0,3.0,0.0,0.0,0.0,0.0,0.0,0,0,0,0,0.0,6.0,1,0,0,0,0,0,0,0,0.0,6.0,6.0,0.0,0,0,0,0,0,0,3,18,1,0,0,972,2,20,0.0,0.0,0.0,0.0,0.0,0.0,0.0,0.0
60601,53,17,133.0,276.0,86.0,37.0,66.5,26.363,161.0,110.0,139.0,87.4143,33823874.33,64285269.911,108358456.0,30587.0,108319605.0,108319605.0,0.0,108319605.0,108319605.0,108389489.0,109389489.0,0.0,108389489.0,108389489.0,0,0,0,0,37.0,161.0,0,0,0,0,0,0,0,0,1.0,122.75,66.5,139.0,0,0,0,0,0,0,2,133,2,276,-1,-1,1,20,30995.0,0.0,30995.0,30995.0,108358441.0,0.0,108358441.0,108358441.0
46679,443,6,635.0,168.0,517.0,0.0,90.7143,190.7072,168.0,0.0,42.0,84.0,636095.1,1891997.24,5615225.0,3.0,6065584.0,1011618.66,2313798.905,5796369.0,3.0,330558.0,177152.33,127413.582,189437.0,349.0,0,0,0,0,0.0,517.0,0,0,0,1,0,0,0,0,0.0,73.0,90.7143,42.0,0,0,0,0,0,0,7,635,4,168,29200,340,3,32,340747.0,0.0,340747.0,340747.0,5615296.0,0.0,5615296.0,5615296.0
52128,443,6,43.0,0.0,31.0,6.0,14.3333,14.4338,0.0,0.0,0.0,0.0,132.5,187.49,368.0,49.0,377.0,188.5,282.205,368.0,49.0,0.0,0.0,0.0,0.0,0.0,0,0,0,0,6.0,31.0,0,0,0,0,1,0,0,0,0.0,16.3333,14.3333,0.0,0,0,0,0,0,0,3,43,0,0,252,-1,2,20,0.0,0.0,0.0,0.0,0.0,0.0,0.0,0.0
37661,443,6,1379.0,22319.0,211.0,0.0,61.3182,88.2287,2920.0,0.0,773.3684,979.5613,1258744.07,3289133.212,10000208.0,3.0,60137714.0,2939320.87,4360193.51,10056936.0,154.0,60227933.0,2882167.0,4830417.413,10050586.0,3.0,0,0,0,0,0.0,2920.0,0,0,0,1,0,0,0,0,1.0,443.7111,61.3182,773.3684,0,0,0,0,0,0,27,1379,27,22319,29200,127,26,20,59571.16,73609.635,149105.0,34962.0,9999258.2,8480.037,10000202.0,9982590.0
62408,53,17,86.0,212.0,43.0,43.0,43.0,0.0,106.0,106.0,106.0,0.0,20325.66,35070.662,60970.0,4.0,49.0,49.0,0.0,49.0,49.0,4.0,4.0,0.0,4.0,4.0,0,0,0,0,43.0,106.0,0,0,0,0,0,0,0,0,1.0,85.25,43.0,106.0,0,0,0,0,0,0,2,86,2,212,-1,-1,1,20,0.0,0.0,0.0,0.0,0.0,0.0,0.0,0.0
50086,443,6,572.0,156.0,517.0,0.0,114.4,225.7062,144.0,0.0,39.0,70.0571,1360805.12,3516376.689,10711917.0,50.0,10956357.0,2787556.75,5030017.508,10880719.0,150.0,109011.0,39805.0,30002.832,64347.0,530.0,1,0,0,0,0.0,517.0,0,1,0,0,1,0,0,0,0.0,80.8827,114.4,39.0,0,0,0,0,0,0,5,572,4,156,529,118,1,32,0.0,0.0,0.0,0.0,0.0,0.0,0.0,0.0
59571,53,17,136.0,450.0,34.0,34.0,34.0,0.0,225.0,225.0,225.0,0.0,22350.8,38825.973,89027.0,3.0,31061.0,10320.33,17804.29,31065.0,3.0,3.0,3.0,0.0,3.0,3.0,0,0,0,0,34.0,225.0,0,0,0,0,0,0,0,0,0.0,100.6667,34.0,225.0,0,0,0,0,0,0,4,136,2,450,-1,-1,3,20,0.0,0.0,0.0,0.0,0.0,0.0,0.0,0.0
54421,443,6,12.0,0.0,6.0,6.0,6.0,0.0,0.0,0.0,0.0,0.0,1.0,0.0,1.0,1.0,1.0,1.0,0.0,1.0,1.0,0.0,0.0,0.0,0.0,0.0,0,0,0,0,6.0,6.0,1,0,0,0,0,0,0,0,0.0,9.0,6.0,0.0,0,0,0,0,0,0,2,12,0,0,0,-1,1,20,0.0,0.0,0.0,0.0,0.0,0.0,0.0,0.0
23820,53,17,46.0,508.0,23.0,23.0,23.0,0.0,254.0,254.0,254.0,0.0,10278.33,17782.146,30829.0,3.0,3.0,3.0,0.0,3.0,3.0,46.0,46.0,0.0,46.0,46.0,0,0,0,0,23.0,254.0,0,0,0,0,0,0,0,0,1.0,146.25,23.0,254.0,0,0,0,0,0,0,2,46,2,508,-1,-1,1,32,0.0,0.0,0.0,0.0,0.0,0.0,0.0,0.0
64317,80,6,480.0,552.0,486.0,0.0,90.0,223.0112,545.0,0.0,138.4,276.4786,6551.57,8951.952,15260.0,6.0,38904.0,9333.5,9905.952,15586.0,378.0,25325.0,8677.75,9905.043,15584.0,822.0,0,0,0,0,0.0,545.0,0,0,0,1,0,0,0,0,0.0,108.5,90.0,138.4,0,0,0,0,0,0,5,480,5,552,65535,59,1,32,0.0,0.0,0.0,0.0,0.0,0.0,0.0,0.0
58580,443,6,713.0,479.0,469.0,0.0,71.3,147.2874,341.0,0.0,95.8,149.5299,5816.71,9474.965,23070.0,3.0,89862.0,9979.88,11427.418,27429.0,3.0,50723.0,12260.25,12464.586,23863.0,404.0,0,0,0,0,0.0,469.0,0,0,0,1,0,0,0,0,0.0,79.4667,71.3,95.8,0,0,0,0,0,0,10,713,5,479,65535,972,5,32,0.0,0.0,0.0,0.0,0.0,0.0,0.0,0.0
443,64727,6,0.0,0.0,0.0,0.0,0.0,0.0,0.0,0.0,0.0,0.0,78.0,0.0,78.0,78.0,0.0,0.0,0.0,0.0,0.0,0.0,0.0,0.0,0.0,0.0,0,0,0,0,0.0,0.0,0,0,0,0,1,0,0,0,1.0,0.0,0.0,0.0,0,0,0,0,0,0,1,0,1,0,8192,33304,0,32,0.0,0.0,0.0,0.0,0.0,0.0,0.0,0.0
59299,53,17,68.0,484.0,34.0,34.0,34.0,0.0,242.0,242.0,242.0,0.0,15833.0,27308.312,47598.0,3.0,3.0,3.0,0.0,3.0,3.0,4.0,4.0,0.0,4.0,4.0,0,0,0,0,34.0,242.0,0,0,0,0,0,0,0,0,1.0,146.5,34.0,242.0,0,0,0,0,0,0,2,68,2,484,-1,-1,1,20,0.0,0.0,0.0,0.0,0.0,0.0,0.0,0.0
49964,443,6,896.0,3654.0,549.0,0.0,129.5714,216.7378,1460.0,0.0,432.4,654.0175,166964.57,419750.048,1502592.0,55.0,1089493.0,221398.25,498315.803,1502392.0,8150.0,1519664.0,164995.0,497301.727,1583740.0,248.0,0,0,0,0,0.0,1460.0,0,0,0,1,0,0,0,0,0.0,284.9143,129.5714,432.4,0,0,0,0,0,0,9,896,5,3654,8192,114,8,20,0.0,0.0,0.0,0.0,0.0,0.0,0.0,0.0
63648,53,17,60.0,414.0,30.0,30.0,30.0,0.0,207.0,207.0,207.0,0.0,376140.0,933006.107,2138274.0,3.0,4.0,4.0,0.0,4.0,4.0,3.0,3.0,0.0,3.0,3.0,0,0,0,0,30.0,207.0,0,0,0,0,0,0,0,0,1.0,126.0,30.0,207.0,0,0,0,0,0,0,2,60,2,414,-1,-1,1,32,0.0,0.0,0.0,0.0,0.0,0.0,0.0,0.0
60090,53,17,99.0,210.0,52.0,47.0,49.5,3.5355,104.0,53.0,105.0,13.8173,1678334.33,1885237.043,3683991.0,458.0,3684610.0,3684610.0,0.0,3684610.0,3684610.0,3699511.0,4699511.0,0.0,3699511.0,3699511.0,0,0,0,0,47.0,104.0,0,0,0,0,0,0,0,0,1.0,86.0,49.5,105.0,0,0,0,0,0,0,2,99,2,210,-1,-1,1,20,0.0,0.0,0.0,0.0,0.0,0.0,0.0,0.0
53604,443,6,0.0,0.0,0.0,0.0,0.0,0.0,0.0,0.0,0.0,0.0,172.0,0.0,172.0,172.0,172.0,172.0,0.0,172.0,172.0,0.0,0.0,0.0,0.0,0.0,0,0,0,0,0.0,0.0,0,0,0,0,1,0,0,0,0.0,0.0,0.0,0.0,0,0,0,0,0,0,2,0,0,0,249,-1,0,32,0.0,0.0,0.0,0.0,0.0,0.0,0.0,0.0
443,61594,6,37.0,6.0,37.0,0.0,18.5,26.163,6.0,6.0,6.0,0.0,108.0,46.767,135.0,63.0,217.0,217.0,0.0,217.0,217.0,0.0,0.0,0.0,0.0,0.0,1,0,0,0,0.0,37.0,0,1,0,0,1,0,0,0,0.0,26.6667,18.5,6.0,0,0,0,0,0,0,2,37,1,6,114,0,0,32,0.0,0.0,0.0,0.0,0.0,0.0,0.0,0.0
55071,53,17,132.0,386.0,66.0,66.0,66.0,0.0,193.0,193.0,193.0,0.0,65.0,107.477,187.0,4.0,4.0,4.0,0.0,4.0,4.0,4.0,4.0,0.0,4.0,4.0,0,0,0,0,66.0,193.0,0,0,0,0,0,0,0,0,1.0,148.0,66.0,193.0,0,0,0,0,0,0,2,132,2,386,-1,-1,1,20,0.0,0.0,0.0,0.0,0.0,0.0,0.0,0.0
22176,53,17,64.0,268.0,32.0,32.0,32.0,0.0,134.0,134.0,134.0,0.0,81.33,132.812,240.0,1.0,1.0,1.0,0.0,1.0,1.0,1.0,1.0,0.0,1.0,1.0,0,0,0,0,32.0,134.0,0,0,0,0,0,0,0,0,1.0,91.0,32.0,134.0,0,0,0,0,0,0,2,64,2,268,-1,-1,1,32,0.0,0.0,0.0,0.0,0.0,0.0,0.0,0.0
62379,53,17,55.0,71.0,55.0,55.0,55.0,0.0,71.0,71.0,71.0,0.0,119975.0,0.0,119975.0,119975.0,0.0,0.0,0.0,0.0,0.0,0.0,0.0,0.0,0.0,0.0,0,0,0,0,55.0,71.0,0,0,0,0,0,0,0,0,1.0,90.5,55.0,71.0,0,0,0,0,0,0,1,55,1,71,-1,-1,0,20,0.0,0.0,0.0,0.0,0.0,0.0,0.0,0.0
60680,53,17,99.0,263.0,51.0,48.0,49.5,2.1213,144.0,110.0,131.5,16.0621,32154157.33,53188050.601,96308411.0,48729.0,96354330.0,96354330.0,0.0,96354330.0,96354330.0,96369321.0,96369321.0,0.0,96369321.0,96369321.0,0,0,0,0,48.0,144.0,0,0,0,0,0,0,0,0,1.0,109.0,49.5,131.5,0,0,0,0,0,0,2,99,2,263,-1,-1,1,20,62340.0,0.0,62340.0,62340.0,96308471.0,0.0,96308471.0,96308471.0
443,32954,6,50.0,6.0,38.0,6.0,16.6667,18.4752,6.0,6.0,6.0,0.0,4819.66,9206.841,19206.0,3.0,19418.0,9709.0,11603.588,19200.0,3.0,0.0,0.0,0.0,0.0,0.0,0,0,0,0,6.0,38.0,0,0,0,0,1,0,0,0,0.0,15.5,16.6667,6.0,0,0,0,0,0,0,3,50,1,6,351,0,2,20,0.0,0.0,0.0,0.0,0.0,0.0,0.0,0.0
13117,53,17,70.0,250.0,35.0,35.0,35.0,0.0,125.0,125.0,125.0,0.0,20323.0,35232.907,61964.0,3.0,3.0,3.0,0.0,3.0,3.0,3.0,3.0,0.0,3.0,3.0,0,0,0,0,35.0,125.0,0,0,0,0,0,0,0,0,1.0,88.75,35.0,125.0,0,0,0,0,0,0,2,70,2,250,-1,-1,1,32,0.0,0.0,0.0,0.0,0.0,0.0,0.0,0.0
62779,53,17,42.0,136.0,42.0,42.0,42.0,0.0,136.0,136.0,136.0,0.0,37790.0,0.0,37790.0,37790.0,0.0,0.0,0.0,0.0,0.0,0.0,0.0,0.0,0.0,0.0,0,0,0,0,42.0,136.0,0,0,0,0,0,0,0,0,1.0,110.0,42.0,136.0,0,0,0,0,0,0,1,42,1,136,-1,-1,0,32,0.0,0.0,0.0,0.0,0.0,0.0,0.0,0.0
59714,443,6,0.0,0.0,0.0,0.0,0.0,0.0,0.0,0.0,0.0,0.0,217.0,0.0,217.0,217.0,217.0,217.0,0.0,217.0,217.0,0.0,0.0,0.0,0.0,0.0,0,0,0,0,0.0,0.0,0,0,0,0,1,0,0,0,0.0,0.0,0.0,0.0,0,0,0,0,0,0,2,0,0,0,348,-1,0,32,0.0,0.0,0.0,0.0,0.0,0.0,0.0,0.0
443,62822,6,0.0,0.0,0.0,0.0,0.0,0.0,0.0,0.0,0.0,0.0,26799.0,36248.13,53446.0,38.0,53498.0,53498.0,0.0,53498.0,53498.0,0.0,0.0,0.0,0.0,0.0,0,0,0,0,0.0,0.0,0,0,0,0,1,1,0,0,0.0,0.0,0.0,0.0,0,0,0,0,0,0,2,0,1,0,62,33304,0,32,0.0,0.0,0.0,0.0,0.0,0.0,0.0,0.0
53247,80,6,12.0,0.0,6.0,0.0,4.0,3.4641,0.0,0.0,0.0,0.0,1734256.0,2904967.162,5150133.0,243.0,5193668.0,2596834.0,3547547.234,5150133.0,50872.0,0.0,0.0,0.0,0.0,0.0,0,0,0,0,0.0,6.0,0,0,0,1,0,0,0,0,0.0,3.0,4.0,0.0,0,0,0,0,0,0,3,12,1,0,8192,42780,2,20,0.0,0.0,0.0,0.0,0.0,0.0,0.0,0.0
50166,53,17,104.0,136.0,52.0,52.0,52.0,0.0,68.0,68.0,68.0,0.0,46.33,74.787,133.0,3.0,3.0,3.0,0.0,3.0,3.0,4.0,4.0,0.0,4.0,4.0,0,0,0,0,52.0,68.0,0,0,0,0,0,0,0,0,1.0,73.0,52.0,68.0,0,0,0,0,0,0,2,104,2,136,-1,-1,1,20,0.0,0.0,0.0,0.0,0.0,0.0,0.0,0.0
8948,53,17,82.0,254.0,41.0,41.0,41.0,0.0,127.0,127.0,127.0,0.0,77.33,136.069,235.0,3.0,3.0,3.0,0.0,3.0,3.0,4.0,4.0,0.0,4.0,4.0,0,0,0,0,41.0,127.0,0,0,0,0,0,0,0,0,1.0,94.25,41.0,127.0,0,0,0,0,0,0,2,82,2,254,-1,-1,1,32,0.0,0.0,0.0,0.0,0.0,0.0,0.0,0.0
55366,80,6,445.0,746.0,445.0,0.0,89.0,199.01,746.0,46.0,146.0,400.0,9175.85,15729.824,23800.0,43.0,36160.0,16710.0,13787.818,23885.0,45.0,0.0,0.0,0.0,0.0,0.0,0,0,0,0,0.0,745.0,0,0,0,1,0,0,0,0,0.0,127.8333,89.0,146.0,0,0,0,0,0,0,5,445,1,746,65535,122,1,32,0.0,0.0,0.0,0.0,0.0,0.0,0.0,0.0
58172,443,6,422.0,9676.0,373.0,0.0,47.0,109.4553,2036.0,0.0,849.5,902.7814,460212.17,1938318.449,7216910.0,2.0,7460178.0,986507.3,2887544.897,7216910.0,3.0,336163.0,49667.0,61823.807,223552.0,50.0,0,0,0,0,0.0,2036.0,0,0,0,1,0,0,0,0,0.0,411.4286,47.0,849.5,0,0,0,0,0,0,16,422,12,9676,65535,61,4,32,0.0,0.0,0.0,0.0,0.0,0.0,0.0,0.0
50088,80,6,436.0,1766.0,436.0,0.0,87.2,194.9851,1766.0,0.0,592.0,1003.0,4484.25,7026.425,17791.0,27.0,33344.0,8336.0,7227.786,10862.0,480.0,32938.0,10912.0,16592.38,12605.0,144.0,0,0,0,0,0.0,1766.0,0,0,0,1,0,0,0,0,0.0,277.25,87.2,592.0,0,0,0,0,0,0,5,436,3,1766,65535,939,1,32,0.0,0.0,0.0,0.0,0.0,0.0,0.0,0.0
443,57717,6,6.0,6.0,6.0,6.0,6.0,0.0,6.0,6.0,6.0,0.0,91.0,0.0,91.0,91.0,0.0,0.0,0.0,0.0,0.0,0.0,0.0,0.0,0.0,0.0,0,0,0,0,6.0,6.0,0,0,0,0,1,1,0,0,1.0,9.0,6.0,6.0,0,0,0,0,0,0,1,6,1,6,31256,252,0,20,0.0,0.0,0.0,0.0,0.0,0.0,0.0,0.0
11055,53,17,70.0,102.0,35.0,35.0,35.0,0.0,51.0,51.0,51.0,0.0,72.0,42.715,120.0,46.0,46.0,46.0,0.0,46.0,46.0,47.0,47.0,0.0,47.0,47.0,0,0,0,0,35.0,51.0,0,0,0,0,0,0,0,0,1.0,51.75,35.0,51.0,0,0,0,0,0,0,2,70,2,102,-1,-1,1,32,0.0,0.0,0.0,0.0,0.0,0.0,0.0,0.0
62080,53,17,54.0,109.0,54.0,54.0,54.0,0.0,109.0,109.0,109.0,0.0,501.0,0.0,501.0,501.0,0.0,0.0,0.0,0.0,0.0,0.0,0.0,0.0,0.0,0.0,0,0,0,0,54.0,109.0,0,0,0,0,0,0,0,0,1.0,108.5,54.0,109.0,0,0,0,0,0,0,1,54,1,109,-1,-1,0,20,0.0,0.0,0.0,0.0,0.0,0.0,0.0,0.0
443,59192,6,6.0,6.0,6.0,6.0,6.0,0.0,6.0,6.0,6.0,0.0,21.0,0.0,21.0,21.0,0.0,0.0,0.0,0.0,0.0,0.0,0.0,0.0,0.0,0.0,0,0,0,0,6.0,6.0,0,0,0,0,1,1,0,0,1.0,9.0,6.0,6.0,0,0,0,0,0,0,1,6,1,6,32,32850,0,20,0.0,0.0,0.0,0.0,0.0,0.0,0.0,0.0
55352,53,17,60.0,264.0,30.0,30.0,30.0,0.0,132.0,132.0,132.0,0.0,40460.0,70137.747,121473.0,3.0,4.0,4.0,0.0,4.0,4.0,3.0,3.0,0.0,3.0,3.0,0,0,0,0,30.0,132.0,0,0,0,0,0,0,0,0,1.0,88.5,30.0,132.0,0,0,0,0,0,0,2,60,2,264,-1,-1,1,20,0.0,0.0,0.0,0.0,0.0,0.0,0.0,0.0
53180,1964,6,0.0,0.0,0.0,0.0,0.0,0.0,0.0,0.0,0.0,0.0,182.0,0.0,182.0,182.0,0.0,0.0,0.0,0.0,0.0,0.0,0.0,0.0,0.0,0.0,0,0,0,0,0.0,0.0,0,0,0,0,1,1,0,0,1.0,0.0,0.0,0.0,0,0,0,0,0,0,1,0,1,0,229,269,0,32,0.0,0.0,0.0,0.0,0.0,0.0,0.0,0.0
62172,53,17,46.0,62.0,46.0,46.0,46.0,0.0,62.0,62.0,62.0,0.0,31190.0,0.0,31190.0,31190.0,0.0,0.0,0.0,0.0,0.0,0.0,0.0,0.0,0.0,0.0,0,0,0,0,46.0,62.0,0,0,0,0,0,0,0,0,1.0,77.0,46.0,62.0,0,0,0,0,0,0,1,46,1,62,-1,-1,0,32,0.0,0.0,0.0,0.0,0.0,0.0,0.0,0.0
53521,135,6,0.0,0.0,0.0,0.0,0.0,0.0,0.0,0.0,0.0,0.0,44.0,0.0,44.0,44.0,0.0,0.0,0.0,0.0,0.0,0.0,0.0,0.0,0.0,0.0,0,0,0,0,0.0,0.0,0,0,0,0,1,1,0,0,1.0,0.0,0.0,0.0,0,0,0,0,0,0,1,0,1,0,33304,269,0,32,0.0,0.0,0.0,0.0,0.0,0.0,0.0,0.0
53431,443,6,482.0,644.0,322.0,0.0,80.3333,133.2031,485.0,0.0,92.0,179.684,59791.16,108505.7,268437.0,4.0,792742.0,146774.4,151598.119,268437.0,51561.0,619865.0,166400.75,155308.812,300952.0,4.0,0,0,0,0,0.0,485.0,0,0,0,1,0,0,0,0,1.0,86.6154,80.3333,92.0,0,0,0,0,0,0,6,482,9,644,65535,114,3,32,0.0,0.0,0.0,0.0,0.0,0.0,0.0,0.0
56521,443,6,4789.0,5905.0,2485.0,0.0,385.8824,718.4405,1905.0,0.0,585.3333,718.8609,370489.3,1820117.451,9999062.0,2.0,10540754.0,795170.16,2231299.247,9999085.0,2.0,10555310.0,799029.45,2113355.679,9999161.0,2.0,0,0,0,0,0.0,2985.0,0,0,0,1,0,0,0,0,1.0,514.1,385.8824,585.3333,0,0,0,0,0,0,13,4789,15,5905,29200,1130,5,32,999950.0,0.0,999950.0,999950.0,9999078.0,0.0,9999068.0,9999078.0
58035,53,17,72.0,232.0,36.0,36.0,36.0,0.0,116.0,116.0,116.0,0.0,70.33,80.413,160.0,4.0,47.0,47.0,0.0,47.0,47.0,4.0,4.0,0.0,4.0,4.0,0,0,0,0,36.0,116.0,0,0,0,0,0,0,0,0,1.0,85.0,36.0,116.0,0,0,0,0,0,0,2,72,2,232,-1,-1,1,20,0.0,0.0,0.0,0.0,0.0,0.0,0.0,0.0
80,49843,6,6.0,6.0,6.0,6.0,6.0,0.0,6.0,6.0,6.0,0.0,27.0,0.0,27.0,27.0,0.0,0.0,0.0,0.0,0.0,0.0,0.0,0.0,0.0,0.0,0,0,0,0,6.0,6.0,0,0,0,0,1,1,0,0,1.0,9.0,6.0,6.0,0,0,0,0,0,0,1,6,1,6,106,256,0,20,0.0,0.0,0.0,0.0,0.0,0.0,0.0,0.0
443,59819,6,6.0,6.0,6.0,6.0,6.0,0.0,6.0,6.0,6.0,0.0,24.0,0.0,24.0,24.0,0.0,0.0,0.0,0.0,0.0,0.0,0.0,0.0,0.0,0.0,0,0,0,0,6.0,6.0,0,0,0,0,1,1,0,0,1.0,9.0,6.0,6.0,0,0,0,0,0,0,1,6,1,6,31856,64209,0,20,0.0,0.0,0.0,0.0,0.0,0.0,0.0,0.0
54683,443,6,974.0,7387.0,469.0,0.0,64.9333,134.266,1581.0,0.0,671.5455,745.9321,15330.64,27549.68,93288.0,1.0,320373.0,25529.57,36289.295,105030.0,1.0,291013.0,25137.5,36528.396,95975.0,2.0,0,0,0,0,0.0,1581.0,0,0,0,1,0,0,0,0,0.0,321.5769,64.9333,671.5455,0,0,0,0,0,0,15,974,11,7387,65535,357,6,32,0.0,0.0,0.0,0.0,0.0,0.0,0.0,0.0
443,50400,6,0.0,0.0,0.0,0.0,0.0,0.0,0.0,0.0,0.0,0.0,27.0,0.0,27.0,27.0,0.0,0.0,0.0,0.0,0.0,0.0,0.0,0.0,0.0,0.0,0,0,0,0,0.0,0.0,0,0,0,0,1,0,0,0,1.0,0.0,0.0,0.0,0,0,0,0,0,0,1,0,1,0,349,32832,0,32,0.0,0.0,0.0,0.0,0.0,0.0,0.0,0.0
443,48849,6,256.0,0.0,258.0,6.0,154.0,140.7055,0.0,0.0,0.0,0.0,3.0,0.0,3.0,3.0,3.0,3.0,0.0,3.0,3.0,0.0,0.0,0.0,0.0,0.0,1,0,0,0,6.0,258.0,0,1,0,0,1,0,0,0,0.0,250.5,154.0,0.0,0,0,0,0,0,0,2,256,0,0,247,-1,1,20,0.0,0.0,0.0,0.0,0.0,0.0,0.0,0.0
2507,443,6,18.0,0.0,6.0,6.0,6.0,0.0,0.0,0.0,0.0,0.0,18012249.2,24626439.029,45000399.0,23870.0,90052829.0,45026464.5,9485.359,45032319.0,45015660.0,90051262.0,45020180.0,2161.827,45026160.0,45021381.0,0,0,0,0,0.0,6.0,0,0,0,0,1,0,0,0,1.0,4.0,6.0,0.0,0,0,0,0,0,0,3,18,3,0,258,1069,2,20,23894.5,118.991,23340.0,23892.0,45000331.0,8393.432,45000392.0,45000100.0
62530,53,17,96.0,247.0,53.0,43.0,48.0,5.6569,173.0,106.0,123.5,42.4715,33886876.33,51965616.621,107431602.0,23151.0,107467328.0,107467328.0,0.0,107467328.0,107467328.0,107454401.0,107454401.0,0.0,107454401.0,107454401.0,0,0,0,0,43.0,173.0,0,0,0,0,0,0,0,0,1.0,97.25,48.0,123.5,0,0,0,0,0,0,2,96,2,247,-1,-1,1,20,60889.0,0.0,60889.0,60889.0,107431684.0,0.0,107431684.0,107431684.0
80,53189,6,6.0,6.0,6.0,6.0,6.0,0.0,6.0,6.0,6.0,0.0,63.0,0.0,63.0,63.0,0.0,0.0,0.0,0.0,0.0,0.0,0.0,0.0,0.0,0.0,0,0,0,0,6.0,6.0,0,0,0,0,1,1,0,0,1.0,9.0,6.0,6.0,0,0,0,0,0,0,1,6,1,6,8190,64214,0,20,0.0,0.0,0.0,0.0,0.0,0.0,0.0,0.0
52484,443,6,74.0,0.0,37.0,37.0,37.0,0.0,0.0,0.0,0.0,0.0,64069117.0,0.0,64069117.0,64069117.0,64069117.0,64069117.0,0.0,64069117.0,64069117.0,0.0,0.0,0.0,0.0,0.0,1,0,0,0,37.0,37.0,0,1,0,0,1,1,0,0,0.0,55.5,37.0,0.0,0,0,0,0,0,0,2,74,0,0,65535,-1,1,32,0.0,0.0,0.0,0.0,0.0,0.0,0.0,0.0
62406,57603,17,44.0,60.0,44.0,44.0,44.0,0.0,60.0,60.0,60.0,0.0,23001.0,0.0,23001.0,23001.0,0.0,0.0,0.0,0.0,0.0,0.0,0.0,0.0,0.0,0.0,0,0,0,0,44.0,60.0,0,0,0,0,0,0,0,0,1.0,74.0,44.0,60.0,0,0,0,0,0,0,1,44,1,60,-1,-1,0,20,0.0,0.0,0.0,0.0,0.0,0.0,0.0,0.0
56957,80,6,12.0,0.0,6.0,6.0,6.0,0.0,0.0,0.0,0.0,0.0,80.0,0.0,80.0,80.0,80.0,80.0,0.0,80.0,80.0,0.0,0.0,0.0,0.0,0.0,0,0,0,0,6.0,6.0,0,0,0,0,1,0,0,0,0.0,9.0,6.0,0.0,0,0,0,0,0,0,2,12,0,0,254,-1,1,20,0.0,0.0,0.0,0.0,0.0,0.0,0.0,0.0
55978,443,6,864.0,4511.0,373.0,0.0,49.2143,103.6275,1460.0,2.0,261.5263,506.7377,2410191.07,4273255.654,10000682.0,3.0,91440213.0,4644448.43,5172225.268,10021620.0,3.0,91141503.0,4714870.38,4934104.152,10026213.0,3.0,0,0,0,0,0.0,1460.0,0,0,0,1,0,0,0,0,1.0,167.4714,49.2143,261.5263,0,0,0,0,0,0,14,864,19,4511,8192,33904,13,20,37482.75,199689.1,477364.0,29704.0,9998742.66,92.267,10000681.0,9976764.0
58813,443,6,31.0,0.0,31.0,0.0,10.3333,17.8979,0.0,0.0,0.0,0.0,16.0,32.426,38.0,3.0,48.0,24.0,32.821,48.0,3.0,0.0,0.0,0.0,0.0,0.0,0,0,0,0,0.0,31.0,0,0,0,0,1,0,0,0,0.0,10.3333,10.3333,0.0,0,0,0,0,0,0,3,31,0,0,259,-1,1,32,0.0,0.0,0.0,0.0,0.0,0.0,0.0,0.0
443,59391,6,0.0,0.0,0.0,0.0,0.0,0.0,0.0,0.0,0.0,0.0,3.0,0.0,3.0,3.0,3.0,3.0,0.0,3.0,3.0,0.0,0.0,0.0,0.0,0.0,0,0,0,0,0.0,0.0,0,0,0,0,1,0,0,0,0.0,0.0,0.0,0.0,0,0,0,0,0,0,2,0,0,0,357,-1,0,32,0.0,0.0,0.0,0.0,0.0,0.0,0.0,0.0
51509,443,6,817.0,447.0,565.0,0.0,81.3846,181.992,309.0,0.0,89.4,132.5313,25081.14,56816.816,118676.0,3.0,357073.0,34737.3,57439.529,112978.0,3.0,253620.0,55406.5,75969.221,128372.0,3.0,0,0,0,0,0.0,565.0,0,0,0,1,0,0,0,0,0.0,80.7857,81.3846,89.4,0,0,0,0,0,0,13,817,5,447,65535,974,5,32,0.0,0.0,0.0,0.0,0.0,0.0,0.0,0.0
51200,80,6,12.0,0.0,6.0,0.0,4.0,3.4641,0.0,0.0,0.0,0.0,1898340.33,3227333.303,5646641.0,102.0,5676141.0,2838070.5,3957786.353,5646641.0,235502.0,0.0,0.0,0.0,0.0,0.0,0,0,0,0,0.0,6.0,0,0,0,1,0,0,0,0,0.0,3.0,4.0,0.0,0,0,0,0,0,0,3,12,1,0,8192,17380,2,20,0.0,0.0,0.0,0.0,0.0,0.0,0.0,0.0
443,5357,6,12.0,0.0,6.0,6.0,6.0,0.0,0.0,0.0,0.0,0.0,295.0,0.0,295.0,295.0,295.0,295.0,0.0,295.0,295.0,0.0,0.0,0.0,0.0,0.0,0,0,0,0,6.0,6.0,0,0,0,0,1,0,0,0,0.0,9.0,6.0,0.0,0,0,0,0,0,0,2,12,0,0,30,-1,1,20,0.0,0.0,0.0,0.0,0.0,0.0,0.0,0.0
62763,53,17,52.0,120.0,52.0,52.0,52.0,0.0,120.0,120.0,120.0,0.0,30774.0,0.0,30774.0,30774.0,0.0,0.0,0.0,0.0,0.0,0.0,0.0,0.0,0.0,0.0,0,0,0,0,52.0,120.0,0,0,0,0,0,0,0,0,1.0,112.0,52.0,120.0,0,0,0,0,0,0,1,52,1,120,-1,-1,0,20,0.0,0.0,0.0,0.0,0.0,0.0,0.0,0.0
50522,443,6,952.0,4826.0,469.0,0.0,75.2,144.2971,1448.0,0.0,545.6,643.9625,9327.0,12181.499,36680.0,1.0,181812.0,17648.33,18180.264,36914.0,1.0,122818.0,18652.0,20044.079,57460.0,2.0,0,0,0,0,0.0,1448.0,0,0,0,1,0,0,0,0,0.0,254.4124,75.2,545.6,0,0,0,0,0,0,10,952,8,4826,65535,1014,6,32,0.0,0.0,0.0,0.0,0.0,0.0,0.0,0.0
49740,443,6,3222.0,2419.0,1448.0,0.0,177.8333,393.085,1271.0,0.0,153.8571,303.4301,16114.29,22451.487,56387.0,3.0,374182.0,24083.14,29487.55,59307.0,3.0,215789.0,32894.16,43275.349,79999.0,662.0,0,0,0,0,0.0,1448.0,0,0,0,1,0,0,0,0,0.0,179.45,177.8333,153.8571,0,0,0,0,0,0,22,3222,7,2419,65535,1120,7,32,0.0,0.0,0.0,0.0,0.0,0.0,0.0,0.0
55746,80,6,0.0,0.0,0.0,0.0,0.0,0.0,0.0,0.0,0.0,0.0,30970.0,0.0,30970.0,30970.0,0.0,0.0,0.0,0.0,0.0,0.0,0.0,0.0,0.0,0.0,0,0,0,0,0.0,0.0,0,0,0,0,1,1,0,0,1.0,0.0,0.0,0.0,0,0,0,0,0,0,1,0,1,0,256,129,0,32,0.0,0.0,0.0,0.0,0.0,0.0,0.0,0.0
63037,80,6,1031.0,2267.0,1031.0,0.0,203.2,462.3682,1448.0,0.0,561.4,703.3915,10343.0,15795.666,36424.0,4.0,64358.0,16589.5,19380.108,36807.0,5.0,38305.0,16161.25,23682.313,37936.0,4.0,0,0,0,0,0.0,1448.0,0,0,0,1,0,0,0,0,1.0,398.875,203.2,561.4,0,0,0,0,0,0,5,1031,5,2267,65535,522,1,32,0.0,0.0,0.0,0.0,0.0,0.0,0.0,0.0
61690,53,17,44.0,190.0,44.0,44.0,44.0,0.0,190.0,190.0,190.0,0.0,61099.0,0.0,61099.0,61099.0,0.0,0.0,0.0,0.0,0.0,0.0,0.0,0.0,0.0,0.0,0,0,0,0,44.0,190.0,0,0,0,0,0,0,0,0,1.0,139.0,44.0,190.0,0,0,0,0,0,0,1,44,1,190,-1,-1,0,32,0.0,0.0,0.0,0.0,0.0,0.0,0.0,0.0
21851,53,17,62.0,328.0,31.0,31.0,31.0,0.0,164.0,164.0,164.0,0.0,10267.66,17726.589,30795.0,3.0,3.0,3.0,0.0,3.0,3.0,3.0,3.0,0.0,3.0,3.0,0,0,0,0,31.0,164.0,0,0,0,0,0,0,0,0,1.0,105.25,31.0,164.0,0,0,0,0,0,0,2,62,2,328,-1,-1,1,32,0.0,0.0,0.0,0.0,0.0,0.0,0.0,0.0
58940,53,17,78.0,110.0,39.0,39.0,39.0,0.0,55.0,55.0,55.0,0.0,48.33,76.21,138.0,3.0,3.0,3.0,0.0,3.0,3.0,3.0,3.0,0.0,3.0,3.0,0,0,0,0,39.0,55.0,0,0,0,0,0,0,0,0,1.0,56.75,39.0,55.0,0,0,0,0,0,0,2,78,2,110,-1,-1,1,20,0.0,0.0,0.0,0.0,0.0,0.0,0.0,0.0
50076,443,6,974.0,7387.0,469.0,0.0,64.9333,134.266,1581.0,0.0,671.5455,745.9321,12628.88,24516.602,73838.0,0.0,328234.0,29229.57,34020.426,74608.0,0.0,256689.0,28506.0,44704.623,93925.0,2.0,0,0,0,0,0.0,1581.0,0,0,0,1,0,0,0,0,0.0,321.5769,64.9333,671.5455,0,0,0,0,0,0,15,974,11,7387,65535,357,6,32,0.0,0.0,0.0,0.0,0.0,0.0,0.0,0.0
43756,443,6,1155.0,22548.0,517.0,0.0,58.6952,146.5291,2896.0,0.0,864.7408,941.4256,1904843.56,3988972.123,10025054.0,1.0,116897070.0,3526087.02,4952016.847,10048014.0,3.0,111055930.0,4666503.2,4943888.244,10048296.0,3.0,0,0,0,0,0.0,2896.0,0,0,0,1,0,0,0,0,1.0,498.885,58.6952,864.7408,0,0,0,0,0,0,31,1155,35,22548,29200,290,4,32,48893.27,134999.277,493544.0,36179.0,9635147.72,1379947.18,10025057.0,5060842.0
55283,80,6,12.0,0.0,6.0,0.0,4.0,3.4641,0.0,0.0,0.0,0.0,2008943.66,3434470.53,5991467.0,44.0,6025333.0,3012666.5,4226934.587,5991467.0,12043.0,0.0,0.0,0.0,0.0,0.0,0,0,0,0,0.0,6.0,0,0,0,1,0,0,0,0,0.0,3.0,4.0,0.0,0,0,0,0,0,0,3,12,1,0,8192,29200,2,20,0.0,0.0,0.0,0.0,0.0,0.0,0.0,0.0
57328,443,6,74.0,0.0,37.0,37.0,37.0,0.0,0.0,0.0,0.0,0.0,64060604.0,0.0,64060604.0,64060604.0,64060604.0,64060604.0,0.0,64060604.0,64060604.0,0.0,0.0,0.0,0.0,0.0,1,0,0,0,37.0,37.0,0,1,0,0,1,1,0,0,0.0,55.5,37.0,0.0,0,0,0,0,0,0,2,74,0,0,32953,-1,1,20,0.0,0.0,0.0,0.0,0.0,0.0,0.0,0.0
443,60421,6,0.0,18.0,0.0,0.0,0.0,0.0,6.0,6.0,6.0,0.0,43670.25,87958.079,179350.0,1.0,179455.0,179455.0,0.0,179455.0,179455.0,49.0,24.5,31.077,48.0,1.0,0,0,0,0,0.0,6.0,0,0,0,0,1,0,0,0,1.0,3.6,0.0,6.0,0,0,0,0,0,0,2,0,3,18,116,0,0,32,0.0,0.0,0.0,0.0,0.0,0.0,0.0,0.0
443,55855,6,375.0,6.0,242.0,6.0,170.7143,120.5658,6.0,6.0,6.0,0.0,122.25,160.649,223.0,1.0,259.0,129.5,220.877,202.0,1.0,0.0,0.0,0.0,0.0,0.0,1,0,0,0,6.0,242.0,0,1,0,0,1,0,0,0,0.0,173.25,170.7143,6.0,0,0,0,0,0,0,7,375,1,6,31,0,6,20,0.0,0.0,0.0,0.0,0.0,0.0,0.0,0.0
63833,53,17,80.0,112.0,40.0,40.0,40.0,0.0,56.0,56.0,56.0,0.0,46.66,75.779,133.0,3.0,3.0,3.0,0.0,3.0,3.0,3.0,3.0,0.0,3.0,3.0,0,0,0,0,40.0,56.0,0,0,0,0,0,0,0,0,1.0,58.0,40.0,56.0,0,0,0,0,0,0,2,80,2,112,-1,-1,1,20,0.0,0.0,0.0,0.0,0.0,0.0,0.0,0.0
443,62835,6,0.0,18.0,0.0,0.0,0.0,0.0,6.0,6.0,6.0,0.0,25383.25,50495.363,106940.0,1.0,106746.0,106746.0,0.0,106746.0,106746.0,5.0,2.5,2.234,4.0,1.0,0,0,0,0,0.0,6.0,0,0,0,0,1,0,0,0,1.0,3.6,0.0,6.0,0,0,0,0,0,0,2,0,3,18,115,0,0,32,0.0,0.0,0.0,0.0,0.0,0.0,0.0,0.0
63149,80,6,996.0,15781.0,430.0,0.0,47.4737,122.0115,1460.0,0.0,474.6544,623.6508,3260619.78,4630986.323,10006175.0,1.0,114072023.0,6119214.38,4689753.999,10043754.0,1473.0,110447814.0,6194774.35,4915833.316,10049482.0,49.0,0,0,0,0,0.0,1460.0,0,0,0,1,0,0,0,0,1.0,265.9087,47.4737,474.6544,0,0,0,0,0,0,19,996,23,15781,8192,980,18,20,20482.36,32899.039,71075.0,14088.0,10009451.72,4740.875,10006173.0,9997549.0
62016,443,6,74.0,0.0,37.0,37.0,37.0,0.0,0.0,0.0,0.0,0.0,8004566.0,0.0,8004566.0,8004566.0,8004566.0,8004566.0,0.0,8004566.0,8004566.0,0.0,0.0,0.0,0.0,0.0,1,0,0,0,37.0,37.0,0,1,0,0,1,1,0,0,0.0,55.5,37.0,0.0,0,0,0,0,0,0,2,74,0,0,33304,-1,1,32,0.0,0.0,0.0,0.0,0.0,0.0,0.0,0.0
53244,53,17,88.0,210.0,44.0,44.0,44.0,0.0,105.0,105.0,105.0,0.0,10275.66,17775.896,30772.0,3.0,3.0,3.0,0.0,3.0,3.0,48.0,48.0,0.0,48.0,48.0,0,0,0,0,44.0,105.0,0,0,0,0,0,0,0,0,1.0,85.5,44.0,105.0,0,0,0,0,0,0,2,88,2,210,-1,-1,1,20,0.0,0.0,0.0,0.0,0.0,0.0,0.0,0.0
443,55256,6,0.0,0.0,0.0,0.0,0.0,0.0,0.0,0.0,0.0,0.0,84.0,0.0,84.0,84.0,0.0,0.0,0.0,0.0,0.0,0.0,0.0,0.0,0.0,0.0,0,0,0,0,0.0,0.0,0,0,0,0,1,1,0,0,1.0,0.0,0.0,0.0,0,0,0,0,0,0,1,0,1,0,349,783,0,32,0.0,0.0,0.0,0.0,0.0,0.0,0.0,0.0
45115,80,6,0.0,0.0,0.0,0.0,0.0,0.0,0.0,0.0,0.0,0.0,1916842.66,3219025.881,5623401.0,56.0,5753906.0,2876953.0,4074495.625,5623401.0,23342.0,0.0,0.0,0.0,0.0,0.0,0,0,0,0,0.0,0.0,0,0,0,1,0,0,0,0,0.0,0.0,0.0,0.0,0,0,0,0,0,0,3,0,1,0,29200,65535,0,32,0.0,0.0,0.0,0.0,0.0,0.0,0.0,0.0
62053,53,17,69.0,150.0,69.0,69.0,69.0,0.0,150.0,150.0,150.0,0.0,60394.0,0.0,60394.0,60394.0,0.0,0.0,0.0,0.0,0.0,0.0,0.0,0.0,0.0,0.0,0,0,0,0,69.0,150.0,0,0,0,0,0,0,0,0,1.0,154.0,69.0,150.0,0,0,0,0,0,0,1,69,1,150,-1,-1,0,20,0.0,0.0,0.0,0.0,0.0,0.0,0.0,0.0
41704,443,6,123.0,46.0,46.0,0.0,24.6,23.2766,46.0,46.0,46.0,0.0,1182903.0,2484004.577,5536994.0,15.0,5735106.0,1403774.0,2849135.36,5536994.0,17.0,0.0,0.0,0.0,0.0,0.0,1,0,0,0,0.0,46.0,0,1,0,0,1,0,0,0,0.0,35.8333,24.6,46.0,0,0,0,0,0,0,5,123,1,46,365,622,2,32,75636.0,0.0,75636.0,75636.0,5536905.0,0.0,5516905.0,5536905.0
61256,53,17,59.0,117.0,59.0,59.0,59.0,0.0,117.0,117.0,117.0,0.0,23510.0,0.0,23510.0,23510.0,0.0,0.0,0.0,0.0,0.0,0.0,0.0,0.0,0.0,0.0,0,0,0,0,59.0,117.0,0,0,0,0,0,0,0,0,1.0,117.5,59.0,117.0,0,0,0,0,0,0,1,59,1,117,-1,-1,0,20,0.0,0.0,0.0,0.0,0.0,0.0,0.0,0.0
443,61220,6,0.0,0.0,0.0,0.0,0.0,0.0,0.0,0.0,0.0,0.0,55.0,0.0,55.0,55.0,0.0,0.0,0.0,0.0,0.0,0.0,0.0,0.0,0.0,0.0,0,0,0,0,0.0,0.0,0,0,0,0,1,1,0,0,1.0,0.0,0.0,0.0,0,0,0,0,0,0,1,0,1,0,357,32832,0,32,0.0,0.0,0.0,0.0,0.0,0.0,0.0,0.0
55372,53,17,66.0,122.0,33.0,33.0,33.0,0.0,61.0,61.0,61.0,0.0,97.33,120.297,244.0,1.0,48.0,48.0,0.0,48.0,48.0,1.0,1.0,0.0,1.0,1.0,0,0,0,0,33.0,61.0,0,0,0,0,0,0,0,0,1.0,55.25,33.0,61.0,0,0,0,0,0,0,2,66,2,122,-1,-1,1,32,0.0,0.0,0.0,0.0,0.0,0.0,0.0,0.0
13822,53,17,80.0,336.0,40.0,40.0,40.0,0.0,168.0,168.0,168.0,0.0,68392.66,117972.708,185166.0,3.0,3.0,3.0,0.0,3.0,3.0,4.0,4.0,0.0,4.0,4.0,0,0,0,0,40.0,168.0,0,0,0,0,0,0,0,0,1.0,114.0,40.0,168.0,0,0,0,0,0,0,2,80,2,336,-1,-1,1,40,0.0,0.0,0.0,0.0,0.0,0.0,0.0,0.0
443,64478,6,12.0,0.0,6.0,6.0,6.0,0.0,0.0,0.0,0.0,0.0,281.0,0.0,281.0,281.0,281.0,281.0,0.0,281.0,281.0,0.0,0.0,0.0,0.0,0.0,0,0,0,0,6.0,6.0,0,0,0,0,1,0,0,0,0.0,9.0,6.0,0.0,0,0,0,0,0,0,2,12,0,0,30030,-1,1,20,0.0,0.0,0.0,0.0,0.0,0.0,0.0,0.0
443,51287,6,0.0,0.0,0.0,0.0,0.0,0.0,0.0,0.0,0.0,0.0,26494.0,37352.647,52846.0,40.0,52998.0,52998.0,0.0,52998.0,52998.0,0.0,0.0,0.0,0.0,0.0,0,0,0,0,0.0,0.0,0,0,0,0,1,0,0,0,0.0,0.0,0.0,0.0,0,0,0,0,0,0,2,0,1,0,349,32832,0,32,0.0,0.0,0.0,0.0,0.0,0.0,0.0,0.0
60627,53,17,70.0,216.0,35.0,35.0,35.0,0.0,108.0,108.0,108.0,0.0,56.0,51.311,116.0,3.0,3.0,3.0,0.0,3.0,3.0,48.0,48.0,0.0,48.0,48.0,0,0,0,0,35.0,108.0,0,0,0,0,0,0,0,0,1.0,70.25,35.0,108.0,0,0,0,0,0,0,2,70,2,216,-1,-1,1,40,0.0,0.0,0.0,0.0,0.0,0.0,0.0,0.0
12022,53,17,70.0,262.0,35.0,35.0,35.0,0.0,131.0,131.0,131.0,0.0,30599.0,52963.988,91799.0,1.0,1.0,1.0,0.0,1.0,1.0,3.0,3.0,0.0,3.0,3.0,0,0,0,0,35.0,131.0,0,0,0,0,0,0,0,0,1.0,91.75,35.0,131.0,0,0,0,0,0,0,2,70,2,262,-1,-1,1,32,0.0,0.0,0.0,0.0,0.0,0.0,0.0,0.0
61452,53,17,46.0,117.0,46.0,46.0,46.0,0.0,117.0,117.0,117.0,0.0,542.0,0.0,542.0,542.0,0.0,0.0,0.0,0.0,0.0,0.0,0.0,0.0,0.0,0.0,0,0,0,0,46.0,117.0,0,0,0,0,0,0,0,0,1.0,104.5,46.0,117.0,0,0,0,0,0,0,1,46,1,117,-1,-1,0,20,0.0,0.0,0.0,0.0,0.0,0.0,0.0,0.0
62374,53,17,47.0,175.0,47.0,47.0,47.0,0.0,175.0,175.0,175.0,0.0,31995.0,0.0,31995.0,31995.0,0.0,0.0,0.0,0.0,0.0,0.0,0.0,0.0,0.0,0.0,0,0,0,0,47.0,175.0,0,0,0,0,0,0,0,0,1.0,134.5,47.0,175.0,0,0,0,0,0,0,1,47,1,175,-1,-1,0,32,0.0,0.0,0.0,0.0,0.0,0.0,0.0,0.0
443,37076,6,0.0,0.0,0.0,0.0,0.0,0.0,0.0,0.0,0.0,0.0,4.0,0.0,4.0,4.0,4.0,4.0,0.0,4.0,4.0,0.0,0.0,0.0,0.0,0.0,0,0,0,0,0.0,0.0,0,0,0,0,1,0,0,0,0.0,0.0,0.0,0.0,0,0,0,0,0,0,2,0,0,0,5727,-1,0,32,0.0,0.0,0.0,0.0,0.0,0.0,0.0,0.0
17674,53,17,84.0,228.0,42.0,42.0,42.0,0.0,114.0,114.0,114.0,0.0,69.33,112.355,205.0,1.0,1.0,1.0,0.0,1.0,1.0,1.0,1.0,0.0,1.0,1.0,0,0,0,0,42.0,114.0,0,0,0,0,0,0,0,0,1.0,88.5,42.0,114.0,0,0,0,0,0,0,2,84,2,228,-1,-1,1,40,0.0,0.0,0.0,0.0,0.0,0.0,0.0,0.0
55023,80,6,1378.0,4380.0,490.0,0.0,148.5,209.0472,772.0,0.0,496.0,491.4633,1761631.95,3640444.805,10008814.0,2.0,12189951.0,3234378.42,4309589.064,10008814.0,27235.0,12410442.0,3907063.71,4606102.24,10037983.0,1532.0,0,0,0,0,0.0,772.0,0,0,0,1,0,0,0,0,0.0,308.5845,148.5,496.0,0,0,0,0,0,0,12,1378,8,4380,8192,1007,8,20,2894265.0,2736101.672,5621415.0,23211.0,9198801.33,58060.905,10008813.0,9745721.0
38904,53,17,104.0,352.0,52.0,52.0,52.0,0.0,176.0,176.0,176.0,0.0,69.33,116.501,202.0,1.0,1.0,1.0,0.0,1.0,1.0,1.0,1.0,0.0,1.0,1.0,0,0,0,0,52.0,176.0,0,0,0,0,0,0,0,0,1.0,127.0,52.0,176.0,0,0,0,0,0,0,2,104,2,352,-1,-1,1,40,0.0,0.0,0.0,0.0,0.0,0.0,0.0,0.0
55523,443,6,1243.0,5802.0,453.0,0.0,90.6154,142.4204,1839.0,0.0,490.4545,702.8798,1843665.96,10855796.53,44993309.0,1.0,60837675.0,4066321.58,13502026.875,44993309.0,1.0,65838341.0,3364386.1,13863260.713,45059022.0,3.0,0,0,0,0,0.0,1839.0,0,0,0,1,0,0,0,0,1.0,331.687,90.6154,490.4545,0,0,0,0,0,0,13,1243,11,5802,65535,117,6,32,996689.0,64850.62,518514.0,50628.0,30249252.0,20030566.865,44993303.0,15219291.0
61379,53,17,50.0,131.0,50.0,50.0,50.0,0.0,131.0,131.0,131.0,0.0,30200.0,0.0,30200.0,30200.0,0.0,0.0,0.0,0.0,0.0,0.0,0.0,0.0,0.0,0.0,0,0,0,0,50.0,131.0,0,0,0,0,0,0,0,0,1.0,115.5,50.0,131.0,0,0,0,0,0,0,1,50,1,131,-1,-1,0,20,0.0,0.0,0.0,0.0,0.0,0.0,0.0,0.0
6873,53,17,68.0,158.0,34.0,34.0,34.0,0.0,79.0,79.0,79.0,0.0,82.66,141.126,242.0,0.0,1.0,1.0,0.0,1.0,1.0,0.0,0.0,0.0,0.0,0.0,0,0,0,0,34.0,79.0,0,0,0,0,0,0,0,0,1.0,65.0,34.0,79.0,0,0,0,0,0,0,2,68,2,158,-1,-1,1,32,0.0,0.0,0.0,0.0,0.0,0.0,0.0,0.0
33386,443,6,6.0,6.0,6.0,6.0,6.0,0.0,6.0,6.0,6.0,0.0,18573.0,0.0,18573.0,18573.0,0.0,0.0,0.0,0.0,0.0,0.0,0.0,0.0,0.0,0.0,0,0,0,0,6.0,6.0,0,0,0,0,1,1,0,0,1.0,9.0,6.0,6.0,0,0,0,0,0,0,1,6,1,6,351,35,0,20,0.0,0.0,0.0,0.0,0.0,0.0,0.0,0.0
51482,443,6,135.0,46.0,46.0,6.0,27.0,20.1246,46.0,46.0,46.0,0.0,682761.0,1277793.324,3191770.0,4.0,4145315.0,766573.25,1575162.591,3191770.0,4.0,0.0,0.0,0.0,0.0,0.0,1,0,0,0,6.0,46.0,0,1,0,0,1,0,0,0,0.0,37.8333,27.0,46.0,0,0,0,0,0,0,5,135,1,46,255,183,4,20,0.0,0.0,0.0,0.0,0.0,0.0,0.0,0.0
51602,443,6,0.0,0.0,0.0,0.0,0.0,0.0,0.0,0.0,0.0,0.0,51.0,0.0,51.0,51.0,51.0,51.0,0.0,51.0,51.0,0.0,0.0,0.0,0.0,0.0,0,0,0,0,0.0,0.0,0,0,0,0,1,0,0,0,0.0,0.0,0.0,0.0,0,0,0,0,0,0,2,0,0,0,249,-1,0,32,0.0,0.0,0.0,0.0,0.0,0.0,0.0,0.0
443,42588,6,0.0,0.0,0.0,0.0,0.0,0.0,0.0,0.0,0.0,0.0,52.0,0.0,52.0,52.0,0.0,0.0,0.0,0.0,0.0,0.0,0.0,0.0,0.0,0.0,0,0,0,0,0.0,0.0,0,0,0,0,1,1,0,0,1.0,0.0,0.0,0.0,0,0,0,0,0,0,1,0,1,0,357,1447,0,32,0.0,0.0,0.0,0.0,0.0,0.0,0.0,0.0
49516,80,6,431.0,2267.0,431.0,0.0,143.6667,248.838,2267.0,0.0,566.75,1133.5,12746.83,14995.369,25424.0,5.0,33576.0,16788.0,20374.383,23494.0,190.0,30680.0,10210.33,16250.792,30741.0,5.0,0,0,0,0,0.0,2267.0,0,0,0,1,0,0,0,0,1.0,385.4286,143.6667,566.75,0,0,0,0,0,0,3,431,4,2267,29200,235,1,32,0.0,0.0,0.0,0.0,0.0,0.0,0.0,0.0
33872,443,6,123.0,46.0,46.0,0.0,24.6,23.2766,46.0,46.0,46.0,0.0,1129977.2,2492620.822,5760895.0,4.0,5099962.0,1214993.0,2515115.748,5760895.0,4.0,0.0,0.0,0.0,0.0,0.0,1,0,0,0,0.0,46.0,0,1,0,0,1,0,0,0,0.0,35.8333,24.6,46.0,0,0,0,0,0,0,5,123,1,46,361,357,2,32,41001.0,0.0,41001.0,41001.0,5700855.0,0.0,5760895.0,5760855.0
56007,53,17,72.0,196.0,36.0,36.0,36.0,0.0,98.0,98.0,98.0,0.0,10351.33,17971.787,31009.0,3.0,3.0,3.0,0.0,3.0,3.0,4.0,4.0,0.0,4.0,4.0,0,0,0,0,36.0,98.0,0,0,0,0,0,0,0,0,1.0,76.0,36.0,98.0,0,0,0,0,0,0,2,72,2,196,-1,-1,1,32,0.0,0.0,0.0,0.0,0.0,0.0,0.0,0.0
80,53854,6,6.0,6.0,6.0,6.0,6.0,0.0,6.0,6.0,6.0,0.0,63.0,0.0,63.0,63.0,0.0,0.0,0.0,0.0,0.0,0.0,0.0,0.0,0.0,0.0,0,0,0,0,6.0,6.0,0,0,0,0,1,1,0,0,1.0,9.0,6.0,6.0,0,0,0,0,0,0,1,6,1,6,335,255,0,20,0.0,0.0,0.0,0.0,0.0,0.0,0.0,0.0
64176,53,17,84.0,190.0,42.0,42.0,42.0,0.0,95.0,95.0,95.0,0.0,10272.0,17702.319,30710.0,3.0,4.0,4.0,0.0,4.0,4.0,3.0,3.0,0.0,3.0,3.0,0,0,0,0,42.0,95.0,0,0,0,0,0,0,0,0,1.0,79.0,42.0,95.0,0,0,0,0,0,0,2,84,2,190,-1,-1,1,32,0.0,0.0,0.0,0.0,0.0,0.0,0.0,0.0
443,56499,6,0.0,0.0,0.0,0.0,0.0,0.0,0.0,0.0,0.0,0.0,43.0,51.411,83.0,4.0,4.0,4.0,0.0,4.0,4.0,0.0,0.0,0.0,0.0,0.0,0,0,0,0,0.0,0.0,0,0,0,0,1,1,0,0,0.0,0.0,0.0,0.0,0,0,0,0,0,0,2,0,1,0,349,32832,0,32,0.0,0.0,0.0,0.0,0.0,0.0,0.0,0.0
57972,443,6,532.0,4539.0,195.0,0.0,48.2,67.8671,1418.0,0.0,549.875,654.9494,27392.21,63068.154,271188.0,1.0,622384.0,43780.55,70262.376,271188.0,19.0,313701.0,40975.0,103365.482,214334.0,48.0,0,0,0,0,0.0,1418.0,0,0,0,1,0,0,0,0,0.0,242.0889,48.2,549.875,0,0,0,0,0,0,15,532,8,4539,29200,340,5,32,0.0,0.0,0.0,0.0,0.0,0.0,0.0,0.0
35238,443,6,0.0,0.0,0.0,0.0,0.0,0.0,0.0,0.0,0.0,0.0,167.0,0.0,167.0,167.0,167.0,167.0,0.0,167.0,167.0,0.0,0.0,0.0,0.0,0.0,0,0,0,0,0.0,0.0,0,0,0,0,1,0,0,0,0.0,0.0,0.0,0.0,0,0,0,0,0,0,2,0,0,0,522,-1,0,32,0.0,0.0,0.0,0.0,0.0,0.0,0.0,0.0
34375,443,6,12.0,0.0,6.0,6.0,6.0,0.0,0.0,0.0,0.0,0.0,4.0,0.0,4.0,4.0,4.0,4.0,0.0,4.0,4.0,0.0,0.0,0.0,0.0,0.0,0,0,0,0,6.0,6.0,1,0,0,0,0,0,0,0,0.0,9.0,6.0,0.0,0,0,0,0,0,0,2,12,0,0,0,-1,1,20,0.0,0.0,0.0,0.0,0.0,0.0,0.0,0.0
63385,80,6,0.0,0.0,0.0,0.0,0.0,0.0,0.0,0.0,0.0,0.0,64065838.0,0.0,64065838.0,64065838.0,64065838.0,64065838.0,0.0,64065838.0,64065838.0,0.0,0.0,0.0,0.0,0.0,0,0,0,0,0.0,0.0,0,0,0,0,1,1,0,0,0.0,0.0,0.0,0.0,0,0,0,0,0,0,2,0,0,0,65535,-1,0,32,0.0,0.0,0.0,0.0,0.0,0.0,0.0,0.0
55223,53,17,70.0,178.0,35.0,35.0,35.0,0.0,89.0,89.0,89.0,0.0,53.0,50.346,103.0,3.0,3.0,3.0,0.0,3.0,3.0,47.0,47.0,0.0,47.0,47.0,0,0,0,0,35.0,89.0,0,0,0,0,0,0,0,0,1.0,70.75,35.0,89.0,0,0,0,0,0,0,2,70,2,178,-1,-1,1,20,0.0,0.0,0.0,0.0,0.0,0.0,0.0,0.0
443,62126,6,12.0,0.0,6.0,6.0,6.0,0.0,0.0,0.0,0.0,0.0,248.0,0.0,248.0,248.0,248.0,248.0,0.0,248.0,248.0,0.0,0.0,0.0,0.0,0.0,0,0,0,0,6.0,6.0,0,0,0,0,1,0,0,0,0.0,9.0,6.0,0.0,0,0,0,0,0,0,2,12,0,0,32,-1,1,20,0.0,0.0,0.0,0.0,0.0,0.0,0.0,0.0
443,60968,6,12.0,0.0,6.0,6.0,6.0,0.0,0.0,0.0,0.0,0.0,43.0,0.0,43.0,43.0,43.0,43.0,0.0,43.0,43.0,0.0,0.0,0.0,0.0,0.0,0,0,0,0,6.0,6.0,0,0,0,0,1,0,0,0,0.0,9.0,6.0,0.0,0,0,0,0,0,0,2,12,0,0,10360,-1,1,20,0.0,0.0,0.0,0.0,0.0,0.0,0.0,0.0
50289,443,6,135.0,46.0,46.0,6.0,27.0,20.1246,46.0,46.0,46.0,0.0,1047749.8,2350375.933,5265607.0,3.0,5304780.0,1328647.5,2757595.758,5265607.0,3.0,0.0,0.0,0.0,0.0,0.0,1,0,0,0,6.0,46.0,0,1,0,0,1,0,0,0,0.0,37.8333,27.0,46.0,0,0,0,0,0,0,5,135,1,46,16217,373,4,20,63423.0,0.0,63423.0,63423.0,5265692.0,0.0,5265602.0,5265692.0
1599,80,6,12.0,0.0,6.0,6.0,6.0,0.0,0.0,0.0,0.0,0.0,85.0,0.0,85.0,85.0,85.0,85.0,0.0,85.0,85.0,0.0,0.0,0.0,0.0,0.0,0,0,0,0,6.0,6.0,0,0,0,0,1,0,0,0,0.0,9.0,6.0,0.0,0,0,0,0,0,0,2,12,0,0,253,-1,1,20,0.0,0.0,0.0,0.0,0.0,0.0,0.0,0.0
51670,443,6,18.0,77.0,6.0,0.0,4.5,3.0,46.0,0.0,25.3333,33.4419,38331.75,41368.973,91956.0,3.0,8150.0,6050.0,7469.026,2458.0,3.0,104037.0,54519.5,52875.914,104138.0,3.0,0,0,0,0,0.0,46.0,0,0,0,1,0,0,0,0,0.0,16.2857,4.5,25.3333,0,0,0,0,0,0,4,18,3,77,8192,51,3,20,0.0,0.0,0.0,0.0,0.0,0.0,0.0,0.0
51027,80,6,432.0,2773.0,432.0,0.0,27.0,108.0,1448.0,0.0,177.6429,446.1854,3980375.11,4985941.754,10216545.0,34.0,115401522.0,7685818.0,4300001.909,10240012.0,241.0,112460784.0,8668462.92,3824068.466,10241201.0,860.0,0,0,0,0,0.0,1448.0,0,0,0,1,0,0,0,0,0.0,91.7586,27.0,177.6429,0,0,0,0,0,0,16,432,14,2773,29200,939,1,32,25973.09,17526.002,49011.0,22935.0,10201452.0,7099.638,10216544.0,10083201.0
51566,443,6,828.0,5126.0,462.0,0.0,65.1739,135.042,1448.0,0.0,637.5556,662.7872,30628.64,51022.236,148880.0,1.0,443164.0,41471.81,77534.022,145890.0,1.0,388001.0,57000.12,90380.483,178108.0,1.0,0,0,0,0,0.0,1448.0,0,0,0,1,0,0,0,0,0.0,293.7619,65.1739,637.5556,0,0,0,0,0,0,13,828,9,5126,65535,243,6,32,0.0,0.0,0.0,0.0,0.0,0.0,0.0,0.0
52924,443,6,135.0,46.0,46.0,46.0,27.0,20.1246,46.0,46.0,46.0,0.0,768123.6,1457305.183,3859414.0,4.0,3897908.0,924474.0,1868542.462,3859414.0,4.0,0.0,0.0,0.0,0.0,0.0,1,0,0,0,6.0,46.0,0,1,0,0,1,0,0,0,0.0,37.8333,27.0,46.0,0,0,0,0,0,0,5,135,1,46,258,242,4,20,0.0,0.0,0.0,0.0,0.0,0.0,0.0,0.0
57400,443,6,1140.0,943.0,901.0,0.0,114.0,280.1793,805.0,0.0,188.6,349.721,10023.71,15053.54,36863.0,48.0,149364.0,16966.22,20241.193,53273.0,48.0,97391.0,23845.25,17536.029,38487.0,332.0,0,0,0,0,0.0,901.0,0,0,0,1,0,0,0,0,0.0,138.8667,114.0,188.6,0,0,0,0,0,0,10,1140,5,943,65535,362,5,32,0.0,0.0,0.0,0.0,0.0,0.0,0.0,0.0
56793,443,6,356.0,3782.0,212.0,0.0,59.3333,89.2248,1460.0,0.0,630.3333,677.2171,23889.54,39060.814,85715.0,48.0,260785.0,52166.0,46048.471,87015.0,94.0,174837.0,34963.4,46462.096,87503.0,48.0,0,0,0,0,0.0,1460.0,0,0,0,1,0,0,0,0,1.0,344.8333,59.3333,630.3333,0,0,0,0,0,0,6,356,6,3782,8192,60,5,20,0.0,0.0,0.0,0.0,0.0,0.0,0.0,0.0
63399,53,17,80.0,336.0,40.0,40.0,40.0,0.0,168.0,168.0,168.0,0.0,69.33,115.235,202.0,3.0,3.0,3.0,0.0,3.0,3.0,4.0,4.0,0.0,4.0,4.0,0,0,0,0,40.0,168.0,0,0,0,0,0,0,0,0,1.0,114.0,40.0,168.0,0,0,0,0,0,0,2,80,2,336,-1,-1,1,32,0.0,0.0,0.0,0.0,0.0,0.0,0.0,0.0
60631,53,17,90.0,122.0,45.0,45.0,45.0,0.0,61.0,61.0,61.0,0.0,49.33,79.779,141.0,3.0,3.0,3.0,0.0,3.0,3.0,3.0,3.0,0.0,3.0,3.0,0,0,0,0,45.0,61.0,0,0,0,0,0,0,0,0,1.0,64.25,45.0,61.0,0,0,0,0,0,0,2,90,2,122,-1,-1,1,32,0.0,0.0,0.0,0.0,0.0,0.0,0.0,0.0
49497,53,17,84.0,242.0,42.0,42.0,42.0,0.0,121.0,121.0,121.0,0.0,10319.0,17827.451,30955.0,3.0,3.0,3.0,0.0,3.0,3.0,4.0,4.0,0.0,4.0,4.0,0,0,0,0,42.0,121.0,0,0,0,0,0,0,0,0,1.0,92.0,42.0,121.0,0,0,0,0,0,0,2,84,2,242,-1,-1,1,32,0.0,0.0,0.0,0.0,0.0,0.0,0.0,0.0
53613,443,6,1528.0,979.0,1268.0,0.0,147.4286,404.7073,438.0,0.0,62.8571,138.611,11056.75,15980.163,45211.0,1.0,211366.0,16350.6,20140.611,93207.0,4.0,120773.0,26113.5,28639.561,48411.0,4.0,0,0,0,0,0.0,1268.0,0,0,0,1,0,0,0,0,1.0,120.15,147.4286,62.8571,0,0,0,0,0,0,7,1528,7,979,65535,362,6,32,0.0,0.0,0.0,0.0,0.0,0.0,0.0,0.0
58389,53,17,164.0,382.0,41.0,41.0,41.0,0.0,191.0,191.0,191.0,0.0,5476.2,11553.749,31701.0,3.0,31853.0,10617.33,17523.433,31851.0,3.0,4.0,4.0,0.0,4.0,4.0,0,0,0,0,41.0,191.0,0,0,0,0,0,0,0,0,0.0,96.8333,41.0,191.0,0,0,0,0,0,0,4,164,2,382,-1,-1,3,20,0.0,0.0,0.0,0.0,0.0,0.0,0.0,0.0
443,51348,6,0.0,0.0,0.0,0.0,0.0,0.0,0.0,0.0,0.0,0.0,3.0,0.0,3.0,3.0,3.0,3.0,0.0,3.0,3.0,0.0,0.0,0.0,0.0,0.0,0,0,0,0,0.0,0.0,0,0,0,0,1,0,0,0,0.0,0.0,0.0,0.0,0,0,0,0,0,0,2,0,0,0,349,-1,0,32,0.0,0.0,0.0,0.0,0.0,0.0,0.0,0.0
53092,53,17,80.0,274.0,40.0,40.0,40.0,0.0,137.0,137.0,137.0,0.0,10367.66,17970.86,31096.0,3.0,47.0,47.0,0.0,47.0,47.0,3.0,3.0,0.0,3.0,3.0,0,0,0,0,40.0,137.0,0,0,0,0,0,0,0,0,1.0,98.5,40.0,137.0,0,0,0,0,0,0,2,80,2,274,-1,-1,1,20,0.0,0.0,0.0,0.0,0.0,0.0,0.0,0.0
57495,53,17,60.0,414.0,30.0,30.0,30.0,0.0,207.0,207.0,207.0,0.0,87.66,105.492,201.0,3.0,48.0,48.0,0.0,48.0,48.0,3.0,3.0,0.0,3.0,3.0,0,0,0,0,30.0,207.0,0,0,0,0,0,0,0,0,1.0,126.0,30.0,207.0,0,0,0,0,0,0,2,60,2,414,-1,-1,1,20,0.0,0.0,0.0,0.0,0.0,0.0,0.0,0.0
443,51914,6,0.0,18.0,0.0,0.0,0.0,0.0,6.0,6.0,6.0,0.0,24.33,35.652,73.0,1.0,0.0,0.0,0.0,0.0,0.0,4.0,2.0,1.414,3.0,1.0,0,0,0,0,0.0,6.0,0,0,0,0,1,0,0,0,3.0,4.5,0.0,6.0,0,0,0,0,0,0,1,0,3,18,972,0,0,32,0.0,0.0,0.0,0.0,0.0,0.0,0.0,0.0
53675,22,6,2662.0,6718.0,408.0,0.0,74.4444,105.837,976.0,0.0,166.9444,324.1642,17252.53,116726.651,955105.0,0.0,1436405.0,49883.75,160065.449,996518.0,3.0,405812.0,11714.08,33966.933,196880.0,1.0,0,0,0,0,0.0,976.0,0,0,0,1,0,0,0,0,1.0,125.8792,74.4444,166.9444,0,0,0,0,0,0,35,2662,42,6718,8192,245,33,20,0.0,0.0,0.0,0.0,0.0,0.0,0.0,0.0
49618,88,6,0.0,12.0,0.0,0.0,0.0,0.0,6.0,0.0,3.0,3.4641,29.0,32.126,76.0,1.0,0.0,0.0,0.0,0.0,0.0,78.0,28.33,46.368,77.0,1.0,0,0,0,0,0.0,6.0,0,0,0,0,1,1,0,0,4.0,2.4,0.0,3.0,0,0,0,0,0,0,1,0,4,12,237,0,0,32,0.0,0.0,0.0,0.0,0.0,0.0,0.0,0.0
123,123,17,48.0,48.0,48.0,48.0,48.0,0.0,48.0,48.0,48.0,0.0,26553.0,0.0,26553.0,26553.0,0.0,0.0,0.0,0.0,0.0,0.0,0.0,0.0,0.0,0.0,0,0,0,0,48.0,48.0,0,0,0,0,0,0,0,0,1.0,72.0,48.0,48.0,0,0,0,0,0,0,1,48,1,48,-1,-1,0,32,0.0,0.0,0.0,0.0,0.0,0.0,0.0,0.0
80,44447,6,6.0,6.0,6.0,6.0,6.0,0.0,6.0,6.0,6.0,0.0,57.0,0.0,57.0,57.0,0.0,0.0,0.0,0.0,0.0,0.0,0.0,0.0,0.0,0.0,0,0,0,0,6.0,6.0,0,0,0,0,1,1,0,0,1.0,9.0,6.0,6.0,0,0,0,0,0,0,1,6,1,6,1086,256,0,20,0.0,0.0,0.0,0.0,0.0,0.0,0.0,0.0
123,123,17,96.0,96.0,48.0,48.0,48.0,0.0,48.0,48.0,48.0,0.0,23022375.66,39757360.532,68900862.0,98832.0,69000925.0,69000925.0,0.0,69000925.0,69000925.0,68000122.0,68000122.0,0.0,68000122.0,68000122.0,0,0,0,0,48.0,48.0,0,0,0,0,0,0,0,0,1.0,60.0,48.0,48.0,0,0,0,0,0,0,2,96,2,96,-1,-1,1,20,22287.0,0.0,22287.0,22287.0,68900825.0,0.0,68900865.0,68900825.0
443,56140,6,6.0,6.0,6.0,6.0,6.0,0.0,6.0,6.0,6.0,0.0,92.0,0.0,92.0,92.0,0.0,0.0,0.0,0.0,0.0,0.0,0.0,0.0,0.0,0.0,0,0,0,0,6.0,6.0,0,0,0,0,1,1,0,0,1.0,9.0,6.0,6.0,0,0,0,0,0,0,1,6,1,6,8192,253,0,20,0.0,0.0,0.0,0.0,0.0,0.0,0.0,0.0
443,65505,6,6.0,6.0,6.0,6.0,6.0,0.0,6.0,6.0,6.0,0.0,41.0,0.0,41.0,41.0,0.0,0.0,0.0,0.0,0.0,0.0,0.0,0.0,0.0,0.0,0,0,0,0,6.0,6.0,0,0,0,0,1,0,0,0,1.0,9.0,6.0,6.0,0,0,0,0,0,0,1,6,1,6,11088,63742,0,20,0.0,0.0,0.0,0.0,0.0,0.0,0.0,0.0
62298,53,17,47.0,79.0,47.0,47.0,47.0,0.0,79.0,79.0,79.0,0.0,31193.0,0.0,31193.0,31193.0,0.0,0.0,0.0,0.0,0.0,0.0,0.0,0.0,0.0,0.0,0,0,0,0,47.0,79.0,0,0,0,0,0,0,0,0,1.0,96.5,47.0,79.0,0,0,0,0,0,0,1,47,1,79,-1,-1,0,32,0.0,0.0,0.0,0.0,0.0,0.0,0.0,0.0
443,48516,6,0.0,0.0,0.0,0.0,0.0,0.0,0.0,0.0,0.0,0.0,24.0,0.0,24.0,24.0,0.0,0.0,0.0,0.0,0.0,0.0,0.0,0.0,0.0,0.0,0,0,0,0,0.0,0.0,0,0,0,0,1,1,0,0,1.0,0.0,0.0,0.0,0,0,0,0,0,0,1,0,1,0,357,326,0,32,0.0,0.0,0.0,0.0,0.0,0.0,0.0,0.0
443,36698,6,12.0,0.0,6.0,6.0,6.0,0.0,0.0,0.0,0.0,0.0,2.0,0.0,2.0,2.0,2.0,2.0,0.0,2.0,2.0,0.0,0.0,0.0,0.0,0.0,0,0,0,0,6.0,6.0,0,0,0,0,1,0,0,0,0.0,9.0,6.0,0.0,0,0,0,0,0,0,2,12,0,0,923,-1,1,20,0.0,0.0,0.0,0.0,0.0,0.0,0.0,0.0
55709,53,17,152.0,242.0,38.0,38.0,38.0,0.0,121.0,121.0,121.0,0.0,15126.2,16561.389,47474.0,3.0,47481.0,16897.33,25207.452,47474.0,3.0,4.0,4.0,0.0,4.0,4.0,0,0,0,0,38.0,121.0,0,0,0,0,0,0,0,0,0.0,64.3333,38.0,121.0,0,0,0,0,0,0,4,152,2,242,-1,-1,3,20,0.0,0.0,0.0,0.0,0.0,0.0,0.0,0.0
443,51505,6,6.0,6.0,6.0,6.0,6.0,0.0,6.0,6.0,6.0,0.0,24.0,0.0,24.0,24.0,0.0,0.0,0.0,0.0,0.0,0.0,0.0,0.0,0.0,0.0,0,0,0,0,6.0,6.0,0,0,0,0,1,1,0,0,1.0,9.0,6.0,6.0,0,0,0,0,0,0,1,6,1,6,60,255,0,20,0.0,0.0,0.0,0.0,0.0,0.0,0.0,0.0
62088,80,6,728.0,743.0,608.0,0.0,209.5,343.2543,665.0,0.0,168.6,358.4502,18104.5,24421.085,55218.0,55.0,93733.0,97914.0,28948.665,53592.0,60.0,87742.0,46610.0,51692.228,56652.0,437.0,0,0,0,0,0.0,668.0,0,0,0,1,0,0,0,0,0.0,186.0,209.5,168.6,0,0,0,0,0,0,4,728,3,743,65535,64,2,32,0.0,0.0,0.0,0.0,0.0,0.0,0.0,0.0
443,40608,6,6.0,6.0,6.0,6.0,6.0,0.0,6.0,6.0,6.0,0.0,88.0,0.0,88.0,88.0,0.0,0.0,0.0,0.0,0.0,0.0,0.0,0.0,0.0,0.0,0,0,0,0,6.0,6.0,0,0,0,0,1,1,0,0,1.0,9.0,6.0,6.0,0,0,0,0,0,0,1,6,1,6,32150,391,0,20,0.0,0.0,0.0,0.0,0.0,0.0,0.0,0.0
52220,443,6,587.0,2164.0,342.0,0.0,93.4286,149.7853,1460.0,0.0,457.8,652.2726,435875.21,1313408.091,4837643.0,1.0,5724942.0,759944.0,1865422.673,4837643.0,1087.0,990869.0,995262.25,396751.381,970819.0,1.0,0,0,0,0,0.0,1460.0,0,0,0,1,0,0,0,0,1.0,297.5814,93.4286,457.8,0,0,0,0,0,0,7,587,5,2164,8192,4790,6,20,0.0,0.0,0.0,0.0,0.0,0.0,0.0,0.0
443,60322,6,0.0,0.0,0.0,0.0,0.0,0.0,0.0,0.0,0.0,0.0,12.5,15.555,22.0,3.0,3.0,3.0,0.0,3.0,3.0,0.0,0.0,0.0,0.0,0.0,0,0,0,0,0.0,0.0,0,0,0,0,1,1,0,0,0.0,0.0,0.0,0.0,0,0,0,0,0,0,2,0,1,0,357,32832,0,32,0.0,0.0,0.0,0.0,0.0,0.0,0.0,0.0
62382,53,17,48.0,80.0,48.0,48.0,48.0,0.0,80.0,80.0,80.0,0.0,91257.0,0.0,91257.0,91257.0,0.0,0.0,0.0,0.0,0.0,0.0,0.0,0.0,0.0,0.0,0,0,0,0,48.0,80.0,0,0,0,0,0,0,0,0,1.0,88.0,48.0,80.0,0,0,0,0,0,0,1,48,1,80,-1,-1,0,20,0.0,0.0,0.0,0.0,0.0,0.0,0.0,0.0
49679,443,6,580.0,154.0,517.0,0.0,116.0,225.1011,147.0,0.0,37.25,77.55,969595.12,2926108.589,8848390.0,93.0,8985787.0,1997196.28,3557132.581,8806234.0,205.0,73123.0,26041.66,35274.669,56540.0,333.0,0,0,0,0,0.0,517.0,0,0,0,1,0,0,0,0,0.0,81.6667,116.0,37.25,0,0,0,0,0,0,5,580,4,154,8192,51,4,20,0.0,0.0,0.0,0.0,0.0,0.0,0.0,0.0
443,55448,6,6.0,6.0,6.0,6.0,6.0,0.0,6.0,6.0,6.0,0.0,92.0,0.0,92.0,92.0,0.0,0.0,0.0,0.0,0.0,0.0,0.0,0.0,0.0,0.0,0,0,0,0,6.0,6.0,0,0,0,0,1,1,0,0,1.0,9.0,6.0,6.0,0,0,0,0,0,0,1,6,1,6,60,255,0,20,0.0,0.0,0.0,0.0,0.0,0.0,0.0,0.0
50161,443,6,837.0,799.0,581.0,0.0,118.1429,181.949,551.0,0.0,114.8,186.4875,11043.07,16219.313,36404.0,3.0,149121.0,21360.16,20316.99,52864.0,4.0,101125.0,15363.75,21126.554,56659.0,3.0,0,0,0,0,0.0,551.0,0,0,0,1,0,0,0,0,1.0,123.0,118.1429,114.8,0,0,0,0,0,0,7,837,5,799,65535,5149,4,32,0.0,0.0,0.0,0.0,0.0,0.0,0.0,0.0
443,57385,6,37.0,0.0,37.0,0.0,18.5,26.163,0.0,0.0,0.0,0.0,3.0,0.0,3.0,3.0,3.0,3.0,0.0,3.0,3.0,0.0,0.0,0.0,0.0,0.0,1,0,0,0,0.0,37.0,0,1,0,0,1,0,0,0,0.0,37.0,18.5,0.0,0,0,0,0,0,0,2,37,0,0,118,-1,0,32,0.0,0.0,0.0,0.0,0.0,0.0,0.0,0.0
61287,53,17,80.0,202.0,40.0,40.0,40.0,0.0,101.0,101.0,101.0,0.0,20235.33,35033.509,60609.0,3.0,3.0,3.0,0.0,3.0,3.0,4.0,4.0,0.0,4.0,4.0,0,0,0,0,40.0,101.0,0,0,0,0,0,0,0,0,1.0,80.5,40.0,101.0,0,0,0,0,0,0,2,80,2,202,-1,-1,1,40,0.0,0.0,0.0,0.0,0.0,0.0,0.0,0.0
58158,443,6,553.0,5055.0,196.0,0.0,55.3077,71.0215,2920.0,2.0,1018.75,1187.823,14684.33,22943.29,66218.0,17.0,224708.0,21953.5,16496.848,65181.0,17.0,192333.0,37867.71,44984.848,98741.0,226.0,0,0,0,0,0.0,2920.0,0,0,0,1,0,0,0,0,0.0,577.0,55.3077,1018.75,0,0,0,0,0,0,11,553,8,5055,8192,32750,10,20,0.0,0.0,0.0,0.0,0.0,0.0,0.0,0.0
50933,443,6,117.0,41.0,45.0,0.0,23.4,21.9613,41.0,41.0,41.0,0.0,893760.6,1911146.255,4047769.0,20.0,4098840.0,1029420.5,2005356.085,4047769.0,48.0,0.0,0.0,0.0,0.0,0.0,1,0,0,0,0.0,45.0,0,1,0,0,1,0,0,0,0.0,33.1667,23.4,41.0,0,0,0,0,0,0,5,117,1,41,324,149,2,32,0.0,0.0,0.0,0.0,0.0,0.0,0.0,0.0
443,56130,6,12.0,6.0,6.0,6.0,6.0,0.0,6.0,6.0,6.0,0.0,53726.5,115911.172,175018.0,92.0,175141.0,175141.0,0.0,175141.0,175141.0,0.0,0.0,0.0,0.0,0.0,0,0,0,0,6.0,6.0,0,0,0,0,1,1,0,0,0.0,8.0,6.0,6.0,0,0,0,0,0,0,2,12,1,6,34730,65535,1,20,0.0,0.0,0.0,0.0,0.0,0.0,0.0,0.0
61400,53,17,76.0,180.0,38.0,38.0,38.0,0.0,90.0,90.0,90.0,0.0,8036.66,13852.347,24002.0,3.0,48.0,48.0,0.0,48.0,48.0,3.0,3.0,0.0,3.0,3.0,0,0,0,0,38.0,90.0,0,0,0,0,0,0,0,0,1.0,73.5,38.0,90.0,0,0,0,0,0,0,2,76,2,180,-1,-1,1,32,0.0,0.0,0.0,0.0,0.0,0.0,0.0,0.0
64327,53,17,72.0,328.0,36.0,36.0,36.0,0.0,164.0,164.0,164.0,0.0,8230.0,14235.998,24684.0,4.0,48.0,48.0,0.0,48.0,48.0,4.0,4.0,0.0,4.0,4.0,0,0,0,0,36.0,164.0,0,0,0,0,0,0,0,0,1.0,109.0,36.0,164.0,0,0,0,0,0,0,2,72,2,328,-1,-1,1,32,0.0,0.0,0.0,0.0,0.0,0.0,0.0,0.0
61202,53,17,45.0,90.0,45.0,45.0,45.0,0.0,90.0,90.0,90.0,0.0,1030356.0,0.0,1030356.0,1030356.0,0.0,0.0,0.0,0.0,0.0,0.0,0.0,0.0,0.0,0.0,0,0,0,0,45.0,90.0,0,0,0,0,0,0,0,0,1.0,90.0,45.0,90.0,0,0,0,0,0,0,1,45,1,90,-1,-1,0,32,0.0,0.0,0.0,0.0,0.0,0.0,0.0,0.0
443,45914,6,37.0,0.0,31.0,6.0,18.5,17.6777,0.0,0.0,0.0,0.0,3.0,0.0,3.0,3.0,3.0,3.0,0.0,3.0,3.0,0.0,0.0,0.0,0.0,0.0,1,0,0,0,6.0,31.0,0,1,0,0,1,0,0,0,0.0,34.0,18.5,0.0,0,0,0,0,0,0,2,37,0,0,110,-1,1,20,0.0,0.0,0.0,0.0,0.0,0.0,0.0,0.0
44966,443,6,12.0,0.0,6.0,6.0,6.0,0.0,0.0,0.0,0.0,0.0,3.0,0.0,3.0,3.0,3.0,3.0,0.0,3.0,3.0,0.0,0.0,0.0,0.0,0.0,0,0,0,0,6.0,6.0,1,0,0,0,0,0,0,0,0.0,9.0,6.0,0.0,0,0,0,0,0,0,2,12,0,0,0,-1,1,20,0.0,0.0,0.0,0.0,0.0,0.0,0.0,0.0
443,55523,6,0.0,0.0,0.0,0.0,0.0,0.0,0.0,0.0,0.0,0.0,68.0,0.0,68.0,68.0,0.0,0.0,0.0,0.0,0.0,0.0,0.0,0.0,0.0,0.0,0,0,0,0,0.0,0.0,0,0,0,0,1,0,0,0,1.0,0.0,0.0,0.0,0,0,0,0,0,0,1,0,1,0,362,32832,0,32,0.0,0.0,0.0,0.0,0.0,0.0,0.0,0.0
61687,53,17,45.0,155.0,45.0,45.0,45.0,0.0,155.0,155.0,155.0,0.0,23645.0,0.0,23645.0,23645.0,0.0,0.0,0.0,0.0,0.0,0.0,0.0,0.0,0.0,0.0,0,0,0,0,45.0,155.0,0,0,0,0,0,0,0,0,1.0,122.5,45.0,155.0,0,0,0,0,0,0,1,45,1,155,-1,-1,0,20,0.0,0.0,0.0,0.0,0.0,0.0,0.0,0.0
51647,443,6,1126.0,1119.0,885.0,0.0,112.6,275.3613,981.0,0.0,186.5,393.1187,34236.26,50388.443,109166.0,4.0,413022.0,43937.55,86005.035,225361.0,49.0,317131.0,68833.2,58462.875,115769.0,4.0,0,0,0,0,0.0,981.0,0,0,0,1,0,0,0,0,0.0,140.9375,112.6,186.5,0,0,0,0,0,0,10,1126,6,1119,65535,117,5,32,0.0,0.0,0.0,0.0,0.0,0.0,0.0,0.0
55698,53,17,74.0,330.0,37.0,37.0,37.0,0.0,165.0,165.0,165.0,0.0,10322.66,17896.417,30961.0,3.0,4.0,4.0,0.0,4.0,4.0,3.0,3.0,0.0,3.0,3.0,0,0,0,0,37.0,165.0,0,0,0,0,0,0,0,0,1.0,110.25,37.0,165.0,0,0,0,0,0,0,2,74,2,330,-1,-1,1,20,0.0,0.0,0.0,0.0,0.0,0.0,0.0,0.0
61122,53,17,135.0,383.0,88.0,43.0,63.5,47.1947,176.0,171.0,171.5,6.1906,18582565.33,28562533.431,55140692.0,30434.0,55299742.0,55299742.0,0.0,55299742.0,55299742.0,55221527.0,55221527.0,0.0,55221527.0,55221527.0,0,0,0,0,43.0,176.0,0,0,0,0,0,0,0,0,1.0,134.5,63.5,171.5,0,0,0,0,0,0,2,135,2,383,-1,-1,1,20,167007.0,0.0,167007.0,167007.0,55140685.0,0.0,55140695.0,55140685.0
52119,53,17,64.0,614.0,32.0,32.0,32.0,0.0,307.0,307.0,307.0,0.0,20367.0,35205.006,61095.0,3.0,3.0,3.0,0.0,3.0,3.0,4.0,4.0,0.0,4.0,4.0,0,0,0,0,32.0,307.0,0,0,0,0,0,0,0,0,1.0,177.5,32.0,307.0,0,0,0,0,0,0,2,64,2,614,-1,-1,1,20,0.0,0.0,0.0,0.0,0.0,0.0,0.0,0.0
61846,53,17,46.0,213.0,46.0,46.0,46.0,0.0,213.0,213.0,213.0,0.0,63561.0,0.0,63561.0,63561.0,0.0,0.0,0.0,0.0,0.0,0.0,0.0,0.0,0.0,0.0,0,0,0,0,46.0,213.0,0,0,0,0,0,0,0,0,1.0,152.5,46.0,213.0,0,0,0,0,0,0,1,46,1,213,-1,-1,0,32,0.0,0.0,0.0,0.0,0.0,0.0,0.0,0.0
53650,443,6,490.0,644.0,330.0,0.0,81.6667,136.1142,485.0,0.0,92.0,179.684,26153.76,30585.624,85019.0,4.0,315397.0,69775.4,30463.665,85819.0,34139.0,320296.0,50035.33,50169.424,113435.0,4.0,0,0,0,0,0.0,485.0,0,0,0,1,0,0,0,0,1.0,87.2333,81.6667,92.0,0,0,0,0,0,0,6,490,7,644,65535,114,3,32,0.0,0.0,0.0,0.0,0.0,0.0,0.0,0.0
443,57856,6,243.0,0.0,216.0,37.0,127.0,130.7073,0.0,0.0,0.0,0.0,303.0,0.0,303.0,303.0,303.0,303.0,0.0,303.0,303.0,0.0,0.0,0.0,0.0,0.0,1,0,0,0,37.0,216.0,0,1,0,0,1,0,0,0,0.0,236.5,127.0,0.0,0,0,0,0,0,0,2,243,0,0,127,-1,1,20,0.0,0.0,0.0,0.0,0.0,0.0,0.0,0.0
443,62558,6,37.0,0.0,37.0,0.0,18.5,26.163,0.0,0.0,0.0,0.0,4.0,0.0,4.0,4.0,4.0,4.0,0.0,4.0,4.0,0.0,0.0,0.0,0.0,0.0,1,0,0,0,0.0,37.0,0,1,0,0,1,0,0,0,0.0,37.0,18.5,0.0,0,0,0,0,0,0,2,37,0,0,1120,-1,0,32,0.0,0.0,0.0,0.0,0.0,0.0,0.0,0.0
62523,53,17,74.0,106.0,37.0,37.0,37.0,0.0,53.0,53.0,53.0,0.0,49.66,79.214,142.0,3.0,3.0,3.0,0.0,3.0,3.0,3.0,3.0,0.0,3.0,3.0,0,0,0,0,37.0,53.0,0,0,0,0,0,0,0,0,1.0,54.25,37.0,53.0,0,0,0,0,0,0,2,74,2,106,-1,-1,1,20,0.0,0.0,0.0,0.0,0.0,0.0,0.0,0.0
51911,443,6,385.0,4037.0,198.0,0.0,42.7778,77.1905,1418.0,0.0,612.4,686.6754,344882.0,1340573.45,5048533.0,1.0,5242957.0,606345.12,1894449.161,5098533.0,1.0,87484.0,13527.0,14287.436,47830.0,48.0,0,0,0,0,0.0,1418.0,0,0,0,1,0,0,0,0,0.0,286.9571,42.7778,612.4,0,0,0,0,0,0,9,385,5,4037,29200,349,3,32,115504.0,0.0,115504.0,115504.0,5048530.0,0.0,5048530.0,5048530.0
44982,443,6,599.0,160.0,517.0,0.0,85.5714,191.3085,160.0,0.0,53.3333,92.376,642942.77,1849603.805,5647920.0,4.0,5723027.0,952754.16,2356078.733,5711458.0,4.0,77892.0,25993.0,28346.95,57582.0,24166.0,0,0,0,0,0.0,517.0,0,0,0,1,0,0,0,0,0.0,75.9,85.5714,53.3333,0,0,0,0,0,0,7,599,3,160,29200,59,3,32,112403.0,0.0,112403.0,112403.0,5647914.0,0.0,5647924.0,5647914.0
2676,53,17,60.0,168.0,30.0,30.0,30.0,0.0,84.0,84.0,84.0,0.0,10262.66,17759.957,30784.0,3.0,3.0,3.0,0.0,3.0,3.0,3.0,3.0,0.0,3.0,3.0,0,0,0,0,30.0,84.0,0,0,0,0,0,0,0,0,1.0,64.5,30.0,84.0,0,0,0,0,0,0,2,60,2,168,-1,-1,1,20,0.0,0.0,0.0,0.0,0.0,0.0,0.0,0.0
80,32654,6,0.0,0.0,0.0,0.0,0.0,0.0,0.0,0.0,0.0,0.0,83.0,0.0,83.0,83.0,0.0,0.0,0.0,0.0,0.0,0.0,0.0,0.0,0.0,0.0,0,0,0,0,0.0,0.0,0,0,0,0,1,1,0,0,1.0,0.0,0.0,0.0,0,0,0,0,0,0,1,0,1,0,973,247,0,32,0.0,0.0,0.0,0.0,0.0,0.0,0.0,0.0
60534,53,17,43.0,180.0,43.0,43.0,43.0,0.0,180.0,180.0,180.0,0.0,1059079.0,0.0,1059079.0,1059079.0,0.0,0.0,0.0,0.0,0.0,0.0,0.0,0.0,0.0,0.0,0,0,0,0,43.0,180.0,0,0,0,0,0,0,0,0,1.0,133.0,43.0,180.0,0,0,0,0,0,0,1,43,1,180,-1,-1,0,20,0.0,0.0,0.0,0.0,0.0,0.0,0.0,0.0
443,40658,6,0.0,0.0,0.0,0.0,0.0,0.0,0.0,0.0,0.0,0.0,65.0,0.0,65.0,65.0,0.0,0.0,0.0,0.0,0.0,0.0,0.0,0.0,0.0,0.0,0,0,0,0,0.0,0.0,0,0,0,0,1,1,0,0,1.0,0.0,0.0,0.0,0,0,0,0,0,0,1,0,1,0,226,310,0,32,0.0,0.0,0.0,0.0,0.0,0.0,0.0,0.0
56700,443,6,1800.0,665.0,1448.0,0.0,160.0,428.4205,529.0,0.0,172.5,232.6132,14063.46,19885.577,40765.0,3.0,227102.0,20615.55,21086.382,82761.0,3.0,173633.0,24908.66,16749.516,40346.0,503.0,0,0,0,0,0.0,1448.0,0,0,0,1,0,0,0,0,0.0,177.05,160.0,172.5,0,0,0,0,0,0,11,1800,4,665,65535,1120,6,32,0.0,0.0,0.0,0.0,0.0,0.0,0.0,0.0
49346,443,6,952.0,4265.0,517.0,0.0,51.0,138.9761,1460.0,2.0,202.75,503.0768,2275147.0,4275048.467,10216305.0,3.0,116653245.0,4095609.05,5092788.854,10240049.0,3.0,112696981.0,4351553.38,5340637.218,10240204.0,192.0,0,0,0,0,0.0,1460.0,0,0,0,1,0,0,0,0,0.0,125.24,51.0,202.75,0,0,0,0,0,0,22,952,20,4265,29200,40958,21,20,129644.09,357218.271,992704.0,23662.0,10181222.36,73715.577,10216301.0,10132372.0
36347,443,6,0.0,0.0,0.0,0.0,0.0,0.0,0.0,0.0,0.0,0.0,143380.0,0.0,143380.0,143380.0,0.0,0.0,0.0,0.0,0.0,0.0,0.0,0.0,0.0,0.0,0,0,0,0,0.0,0.0,0,0,0,0,1,1,0,0,1.0,0.0,0.0,0.0,0,0,0,0,0,0,1,0,1,0,304,254,0,32,0.0,0.0,0.0,0.0,0.0,0.0,0.0,0.0
58824,443,6,12.0,0.0,6.0,6.0,6.0,0.0,0.0,0.0,0.0,0.0,39985.0,0.0,39985.0,39985.0,39985.0,39985.0,0.0,39985.0,39985.0,0.0,0.0,0.0,0.0,0.0,0,0,0,0,6.0,6.0,0,0,0,0,1,0,0,0,0.0,9.0,6.0,0.0,0,0,0,0,0,0,2,12,0,0,254,-1,1,20,0.0,0.0,0.0,0.0,0.0,0.0,0.0,0.0
58835,443,6,74.0,0.0,37.0,37.0,37.0,0.0,0.0,0.0,0.0,0.0,64064589.0,0.0,64064589.0,64064589.0,64064589.0,64064589.0,0.0,64064589.0,64064589.0,0.0,0.0,0.0,0.0,0.0,1,0,0,0,37.0,37.0,0,1,0,0,1,1,0,0,0.0,55.5,37.0,0.0,0,0,0,0,0,0,2,74,0,0,33304,-1,1,32,0.0,0.0,0.0,0.0,0.0,0.0,0.0,0.0
49192,443,6,1094.0,5521.0,730.0,0.0,85.4286,188.4249,1460.0,2.0,474.2222,588.9676,904535.18,2935438.744,10058647.0,1.0,10473498.0,1814438.2,3542589.071,10058647.0,49.0,15278089.0,1239081.58,4074434.5,10173538.0,1.0,0,0,0,0,0.0,1460.0,0,0,0,1,0,0,0,0,1.0,301.2,85.4286,474.2222,0,0,0,0,0,0,14,1094,19,5521,8192,32760,13,20,204912.0,242087.057,356303.0,115485.0,9951685.5,100278.297,10058642.0,9952089.0
51017,80,6,12.0,0.0,6.0,6.0,6.0,0.0,0.0,0.0,0.0,0.0,48.0,0.0,48.0,48.0,48.0,48.0,0.0,48.0,48.0,0.0,0.0,0.0,0.0,0.0,0,0,0,0,6.0,6.0,0,0,0,0,1,0,0,0,0.0,9.0,6.0,0.0,0,0,0,0,0,0,2,12,0,0,253,-1,1,20,0.0,0.0,0.0,0.0,0.0,0.0,0.0,0.0
62972,53,17,68.0,212.0,34.0,34.0,34.0,0.0,106.0,106.0,106.0,0.0,8006.33,13825.308,24017.0,3.0,3.0,3.0,0.0,3.0,3.0,3.0,3.0,0.0,3.0,3.0,0,0,0,0,34.0,106.0,0,0,0,0,0,0,0,0,1.0,78.5,34.0,106.0,0,0,0,0,0,0,2,68,2,212,-1,-1,1,40,0.0,0.0,0.0,0.0,0.0,0.0,0.0,0.0
64266,443,6,12.0,0.0,6.0,6.0,6.0,0.0,0.0,0.0,0.0,0.0,24171295.0,0.0,24171295.0,14171295.0,24171295.0,24171295.0,0.0,24171295.0,24171295.0,0.0,0.0,0.0,0.0,0.0,0,0,0,0,6.0,6.0,0,0,0,0,1,0,0,0,0.0,9.0,6.0,0.0,0,0,0,0,0,0,2,12,0,0,63931,-1,1,20,0.0,0.0,0.0,0.0,0.0,0.0,0.0,0.0
57319,443,6,969.0,1965.0,625.0,0.0,62.2353,180.4,1797.0,0.0,192.875,363.8705,3091603.21,4600552.826,10028263.0,4.0,115496596.0,5723899.0,4982505.274,10082010.0,4.0,110626656.0,6910518.1,4960972.931,10080273.0,221.0,0,0,0,0,0.0,1797.0,0,0,0,1,0,0,0,0,0.0,125.725,62.2353,192.875,0,0,0,0,0,0,21,969,16,1965,29200,975,4,32,64897.0,57873.212,280648.0,36889.0,9594734.18,1496946.542,10028265.0,5106143.0
59996,80,6,398.0,1064.0,380.0,0.0,79.0,168.6212,458.0,0.0,278.5,345.008,174272.1,720995.531,1873219.0,39.0,389467.0,93161.4,192602.019,119888.0,506.0,2187824.0,364688.0,851155.326,1988699.0,1884.0,0,0,0,0,0.0,458.0,0,0,0,1,0,0,0,0,1.0,171.5,79.0,278.5,0,0,0,0,0,0,6,398,4,1064,8192,30,5,20,0.0,0.0,0.0,0.0,0.0,0.0,0.0,0.0
53848,53,17,84.0,310.0,42.0,42.0,42.0,0.0,155.0,155.0,155.0,0.0,16248.0,28132.716,48737.0,48.0,48.0,48.0,0.0,48.0,48.0,48.0,48.0,0.0,48.0,48.0,0,0,0,0,42.0,155.0,0,0,0,0,0,0,0,0,1.0,109.0,42.0,155.0,0,0,0,0,0,0,2,84,2,310,-1,-1,1,40,0.0,0.0,0.0,0.0,0.0,0.0,0.0,0.0
80,50222,6,0.0,0.0,0.0,0.0,0.0,0.0,0.0,0.0,0.0,0.0,72.0,0.0,72.0,72.0,0.0,0.0,0.0,0.0,0.0,0.0,0.0,0.0,0.0,0.0,0,0,0,0,0.0,0.0,0,0,0,0,1,1,0,0,1.0,0.0,0.0,0.0,0,0,0,0,0,0,1,0,1,0,939,33304,0,32,0.0,0.0,0.0,0.0,0.0,0.0,0.0,0.0
4604,53,17,68.0,100.0,34.0,34.0,34.0,0.0,50.0,50.0,50.0,0.0,50.33,81.293,145.0,3.0,3.0,3.0,0.0,3.0,3.0,3.0,3.0,0.0,3.0,3.0,0,0,0,0,34.0,50.0,0,0,0,0,0,0,0,0,1.0,50.5,34.0,50.0,0,0,0,0,0,0,2,68,2,100,-1,-1,1,32,0.0,0.0,0.0,0.0,0.0,0.0,0.0,0.0
443,57048,6,0.0,0.0,0.0,0.0,0.0,0.0,0.0,0.0,0.0,0.0,26072.0,36309.581,52126.0,49.0,52144.0,52144.0,0.0,52144.0,52144.0,0.0,0.0,0.0,0.0,0.0,0,0,0,0,0.0,0.0,0,0,0,0,1,0,0,0,0.0,0.0,0.0,0.0,0,0,0,0,0,0,2,0,1,0,362,32832,0,32,0.0,0.0,0.0,0.0,0.0,0.0,0.0,0.0
62224,53,17,98.0,130.0,51.0,47.0,49.0,1.4142,68.0,63.0,65.0,4.2416,809093.33,1364358.566,2334778.0,30111.0,2398795.0,2398795.0,0.0,2398795.0,2398795.0,2325654.0,2325654.0,0.0,2225654.0,2325654.0,0,0,0,0,47.0,68.0,0,0,0,0,0,0,0,0,1.0,66.0,49.0,65.0,0,0,0,0,0,0,2,98,2,130,-1,-1,1,32,0.0,0.0,0.0,0.0,0.0,0.0,0.0,0.0
62263,53,17,53.0,69.0,53.0,53.0,53.0,0.0,69.0,69.0,69.0,0.0,561.0,0.0,561.0,561.0,0.0,0.0,0.0,0.0,0.0,0.0,0.0,0.0,0.0,0.0,0,0,0,0,53.0,69.0,0,0,0,0,0,0,0,0,1.0,87.5,53.0,69.0,0,0,0,0,0,0,1,53,1,69,-1,-1,0,32,0.0,0.0,0.0,0.0,0.0,0.0,0.0,0.0
14438,53,17,94.0,260.0,47.0,47.0,47.0,0.0,130.0,130.0,130.0,0.0,83.0,148.36,245.0,1.0,1.0,1.0,0.0,1.0,1.0,1.0,1.0,0.0,1.0,1.0,0,0,0,0,47.0,130.0,0,0,0,0,0,0,0,0,1.0,90.25,47.0,130.0,0,0,0,0,0,0,2,94,2,260,-1,-1,1,32,0.0,0.0,0.0,0.0,0.0,0.0,0.0,0.0
48901,80,6,433.0,2279.0,427.0,0.0,144.3333,244.8149,2267.0,0.0,458.75,1131.5035,11476.5,14589.346,22981.0,4.0,23272.0,11636.0,22578.921,22459.0,156.0,54042.0,24017.66,30048.156,53291.0,4.0,0,0,0,0,0.0,2267.0,0,0,0,1,0,0,0,0,1.0,337.1429,144.3333,458.75,0,0,0,0,0,0,3,433,4,2279,29200,237,1,32,0.0,0.0,0.0,0.0,0.0,0.0,0.0,0.0
443,58452,6,0.0,0.0,0.0,0.0,0.0,0.0,0.0,0.0,0.0,0.0,45.0,0.0,45.0,45.0,0.0,0.0,0.0,0.0,0.0,0.0,0.0,0.0,0.0,0.0,0,0,0,0,0.0,0.0,0,0,0,0,1,0,0,0,1.0,0.0,0.0,0.0,0,0,0,0,0,0,1,0,1,0,349,32832,0,32,0.0,0.0,0.0,0.0,0.0,0.0,0.0,0.0
80,38054,6,0.0,0.0,0.0,0.0,0.0,0.0,0.0,0.0,0.0,0.0,53.0,0.0,53.0,53.0,0.0,0.0,0.0,0.0,0.0,0.0,0.0,0.0,0.0,0.0,0,0,0,0,0.0,0.0,0,0,0,0,1,1,0,0,1.0,0.0,0.0,0.0,0,0,0,0,0,0,1,0,1,0,118,241,0,32,0.0,0.0,0.0,0.0,0.0,0.0,0.0,0.0
80,52124,6,6.0,6.0,6.0,6.0,6.0,0.0,6.0,6.0,6.0,0.0,30.0,0.0,30.0,30.0,0.0,0.0,0.0,0.0,0.0,0.0,0.0,0.0,0.0,0.0,0,0,0,0,6.0,6.0,0,0,0,0,1,1,0,0,1.0,9.0,6.0,6.0,0,0,0,0,0,0,1,6,1,6,8190,65535,0,20,0.0,0.0,0.0,0.0,0.0,0.0,0.0,0.0
58005,53,17,68.0,256.0,34.0,34.0,34.0,0.0,128.0,128.0,128.0,0.0,10398.66,17941.815,31194.0,3.0,3.0,3.0,0.0,3.0,3.0,48.0,48.0,0.0,48.0,48.0,0,0,0,0,34.0,128.0,0,0,0,0,0,0,0,0,1.0,89.5,34.0,128.0,0,0,0,0,0,0,2,68,2,256,-1,-1,1,32,0.0,0.0,0.0,0.0,0.0,0.0,0.0,0.0
62854,443,6,74.0,0.0,37.0,37.0,37.0,0.0,0.0,0.0,0.0,0.0,64061037.0,0.0,64061037.0,64061037.0,64061037.0,64061037.0,0.0,64061037.0,64061037.0,0.0,0.0,0.0,0.0,0.0,1,0,0,0,37.0,37.0,0,1,0,0,1,1,0,0,0.0,55.5,37.0,0.0,0,0,0,0,0,0,2,74,0,0,32850,-1,1,32,0.0,0.0,0.0,0.0,0.0,0.0,0.0,0.0
14329,53,17,66.0,98.0,33.0,33.0,33.0,0.0,49.0,49.0,49.0,0.0,7962.66,13795.243,23886.0,3.0,3.0,3.0,0.0,3.0,3.0,3.0,3.0,0.0,3.0,3.0,0,0,0,0,33.0,49.0,0,0,0,0,0,0,0,0,1.0,49.25,33.0,49.0,0,0,0,0,0,0,2,66,2,98,-1,-1,1,32,0.0,0.0,0.0,0.0,0.0,0.0,0.0,0.0
51831,53,17,50.0,134.0,25.0,25.0,25.0,0.0,67.0,67.0,67.0,0.0,10596.33,18226.164,31787.0,3.0,3.0,3.0,0.0,3.0,3.0,48.0,48.0,0.0,48.0,48.0,0,0,0,0,25.0,67.0,0,0,0,0,0,0,0,0,1.0,59.25,25.0,67.0,0,0,0,0,0,0,2,50,2,134,-1,-1,1,20,0.0,0.0,0.0,0.0,0.0,0.0,0.0,0.0
60524,53,17,55.0,83.0,55.0,55.0,55.0,0.0,83.0,83.0,83.0,0.0,30990.0,0.0,30990.0,30990.0,0.0,0.0,0.0,0.0,0.0,0.0,0.0,0.0,0.0,0.0,0,0,0,0,55.0,83.0,0,0,0,0,0,0,0,0,1.0,96.5,55.0,83.0,0,0,0,0,0,0,1,55,1,83,-1,-1,0,32,0.0,0.0,0.0,0.0,0.0,0.0,0.0,0.0
64479,53,17,64.0,96.0,32.0,32.0,32.0,0.0,48.0,48.0,48.0,0.0,10341.66,17913.295,31019.0,3.0,3.0,3.0,0.0,3.0,3.0,4.0,4.0,0.0,4.0,4.0,0,0,0,0,32.0,48.0,0,0,0,0,0,0,0,0,1.0,48.0,32.0,48.0,0,0,0,0,0,0,2,64,2,96,-1,-1,1,20,0.0,0.0,0.0,0.0,0.0,0.0,0.0,0.0
123,123,17,48.0,48.0,48.0,48.0,48.0,0.0,48.0,48.0,48.0,0.0,82363.0,0.0,82363.0,82363.0,0.0,0.0,0.0,0.0,0.0,0.0,0.0,0.0,0.0,0.0,0,0,0,0,48.0,48.0,0,0,0,0,0,0,0,0,1.0,72.0,48.0,48.0,0,0,0,0,0,0,1,48,1,48,-1,-1,0,32,0.0,0.0,0.0,0.0,0.0,0.0,0.0,0.0
64792,53,17,90.0,196.0,45.0,45.0,45.0,0.0,98.0,98.0,98.0,0.0,73.66,126.876,214.0,3.0,4.0,4.0,0.0,4.0,4.0,3.0,3.0,0.0,3.0,3.0,0,0,0,0,45.0,98.0,0,0,0,0,0,0,0,0,1.0,82.75,45.0,98.0,0,0,0,0,0,0,2,90,2,196,-1,-1,1,20,0.0,0.0,0.0,0.0,0.0,0.0,0.0,0.0
41032,443,6,6.0,6.0,6.0,6.0,6.0,0.0,6.0,6.0,6.0,0.0,162.0,0.0,162.0,162.0,0.0,0.0,0.0,0.0,0.0,0.0,0.0,0.0,0.0,0.0,0,0,0,0,6.0,6.0,0,0,0,0,1,0,0,0,1.0,9.0,6.0,6.0,0,0,0,0,0,0,1,6,1,6,64209,34960,0,20,0.0,0.0,0.0,0.0,0.0,0.0,0.0,0.0
33373,53,17,76.0,108.0,38.0,38.0,38.0,0.0,54.0,54.0,54.0,0.0,125931.66,270537.024,487781.0,47.0,49.0,49.0,0.0,49.0,49.0,47.0,47.0,0.0,47.0,47.0,0,0,0,0,38.0,54.0,0,0,0,0,0,0,0,0,1.0,55.5,38.0,54.0,0,0,0,0,0,0,2,76,2,108,-1,-1,1,40,0.0,0.0,0.0,0.0,0.0,0.0,0.0,0.0
59088,80,6,368.0,777.0,376.0,0.0,29.5556,89.3736,776.0,0.0,43.8571,166.7308,3997214.56,4896100.687,10011991.0,17.0,115607402.0,7720315.26,4142220.426,10057990.0,4385.0,110502014.0,8502535.15,3756641.927,10052159.0,14660.0,0,0,0,0,0.0,776.0,0,0,0,1,0,0,0,0,0.0,43.8667,29.5556,43.8571,0,0,0,0,0,0,19,368,14,777,8192,114,18,20,25124.0,18565.343,44272.0,14993.0,10009538.36,7135.005,10011995.0,9997892.0
80,49689,6,0.0,0.0,0.0,0.0,0.0,0.0,0.0,0.0,0.0,0.0,41.0,0.0,41.0,41.0,0.0,0.0,0.0,0.0,0.0,0.0,0.0,0.0,0.0,0.0,0,0,0,0,0.0,0.0,0,0,0,0,1,1,0,0,1.0,0.0,0.0,0.0,0,0,0,0,0,0,1,0,1,0,113,33304,0,32,0.0,0.0,0.0,0.0,0.0,0.0,0.0,0.0
60660,53,17,56.0,84.0,56.0,56.0,56.0,0.0,84.0,84.0,84.0,0.0,118297.0,0.0,118297.0,118297.0,0.0,0.0,0.0,0.0,0.0,0.0,0.0,0.0,0.0,0.0,0,0,0,0,56.0,84.0,0,0,0,0,0,0,0,0,1.0,98.0,56.0,84.0,0,0,0,0,0,0,1,56,1,84,-1,-1,0,32,0.0,0.0,0.0,0.0,0.0,0.0,0.0,0.0
443,55412,6,53.0,0.0,53.0,0.0,26.5,37.4767,0.0,0.0,0.0,0.0,3.0,0.0,3.0,3.0,3.0,3.0,0.0,3.0,3.0,0.0,0.0,0.0,0.0,0.0,1,0,0,0,0.0,53.0,0,1,0,0,1,0,0,0,0.0,53.0,26.5,0.0,0,0,0,0,0,0,2,53,0,0,1077,-1,0,32,0.0,0.0,0.0,0.0,0.0,0.0,0.0,0.0
443,60439,6,10007.0,0.0,1448.0,0.0,639.6923,684.8302,0.0,0.0,0.0,0.0,47.0,1.414,48.0,49.0,44.0,42.0,1.414,48.0,49.0,0.0,0.0,0.0,0.0,0.0,1,0,0,0,0.0,1448.0,0,1,0,0,1,0,0,0,0.0,2097.4,1639.6923,0.0,0,0,0,0,0,0,3,10007,0,0,120,-1,0,32,0.0,0.0,0.0,0.0,0.0,0.0,0.0,0.0
41468,80,6,6.0,6.0,6.0,0.0,2.0,3.4641,6.0,0.0,2.0,3.4641,674737.4,965300.247,2026421.0,69.0,1362972.0,681486.0,778149.16,1108907.0,20269.0,3436545.0,1718577.5,467742.012,2024393.0,1379989.0,0,0,0,0,0.0,6.0,0,0,0,1,0,0,0,0,1.0,2.0,2.0,2.0,0,0,0,0,0,0,3,6,3,6,29200,29,1,20,0.0,0.0,0.0,0.0,0.0,0.0,0.0,0.0
55729,443,6,713.0,479.0,469.0,0.0,71.3,147.2874,341.0,0.0,95.8,149.5299,5134.0,9322.662,23095.0,3.0,80590.0,8018.33,10261.846,24747.0,3.0,42065.0,13658.25,7882.876,24290.0,480.0,0,0,0,0,0.0,469.0,0,0,0,1,0,0,0,0,0.0,79.4667,71.3,95.8,0,0,0,0,0,0,10,713,5,479,65535,972,5,32,0.0,0.0,0.0,0.0,0.0,0.0,0.0,0.0
57198,443,6,993.0,924.0,645.0,0.0,69.1538,184.7932,748.0,0.0,65.7778,203.7031,2530853.05,4375660.236,10029894.0,10.0,61539974.0,4366917.18,5156907.635,10112038.0,18.0,61090607.0,5597004.0,5238075.486,10112925.0,343.0,0,0,0,0,0.0,748.0,0,0,0,1,0,0,0,0,0.0,67.0769,69.1538,65.7778,0,0,0,0,0,0,13,993,11,924,29200,115,3,32,119646.66,132341.82,544291.0,190381.0,9976245.0,102131.324,10029895.0,9733404.0
443,55678,6,6.0,6.0,6.0,6.0,6.0,0.0,6.0,6.0,6.0,0.0,38.0,0.0,38.0,38.0,0.0,0.0,0.0,0.0,0.0,0.0,0.0,0.0,0.0,0.0,0,0,0,0,6.0,6.0,0,0,0,0,1,1,0,0,1.0,9.0,6.0,6.0,0,0,0,0,0,0,1,6,1,6,60,255,0,20,0.0,0.0,0.0,0.0,0.0,0.0,0.0,0.0
63994,53,17,72.0,328.0,36.0,36.0,36.0,0.0,164.0,164.0,164.0,0.0,30360.0,52492.505,91074.0,3.0,3.0,3.0,0.0,3.0,3.0,3.0,3.0,0.0,3.0,3.0,0,0,0,0,36.0,164.0,0,0,0,0,0,0,0,0,1.0,109.0,36.0,164.0,0,0,0,0,0,0,2,72,2,328,-1,-1,1,32,0.0,0.0,0.0,0.0,0.0,0.0,0.0,0.0
57528,443,6,18.0,0.0,6.0,6.0,6.0,0.0,0.0,0.0,0.0,0.0,43098.0,87668.098,169257.0,3.0,296.0,148.0,193.269,293.0,3.0,179999.0,179999.0,0.0,179999.0,179999.0,0,0,0,0,0.0,6.0,1,0,0,0,0,0,0,0,0.0,4.8,6.0,0.0,0,0,0,0,0,0,3,18,2,0,0,115,2,20,0.0,0.0,0.0,0.0,0.0,0.0,0.0,0.0
443,5452,6,6.0,6.0,6.0,6.0,6.0,0.0,6.0,6.0,6.0,0.0,67.0,0.0,67.0,67.0,0.0,0.0,0.0,0.0,0.0,0.0,0.0,0.0,0.0,0.0,0,0,0,0,6.0,6.0,0,0,0,0,1,1,0,0,1.0,9.0,6.0,6.0,0,0,0,0,0,0,1,6,1,6,114,254,0,20,0.0,0.0,0.0,0.0,0.0,0.0,0.0,0.0
52455,53,17,72.0,146.0,36.0,36.0,36.0,0.0,73.0,73.0,73.0,0.0,65.33,71.242,144.0,4.0,4.0,4.0,0.0,4.0,4.0,48.0,48.0,0.0,48.0,48.0,0,0,0,0,36.0,73.0,0,0,0,0,0,0,0,0,1.0,63.5,36.0,73.0,0,0,0,0,0,0,2,72,2,146,-1,-1,1,20,0.0,0.0,0.0,0.0,0.0,0.0,0.0,0.0
54697,443,6,1322.0,4762.0,869.0,0.0,104.2,249.243,1448.0,0.0,367.1,572.2683,2432678.5,4203276.688,10027139.0,3.0,60903632.0,4687202.88,5128432.496,10080010.0,103.0,60912202.0,5533695.81,5105013.535,10080207.0,3.0,0,0,0,0,0.0,1448.0,0,0,0,1,0,0,0,0,0.0,220.4871,104.2,367.1,0,0,0,0,0,0,13,1322,15,4762,29200,124,3,32,78323.33,52321.009,209738.0,50609.0,10011039.83,17766.38,10027139.0,9999794.0
443,57728,6,0.0,0.0,0.0,0.0,0.0,0.0,0.0,0.0,0.0,0.0,65.0,0.0,65.0,65.0,0.0,0.0,0.0,0.0,0.0,0.0,0.0,0.0,0.0,0.0,0,0,0,0,0.0,0.0,0,0,0,0,1,1,0,0,1.0,0.0,0.0,0.0,0,0,0,0,0,0,1,0,1,0,351,310,0,32,0.0,0.0,0.0,0.0,0.0,0.0,0.0,0.0
2586,53,17,66.0,130.0,33.0,33.0,33.0,0.0,65.0,65.0,65.0,0.0,53.0,83.53,153.0,3.0,3.0,3.0,0.0,3.0,3.0,4.0,4.0,0.0,4.0,4.0,0,0,0,0,33.0,65.0,0,0,0,0,0,0,0,0,1.0,57.25,33.0,65.0,0,0,0,0,0,0,2,66,2,130,-1,-1,1,40,0.0,0.0,0.0,0.0,0.0,0.0,0.0,0.0
61808,53,17,41.0,168.0,41.0,41.0,41.0,0.0,168.0,168.0,168.0,0.0,71513.0,0.0,71513.0,71513.0,0.0,0.0,0.0,0.0,0.0,0.0,0.0,0.0,0.0,0.0,0,0,0,0,41.0,168.0,0,0,0,0,0,0,0,0,1.0,125.0,41.0,168.0,0,0,0,0,0,0,1,41,1,168,-1,-1,0,32,0.0,0.0,0.0,0.0,0.0,0.0,0.0,0.0
443,51228,6,6.0,6.0,6.0,6.0,6.0,0.0,6.0,6.0,6.0,0.0,1.0,0.0,1.0,1.0,0.0,0.0,0.0,0.0,0.0,0.0,0.0,0.0,0.0,0.0,0,0,0,0,6.0,6.0,0,0,0,0,1,1,0,0,1.0,9.0,6.0,6.0,0,0,0,0,0,0,1,6,1,6,122,564,0,20,0.0,0.0,0.0,0.0,0.0,0.0,0.0,0.0
62340,443,6,1988.0,6253.0,749.0,0.0,147.6667,258.157,1616.0,0.0,750.0,699.7441,2404570.45,10913671.53,45000913.0,49.0,61090030.0,5088700.18,14687971.459,45000913.0,2482.0,61054486.0,5107181.55,16102085.486,45026059.0,48.0,0,0,0,0,0.0,1616.0,0,0,0,1,0,0,0,0,1.0,449.6094,147.6667,750.0,0,0,0,0,0,0,12,1988,12,6253,8192,131,11,20,128528.0,251506.913,246951.0,57746.0,30000625.0,20002140.052,45000914.0,15000991.0
51084,80,6,443.0,871.0,437.0,0.0,147.6667,250.588,861.0,0.0,217.75,427.5094,12439.83,16214.755,31616.0,2.0,34704.0,17852.0,20620.117,31677.0,8904.0,34263.0,11457.66,26013.33,31644.0,2.0,0,0,0,0,0.0,861.0,0,0,0,1,0,0,0,0,1.0,187.4286,147.6667,217.75,0,0,0,0,0,0,3,443,4,871,8192,31,2,20,0.0,0.0,0.0,0.0,0.0,0.0,0.0,0.0
49145,443,6,612.0,162.0,517.0,0.0,101.75,204.5,161.0,0.0,42.0,84.054,674349.44,1825178.585,5652432.0,4.0,5795999.0,1112963.0,2415430.961,5794755.0,4.0,93410.0,47406.66,30123.771,72002.0,29591.0,0,0,0,0,0.0,517.0,0,0,0,1,0,0,0,0,0.0,83.5,101.75,42.0,0,0,0,0,0,0,4,612,4,162,8192,946,3,20,101817.0,0.0,101817.0,101817.0,5652420.0,0.0,5652430.0,5652420.0
51673,80,6,842.0,13769.0,334.0,0.0,45.4706,110.186,1448.0,0.0,978.6571,676.6974,2154367.13,4016280.48,10026862.0,17.0,60442627.0,4338727.01,5005001.852,10084011.0,101.0,60961087.0,4342507.23,5179908.197,10080858.0,48.0,0,0,0,0,0.0,1448.0,0,0,0,1,0,0,0,0,0.0,428.7107,45.4706,978.6571,0,0,0,0,0,0,18,842,14,13769,29200,122,3,32,74603.0,62912.009,279747.0,50833.0,10022319.66,19321.696,10026868.0,9997390.0
443,53065,6,12.0,0.0,6.0,6.0,6.0,0.0,0.0,0.0,0.0,0.0,126.0,0.0,126.0,126.0,126.0,126.0,0.0,126.0,126.0,0.0,0.0,0.0,0.0,0.0,0,0,0,0,6.0,6.0,0,0,0,0,1,0,0,0,0.0,9.0,6.0,0.0,0,0,0,0,0,0,2,12,0,0,35114,-1,1,20,0.0,0.0,0.0,0.0,0.0,0.0,0.0,0.0
23820,53,17,82.0,190.0,41.0,41.0,41.0,0.0,95.0,95.0,95.0,0.0,87.66,145.181,256.0,3.0,4.0,4.0,0.0,4.0,4.0,3.0,3.0,0.0,3.0,3.0,0,0,0,0,41.0,95.0,0,0,0,0,0,0,0,0,1.0,78.25,41.0,95.0,0,0,0,0,0,0,2,82,2,190,-1,-1,1,20,0.0,0.0,0.0,0.0,0.0,0.0,0.0,0.0
443,51175,6,0.0,0.0,0.0,0.0,0.0,0.0,0.0,0.0,0.0,0.0,22.0,0.0,22.0,22.0,0.0,0.0,0.0,0.0,0.0,0.0,0.0,0.0,0.0,0.0,0,0,0,0,0.0,0.0,0,0,0,0,1,1,0,0,1.0,0.0,0.0,0.0,0,0,0,0,0,0,1,0,1,0,133,33304,0,32,0.0,0.0,0.0,0.0,0.0,0.0,0.0,0.0
443,60395,6,37.0,0.0,37.0,0.0,12.3333,21.362,0.0,0.0,0.0,0.0,2.5,0.104,2.0,2.0,2.0,1.0,0.0,2.0,2.0,0.0,0.0,0.0,0.0,0.0,0,0,0,0,0.0,37.0,0,0,0,0,1,0,0,0,0.0,12.3333,12.3333,0.0,0,0,0,0,0,0,3,37,0,0,117,-1,1,32,0.0,0.0,0.0,0.0,0.0,0.0,0.0,0.0
51313,443,6,1891.0,5323.0,750.0,0.0,126.0,226.059,2705.0,0.0,530.5833,756.6976,3298633.31,13773705.774,58657222.0,22.0,117240739.0,6994692.55,19510432.906,58752222.0,22.0,117425656.0,6806933.11,17982088.938,58704864.0,50.0,0,0,0,0,0.0,2705.0,0,0,0,1,0,0,0,0,0.0,318.3876,126.0,530.5833,0,0,0,0,0,0,15,1891,12,5323,8192,121,14,20,538473.5,607402.441,962205.0,277739.0,58357088.5,192582.021,58657228.0,58012678.0
21928,53,17,82.0,338.0,41.0,41.0,41.0,0.0,169.0,169.0,169.0,0.0,96.0,169.826,282.0,1.0,1.0,1.0,0.0,1.0,1.0,1.0,1.0,0.0,1.0,1.0,0,0,0,0,41.0,169.0,0,0,0,0,0,0,0,0,1.0,115.25,41.0,169.0,0,0,0,0,0,0,2,82,2,338,-1,-1,1,40,0.0,0.0,0.0,0.0,0.0,0.0,0.0,0.0
37151,53,17,64.0,120.0,32.0,32.0,32.0,0.0,60.0,60.0,60.0,0.0,20473.0,35380.913,61416.0,1.0,1.0,1.0,0.0,1.0,1.0,48.0,48.0,0.0,48.0,48.0,0,0,0,0,32.0,60.0,0,0,0,0,0,0,0,0,1.0,54.0,32.0,60.0,0,0,0,0,0,0,2,64,2,120,-1,-1,1,20,0.0,0.0,0.0,0.0,0.0,0.0,0.0,0.0
61972,53,17,51.0,156.0,51.0,51.0,51.0,0.0,156.0,156.0,156.0,0.0,49463.0,0.0,49463.0,49463.0,0.0,0.0,0.0,0.0,0.0,0.0,0.0,0.0,0.0,0.0,0,0,0,0,51.0,156.0,0,0,0,0,0,0,0,0,1.0,129.0,51.0,156.0,0,0,0,0,0,0,1,51,1,156,-1,-1,0,20,0.0,0.0,0.0,0.0,0.0,0.0,0.0,0.0
49102,443,6,1007.0,4075.0,793.0,0.0,86.1538,217.097,1613.0,2.0,606.5556,701.4329,74700.63,286071.016,1584242.0,68.0,1461529.0,144184.83,299956.743,1584242.0,94.0,767210.0,129630.0,115323.033,537931.0,233.0,0,0,0,0,0.0,1613.0,0,0,0,1,0,0,0,0,0.0,296.1875,86.1538,606.5556,0,0,0,0,0,0,13,1007,9,4075,65535,35088,12,20,0.0,0.0,0.0,0.0,0.0,0.0,0.0,0.0
55665,80,6,1817.0,1686.0,1448.0,0.0,501.6667,711.0013,1336.0,0.0,375.2,738.3973,25286.75,36238.251,79371.0,3.0,91752.0,45936.0,49040.343,90123.0,99.0,58638.0,19119.0,28355.753,59363.0,3.0,0,0,0,0,0.0,1448.0,0,0,0,1,0,0,0,0,1.0,480.7571,501.6667,375.2,0,0,0,0,0,0,6,1817,5,1686,8192,68,5,20,0.0,0.0,0.0,0.0,0.0,0.0,0.0,0.0
55192,53,17,60.0,264.0,30.0,30.0,30.0,0.0,132.0,132.0,132.0,0.0,50.66,81.115,146.0,3.0,3.0,3.0,0.0,3.0,3.0,3.0,3.0,0.0,3.0,3.0,0,0,0,0,30.0,132.0,0,0,0,0,0,0,0,0,1.0,88.5,30.0,132.0,0,0,0,0,0,0,2,60,2,264,-1,-1,1,44,0.0,0.0,0.0,0.0,0.0,0.0,0.0,0.0
61816,53,17,62.0,122.0,62.0,62.0,62.0,0.0,122.0,122.0,122.0,0.0,47520.0,0.0,47520.0,47520.0,0.0,0.0,0.0,0.0,0.0,0.0,0.0,0.0,0.0,0.0,0,0,0,0,62.0,122.0,0,0,0,0,0,0,0,0,1.0,123.0,62.0,122.0,0,0,0,0,0,0,1,62,1,122,-1,-1,0,32,0.0,0.0,0.0,0.0,0.0,0.0,0.0,0.0
61937,53,17,40.0,170.0,40.0,40.0,40.0,0.0,170.0,170.0,170.0,0.0,60297.0,0.0,60297.0,60297.0,0.0,0.0,0.0,0.0,0.0,0.0,0.0,0.0,0.0,0.0,0,0,0,0,40.0,170.0,0,0,0,0,0,0,0,0,1.0,125.0,40.0,170.0,0,0,0,0,0,0,1,40,1,170,-1,-1,0,20,0.0,0.0,0.0,0.0,0.0,0.0,0.0,0.0
48215,443,6,2203.0,5343.0,725.0,0.0,123.65,239.8673,2287.0,0.0,379.3842,766.7929,1071942.45,3017575.902,10006400.0,3.0,29084651.0,2223378.66,4302885.682,10059573.0,5.0,39963537.0,2592245.95,4377957.288,10050206.0,3.0,0,0,0,0,0.0,2287.0,0,0,0,1,0,0,0,0,0.0,230.6513,123.65,379.3842,0,0,0,0,0,0,20,2203,19,5343,29200,8154,13,20,806097.33,2196941.608,4867907.0,24964.0,10003384.16,5603.513,10006402.0,10000552.0
54234,443,6,374.0,3287.0,197.0,0.0,46.75,67.4184,1460.0,0.0,656.1667,682.8492,481611.76,1504916.17,5547031.0,3.0,5807146.0,872809.28,2091514.822,5547031.0,3.0,53843.0,10984.6,16979.077,25294.0,210.0,0,0,0,0,0.0,1460.0,0,0,0,1,0,0,0,0,0.0,288.3571,46.75,656.1667,0,0,0,0,0,0,8,374,6,3287,8192,60,7,20,383311.0,0.0,383311.0,383311.0,5547004.0,0.0,5547004.0,5547004.0
62219,53,17,51.0,131.0,51.0,51.0,51.0,0.0,131.0,131.0,131.0,0.0,31674.0,0.0,31674.0,31674.0,0.0,0.0,0.0,0.0,0.0,0.0,0.0,0.0,0.0,0.0,0,0,0,0,51.0,131.0,0,0,0,0,0,0,0,0,1.0,116.5,51.0,131.0,0,0,0,0,0,0,1,51,1,131,-1,-1,0,20,0.0,0.0,0.0,0.0,0.0,0.0,0.0,0.0
62308,443,6,766.0,5298.0,497.0,0.0,93.6667,152.4444,1986.0,0.0,659.4545,780.9106,29544.71,63373.09,200530.0,1.0,659531.0,52356.0,81800.257,200530.0,325.0,507376.0,51469.3,108848.612,200458.0,1.0,0,0,0,0,0.0,1986.0,0,0,0,1,0,0,0,0,1.0,414.3714,93.6667,659.4545,0,0,0,0,0,0,6,766,9,5298,8192,31,5,20,0.0,0.0,0.0,0.0,0.0,0.0,0.0,0.0
62126,53,17,66.0,122.0,66.0,66.0,66.0,0.0,122.0,122.0,122.0,0.0,30414.0,0.0,30414.0,30414.0,0.0,0.0,0.0,0.0,0.0,0.0,0.0,0.0,0.0,0.0,0,0,0,0,66.0,122.0,0,0,0,0,0,0,0,0,1.0,127.0,66.0,122.0,0,0,0,0,0,0,1,66,1,122,-1,-1,0,20,0.0,0.0,0.0,0.0,0.0,0.0,0.0,0.0
58662,80,6,2386.0,88061.0,307.0,0.0,57.8333,101.6416,4344.0,0.0,1630.8795,892.0777,442267.65,1945811.619,10023168.0,0.0,47354347.0,882766.98,2487062.111,10048014.0,0.0,41275807.0,829106.55,2352436.368,10048108.0,2.0,0,0,0,0,0.0,4344.0,0,0,0,1,0,0,0,0,1.0,1008.5978,57.8333,1630.8795,0,0,0,0,0,0,93,2386,93,88061,29200,1030,5,32,218463.0,340164.486,2022475.0,14959.0,10019833.75,1556.021,10023165.0,9997904.0
64007,53,17,102.0,224.0,51.0,51.0,51.0,0.0,112.0,112.0,112.0,0.0,65.33,79.494,158.0,3.0,3.0,3.0,0.0,3.0,3.0,49.0,49.0,0.0,49.0,49.0,0,0,0,0,51.0,112.0,0,0,0,0,0,0,0,0,1.0,94.25,51.0,112.0,0,0,0,0,0,0,2,102,2,224,-1,-1,1,20,0.0,0.0,0.0,0.0,0.0,0.0,0.0,0.0
62508,53,17,45.0,140.0,45.0,45.0,45.0,0.0,140.0,140.0,140.0,0.0,30729.0,0.0,30729.0,30729.0,0.0,0.0,0.0,0.0,0.0,0.0,0.0,0.0,0.0,0.0,0,0,0,0,45.0,140.0,0,0,0,0,0,0,0,0,1.0,115.0,45.0,140.0,0,0,0,0,0,0,1,45,1,140,-1,-1,0,32,0.0,0.0,0.0,0.0,0.0,0.0,0.0,0.0
3063,443,6,1941.0,554840.0,1385.0,0.0,17.2227,146.1144,4190.0,0.0,1438.8957,920.73,90097.9,699807.78,9997237.0,0.0,10438184.0,45365.25,1075415.412,9997437.0,0.0,10545596.0,159259.44,808653.254,9991789.0,1.0,0,0,0,0,0.0,4190.0,0,0,0,1,0,0,0,0,1.0,877.6396,17.2227,1438.8957,0,0,0,0,0,0,116,1941,354,554840,8192,68,114,20,987551.0,0.0,937551.0,987551.0,9997253.0,0.0,9997253.0,9997253.0
61416,443,6,12.0,0.0,6.0,6.0,6.0,0.0,0.0,0.0,0.0,0.0,64075843.0,0.0,64075843.0,64075843.0,64075843.0,64075843.0,0.0,64075843.0,64075843.0,0.0,0.0,0.0,0.0,0.0,0,0,0,0,6.0,6.0,0,0,0,0,1,1,0,0,0.0,9.0,6.0,0.0,0,0,0,0,0,0,2,12,0,0,63301,-1,1,20,0.0,0.0,0.0,0.0,0.0,0.0,0.0,0.0
57490,53,17,66.0,194.0,33.0,33.0,33.0,0.0,97.0,97.0,97.0,0.0,10871.33,18706.528,32604.0,2.0,2.0,2.0,0.0,2.0,2.0,3.0,3.0,0.0,3.0,3.0,0,0,0,0,33.0,97.0,0,0,0,0,0,0,0,0,1.0,73.25,33.0,97.0,0,0,0,0,0,0,2,66,2,194,-1,-1,1,20,0.0,0.0,0.0,0.0,0.0,0.0,0.0,0.0
41735,443,6,0.0,0.0,0.0,0.0,0.0,0.0,0.0,0.0,0.0,0.0,266.0,0.0,266.0,266.0,266.0,266.0,0.0,266.0,266.0,0.0,0.0,0.0,0.0,0.0,0,0,0,0,0.0,0.0,0,0,0,0,1,0,0,0,0.0,0.0,0.0,0.0,0,0,0,0,0,0,2,0,0,0,378,-1,0,32,0.0,0.0,0.0,0.0,0.0,0.0,0.0,0.0
57325,53,17,78.0,266.0,39.0,39.0,39.0,0.0,133.0,133.0,133.0,0.0,79.0,98.244,187.0,4.0,48.0,48.0,0.0,48.0,48.0,4.0,4.0,0.0,4.0,4.0,0,0,0,0,39.0,133.0,0,0,0,0,0,0,0,0,1.0,95.75,39.0,133.0,0,0,0,0,0,0,2,78,2,266,-1,-1,1,20,0.0,0.0,0.0,0.0,0.0,0.0,0.0,0.0
443,60715,6,6.0,6.0,6.0,6.0,6.0,0.0,6.0,6.0,6.0,0.0,186.0,0.0,186.0,186.0,0.0,0.0,0.0,0.0,0.0,0.0,0.0,0.0,0.0,0.0,0,0,0,0,6.0,6.0,0,0,0,0,1,1,0,0,1.0,9.0,6.0,6.0,0,0,0,0,0,0,1,6,1,6,519,255,0,20,0.0,0.0,0.0,0.0,0.0,0.0,0.0,0.0
443,52573,6,6.0,6.0,6.0,6.0,6.0,0.0,6.0,6.0,6.0,0.0,32.0,0.0,32.0,32.0,0.0,0.0,0.0,0.0,0.0,0.0,0.0,0.0,0.0,0.0,0,0,0,0,6.0,6.0,0,0,0,0,1,1,0,0,1.0,9.0,6.0,6.0,0,0,0,0,0,0,1,6,1,6,119,256,0,20,0.0,0.0,0.0,0.0,0.0,0.0,0.0,0.0
50369,443,6,362.0,3673.0,195.0,0.0,40.2222,74.7125,1460.0,0.0,615.5,683.031,954116.4,3098791.936,11774482.0,47.0,11968068.0,1887016.25,5520277.38,11774482.0,123.0,55999.0,12969.8,12447.791,28260.0,49.0,0,0,0,0,0.0,1460.0,0,0,0,1,0,0,0,0,0.0,293.8571,40.2222,615.5,0,0,0,0,0,0,9,362,6,3673,8192,946,8,20,0.0,0.0,0.0,0.0,0.0,0.0,0.0,0.0
443,56698,6,0.0,0.0,0.0,0.0,0.0,0.0,0.0,0.0,0.0,0.0,56.0,0.0,56.0,56.0,0.0,0.0,0.0,0.0,0.0,0.0,0.0,0.0,0.0,0.0,0,0,0,0,0.0,0.0,0,0,0,0,1,1,0,0,1.0,0.0,0.0,0.0,0,0,0,0,0,0,1,0,1,0,63,1333,0,32,0.0,0.0,0.0,0.0,0.0,0.0,0.0,0.0
443,44185,6,0.0,0.0,0.0,0.0,0.0,0.0,0.0,0.0,0.0,0.0,58.0,0.0,58.0,58.0,0.0,0.0,0.0,0.0,0.0,0.0,0.0,0.0,0.0,0.0,0,0,0,0,0.0,0.0,0,0,0,0,1,1,0,0,1.0,0.0,0.0,0.0,0,0,0,0,0,0,1,0,1,0,184,360,0,32,0.0,0.0,0.0,0.0,0.0,0.0,0.0,0.0
9498,443,6,0.0,0.0,0.0,0.0,0.0,0.0,0.0,0.0,0.0,0.0,142.0,0.0,142.0,142.0,142.0,142.0,0.0,142.0,142.0,0.0,0.0,0.0,0.0,0.0,0,0,0,0,0.0,0.0,0,0,0,0,1,0,0,0,0.0,0.0,0.0,0.0,0,0,0,0,0,0,2,0,0,0,249,-1,0,32,0.0,0.0,0.0,0.0,0.0,0.0,0.0,0.0
51836,53,17,84.0,204.0,42.0,42.0,42.0,0.0,102.0,102.0,102.0,0.0,56.33,93.644,162.0,3.0,3.0,3.0,0.0,3.0,3.0,3.0,3.0,0.0,3.0,3.0,0,0,0,0,42.0,102.0,0,0,0,0,0,0,0,0,1.0,82.5,42.0,102.0,0,0,0,0,0,0,2,84,2,204,-1,-1,1,32,0.0,0.0,0.0,0.0,0.0,0.0,0.0,0.0
62153,53,17,49.0,298.0,49.0,49.0,49.0,0.0,298.0,298.0,298.0,0.0,60702.0,0.0,60702.0,60702.0,0.0,0.0,0.0,0.0,0.0,0.0,0.0,0.0,0.0,0.0,0,0,0,0,49.0,298.0,0,0,0,0,0,0,0,0,1.0,208.0,49.0,298.0,0,0,0,0,0,0,1,49,1,298,-1,-1,0,32,0.0,0.0,0.0,0.0,0.0,0.0,0.0,0.0
34618,443,6,6825.0,10299.0,2170.0,0.0,414.125,1037.2023,2418.0,0.0,773.1667,803.8,2646921.57,11969885.832,44996693.0,3.0,93153477.0,5775366.66,16929919.702,45012097.0,138.0,93150871.0,5442191.54,16174000.365,45012815.0,3.0,0,0,0,0,0.0,2170.0,0,0,0,1,0,0,0,0,1.0,618.0729,414.125,773.1667,0,0,0,0,0,0,16,6825,15,10299,29200,192,9,32,1075182.2,2308463.995,2140950.0,38971.0,44997669.5,2624.669,44996693.0,44956665.0
56895,53,17,60.0,414.0,30.0,30.0,30.0,0.0,207.0,207.0,207.0,0.0,36352.33,63783.646,109052.0,3.0,3.0,3.0,0.0,3.0,3.0,4.0,4.0,0.0,4.0,4.0,0,0,0,0,30.0,207.0,0,0,0,0,0,0,0,0,1.0,126.0,30.0,207.0,0,0,0,0,0,0,2,60,2,414,-1,-1,1,20,0.0,0.0,0.0,0.0,0.0,0.0,0.0,0.0
59074,80,6,12.0,0.0,6.0,0.0,4.0,3.4641,0.0,0.0,0.0,0.0,1916860.66,3296642.91,5732767.0,20.0,5734821.0,2867410.5,3950409.197,5732767.0,35904.0,0.0,0.0,0.0,0.0,0.0,0,0,0,0,0.0,6.0,0,0,0,1,0,0,0,0,0.0,3.0,4.0,0.0,0,0,0,0,0,0,3,12,1,0,8192,4380,2,20,0.0,0.0,0.0,0.0,0.0,0.0,0.0,0.0
57626,443,6,789.0,5211.0,405.0,0.0,73.9524,121.2179,1737.0,0.0,527.0455,714.5088,820749.5,2727687.013,19174141.0,1.0,19049636.0,1667525.0,3985635.507,19174141.0,1.0,10740242.0,1478047.6,3754979.776,10191684.0,1.0,0,0,0,0,0.0,1737.0,0,0,0,1,0,0,0,0,0.0,283.6817,73.9524,527.0455,0,0,0,0,0,0,14,789,9,5211,29200,63,3,32,1178266.0,1635521.584,5325973.0,28747.0,17037508.0,3172059.478,19174149.0,5294008.0
60821,53,17,64.0,158.0,32.0,32.0,32.0,0.0,79.0,79.0,79.0,0.0,69.33,117.521,202.0,1.0,1.0,1.0,0.0,1.0,1.0,1.0,1.0,0.0,1.0,1.0,0,0,0,0,32.0,79.0,0,0,0,0,0,0,0,0,1.0,63.5,32.0,79.0,0,0,0,0,0,0,2,64,2,158,-1,-1,1,20,0.0,0.0,0.0,0.0,0.0,0.0,0.0,0.0
53809,443,6,0.0,0.0,0.0,0.0,0.0,0.0,0.0,0.0,0.0,0.0,26628.5,37570.758,53272.0,1.0,1.0,1.0,0.0,1.0,1.0,0.0,0.0,0.0,0.0,0.0,0,0,0,0,0.0,0.0,0,0,0,0,1,1,0,0,0.0,0.0,0.0,0.0,0,0,0,0,0,0,2,0,1,0,32832,357,0,32,0.0,0.0,0.0,0.0,0.0,0.0,0.0,0.0
40854,443,6,123.0,46.0,46.0,0.0,24.6,23.2766,46.0,46.0,46.0,0.0,636660.7,1427135.067,3257185.0,3.0,3387683.0,872428.25,1588593.624,3257185.0,3.0,0.0,0.0,0.0,0.0,0.0,1,0,0,0,0.0,46.0,0,1,0,0,1,0,0,0,0.0,35.8333,24.6,46.0,0,0,0,0,0,0,5,123,1,46,397,349,2,32,0.0,0.0,0.0,0.0,0.0,0.0,0.0,0.0
64087,80,6,12.0,0.0,6.0,6.0,6.0,0.0,0.0,0.0,0.0,0.0,146.0,0.0,146.0,146.0,146.0,146.0,0.0,146.0,146.0,0.0,0.0,0.0,0.0,0.0,0,0,0,0,6.0,6.0,0,0,0,0,1,0,0,0,0.0,9.0,6.0,0.0,0,0,0,0,0,0,2,12,0,0,251,-1,1,20,0.0,0.0,0.0,0.0,0.0,0.0,0.0,0.0
62918,53,17,101.0,176.0,55.0,46.0,50.5,4.9497,110.0,56.0,88.0,36.9495,16778792.0,27179849.543,50261726.0,30754.0,50115641.0,50115641.0,0.0,50115641.0,50115641.0,50214681.0,50214681.0,0.0,50214681.0,50214681.0,0,0,0,0,46.0,110.0,0,0,0,0,0,0,0,0,1.0,88.5,50.5,88.0,0,0,0,0,0,0,2,101,2,176,-1,-1,1,32,61744.0,0.0,61744.0,61744.0,50261777.0,0.0,50261727.0,50261777.0
60066,53,17,84.0,218.0,42.0,42.0,42.0,0.0,109.0,109.0,109.0,0.0,10315.0,17868.063,30939.0,3.0,48.0,48.0,0.0,48.0,48.0,3.0,3.0,0.0,3.0,3.0,0,0,0,0,42.0,109.0,0,0,0,0,0,0,0,0,1.0,83.0,42.0,109.0,0,0,0,0,0,0,2,84,2,218,-1,-1,1,20,0.0,0.0,0.0,0.0,0.0,0.0,0.0,0.0
54593,53,17,68.0,292.0,34.0,34.0,34.0,0.0,146.0,146.0,146.0,0.0,10263.33,17749.927,30783.0,3.0,3.0,3.0,0.0,3.0,3.0,4.0,4.0,0.0,4.0,4.0,0,0,0,0,34.0,146.0,0,0,0,0,0,0,0,0,1.0,98.5,34.0,146.0,0,0,0,0,0,0,2,68,2,292,-1,-1,1,32,0.0,0.0,0.0,0.0,0.0,0.0,0.0,0.0
32790,80,6,0.0,0.0,0.0,0.0,0.0,0.0,0.0,0.0,0.0,0.0,187083.0,0.0,187083.0,187083.0,0.0,0.0,0.0,0.0,0.0,0.0,0.0,0.0,0.0,0.0,0,0,0,0,0.0,0.0,0,0,0,0,1,1,0,0,1.0,0.0,0.0,0.0,0,0,0,0,0,0,1,0,1,0,237,29,0,32,0.0,0.0,0.0,0.0,0.0,0.0,0.0,0.0
60631,53,17,66.0,98.0,33.0,33.0,33.0,0.0,49.0,49.0,49.0,0.0,49.0,75.932,130.0,3.0,3.0,3.0,0.0,3.0,3.0,3.0,3.0,0.0,3.0,3.0,0,0,0,0,33.0,49.0,0,0,0,0,0,0,0,0,1.0,49.25,33.0,49.0,0,0,0,0,0,0,2,66,2,98,-1,-1,1,20,0.0,0.0,0.0,0.0,0.0,0.0,0.0,0.0
51958,53,17,88.0,204.0,44.0,44.0,44.0,0.0,102.0,102.0,102.0,0.0,67.33,33.385,105.0,48.0,49.0,49.0,0.0,49.0,49.0,48.0,48.0,0.0,48.0,48.0,0,0,0,0,44.0,102.0,0,0,0,0,0,0,0,0,1.0,84.0,44.0,102.0,0,0,0,0,0,0,2,88,2,204,-1,-1,1,20,0.0,0.0,0.0,0.0,0.0,0.0,0.0,0.0
61993,53,17,180.0,168.0,45.0,45.0,45.0,0.0,84.0,84.0,84.0,0.0,12775.0,19807.473,53356.0,3.0,94320.0,31176.33,56427.999,94326.0,3.0,4.0,4.0,0.0,4.0,4.0,0,0,0,0,45.0,84.0,0,0,0,0,0,0,0,0,0.0,65.5,45.0,84.0,0,0,0,0,0,0,4,180,2,168,-1,-1,3,20,0.0,0.0,0.0,0.0,0.0,0.0,0.0,0.0
52529,443,6,43.0,0.0,31.0,6.0,14.3333,14.4338,0.0,0.0,0.0,0.0,21800.0,43581.303,73451.0,4.0,73410.0,36705.0,62661.58,73451.0,4.0,0.0,0.0,0.0,0.0,0.0,0,0,0,0,6.0,31.0,0,0,0,0,1,0,0,0,0.0,16.3333,14.3333,0.0,0,0,0,0,0,0,3,43,0,0,63863,-1,2,20,0.0,0.0,0.0,0.0,0.0,0.0,0.0,0.0
51979,53,17,130.0,192.0,65.0,65.0,65.0,0.0,96.0,96.0,96.0,0.0,56.33,56.315,116.0,3.0,48.0,48.0,0.0,48.0,48.0,3.0,3.0,0.0,3.0,3.0,0,0,0,0,65.0,96.0,0,0,0,0,0,0,0,0,1.0,94.75,65.0,96.0,0,0,0,0,0,0,2,130,2,192,-1,-1,1,20,0.0,0.0,0.0,0.0,0.0,0.0,0.0,0.0
54680,389,6,114.0,0.0,57.0,57.0,57.0,0.0,0.0,0.0,0.0,0.0,3.0,0.0,3.0,3.0,3.0,3.0,0.0,3.0,3.0,0.0,0.0,0.0,0.0,0.0,1,0,0,0,7.0,57.0,0,1,0,0,1,0,0,0,0.0,55.5,57.0,0.0,0,0,0,0,0,0,2,114,0,0,325,-1,1,32,0.0,0.0,0.0,0.0,0.0,0.0,0.0,0.0
51060,80,6,1497.0,253337.0,437.0,0.0,24.1324,91.6926,2920.0,0.0,1635.3714,872.5663,143908.04,971494.98,9332146.0,0.0,21171268.0,414602.76,1160523.243,9338125.0,51.0,11022431.0,201164.99,1009995.024,9373686.0,2.0,0,0,0,0,0.0,2920.0,0,0,0,1,0,0,0,0,1.0,1032.3814,24.1324,1635.3714,0,0,0,0,0,0,126,1497,122,253337,8192,13,125,20,2467745.5,37160.204,2574100.0,299825.0,9742440.0,115.041,9332140.0,9121470.0
34436,53,17,92.0,284.0,46.0,46.0,46.0,0.0,142.0,142.0,142.0,0.0,57.33,97.372,166.0,3.0,3.0,3.0,0.0,3.0,3.0,4.0,4.0,0.0,4.0,4.0,0,0,0,0,46.0,142.0,0,0,0,0,0,0,0,0,1.0,105.5,46.0,142.0,0,0,0,0,0,0,2,92,2,284,-1,-1,1,32,0.0,0.0,0.0,0.0,0.0,0.0,0.0,0.0
60782,53,17,66.0,98.0,33.0,33.0,33.0,0.0,49.0,49.0,49.0,0.0,53.66,57.647,115.0,3.0,3.0,3.0,0.0,3.0,3.0,48.0,48.0,0.0,48.0,48.0,0,0,0,0,33.0,49.0,0,0,0,0,0,0,0,0,1.0,49.25,33.0,49.0,0,0,0,0,0,0,2,66,2,98,-1,-1,1,32,0.0,0.0,0.0,0.0,0.0,0.0,0.0,0.0
43300,80,6,0.0,0.0,0.0,0.0,0.0,0.0,0.0,0.0,0.0,0.0,1752846.33,3020252.469,5362329.0,11.0,5377726.0,2688863.0,3711746.971,5362329.0,37703.0,0.0,0.0,0.0,0.0,0.0,0,0,0,0,0.0,0.0,0,0,0,1,0,0,0,0,0.0,0.0,0.0,0.0,0,0,0,0,0,0,3,0,1,0,29200,65535,0,32,0.0,0.0,0.0,0.0,0.0,0.0,0.0,0.0
5938,53,17,70.0,174.0,35.0,35.0,35.0,0.0,87.0,87.0,87.0,0.0,205607.33,201259.805,406812.0,4.0,4.0,4.0,0.0,4.0,4.0,12.0,12.0,0.0,12.0,12.0,0,0,0,0,35.0,87.0,0,0,0,0,0,0,0,0,1.0,69.75,35.0,87.0,0,0,0,0,0,0,2,70,2,174,-1,-1,1,32,0.0,0.0,0.0,0.0,0.0,0.0,0.0,0.0
55465,443,6,1186.0,5209.0,434.0,0.0,72.8636,109.1154,1721.0,0.0,313.2222,609.8962,3413480.98,14603220.611,58261145.0,1.0,117340058.0,6386795.04,18270564.902,58261145.0,26.0,117217836.0,7059578.92,20490016.449,58322701.0,1.0,0,0,0,0,0.0,1721.0,0,0,0,1,0,0,0,0,0.0,178.0639,72.8636,313.2222,0,0,0,0,0,0,15,1186,18,5209,29200,33,8,32,241339.0,22665.529,219711.0,223251.0,58162380.5,180364.594,58261148.0,58086584.0
51640,53,17,62.0,122.0,31.0,31.0,31.0,0.0,61.0,61.0,61.0,0.0,10260.66,17777.769,30776.0,4.0,4.0,4.0,0.0,4.0,4.0,4.0,4.0,0.0,4.0,4.0,0,0,0,0,31.0,61.0,0,0,0,0,0,0,0,0,1.0,53.75,31.0,61.0,0,0,0,0,0,0,2,62,2,122,-1,-1,1,32,0.0,0.0,0.0,0.0,0.0,0.0,0.0,0.0
34774,80,6,435.0,746.0,435.0,0.0,27.1875,108.75,746.0,0.0,53.2857,199.3769,3713568.03,4826794.166,10209562.0,64.0,115391861.0,7695650.4,4387389.037,10244025.0,190.0,112799733.0,8666844.07,3800205.723,10240277.0,20669.0,0,0,0,0,0.0,746.0,0,0,0,1,0,0,0,0,0.0,39.3667,27.1875,53.2857,0,0,0,0,0,0,16,435,14,746,29200,340,1,32,558.27,17918.775,32093.0,19764.0,10193787.09,3748.84,10209563.0,10158553.0
62376,53,17,56.0,117.0,56.0,56.0,56.0,0.0,117.0,117.0,117.0,0.0,63410.0,0.0,63410.0,63410.0,0.0,0.0,0.0,0.0,0.0,0.0,0.0,0.0,0.0,0.0,0,0,0,0,56.0,117.0,0,0,0,0,0,0,0,0,1.0,114.5,56.0,117.0,0,0,0,0,0,0,1,56,1,117,-1,-1,0,32,0.0,0.0,0.0,0.0,0.0,0.0,0.0,0.0
58027,443,6,0.0,0.0,0.0,0.0,0.0,0.0,0.0,0.0,0.0,0.0,3.0,0.0,3.0,3.0,3.0,3.0,0.0,3.0,3.0,0.0,0.0,0.0,0.0,0.0,0,0,0,0,0.0,0.0,0,0,0,0,1,1,0,0,0.0,0.0,0.0,0.0,0,0,0,0,0,0,2,0,0,0,32832,-1,0,32,0.0,0.0,0.0,0.0,0.0,0.0,0.0,0.0
53789,443,6,2620.0,1632.0,889.0,0.0,237.5714,395.4398,715.0,0.0,209.3158,273.505,451386.67,1957606.465,9945868.0,3.0,3418147.0,944648.66,569704.331,2097391.0,452.0,17456029.0,1411271.5,2883251.487,9995875.0,3.0,0,0,0,0,0.0,889.0,0,0,0,1,0,0,0,0,1.0,228.9474,237.5714,209.3158,0,0,0,0,0,0,7,2620,11,1632,29200,137,4,32,5149952.0,0.0,5149952.0,5149952.0,9945864.0,0.0,9945864.0,9945864.0
80,49102,6,6.0,6.0,6.0,6.0,6.0,0.0,6.0,6.0,6.0,0.0,67.0,0.0,67.0,67.0,0.0,0.0,0.0,0.0,0.0,0.0,0.0,0.0,0.0,0.0,0,0,0,0,6.0,6.0,0,0,0,0,1,1,0,0,1.0,9.0,6.0,6.0,0,0,0,0,0,0,1,6,1,6,112,238,0,20,0.0,0.0,0.0,0.0,0.0,0.0,0.0,0.0
58051,443,6,736.0,975.0,485.0,0.0,73.6,152.4957,837.0,0.0,243.75,400.8145,8779.14,12837.024,36442.0,3.0,114908.0,11211.88,16185.817,37357.0,3.0,64138.0,29049.33,16709.14,36852.0,5589.0,0,0,0,0,0.0,837.0,0,0,0,1,0,0,0,0,0.0,122.2143,73.6,243.75,0,0,0,0,0,0,10,736,4,975,65535,61,5,32,0.0,0.0,0.0,0.0,0.0,0.0,0.0,0.0
64441,53,17,152.0,400.0,76.0,76.0,76.0,0.0,200.0,200.0,200.0,0.0,20572.33,35597.366,61717.0,3.0,3.0,3.0,0.0,3.0,3.0,4.0,4.0,0.0,4.0,4.0,0,0,0,0,76.0,200.0,0,0,0,0,0,0,0,0,1.0,162.0,76.0,200.0,0,0,0,0,0,0,2,152,2,400,-1,-1,1,20,0.0,0.0,0.0,0.0,0.0,0.0,0.0,0.0
34856,443,6,0.0,0.0,0.0,0.0,0.0,0.0,0.0,0.0,0.0,0.0,94620.0,0.0,94620.0,94620.0,0.0,0.0,0.0,0.0,0.0,0.0,0.0,0.0,0.0,0.0,0,0,0,0,0.0,0.0,0,0,0,0,1,1,0,0,1.0,0.0,0.0,0.0,0,0,0,0,0,0,1,0,1,0,304,252,0,32,0.0,0.0,0.0,0.0,0.0,0.0,0.0,0.0
53231,22,6,2683.0,7038.0,408.0,0.0,72.5366,103.4299,976.0,0.0,167.5714,317.1572,17305.52,112468.834,955440.0,0.0,1411995.0,37399.33,164532.554,918045.0,3.0,454250.0,10498.35,27697.248,115479.0,0.0,0,0,0,0,0.0,976.0,0,0,0,1,0,0,0,0,1.0,125.8765,72.5366,167.5714,0,0,0,0,0,0,36,2683,42,7038,8192,245,33,20,0.0,0.0,0.0,0.0,0.0,0.0,0.0,0.0
53214,53,17,136.0,392.0,34.0,34.0,34.0,0.0,93.0,93.0,93.0,0.0,6338.42,13379.666,30589.0,3.0,50916.0,10308.33,17820.042,50919.0,3.0,4.0,4.0,0.0,4.0,4.0,0,0,0,0,34.0,93.0,0,0,0,0,0,0,0,0,0.0,74.6667,34.0,93.0,0,0,0,0,0,0,4,136,2,392,-1,-1,3,20,0.0,0.0,0.0,0.0,0.0,0.0,0.0,0.0
61969,53,17,50.0,109.0,50.0,50.0,50.0,0.0,109.0,109.0,109.0,0.0,133262.0,0.0,133262.0,133262.0,0.0,0.0,0.0,0.0,0.0,0.0,0.0,0.0,0.0,0.0,0,0,0,0,50.0,109.0,0,0,0,0,0,0,0,0,1.0,104.5,50.0,109.0,0,0,0,0,0,0,1,50,1,109,-1,-1,0,20,0.0,0.0,0.0,0.0,0.0,0.0,0.0,0.0
45746,443,6,599.0,160.0,517.0,0.0,85.5714,191.3085,160.0,0.0,53.3333,92.376,606646.33,1800249.984,5612445.0,3.0,5701272.0,917535.0,2334236.566,5772618.0,3.0,95418.0,45709.0,31255.967,63763.0,20363.0,0,0,0,0,0.0,517.0,0,0,0,1,0,0,0,0,0.0,75.9,85.5714,53.3333,0,0,0,0,0,0,7,599,3,160,29200,59,3,32,100184.0,0.0,100184.0,100184.0,5612451.0,0.0,5612451.0,5612451.0
50737,88,17,350.0,358.0,175.0,175.0,175.0,0.0,179.0,179.0,179.0,0.0,133.33,222.903,499.0,3.0,3.0,3.0,0.0,3.0,3.0,4.0,4.0,0.0,4.0,4.0,0,0,0,0,175.0,179.0,0,0,0,0,0,0,0,0,1.0,220.75,175.0,179.0,0,0,0,0,0,0,2,350,2,358,-1,-1,1,32,0.0,0.0,0.0,0.0,0.0,0.0,0.0,0.0
61123,53,17,70.0,254.0,35.0,35.0,35.0,0.0,127.0,127.0,127.0,0.0,109.0,165.689,329.0,3.0,3.0,3.0,0.0,3.0,3.0,48.0,48.0,0.0,48.0,48.0,0,0,0,0,35.0,127.0,0,0,0,0,0,0,0,0,1.0,89.75,35.0,127.0,0,0,0,0,0,0,2,70,2,254,-1,-1,1,32,0.0,0.0,0.0,0.0,0.0,0.0,0.0,0.0
137,137,17,124.0,0.0,62.0,62.0,62.0,0.0,0.0,0.0,0.0,0.0,48.0,0.0,48.0,48.0,48.0,48.0,0.0,48.0,48.0,0.0,0.0,0.0,0.0,0.0,0,0,0,0,62.0,62.0,0,0,0,0,0,0,0,0,0.0,93.0,62.0,0.0,0,0,0,0,0,0,2,124,0,0,-1,-1,1,32,0.0,0.0,0.0,0.0,0.0,0.0,0.0,0.0
57742,53,17,64.0,96.0,32.0,32.0,32.0,0.0,48.0,48.0,48.0,0.0,32354.66,54570.507,97052.0,3.0,3.0,3.0,0.0,3.0,3.0,3.0,3.0,0.0,3.0,3.0,0,0,0,0,32.0,48.0,0,0,0,0,0,0,0,0,1.0,48.0,32.0,48.0,0,0,0,0,0,0,2,64,2,96,-1,-1,1,20,0.0,0.0,0.0,0.0,0.0,0.0,0.0,0.0
62283,53,17,111.0,146.0,56.0,55.0,55.5,0.7071,138.0,55.0,88.0,20.7066,9179718.66,15293387.392,27247413.0,30365.0,27377506.0,27377506.0,0.0,27377506.0,27377506.0,27308789.0,27308789.0,0.0,27308789.0,27308739.0,0,0,0,0,55.0,138.0,0,0,0,0,0,0,0,0,1.0,86.5,55.5,88.0,0,0,0,0,0,0,2,111,2,146,-1,-1,1,20,30304.0,0.0,30304.0,30304.0,27247441.0,0.0,27247451.0,27247441.0
62409,53,17,46.0,92.0,46.0,46.0,46.0,0.0,92.0,92.0,92.0,0.0,48687.0,0.0,48687.0,48687.0,0.0,0.0,0.0,0.0,0.0,0.0,0.0,0.0,0.0,0.0,0,0,0,0,46.0,92.0,0,0,0,0,0,0,0,0,1.0,92.0,46.0,92.0,0,0,0,0,0,0,1,46,1,92,-1,-1,0,32,0.0,0.0,0.0,0.0,0.0,0.0,0.0,0.0
54675,443,6,479.0,360.0,318.0,6.0,75.8333,123.6038,80.0,6.0,40.0,12.1791,3410689.91,11030213.284,44979964.0,47.0,65423496.0,8816809.2,15035126.517,44979964.0,83.0,69040869.0,19821467.14,17893497.123,45025628.0,43.0,1,0,0,0,6.0,318.0,0,1,0,0,1,0,0,0,1.0,76.5555,75.8333,40.0,0,0,0,0,0,0,6,479,8,360,256,114,5,20,126302.5,91774.169,186499.0,50463.0,36909682.5,20493841.788,44979962.0,13991448.0
54298,53,17,200.0,716.0,52.0,59.0,50.0,0.0,199.0,199.0,199.0,0.0,12262.85,17708.995,30124.0,1.0,43951.0,17317.33,23720.38,43904.0,1.0,13651.0,3250.66,7300.631,13640.0,1.0,0,0,0,0,59.0,199.0,0,0,0,0,0,0,0,0,1.0,126.875,50.0,199.0,0,0,0,0,0,0,4,200,4,716,-1,-1,3,32,0.0,0.0,0.0,0.0,0.0,0.0,0.0,0.0
62155,53,17,53.0,83.0,53.0,53.0,53.0,0.0,83.0,83.0,83.0,0.0,48075.0,0.0,48075.0,48075.0,0.0,0.0,0.0,0.0,0.0,0.0,0.0,0.0,0.0,0.0,0,0,0,0,53.0,83.0,0,0,0,0,0,0,0,0,1.0,94.5,53.0,83.0,0,0,0,0,0,0,1,53,1,83,-1,-1,0,20,0.0,0.0,0.0,0.0,0.0,0.0,0.0,0.0
62174,53,17,82.0,114.0,41.0,41.0,41.0,0.0,57.0,57.0,57.0,0.0,48.0,79.974,147.0,3.0,3.0,3.0,0.0,3.0,3.0,3.0,3.0,0.0,3.0,3.0,0,0,0,0,41.0,57.0,0,0,0,0,0,0,0,0,1.0,59.25,41.0,57.0,0,0,0,0,0,0,2,82,2,114,-1,-1,1,20,0.0,0.0,0.0,0.0,0.0,0.0,0.0,0.0
62970,53,17,74.0,202.0,37.0,37.0,37.0,0.0,101.0,101.0,101.0,0.0,10428.66,18076.221,31236.0,1.0,1.0,1.0,0.0,1.0,1.0,3.0,3.0,0.0,3.0,3.0,0,0,0,0,37.0,101.0,0,0,0,0,0,0,0,0,1.0,78.25,37.0,101.0,0,0,0,0,0,0,2,74,2,202,-1,-1,1,32,0.0,0.0,0.0,0.0,0.0,0.0,0.0,0.0
80,56008,6,6.0,6.0,6.0,6.0,6.0,0.0,6.0,6.0,6.0,0.0,33.0,0.0,33.0,33.0,0.0,0.0,0.0,0.0,0.0,0.0,0.0,0.0,0.0,0.0,0,0,0,0,6.0,6.0,0,0,0,0,1,1,0,0,1.0,9.0,6.0,6.0,0,0,0,0,0,0,1,6,1,6,343,256,0,20,0.0,0.0,0.0,0.0,0.0,0.0,0.0,0.0
53282,443,6,74.0,0.0,37.0,37.0,37.0,0.0,0.0,0.0,0.0,0.0,64060368.0,0.0,64060368.0,64060368.0,64060368.0,64060368.0,0.0,64060368.0,64060368.0,0.0,0.0,0.0,0.0,0.0,1,0,0,0,37.0,37.0,0,1,0,0,1,1,0,0,0.0,55.5,37.0,0.0,0,0,0,0,0,0,2,74,0,0,32850,-1,1,20,0.0,0.0,0.0,0.0,0.0,0.0,0.0,0.0
35300,443,6,617.0,164.0,517.0,0.0,88.1429,189.989,152.0,0.0,41.0,74.054,546165.7,1709551.644,5445145.0,3.0,5542362.0,910172.0,2225613.07,5592517.0,3.0,81759.0,27559.0,31315.398,59895.0,1343.0,0,0,0,0,0.0,517.0,0,0,0,1,0,0,0,0,0.0,71.0,88.1429,41.0,0,0,0,0,0,0,7,617,4,164,29200,30,6,20,109535.0,0.0,109535.0,109535.0,5445178.0,0.0,5445148.0,5445178.0
59789,443,6,275.0,449.0,73.0,0.0,19.1818,10.7163,51.0,0.0,27.4286,14.2795,3967.21,8133.104,36023.0,0.0,83903.0,5147.57,12120.299,31686.0,0.0,46782.0,6178.0,5819.559,16701.0,3.0,0,0,0,0,0.0,73.0,0,0,0,1,0,0,0,0,0.0,15.0474,19.1818,27.4286,0,0,0,0,0,0,11,275,7,449,65535,972,10,20,0.0,0.0,0.0,0.0,0.0,0.0,0.0,0.0
63416,443,6,0.0,0.0,0.0,0.0,0.0,0.0,0.0,0.0,0.0,0.0,103.0,0.0,103.0,103.0,103.0,103.0,0.0,103.0,103.0,0.0,0.0,0.0,0.0,0.0,0,0,0,0,0.0,0.0,0,0,0,0,1,0,0,0,0.0,0.0,0.0,0.0,0,0,0,0,0,0,2,0,0,0,321,-1,0,32,0.0,0.0,0.0,0.0,0.0,0.0,0.0,0.0
80,45450,6,0.0,0.0,0.0,0.0,0.0,0.0,0.0,0.0,0.0,0.0,73.0,0.0,73.0,73.0,0.0,0.0,0.0,0.0,0.0,0.0,0.0,0.0,0.0,0.0,0,0,0,0,0.0,0.0,0,0,0,0,1,1,0,0,1.0,0.0,0.0,0.0,0,0,0,0,0,0,1,0,1,0,59,1429,0,32,0.0,0.0,0.0,0.0,0.0,0.0,0.0,0.0
80,56741,6,6.0,6.0,6.0,6.0,6.0,0.0,6.0,6.0,6.0,0.0,66.0,0.0,66.0,66.0,0.0,0.0,0.0,0.0,0.0,0.0,0.0,0.0,0.0,0.0,0,0,0,0,6.0,6.0,0,0,0,0,1,1,0,0,1.0,9.0,6.0,6.0,0,0,0,0,0,0,1,6,1,6,29,255,0,20,0.0,0.0,0.0,0.0,0.0,0.0,0.0,0.0
65114,53,17,62.0,190.0,31.0,31.0,31.0,0.0,95.0,95.0,95.0,0.0,8071.0,13918.971,24204.0,3.0,3.0,3.0,0.0,3.0,3.0,3.0,3.0,0.0,3.0,3.0,0,0,0,0,31.0,95.0,0,0,0,0,0,0,0,0,1.0,70.75,31.0,95.0,0,0,0,0,0,0,2,62,2,190,-1,-1,1,20,0.0,0.0,0.0,0.0,0.0,0.0,0.0,0.0
63983,443,6,1140.0,943.0,901.0,0.0,114.0,280.1793,805.0,0.0,188.6,349.721,11775.35,15186.103,36004.0,22.0,186244.0,16170.0,20410.901,53100.0,29.0,129330.0,39855.0,17890.941,46719.0,512.0,0,0,0,0,0.0,901.0,0,0,0,1,0,0,0,0,0.0,138.8667,114.0,188.6,0,0,0,0,0,0,10,1140,5,943,65535,362,5,32,0.0,0.0,0.0,0.0,0.0,0.0,0.0,0.0
7620,53,17,102.0,134.0,51.0,51.0,51.0,0.0,67.0,67.0,67.0,0.0,64.33,103.031,187.0,3.0,3.0,3.0,0.0,3.0,3.0,4.0,4.0,0.0,4.0,4.0,0,0,0,0,51.0,67.0,0,0,0,0,0,0,0,0,1.0,71.75,51.0,67.0,0,0,0,0,0,0,2,102,2,134,-1,-1,1,32,0.0,0.0,0.0,0.0,0.0,0.0,0.0,0.0
62241,53,17,59.0,126.0,59.0,59.0,59.0,0.0,126.0,126.0,126.0,0.0,781.0,0.0,781.0,781.0,0.0,0.0,0.0,0.0,0.0,0.0,0.0,0.0,0.0,0.0,0,0,0,0,59.0,126.0,0,0,0,0,0,0,0,0,1.0,122.0,59.0,126.0,0,0,0,0,0,0,1,59,1,126,-1,-1,0,40,0.0,0.0,0.0,0.0,0.0,0.0,0.0,0.0
56121,53,17,66.0,194.0,33.0,33.0,33.0,0.0,97.0,97.0,97.0,0.0,11035.66,19063.142,33092.0,3.0,3.0,3.0,0.0,3.0,3.0,3.0,3.0,0.0,3.0,3.0,0,0,0,0,33.0,97.0,0,0,0,0,0,0,0,0,1.0,73.25,33.0,97.0,0,0,0,0,0,0,2,66,2,194,-1,-1,1,20,0.0,0.0,0.0,0.0,0.0,0.0,0.0,0.0
443,49684,6,0.0,0.0,0.0,0.0,0.0,0.0,0.0,0.0,0.0,0.0,65.0,0.0,65.0,65.0,0.0,0.0,0.0,0.0,0.0,0.0,0.0,0.0,0.0,0.0,0,0,0,0,0.0,0.0,0,0,0,0,1,0,0,0,1.0,0.0,0.0,0.0,0,0,0,0,0,0,1,0,1,0,128,33304,0,32,0.0,0.0,0.0,0.0,0.0,0.0,0.0,0.0
61958,53,17,51.0,67.0,51.0,51.0,51.0,0.0,67.0,67.0,67.0,0.0,215306.0,0.0,215306.0,215306.0,0.0,0.0,0.0,0.0,0.0,0.0,0.0,0.0,0.0,0.0,0,0,0,0,51.0,67.0,0,0,0,0,0,0,0,0,1.0,84.5,51.0,67.0,0,0,0,0,0,0,1,51,1,67,-1,-1,0,40,0.0,0.0,0.0,0.0,0.0,0.0,0.0,0.0
61914,53,17,58.0,114.0,58.0,58.0,58.0,0.0,114.0,114.0,114.0,0.0,24890.0,0.0,24890.0,24890.0,0.0,0.0,0.0,0.0,0.0,0.0,0.0,0.0,0.0,0.0,0,0,0,0,58.0,114.0,0,0,0,0,0,0,0,0,1.0,115.0,58.0,114.0,0,0,0,0,0,0,1,58,1,114,-1,-1,0,32,0.0,0.0,0.0,0.0,0.0,0.0,0.0,0.0
36218,88,17,500.0,2764.0,250.0,250.0,250.0,0.0,1332.0,1332.0,1332.0,0.0,222.66,300.656,662.0,4.0,4.0,4.0,0.0,4.0,4.0,4.0,4.0,0.0,4.0,4.0,0,0,0,0,250.0,1332.0,0,0,0,0,0,0,0,0,1.0,918.5,250.0,1332.0,0,0,0,0,0,0,2,500,2,2764,-1,-1,1,20,0.0,0.0,0.0,0.0,0.0,0.0,0.0,0.0
49671,443,6,3027.0,15487.0,1155.0,0.0,98.9492,264.6594,3705.0,0.0,599.3091,1052.0456,2698628.29,4487074.989,10022012.0,11.0,115708863.0,5083758.25,4985276.238,10047916.0,17.0,110733145.0,5825114.26,5102308.034,10048150.0,48.0,0,0,0,0,0.0,3705.0,0,0,0,1,0,0,0,0,0.0,334.4618,98.9492,599.3091,0,0,0,0,0,0,27,3027,22,15487,29200,1170,7,32,48070.72,76908.303,281426.0,34789.0,90014002.09,6112.683,10022015.0,9990028.0
59787,443,6,352.0,3782.0,208.0,0.0,58.6667,87.8605,1460.0,0.0,630.3333,677.2171,24750.63,39910.2,85655.0,35.0,266683.0,53185.6,46202.424,87538.0,125.0,171299.0,35487.8,48275.327,82009.0,49.0,0,0,0,0,0.0,1460.0,0,0,0,1,0,0,0,0,1.0,344.5,58.6667,630.3333,0,0,0,0,0,0,6,352,6,3782,8192,60,5,20,0.0,0.0,0.0,0.0,0.0,0.0,0.0,0.0
80,54483,6,6.0,6.0,6.0,6.0,6.0,0.0,6.0,6.0,6.0,0.0,26.0,0.0,26.0,26.0,0.0,0.0,0.0,0.0,0.0,0.0,0.0,0.0,0.0,0.0,0,0,0,0,6.0,6.0,0,0,0,0,1,1,0,0,1.0,9.0,6.0,6.0,0,0,0,0,0,0,1,6,1,6,29,255,0,20,0.0,0.0,0.0,0.0,0.0,0.0,0.0,0.0
61137,53,17,47.0,145.0,47.0,47.0,47.0,0.0,145.0,145.0,145.0,0.0,90599.0,0.0,90599.0,90599.0,0.0,0.0,0.0,0.0,0.0,0.0,0.0,0.0,0.0,0.0,0,0,0,0,47.0,145.0,0,0,0,0,0,0,0,0,1.0,119.5,47.0,145.0,0,0,0,0,0,0,1,47,1,145,-1,-1,0,20,0.0,0.0,0.0,0.0,0.0,0.0,0.0,0.0
57589,443,6,18.0,0.0,6.0,6.0,6.0,0.0,0.0,0.0,0.0,0.0,184.0,280.526,361.0,3.0,107.0,53.5,120.725,104.0,3.0,0.0,0.0,0.0,0.0,0.0,0,0,0,0,0.0,6.0,1,0,0,0,0,0,0,0,0.0,6.0,6.0,0.0,0,0,0,0,0,0,3,18,1,0,0,231,2,20,0.0,0.0,0.0,0.0,0.0,0.0,0.0,0.0
59625,53,17,88.0,200.0,44.0,44.0,44.0,0.0,100.0,100.0,100.0,0.0,10978.0,18661.087,32928.0,4.0,4.0,4.0,0.0,4.0,4.0,4.0,4.0,0.0,4.0,4.0,0,0,0,0,44.0,100.0,0,0,0,0,0,0,0,0,1.0,83.0,44.0,100.0,0,0,0,0,0,0,2,88,2,200,-1,-1,1,32,0.0,0.0,0.0,0.0,0.0,0.0,0.0,0.0
50138,53,17,202.0,224.0,51.0,51.0,51.0,0.0,112.0,112.0,112.0,0.0,10062.0,13451.088,34273.0,3.0,31215.0,10431.33,17468.195,31213.0,3.0,3.0,3.0,0.0,3.0,3.0,0,0,0,0,51.0,112.0,0,0,0,0,0,0,0,0,0.0,71.1667,51.0,112.0,0,0,0,0,0,0,4,202,2,224,-1,-1,3,32,0.0,0.0,0.0,0.0,0.0,0.0,0.0,0.0
443,49692,6,6.0,6.0,6.0,6.0,6.0,0.0,6.0,6.0,6.0,0.0,1.0,0.0,1.0,1.0,0.0,0.0,0.0,0.0,0.0,0.0,0.0,0.0,0.0,0.0,0,0,0,0,6.0,6.0,0,0,0,0,1,1,0,0,1.0,9.0,6.0,6.0,0,0,0,0,0,0,1,6,1,6,30,255,0,20,0.0,0.0,0.0,0.0,0.0,0.0,0.0,0.0
46307,53,17,84.0,228.0,42.0,42.0,42.0,0.0,114.0,114.0,114.0,0.0,61.0,62.313,132.0,4.0,4.0,4.0,0.0,4.0,4.0,48.0,48.0,0.0,48.0,48.0,0,0,0,0,42.0,114.0,0,0,0,0,0,0,0,0,1.0,88.5,42.0,114.0,0,0,0,0,0,0,2,84,2,228,-1,-1,1,20,0.0,0.0,0.0,0.0,0.0,0.0,0.0,0.0
65522,443,6,1694.0,277497.0,359.0,0.0,16.1407,76.5722,4380.0,0.0,1713.8286,931.8389,241809.58,1623857.67,10011347.0,3.0,117805287.0,807682.21,2870459.622,10031470.0,3.0,112102500.0,492808.68,2842728.623,10039199.0,3.0,0,0,0,0,0.0,4380.0,0,0,0,1,0,0,0,0,1.0,1080.9033,16.1407,1713.8286,0,0,0,0,0,0,145,1694,374,277497,8192,92,144,20,165856.36,557866.874,1302236.0,29326.0,9624693.63,1371742.091,10011342.0,5619250.0
60535,53,17,57.0,37.0,57.0,57.0,57.0,0.0,37.0,37.0,37.0,0.0,23230.0,0.0,23230.0,23230.0,0.0,0.0,0.0,0.0,0.0,0.0,0.0,0.0,0.0,0.0,0,0,0,0,57.0,37.0,0,0,0,0,0,0,0,0,1.0,85.5,57.0,37.0,0,0,0,0,0,0,1,57,1,37,-1,-1,0,32,0.0,0.0,0.0,0.0,0.0,0.0,0.0,0.0
55646,443,6,980.0,4313.0,508.0,0.0,115.3333,185.3974,1448.0,0.0,481.3,539.5704,61972.15,127299.692,489176.0,16.0,909851.0,137341.12,149299.113,589176.0,125.0,851959.0,109967.55,202289.078,515949.0,48.0,0,0,0,0,0.0,1448.0,0,0,0,1,0,0,0,0,1.0,339.1,115.3333,481.3,0,0,0,0,0,0,9,980,10,4313,29200,5288,3,32,0.0,0.0,0.0,0.0,0.0,0.0,0.0,0.0
63042,443,6,720.0,1295.0,469.0,0.0,72.0,147.7084,1157.0,0.0,259.0,505.5413,20733.21,35182.704,87950.0,4.0,385101.0,31861.0,43131.991,90762.0,4.0,289456.0,73679.5,49056.293,147689.0,383.0,0,0,0,0,0.0,1157.0,0,0,0,1,0,0,0,0,0.0,134.3333,72.0,259.0,0,0,0,0,0,0,10,720,5,1295,65535,114,5,32,0.0,0.0,0.0,0.0,0.0,0.0,0.0,0.0
56922,80,6,0.0,0.0,0.0,0.0,0.0,0.0,0.0,0.0,0.0,0.0,1845115.66,3142306.157,5493151.0,135.0,5536630.0,2768315.0,3941242.397,5493151.0,32088.0,0.0,0.0,0.0,0.0,0.0,0,0,0,0,0.0,0.0,0,0,0,1,0,0,0,0,0.0,0.0,0.0,0.0,0,0,0,0,0,0,3,0,1,0,29200,28960,0,32,0.0,0.0,0.0,0.0,0.0,0.0,0.0,0.0
61041,53,17,54.0,70.0,54.0,54.0,54.0,0.0,70.0,70.0,70.0,0.0,31675.0,0.0,31675.0,31675.0,0.0,0.0,0.0,0.0,0.0,0.0,0.0,0.0,0.0,0.0,0,0,0,0,54.0,70.0,0,0,0,0,0,0,0,0,1.0,89.0,54.0,70.0,0,0,0,0,0,0,1,54,1,70,-1,-1,0,32,0.0,0.0,0.0,0.0,0.0,0.0,0.0,0.0
58817,443,6,673.0,67894.0,432.0,0.0,19.1538,65.2101,2896.0,0.0,1337.85,628.7024,1707.39,9361.978,24313.0,1.0,105005.0,3449.35,6333.13,26517.0,1.0,174486.0,3859.23,6940.961,38055.0,2.0,0,0,0,0,0.0,2896.0,0,0,0,1,0,0,0,0,1.0,803.3617,19.1538,1337.85,0,0,0,0,0,0,33,673,40,67894,65535,61,5,32,0.0,0.0,0.0,0.0,0.0,0.0,0.0,0.0
443,1554,6,6.0,6.0,6.0,6.0,6.0,0.0,6.0,6.0,6.0,0.0,48.0,0.0,48.0,48.0,0.0,0.0,0.0,0.0,0.0,0.0,0.0,0.0,0.0,0.0,0,0,0,0,6.0,6.0,0,0,0,0,1,1,0,0,1.0,9.0,6.0,6.0,0,0,0,0,0,0,1,6,1,6,119,258,0,20,0.0,0.0,0.0,0.0,0.0,0.0,0.0,0.0
80,59630,6,0.0,0.0,0.0,0.0,0.0,0.0,0.0,0.0,0.0,0.0,57.0,0.0,57.0,57.0,0.0,0.0,0.0,0.0,0.0,0.0,0.0,0.0,0.0,0.0,0,0,0,0,0.0,0.0,0,0,0,0,1,1,0,0,1.0,0.0,0.0,0.0,0,0,0,0,0,0,1,0,1,0,59,33304,0,32,0.0,0.0,0.0,0.0,0.0,0.0,0.0,0.0
51875,80,6,18.0,0.0,6.0,0.0,4.5,3.0,0.0,0.0,0.0,0.0,8563492.66,24957654.741,45007852.0,15116.0,90017394.0,45007491.66,32909354.132,45011326.0,45028806.0,90110069.0,45036024.5,635.281,45017330.0,45030445.0,0,0,0,0,0.0,6.0,0,0,0,1,0,0,0,0,0.0,3.0,4.5,0.0,0,0,0,0,0,0,4,18,3,0,8192,1196,3,20,15702.0,0.0,15702.0,15702.0,45007804.0,0.0,45007808.0,45007804.0
53731,443,6,1916.0,578.0,517.0,0.0,254.3333,310.2112,389.0,0.0,89.4286,133.0086,59130.5,116969.471,203132.0,1.0,559219.0,113869.8,149437.07,203136.0,105.0,580434.0,63030.0,97530.431,253054.0,1.0,0,0,0,0,0.0,517.0,0,0,0,1,0,0,0,0,1.0,197.0847,254.3333,89.4286,0,0,0,0,0,0,6,1916,7,578,29200,65,5,32,0.0,0.0,0.0,0.0,0.0,0.0,0.0,0.0
53244,80,6,1522.0,20246.0,1613.0,0.0,103.9091,405.9562,2920.0,2.0,1140.7778,931.3415,1340673.72,3383128.294,10185018.0,10.0,42970594.0,2974022.45,4566921.365,10240008.0,232.0,46021734.0,2525757.56,4402153.121,10240051.0,16.0,0,0,0,0,0.0,2920.0,0,0,0,1,0,0,0,0,1.0,560.5,103.9091,1140.7778,0,0,0,0,0,0,11,1522,18,20246,29200,32164,10,20,337766.25,946163.135,2202076.0,14861.0,10058283.0,68490.253,10185014.0,9992617.0
443,52251,6,0.0,0.0,0.0,0.0,0.0,0.0,0.0,0.0,0.0,0.0,80.0,0.0,80.0,80.0,0.0,0.0,0.0,0.0,0.0,0.0,0.0,0.0,0.0,0.0,0,0,0,0,0.0,0.0,0,0,0,0,1,0,0,0,1.0,0.0,0.0,0.0,0,0,0,0,0,0,1,0,1,0,357,32832,0,32,0.0,0.0,0.0,0.0,0.0,0.0,0.0,0.0
80,60983,6,0.0,0.0,0.0,0.0,0.0,0.0,0.0,0.0,0.0,0.0,58.0,0.0,58.0,58.0,0.0,0.0,0.0,0.0,0.0,0.0,0.0,0.0,0.0,0.0,0,0,0,0,0.0,0.0,0,0,0,0,1,1,0,0,1.0,0.0,0.0,0.0,0,0,0,0,0,0,1,0,1,0,1046,329,0,32,0.0,0.0,0.0,0.0,0.0,0.0,0.0,0.0
57941,80,6,2780.0,3959.0,435.0,0.0,159.5455,215.106,746.0,0.0,236.6667,357.4686,2511960.51,4226012.402,9997003.0,43.0,52588383.0,4772897.07,4866612.169,10030601.0,23960.0,67540550.0,5360078.75,4997136.452,10039703.0,12831.0,0,0,0,0,0.0,746.0,0,0,0,1,0,0,0,0,0.0,181.4143,159.5455,236.6667,0,0,0,0,0,0,19,2780,15,3959,8192,381,18,20,828906.2,1455658.351,4984871.0,23725.0,9973315.6,59733.192,9997003.0,9800513.0
52225,53,17,68.0,124.0,34.0,34.0,34.0,0.0,62.0,62.0,62.0,0.0,57.66,68.002,126.0,1.0,1.0,1.0,0.0,1.0,1.0,49.0,49.0,0.0,49.0,49.0,0,0,0,0,34.0,62.0,0,0,0,0,0,0,0,0,1.0,56.5,34.0,62.0,0,0,0,0,0,0,2,68,2,124,-1,-1,1,20,0.0,0.0,0.0,0.0,0.0,0.0,0.0,0.0
123,123,17,96.0,96.0,48.0,48.0,48.0,0.0,48.0,48.0,48.0,0.0,23022002.33,39805371.669,68962932.0,66332.0,69000032.0,69000032.0,0.0,69000032.0,69000032.0,69000258.0,69000258.0,0.0,69000258.0,69000258.0,0,0,0,0,48.0,48.0,0,0,0,0,0,0,0,0,1.0,60.0,48.0,48.0,0,0,0,0,0,0,2,96,2,96,-1,-1,1,20,87737.0,0.0,87737.0,87737.0,68962941.0,0.0,68962941.0,68962941.0
55913,443,6,12.0,0.0,6.0,6.0,6.0,0.0,0.0,0.0,0.0,0.0,2164871.0,0.0,2164871.0,2164871.0,2164871.0,2164871.0,0.0,2164871.0,2164871.0,0.0,0.0,0.0,0.0,0.0,0,0,0,0,6.0,6.0,0,0,0,0,1,0,0,0,0.0,9.0,6.0,0.0,0,0,0,0,0,0,2,12,0,0,63699,-1,1,20,0.0,0.0,0.0,0.0,0.0,0.0,0.0,0.0
49244,443,6,135.0,46.0,46.0,6.0,27.0,20.1246,46.0,46.0,46.0,0.0,861861.4,1790745.446,3960538.0,4.0,4131267.0,1035813.75,1900678.478,3960538.0,4.0,0.0,0.0,0.0,0.0,0.0,1,0,0,0,6.0,46.0,0,1,0,0,1,0,0,0,0.0,37.8333,27.0,46.0,0,0,0,0,0,0,5,135,1,46,258,360,4,20,0.0,0.0,0.0,0.0,0.0,0.0,0.0,0.0
80,56534,6,12.0,0.0,6.0,6.0,6.0,0.0,0.0,0.0,0.0,0.0,3.0,0.0,3.0,3.0,3.0,3.0,0.0,3.0,3.0,0.0,0.0,0.0,0.0,0.0,0,0,0,0,6.0,6.0,0,0,0,0,1,0,0,0,0.0,9.0,6.0,0.0,0,0,0,0,0,0,2,12,0,0,4380,-1,1,20,0.0,0.0,0.0,0.0,0.0,0.0,0.0,0.0
28409,53,17,76.0,332.0,38.0,38.0,38.0,0.0,166.0,166.0,166.0,0.0,104.0,178.954,301.0,0.0,0.0,0.0,0.0,0.0,0.0,49.0,49.0,0.0,49.0,49.0,0,0,0,0,38.0,166.0,0,0,0,0,0,0,0,0,1.0,111.5,38.0,166.0,0,0,0,0,0,0,2,76,2,332,-1,-1,1,32,0.0,0.0,0.0,0.0,0.0,0.0,0.0,0.0
61758,53,17,49.0,103.0,49.0,49.0,49.0,0.0,103.0,103.0,103.0,0.0,130677.0,0.0,130677.0,130677.0,0.0,0.0,0.0,0.0,0.0,0.0,0.0,0.0,0.0,0.0,0,0,0,0,49.0,103.0,0,0,0,0,0,0,0,0,1.0,100.5,49.0,103.0,0,0,0,0,0,0,1,49,1,103,-1,-1,0,32,0.0,0.0,0.0,0.0,0.0,0.0,0.0,0.0
443,53851,6,37.0,0.0,37.0,0.0,18.5,26.163,0.0,0.0,0.0,0.0,4.0,0.0,4.0,4.0,4.0,4.0,0.0,4.0,4.0,0.0,0.0,0.0,0.0,0.0,1,0,0,0,0.0,37.0,0,1,0,0,1,0,0,0,0.0,37.0,18.5,0.0,0,0,0,0,0,0,2,37,0,0,114,-1,0,32,0.0,0.0,0.0,0.0,0.0,0.0,0.0,0.0
53575,443,6,1328.0,1119.0,1077.0,0.0,132.8,335.2958,981.0,0.0,223.8,427.4847,21344.71,36156.522,87799.0,46.0,320225.0,35508.0,49587.365,108752.0,48.0,183973.0,45393.25,45545.396,88191.0,316.0,0,0,0,0,0.0,1077.0,0,0,0,1,0,0,0,0,0.0,163.9333,132.8,223.8,0,0,0,0,0,0,10,1328,5,1119,65535,118,5,32,0.0,0.0,0.0,0.0,0.0,0.0,0.0,0.0
57015,443,6,24.0,0.0,6.0,6.0,6.0,0.0,0.0,0.0,0.0,0.0,22150.83,45039.592,86361.0,0.0,86421.0,28807.33,50235.335,86365.0,0.0,0.0,0.0,0.0,0.0,0.0,0,0,0,0,0.0,6.0,1,0,0,0,0,0,0,0,0.0,6.0,6.0,0.0,0,0,0,0,0,0,4,24,1,0,0,114,3,20,0.0,0.0,0.0,0.0,0.0,0.0,0.0,0.0
49896,443,6,528.0,3251.0,196.0,0.0,58.6667,73.3579,1430.0,0.0,450.1667,615.5969,5105.06,8647.615,23691.0,3.0,81839.0,8794.45,11752.078,26896.0,15.0,2876.0,647.2,4464.715,3075.0,4.0,0,0,0,0,0.0,1430.0,0,0,0,1,0,0,0,0,0.0,216.1857,58.6667,450.1667,0,0,0,0,0,0,9,528,6,3251,8192,343,8,20,0.0,0.0,0.0,0.0,0.0,0.0,0.0,0.0
55834,53,17,60.0,264.0,30.0,30.0,30.0,0.0,132.0,132.0,132.0,0.0,7998.0,13824.931,23997.0,4.0,4.0,4.0,0.0,4.0,4.0,49.0,49.0,0.0,49.0,49.0,0,0,0,0,30.0,132.0,0,0,0,0,0,0,0,0,1.0,88.5,30.0,132.0,0,0,0,0,0,0,2,60,2,264,-1,-1,1,32,0.0,0.0,0.0,0.0,0.0,0.0,0.0,0.0
65104,53,17,62.0,254.0,31.0,31.0,31.0,0.0,127.0,127.0,127.0,0.0,33290.66,58321.124,99865.0,3.0,3.0,3.0,0.0,3.0,3.0,48.0,48.0,0.0,48.0,48.0,0,0,0,0,31.0,127.0,0,0,0,0,0,0,0,0,1.0,86.75,31.0,127.0,0,0,0,0,0,0,2,62,2,254,-1,-1,1,32,0.0,0.0,0.0,0.0,0.0,0.0,0.0,0.0
51072,443,6,12.0,0.0,6.0,6.0,6.0,0.0,0.0,0.0,0.0,0.0,156.0,0.0,156.0,156.0,156.0,156.0,0.0,156.0,156.0,0.0,0.0,0.0,0.0,0.0,0,0,0,0,6.0,6.0,0,0,0,0,1,0,0,0,0.0,9.0,6.0,0.0,0,0,0,0,0,0,2,12,0,0,16177,-1,1,20,0.0,0.0,0.0,0.0,0.0,0.0,0.0,0.0
57832,80,6,12.0,0.0,6.0,6.0,6.0,0.0,0.0,0.0,0.0,0.0,51.0,0.0,51.0,51.0,51.0,51.0,0.0,51.0,51.0,0.0,0.0,0.0,0.0,0.0,0,0,0,0,6.0,6.0,0,0,0,0,1,0,0,0,0.0,9.0,6.0,0.0,0,0,0,0,0,0,2,12,0,0,256,-1,1,20,0.0,0.0,0.0,0.0,0.0,0.0,0.0,0.0
52485,443,6,950.0,4997.0,185.0,0.0,43.3636,52.7863,1418.0,0.0,382.5385,528.2897,4587296.1,16434165.146,58929162.0,0.0,117563866.0,9598249.58,22074064.37,58929162.0,0.0,117577596.0,9868812.08,22736544.509,59003914.0,0.0,0,0,0,0,0.0,1418.0,0,0,0,1,0,0,0,0,1.0,228.5823,43.3636,382.5385,0,0,0,0,0,0,15,950,13,4997,29200,357,8,32,181003.0,358622.419,350187.0,73110.0,58468649.5,732837.989,58929160.0,58677410.0
48390,53,17,68.0,380.0,34.0,34.0,34.0,0.0,190.0,190.0,190.0,0.0,75.0,89.802,172.0,4.0,49.0,49.0,0.0,49.0,49.0,4.0,4.0,0.0,4.0,4.0,0,0,0,0,34.0,190.0,0,0,0,0,0,0,0,0,1.0,120.5,34.0,190.0,0,0,0,0,0,0,2,68,2,380,-1,-1,1,32,0.0,0.0,0.0,0.0,0.0,0.0,0.0,0.0
51212,80,6,427.0,12307.0,405.0,0.0,64.2857,157.0192,2463.0,0.0,1046.6154,929.5056,6999.15,11583.232,33487.0,0.0,91405.0,15657.91,16878.086,36557.0,0.0,61180.0,7014.33,15330.466,33715.0,4.0,0,0,0,0,0.0,2463.0,0,0,0,1,0,0,0,0,1.0,594.85,64.2857,1046.6154,0,0,0,0,0,0,7,427,7,12307,65535,237,1,32,0.0,0.0,0.0,0.0,0.0,0.0,0.0,0.0
61693,53,17,109.0,208.0,54.0,44.0,54.5,4.9497,136.0,82.0,104.0,45.1592,426668.66,867232.138,1479235.0,30103.0,1409435.0,1409435.0,0.0,1409435.0,1409435.0,1412737.0,1412737.0,0.0,1412737.0,1412737.0,0,0,0,0,44.0,136.0,0,0,0,0,0,0,0,0,1.0,89.75,54.5,104.0,0,0,0,0,0,0,2,109,2,208,-1,-1,1,32,0.0,0.0,0.0,0.0,0.0,0.0,0.0,0.0
56595,53,17,96.0,128.0,48.0,48.0,48.0,0.0,64.0,64.0,64.0,0.0,45.33,72.964,127.0,3.0,3.0,3.0,0.0,3.0,3.0,3.0,3.0,0.0,3.0,3.0,0,0,0,0,48.0,64.0,0,0,0,0,0,0,0,0,1.0,68.0,48.0,64.0,0,0,0,0,0,0,2,96,2,128,-1,-1,1,20,0.0,0.0,0.0,0.0,0.0,0.0,0.0,0.0
57931,53,17,156.0,436.0,39.0,39.0,39.0,0.0,119.0,119.0,119.0,0.0,4400.85,11608.743,30552.0,4.0,32690.0,10860.33,18060.955,32694.0,4.0,132.0,60.33,70.828,34.0,4.0,0,0,0,0,39.0,119.0,0,0,0,0,0,0,0,0,1.0,82.875,39.0,119.0,0,0,0,0,0,0,4,156,4,436,-1,-1,3,20,0.0,0.0,0.0,0.0,0.0,0.0,0.0,0.0
51566,80,6,0.0,0.0,0.0,0.0,0.0,0.0,0.0,0.0,0.0,0.0,1965787.66,3273747.244,5748621.0,22.0,5796760.0,2898380.0,4060713.841,5748621.0,37352.0,0.0,0.0,0.0,0.0,0.0,0,0,0,0,0.0,0.0,0,0,0,1,0,0,0,0,0.0,0.0,0.0,0.0,0,0,0,0,0,0,3,0,1,0,29200,65535,0,32,0.0,0.0,0.0,0.0,0.0,0.0,0.0,0.0
46192,443,6,896.0,7662.0,445.0,0.0,51.3571,126.8784,1448.0,0.0,524.8,653.5594,2182987.42,4064484.91,10029256.0,2.0,61206511.0,4280627.53,5047124.737,10172047.0,46.0,61253786.0,4899365.23,5165577.24,10112019.0,2.0,0,0,0,0,0.0,1448.0,0,0,0,1,0,0,0,0,0.0,292.2919,51.3571,524.8,0,0,0,0,0,0,17,896,15,7662,29200,114,3,32,126328.83,107938.053,431562.0,84560.0,10013459.16,29336.876,10029257.0,9993939.0
80,45204,6,0.0,0.0,0.0,0.0,0.0,0.0,0.0,0.0,0.0,0.0,46.0,0.0,46.0,46.0,0.0,0.0,0.0,0.0,0.0,0.0,0.0,0.0,0.0,0.0,0,0,0,0,0.0,0.0,0,0,0,0,1,1,0,0,1.0,0.0,0.0,0.0,0,0,0,0,0,0,1,0,1,0,349,1475,0,32,0.0,0.0,0.0,0.0,0.0,0.0,0.0,0.0
80,64930,6,0.0,0.0,0.0,0.0,0.0,0.0,0.0,0.0,0.0,0.0,82.0,0.0,82.0,82.0,0.0,0.0,0.0,0.0,0.0,0.0,0.0,0.0,0.0,0.0,0,0,0,0,0.0,0.0,0,0,0,0,1,1,0,0,1.0,0.0,0.0,0.0,0,0,0,0,0,0,1,0,1,0,118,33304,0,32,0.0,0.0,0.0,0.0,0.0,0.0,0.0,0.0
20315,53,17,46.0,46.0,23.0,23.0,23.0,0.0,23.0,23.0,23.0,0.0,59.33,92.466,172.0,1.0,1.0,1.0,0.0,1.0,1.0,1.0,1.0,0.0,1.0,1.0,0,0,0,0,23.0,23.0,0,0,0,0,0,0,0,0,1.0,28.75,23.0,23.0,0,0,0,0,0,0,2,46,2,46,-1,-1,1,32,0.0,0.0,0.0,0.0,0.0,0.0,0.0,0.0
65396,53,17,88.0,120.0,44.0,44.0,44.0,0.0,60.0,60.0,60.0,0.0,7855.0,13723.824,23518.0,3.0,4.0,4.0,0.0,4.0,4.0,3.0,3.0,0.0,3.0,3.0,0,0,0,0,44.0,60.0,0,0,0,0,0,0,0,0,1.0,63.0,44.0,60.0,0,0,0,0,0,0,2,88,2,120,-1,-1,1,40,0.0,0.0,0.0,0.0,0.0,0.0,0.0,0.0
443,49910,6,37.0,0.0,31.0,6.0,18.5,17.6777,0.0,0.0,0.0,0.0,3.0,0.0,3.0,3.0,3.0,3.0,0.0,3.0,3.0,0.0,0.0,0.0,0.0,0.0,1,0,0,0,6.0,31.0,0,1,0,0,1,0,0,0,0.0,34.0,18.5,0.0,0,0,0,0,0,0,2,37,0,0,60,-1,1,20,0.0,0.0,0.0,0.0,0.0,0.0,0.0,0.0
58774,80,6,713.0,2433.0,603.0,0.0,44.5714,151.7561,1400.0,2.0,275.3846,538.0056,3247386.81,4637329.591,9999491.0,85.0,115903530.0,6422752.71,4684619.157,10020675.0,5224.0,110355955.0,6427753.85,4732250.479,10021111.0,219.0,0,0,0,0,0.0,1400.0,0,0,0,1,0,0,0,0,0.0,136.9605,44.5714,275.3846,0,0,0,0,0,0,14,713,17,2433,8192,30094,13,20,27022.0,7269.832,30496.0,21364.0,9975755.45,530.676,9999495.0,9999408.0
54271,443,6,12.0,0.0,6.0,6.0,6.0,0.0,0.0,0.0,0.0,0.0,18617898.0,0.0,18617898.0,18617898.0,18617898.0,18617898.0,0.0,18617898.0,18617898.0,0.0,0.0,0.0,0.0,0.0,0,0,0,0,6.0,6.0,0,0,0,0,1,0,0,0,0.0,9.0,6.0,0.0,0,0,0,0,0,0,2,12,0,0,64240,-1,1,20,0.0,0.0,0.0,0.0,0.0,0.0,0.0,0.0
30674,53,17,94.0,196.0,47.0,47.0,47.0,0.0,98.0,98.0,98.0,0.0,67.0,102.961,189.0,1.0,1.0,1.0,0.0,1.0,1.0,1.0,1.0,0.0,1.0,1.0,0,0,0,0,47.0,98.0,0,0,0,0,0,0,0,0,1.0,84.25,47.0,98.0,0,0,0,0,0,0,2,94,2,196,-1,-1,1,40,0.0,0.0,0.0,0.0,0.0,0.0,0.0,0.0
62042,53,17,72.0,328.0,36.0,36.0,36.0,0.0,164.0,164.0,164.0,0.0,77.0,120.294,225.0,2.0,3.0,3.0,0.0,3.0,3.0,2.0,2.0,0.0,2.0,2.0,0,0,0,0,36.0,164.0,0,0,0,0,0,0,0,0,1.0,109.0,36.0,164.0,0,0,0,0,0,0,2,72,2,328,-1,-1,1,20,0.0,0.0,0.0,0.0,0.0,0.0,0.0,0.0
56706,80,6,0.0,0.0,0.0,0.0,0.0,0.0,0.0,0.0,0.0,0.0,1734514.0,2914356.054,5123147.0,38.0,5113757.0,2556878.5,3669885.409,5123147.0,23921.0,0.0,0.0,0.0,0.0,0.0,0,0,0,0,0.0,0.0,0,0,0,1,0,0,0,0,0.0,0.0,0.0,0.0,0,0,0,0,0,0,3,0,1,0,29200,28960,0,32,0.0,0.0,0.0,0.0,0.0,0.0,0.0,0.0
54926,443,6,490.0,644.0,330.0,0.0,81.6667,136.1142,485.0,0.0,92.0,179.684,23945.61,31159.58,81172.0,3.0,272792.0,58992.4,23603.658,81089.0,32568.0,282734.0,48318.83,56351.16,128283.0,3.0,0,0,0,0,0.0,485.0,0,0,0,1,0,0,0,0,1.0,87.2301,81.6667,92.0,0,0,0,0,0,0,6,490,7,644,65535,114,3,32,0.0,0.0,0.0,0.0,0.0,0.0,0.0,0.0
49736,443,6,1140.0,943.0,901.0,0.0,114.0,280.1793,805.0,0.0,188.6,349.721,10654.85,14869.245,36207.0,4.0,151762.0,15990.77,20609.058,52371.0,4.0,106866.0,26933.0,17658.046,37073.0,572.0,0,0,0,0,0.0,901.0,0,0,0,1,0,0,0,0,0.0,138.8667,114.0,188.6,0,0,0,0,0,0,10,1140,5,943,65535,362,5,32,0.0,0.0,0.0,0.0,0.0,0.0,0.0,0.0
53264,443,6,382.0,4011.0,201.0,0.0,47.75,74.7773,2920.0,0.0,705.8333,1467.3221,451685.23,1501925.236,5468481.0,3.0,5653362.0,822360.85,2013986.066,5468481.0,3.0,53549.0,10761.8,14317.182,26908.0,203.0,0,0,0,0,0.0,2920.0,0,0,0,1,0,0,0,0,0.0,325.8857,47.75,705.8333,0,0,0,0,0,0,8,382,6,4011,8192,119,7,20,202313.0,0.0,202313.0,202313.0,5468454.0,0.0,5468484.0,5468454.0
56328,443,6,12.0,0.0,6.0,6.0,6.0,0.0,0.0,0.0,0.0,0.0,3799288.0,0.0,3799288.0,3799288.0,3799288.0,3799288.0,0.0,3799288.0,3799288.0,0.0,0.0,0.0,0.0,0.0,0,0,0,0,6.0,6.0,0,0,0,0,1,0,0,0,0.0,9.0,6.0,0.0,0,0,0,0,0,0,2,12,0,0,253,-1,1,20,0.0,0.0,0.0,0.0,0.0,0.0,0.0,0.0
38047,443,6,12.0,0.0,6.0,6.0,6.0,0.0,0.0,0.0,0.0,0.0,3.0,0.0,3.0,3.0,3.0,3.0,0.0,3.0,3.0,0.0,0.0,0.0,0.0,0.0,0,0,0,0,6.0,6.0,1,0,0,0,0,0,0,0,0.0,9.0,6.0,0.0,0,0,0,0,0,0,2,12,0,0,0,-1,1,20,0.0,0.0,0.0,0.0,0.0,0.0,0.0,0.0
51040,443,6,1291.0,5848.0,913.0,0.0,86.25,229.7282,2290.0,0.0,546.6667,923.5393,2728.1,4222.643,15185.0,2.0,78829.0,4845.53,8490.287,20601.0,3.0,30383.0,2243.0,9584.284,15539.0,3.0,0,0,0,0,0.0,2290.0,0,0,0,1,0,0,0,0,0.0,272.3588,86.25,546.6667,0,0,0,0,0,0,16,1291,6,5848,65535,32,15,20,0.0,0.0,0.0,0.0,0.0,0.0,0.0,0.0
55799,443,6,1036.0,4293.0,789.0,0.0,93.6,235.3698,1348.0,0.0,549.6,644.3732,9983.42,15484.285,41869.0,2.0,155556.0,17955.0,17686.442,42844.0,48.0,105019.0,26807.5,15351.758,57362.0,2.0,0,0,0,0,0.0,1348.0,0,0,0,1,0,0,0,0,0.0,268.2943,93.6,549.6,0,0,0,0,0,0,10,1036,5,4293,65535,116,5,32,0.0,0.0,0.0,0.0,0.0,0.0,0.0,0.0
443,54815,6,43.0,0.0,31.0,6.0,14.3333,14.4338,0.0,0.0,0.0,0.0,107.0,147.387,223.0,48.0,214.0,107.0,147.057,213.0,48.0,0.0,0.0,0.0,0.0,0.0,0,0,0,0,6.0,31.0,0,0,0,0,1,0,0,0,0.0,16.3333,14.3333,0.0,0,0,0,0,0,0,3,43,0,0,110,-1,2,20,0.0,0.0,0.0,0.0,0.0,0.0,0.0,0.0
42753,443,6,1146.0,6581.0,436.0,0.0,81.6568,111.1557,2626.0,0.0,659.4706,889.9276,1891694.67,3848712.855,10024678.0,1.0,61867942.0,3892691.66,4952967.474,10111901.0,221.0,61412842.0,4769411.25,5053373.117,10112094.0,3.0,0,0,0,0,0.0,2626.0,0,0,0,1,0,0,0,0,0.0,343.9538,81.6568,659.4706,0,0,0,0,0,0,13,1146,17,6581,8192,116,12,20,191317.66,303849.281,909348.0,50080.0,10001921.16,15368.703,10024673.0,9999938.0
80,50447,6,6.0,6.0,6.0,6.0,6.0,0.0,6.0,6.0,6.0,0.0,118.0,0.0,118.0,118.0,0.0,0.0,0.0,0.0,0.0,0.0,0.0,0.0,0.0,0.0,0,0,0,0,6.0,6.0,0,0,0,0,1,1,0,0,1.0,9.0,6.0,6.0,0,0,0,0,0,0,1,6,1,6,913,256,0,20,0.0,0.0,0.0,0.0,0.0,0.0,0.0,0.0
55458,80,6,6.0,6.0,6.0,6.0,6.0,0.0,6.0,6.0,6.0,0.0,3.0,0.0,3.0,3.0,0.0,0.0,0.0,0.0,0.0,0.0,0.0,0.0,0.0,0.0,0,0,0,0,6.0,6.0,0,0,0,0,1,0,0,0,1.0,9.0,6.0,6.0,0,0,0,0,0,0,1,6,1,6,16118,30060,0,20,0.0,0.0,0.0,0.0,0.0,0.0,0.0,0.0
51940,88,17,234.0,638.0,18.0,18.0,18.0,0.0,169.0,169.0,169.0,0.0,219666.57,344976.983,1918555.0,1.0,2999952.0,212012.85,425228.769,1989655.0,1.0,2000004.0,370004.0,400000.0,1000004.0,4.0,0,0,0,0,118.0,169.0,0,0,0,0,0,0,0,0,0.0,78.6,18.0,169.0,0,0,0,0,0,0,10,234,2,638,-1,-1,9,32,0.0,0.0,0.0,0.0,0.0,0.0,0.0,0.0
53668,443,6,12.0,0.0,6.0,6.0,6.0,0.0,0.0,0.0,0.0,0.0,3.0,0.0,3.0,3.0,3.0,3.0,0.0,3.0,3.0,0.0,0.0,0.0,0.0,0.0,0,0,0,0,6.0,6.0,1,0,0,0,0,0,0,0,0.0,9.0,6.0,0.0,0,0,0,0,0,0,2,12,0,0,0,-1,1,20,0.0,0.0,0.0,0.0,0.0,0.0,0.0,0.0
60656,53,17,51.0,67.0,51.0,51.0,51.0,0.0,67.0,67.0,67.0,0.0,137261.0,0.0,137261.0,137261.0,0.0,0.0,0.0,0.0,0.0,0.0,0.0,0.0,0.0,0.0,0,0,0,0,51.0,67.0,0,0,0,0,0,0,0,0,1.0,84.5,51.0,67.0,0,0,0,0,0,0,1,51,1,67,-1,-1,0,32,0.0,0.0,0.0,0.0,0.0,0.0,0.0,0.0
64019,80,6,446.0,1008.0,440.0,0.0,115.5,223.0156,808.0,0.0,201.0,403.0,875384.14,1937450.263,5442786.0,56.0,5558942.0,814310.33,2242182.038,5442786.0,22341.0,44149.0,28073.0,76290.348,42129.0,476.0,0,0,0,0,0.0,808.0,0,0,0,1,0,0,0,0,0.0,164.0,115.5,201.0,0,0,0,0,0,0,4,446,4,1008,8192,4810,3,20,0.0,0.0,0.0,0.0,0.0,0.0,0.0,0.0
56310,53,17,72.0,480.0,36.0,36.0,36.0,0.0,240.0,240.0,240.0,0.0,20303.0,35188.487,60907.0,3.0,3.0,3.0,0.0,3.0,3.0,3.0,3.0,0.0,3.0,3.0,0,0,0,0,36.0,240.0,0,0,0,0,0,0,0,0,1.0,147.0,36.0,240.0,0,0,0,0,0,0,2,72,2,480,-1,-1,1,32,0.0,0.0,0.0,0.0,0.0,0.0,0.0,0.0
50716,443,6,906.0,607.0,681.0,0.0,231.6667,296.728,589.0,0.0,101.4,203.428,42399.75,60668.713,123426.0,3.0,80139.0,40069.6,47264.196,23114.0,165.0,105832.0,26377.0,37091.351,53731.0,3.0,0,0,0,0,0.0,681.0,0,0,0,1,0,0,0,0,1.0,150.5714,231.6667,101.4,0,0,0,0,0,0,6,906,5,607,29200,43,3,32,0.0,0.0,0.0,0.0,0.0,0.0,0.0,0.0
58234,53,17,74.0,154.0,37.0,37.0,37.0,0.0,77.0,77.0,77.0,0.0,55.66,96.907,160.0,3.0,4.0,4.0,0.0,4.0,4.0,3.0,3.0,0.0,3.0,3.0,0,0,0,0,37.0,77.0,0,0,0,0,0,0,0,0,1.0,66.25,37.0,77.0,0,0,0,0,0,0,2,74,2,154,-1,-1,1,20,0.0,0.0,0.0,0.0,0.0,0.0,0.0,0.0
56007,53,17,84.0,192.0,42.0,42.0,42.0,0.0,96.0,96.0,96.0,0.0,12957.66,22633.108,38867.0,4.0,4.0,4.0,0.0,4.0,4.0,4.0,4.0,0.0,4.0,4.0,0,0,0,0,42.0,96.0,0,0,0,0,0,0,0,0,1.0,79.5,42.0,96.0,0,0,0,0,0,0,2,84,2,192,-1,-1,1,32,0.0,0.0,0.0,0.0,0.0,0.0,0.0,0.0
18147,53,17,62.0,158.0,31.0,31.0,31.0,0.0,79.0,79.0,79.0,0.0,65.33,107.767,180.0,1.0,1.0,1.0,0.0,1.0,1.0,3.0,3.0,0.0,3.0,3.0,0,0,0,0,31.0,79.0,0,0,0,0,0,0,0,0,1.0,62.75,31.0,79.0,0,0,0,0,0,0,2,62,2,158,-1,-1,1,32,0.0,0.0,0.0,0.0,0.0,0.0,0.0,0.0
49475,443,6,1621.0,3682.0,773.0,0.0,202.1111,310.1451,1460.0,2.0,529.75,642.5112,554959.0,1908287.413,6256357.0,3.0,7928079.0,1136617.12,2511287.559,6356057.0,115.0,452544.0,82563.14,104826.381,310273.0,3.0,0,0,0,0,0.0,1460.0,0,0,0,1,0,0,0,0,1.0,365.4462,202.1111,529.75,0,0,0,0,0,0,9,1621,8,3682,8192,34850,8,20,0.0,0.0,0.0,0.0,0.0,0.0,0.0,0.0
47136,80,6,0.0,0.0,0.0,0.0,0.0,0.0,0.0,0.0,0.0,0.0,29583.0,0.0,29583.0,29583.0,0.0,0.0,0.0,0.0,0.0,0.0,0.0,0.0,0.0,0.0,0,0,0,0,0.0,0.0,0,0,0,0,1,1,0,0,1.0,0.0,0.0,0.0,0,0,0,0,0,0,1,0,1,0,237,939,0,32,0.0,0.0,0.0,0.0,0.0,0.0,0.0,0.0
50156,443,6,12.0,0.0,6.0,6.0,6.0,0.0,0.0,0.0,0.0,0.0,119.0,0.0,119.0,119.0,119.0,119.0,0.0,119.0,119.0,0.0,0.0,0.0,0.0,0.0,0,0,0,0,6.0,6.0,0,0,0,0,1,0,0,0,0.0,9.0,6.0,0.0,0,0,0,0,0,0,2,12,0,0,63682,-1,1,20,0.0,0.0,0.0,0.0,0.0,0.0,0.0,0.0
49352,80,6,0.0,0.0,0.0,0.0,0.0,0.0,0.0,0.0,0.0,0.0,23570.0,0.0,23570.0,23570.0,0.0,0.0,0.0,0.0,0.0,0.0,0.0,0.0,0.0,0.0,0,0,0,0,0.0,0.0,0,0,0,0,1,1,0,0,1.0,0.0,0.0,0.0,0,0,0,0,0,0,1,0,1,0,237,239,0,32,0.0,0.0,0.0,0.0,0.0,0.0,0.0,0.0
55740,53,17,156.0,612.0,39.0,39.0,39.0,0.0,153.0,153.0,153.0,0.0,23321.42,37404.837,93454.0,1.0,36176.0,12098.0,14430.043,36174.0,3.0,1.0,1.0,0.0,1.0,1.0,0,0,0,0,39.0,153.0,0,0,0,0,0,0,0,0,0.0,96.1667,39.0,153.0,0,0,0,0,0,0,4,156,2,612,-1,-1,3,20,0.0,0.0,0.0,0.0,0.0,0.0,0.0,0.0
61007,443,6,347.0,3643.0,207.0,0.0,49.9231,81.5786,1460.0,0.0,664.3333,755.2774,21586.81,37076.198,86568.0,31.0,263837.0,52732.5,46298.408,88982.0,516.0,135494.0,34569.8,48301.62,87798.0,48.0,0,0,0,0,0.0,1460.0,0,0,0,1,0,0,0,0,1.0,349.4286,49.9231,664.3333,0,0,0,0,0,0,7,347,6,3643,8192,519,6,20,0.0,0.0,0.0,0.0,0.0,0.0,0.0,0.0
50856,443,6,31.0,0.0,31.0,0.0,10.3333,17.8979,0.0,0.0,0.0,0.0,1689998.66,2796445.969,5037702.0,5.0,5037796.0,2518898.0,3540550.618,5037702.0,48.0,0.0,0.0,0.0,0.0,0.0,0,0,0,0,0.0,31.0,0,0,0,0,1,0,0,0,0.0,7.75,10.3333,0.0,0,0,0,0,0,0,3,31,1,0,290,387,1,32,33140.0,0.0,33140.0,33140.0,5037761.0,0.0,5037701.0,5037761.0
61268,53,17,55.0,110.0,55.0,55.0,55.0,0.0,110.0,110.0,110.0,0.0,50629.0,0.0,50629.0,50629.0,0.0,0.0,0.0,0.0,0.0,0.0,0.0,0.0,0.0,0.0,0,0,0,0,55.0,110.0,0,0,0,0,0,0,0,0,1.0,110.0,55.0,110.0,0,0,0,0,0,0,1,55,1,110,-1,-1,0,32,0.0,0.0,0.0,0.0,0.0,0.0,0.0,0.0
443,57933,6,0.0,0.0,0.0,0.0,0.0,0.0,0.0,0.0,0.0,0.0,53.0,0.0,53.0,53.0,0.0,0.0,0.0,0.0,0.0,0.0,0.0,0.0,0.0,0.0,0,0,0,0,0.0,0.0,0,0,0,0,1,0,0,0,1.0,0.0,0.0,0.0,0,0,0,0,0,0,1,0,1,0,357,32832,0,32,0.0,0.0,0.0,0.0,0.0,0.0,0.0,0.0
51163,443,6,1104.0,4735.0,549.0,0.0,63.9333,120.4957,1448.0,0.0,221.2105,493.4339,3062554.39,4559833.558,10028621.0,3.0,115997403.0,6095700.21,4862103.738,10116915.0,3.0,110697623.0,6522174.52,4909427.43,10112093.0,73.0,0,0,0,0,0.0,1448.0,0,0,0,1,0,0,0,0,0.0,136.75,63.9333,221.2105,0,0,0,0,0,0,22,1104,19,4735,29200,61,4,32,48442.63,35221.984,275770.0,30474.0,10014528.54,15817.844,10028621.0,9961630.0
55978,443,6,815.0,5943.0,373.0,0.0,64.6923,111.204,1805.0,0.0,549.3889,762.9128,11589.6,28993.074,81623.0,1.0,303292.0,21688.83,22907.821,81343.0,1.0,264931.0,38828.12,52191.374,104184.0,50.0,0,0,0,0,0.0,1805.0,0,0,0,1,0,0,0,0,0.0,259.3609,64.6923,549.3889,0,0,0,0,0,0,13,815,9,5943,65535,114,6,32,0.0,0.0,0.0,0.0,0.0,0.0,0.0,0.0
41184,443,6,699.0,175086.0,421.0,0.0,14.2605,64.0068,2860.0,0.0,1999.0875,734.9915,3431.22,9309.985,53601.0,0.0,193697.0,7291.42,13561.691,55011.0,2.0,199320.0,2875.66,8949.901,46473.0,1.0,0,0,0,0,0.0,2860.0,0,0,0,1,0,0,0,0,1.0,1278.9606,14.2605,1999.0875,0,0,0,0,0,0,57,699,122,175086,29200,357,86,20,0.0,0.0,0.0,0.0,0.0,0.0,0.0,0.0
55050,80,6,12.0,0.0,6.0,6.0,6.0,0.0,0.0,0.0,0.0,0.0,58.0,0.0,58.0,58.0,58.0,58.0,0.0,58.0,58.0,0.0,0.0,0.0,0.0,0.0,0,0,0,0,6.0,6.0,0,0,0,0,1,0,0,0,0.0,9.0,6.0,0.0,0,0,0,0,0,0,2,12,0,0,16210,-1,1,20,0.0,0.0,0.0,0.0,0.0,0.0,0.0,0.0
53055,443,6,0.0,0.0,0.0,0.0,0.0,0.0,0.0,0.0,0.0,0.0,124.0,0.0,124.0,124.0,124.0,124.0,0.0,124.0,124.0,0.0,0.0,0.0,0.0,0.0,0,0,0,0,0.0,0.0,0,0,0,0,1,0,0,0,0.0,0.0,0.0,0.0,0,0,0,0,0,0,2,0,0,0,342,-1,0,32,0.0,0.0,0.0,0.0,0.0,0.0,0.0,0.0
50857,80,6,439.0,871.0,439.0,0.0,146.3333,253.4568,859.0,0.0,217.75,427.5094,7959.5,11937.222,23155.0,4.0,23375.0,11687.5,16382.501,23245.0,157.0,24750.0,8310.66,13892.746,23497.0,4.0,0,0,0,0,0.0,859.0,0,0,0,1,0,0,0,0,1.0,185.1429,146.3333,217.75,0,0,0,0,0,0,3,439,4,871,8192,31,2,20,0.0,0.0,0.0,0.0,0.0,0.0,0.0,0.0
60725,443,6,1634.0,8250.0,1333.0,0.0,128.8947,368.3269,2920.0,0.0,888.7273,1068.5207,15551.44,33580.633,159079.0,8.0,324002.0,20764.83,56857.752,156179.0,48.0,280917.0,22471.74,59860.522,112343.0,49.0,0,0,0,0,0.0,2920.0,0,0,0,1,0,0,0,0,0.0,491.1083,128.8947,888.7273,0,0,0,0,0,0,13,1634,8,8250,65535,13456,11,20,0.0,0.0,0.0,0.0,0.0,0.0,0.0,0.0
61072,53,17,46.0,139.0,46.0,46.0,46.0,0.0,139.0,139.0,139.0,0.0,23481.0,0.0,23481.0,23481.0,0.0,0.0,0.0,0.0,0.0,0.0,0.0,0.0,0.0,0.0,0,0,0,0,46.0,139.0,0,0,0,0,0,0,0,0,1.0,115.5,46.0,139.0,0,0,0,0,0,0,1,46,1,139,-1,-1,0,32,0.0,0.0,0.0,0.0,0.0,0.0,0.0,0.0
65605,53,17,68.0,380.0,34.0,34.0,34.0,0.0,190.0,190.0,190.0,0.0,68.33,119.606,202.0,3.0,3.0,3.0,0.0,3.0,3.0,3.0,3.0,0.0,3.0,3.0,0,0,0,0,34.0,190.0,0,0,0,0,0,0,0,0,1.0,120.5,34.0,190.0,0,0,0,0,0,0,2,68,2,380,-1,-1,1,20,0.0,0.0,0.0,0.0,0.0,0.0,0.0,0.0
56682,80,6,683.0,543.0,671.0,0.0,134.3333,296.9283,543.0,0.0,181.25,316.5148,332433.0,656015.345,1900304.0,30.0,228083.0,54041.6,68153.536,114526.0,350.0,1122084.0,742098.0,406548.673,1991423.0,21984.0,0,0,0,0,0.0,671.0,0,0,0,1,0,0,0,0,0.0,158.1429,134.3333,181.25,0,0,0,0,0,0,6,683,4,543,65535,32,1,32,0.0,0.0,0.0,0.0,0.0,0.0,0.0,0.0
57123,53,17,80.0,336.0,40.0,40.0,40.0,0.0,168.0,168.0,168.0,0.0,34304.0,58887.804,102901.0,3.0,49.0,49.0,0.0,49.0,49.0,3.0,3.0,0.0,3.0,3.0,0,0,0,0,40.0,168.0,0,0,0,0,0,0,0,0,1.0,114.0,40.0,168.0,0,0,0,0,0,0,2,80,2,336,-1,-1,1,20,0.0,0.0,0.0,0.0,0.0,0.0,0.0,0.0
61831,53,17,58.0,186.0,58.0,58.0,58.0,0.0,186.0,186.0,186.0,0.0,30815.0,0.0,30815.0,30815.0,0.0,0.0,0.0,0.0,0.0,0.0,0.0,0.0,0.0,0.0,0,0,0,0,58.0,186.0,0,0,0,0,0,0,0,0,1.0,151.0,58.0,186.0,0,0,0,0,0,0,1,58,1,186,-1,-1,0,32,0.0,0.0,0.0,0.0,0.0,0.0,0.0,0.0
53340,443,6,37.0,31.0,37.0,0.0,18.5,26.163,31.0,0.0,15.5,26.1609,212.5,4.344,211.0,16.0,255.0,255.0,0.0,255.0,255.0,0.0,0.0,0.0,0.0,0.0,1,0,0,0,0.0,37.0,0,1,0,0,1,0,0,0,0.0,22.6667,18.5,15.5,0,0,0,0,0,0,2,37,1,31,68,938,0,32,0.0,0.0,0.0,0.0,0.0,0.0,0.0,0.0
443,54820,6,0.0,0.0,0.0,0.0,0.0,0.0,0.0,0.0,0.0,0.0,112.0,0.0,112.0,112.0,0.0,0.0,0.0,0.0,0.0,0.0,0.0,0.0,0.0,0.0,0,0,0,0,0.0,0.0,0,0,0,0,1,1,0,0,1.0,0.0,0.0,0.0,0,0,0,0,0,0,1,0,1,0,119,33304,0,32,0.0,0.0,0.0,0.0,0.0,0.0,0.0,0.0
51958,443,6,2435.0,4035.0,810.0,0.0,139.3077,276.6897,1460.0,0.0,154.98,430.5905,1830212.83,3710853.67,10079017.0,40.0,61136906.0,3301897.08,4762228.095,10111914.0,50117.0,75180745.0,3027727.52,4722344.22,10102251.0,48.0,0,0,0,0,0.0,1460.0,0,0,0,1,0,0,0,0,0.0,136.3677,139.3077,154.98,0,0,0,0,0,0,19,2435,20,4035,29200,1378,18,20,236113.16,546660.835,1989672.0,50484.0,9990611.66,24513.898,10079015.0,9988179.0
42104,443,6,947.0,4580.0,469.0,0.0,66.1538,141.6612,1418.0,0.0,693.3333,662.6,21947.8,47852.882,289121.0,1.0,515994.0,33592.71,64182.976,289101.0,1.0,322661.0,39263.2,66320.987,189250.0,2.0,0,0,0,0,0.0,1418.0,0,0,0,1,0,0,0,0,0.0,324.3637,66.1538,693.3333,0,0,0,0,0,0,13,947,9,4580,65535,349,6,32,0.0,0.0,0.0,0.0,0.0,0.0,0.0,0.0
63183,80,6,596.0,841.0,550.0,0.0,49.1875,160.75,849.0,0.0,63.625,215.3129,3975377.08,4876123.478,9998358.0,14.0,115611727.0,7708727.13,4156196.276,10051355.0,37859.0,110510567.0,8500021.8,3750129.266,10051732.0,1858.0,0,0,0,0,0.0,849.0,0,0,0,1,0,0,0,0,0.0,52.6333,49.1875,63.625,0,0,0,0,0,0,16,596,16,841,8192,519,15,20,45823.18,23936.86,128722.0,37429.0,9979899.83,78305.355,9998355.0,9994189.0
55918,443,6,836.0,1199.0,645.0,0.0,83.6,201.1032,1061.0,0.0,239.8,462.9067,20414.35,35570.276,87223.0,3.0,283642.0,31902.33,43157.392,98991.0,3.0,180538.0,45034.5,48392.958,87028.0,598.0,0,0,0,0,0.0,1061.0,0,0,0,1,0,0,0,0,0.0,135.9333,83.6,239.8,0,0,0,0,0,0,10,836,5,1199,65535,115,5,32,0.0,0.0,0.0,0.0,0.0,0.0,0.0,0.0
46181,443,6,0.0,0.0,0.0,0.0,0.0,0.0,0.0,0.0,0.0,0.0,95112.5,40184.862,90363.0,43392.0,97.0,97.0,0.0,97.0,97.0,0.0,0.0,0.0,0.0,0.0,0,0,0,0,0.0,0.0,0,0,0,0,1,1,0,0,0.0,0.0,0.0,0.0,0,0,0,0,0,0,2,0,1,0,304,884,0,32,0.0,0.0,0.0,0.0,0.0,0.0,0.0,0.0
54948,53,17,66.0,98.0,33.0,33.0,33.0,0.0,49.0,49.0,49.0,0.0,66114.33,106086.005,188336.0,3.0,3.0,3.0,0.0,3.0,3.0,48.0,48.0,0.0,48.0,48.0,0,0,0,0,33.0,49.0,0,0,0,0,0,0,0,0,1.0,49.25,33.0,49.0,0,0,0,0,0,0,2,66,2,98,-1,-1,1,20,0.0,0.0,0.0,0.0,0.0,0.0,0.0,0.0
53903,443,6,1352.0,661.0,1076.0,0.0,122.2,329.6469,521.0,0.0,92.8333,142.173,25352.46,72196.516,223894.0,1.0,449495.0,47336.33,93510.914,223891.0,3.0,394101.0,74570.2,127154.611,250962.0,419.0,0,0,0,0,0.0,1076.0,0,0,0,1,0,0,0,0,0.0,118.6667,122.2,92.8333,0,0,0,0,0,0,10,1352,6,661,65535,362,5,32,0.0,0.0,0.0,0.0,0.0,0.0,0.0,0.0
443,50969,6,0.0,0.0,0.0,0.0,0.0,0.0,0.0,0.0,0.0,0.0,289.0,0.0,289.0,289.0,0.0,0.0,0.0,0.0,0.0,0.0,0.0,0.0,0.0,0.0,0,0,0,0,0.0,0.0,0,0,0,0,1,1,0,0,1.0,0.0,0.0,0.0,0,0,0,0,0,0,1,0,1,0,122,33304,0,32,0.0,0.0,0.0,0.0,0.0,0.0,0.0,0.0
137,137,17,650.0,0.0,50.0,50.0,50.0,0.0,0.0,0.0,0.0,0.0,1.58,1.135,5.0,1.0,63.0,1.58,1.443,5.0,1.0,0.0,0.0,0.0,0.0,0.0,0,0,0,0,50.0,50.0,0,0,0,0,0,0,0,0,0.0,53.8462,50.0,0.0,0,0,0,0,0,0,13,650,0,0,-1,-1,12,20,0.0,0.0,0.0,0.0,0.0,0.0,0.0,0.0
54252,80,6,355.0,326.0,345.0,0.0,29.6875,91.6922,324.0,0.0,16.0667,91.6358,3752346.86,4884848.546,10000786.0,63.0,115761871.0,7297726.09,4166640.632,10032351.0,234.0,110554424.0,7863584.4,4235489.449,10031018.0,1178.0,0,0,0,0,0.0,345.0,0,0,0,1,0,0,0,0,0.0,33.0,29.6875,16.0667,0,0,0,0,0,0,16,355,15,326,8192,110,15,20,50599.9,94178.932,302166.0,37630.0,9999480.72,10182.607,10000786.0,9950529.0
57677,443,6,361.0,3148.0,204.0,0.0,50.1667,82.8586,1460.0,0.0,595.0,777.5842,304629.16,701215.364,2990182.0,3.0,3043927.0,609065.6,1172158.429,2990182.0,168.0,74763.0,11181.4,16813.393,34523.0,190.0,0,0,0,0,0.0,1460.0,0,0,0,1,0,0,0,0,1.0,315.1846,50.1667,595.0,0,0,0,0,0,0,6,361,6,3148,8192,60,5,20,0.0,0.0,0.0,0.0,0.0,0.0,0.0,0.0
57627,443,6,37.0,0.0,37.0,0.0,18.5,26.163,0.0,0.0,0.0,0.0,87.0,0.0,87.0,87.0,87.0,87.0,0.0,87.0,87.0,0.0,0.0,0.0,0.0,0.0,1,0,0,0,0.0,37.0,0,1,0,0,1,0,0,0,0.0,37.0,18.5,0.0,0,0,0,0,0,0,2,37,0,0,65535,-1,0,32,0.0,0.0,0.0,0.0,0.0,0.0,0.0,0.0
49595,443,6,12.0,0.0,6.0,6.0,6.0,0.0,0.0,0.0,0.0,0.0,8845217.0,0.0,8845217.0,8845217.0,8845217.0,8845217.0,0.0,8845217.0,8845217.0,0.0,0.0,0.0,0.0,0.0,0,0,0,0,6.0,6.0,0,0,0,0,1,0,0,0,0.0,9.0,6.0,0.0,0,0,0,0,0,0,2,12,0,0,253,-1,1,20,0.0,0.0,0.0,0.0,0.0,0.0,0.0,0.0
443,56962,6,0.0,18.0,0.0,0.0,0.0,0.0,6.0,6.0,6.0,0.0,43334.66,87482.609,170662.0,2.0,170639.0,170639.0,0.0,170639.0,170639.0,2.0,1.0,0.0,1.0,2.0,0,0,0,0,0.0,6.0,0,0,0,0,1,0,0,0,1.0,3.6,0.0,6.0,0,0,0,0,0,0,2,0,3,18,116,0,0,32,0.0,0.0,0.0,0.0,0.0,0.0,0.0,0.0
443,52213,6,0.0,0.0,0.0,0.0,0.0,0.0,0.0,0.0,0.0,0.0,206.0,0.0,206.0,206.0,0.0,0.0,0.0,0.0,0.0,0.0,0.0,0.0,0.0,0.0,0,0,0,0,0.0,0.0,0,0,0,0,1,1,0,0,1.0,0.0,0.0,0.0,0,0,0,0,0,0,1,0,1,0,349,32832,0,32,0.0,0.0,0.0,0.0,0.0,0.0,0.0,0.0
443,51513,6,0.0,0.0,0.0,0.0,0.0,0.0,0.0,0.0,0.0,0.0,100.0,0.0,100.0,100.0,0.0,0.0,0.0,0.0,0.0,0.0,0.0,0.0,0.0,0.0,0,0,0,0,0.0,0.0,0,0,0,0,1,1,0,0,1.0,0.0,0.0,0.0,0,0,0,0,0,0,1,0,1,0,62,33304,0,32,0.0,0.0,0.0,0.0,0.0,0.0,0.0,0.0
59595,443,6,1240.0,13691.0,901.0,0.0,99.6154,257.0466,1397.0,0.0,1180.2308,572.2151,1653.0,4877.141,15737.0,1.0,89029.0,3102.41,7205.95,28201.0,1.0,6425.0,89.29,6589.834,15413.0,2.0,0,0,0,0,0.0,1397.0,0,0,0,1,0,0,0,0,0.0,531.1113,99.6154,1180.2308,0,0,0,0,0,0,13,1240,13,13691,65535,32,12,20,0.0,0.0,0.0,0.0,0.0,0.0,0.0,0.0
52826,443,6,12.0,0.0,6.0,6.0,6.0,0.0,0.0,0.0,0.0,0.0,48.0,0.0,48.0,48.0,48.0,48.0,0.0,48.0,48.0,0.0,0.0,0.0,0.0,0.0,0,0,0,0,6.0,6.0,1,0,0,0,0,0,0,0,0.0,9.0,6.0,0.0,0,0,0,0,0,0,2,12,0,0,0,-1,1,20,0.0,0.0,0.0,0.0,0.0,0.0,0.0,0.0
45752,53,17,64.0,158.0,32.0,32.0,32.0,0.0,79.0,79.0,79.0,0.0,71.33,119.529,201.0,1.0,1.0,1.0,0.0,1.0,1.0,1.0,1.0,0.0,1.0,1.0,0,0,0,0,32.0,79.0,0,0,0,0,0,0,0,0,1.0,63.5,32.0,79.0,0,0,0,0,0,0,2,64,2,158,-1,-1,1,32,0.0,0.0,0.0,0.0,0.0,0.0,0.0,0.0
54049,443,6,376.0,3115.0,191.0,0.0,47.7778,73.3103,1607.0,0.0,623.0,827.2452,451686.26,1539073.654,5480670.0,4.0,5621042.0,803857.15,2079750.74,5480670.0,4.0,55674.0,11318.5,18459.899,27925.0,217.0,0,0,0,0,0.0,1607.0,0,0,0,1,0,0,0,0,0.0,240.9286,47.7778,623.0,0,0,0,0,0,0,9,376,5,3115,8192,110,7,20,198046.0,0.0,198046.0,198046.0,5480641.0,0.0,5480671.0,5480641.0
61786,53,17,47.0,79.0,47.0,47.0,47.0,0.0,79.0,79.0,79.0,0.0,30897.0,0.0,30897.0,30897.0,0.0,0.0,0.0,0.0,0.0,0.0,0.0,0.0,0.0,0.0,0,0,0,0,47.0,79.0,0,0,0,0,0,0,0,0,1.0,86.5,47.0,79.0,0,0,0,0,0,0,1,47,1,79,-1,-1,0,32,0.0,0.0,0.0,0.0,0.0,0.0,0.0,0.0
60101,53,17,51.0,132.0,51.0,51.0,51.0,0.0,132.0,132.0,132.0,0.0,605.0,0.0,605.0,605.0,0.0,0.0,0.0,0.0,0.0,0.0,0.0,0.0,0.0,0.0,0,0,0,0,51.0,132.0,0,0,0,0,0,0,0,0,1.0,117.0,51.0,132.0,0,0,0,0,0,0,1,51,1,132,-1,-1,0,32,0.0,0.0,0.0,0.0,0.0,0.0,0.0,0.0
56198,53,17,102.0,134.0,51.0,51.0,51.0,0.0,67.0,67.0,67.0,0.0,57.33,56.296,120.0,3.0,3.0,3.0,0.0,3.0,3.0,49.0,49.0,0.0,49.0,49.0,0,0,0,0,51.0,67.0,0,0,0,0,0,0,0,0,1.0,71.75,51.0,67.0,0,0,0,0,0,0,2,102,2,134,-1,-1,1,32,0.0,0.0,0.0,0.0,0.0,0.0,0.0,0.0
61086,53,17,51.0,67.0,51.0,51.0,51.0,0.0,67.0,67.0,67.0,0.0,30313.0,0.0,30313.0,30313.0,0.0,0.0,0.0,0.0,0.0,0.0,0.0,0.0,0.0,0.0,0,0,0,0,51.0,67.0,0,0,0,0,0,0,0,0,1.0,84.5,51.0,67.0,0,0,0,0,0,0,1,51,1,67,-1,-1,0,20,0.0,0.0,0.0,0.0,0.0,0.0,0.0,0.0
59345,53,17,88.0,120.0,44.0,44.0,44.0,0.0,60.0,60.0,60.0,0.0,46.33,77.255,133.0,3.0,3.0,3.0,0.0,3.0,3.0,4.0,4.0,0.0,4.0,4.0,0,0,0,0,44.0,60.0,0,0,0,0,0,0,0,0,1.0,63.0,44.0,60.0,0,0,0,0,0,0,2,88,2,120,-1,-1,1,20,0.0,0.0,0.0,0.0,0.0,0.0,0.0,0.0
60896,53,17,90.0,172.0,45.0,45.0,45.0,0.0,86.0,86.0,86.0,0.0,46.0,73.21,131.0,3.0,3.0,3.0,0.0,3.0,3.0,3.0,3.0,0.0,3.0,3.0,0,0,0,0,45.0,86.0,0,0,0,0,0,0,0,0,1.0,76.75,45.0,86.0,0,0,0,0,0,0,2,90,2,172,-1,-1,1,32,0.0,0.0,0.0,0.0,0.0,0.0,0.0,0.0
7195,53,17,70.0,250.0,35.0,35.0,35.0,0.0,125.0,125.0,125.0,0.0,21961.0,37674.341,65888.0,3.0,3.0,3.0,0.0,3.0,3.0,48.0,48.0,0.0,48.0,48.0,0,0,0,0,35.0,125.0,0,0,0,0,0,0,0,0,1.0,88.75,35.0,125.0,0,0,0,0,0,0,2,70,2,250,-1,-1,1,32,0.0,0.0,0.0,0.0,0.0,0.0,0.0,0.0
61668,53,17,42.0,58.0,42.0,42.0,42.0,0.0,58.0,58.0,58.0,0.0,23512.0,0.0,23512.0,23512.0,0.0,0.0,0.0,0.0,0.0,0.0,0.0,0.0,0.0,0.0,0,0,0,0,42.0,58.0,0,0,0,0,0,0,0,0,1.0,71.0,42.0,58.0,0,0,0,0,0,0,1,42,1,58,-1,-1,0,20,0.0,0.0,0.0,0.0,0.0,0.0,0.0,0.0
59708,443,6,599.0,152.0,517.0,0.0,85.5714,191.3085,152.0,0.0,38.0,76.0,583890.55,1700771.869,5490558.0,3.0,5613580.0,923990.33,2247675.609,5545249.0,3.0,85277.0,28659.0,37376.152,65092.0,1070.0,0,0,0,0,0.0,517.0,0,0,0,1,0,0,0,0,0.0,68.2727,85.5714,38.0,0,0,0,0,0,0,7,599,4,152,29200,939,3,32,109171.0,0.0,109171.0,109171.0,5490520.0,0.0,5490550.0,5490520.0
62447,53,17,70.0,202.0,35.0,35.0,35.0,0.0,101.0,101.0,101.0,0.0,20731.0,35917.846,62189.0,3.0,3.0,3.0,0.0,3.0,3.0,4.0,4.0,0.0,4.0,4.0,0,0,0,0,35.0,101.0,0,0,0,0,0,0,0,0,1.0,76.75,35.0,101.0,0,0,0,0,0,0,2,70,2,202,-1,-1,1,32,0.0,0.0,0.0,0.0,0.0,0.0,0.0,0.0
443,42178,6,0.0,0.0,0.0,0.0,0.0,0.0,0.0,0.0,0.0,0.0,21.0,0.0,21.0,21.0,0.0,0.0,0.0,0.0,0.0,0.0,0.0,0.0,0.0,0.0,0,0,0,0,0.0,0.0,0,0,0,0,1,1,0,0,1.0,0.0,0.0,0.0,0,0,0,0,0,0,1,0,1,0,126,355,0,32,0.0,0.0,0.0,0.0,0.0,0.0,0.0,0.0
54960,443,6,902.0,2442.0,645.0,0.0,118.1429,228.9323,1460.0,0.0,448.4286,647.8433,719006.0,2479108.509,8664482.0,3.0,8726278.0,1119355.0,3463296.331,8664482.0,144.0,187585.0,31396.83,49122.242,97062.0,3.0,0,0,0,0,0.0,1460.0,0,0,0,1,0,0,0,0,1.0,295.9455,118.1429,448.4286,0,0,0,0,0,0,7,902,7,2442,8192,32,5,20,0.0,0.0,0.0,0.0,0.0,0.0,0.0,0.0
49069,53,17,68.0,100.0,34.0,34.0,34.0,0.0,50.0,50.0,50.0,0.0,47.0,72.668,134.0,4.0,4.0,4.0,0.0,4.0,4.0,4.0,4.0,0.0,4.0,4.0,0,0,0,0,34.0,50.0,0,0,0,0,0,0,0,0,1.0,50.5,34.0,50.0,0,0,0,0,0,0,2,68,2,100,-1,-1,1,32,0.0,0.0,0.0,0.0,0.0,0.0,0.0,0.0
53730,443,6,974.0,7387.0,469.0,0.0,64.9333,134.266,1581.0,0.0,671.5455,745.9321,16676.88,34204.423,189212.0,2.0,497371.0,26822.08,32101.807,189314.0,2.0,313349.0,37520.1,65586.178,155338.0,2.0,0,0,0,0,0.0,1581.0,0,0,0,1,0,0,0,0,0.0,321.5769,64.9333,671.5455,0,0,0,0,0,0,15,974,11,7387,65535,357,6,32,0.0,0.0,0.0,0.0,0.0,0.0,0.0,0.0
80,49617,6,6.0,6.0,6.0,6.0,6.0,0.0,6.0,6.0,6.0,0.0,31.0,0.0,31.0,31.0,0.0,0.0,0.0,0.0,0.0,0.0,0.0,0.0,0.0,0.0,0,0,0,0,6.0,6.0,0,0,0,0,1,1,0,0,1.0,9.0,6.0,6.0,0,0,0,0,0,0,1,6,1,6,946,256,0,20,0.0,0.0,0.0,0.0,0.0,0.0,0.0,0.0
51104,53,17,58.0,506.0,29.0,29.0,29.0,0.0,253.0,253.0,253.0,0.0,81.33,138.802,231.0,3.0,3.0,3.0,0.0,3.0,3.0,4.0,4.0,0.0,4.0,4.0,0,0,0,0,29.0,253.0,0,0,0,0,0,0,0,0,1.0,148.25,29.0,253.0,0,0,0,0,0,0,2,58,2,506,-1,-1,1,32,0.0,0.0,0.0,0.0,0.0,0.0,0.0,0.0
54943,53,17,88.0,120.0,44.0,44.0,44.0,0.0,60.0,60.0,60.0,0.0,43.33,56.58,123.0,3.0,3.0,3.0,0.0,3.0,3.0,3.0,3.0,0.0,3.0,3.0,0,0,0,0,44.0,60.0,0,0,0,0,0,0,0,0,1.0,63.0,44.0,60.0,0,0,0,0,0,0,2,88,2,120,-1,-1,1,20,0.0,0.0,0.0,0.0,0.0,0.0,0.0,0.0
80,44822,6,0.0,0.0,0.0,0.0,0.0,0.0,0.0,0.0,0.0,0.0,54.0,0.0,54.0,54.0,0.0,0.0,0.0,0.0,0.0,0.0,0.0,0.0,0.0,0.0,0,0,0,0,0.0,0.0,0,0,0,0,1,1,0,0,1.0,0.0,0.0,0.0,0,0,0,0,0,0,1,0,1,0,127,1259,0,32,0.0,0.0,0.0,0.0,0.0,0.0,0.0,0.0
20700,53,17,60.0,264.0,30.0,30.0,30.0,0.0,132.0,132.0,132.0,0.0,20419.0,35387.324,61254.0,1.0,1.0,1.0,0.0,1.0,1.0,48.0,48.0,0.0,48.0,48.0,0,0,0,0,30.0,132.0,0,0,0,0,0,0,0,0,1.0,88.5,30.0,132.0,0,0,0,0,0,0,2,60,2,264,-1,-1,1,40,0.0,0.0,0.0,0.0,0.0,0.0,0.0,0.0
55144,443,6,1883.0,18247.0,517.0,0.0,75.4167,144.3217,2860.0,0.0,686.7489,781.7233,1470499.65,3410972.543,10058491.0,23.0,62334654.0,3662587.55,4677587.048,10051918.0,41.0,51258802.0,3265732.83,4938757.777,10051947.0,49.0,0,0,0,0,0.0,2860.0,0,0,0,1,0,0,0,0,1.0,401.4333,75.4167,686.7489,0,0,0,0,0,0,24,1883,28,18247,8192,1000,23,20,604425.71,1792494.597,4066548.0,50355.0,9912984.16,182573.523,10058498.0,9990598.0
80,60670,6,6.0,6.0,6.0,6.0,6.0,0.0,6.0,6.0,6.0,0.0,30.0,0.0,30.0,30.0,0.0,0.0,0.0,0.0,0.0,0.0,0.0,0.0,0.0,0.0,0,0,0,0,6.0,6.0,0,0,0,0,1,1,0,0,1.0,9.0,6.0,6.0,0,0,0,0,0,0,1,6,1,6,8190,256,0,20,0.0,0.0,0.0,0.0,0.0,0.0,0.0,0.0
443,60306,6,6.0,6.0,6.0,6.0,6.0,0.0,6.0,6.0,6.0,0.0,100.0,0.0,100.0,100.0,0.0,0.0,0.0,0.0,0.0,0.0,0.0,0.0,0.0,0.0,0,0,0,0,6.0,6.0,0,0,0,0,1,0,0,0,1.0,9.0,6.0,6.0,0,0,0,0,0,0,1,6,1,6,231,32850,0,20,0.0,0.0,0.0,0.0,0.0,0.0,0.0,0.0
54369,80,6,12.0,0.0,6.0,6.0,6.0,0.0,0.0,0.0,0.0,0.0,56.0,0.0,56.0,56.0,56.0,56.0,0.0,56.0,56.0,0.0,0.0,0.0,0.0,0.0,0,0,0,0,6.0,6.0,0,0,0,0,1,0,0,0,0.0,9.0,6.0,0.0,0,0,0,0,0,0,2,12,0,0,16425,-1,1,20,0.0,0.0,0.0,0.0,0.0,0.0,0.0,0.0
62188,53,17,55.0,111.0,55.0,55.0,55.0,0.0,111.0,111.0,111.0,0.0,59741.0,0.0,59741.0,59741.0,0.0,0.0,0.0,0.0,0.0,0.0,0.0,0.0,0.0,0.0,0,0,0,0,55.0,111.0,0,0,0,0,0,0,0,0,1.0,110.5,55.0,111.0,0,0,0,0,0,0,1,55,1,111,-1,-1,0,20,0.0,0.0,0.0,0.0,0.0,0.0,0.0,0.0
443,60120,6,12.0,0.0,6.0,6.0,6.0,0.0,0.0,0.0,0.0,0.0,3.0,0.0,3.0,3.0,3.0,3.0,0.0,3.0,3.0,0.0,0.0,0.0,0.0,0.0,0,0,0,0,6.0,6.0,0,0,0,0,1,0,0,0,0.0,9.0,6.0,0.0,0,0,0,0,0,0,2,12,0,0,905,-1,1,20,0.0,0.0,0.0,0.0,0.0,0.0,0.0,0.0
19226,53,17,60.0,264.0,30.0,30.0,30.0,0.0,132.0,132.0,132.0,0.0,74.0,121.975,210.0,3.0,3.0,3.0,0.0,3.0,3.0,4.0,4.0,0.0,4.0,4.0,0,0,0,0,30.0,132.0,0,0,0,0,0,0,0,0,1.0,88.5,30.0,132.0,0,0,0,0,0,0,2,60,2,264,-1,-1,1,32,0.0,0.0,0.0,0.0,0.0,0.0,0.0,0.0
61988,53,17,45.0,127.0,45.0,45.0,45.0,0.0,127.0,127.0,127.0,0.0,203397.0,0.0,203397.0,203397.0,0.0,0.0,0.0,0.0,0.0,0.0,0.0,0.0,0.0,0.0,0,0,0,0,45.0,127.0,0,0,0,0,0,0,0,0,1.0,108.5,45.0,127.0,0,0,0,0,0,0,1,45,1,127,-1,-1,0,32,0.0,0.0,0.0,0.0,0.0,0.0,0.0,0.0
137,137,17,124.0,0.0,62.0,62.0,62.0,0.0,0.0,0.0,0.0,0.0,226207.0,0.0,226207.0,226207.0,226207.0,226207.0,0.0,226207.0,226207.0,0.0,0.0,0.0,0.0,0.0,0,0,0,0,62.0,62.0,0,0,0,0,0,0,0,0,0.0,93.0,62.0,0.0,0,0,0,0,0,0,2,124,0,0,-1,-1,1,20,0.0,0.0,0.0,0.0,0.0,0.0,0.0,0.0
61645,53,17,52.0,113.0,52.0,52.0,52.0,0.0,113.0,113.0,113.0,0.0,32402.0,0.0,32402.0,32402.0,0.0,0.0,0.0,0.0,0.0,0.0,0.0,0.0,0.0,0.0,0,0,0,0,52.0,113.0,0,0,0,0,0,0,0,0,1.0,108.5,52.0,113.0,0,0,0,0,0,0,1,52,1,113,-1,-1,0,32,0.0,0.0,0.0,0.0,0.0,0.0,0.0,0.0
54854,53,17,62.0,178.0,31.0,31.0,31.0,0.0,89.0,89.0,89.0,0.0,39672.66,66243.697,119012.0,4.0,4.0,4.0,0.0,4.0,4.0,4.0,4.0,0.0,4.0,4.0,0,0,0,0,31.0,89.0,0,0,0,0,0,0,0,0,1.0,67.75,31.0,89.0,0,0,0,0,0,0,2,62,2,178,-1,-1,1,32,0.0,0.0,0.0,0.0,0.0,0.0,0.0,0.0
49131,53,17,92.0,284.0,46.0,46.0,46.0,0.0,142.0,142.0,142.0,0.0,63.0,108.231,189.0,3.0,4.0,4.0,0.0,4.0,4.0,3.0,3.0,0.0,3.0,3.0,0,0,0,0,46.0,142.0,0,0,0,0,0,0,0,0,1.0,105.5,46.0,142.0,0,0,0,0,0,0,2,92,2,284,-1,-1,1,20,0.0,0.0,0.0,0.0,0.0,0.0,0.0,0.0
53871,53,17,148.0,402.0,74.0,74.0,74.0,0.0,201.0,201.0,201.0,0.0,64.33,64.438,141.0,4.0,4.0,4.0,0.0,4.0,4.0,48.0,48.0,0.0,48.0,48.0,0,0,0,0,74.0,201.0,0,0,0,0,0,0,0,0,1.0,156.0,74.0,201.0,0,0,0,0,0,0,2,148,2,402,-1,-1,1,20,0.0,0.0,0.0,0.0,0.0,0.0,0.0,0.0
443,51839,6,37.0,0.0,37.0,0.0,18.5,26.163,0.0,0.0,0.0,0.0,3.0,0.0,3.0,3.0,3.0,3.0,0.0,3.0,3.0,0.0,0.0,0.0,0.0,0.0,1,0,0,0,0.0,37.0,0,1,0,0,1,0,0,0,0.0,37.0,18.5,0.0,0,0,0,0,0,0,2,37,0,0,972,-1,0,32,0.0,0.0,0.0,0.0,0.0,0.0,0.0,0.0
5179,443,6,12.0,0.0,6.0,6.0,6.0,0.0,0.0,0.0,0.0,0.0,91.0,0.0,91.0,91.0,91.0,91.0,0.0,91.0,91.0,0.0,0.0,0.0,0.0,0.0,0,0,0,0,6.0,6.0,0,0,0,0,1,0,0,0,0.0,9.0,6.0,0.0,0,0,0,0,0,0,2,12,0,0,256,-1,1,20,0.0,0.0,0.0,0.0,0.0,0.0,0.0,0.0
443,52991,6,0.0,0.0,0.0,0.0,0.0,0.0,0.0,0.0,0.0,0.0,75.0,0.0,75.0,75.0,0.0,0.0,0.0,0.0,0.0,0.0,0.0,0.0,0.0,0.0,0,0,0,0,0.0,0.0,0,0,0,0,1,0,0,0,1.0,0.0,0.0,0.0,0,0,0,0,0,0,1,0,1,0,351,32832,0,32,0.0,0.0,0.0,0.0,0.0,0.0,0.0,0.0
80,64185,6,6.0,6.0,6.0,6.0,6.0,0.0,6.0,6.0,6.0,0.0,6.0,0.0,6.0,6.0,0.0,0.0,0.0,0.0,0.0,0.0,0.0,0.0,0.0,0.0,0,0,0,0,6.0,6.0,0,0,0,0,1,1,0,0,1.0,9.0,6.0,6.0,0,0,0,0,0,0,1,6,1,6,980,256,0,20,0.0,0.0,0.0,0.0,0.0,0.0,0.0,0.0
58526,53,17,94.0,220.0,47.0,47.0,47.0,0.0,110.0,110.0,110.0,0.0,84.33,49.275,156.0,48.0,48.0,48.0,0.0,48.0,48.0,48.0,48.0,0.0,48.0,48.0,0,0,0,0,47.0,110.0,0,0,0,0,0,0,0,0,1.0,90.25,47.0,110.0,0,0,0,0,0,0,2,94,2,220,-1,-1,1,32,0.0,0.0,0.0,0.0,0.0,0.0,0.0,0.0
50974,53,17,80.0,452.0,40.0,40.0,40.0,0.0,226.0,226.0,226.0,0.0,81.66,131.39,232.0,4.0,4.0,4.0,0.0,4.0,4.0,4.0,4.0,0.0,4.0,4.0,0,0,0,0,40.0,226.0,0,0,0,0,0,0,0,0,1.0,143.0,40.0,226.0,0,0,0,0,0,0,2,80,2,452,-1,-1,1,40,0.0,0.0,0.0,0.0,0.0,0.0,0.0,0.0
443,49229,6,12.0,0.0,6.0,6.0,6.0,0.0,0.0,0.0,0.0,0.0,3.0,0.0,3.0,3.0,3.0,3.0,0.0,3.0,3.0,0.0,0.0,0.0,0.0,0.0,0,0,0,0,6.0,6.0,0,0,0,0,1,0,0,0,0.0,9.0,6.0,0.0,0,0,0,0,0,0,2,12,0,0,231,-1,1,20,0.0,0.0,0.0,0.0,0.0,0.0,0.0,0.0
59663,53,17,74.0,330.0,37.0,37.0,37.0,0.0,165.0,165.0,165.0,0.0,61.66,76.617,148.0,4.0,48.0,48.0,0.0,48.0,48.0,4.0,4.0,0.0,4.0,4.0,0,0,0,0,37.0,165.0,0,0,0,0,0,0,0,0,1.0,110.25,37.0,165.0,0,0,0,0,0,0,2,74,2,330,-1,-1,1,44,0.0,0.0,0.0,0.0,0.0,0.0,0.0,0.0
61028,53,17,80.0,452.0,40.0,40.0,40.0,0.0,226.0,226.0,226.0,0.0,64.66,106.615,188.0,3.0,3.0,3.0,0.0,3.0,3.0,3.0,3.0,0.0,3.0,3.0,0,0,0,0,40.0,226.0,0,0,0,0,0,0,0,0,1.0,143.0,40.0,226.0,0,0,0,0,0,0,2,80,2,452,-1,-1,1,32,0.0,0.0,0.0,0.0,0.0,0.0,0.0,0.0
39661,80,6,457.0,281.0,453.0,0.0,91.8182,202.326,281.0,0.0,90.2,131.2562,738418.28,1735622.281,5050406.0,56.0,224707.0,76971.2,138381.338,117376.0,485.0,5197947.0,1734922.75,2852492.798,5000695.0,69745.0,0,0,0,0,0.0,453.0,0,0,0,1,0,0,0,0,1.0,91.5,91.8182,90.2,0,0,0,0,0,0,9,457,5,281,29200,39,1,32,0.0,0.0,0.0,0.0,0.0,0.0,0.0,0.0
22459,53,17,82.0,162.0,41.0,41.0,41.0,0.0,81.0,81.0,81.0,0.0,78.33,53.542,134.0,49.0,49.0,49.0,0.0,49.0,49.0,49.0,49.0,0.0,49.0,49.0,0,0,0,0,41.0,81.0,0,0,0,0,0,0,0,0,1.0,71.25,41.0,81.0,0,0,0,0,0,0,2,82,2,162,-1,-1,1,32,0.0,0.0,0.0,0.0,0.0,0.0,0.0,0.0
61522,443,6,31.0,0.0,31.0,0.0,15.5,21.9203,0.0,0.0,0.0,0.0,103.0,0.0,103.0,103.0,103.0,103.0,0.0,103.0,103.0,0.0,0.0,0.0,0.0,0.0,1,0,0,0,0.0,31.0,0,1,0,0,1,0,0,0,0.0,31.0,15.5,0.0,0,0,0,0,0,0,2,31,0,0,32832,-1,0,32,0.0,0.0,0.0,0.0,0.0,0.0,0.0,0.0
65599,80,6,12.0,0.0,6.0,0.0,4.0,3.4641,0.0,0.0,0.0,0.0,1712520.0,2920012.91,5134327.0,104.0,5139983.0,2569991.5,3552270.226,5134327.0,37486.0,0.0,0.0,0.0,0.0,0.0,0,0,0,0,0.0,6.0,0,0,0,1,0,0,0,0,0.0,3.0,4.0,0.0,0,0,0,0,0,0,3,12,1,0,8192,29200,2,20,0.0,0.0,0.0,0.0,0.0,0.0,0.0,0.0
55810,443,6,599.0,452.0,557.0,0.0,54.1818,153.9085,456.0,0.0,43.4,116.2588,2527260.95,4374780.85,10010614.0,18.0,70326363.0,4685658.33,5116013.46,10051992.0,268.0,75277810.0,5689781.53,5058836.355,10053959.0,2.0,0,0,0,0,0.0,557.0,0,0,0,1,0,0,0,0,1.0,50.5,54.1818,43.4,0,0,0,0,0,0,12,599,10,452,8192,79,11,20,120298.83,391180.257,694985.0,53013.0,9960774.0,143289.648,10010615.0,9865574.0
55184,443,6,1190.0,20308.0,517.0,0.0,42.75,139.118,2896.0,0.0,1100.4412,924.4633,3577.27,7889.552,23106.0,1.0,178893.0,5254.4,9826.797,24299.0,1.0,130894.0,4159.25,7510.597,33997.0,2.0,0,0,0,0,0.0,2896.0,0,0,0,1,0,0,0,0,1.0,552.3667,42.75,1100.4412,0,0,0,0,0,0,20,1190,23,20308,29200,118,3,32,0.0,0.0,0.0,0.0,0.0,0.0,0.0,0.0
38735,53,17,64.0,176.0,32.0,32.0,32.0,0.0,88.0,88.0,88.0,0.0,80.0,99.881,193.0,1.0,1.0,1.0,0.0,1.0,1.0,49.0,49.0,0.0,49.0,49.0,0,0,0,0,32.0,88.0,0,0,0,0,0,0,0,0,1.0,68.0,32.0,88.0,0,0,0,0,0,0,2,64,2,176,-1,-1,1,32,0.0,0.0,0.0,0.0,0.0,0.0,0.0,0.0
56620,53,17,168.0,312.0,42.0,42.0,42.0,0.0,156.0,156.0,156.0,0.0,24674.4,39461.153,84658.0,2.0,32064.0,10654.33,18432.576,32058.0,2.0,4.0,4.0,0.0,4.0,4.0,0,0,0,0,42.0,156.0,0,0,0,0,0,0,0,0,0.0,82.3333,42.0,156.0,0,0,0,0,0,0,4,168,2,312,-1,-1,3,20,0.0,0.0,0.0,0.0,0.0,0.0,0.0,0.0
57288,80,6,964.0,1658.0,432.0,0.0,52.9167,139.2669,806.0,0.0,140.8,206.8498,3647166.33,4806684.898,10000555.0,68.0,118074363.0,6203711.81,4634177.428,10116832.0,23660.0,113162341.0,8793189.66,3786642.865,10114109.0,58467.0,0,0,0,0,0.0,806.0,0,0,0,1,0,0,0,0,0.0,77.2756,52.9167,140.8,0,0,0,0,0,0,18,964,16,1658,29200,290,2,32,307115.72,929128.801,2062123.0,36204.0,10006761.45,4141.954,10000551.0,9993407.0
53742,53,17,82.0,210.0,41.0,41.0,41.0,0.0,105.0,105.0,105.0,0.0,20957.33,36176.073,62867.0,3.0,3.0,3.0,0.0,3.0,3.0,4.0,4.0,0.0,4.0,4.0,0,0,0,0,41.0,105.0,0,0,0,0,0,0,0,0,1.0,83.25,41.0,105.0,0,0,0,0,0,0,2,82,2,210,-1,-1,1,20,0.0,0.0,0.0,0.0,0.0,0.0,0.0,0.0
80,43842,6,0.0,0.0,0.0,0.0,0.0,0.0,0.0,0.0,0.0,0.0,66.0,0.0,66.0,66.0,0.0,0.0,0.0,0.0,0.0,0.0,0.0,0.0,0.0,0.0,0,0,0,0,0.0,0.0,0,0,0,0,1,1,0,0,1.0,0.0,0.0,0.0,0,0,0,0,0,0,1,0,1,0,905,229,0,32,0.0,0.0,0.0,0.0,0.0,0.0,0.0,0.0
60484,53,17,46.0,97.0,46.0,46.0,46.0,0.0,97.0,97.0,97.0,0.0,61189.0,0.0,61189.0,61189.0,0.0,0.0,0.0,0.0,0.0,0.0,0.0,0.0,0.0,0.0,0,0,0,0,46.0,97.0,0,0,0,0,0,0,0,0,1.0,94.5,46.0,97.0,0,0,0,0,0,0,1,46,1,97,-1,-1,0,20,0.0,0.0,0.0,0.0,0.0,0.0,0.0,0.0
55830,443,6,74.0,0.0,37.0,37.0,37.0,0.0,0.0,0.0,0.0,0.0,64069893.0,0.0,64069893.0,64069893.0,64069893.0,64069893.0,0.0,64069893.0,64069893.0,0.0,0.0,0.0,0.0,0.0,1,0,0,0,37.0,37.0,0,1,0,0,1,1,0,0,0.0,55.5,37.0,0.0,0,0,0,0,0,0,2,74,0,0,32850,-1,1,20,0.0,0.0,0.0,0.0,0.0,0.0,0.0,0.0
52720,53,17,64.0,96.0,32.0,32.0,32.0,0.0,48.0,48.0,48.0,0.0,51.66,83.128,148.0,3.0,3.0,3.0,0.0,3.0,3.0,3.0,3.0,0.0,3.0,3.0,0,0,0,0,32.0,48.0,0,0,0,0,0,0,0,0,1.0,48.0,32.0,48.0,0,0,0,0,0,0,2,64,2,96,-1,-1,1,32,0.0,0.0,0.0,0.0,0.0,0.0,0.0,0.0
443,60368,6,37.0,0.0,37.0,0.0,18.5,26.163,0.0,0.0,0.0,0.0,3.0,0.0,3.0,3.0,3.0,3.0,0.0,3.0,3.0,0.0,0.0,0.0,0.0,0.0,1,0,0,0,0.0,37.0,0,1,0,0,1,0,0,0,0.0,37.0,18.5,0.0,0,0,0,0,0,0,2,37,0,0,972,-1,0,32,0.0,0.0,0.0,0.0,0.0,0.0,0.0,0.0
2273,443,6,3782.0,15271.0,1598.0,0.0,220.0167,481.5496,1430.0,0.0,600.3792,665.4566,2564903.82,4347110.03,9977474.0,4.0,101650318.0,5112717.95,5128912.114,10190479.0,344.0,91658552.0,5091074.08,5096870.205,10195707.0,48.0,0,0,0,0,0.0,1530.0,0,0,0,1,0,0,0,0,1.0,483.8439,220.0167,600.3792,0,0,0,0,0,0,24,3782,29,15271,8192,760,23,20,216422.7,366787.183,1332396.0,21989.0,9943538.6,127587.93,9977474.0,9859650.0
62285,53,17,120.0,381.0,60.0,40.0,50.0,15.7392,202.0,75.0,150.5,100.7047,10756599.0,19137521.176,30817526.0,23725.0,30970445.0,30970445.0,0.0,30970445.0,30970445.0,30977859.0,30977859.0,0.0,30977859.0,30977859.0,0,0,0,0,40.0,202.0,0,0,0,0,0,0,0,0,1.0,110.0,50.0,150.5,0,0,0,0,0,0,2,120,2,381,-1,-1,1,20,30430.0,0.0,30430.0,30430.0,30817524.0,0.0,30817524.0,30817524.0
443,49165,6,6.0,6.0,6.0,6.0,6.0,0.0,6.0,6.0,6.0,0.0,68.0,0.0,68.0,68.0,0.0,0.0,0.0,0.0,0.0,0.0,0.0,0.0,0.0,0.0,0,0,0,0,6.0,6.0,0,0,0,0,1,1,0,0,1.0,9.0,6.0,6.0,0,0,0,0,0,0,1,6,1,6,60,255,0,20,0.0,0.0,0.0,0.0,0.0,0.0,0.0,0.0
62542,53,17,53.0,125.0,53.0,53.0,53.0,0.0,125.0,125.0,125.0,0.0,426.0,0.0,426.0,426.0,0.0,0.0,0.0,0.0,0.0,0.0,0.0,0.0,0.0,0.0,0,0,0,0,53.0,125.0,0,0,0,0,0,0,0,0,1.0,115.5,53.0,125.0,0,0,0,0,0,0,1,53,1,125,-1,-1,0,32,0.0,0.0,0.0,0.0,0.0,0.0,0.0,0.0
59530,443,6,974.0,7387.0,469.0,0.0,64.9333,134.266,1581.0,0.0,671.5455,745.9321,17809.45,31879.287,134228.0,1.0,391358.0,24859.57,30095.722,134310.0,1.0,375797.0,35771.9,53092.824,184245.0,2.0,0,0,0,0,0.0,1581.0,0,0,0,1,0,0,0,0,0.0,321.5769,64.9333,671.5455,0,0,0,0,0,0,15,974,11,7387,65535,357,6,32,0.0,0.0,0.0,0.0,0.0,0.0,0.0,0.0
54026,443,6,12.0,0.0,6.0,6.0,6.0,0.0,0.0,0.0,0.0,0.0,1.0,0.0,1.0,1.0,1.0,1.0,0.0,1.0,1.0,0.0,0.0,0.0,0.0,0.0,0,0,0,0,6.0,6.0,1,0,0,0,0,0,0,0,0.0,9.0,6.0,0.0,0,0,0,0,0,0,2,12,0,0,0,-1,1,20,0.0,0.0,0.0,0.0,0.0,0.0,0.0,0.0
54820,53,17,102.0,364.0,51.0,51.0,51.0,0.0,182.0,182.0,182.0,0.0,63.66,105.175,185.0,4.0,4.0,4.0,0.0,4.0,4.0,4.0,4.0,0.0,4.0,4.0,0,0,0,0,51.0,182.0,0,0,0,0,0,0,0,0,1.0,134.25,51.0,182.0,0,0,0,0,0,0,2,102,2,364,-1,-1,1,32,0.0,0.0,0.0,0.0,0.0,0.0,0.0,0.0
32064,80,6,851.0,4819.0,435.0,0.0,82.65,176.6594,1779.0,0.0,606.375,863.87,1378352.82,3381727.946,10224226.0,32.0,37045686.0,2458525.33,4931453.977,10240013.0,50.0,33948405.0,3747067.85,4743349.107,10240069.0,199.0,0,0,0,0,0.0,1779.0,0,0,0,1,0,0,0,0,1.0,363.15,82.65,606.375,0,0,0,0,0,0,12,851,8,4819,29200,349,2,32,235186.33,512882.117,1840450.0,23401.0,10182565.5,913115.272,10224223.0,10006149.0
443,45846,6,12.0,0.0,6.0,6.0,6.0,0.0,0.0,0.0,0.0,0.0,290.0,0.0,290.0,290.0,290.0,290.0,0.0,290.0,290.0,0.0,0.0,0.0,0.0,0.0,0,0,0,0,6.0,6.0,0,0,0,0,1,0,0,0,0.0,9.0,6.0,0.0,0,0,0,0,0,0,2,12,0,0,31,-1,1,20,0.0,0.0,0.0,0.0,0.0,0.0,0.0,0.0
35776,80,6,0.0,0.0,0.0,0.0,0.0,0.0,0.0,0.0,0.0,0.0,1964297.0,3236130.967,5569537.0,73.0,5594789.0,2747394.5,4092234.807,5569537.0,36930.0,0.0,0.0,0.0,0.0,0.0,0,0,0,0,0.0,0.0,0,0,0,1,0,0,0,0,0.0,0.0,0.0,0.0,0,0,0,0,0,0,3,0,1,0,29200,28960,0,32,0.0,0.0,0.0,0.0,0.0,0.0,0.0,0.0
61610,53,17,99.0,181.0,51.0,46.0,49.5,3.5355,114.0,65.0,90.5,36.8977,16720879.66,29945029.884,48085905.0,160290.0,48116658.0,48116658.0,0.0,48116658.0,48116658.0,48016539.0,48016539.0,0.0,48016539.0,48016539.0,0,0,0,0,46.0,114.0,0,0,0,0,0,0,0,0,1.0,85.75,49.5,90.5,0,0,0,0,0,0,2,99,2,181,-1,-1,1,20,58192.0,0.0,58192.0,58192.0,48085913.0,0.0,48085913.0,48085913.0
60168,443,6,740.0,10974.0,462.0,0.0,60.8889,136.1044,1747.0,0.0,827.8,705.391,6212.07,10085.914,23352.0,1.0,101729.0,16599.35,11565.844,24762.0,1.0,74488.0,2941.55,17506.189,33972.0,48.0,0,0,0,0,0.0,1747.0,0,0,0,1,0,0,0,0,0.0,422.7578,60.8889,827.8,0,0,0,0,0,0,18,740,10,10974,65535,243,6,32,0.0,0.0,0.0,0.0,0.0,0.0,0.0,0.0
62975,443,6,580.0,168.0,517.0,0.0,116.0,225.1011,156.0,2.0,42.0,76.0526,1260002.25,3122733.448,9960935.0,73.0,235430.0,68855.5,33411.619,114601.0,102.0,247121.0,84707.66,62688.533,123081.0,467.0,0,0,0,0,0.0,517.0,0,0,0,1,0,0,0,0,0.0,83.1111,116.0,42.0,0,0,0,0,0,0,5,580,4,168,8192,30016,4,20,0.0,0.0,0.0,0.0,0.0,0.0,0.0,0.0
59568,53,17,84.0,282.0,42.0,42.0,42.0,0.0,141.0,141.0,141.0,0.0,55.66,91.13,160.0,3.0,3.0,3.0,0.0,3.0,3.0,4.0,4.0,0.0,4.0,4.0,0,0,0,0,42.0,141.0,0,0,0,0,0,0,0,0,1.0,102.0,42.0,141.0,0,0,0,0,0,0,2,84,2,282,-1,-1,1,20,0.0,0.0,0.0,0.0,0.0,0.0,0.0,0.0
443,63567,6,0.0,18.0,0.0,0.0,0.0,0.0,6.0,6.0,6.0,0.0,7549.0,10556.339,26095.0,1.0,27159.0,27159.0,0.0,27159.0,27159.0,4.0,2.0,1.414,3.0,1.0,0,0,0,0,0.0,6.0,0,0,0,0,1,0,0,0,1.0,3.6,0.0,6.0,0,0,0,0,0,0,2,0,3,18,61,0,0,32,0.0,0.0,0.0,0.0,0.0,0.0,0.0,0.0
51625,80,6,12.0,0.0,6.0,0.0,4.0,3.4641,0.0,0.0,0.0,0.0,1681072.33,2972286.346,5020272.0,1.0,5044232.0,2522116.0,3543836.998,5020272.0,29133.0,0.0,0.0,0.0,0.0,0.0,0,0,0,0,0.0,6.0,0,0,0,1,0,0,0,0,0.0,3.0,4.0,0.0,0,0,0,0,0,0,3,12,1,0,8192,29200,2,20,0.0,0.0,0.0,0.0,0.0,0.0,0.0,0.0
50477,443,6,0.0,0.0,0.0,0.0,0.0,0.0,0.0,0.0,0.0,0.0,95197.0,0.0,95197.0,95197.0,0.0,0.0,0.0,0.0,0.0,0.0,0.0,0.0,0.0,0.0,0,0,0,0,0.0,0.0,0,0,0,0,1,1,0,0,1.0,0.0,0.0,0.0,0,0,0,0,0,0,1,0,1,0,304,254,0,32,0.0,0.0,0.0,0.0,0.0,0.0,0.0,0.0
62180,53,17,91.0,203.0,40.0,43.0,45.5,0.7071,141.0,60.0,101.5,58.1424,27471663.33,47417111.279,112191349.0,464.0,112261645.0,112261645.0,0.0,112261645.0,112261645.0,112268039.0,112268039.0,0.0,112268039.0,112268039.0,0,0,0,0,43.0,141.0,0,0,0,0,0,0,0,0,1.0,83.75,45.5,101.5,0,0,0,0,0,0,2,91,2,203,-1,-1,1,20,60452.0,0.0,60452.0,60452.0,112191343.0,0.0,112191343.0,112191343.0
62522,53,17,82.0,114.0,41.0,41.0,41.0,0.0,57.0,57.0,57.0,0.0,54.66,80.747,157.0,3.0,4.0,4.0,0.0,4.0,4.0,3.0,3.0,0.0,3.0,3.0,0,0,0,0,41.0,57.0,0,0,0,0,0,0,0,0,1.0,59.25,41.0,57.0,0,0,0,0,0,0,2,82,2,114,-1,-1,1,20,0.0,0.0,0.0,0.0,0.0,0.0,0.0,0.0
39178,80,6,0.0,0.0,0.0,0.0,0.0,0.0,0.0,0.0,0.0,0.0,1897935.66,3168329.07,5463011.0,77.0,5493671.0,2796835.5,3851819.918,5463011.0,80617.0,0.0,0.0,0.0,0.0,0.0,0,0,0,0,0.0,0.0,0,0,0,1,0,0,0,0,0.0,0.0,0.0,0.0,0,0,0,0,0,0,3,0,1,0,29200,28960,0,32,0.0,0.0,0.0,0.0,0.0,0.0,0.0,0.0
1102,443,6,370.0,3015.0,193.0,0.0,46.25,71.1124,1401.0,0.0,603.0,701.1509,409615.0,1348521.88,4979154.0,3.0,5275055.0,757199.0,1849269.033,4979154.0,3.0,177748.0,44589.0,45976.421,98261.0,49.0,0,0,0,0,0.0,1401.0,0,0,0,1,0,0,0,0,0.0,260.8,46.25,603.0,0,0,0,0,0,0,8,370,5,3015,8192,21583,7,20,0.0,0.0,0.0,0.0,0.0,0.0,0.0,0.0
53336,53,17,124.0,194.0,31.0,31.0,31.0,0.0,97.0,97.0,97.0,0.0,12545.6,21812.261,51787.0,3.0,30744.0,10248.66,17784.154,30737.0,3.0,3.0,3.0,0.0,3.0,3.0,0,0,0,0,31.0,97.0,0,0,0,0,0,0,0,0,0.0,58.5,31.0,97.0,0,0,0,0,0,0,4,124,2,194,-1,-1,3,32,0.0,0.0,0.0,0.0,0.0,0.0,0.0,0.0
61244,53,17,101.0,155.0,56.0,45.0,50.5,7.7782,96.0,62.0,77.5,6.9419,28764570.33,48436502.752,83213757.0,30623.0,83224497.0,83224497.0,0.0,83224497.0,83224497.0,83214658.0,83217658.0,0.0,83214658.0,83214658.0,0,0,0,0,45.0,96.0,0,0,0,0,0,0,0,0,1.0,77.25,50.5,77.5,0,0,0,0,0,0,2,101,2,155,-1,-1,1,20,48345.0,0.0,48345.0,48345.0,83213798.0,0.0,83213798.0,83213798.0
2125,443,6,1027.0,391.0,934.0,0.0,206.75,362.784,201.0,0.0,50.2,86.7773,32104.11,55868.929,145029.0,84.0,246562.0,45820.42,63070.68,144574.0,275.0,211966.0,70991.0,61270.929,115356.0,246.0,0,0,0,0,0.0,934.0,0,0,0,1,0,0,0,0,1.0,151.2857,206.75,50.2,0,0,0,0,0,0,8,1027,5,391,8192,136,7,20,0.0,0.0,0.0,0.0,0.0,0.0,0.0,0.0
56556,80,6,432.0,1870.0,432.0,0.0,62.0,166.9074,1858.0,0.0,287.5,628.0034,2649849.33,4341023.548,10000454.0,40.0,30191222.0,5016221.11,5462584.275,10027925.0,5235.0,35110025.0,6552005.85,4751539.653,10024041.0,1757.0,0,0,0,0,0.0,1858.0,0,0,0,1,0,0,0,0,1.0,182.5,62.0,287.5,0,0,0,0,0,0,8,432,8,1870,8192,946,6,20,22913.16,47487.854,41864.0,22137.0,10000400.0,16264.174,10000458.0,9999225.0
443,31064,6,31.0,0.0,31.0,0.0,10.3333,17.8979,0.0,0.0,0.0,0.0,2.0,1.414,3.0,1.0,4.0,2.0,1.414,3.0,1.0,0.0,0.0,0.0,0.0,0.0,0,0,0,0,0.0,31.0,0,0,0,0,1,0,0,0,0.0,10.3333,10.3333,0.0,0,0,0,0,0,0,3,31,0,0,59,-1,1,32,0.0,0.0,0.0,0.0,0.0,0.0,0.0,0.0
52298,80,6,0.0,0.0,0.0,0.0,0.0,0.0,0.0,0.0,0.0,0.0,64061238.0,0.0,64061238.0,64061238.0,64061238.0,64061238.0,0.0,64061238.0,64061238.0,0.0,0.0,0.0,0.0,0.0,0,0,0,0,0.0,0.0,0,0,0,0,1,1,0,0,0.0,0.0,0.0,0.0,0,0,0,0,0,0,2,0,0,0,32832,-1,0,32,0.0,0.0,0.0,0.0,0.0,0.0,0.0,0.0
42396,443,6,12.0,0.0,6.0,6.0,6.0,0.0,0.0,0.0,0.0,0.0,93.0,0.0,93.0,93.0,93.0,93.0,0.0,93.0,93.0,0.0,0.0,0.0,0.0,0.0,0,0,0,0,6.0,6.0,0,0,0,0,1,0,0,0,0.0,9.0,6.0,0.0,0,0,0,0,0,0,2,12,0,0,64209,-1,1,20,0.0,0.0,0.0,0.0,0.0,0.0,0.0,0.0
27904,53,17,56.0,124.0,28.0,28.0,28.0,0.0,62.0,62.0,62.0,0.0,100719.33,181554.457,302056.0,1.0,1.0,1.0,0.0,1.0,1.0,3.0,3.0,0.0,3.0,3.0,0,0,0,0,28.0,62.0,0,0,0,0,0,0,0,0,1.0,52.0,28.0,62.0,0,0,0,0,0,0,2,56,2,124,-1,-1,1,32,0.0,0.0,0.0,0.0,0.0,0.0,0.0,0.0
59235,443,6,870.0,4144.0,475.0,0.0,133.3333,192.9581,1460.0,0.0,500.7778,650.5859,180882.54,697921.512,1912326.0,1.0,211746.0,30991.2,26528.822,33395.0,301.0,7108207.0,344403.0,768399.558,1000783.0,2.0,0,0,0,0,0.0,1460.0,0,0,0,1,0,0,0,0,1.0,353.3531,133.3333,500.7778,0,0,0,0,0,0,6,870,9,4144,8192,140,5,20,0.0,0.0,0.0,0.0,0.0,0.0,0.0,0.0
443,57819,6,12.0,0.0,6.0,6.0,6.0,0.0,0.0,0.0,0.0,0.0,446.0,0.0,446.0,446.0,446.0,446.0,0.0,446.0,446.0,0.0,0.0,0.0,0.0,0.0,0,0,0,0,6.0,6.0,0,0,0,0,1,0,0,0,0.0,9.0,6.0,0.0,0,0,0,0,0,0,2,12,0,0,17540,-1,1,20,0.0,0.0,0.0,0.0,0.0,0.0,0.0,0.0
58677,53,17,66.0,250.0,33.0,33.0,33.0,0.0,125.0,125.0,125.0,0.0,67.66,70.641,149.0,3.0,3.0,3.0,0.0,3.0,3.0,49.0,49.0,0.0,49.0,49.0,0,0,0,0,33.0,125.0,0,0,0,0,0,0,0,0,1.0,87.25,33.0,125.0,0,0,0,0,0,0,2,66,2,250,-1,-1,1,20,0.0,0.0,0.0,0.0,0.0,0.0,0.0,0.0
443,64894,6,0.0,18.0,0.0,0.0,0.0,0.0,6.0,6.0,6.0,0.0,25673.0,51629.017,103166.0,1.0,103108.0,103108.0,0.0,103108.0,103108.0,4.0,2.0,1.414,3.0,1.0,0,0,0,0,0.0,6.0,0,0,0,0,1,0,0,0,1.0,3.6,0.0,6.0,0,0,0,0,0,0,2,0,3,18,6956,0,0,32,0.0,0.0,0.0,0.0,0.0,0.0,0.0,0.0
49192,53,17,64.0,158.0,32.0,32.0,32.0,0.0,79.0,79.0,79.0,0.0,81.66,131.889,237.0,1.0,1.0,1.0,0.0,1.0,1.0,2.0,2.0,0.0,2.0,2.0,0,0,0,0,32.0,79.0,0,0,0,0,0,0,0,0,1.0,63.5,32.0,79.0,0,0,0,0,0,0,2,64,2,158,-1,-1,1,32,0.0,0.0,0.0,0.0,0.0,0.0,0.0,0.0
58583,80,6,292.0,1649.0,290.0,0.0,18.6667,63.7638,1460.0,0.0,192.2857,487.7365,3516080.12,4993245.295,10008031.0,47.0,115554640.0,7206626.8,4468697.675,10031299.0,148.0,110396762.0,7829690.09,4210707.721,10039021.0,40.0,0,0,0,0,0.0,1460.0,0,0,0,1,0,0,0,0,0.0,97.9489,18.6667,192.2857,0,0,0,0,0,0,18,292,14,1649,8192,560,17,20,41225.63,8008.787,91112.0,40387.0,9998607.36,6435.308,10008030.0,9990547.0
25451,53,17,74.0,188.0,37.0,37.0,37.0,0.0,94.0,94.0,94.0,0.0,10449.33,18004.412,31341.0,1.0,4.0,4.0,0.0,4.0,4.0,1.0,1.0,0.0,1.0,1.0,0,0,0,0,37.0,94.0,0,0,0,0,0,0,0,0,1.0,74.75,37.0,94.0,0,0,0,0,0,0,2,74,2,188,-1,-1,1,32,0.0,0.0,0.0,0.0,0.0,0.0,0.0,0.0
50667,53,17,88.0,472.0,44.0,44.0,44.0,0.0,236.0,236.0,236.0,0.0,65.33,109.854,191.0,3.0,3.0,3.0,0.0,3.0,3.0,3.0,3.0,0.0,3.0,3.0,0,0,0,0,44.0,236.0,0,0,0,0,0,0,0,0,1.0,151.0,44.0,236.0,0,0,0,0,0,0,2,88,2,472,-1,-1,1,20,0.0,0.0,0.0,0.0,0.0,0.0,0.0,0.0
61205,53,17,68.0,182.0,34.0,34.0,34.0,0.0,91.0,91.0,91.0,0.0,7902.66,13687.035,23602.0,3.0,3.0,3.0,0.0,3.0,3.0,4.0,4.0,0.0,4.0,4.0,0,0,0,0,34.0,91.0,0,0,0,0,0,0,0,0,1.0,71.0,34.0,91.0,0,0,0,0,0,0,2,68,2,182,-1,-1,1,20,0.0,0.0,0.0,0.0,0.0,0.0,0.0,0.0
47448,443,6,7501.0,16888.0,2098.0,0.0,324.76,694.3862,3216.0,0.0,898.2353,1009.7049,1717672.23,3656376.244,10011625.0,1.0,61416760.0,3831955.2,4994572.242,10113991.0,3.0,61257514.0,3331543.21,4662119.375,10111128.0,48.0,0,0,0,0,0.0,3218.0,0,0,0,1,0,0,0,0,0.0,582.0023,324.76,898.2353,0,0,0,0,0,0,25,7501,23,16888,29200,164,8,32,187485.66,374769.34,748954.0,50573.0,9945089.83,17172.383,10011621.0,9753470.0
61856,53,17,46.0,121.0,46.0,46.0,46.0,0.0,121.0,121.0,121.0,0.0,30274.0,0.0,30274.0,30274.0,0.0,0.0,0.0,0.0,0.0,0.0,0.0,0.0,0.0,0.0,0,0,0,0,46.0,121.0,0,0,0,0,0,0,0,0,1.0,106.5,46.0,121.0,0,0,0,0,0,0,1,46,1,121,-1,-1,0,20,0.0,0.0,0.0,0.0,0.0,0.0,0.0,0.0
62856,53,17,51.0,144.0,51.0,51.0,51.0,0.0,144.0,144.0,144.0,0.0,139691.0,0.0,139691.0,139691.0,0.0,0.0,0.0,0.0,0.0,0.0,0.0,0.0,0.0,0.0,0,0,0,0,51.0,144.0,0,0,0,0,0,0,0,0,1.0,123.0,51.0,144.0,0,0,0,0,0,0,1,51,1,144,-1,-1,0,32,0.0,0.0,0.0,0.0,0.0,0.0,0.0,0.0
65390,80,6,12.0,0.0,6.0,6.0,6.0,0.0,0.0,0.0,0.0,0.0,5663683.0,0.0,5663683.0,5663683.0,5663683.0,5663683.0,0.0,5663683.0,5663683.0,0.0,0.0,0.0,0.0,0.0,0,0,0,0,6.0,6.0,0,0,0,0,1,0,0,0,0.0,9.0,6.0,0.0,0,0,0,0,0,0,2,12,0,0,63588,-1,1,20,0.0,0.0,0.0,0.0,0.0,0.0,0.0,0.0
59611,443,6,911.0,5068.0,508.0,0.0,127.6667,201.9839,1460.0,0.0,518.8,635.4656,230197.38,605481.994,2029793.0,1.0,3369118.0,594611.6,616155.532,2029793.0,128.0,216462.0,29884.66,39352.931,82524.0,48.0,0,0,0,0,0.0,1460.0,0,0,0,1,0,0,0,0,1.0,368.2875,127.6667,518.8,0,0,0,0,0,0,6,911,15,5068,8192,240,5,20,0.0,0.0,0.0,0.0,0.0,0.0,0.0,0.0
58102,53,17,62.0,276.0,31.0,31.0,31.0,0.0,138.0,138.0,138.0,0.0,10333.66,17868.041,30999.0,3.0,3.0,3.0,0.0,3.0,3.0,4.0,4.0,0.0,4.0,4.0,0,0,0,0,31.0,138.0,0,0,0,0,0,0,0,0,1.0,92.25,31.0,138.0,0,0,0,0,0,0,2,62,2,276,-1,-1,1,20,0.0,0.0,0.0,0.0,0.0,0.0,0.0,0.0
54647,443,6,1622.0,4001.0,957.0,0.0,308.0,454.7803,1460.0,0.0,420.2,575.1384,71744.54,42845.644,217927.0,1.0,215449.0,103428.14,61378.45,278227.0,1412.0,510085.0,72795.14,121004.47,236731.0,1.0,0,0,0,0,0.0,1460.0,0,0,0,1,0,0,0,0,1.0,435.5333,308.0,420.2,0,0,0,0,0,0,8,1622,10,4001,8192,45,7,20,0.0,0.0,0.0,0.0,0.0,0.0,0.0,0.0
52087,80,6,12.0,0.0,6.0,6.0,6.0,0.0,0.0,0.0,0.0,0.0,117.0,0.0,117.0,117.0,117.0,117.0,0.0,117.0,117.0,0.0,0.0,0.0,0.0,0.0,0,0,0,0,6.0,6.0,0,0,0,0,1,0,0,0,0.0,9.0,6.0,0.0,0,0,0,0,0,0,2,12,0,0,735,-1,1,20,0.0,0.0,0.0,0.0,0.0,0.0,0.0,0.0
47074,443,6,0.0,0.0,0.0,0.0,0.0,0.0,0.0,0.0,0.0,0.0,10507492.5,11115624.381,32016936.0,996170.0,33017372.0,10505688.66,11820297.782,32016936.0,19215.0,0.0,0.0,0.0,0.0,0.0,0,0,0,0,0.0,0.0,0,0,0,1,0,0,0,0,0.0,0.0,0.0,0.0,0,0,0,0,0,0,7,0,0,0,29200,-1,0,0,7000000.0,0.0,7000000.0,7000000.0,0.0,0.0,0.0,0.0
16942,53,17,74.0,178.0,37.0,37.0,37.0,0.0,89.0,89.0,89.0,0.0,210286.33,407895.585,410857.0,1.0,1.0,1.0,0.0,1.0,1.0,3.0,3.0,0.0,3.0,3.0,0,0,0,0,37.0,89.0,0,0,0,0,0,0,0,0,1.0,72.25,37.0,89.0,0,0,0,0,0,0,2,74,2,178,-1,-1,1,32,0.0,0.0,0.0,0.0,0.0,0.0,0.0,0.0
60352,53,17,44.0,105.0,44.0,44.0,44.0,0.0,105.0,105.0,105.0,0.0,61826.0,0.0,61826.0,61826.0,0.0,0.0,0.0,0.0,0.0,0.0,0.0,0.0,0.0,0.0,0,0,0,0,44.0,105.0,0,0,0,0,0,0,0,0,1.0,96.5,44.0,105.0,0,0,0,0,0,0,1,44,1,105,-1,-1,0,20,0.0,0.0,0.0,0.0,0.0,0.0,0.0,0.0
54009,53,17,92.0,284.0,46.0,46.0,46.0,0.0,142.0,142.0,142.0,0.0,57.0,98.934,164.0,3.0,3.0,3.0,0.0,3.0,3.0,4.0,4.0,0.0,4.0,4.0,0,0,0,0,46.0,142.0,0,0,0,0,0,0,0,0,1.0,105.5,46.0,142.0,0,0,0,0,0,0,2,92,2,284,-1,-1,1,20,0.0,0.0,0.0,0.0,0.0,0.0,0.0,0.0
52930,53,17,92.0,284.0,46.0,46.0,46.0,0.0,142.0,142.0,142.0,0.0,51.33,83.855,148.0,3.0,4.0,4.0,0.0,4.0,4.0,3.0,3.0,0.0,3.0,3.0,0,0,0,0,46.0,142.0,0,0,0,0,0,0,0,0,1.0,105.5,46.0,142.0,0,0,0,0,0,0,2,92,2,284,-1,-1,1,32,0.0,0.0,0.0,0.0,0.0,0.0,0.0,0.0
60265,53,17,48.0,175.0,48.0,48.0,48.0,0.0,175.0,175.0,175.0,0.0,96964.0,0.0,96964.0,96964.0,0.0,0.0,0.0,0.0,0.0,0.0,0.0,0.0,0.0,0.0,0,0,0,0,48.0,175.0,0,0,0,0,0,0,0,0,1.0,135.5,48.0,175.0,0,0,0,0,0,0,1,48,1,175,-1,-1,0,32,0.0,0.0,0.0,0.0,0.0,0.0,0.0,0.0
22,5306,6,6.0,12.0,6.0,6.0,6.0,0.0,6.0,6.0,6.0,0.0,33.5,21.613,44.0,23.0,0.0,0.0,0.0,0.0,0.0,48.0,48.0,0.0,48.0,48.0,0,0,0,0,6.0,6.0,0,0,0,0,1,1,0,0,2.0,8.0,6.0,6.0,0,0,0,0,0,0,1,6,2,12,245,250,0,20,0.0,0.0,0.0,0.0,0.0,0.0,0.0,0.0
56750,53,17,72.0,742.0,36.0,36.0,36.0,0.0,371.0,371.0,371.0,0.0,7880.0,13572.196,23643.0,4.0,4.0,4.0,0.0,4.0,4.0,4.0,4.0,0.0,4.0,4.0,0,0,0,0,36.0,371.0,0,0,0,0,0,0,0,0,1.0,212.5,36.0,371.0,0,0,0,0,0,0,2,72,2,742,-1,-1,1,20,0.0,0.0,0.0,0.0,0.0,0.0,0.0,0.0
51788,80,6,6.0,6.0,6.0,6.0,6.0,0.0,6.0,6.0,6.0,0.0,161262.0,0.0,161262.0,161262.0,0.0,0.0,0.0,0.0,0.0,0.0,0.0,0.0,0.0,0.0,0,0,0,0,6.0,6.0,0,0,0,0,1,1,0,0,1.0,9.0,6.0,6.0,0,0,0,0,0,0,1,6,1,6,264,96,0,20,0.0,0.0,0.0,0.0,0.0,0.0,0.0,0.0
62214,443,6,1522.0,6776.0,638.0,0.0,74.2727,186.0009,1418.0,0.0,475.8,554.0093,1984317.4,9974461.607,58187128.0,1.0,62699907.0,4099507.7,14520861.477,58257128.0,1.0,61529180.0,3306294.52,13524715.655,58154132.0,1.0,0,0,0,0,0.0,1418.0,0,0,0,1,0,0,0,0,1.0,257.9717,74.2727,475.8,0,0,0,0,0,0,21,1522,20,6776,29200,379,10,32,2301710.5,2497312.068,2416181.0,84551.0,31987833.0,34262423.852,58187129.0,7230733.0
4714,80,6,2254.0,45063.0,405.0,0.0,58.2193,124.4591,4344.0,0.0,1781.1571,921.5986,801312.29,2763250.34,10017652.0,4.0,65352571.0,1503764.76,3012042.824,10031925.0,57.0,65401892.0,1420089.49,3472474.01,10037787.0,48.0,0,0,0,0,0.0,4344.0,0,0,0,1,0,0,0,0,1.0,1086.5978,58.2193,1781.1571,0,0,0,0,0,0,44,2254,43,45063,29200,130,6,32,527694.5,1471314.075,5200878.0,150671.0,10003654.14,6571.016,10017650.0,10002681.0
21529,53,17,66.0,158.0,33.0,33.0,33.0,0.0,79.0,79.0,79.0,0.0,67.0,112.191,195.0,0.0,0.0,0.0,0.0,0.0,0.0,1.0,1.0,0.0,1.0,1.0,0,0,0,0,33.0,79.0,0,0,0,0,0,0,0,0,1.0,64.25,33.0,79.0,0,0,0,0,0,0,2,66,2,158,-1,-1,1,40,0.0,0.0,0.0,0.0,0.0,0.0,0.0,0.0
123,123,17,96.0,96.0,48.0,48.0,48.0,0.0,48.0,48.0,48.0,0.0,22699125.33,38443099.257,68941658.0,87510.0,69999956.0,69999956.0,0.0,69999956.0,69999956.0,69999186.0,69999186.0,0.0,69999186.0,69999186.0,0,0,0,0,48.0,48.0,0,0,0,0,0,0,0,0,1.0,60.0,48.0,48.0,0,0,0,0,0,0,2,96,2,96,-1,-1,1,20,97960.0,0.0,97960.0,97960.0,68941651.0,0.0,68941651.0,68941651.0
51487,443,6,969.0,3932.0,593.0,0.0,89.8889,155.8805,1498.0,0.0,324.1429,588.416,1142882.87,3246774.203,10000295.0,1.0,31124870.0,2346086.75,4219923.541,10035671.0,195.0,31083733.0,2585172.43,4447289.997,10133596.0,1.0,0,0,0,0,0.0,1498.0,0,0,0,1,0,0,0,0,0.0,199.2238,89.8889,324.1429,0,0,0,0,0,0,11,969,14,3932,29200,122,5,32,112052.66,98950.381,200750.0,36520.0,9997872.33,527.063,10000292.0,9899171.0
50344,53,17,78.0,190.0,39.0,39.0,39.0,0.0,95.0,95.0,95.0,0.0,10570.33,18220.282,31708.0,3.0,47.0,47.0,0.0,47.0,47.0,3.0,3.0,0.0,3.0,3.0,0,0,0,0,39.0,95.0,0,0,0,0,0,0,0,0,1.0,76.75,39.0,95.0,0,0,0,0,0,0,2,78,2,190,-1,-1,1,32,0.0,0.0,0.0,0.0,0.0,0.0,0.0,0.0
61994,53,17,47.0,200.0,47.0,47.0,47.0,0.0,200.0,200.0,200.0,0.0,48223.0,0.0,48223.0,48223.0,0.0,0.0,0.0,0.0,0.0,0.0,0.0,0.0,0.0,0.0,0,0,0,0,47.0,200.0,0,0,0,0,0,0,0,0,1.0,142.0,47.0,200.0,0,0,0,0,0,0,1,47,1,200,-1,-1,0,44,0.0,0.0,0.0,0.0,0.0,0.0,0.0,0.0
54193,443,6,18.0,0.0,6.0,6.0,6.0,0.0,0.0,0.0,0.0,0.0,83.66,108.881,205.0,3.0,248.0,124.0,104.348,245.0,3.0,0.0,0.0,0.0,0.0,0.0,0,0,0,0,0.0,6.0,1,0,0,0,0,0,0,0,0.0,6.0,6.0,0.0,0,0,0,0,0,0,3,18,1,0,0,972,2,20,0.0,0.0,0.0,0.0,0.0,0.0,0.0,0.0
49447,53,17,68.0,100.0,34.0,34.0,34.0,0.0,50.0,50.0,50.0,0.0,64280.66,113195.231,192838.0,3.0,3.0,3.0,0.0,3.0,3.0,3.0,3.0,0.0,3.0,3.0,0,0,0,0,34.0,50.0,0,0,0,0,0,0,0,0,1.0,50.5,34.0,50.0,0,0,0,0,0,0,2,68,2,100,-1,-1,1,44,0.0,0.0,0.0,0.0,0.0,0.0,0.0,0.0
54560,443,6,0.0,0.0,0.0,0.0,0.0,0.0,0.0,0.0,0.0,0.0,156.0,0.0,156.0,156.0,156.0,156.0,0.0,156.0,156.0,0.0,0.0,0.0,0.0,0.0,0,0,0,0,0.0,0.0,0,0,0,0,1,0,0,0,0.0,0.0,0.0,0.0,0,0,0,0,0,0,2,0,0,0,249,-1,0,32,0.0,0.0,0.0,0.0,0.0,0.0,0.0,0.0
80,38352,6,0.0,0.0,0.0,0.0,0.0,0.0,0.0,0.0,0.0,0.0,60.0,0.0,60.0,60.0,0.0,0.0,0.0,0.0,0.0,0.0,0.0,0.0,0.0,0.0,0,0,0,0,0.0,0.0,0,0,0,0,1,1,0,0,1.0,0.0,0.0,0.0,0,0,0,0,0,0,1,0,1,0,939,229,0,32,0.0,0.0,0.0,0.0,0.0,0.0,0.0,0.0
60102,443,6,2278.0,423.0,960.0,0.0,241.3333,399.547,265.0,0.0,88.1667,129.132,920607.73,1759201.989,5064453.0,122.0,750904.0,55395.8,83406.337,217148.0,2081.0,5155427.0,1033246.4,2297277.748,5001903.0,11798.0,0,0,0,0,0.0,960.0,0,0,0,1,0,0,0,0,0.0,199.4462,241.3333,88.1667,0,0,0,0,0,0,6,2278,6,423,8192,133,5,20,292619.0,0.0,292619.0,292619.0,5064488.0,0.0,5064488.0,5064488.0
58960,465,6,1356.0,4690.0,362.0,0.0,87.3529,89.5345,1522.0,0.0,199.0714,406.5,49757.3,173838.272,875881.0,0.0,1609728.0,129994.62,203118.181,810181.0,621.0,1745783.0,83383.66,143395.511,870736.0,0.0,0,0,0,0,0.0,1522.0,0,0,0,1,0,0,0,0,1.0,142.8,87.3529,199.0714,0,0,0,0,0,0,17,1356,24,4690,8192,56,15,20,0.0,0.0,0.0,0.0,0.0,0.0,0.0,0.0
52644,443,6,720.0,1295.0,469.0,0.0,72.0,147.7084,1157.0,0.0,259.0,505.5413,20344.14,35019.31,86206.0,3.0,283986.0,31698.0,46968.282,90363.0,3.0,199305.0,49871.75,49778.393,87133.0,473.0,0,0,0,0,0.0,1157.0,0,0,0,1,0,0,0,0,0.0,134.3333,72.0,259.0,0,0,0,0,0,0,10,720,5,1295,65535,65,5,32,0.0,0.0,0.0,0.0,0.0,0.0,0.0,0.0
57167,443,6,12.0,0.0,6.0,6.0,6.0,0.0,0.0,0.0,0.0,0.0,3.0,0.0,3.0,3.0,3.0,3.0,0.0,3.0,3.0,0.0,0.0,0.0,0.0,0.0,0,0,0,0,6.0,6.0,1,0,0,0,0,0,0,0,0.0,9.0,6.0,0.0,0,0,0,0,0,0,2,12,0,0,0,-1,1,20,0.0,0.0,0.0,0.0,0.0,0.0,0.0,0.0
57704,80,6,430.0,860.0,430.0,0.0,146.6667,252.8794,860.0,0.0,215.0,430.0,7966.33,11409.828,23428.0,2.0,23820.0,11960.0,16427.034,23544.0,187.0,25063.0,8390.66,13549.812,24723.0,2.0,0,0,0,0,0.0,860.0,0,0,0,1,0,0,0,0,1.0,185.4286,146.6667,215.0,0,0,0,0,0,0,3,430,4,860,29200,31,1,32,0.0,0.0,0.0,0.0,0.0,0.0,0.0,0.0
51166,443,6,482.0,644.0,322.0,0.0,80.3333,133.2031,485.0,0.0,92.0,179.684,28271.66,35306.672,82196.0,3.0,264993.0,52158.6,24776.294,82126.0,41327.0,241080.0,37621.33,45024.747,99744.0,3.0,0,0,0,0,0.0,485.0,0,0,0,1,0,0,0,0,1.0,86.6154,80.3333,92.0,0,0,0,0,0,0,6,482,7,644,65535,114,3,32,0.0,0.0,0.0,0.0,0.0,0.0,0.0,0.0
42436,8443,6,667.0,3744.0,517.0,0.0,95.2857,191.3781,1460.0,0.0,629.3333,679.817,906263.71,3077202.948,10259792.0,19.0,10669583.0,1808338.16,4111294.834,10259792.0,150.0,64184.0,16196.8,17178.422,31572.0,48.0,0,0,0,0,0.0,1460.0,0,0,0,1,0,0,0,0,0.0,320.8333,95.2857,629.3333,0,0,0,0,0,0,7,667,6,3744,29200,60,6,20,0.0,0.0,0.0,0.0,0.0,0.0,0.0,0.0
57569,80,6,12.0,0.0,6.0,0.0,3.0,3.4641,0.0,0.0,0.0,0.0,64059617.0,682.139,64050310.0,96.0,64059457.0,64029728.66,31140.049,64050310.0,24051767.0,0.0,0.0,0.0,0.0,0.0,0,0,0,0,0.0,6.0,0,0,0,0,1,1,0,0,0.0,2.0,3.0,0.0,0,0,0,0,0,0,4,12,0,0,33304,-1,2,20,0.0,0.0,0.0,0.0,0.0,0.0,0.0,0.0
443,39568,6,37.0,0.0,37.0,0.0,18.5,26.163,0.0,0.0,0.0,0.0,3.0,0.0,3.0,3.0,3.0,3.0,0.0,3.0,3.0,0.0,0.0,0.0,0.0,0.0,1,0,0,0,0.0,37.0,0,1,0,0,1,0,0,0,0.0,37.0,18.5,0.0,0,0,0,0,0,0,2,37,0,0,116,-1,0,32,0.0,0.0,0.0,0.0,0.0,0.0,0.0,0.0
49754,443,6,12.0,0.0,6.0,6.0,6.0,0.0,0.0,0.0,0.0,0.0,768589.0,0.0,768589.0,768589.0,768589.0,768589.0,0.0,768589.0,768589.0,0.0,0.0,0.0,0.0,0.0,0,0,0,0,6.0,6.0,0,0,0,0,1,0,0,0,0.0,9.0,6.0,0.0,0,0,0,0,0,0,2,12,0,0,256,-1,1,20,0.0,0.0,0.0,0.0,0.0,0.0,0.0,0.0
54599,443,6,12.0,0.0,6.0,6.0,6.0,0.0,0.0,0.0,0.0,0.0,3.0,0.0,3.0,3.0,3.0,3.0,0.0,3.0,3.0,0.0,0.0,0.0,0.0,0.0,0,0,0,0,6.0,6.0,1,0,0,0,0,0,0,0,0.0,9.0,6.0,0.0,0,0,0,0,0,0,2,12,0,0,0,-1,1,20,0.0,0.0,0.0,0.0,0.0,0.0,0.0,0.0
45437,443,6,717.0,447.0,469.0,0.0,73.4,147.7724,309.0,0.0,89.4,136.5313,5817.5,9243.953,23238.0,4.0,86431.0,9688.22,11018.713,24858.0,4.0,50735.0,12611.25,11460.13,24921.0,779.0,0,0,0,0,0.0,469.0,0,0,0,1,0,0,0,0,0.0,72.2,73.4,89.4,0,0,0,0,0,0,10,717,5,447,65535,972,5,32,0.0,0.0,0.0,0.0,0.0,0.0,0.0,0.0
443,59580,6,0.0,0.0,0.0,0.0,0.0,0.0,0.0,0.0,0.0,0.0,138.0,0.0,138.0,138.0,0.0,0.0,0.0,0.0,0.0,0.0,0.0,0.0,0.0,0.0,0,0,0,0,0.0,0.0,0,0,0,0,1,0,0,0,1.0,0.0,0.0,0.0,0,0,0,0,0,0,1,0,1,0,357,32832,0,32,0.0,0.0,0.0,0.0,0.0,0.0,0.0,0.0
59100,53,17,72.0,94.0,36.0,36.0,36.0,0.0,47.0,47.0,47.0,0.0,75.33,40.169,128.0,48.0,48.0,48.0,0.0,48.0,48.0,49.0,49.0,0.0,49.0,49.0,0,0,0,0,36.0,47.0,0,0,0,0,0,0,0,0,1.0,40.5,36.0,47.0,0,0,0,0,0,0,2,72,2,94,-1,-1,1,32,0.0,0.0,0.0,0.0,0.0,0.0,0.0,0.0
34508,53,17,94.0,196.0,47.0,47.0,47.0,0.0,98.0,98.0,98.0,0.0,63.0,66.217,131.0,4.0,4.0,4.0,0.0,4.0,4.0,47.0,47.0,0.0,47.0,47.0,0,0,0,0,47.0,98.0,0,0,0,0,0,0,0,0,1.0,84.25,47.0,98.0,0,0,0,0,0,0,2,94,2,196,-1,-1,1,20,0.0,0.0,0.0,0.0,0.0,0.0,0.0,0.0
443,6680,6,12.0,0.0,6.0,6.0,6.0,0.0,0.0,0.0,0.0,0.0,3.0,0.0,3.0,3.0,3.0,3.0,0.0,3.0,3.0,0.0,0.0,0.0,0.0,0.0,0,0,0,0,6.0,6.0,0,0,0,0,1,0,0,0,0.0,9.0,6.0,0.0,0,0,0,0,0,0,2,12,0,0,360,-1,1,20,0.0,0.0,0.0,0.0,0.0,0.0,0.0,0.0
46494,443,6,18.0,31.0,6.0,6.0,6.0,0.0,31.0,31.0,31.0,0.0,356.0,302.717,763.0,3.0,407.0,203.5,408.33,404.0,3.0,0.0,0.0,0.0,0.0,0.0,0,0,0,0,6.0,31.0,1,0,0,0,0,0,0,0,0.0,11.3333,6.0,31.0,0,0,0,0,0,0,3,18,1,31,0,973,2,20,0.0,0.0,0.0,0.0,0.0,0.0,0.0,0.0
50022,80,6,0.0,0.0,0.0,0.0,0.0,0.0,0.0,0.0,0.0,0.0,50003.0,0.0,50003.0,50003.0,3.0,3.0,0.0,3.0,3.0,0.0,0.0,0.0,0.0,0.0,0,0,0,0,0.0,0.0,0,0,0,0,1,0,0,0,0.0,0.0,0.0,0.0,0,0,0,0,0,0,2,0,0,0,237,-1,0,32,0.0,0.0,0.0,0.0,0.0,0.0,0.0,0.0
49545,53,17,66.0,418.0,33.0,33.0,33.0,0.0,209.0,209.0,209.0,0.0,306.66,586.044,864.0,3.0,49.0,49.0,0.0,49.0,49.0,3.0,3.0,0.0,3.0,3.0,0,0,0,0,33.0,209.0,0,0,0,0,0,0,0,0,1.0,129.25,33.0,209.0,0,0,0,0,0,0,2,66,2,418,-1,-1,1,32,0.0,0.0,0.0,0.0,0.0,0.0,0.0,0.0
54580,80,6,12.0,0.0,6.0,6.0,6.0,0.0,0.0,0.0,0.0,0.0,396405.0,0.0,396405.0,396405.0,396405.0,396405.0,0.0,396405.0,396405.0,0.0,0.0,0.0,0.0,0.0,0,0,0,0,6.0,6.0,0,0,0,0,1,0,0,0,0.0,9.0,6.0,0.0,0,0,0,0,0,0,2,12,0,0,63302,-1,1,20,0.0,0.0,0.0,0.0,0.0,0.0,0.0,0.0
64302,80,6,12.0,0.0,6.0,6.0,6.0,0.0,0.0,0.0,0.0,0.0,51.0,0.0,51.0,51.0,51.0,51.0,0.0,51.0,51.0,0.0,0.0,0.0,0.0,0.0,0,0,0,0,6.0,6.0,0,0,0,0,1,0,0,0,0.0,9.0,6.0,0.0,0,0,0,0,0,0,2,12,0,0,255,-1,1,20,0.0,0.0,0.0,0.0,0.0,0.0,0.0,0.0
55659,443,6,135.0,46.0,46.0,6.0,27.0,20.1246,46.0,46.0,46.0,0.0,1262814.5,2631454.205,7794546.0,4.0,7053740.0,1518440.5,2870755.612,7794546.0,4.0,0.0,0.0,0.0,0.0,0.0,1,0,0,0,6.0,46.0,0,1,0,0,1,0,0,0,0.0,37.8333,27.0,46.0,0,0,0,0,0,0,5,135,1,46,16409,351,4,20,0.0,0.0,0.0,0.0,0.0,0.0,0.0,0.0
80,51444,6,6.0,6.0,6.0,6.0,6.0,0.0,6.0,6.0,6.0,0.0,10.0,0.0,10.0,10.0,0.0,0.0,0.0,0.0,0.0,0.0,0.0,0.0,0.0,0.0,0,0,0,0,6.0,6.0,0,0,0,0,1,1,0,0,1.0,9.0,6.0,6.0,0,0,0,0,0,0,1,6,1,6,110,256,0,20,0.0,0.0,0.0,0.0,0.0,0.0,0.0,0.0
54984,443,6,12.0,0.0,6.0,6.0,6.0,0.0,0.0,0.0,0.0,0.0,3.0,0.0,3.0,3.0,3.0,3.0,0.0,3.0,3.0,0.0,0.0,0.0,0.0,0.0,0,0,0,0,6.0,6.0,1,0,0,0,0,0,0,0,0.0,9.0,6.0,0.0,0,0,0,0,0,0,2,12,0,0,0,-1,1,20,0.0,0.0,0.0,0.0,0.0,0.0,0.0,0.0
443,55949,6,0.0,18.0,0.0,0.0,0.0,0.0,6.0,6.0,6.0,0.0,25.66,43.37,70.0,1.0,0.0,0.0,0.0,0.0,0.0,4.0,2.0,1.414,3.0,1.0,0,0,0,0,0.0,6.0,0,0,0,0,1,0,0,0,3.0,4.5,0.0,6.0,0,0,0,0,0,0,1,0,3,18,1120,0,0,32,0.0,0.0,0.0,0.0,0.0,0.0,0.0,0.0
443,64153,6,0.0,0.0,0.0,0.0,0.0,0.0,0.0,0.0,0.0,0.0,52.0,0.0,52.0,52.0,0.0,0.0,0.0,0.0,0.0,0.0,0.0,0.0,0.0,0.0,0,0,0,0,0.0,0.0,0,0,0,0,1,0,0,0,1.0,0.0,0.0,0.0,0,0,0,0,0,0,1,0,1,0,5543,65535,0,32,0.0,0.0,0.0,0.0,0.0,0.0,0.0,0.0
51433,80,6,6.0,6.0,6.0,6.0,6.0,0.0,6.0,6.0,6.0,0.0,111.0,0.0,111.0,111.0,0.0,0.0,0.0,0.0,0.0,0.0,0.0,0.0,0.0,0.0,0,0,0,0,6.0,6.0,0,0,0,0,1,0,0,0,1.0,9.0,6.0,6.0,0,0,0,0,0,0,1,6,1,6,16425,946,0,20,0.0,0.0,0.0,0.0,0.0,0.0,0.0,0.0
61760,53,17,82.0,162.0,82.0,82.0,82.0,0.0,162.0,162.0,162.0,0.0,30362.0,0.0,30362.0,30362.0,0.0,0.0,0.0,0.0,0.0,0.0,0.0,0.0,0.0,0.0,0,0,0,0,82.0,162.0,0,0,0,0,0,0,0,0,1.0,162.0,82.0,162.0,0,0,0,0,0,0,1,82,1,162,-1,-1,0,32,0.0,0.0,0.0,0.0,0.0,0.0,0.0,0.0
61032,53,17,104.0,339.0,56.0,48.0,52.0,5.6569,227.0,114.0,169.5,52.0275,36768156.66,60232715.987,118160238.0,565.0,118160308.0,118160308.0,0.0,118160308.0,118160308.0,118175907.0,118175907.0,0.0,118275907.0,118175907.0,0,0,0,0,48.0,227.0,0,0,0,0,0,0,0,0,1.0,122.25,52.0,169.5,0,0,0,0,0,0,2,104,2,339,-1,-1,1,20,228029.0,0.0,228029.0,228029.0,118160290.0,0.0,118160290.0,118160290.0
443,43312,6,12.0,0.0,6.0,6.0,6.0,0.0,0.0,0.0,0.0,0.0,207.0,0.0,207.0,207.0,207.0,207.0,0.0,207.0,207.0,0.0,0.0,0.0,0.0,0.0,0,0,0,0,6.0,6.0,0,0,0,0,1,0,0,0,0.0,9.0,6.0,0.0,0,0,0,0,0,0,2,12,0,0,40123,-1,1,20,0.0,0.0,0.0,0.0,0.0,0.0,0.0,0.0
60209,443,6,713.0,479.0,469.0,0.0,71.3,147.2874,341.0,0.0,95.8,149.5299,6097.71,9961.903,23493.0,4.0,81304.0,9763.88,11530.554,24098.0,4.0,50540.0,12655.5,12793.889,28657.0,437.0,0,0,0,0,0.0,469.0,0,0,0,1,0,0,0,0,0.0,79.4667,71.3,95.8,0,0,0,0,0,0,10,713,5,479,65535,972,5,32,0.0,0.0,0.0,0.0,0.0,0.0,0.0,0.0
64444,53,17,66.0,278.0,33.0,33.0,33.0,0.0,139.0,139.0,139.0,0.0,67.33,110.89,196.0,1.0,1.0,1.0,0.0,1.0,1.0,1.0,1.0,0.0,1.0,1.0,0,0,0,0,33.0,139.0,0,0,0,0,0,0,0,0,1.0,94.25,33.0,139.0,0,0,0,0,0,0,2,66,2,278,-1,-1,1,32,0.0,0.0,0.0,0.0,0.0,0.0,0.0,0.0
58800,80,6,593.0,215.0,593.0,0.0,196.6667,378.0327,219.0,0.0,53.0,87.3682,3265936.83,9475769.769,12775595.0,55.0,12952970.0,6876485.0,1684431.889,12775595.0,161.0,34304.0,34302.0,0.0,34304.0,34304.0,0,0,0,0,0.0,593.0,0,0,0,1,0,0,0,0,0.0,142.6,196.6667,53.0,0,0,0,0,0,0,3,593,2,215,8192,4960,2,20,0.0,0.0,0.0,0.0,0.0,0.0,0.0,0.0
14624,53,17,66.0,98.0,33.0,33.0,33.0,0.0,49.0,49.0,49.0,0.0,47.33,77.589,133.0,3.0,3.0,3.0,0.0,3.0,3.0,3.0,3.0,0.0,3.0,3.0,0,0,0,0,33.0,49.0,0,0,0,0,0,0,0,0,1.0,49.25,33.0,49.0,0,0,0,0,0,0,2,66,2,98,-1,-1,1,32,0.0,0.0,0.0,0.0,0.0,0.0,0.0,0.0
49592,80,6,503.0,915.0,467.0,0.0,32.3125,103.8605,911.0,0.0,63.7778,248.8218,4041718.18,4874952.428,10015820.0,44.0,116410138.0,7782817.76,4173701.068,10048058.0,714.0,110666748.0,8502329.15,3763309.386,10048148.0,19492.0,0,0,0,0,0.0,911.0,0,0,0,1,0,0,0,0,0.0,43.9,32.3125,63.7778,0,0,0,0,0,0,16,503,14,915,8192,944,15,20,55679.08,31372.749,135584.0,36889.0,10000319.9,3814.76,10015820.0,10001267.0
54646,443,6,842.0,5178.0,373.0,0.0,65.0,118.7463,1460.0,0.0,667.8889,687.5891,21794.8,20175.029,87205.0,1.0,445785.0,32456.07,29681.824,87205.0,3.0,479709.0,45945.58,62395.827,116697.0,2.0,0,0,0,0,0.0,1460.0,0,0,0,1,0,0,0,0,0.0,296.7174,65.0,667.8889,0,0,0,0,0,0,14,842,9,5178,65535,17030,13,20,0.0,0.0,0.0,0.0,0.0,0.0,0.0,0.0
443,37486,6,0.0,0.0,0.0,0.0,0.0,0.0,0.0,0.0,0.0,0.0,22.0,0.0,22.0,22.0,0.0,0.0,0.0,0.0,0.0,0.0,0.0,0.0,0.0,0.0,0,0,0,0,0.0,0.0,0,0,0,0,1,1,0,0,1.0,0.0,0.0,0.0,0,0,0,0,0,0,1,0,1,0,391,1638,0,32,0.0,0.0,0.0,0.0,0.0,0.0,0.0,0.0
55001,80,6,408.0,1789.0,408.0,0.0,81.6,187.9398,1789.0,0.0,397.0,804.5308,33619.14,62795.018,126530.0,29.0,203187.0,51761.25,43586.531,126531.0,357.0,104333.0,56631.5,64239.483,103746.0,424.0,0,0,0,0,0.0,1789.0,0,0,0,1,0,0,0,0,0.0,212.75,81.6,397.0,0,0,0,0,0,0,5,408,5,1789,8192,946,3,20,0.0,0.0,0.0,0.0,0.0,0.0,0.0,0.0
23183,53,17,74.0,106.0,37.0,37.0,37.0,0.0,53.0,53.0,53.0,0.0,45.33,76.5,130.0,3.0,3.0,3.0,0.0,3.0,3.0,3.0,3.0,0.0,3.0,3.0,0,0,0,0,37.0,53.0,0,0,0,0,0,0,0,0,1.0,54.25,37.0,53.0,0,0,0,0,0,0,2,74,2,106,-1,-1,1,32,0.0,0.0,0.0,0.0,0.0,0.0,0.0,0.0
60365,53,17,111.0,81.0,65.0,36.0,55.5,19.892,89.0,71.0,80.5,2.8352,36012462.0,61845499.468,108025206.0,30857.0,108086009.0,108086009.0,0.0,108086009.0,108086009.0,109074461.0,109074461.0,0.0,109074461.0,109074461.0,0,0,0,0,36.0,89.0,0,0,0,0,0,0,0,0,1.0,72.25,55.5,80.5,0,0,0,0,0,0,2,111,2,81,-1,-1,1,20,60353.0,0.0,60353.0,60353.0,108025241.0,0.0,108025241.0,108025241.0
54942,389,6,8016.0,6346.0,1660.0,0.0,221.5,505.009,613.0,0.0,282.0,308.3049,2369481.83,4271360.711,17589101.0,38.0,117742604.0,4645226.95,5153600.051,17589101.0,218.0,117719969.0,5543336.28,5741305.496,17728014.0,227.0,1,0,0,0,0.0,1660.0,0,1,0,0,1,0,0,0,0.0,240.7917,221.5,282.0,0,0,0,0,0,0,32,8016,15,6346,1020,177,5,32,112641.72,553296.179,1552494.0,280.0,16222706.45,1819934.794,17589101.0,10003852.0
49767,443,6,866.0,51387.0,471.0,0.0,20.4778,72.5808,2896.0,0.0,1475.6844,951.7491,118899.44,841588.454,9997597.0,0.0,1019080.0,66587.13,195618.762,772233.0,0.0,11088136.0,272297.21,1088132.678,9998445.0,1.0,0,0,0,0,0.0,2896.0,0,0,0,1,0,0,0,0,1.0,739.0942,20.4778,1475.6844,0,0,0,0,0,0,33,866,46,51387,29200,61,7,32,1220256.0,0.0,1220256.0,1220256.0,9997569.0,0.0,9997599.0,9997569.0
64434,53,17,68.0,158.0,34.0,34.0,34.0,0.0,79.0,79.0,79.0,0.0,8071.66,13931.476,24219.0,1.0,1.0,1.0,0.0,1.0,1.0,4.0,4.0,0.0,4.0,4.0,0,0,0,0,34.0,79.0,0,0,0,0,0,0,0,0,1.0,65.0,34.0,79.0,0,0,0,0,0,0,2,68,2,158,-1,-1,1,32,0.0,0.0,0.0,0.0,0.0,0.0,0.0,0.0
56747,80,6,433.0,2279.0,427.0,0.0,144.3333,244.8149,1460.0,0.0,455.8,650.3319,11903.42,16745.209,32377.0,1.0,34619.0,17809.5,20787.569,32269.0,691.0,33937.0,7969.25,18205.697,33668.0,1.0,0,0,0,0,0.0,1460.0,0,0,0,1,0,0,0,0,1.0,338.5714,144.3333,455.8,0,0,0,0,0,0,3,433,5,2279,8192,237,2,20,0.0,0.0,0.0,0.0,0.0,0.0,0.0,0.0
61256,53,17,55.0,120.0,55.0,55.0,55.0,0.0,120.0,120.0,120.0,0.0,127898.0,0.0,127898.0,127898.0,0.0,0.0,0.0,0.0,0.0,0.0,0.0,0.0,0.0,0.0,0,0,0,0,55.0,120.0,0,0,0,0,0,0,0,0,1.0,115.0,55.0,120.0,0,0,0,0,0,0,1,55,1,120,-1,-1,0,32,0.0,0.0,0.0,0.0,0.0,0.0,0.0,0.0
443,55114,6,37.0,0.0,37.0,0.0,18.5,26.163,0.0,0.0,0.0,0.0,3.0,0.0,3.0,3.0,3.0,3.0,0.0,3.0,3.0,0.0,0.0,0.0,0.0,0.0,1,0,0,0,0.0,37.0,0,1,0,0,1,0,0,0,0.0,37.0,18.5,0.0,0,0,0,0,0,0,2,37,0,0,972,-1,0,32,0.0,0.0,0.0,0.0,0.0,0.0,0.0,0.0
62230,443,6,2463.0,6920.0,819.0,0.0,130.5182,292.2942,2296.0,0.0,406.0,786.5262,1908175.75,3938988.032,10200414.0,21.0,64728227.0,3693274.92,4970165.707,10240023.0,100166.0,64713768.0,4935341.0,4993350.607,10240053.0,212.0,0,0,0,0,0.0,2296.0,0,0,0,1,0,0,0,0,0.0,253.8737,130.5182,406.0,0,0,0,0,0,0,22,2463,17,6920,29200,135,5,32,833017.16,1065562.474,4786947.0,107215.0,10208636.66,127224.189,10200410.0,10000931.0
49560,53,17,76.0,172.0,38.0,38.0,38.0,0.0,86.0,86.0,86.0,0.0,10622.0,18412.104,31750.0,3.0,3.0,3.0,0.0,3.0,3.0,173.0,173.0,0.0,173.0,173.0,0,0,0,0,38.0,86.0,0,0,0,0,0,0,0,0,1.0,71.5,38.0,86.0,0,0,0,0,0,0,2,76,2,172,-1,-1,1,20,0.0,0.0,0.0,0.0,0.0,0.0,0.0,0.0
61979,53,17,51.0,106.0,51.0,51.0,51.0,0.0,106.0,106.0,106.0,0.0,108299.0,0.0,108299.0,108299.0,0.0,0.0,0.0,0.0,0.0,0.0,0.0,0.0,0.0,0.0,0,0,0,0,51.0,106.0,0,0,0,0,0,0,0,0,1.0,104.0,51.0,106.0,0,0,0,0,0,0,1,51,1,106,-1,-1,0,40,0.0,0.0,0.0,0.0,0.0,0.0,0.0,0.0
60764,53,17,88.0,120.0,44.0,44.0,44.0,0.0,60.0,60.0,60.0,0.0,45.0,79.874,147.0,3.0,3.0,3.0,0.0,3.0,3.0,3.0,3.0,0.0,3.0,3.0,0,0,0,0,44.0,60.0,0,0,0,0,0,0,0,0,1.0,63.0,44.0,60.0,0,0,0,0,0,0,2,88,2,120,-1,-1,1,20,0.0,0.0,0.0,0.0,0.0,0.0,0.0,0.0
57057,443,6,1284.0,943.0,749.0,0.0,107.4,240.4774,735.0,0.0,188.6,369.7267,11820.35,16122.515,40595.0,4.0,161180.0,17909.11,23369.15,52601.0,4.0,102473.0,25348.75,17881.132,40425.0,604.0,0,0,0,0,0.0,735.0,0,0,0,1,0,0,0,0,0.0,137.2,107.4,188.6,0,0,0,0,0,0,10,1284,5,943,65535,362,5,32,0.0,0.0,0.0,0.0,0.0,0.0,0.0,0.0
60531,53,17,109.0,256.0,56.0,53.0,54.5,2.1213,184.0,112.0,128.0,72.127,8580788.0,14124618.418,24767117.0,30414.0,24747380.0,24747380.0,0.0,24747380.0,24747380.0,24857532.0,24857532.0,0.0,24857532.0,24857532.0,0,0,0,0,53.0,184.0,0,0,0,0,0,0,0,0,1.0,105.5,54.5,128.0,0,0,0,0,0,0,2,109,2,256,-1,-1,1,32,30288.0,0.0,30288.0,30288.0,24767110.0,0.0,24767110.0,24767110.0
64826,443,6,707.0,80882.0,327.0,0.0,27.0261,75.0459,2920.0,0.0,1843.2276,1076.3463,2453.89,6205.421,35939.0,1.0,226027.0,4694.17,8724.428,30171.0,48.0,139401.0,2843.84,7458.123,67428.0,1.0,0,0,0,0,0.0,2920.0,0,0,0,1,0,0,0,0,2.0,1587.0131,27.0261,1843.2276,0,0,0,0,0,0,38,707,51,80882,8192,32,37,20,0.0,0.0,0.0,0.0,0.0,0.0,0.0,0.0
61189,53,17,56.0,72.0,56.0,56.0,56.0,0.0,72.0,72.0,72.0,0.0,30491.0,0.0,30491.0,30491.0,0.0,0.0,0.0,0.0,0.0,0.0,0.0,0.0,0.0,0.0,0,0,0,0,56.0,72.0,0,0,0,0,0,0,0,0,1.0,92.0,56.0,72.0,0,0,0,0,0,0,1,56,1,72,-1,-1,0,32,0.0,0.0,0.0,0.0,0.0,0.0,0.0,0.0
80,56037,6,6.0,6.0,6.0,6.0,6.0,0.0,6.0,6.0,6.0,0.0,75.0,0.0,75.0,75.0,0.0,0.0,0.0,0.0,0.0,0.0,0.0,0.0,0.0,0.0,0,0,0,0,6.0,6.0,0,0,0,0,1,1,0,0,1.0,9.0,6.0,6.0,0,0,0,0,0,0,1,6,1,6,113,256,0,20,0.0,0.0,0.0,0.0,0.0,0.0,0.0,0.0
443,55252,6,37.0,0.0,31.0,6.0,18.5,17.6777,0.0,0.0,0.0,0.0,3.0,0.0,3.0,3.0,3.0,3.0,0.0,3.0,3.0,0.0,0.0,0.0,0.0,0.0,1,0,0,0,6.0,31.0,0,1,0,0,1,0,0,0,0.0,34.0,18.5,0.0,0,0,0,0,0,0,2,37,0,0,110,-1,1,20,0.0,0.0,0.0,0.0,0.0,0.0,0.0,0.0
443,55838,6,6.0,6.0,6.0,6.0,6.0,0.0,6.0,6.0,6.0,0.0,62.0,0.0,62.0,62.0,0.0,0.0,0.0,0.0,0.0,0.0,0.0,0.0,0.0,0.0,0,0,0,0,6.0,6.0,0,0,0,0,1,1,0,0,1.0,9.0,6.0,6.0,0,0,0,0,0,0,1,6,1,6,24460,63842,0,20,0.0,0.0,0.0,0.0,0.0,0.0,0.0,0.0
64827,53,17,66.0,174.0,33.0,33.0,33.0,0.0,87.0,87.0,87.0,0.0,80.66,99.511,195.0,3.0,3.0,3.0,0.0,3.0,3.0,48.0,48.0,0.0,48.0,48.0,0,0,0,0,33.0,87.0,0,0,0,0,0,0,0,0,1.0,68.25,33.0,87.0,0,0,0,0,0,0,2,66,2,174,-1,-1,1,32,0.0,0.0,0.0,0.0,0.0,0.0,0.0,0.0
17761,53,17,66.0,278.0,33.0,33.0,33.0,0.0,139.0,139.0,139.0,0.0,10470.0,18174.941,31403.0,3.0,3.0,3.0,0.0,3.0,3.0,4.0,4.0,0.0,4.0,4.0,0,0,0,0,33.0,139.0,0,0,0,0,0,0,0,0,1.0,94.25,33.0,139.0,0,0,0,0,0,0,2,66,2,278,-1,-1,1,20,0.0,0.0,0.0,0.0,0.0,0.0,0.0,0.0
443,51469,6,37.0,0.0,31.0,6.0,18.5,17.6777,0.0,0.0,0.0,0.0,3.0,0.0,3.0,3.0,3.0,3.0,0.0,3.0,3.0,0.0,0.0,0.0,0.0,0.0,1,0,0,0,6.0,31.0,0,1,0,0,1,0,0,0,0.0,34.0,18.5,0.0,0,0,0,0,0,0,2,37,0,0,30135,-1,1,20,0.0,0.0,0.0,0.0,0.0,0.0,0.0,0.0
54341,443,6,713.0,479.0,469.0,0.0,71.3,147.2874,341.0,0.0,95.8,149.5299,13744.0,22955.152,86965.0,3.0,298598.0,20339.88,30769.361,89535.0,3.0,159336.0,32684.5,42453.093,88396.0,412.0,0,0,0,0,0.0,469.0,0,0,0,1,0,0,0,0,0.0,79.4667,71.3,95.8,0,0,0,0,0,0,10,713,5,479,65535,972,5,32,0.0,0.0,0.0,0.0,0.0,0.0,0.0,0.0
55086,53,17,204.0,472.0,51.0,51.0,51.0,0.0,236.0,236.0,236.0,0.0,24654.0,42949.094,91139.0,4.0,31106.0,10332.0,17424.442,31199.0,4.0,4.0,4.0,0.0,4.0,4.0,0,0,0,0,51.0,236.0,0,0,0,0,0,0,0,0,0.0,116.1667,51.0,236.0,0,0,0,0,0,0,4,204,2,472,-1,-1,3,32,0.0,0.0,0.0,0.0,0.0,0.0,0.0,0.0
38931,443,6,350.0,8525.0,193.0,0.0,38.8889,71.1201,1448.0,0.0,922.5455,679.005,367378.55,1411875.182,5259971.0,7.0,5692333.0,698128.62,1710415.523,5259971.0,18.0,380079.0,47061.66,67609.593,160098.0,47.0,0,0,0,0,0.0,1448.0,0,0,0,1,0,0,0,0,0.0,400.6142,38.8889,922.5455,0,0,0,0,0,0,9,350,7,8525,29200,122,3,32,220054.0,0.0,220054.0,220054.0,5259956.0,0.0,5259956.0,5259956.0
80,52928,6,0.0,0.0,0.0,0.0,0.0,0.0,0.0,0.0,0.0,0.0,80.0,0.0,80.0,80.0,0.0,0.0,0.0,0.0,0.0,0.0,0.0,0.0,0.0,0.0,0,0,0,0,0.0,0.0,0,0,0,0,1,1,0,0,1.0,0.0,0.0,0.0,0,0,0,0,0,0,1,0,1,0,114,33304,0,32,0.0,0.0,0.0,0.0,0.0,0.0,0.0,0.0
59889,443,6,0.0,0.0,0.0,0.0,0.0,0.0,0.0,0.0,0.0,0.0,26351.0,37231.41,52755.0,0.0,0.0,0.0,0.0,0.0,0.0,0.0,0.0,0.0,0.0,0.0,0,0,0,0,0.0,0.0,0,0,0,0,1,1,0,0,0.0,0.0,0.0,0.0,0,0,0,0,0,0,2,0,1,0,32832,179,0,32,0.0,0.0,0.0,0.0,0.0,0.0,0.0,0.0
59723,443,6,851.0,79454.0,441.0,0.0,26.7619,76.6306,4344.0,0.0,1503.2238,901.8855,1223236.29,7180331.268,58643056.0,1.0,117996317.0,3247200.07,11520331.163,58643053.0,3.0,117821781.0,2492660.17,10532740.767,58896763.0,1.0,0,0,0,0,0.0,4344.0,0,0,0,1,0,0,0,0,2.0,1013.4665,26.7619,1503.2238,0,0,0,0,0,0,75,851,91,79454,29200,123,7,32,275094.0,283294.753,360625.0,190857.0,58472528.5,607952.832,58643059.0,58300454.0
53702,443,6,356.0,3782.0,212.0,0.0,59.3333,89.2248,1460.0,0.0,630.3333,677.2171,23231.54,39528.824,82637.0,40.0,262403.0,52424.6,46447.933,91185.0,98.0,178179.0,35115.8,47542.237,87893.0,48.0,0,0,0,0,0.0,1460.0,0,0,0,1,0,0,0,0,1.0,344.8333,59.3333,630.3333,0,0,0,0,0,0,6,356,6,3782,8192,60,5,20,0.0,0.0,0.0,0.0,0.0,0.0,0.0,0.0
47563,53,17,82.0,114.0,41.0,41.0,41.0,0.0,57.0,57.0,57.0,0.0,46.0,77.926,131.0,3.0,4.0,4.0,0.0,4.0,4.0,3.0,3.0,0.0,3.0,3.0,0,0,0,0,41.0,57.0,0,0,0,0,0,0,0,0,1.0,59.25,41.0,57.0,0,0,0,0,0,0,2,82,2,114,-1,-1,1,20,0.0,0.0,0.0,0.0,0.0,0.0,0.0,0.0
61972,53,17,101.0,288.0,64.0,45.0,50.5,10.6071,170.0,74.0,144.0,57.9197,911151.66,2541612.454,4736314.0,23464.0,4846632.0,1846632.0,0.0,4846632.0,4846632.0,4848675.0,4848675.0,0.0,4849675.0,4848675.0,0,0,0,0,45.0,170.0,0,0,0,0,0,0,0,0,1.0,109.5,50.5,144.0,0,0,0,0,0,0,2,101,2,288,-1,-1,1,32,0.0,0.0,0.0,0.0,0.0,0.0,0.0,0.0
61624,53,17,74.0,354.0,37.0,37.0,37.0,0.0,177.0,177.0,177.0,0.0,60.33,91.968,174.0,4.0,4.0,4.0,0.0,4.0,4.0,4.0,4.0,0.0,4.0,4.0,0,0,0,0,37.0,177.0,0,0,0,0,0,0,0,0,1.0,116.25,37.0,177.0,0,0,0,0,0,0,2,74,2,354,-1,-1,1,32,0.0,0.0,0.0,0.0,0.0,0.0,0.0,0.0
49271,53,17,60.0,360.0,30.0,30.0,30.0,0.0,180.0,180.0,180.0,0.0,94.0,73.258,178.0,47.0,198.0,198.0,0.0,198.0,198.0,47.0,47.0,0.0,47.0,47.0,0,0,0,0,30.0,180.0,0,0,0,0,0,0,0,0,1.0,112.5,30.0,180.0,0,0,0,0,0,0,2,60,2,360,-1,-1,1,20,0.0,0.0,0.0,0.0,0.0,0.0,0.0,0.0
53636,443,6,31.0,0.0,31.0,0.0,15.5,21.9203,0.0,0.0,0.0,0.0,3.0,0.0,3.0,3.0,3.0,3.0,0.0,3.0,3.0,0.0,0.0,0.0,0.0,0.0,1,0,0,0,0.0,31.0,0,1,0,0,1,0,0,0,0.0,31.0,15.5,0.0,0,0,0,0,0,0,2,31,0,0,1439,-1,0,32,0.0,0.0,0.0,0.0,0.0,0.0,0.0,0.0
56756,53,17,58.0,168.0,29.0,29.0,29.0,0.0,84.0,84.0,84.0,0.0,51.0,87.479,152.0,3.0,3.0,3.0,0.0,3.0,3.0,3.0,3.0,0.0,3.0,3.0,0,0,0,0,29.0,84.0,0,0,0,0,0,0,0,0,1.0,63.75,29.0,84.0,0,0,0,0,0,0,2,58,2,168,-1,-1,1,20,0.0,0.0,0.0,0.0,0.0,0.0,0.0,0.0
61625,53,17,46.0,106.0,46.0,46.0,46.0,0.0,106.0,106.0,106.0,0.0,560.0,0.0,560.0,560.0,0.0,0.0,0.0,0.0,0.0,0.0,0.0,0.0,0.0,0.0,0,0,0,0,46.0,106.0,0,0,0,0,0,0,0,0,1.0,99.0,46.0,106.0,0,0,0,0,0,0,1,46,1,106,-1,-1,0,20,0.0,0.0,0.0,0.0,0.0,0.0,0.0,0.0
51017,53,17,184.0,328.0,46.0,46.0,46.0,0.0,82.0,82.0,82.0,0.0,4400.42,11562.056,30546.0,3.0,30689.0,10263.66,17676.412,30673.0,3.0,218.0,19.66,115.68,217.0,4.0,0,0,0,0,46.0,82.0,0,0,0,0,0,0,0,0,1.0,63.25,46.0,82.0,0,0,0,0,0,0,4,184,4,328,-1,-1,3,20,0.0,0.0,0.0,0.0,0.0,0.0,0.0,0.0
61050,53,17,103.0,163.0,109.0,100.0,101.0,0.0,163.0,163.0,163.0,0.0,181162.0,0.0,181162.0,181162.0,0.0,0.0,0.0,0.0,0.0,0.0,0.0,0.0,0.0,0.0,0,0,0,0,100.0,169.0,0,0,0,0,0,0,0,0,1.0,174.5,101.0,163.0,0,0,0,0,0,0,1,103,1,163,-1,-1,0,32,0.0,0.0,0.0,0.0,0.0,0.0,0.0,0.0
443,62102,6,37.0,0.0,37.0,0.0,18.5,26.163,0.0,0.0,0.0,0.0,3.0,0.0,3.0,3.0,3.0,3.0,0.0,3.0,3.0,0.0,0.0,0.0,0.0,0.0,1,0,0,0,0.0,37.0,0,1,0,0,1,0,0,0,0.0,37.0,18.5,0.0,0,0,0,0,0,0,2,37,0,0,114,-1,0,32,0.0,0.0,0.0,0.0,0.0,0.0,0.0,0.0
80,55836,6,18.0,0.0,6.0,6.0,6.0,0.0,0.0,0.0,0.0,0.0,20.5,30.205,48.0,3.0,3.0,1.5,0.707,3.0,3.0,0.0,0.0,0.0,0.0,0.0,0,0,0,0,6.0,6.0,0,0,0,0,1,0,0,0,0.0,8.0,6.0,0.0,0,0,0,0,0,0,3,18,0,0,343,-1,2,20,0.0,0.0,0.0,0.0,0.0,0.0,0.0,0.0
61139,443,6,885.0,8950.0,433.0,0.0,91.5,154.0422,1713.0,0.0,896.125,720.8533,275324.46,1045667.832,4696811.0,1.0,4070547.0,528742.88,1405247.796,4696811.0,114.0,4338242.0,62820.71,121699.703,4637742.0,1.0,0,0,0,0,0.0,1713.0,0,0,0,1,0,0,0,0,1.0,504.5838,91.5,896.125,0,0,0,0,0,0,8,885,8,8950,29200,61,4,32,0.0,0.0,0.0,0.0,0.0,0.0,0.0,0.0
61849,443,6,86.0,7.0,86.0,0.0,28.6667,49.6521,7.0,0.0,2.3333,4.0415,11412.4,18524.85,32728.0,4.0,32560.0,16280.0,20068.367,32873.0,2849.0,32018.0,16317.0,27882.101,32755.0,4.0,0,0,0,0,0.0,86.0,0,0,0,1,0,0,0,0,1.0,15.5,28.6667,2.3333,0,0,0,0,0,0,3,86,3,7,65535,57,1,32,0.0,0.0,0.0,0.0,0.0,0.0,0.0,0.0
56674,443,6,1001.0,4512.0,465.0,0.0,110.3333,163.0928,1553.0,0.0,388.2857,679.7165,63591.0,70016.748,391393.0,68.0,957681.0,131226.42,116028.408,391397.0,213.0,825145.0,88266.16,129617.892,362747.0,210.0,0,0,0,0,0.0,1553.0,0,0,0,1,0,0,0,0,1.0,291.45,110.3333,388.2857,0,0,0,0,0,0,9,1001,7,4512,8192,5115,8,20,0.0,0.0,0.0,0.0,0.0,0.0,0.0,0.0
53053,443,6,1160.0,37053.0,491.0,0.0,52.5405,129.0252,2836.0,0.0,1304.36,327.2937,1192383.89,9341694.707,58947929.0,1.0,117485164.0,2320669.82,13613637.763,58947929.0,4.0,117483612.0,1887059.26,12702297.917,59044023.0,1.0,0,0,0,0,0.0,2836.0,0,0,0,1,0,0,0,0,1.0,824.9283,52.5405,1304.36,0,0,0,0,0,0,22,1160,33,37053,29200,357,9,32,492155.5,541221.692,865160.0,223724.0,58972559.0,79980.338,58947929.0,58922081.0
52459,80,6,518.0,12098.0,434.0,0.0,32.25,105.46,1460.0,0.0,836.5,653.2846,2086234.34,4042053.563,10011137.0,44.0,61527438.0,4170429.8,5072020.902,10051104.0,114.0,65273446.0,3299234.63,4933364.796,10052861.0,48.0,0,0,0,0,0.0,1460.0,0,0,0,1,0,0,0,0,1.0,490.4845,32.25,836.5,0,0,0,0,0,0,16,518,16,12098,8192,946,15,20,57909.0,68702.381,199121.0,26324.0,10000307.33,672.757,10011135.0,10000761.0
52269,443,6,392.0,3716.0,208.0,0.0,48.6667,77.8605,1460.0,2.0,619.3333,679.2171,362030.63,1113527.51,3743171.0,20.0,3925625.0,737278.0,1587093.314,4743171.0,272.0,93901.0,18276.2,21566.305,43888.0,48.0,0,0,0,0,0.0,1460.0,0,0,0,1,0,0,0,0,0.0,277.5,48.6667,619.3333,0,0,0,0,0,0,6,392,6,3716,8192,30016,5,20,0.0,0.0,0.0,0.0,0.0,0.0,0.0,0.0
443,63190,6,0.0,0.0,0.0,0.0,0.0,0.0,0.0,0.0,0.0,0.0,43.0,0.0,43.0,43.0,0.0,0.0,0.0,0.0,0.0,0.0,0.0,0.0,0.0,0.0,0,0,0,0,0.0,0.0,0,0,0,0,1,0,0,0,1.0,0.0,0.0,0.0,0,0,0,0,0,0,1,0,1,0,357,32832,0,32,0.0,0.0,0.0,0.0,0.0,0.0,0.0,0.0
54240,80,6,854.0,1792.0,433.0,0.0,56.5,148.0055,746.0,0.0,187.1667,322.4209,3611028.15,4704936.902,10223502.0,64.0,116869975.0,6875849.05,4637122.833,10240013.0,157.0,113017420.0,8042529.46,4034453.457,10241716.0,21416.0,0,0,0,0,0.0,746.0,0,0,0,1,0,0,0,0,0.0,126.5952,56.5,187.1667,0,0,0,0,0,0,18,854,15,1792,29200,349,2,32,225681.27,356776.839,1366046.0,191965.0,10182437.9,70262.347,10223500.0,10051655.0
65351,53,17,168.0,234.0,42.0,42.0,42.0,0.0,117.0,117.0,117.0,0.0,17945.0,28821.031,59397.0,3.0,33389.0,11493.33,19180.16,33383.0,3.0,4.0,4.0,0.0,4.0,4.0,0,0,0,0,42.0,117.0,0,0,0,0,0,0,0,0,0.0,72.0,42.0,117.0,0,0,0,0,0,0,4,168,2,234,-1,-1,3,20,0.0,0.0,0.0,0.0,0.0,0.0,0.0,0.0
3675,53,17,78.0,218.0,39.0,39.0,39.0,0.0,109.0,109.0,109.0,0.0,96.0,167.264,292.0,2.0,2.0,2.0,0.0,2.0,2.0,3.0,3.0,0.0,3.0,3.0,0,0,0,0,39.0,109.0,0,0,0,0,0,0,0,0,1.0,83.75,39.0,109.0,0,0,0,0,0,0,2,78,2,218,-1,-1,1,32,0.0,0.0,0.0,0.0,0.0,0.0,0.0,0.0
443,39818,6,0.0,0.0,0.0,0.0,0.0,0.0,0.0,0.0,0.0,0.0,3.0,0.0,3.0,3.0,3.0,3.0,0.0,3.0,3.0,0.0,0.0,0.0,0.0,0.0,0,0,0,0,0.0,0.0,0,0,0,0,1,0,0,0,0.0,0.0,0.0,0.0,0,0,0,0,0,0,2,0,0,0,117,-1,0,32,0.0,0.0,0.0,0.0,0.0,0.0,0.0,0.0
63473,443,6,1252.0,436.0,773.0,0.0,94.0,213.8969,261.0,0.0,62.1429,104.1413,2378604.85,4222453.911,10005241.0,3.0,60598419.0,4336551.33,5198226.223,10072269.0,320.0,60500262.0,5056478.3,5253430.06,10063559.0,350.0,0,0,0,0,0.0,773.0,0,0,0,1,0,0,0,0,0.0,86.4776,94.0,62.1429,0,0,0,0,0,0,14,1252,14,436,8192,119,13,20,116031.16,264778.818,695469.0,88612.0,9966735.5,26426.388,10005247.0,9985066.0
80,38496,6,6.0,6.0,6.0,6.0,6.0,0.0,6.0,6.0,6.0,0.0,54.0,0.0,54.0,54.0,0.0,0.0,0.0,0.0,0.0,0.0,0.0,0.0,0.0,0.0,0,0,0,0,6.0,6.0,0,0,0,0,1,1,0,0,1.0,9.0,6.0,6.0,0,0,0,0,0,0,1,6,1,6,14358,280,0,20,0.0,0.0,0.0,0.0,0.0,0.0,0.0,0.0
443,55346,6,0.0,0.0,0.0,0.0,0.0,0.0,0.0,0.0,0.0,0.0,69.0,0.0,69.0,69.0,0.0,0.0,0.0,0.0,0.0,0.0,0.0,0.0,0.0,0.0,0,0,0,0,0.0,0.0,0,0,0,0,1,1,0,0,1.0,0.0,0.0,0.0,0,0,0,0,0,0,1,0,1,0,357,32832,0,32,0.0,0.0,0.0,0.0,0.0,0.0,0.0,0.0
52254,80,6,1534.0,870.0,930.0,0.0,109.5714,418.5481,766.0,0.0,64.6667,232.8146,3794845.31,4711310.741,10007233.0,60.0,110981572.0,7224330.93,4480259.234,10036562.0,565.0,110984932.0,8498496.55,3767448.437,10031699.0,16805.0,0,0,0,0,0.0,930.0,0,0,0,1,0,0,0,0,1.0,90.4667,109.5714,64.6667,0,0,0,0,0,0,14,1534,15,870,8192,512,13,20,26007.72,72259.097,131725.0,23320.0,9996577.88,11388.138,10007230.0,9849593.0
61404,53,17,51.0,112.0,51.0,51.0,51.0,0.0,112.0,112.0,112.0,0.0,531.0,0.0,531.0,531.0,0.0,0.0,0.0,0.0,0.0,0.0,0.0,0.0,0.0,0.0,0,0,0,0,51.0,112.0,0,0,0,0,0,0,0,0,1.0,107.0,51.0,112.0,0,0,0,0,0,0,1,51,1,112,-1,-1,0,32,0.0,0.0,0.0,0.0,0.0,0.0,0.0,0.0
54241,53,17,96.0,180.0,48.0,48.0,48.0,0.0,90.0,90.0,90.0,0.0,64.33,102.196,187.0,3.0,4.0,4.0,0.0,4.0,4.0,3.0,3.0,0.0,3.0,3.0,0,0,0,0,48.0,90.0,0,0,0,0,0,0,0,0,1.0,81.0,48.0,90.0,0,0,0,0,0,0,2,96,2,180,-1,-1,1,20,0.0,0.0,0.0,0.0,0.0,0.0,0.0,0.0
60879,53,17,43.0,91.0,43.0,43.0,43.0,0.0,91.0,91.0,91.0,0.0,50642.0,0.0,50642.0,50642.0,0.0,0.0,0.0,0.0,0.0,0.0,0.0,0.0,0.0,0.0,0,0,0,0,43.0,91.0,0,0,0,0,0,0,0,0,1.0,88.5,43.0,91.0,0,0,0,0,0,0,1,43,1,91,-1,-1,0,20,0.0,0.0,0.0,0.0,0.0,0.0,0.0,0.0
443,34517,6,0.0,0.0,0.0,0.0,0.0,0.0,0.0,0.0,0.0,0.0,71.0,0.0,71.0,71.0,0.0,0.0,0.0,0.0,0.0,0.0,0.0,0.0,0.0,0.0,0,0,0,0,0.0,0.0,0,0,0,0,1,1,0,0,1.0,0.0,0.0,0.0,0,0,0,0,0,0,1,0,1,0,124,226,0,32,0.0,0.0,0.0,0.0,0.0,0.0,0.0,0.0
80,51798,6,0.0,0.0,0.0,0.0,0.0,0.0,0.0,0.0,0.0,0.0,53.0,0.0,53.0,53.0,0.0,0.0,0.0,0.0,0.0,0.0,0.0,0.0,0.0,0.0,0,0,0,0,0.0,0.0,0,0,0,0,1,1,0,0,1.0,0.0,0.0,0.0,0,0,0,0,0,0,1,0,1,0,1086,33304,0,32,0.0,0.0,0.0,0.0,0.0,0.0,0.0,0.0
443,49363,6,31.0,0.0,31.0,0.0,15.5,21.9203,0.0,0.0,0.0,0.0,3.0,0.0,3.0,3.0,3.0,3.0,0.0,3.0,3.0,0.0,0.0,0.0,0.0,0.0,1,0,0,0,0.0,31.0,0,1,0,0,1,0,0,0,0.0,31.0,15.5,0.0,0,0,0,0,0,0,2,31,0,0,63,-1,0,32,0.0,0.0,0.0,0.0,0.0,0.0,0.0,0.0
6256,53,17,68.0,690.0,34.0,34.0,34.0,0.0,345.0,345.0,345.0,0.0,10572.33,18266.272,31761.0,3.0,3.0,3.0,0.0,3.0,3.0,4.0,4.0,0.0,4.0,4.0,0,0,0,0,34.0,345.0,0,0,0,0,0,0,0,0,1.0,198.0,34.0,345.0,0,0,0,0,0,0,2,68,2,690,-1,-1,1,32,0.0,0.0,0.0,0.0,0.0,0.0,0.0,0.0
49904,53,17,70.0,166.0,35.0,35.0,35.0,0.0,83.0,83.0,83.0,0.0,58.66,97.889,170.0,3.0,3.0,3.0,0.0,3.0,3.0,3.0,3.0,0.0,3.0,3.0,0,0,0,0,35.0,83.0,0,0,0,0,0,0,0,0,1.0,67.75,35.0,83.0,0,0,0,0,0,0,2,70,2,166,-1,-1,1,32,0.0,0.0,0.0,0.0,0.0,0.0,0.0,0.0
61525,53,17,86.0,246.0,43.0,43.0,43.0,0.0,123.0,123.0,123.0,0.0,8115.33,14063.973,24146.0,3.0,48.0,48.0,0.0,48.0,48.0,3.0,3.0,0.0,3.0,3.0,0,0,0,0,43.0,123.0,0,0,0,0,0,0,0,0,1.0,93.75,43.0,123.0,0,0,0,0,0,0,2,86,2,246,-1,-1,1,32,0.0,0.0,0.0,0.0,0.0,0.0,0.0,0.0
62112,443,6,635.0,157.0,517.0,0.0,90.7143,190.7072,157.0,0.0,39.25,78.5,505814.5,1559846.485,4947865.0,3.0,5059488.0,844620.33,2031437.038,4902457.0,3.0,96839.0,31616.33,50376.461,64353.0,3.0,0,0,0,0,0.0,517.0,0,0,0,1,0,0,0,0,0.0,72.0,90.7143,39.25,0,0,0,0,0,0,7,635,4,157,29200,118,3,32,0.0,0.0,0.0,0.0,0.0,0.0,0.0,0.0
59313,443,6,2347.0,3829.0,1748.0,0.0,225.3333,519.6763,1793.0,0.0,539.5714,770.2308,26769.0,49809.824,153336.0,3.0,412990.0,43187.0,60803.571,136323.0,3.0,359208.0,58056.66,68081.221,153248.0,181.0,0,0,0,0,0.0,1798.0,0,0,0,1,0,0,0,0,0.0,393.05,225.3333,539.5714,0,0,0,0,0,0,12,2347,7,3829,65535,66,6,32,0.0,0.0,0.0,0.0,0.0,0.0,0.0,0.0
53945,443,6,1174.0,2137.0,517.0,0.0,163.8571,239.9818,1121.0,0.0,307.6667,508.1732,144049.09,463356.241,1751966.0,3.0,1172960.0,228757.33,452701.903,1751966.0,356.0,172427.0,31689.4,30167.012,81915.0,3.0,0,0,0,0,0.0,1121.0,0,0,0,1,0,0,0,0,1.0,231.8125,163.8571,307.6667,0,0,0,0,0,0,7,1174,6,2137,8192,980,6,20,0.0,0.0,0.0,0.0,0.0,0.0,0.0,0.0
56210,88,6,3216.0,1724.0,1613.0,0.0,358.4444,681.2661,582.0,0.0,141.1429,212.4118,88.13,258.387,556.0,1.0,8245.0,781.37,90.12,32.0,1.0,7731.0,1879.16,654.217,7717.0,1.0,0,0,0,0,0.0,1613.0,0,0,0,1,0,0,0,0,0.0,250.5945,358.4444,141.1429,0,0,0,0,0,0,9,3216,7,1724,29200,2081,2,32,0.0,0.0,0.0,0.0,0.0,0.0,0.0,0.0
54226,53,17,88.0,188.0,44.0,44.0,44.0,0.0,94.0,94.0,94.0,0.0,54.66,50.725,113.0,3.0,3.0,3.0,0.0,3.0,3.0,48.0,48.0,0.0,48.0,48.0,0,0,0,0,44.0,94.0,0,0,0,0,0,0,0,0,1.0,80.0,44.0,94.0,0,0,0,0,0,0,2,88,2,188,-1,-1,1,20,0.0,0.0,0.0,0.0,0.0,0.0,0.0,0.0
80,58613,6,6.0,6.0,6.0,6.0,6.0,0.0,6.0,6.0,6.0,0.0,77.0,0.0,77.0,77.0,0.0,0.0,0.0,0.0,0.0,0.0,0.0,0.0,0.0,0.0,0,0,0,0,6.0,6.0,0,0,0,0,1,1,0,0,1.0,9.0,6.0,6.0,0,0,0,0,0,0,1,6,1,6,119,256,0,20,0.0,0.0,0.0,0.0,0.0,0.0,0.0,0.0
55460,443,6,720.0,1295.0,469.0,0.0,72.0,147.7084,1157.0,0.0,259.0,505.5413,20856.57,36304.583,86313.0,3.0,310372.0,32022.66,53622.668,93032.0,3.0,211682.0,57325.5,48558.274,103716.0,390.0,0,0,0,0,0.0,1157.0,0,0,0,1,0,0,0,0,0.0,134.3333,72.0,259.0,0,0,0,0,0,0,10,720,5,1295,65535,114,5,32,0.0,0.0,0.0,0.0,0.0,0.0,0.0,0.0
59501,53,17,60.0,264.0,30.0,30.0,30.0,0.0,132.0,132.0,132.0,0.0,57.66,99.889,177.0,3.0,3.0,3.0,0.0,3.0,3.0,3.0,3.0,0.0,3.0,3.0,0,0,0,0,30.0,132.0,0,0,0,0,0,0,0,0,1.0,88.5,30.0,132.0,0,0,0,0,0,0,2,60,2,264,-1,-1,1,20,0.0,0.0,0.0,0.0,0.0,0.0,0.0,0.0
55742,53,17,72.0,262.0,36.0,36.0,36.0,0.0,131.0,131.0,131.0,0.0,8234.66,14194.724,24699.0,3.0,3.0,3.0,0.0,3.0,3.0,47.0,47.0,0.0,47.0,47.0,0,0,0,0,36.0,131.0,0,0,0,0,0,0,0,0,1.0,92.5,36.0,131.0,0,0,0,0,0,0,2,72,2,262,-1,-1,1,32,0.0,0.0,0.0,0.0,0.0,0.0,0.0,0.0
59321,443,6,1780.0,5981.0,378.0,0.0,78.7273,99.9656,1430.0,0.0,294.0667,378.1472,2817744.82,11838558.669,58028680.0,1.0,118410424.0,5905348.74,17054481.268,58028680.0,45.0,118475661.0,5887755.75,18933073.041,58115689.0,1.0,0,0,0,0,0.0,1430.0,0,0,0,1,0,0,0,0,1.0,183.5024,78.7273,294.0667,0,0,0,0,0,0,22,1780,44,5981,8192,360,21,20,853695.0,2315622.332,1313739.0,77890.0,58145276.5,152659.365,58028688.0,58737877.0
52859,443,6,1732.0,11378.0,1192.0,0.0,271.0,401.0539,1460.0,2.0,1065.0,604.7398,8424.82,10744.191,27197.0,18.0,51210.0,15354.0,10861.416,27569.0,174.0,43243.0,5407.37,15685.505,29977.0,48.0,0,0,0,0,0.0,1490.0,0,0,0,1,0,0,0,0,1.0,292.7111,271.0,1065.0,0,0,0,0,0,0,6,1732,13,11378,8192,64240,5,20,0.0,0.0,0.0,0.0,0.0,0.0,0.0,0.0
61774,443,6,1433.0,7385.0,773.0,0.0,110.3571,222.7834,1460.0,0.0,697.0435,662.4252,13592.24,23228.244,90352.0,1.0,393596.0,29937.63,26456.951,90354.0,3.0,237553.0,27815.1,34636.237,120991.0,1.0,0,0,0,0,0.0,1460.0,0,0,0,1,0,0,0,0,0.0,383.7539,110.3571,697.0435,0,0,0,0,0,0,14,1433,11,7385,8192,31,13,20,0.0,0.0,0.0,0.0,0.0,0.0,0.0,0.0
59514,80,6,0.0,0.0,0.0,0.0,0.0,0.0,0.0,0.0,0.0,0.0,64224868.4,4945669.36,10001210.0,36589.0,34923584.0,14488898.0,2012705.044,10034456.0,4526390.0,30266496.0,10047948.5,519.983,10038080.0,10036996.0,0,0,0,0,0.0,0.0,0,0,0,0,1,0,0,0,0.0,0.0,0.0,0.0,0,0,0,0,0,0,7,0,3,0,260,514,0,32,23257.0,0.0,23257.0,23257.0,10001293.0,0.0,10001213.0,10001293.0
50508,443,6,37.0,0.0,37.0,0.0,9.25,18.5,0.0,0.0,0.0,0.0,14974425.66,25006409.901,32915638.0,10.0,32914876.0,33974692.0,31377903.099,32915638.0,10.0,0.0,0.0,0.0,0.0,0.0,0,0,0,0,0.0,37.0,0,0,0,0,1,1,0,0,0.0,9.25,9.25,0.0,0,0,0,0,0,0,4,37,0,0,32132,-1,1,32,7.0,0.0,7.0,7.0,32915657.0,0.0,32915657.0,32915657.0
45713,443,6,2110.0,73538.0,467.0,0.0,23.5628,101.9306,2920.0,0.0,1118.5714,628.4701,1191778.89,3117845.538,10012027.0,4.0,117288856.0,2736588.8,4232930.824,10047910.0,4.0,112623571.0,1823375.53,3692458.078,10044331.0,48.0,0,0,0,0,0.0,2920.0,0,0,0,1,0,0,0,0,1.0,614.469,23.5628,1118.5714,0,0,0,0,0,0,56,2110,53,73538,29200,1088,55,20,102017.72,307484.48,1452786.0,23884.0,10013412.27,8741.9,10012022.0,10003838.0
56690,80,6,12.0,0.0,6.0,6.0,6.0,0.0,0.0,0.0,0.0,0.0,61216.0,0.0,61216.0,61216.0,61216.0,61216.0,0.0,61216.0,61216.0,0.0,0.0,0.0,0.0,0.0,0,0,0,0,6.0,6.0,0,0,0,0,1,0,0,0,0.0,9.0,6.0,0.0,0,0,0,0,0,0,2,12,0,0,64240,-1,1,20,0.0,0.0,0.0,0.0,0.0,0.0,0.0,0.0
54227,80,6,0.0,0.0,0.0,0.0,0.0,0.0,0.0,0.0,0.0,0.0,1147287.33,1752015.799,3389094.0,55.0,3355861.0,1771620.66,1850574.722,3389094.0,217713.0,0.0,0.0,0.0,0.0,0.0,0,0,0,0,0.0,0.0,0,0,0,1,0,0,0,0,0.0,0.0,0.0,0.0,0,0,0,0,0,0,4,0,1,0,29200,28960,0,32,0.0,0.0,0.0,0.0,0.0,0.0,0.0,0.0
443,59097,6,37.0,0.0,37.0,0.0,18.5,26.163,0.0,0.0,0.0,0.0,3.0,0.0,3.0,3.0,3.0,3.0,0.0,3.0,3.0,0.0,0.0,0.0,0.0,0.0,1,0,0,0,0.0,37.0,0,1,0,0,1,0,0,0,0.0,37.0,18.5,0.0,0,0,0,0,0,0,2,37,0,0,972,-1,0,32,0.0,0.0,0.0,0.0,0.0,0.0,0.0,0.0
63920,443,6,3000.0,2796.0,693.0,0.0,260.0,304.4577,669.0,0.0,263.3846,355.0278,367099.11,1429137.224,6959749.0,1.0,1402307.0,183351.77,156878.485,769844.0,1.0,6300115.0,945047.6,1873661.455,6999248.0,1.0,0,0,0,0,0.0,669.0,0,0,0,1,0,0,0,0,0.0,315.95,260.0,263.3846,0,0,0,0,0,0,13,3000,9,2796,8192,192,12,20,0.0,0.0,0.0,0.0,0.0,0.0,0.0,0.0
65175,80,6,12.0,0.0,6.0,0.0,4.0,3.4641,0.0,0.0,0.0,0.0,1896906.33,3162132.201,5474264.0,108.0,5479719.0,2799859.5,3860520.158,5474264.0,14893.0,0.0,0.0,0.0,0.0,0.0,0,0,0,0,0.0,6.0,0,0,0,1,0,0,0,0,0.0,3.0,4.0,0.0,0,0,0,0,0,0,3,12,1,0,8192,29200,2,20,0.0,0.0,0.0,0.0,0.0,0.0,0.0,0.0
59912,443,6,37.0,0.0,37.0,0.0,7.4,16.5469,0.0,0.0,0.0,0.0,1651.25,6867.843,5193.0,1.0,5250.0,1517.5,3107.493,5193.0,1.0,0.0,0.0,0.0,0.0,0.0,0,0,0,0,0.0,37.0,0,0,0,0,1,0,0,0,0.0,7.4,7.4,0.0,0,0,0,0,0,0,5,37,0,0,33213,-1,1,32,0.0,0.0,0.0,0.0,0.0,0.0,0.0,0.0
41928,80,6,6.0,6.0,6.0,6.0,6.0,0.0,6.0,6.0,6.0,0.0,15135.0,0.0,15135.0,15135.0,0.0,0.0,0.0,0.0,0.0,0.0,0.0,0.0,0.0,0.0,0,0,0,0,6.0,6.0,0,0,0,0,1,1,0,0,1.0,9.0,6.0,6.0,0,0,0,0,0,0,1,6,1,6,2770,40958,0,20,0.0,0.0,0.0,0.0,0.0,0.0,0.0,0.0
52978,443,6,990.0,29446.0,517.0,0.0,59.3023,139.4701,4344.0,0.0,1837.8462,1145.6671,389.34,720.975,4164.0,2.0,4906.0,871.42,775.135,4191.0,4.0,4091.0,234.08,7467.832,2845.0,2.0,0,0,0,0,0.0,4344.0,0,0,0,1,0,0,0,0,1.0,1002.6132,59.3023,1837.8462,0,0,0,0,0,0,19,990,19,29446,65535,243,6,32,0.0,0.0,0.0,0.0,0.0,0.0,0.0,0.0
55125,80,6,12.0,0.0,6.0,6.0,6.0,0.0,0.0,0.0,0.0,0.0,162.0,0.0,162.0,162.0,162.0,162.0,0.0,162.0,162.0,0.0,0.0,0.0,0.0,0.0,0,0,0,0,6.0,6.0,0,0,0,0,1,0,0,0,0.0,9.0,6.0,0.0,0,0,0,0,0,0,2,12,0,0,256,-1,1,20,0.0,0.0,0.0,0.0,0.0,0.0,0.0,0.0
14639,53,17,66.0,122.0,33.0,33.0,33.0,0.0,61.0,61.0,61.0,0.0,56.66,96.881,162.0,2.0,2.0,2.0,0.0,2.0,2.0,3.0,3.0,0.0,3.0,3.0,0,0,0,0,33.0,61.0,0,0,0,0,0,0,0,0,1.0,55.25,33.0,61.0,0,0,0,0,0,0,2,66,2,122,-1,-1,1,32,0.0,0.0,0.0,0.0,0.0,0.0,0.0,0.0
62646,443,6,1189.0,4569.0,593.0,0.0,117.2667,186.3212,1460.0,0.0,540.1111,683.0362,4060088.22,15122411.628,58863588.0,31.0,117642019.0,9020407.78,21799796.0,58863588.0,34.0,117516106.0,9281613.81,22837713.897,59006896.0,49.0,0,0,0,0,0.0,1460.0,0,0,0,1,0,0,0,0,1.0,346.6385,117.2667,540.1111,0,0,0,0,0,0,15,1189,13,4569,8192,500,14,20,144934.5,86280.658,239132.0,79797.0,58627522.5,214822.196,58863583.0,58292017.0
63797,53,17,78.0,110.0,39.0,39.0,39.0,0.0,55.0,55.0,55.0,0.0,49.0,79.674,141.0,3.0,3.0,3.0,0.0,3.0,3.0,3.0,3.0,0.0,3.0,3.0,0,0,0,0,39.0,55.0,0,0,0,0,0,0,0,0,1.0,56.75,39.0,55.0,0,0,0,0,0,0,2,78,2,110,-1,-1,1,20,0.0,0.0,0.0,0.0,0.0,0.0,0.0,0.0
1327,443,6,549.0,4797.0,202.0,0.0,48.0714,69.2056,2820.0,0.0,518.0226,1057.8539,12868.86,19570.017,62841.0,4.0,399287.0,21644.61,20900.89,62420.0,4.0,131207.0,17853.0,26089.651,72154.0,4.0,0,0,0,0,0.0,2820.0,0,0,0,1,0,0,0,0,0.0,243.471,48.0714,518.0226,0,0,0,0,0,0,14,549,9,4797,8192,980,13,20,0.0,0.0,0.0,0.0,0.0,0.0,0.0,0.0
61688,53,17,52.0,193.0,52.0,52.0,52.0,0.0,193.0,193.0,193.0,0.0,132346.0,0.0,132346.0,132346.0,0.0,0.0,0.0,0.0,0.0,0.0,0.0,0.0,0.0,0.0,0,0,0,0,52.0,193.0,0,0,0,0,0,0,0,0,1.0,158.5,52.0,193.0,0,0,0,0,0,0,1,52,1,193,-1,-1,0,32,0.0,0.0,0.0,0.0,0.0,0.0,0.0,0.0
55055,443,6,24.0,37.0,6.0,6.0,6.0,0.0,37.0,0.0,18.5,26.163,64009.25,122057.184,247973.0,1.0,127.0,75.33,165.009,161.0,1.0,208770.0,208770.0,0.0,208770.0,208770.0,0,0,0,0,0.0,37.0,1,0,0,0,0,0,0,0,0.0,13.2,6.0,18.5,0,0,0,0,0,0,4,24,2,37,0,66,3,20,0.0,0.0,0.0,0.0,0.0,0.0,0.0,0.0
61059,53,17,60.0,76.0,60.0,60.0,60.0,0.0,76.0,76.0,76.0,0.0,447.0,0.0,447.0,447.0,0.0,0.0,0.0,0.0,0.0,0.0,0.0,0.0,0.0,0.0,0,0,0,0,60.0,76.0,0,0,0,0,0,0,0,0,1.0,98.0,60.0,76.0,0,0,0,0,0,0,1,60,1,76,-1,-1,0,32,0.0,0.0,0.0,0.0,0.0,0.0,0.0,0.0
53646,443,6,12.0,0.0,6.0,6.0,6.0,0.0,0.0,0.0,0.0,0.0,158.0,0.0,158.0,158.0,158.0,158.0,0.0,158.0,158.0,0.0,0.0,0.0,0.0,0.0,0,0,0,0,6.0,6.0,0,0,0,0,1,0,0,0,0.0,9.0,6.0,0.0,0,0,0,0,0,0,2,12,0,0,253,-1,1,20,0.0,0.0,0.0,0.0,0.0,0.0,0.0,0.0
61547,53,17,61.0,169.0,61.0,61.0,61.0,0.0,169.0,169.0,169.0,0.0,83485.0,0.0,83485.0,83485.0,0.0,0.0,0.0,0.0,0.0,0.0,0.0,0.0,0.0,0.0,0,0,0,0,61.0,169.0,0,0,0,0,0,0,0,0,1.0,145.5,61.0,169.0,0,0,0,0,0,0,1,61,1,169,-1,-1,0,40,0.0,0.0,0.0,0.0,0.0,0.0,0.0,0.0
52309,443,6,7211.0,18489.0,1901.0,0.0,291.875,605.7602,1430.0,0.0,761.4739,506.4234,1953252.68,3946490.638,10004025.0,1.0,110298476.0,4601824.76,4950886.382,10035624.0,153.0,110951824.0,3938535.76,4960984.458,10038338.0,1.0,0,0,0,0,0.0,1901.0,0,0,0,1,0,0,0,0,1.0,598.6506,291.875,761.4739,0,0,0,0,0,0,30,7211,38,18489,8192,196,29,20,49961.63,69584.508,275912.0,34927.0,9970795.66,4246.254,10004025.0,9995196.0
2841,443,6,12.0,0.0,6.0,6.0,6.0,0.0,0.0,0.0,0.0,0.0,118.0,0.0,118.0,118.0,118.0,118.0,0.0,118.0,118.0,0.0,0.0,0.0,0.0,0.0,0,0,0,0,6.0,6.0,0,0,0,0,1,0,0,0,0.0,9.0,6.0,0.0,0,0,0,0,0,0,2,12,0,0,16286,-1,1,20,0.0,0.0,0.0,0.0,0.0,0.0,0.0,0.0
52034,443,6,904.0,21479.0,389.0,0.0,47.0,117.7806,3791.0,0.0,1485.3571,1147.0758,10566.88,39102.097,108378.0,4.0,414515.0,22519.57,45957.635,103399.0,4.0,389064.0,15717.3,41745.654,157851.0,49.0,0,0,0,0,0.0,3791.0,0,0,0,1,0,0,0,0,0.0,783.8521,47.0,1485.3571,0,0,0,0,0,0,18,904,14,21479,65535,63,6,32,0.0,0.0,0.0,0.0,0.0,0.0,0.0,0.0
18893,53,17,68.0,100.0,34.0,34.0,34.0,0.0,50.0,50.0,50.0,0.0,101.66,179.41,309.0,1.0,1.0,1.0,0.0,1.0,1.0,1.0,1.0,0.0,1.0,1.0,0,0,0,0,34.0,50.0,0,0,0,0,0,0,0,0,1.0,50.5,34.0,50.0,0,0,0,0,0,0,2,68,2,100,-1,-1,1,20,0.0,0.0,0.0,0.0,0.0,0.0,0.0,0.0
60534,443,6,1228.0,4849.0,517.0,0.0,118.6667,186.6517,1486.0,0.0,475.675,608.2091,147994.27,513332.878,2962382.0,1.0,3246872.0,238328.25,357536.651,2962366.0,178.0,220628.0,32203.14,36735.105,75386.0,1.0,0,0,0,0,0.0,1486.0,0,0,0,1,0,0,0,0,0.0,304.6471,118.6667,475.675,0,0,0,0,0,0,12,1228,8,4849,8192,252,11,20,0.0,0.0,0.0,0.0,0.0,0.0,0.0,0.0
58293,53,17,84.0,284.0,42.0,42.0,42.0,0.0,142.0,142.0,142.0,0.0,51.66,81.111,149.0,3.0,3.0,3.0,0.0,3.0,3.0,3.0,3.0,0.0,3.0,3.0,0,0,0,0,42.0,142.0,0,0,0,0,0,0,0,0,1.0,102.5,42.0,142.0,0,0,0,0,0,0,2,84,2,284,-1,-1,1,20,0.0,0.0,0.0,0.0,0.0,0.0,0.0,0.0
443,3344,6,43.0,6.0,31.0,6.0,14.3333,14.4338,6.0,6.0,6.0,0.0,15.0,16.354,31.0,1.0,1.0,0.5,1.414,1.0,1.0,0.0,0.0,0.0,0.0,0.0,0,0,0,0,6.0,31.0,0,0,0,0,1,0,0,0,0.0,13.75,14.3333,6.0,0,0,0,0,0,0,3,43,1,6,980,0,2,20,0.0,0.0,0.0,0.0,0.0,0.0,0.0,0.0
57757,80,6,350.0,1788.0,330.0,0.0,70.0,140.6242,1778.0,0.0,694.0,1029.0,29770.28,66732.496,100739.0,87.0,230656.0,52212.66,70118.912,100735.0,167.0,112724.0,52528.0,67530.692,100127.0,1681.0,0,0,0,0,0.0,1778.0,0,0,0,1,0,0,0,0,0.0,272.8,70.0,694.0,0,0,0,0,0,0,4,350,4,1788,65535,910,3,20,0.0,0.0,0.0,0.0,0.0,0.0,0.0,0.0
443,63301,6,0.0,18.0,0.0,0.0,0.0,0.0,6.0,6.0,6.0,0.0,43200.66,86604.307,172421.0,1.0,172501.0,172501.0,0.0,172501.0,172501.0,4.0,2.0,1.414,3.0,1.0,0,0,0,0,0.0,6.0,0,0,0,0,1,0,0,0,1.0,3.6,0.0,6.0,0,0,0,0,0,0,2,0,3,18,114,0,0,32,0.0,0.0,0.0,0.0,0.0,0.0,0.0,0.0
52704,53,17,124.0,178.0,31.0,31.0,31.0,0.0,89.0,89.0,89.0,0.0,18261.0,27794.244,69118.0,3.0,31184.0,10324.0,17413.737,31188.0,3.0,3.0,3.0,0.0,3.0,3.0,0,0,0,0,31.0,89.0,0,0,0,0,0,0,0,0,0.0,58.5,31.0,89.0,0,0,0,0,0,0,4,124,2,178,-1,-1,3,20,0.0,0.0,0.0,0.0,0.0,0.0,0.0,0.0
40938,88,6,0.0,12.0,0.0,0.0,0.0,0.0,6.0,0.0,3.0,3.4641,24.55,34.041,76.0,1.0,0.0,0.0,0.0,0.0,0.0,76.0,26.33,43.913,78.0,1.0,0,0,0,0,0.0,6.0,0,0,0,0,1,1,0,0,4.0,2.4,0.0,3.0,0,0,0,0,0,0,1,0,4,12,254,0,0,32,0.0,0.0,0.0,0.0,0.0,0.0,0.0,0.0
63335,443,6,12.0,0.0,6.0,6.0,6.0,0.0,0.0,0.0,0.0,0.0,48.0,0.0,48.0,48.0,48.0,48.0,0.0,48.0,48.0,0.0,0.0,0.0,0.0,0.0,0,0,0,0,6.0,6.0,1,0,0,0,0,0,0,0,0.0,9.0,6.0,0.0,0,0,0,0,0,0,2,12,0,0,0,-1,1,20,0.0,0.0,0.0,0.0,0.0,0.0,0.0,0.0
52350,53,17,68.0,384.0,34.0,34.0,34.0,0.0,192.0,192.0,192.0,0.0,70.33,37.956,114.0,47.0,40.0,40.0,0.0,40.0,40.0,48.0,48.0,0.0,48.0,48.0,0,0,0,0,34.0,192.0,0,0,0,0,0,0,0,0,1.0,121.5,34.0,192.0,0,0,0,0,0,0,2,68,2,384,-1,-1,1,32,0.0,0.0,0.0,0.0,0.0,0.0,0.0,0.0
53834,80,6,12.0,0.0,6.0,6.0,6.0,0.0,0.0,0.0,0.0,0.0,125925.0,0.0,125925.0,125925.0,125925.0,125925.0,0.0,125925.0,125925.0,0.0,0.0,0.0,0.0,0.0,0,0,0,0,6.0,6.0,0,0,0,0,1,0,0,0,0.0,9.0,6.0,0.0,0,0,0,0,0,0,2,12,0,0,256,-1,1,20,0.0,0.0,0.0,0.0,0.0,0.0,0.0,0.0
55341,53,17,64.0,96.0,32.0,32.0,32.0,0.0,48.0,48.0,48.0,0.0,48.0,73.778,137.0,4.0,4.0,4.0,0.0,4.0,4.0,4.0,4.0,0.0,4.0,4.0,0,0,0,0,32.0,48.0,0,0,0,0,0,0,0,0,1.0,48.0,32.0,48.0,0,0,0,0,0,0,2,64,2,96,-1,-1,1,32,0.0,0.0,0.0,0.0,0.0,0.0,0.0,0.0
61378,53,17,101.0,153.0,101.0,101.0,101.0,0.0,153.0,153.0,153.0,0.0,128167.0,0.0,128167.0,128167.0,0.0,0.0,0.0,0.0,0.0,0.0,0.0,0.0,0.0,0.0,0,0,0,0,101.0,153.0,0,0,0,0,0,0,0,0,1.0,187.5,101.0,153.0,0,0,0,0,0,0,1,101,1,153,-1,-1,0,20,0.0,0.0,0.0,0.0,0.0,0.0,0.0,0.0
58942,443,6,382.0,3135.0,191.0,0.0,42.5,73.2155,1613.0,2.0,628.75,826.9209,413584.7,1475818.393,5303865.0,3.0,5642165.0,880569.11,1996806.072,5303865.0,3.0,107333.0,21136.66,28539.29,50675.0,249.0,0,0,0,0,0.0,1613.0,0,0,0,1,0,0,0,0,0.0,266.5333,42.5,628.75,0,0,0,0,0,0,8,382,4,3135,8192,30016,7,20,279889.0,0.0,279889.0,279889.0,5303861.0,0.0,5303861.0,5303861.0
50455,53,17,80.0,336.0,40.0,40.0,40.0,0.0,168.0,168.0,168.0,0.0,89.0,116.659,215.0,1.0,1.0,1.0,0.0,1.0,1.0,47.0,47.0,0.0,47.0,47.0,0,0,0,0,40.0,168.0,0,0,0,0,0,0,0,0,1.0,114.0,40.0,168.0,0,0,0,0,0,0,2,80,2,336,-1,-1,1,20,0.0,0.0,0.0,0.0,0.0,0.0,0.0,0.0
57312,53,17,68.0,380.0,34.0,34.0,34.0,0.0,190.0,190.0,190.0,0.0,62.33,103.213,181.0,3.0,3.0,3.0,0.0,3.0,3.0,4.0,4.0,0.0,4.0,4.0,0,0,0,0,34.0,190.0,0,0,0,0,0,0,0,0,1.0,120.5,34.0,190.0,0,0,0,0,0,0,2,68,2,380,-1,-1,1,32,0.0,0.0,0.0,0.0,0.0,0.0,0.0,0.0
443,55589,6,6.0,6.0,6.0,6.0,6.0,0.0,6.0,6.0,6.0,0.0,73.0,0.0,73.0,73.0,0.0,0.0,0.0,0.0,0.0,0.0,0.0,0.0,0.0,0.0,0,0,0,0,6.0,6.0,0,0,0,0,1,1,0,0,1.0,9.0,6.0,6.0,0,0,0,0,0,0,1,6,1,6,8192,255,0,20,0.0,0.0,0.0,0.0,0.0,0.0,0.0,0.0
41801,53,17,140.0,212.0,35.0,35.0,35.0,0.0,106.0,106.0,106.0,0.0,62032.57,116740.74,200536.0,3.0,30706.0,10268.0,17702.594,30752.0,3.0,3.0,3.0,0.0,3.0,3.0,0,0,0,0,35.0,106.0,0,0,0,0,0,0,0,0,0.0,61.5,35.0,106.0,0,0,0,0,0,0,4,140,2,212,-1,-1,3,20,0.0,0.0,0.0,0.0,0.0,0.0,0.0,0.0
28738,53,17,80.0,112.0,40.0,40.0,40.0,0.0,56.0,56.0,56.0,0.0,65.0,111.223,198.0,3.0,4.0,4.0,0.0,4.0,4.0,3.0,3.0,0.0,3.0,3.0,0,0,0,0,40.0,56.0,0,0,0,0,0,0,0,0,1.0,58.0,40.0,56.0,0,0,0,0,0,0,2,80,2,112,-1,-1,1,32,0.0,0.0,0.0,0.0,0.0,0.0,0.0,0.0
53848,443,6,3445.0,51562.0,772.0,0.0,139.38,248.7981,3187.0,0.0,998.1563,866.2519,815020.14,2763797.436,10015228.0,3.0,92220493.0,1837951.35,3967089.872,10017926.0,183.0,92226847.0,1414775.54,3976371.848,10080366.0,49.0,0,0,0,0,0.0,3187.0,0,0,0,1,0,0,0,0,1.0,645.2211,139.38,998.1563,0,0,0,0,0,0,25,3445,49,51562,29200,306,8,32,465101.0,611917.877,1309079.0,141839.0,9800748.71,136512.731,10015224.0,9798668.0
60533,53,17,48.0,112.0,48.0,48.0,48.0,0.0,112.0,112.0,112.0,0.0,32889.0,0.0,32889.0,32889.0,0.0,0.0,0.0,0.0,0.0,0.0,0.0,0.0,0.0,0.0,0,0,0,0,48.0,112.0,0,0,0,0,0,0,0,0,1.0,104.0,48.0,112.0,0,0,0,0,0,0,1,48,1,112,-1,-1,0,32,0.0,0.0,0.0,0.0,0.0,0.0,0.0,0.0
443,50957,6,12.0,0.0,6.0,6.0,6.0,0.0,0.0,0.0,0.0,0.0,375.0,0.0,375.0,375.0,375.0,375.0,0.0,375.0,375.0,0.0,0.0,0.0,0.0,0.0,0,0,0,0,6.0,6.0,0,0,0,0,1,0,0,0,0.0,9.0,6.0,0.0,0,0,0,0,0,0,2,12,0,0,427,-1,1,20,0.0,0.0,0.0,0.0,0.0,0.0,0.0,0.0
443,63369,6,37.0,0.0,37.0,0.0,18.5,26.163,0.0,0.0,0.0,0.0,3.0,0.0,3.0,3.0,3.0,3.0,0.0,3.0,3.0,0.0,0.0,0.0,0.0,0.0,1,0,0,0,0.0,37.0,0,1,0,0,1,0,0,0,0.0,37.0,18.5,0.0,0,0,0,0,0,0,2,37,0,0,114,-1,0,32,0.0,0.0,0.0,0.0,0.0,0.0,0.0,0.0
80,64500,6,6.0,6.0,6.0,6.0,6.0,0.0,6.0,6.0,6.0,0.0,48.0,0.0,48.0,48.0,0.0,0.0,0.0,0.0,0.0,0.0,0.0,0.0,0.0,0.0,0,0,0,0,6.0,6.0,0,0,0,0,1,1,0,0,1.0,9.0,6.0,6.0,0,0,0,0,0,0,1,6,1,6,913,256,0,20,0.0,0.0,0.0,0.0,0.0,0.0,0.0,0.0
80,56494,6,6.0,6.0,6.0,6.0,6.0,0.0,6.0,6.0,6.0,0.0,39.0,0.0,39.0,39.0,0.0,0.0,0.0,0.0,0.0,0.0,0.0,0.0,0.0,0.0,0,0,0,0,6.0,6.0,0,0,0,0,1,1,0,0,1.0,9.0,6.0,6.0,0,0,0,0,0,0,1,6,1,6,913,16425,0,20,0.0,0.0,0.0,0.0,0.0,0.0,0.0,0.0
55618,443,6,12.0,0.0,6.0,6.0,6.0,0.0,0.0,0.0,0.0,0.0,3.0,0.0,3.0,3.0,3.0,3.0,0.0,3.0,3.0,0.0,0.0,0.0,0.0,0.0,0,0,0,0,6.0,6.0,1,0,0,0,0,0,0,0,0.0,9.0,6.0,0.0,0,0,0,0,0,0,2,12,0,0,0,-1,1,20,0.0,0.0,0.0,0.0,0.0,0.0,0.0,0.0
443,56589,6,37.0,0.0,31.0,6.0,18.5,17.6777,0.0,0.0,0.0,0.0,3.0,0.0,3.0,3.0,3.0,3.0,0.0,3.0,3.0,0.0,0.0,0.0,0.0,0.0,1,0,0,0,6.0,31.0,0,1,0,0,1,0,0,0,0.0,34.0,18.5,0.0,0,0,0,0,0,0,2,37,0,0,146,-1,1,20,0.0,0.0,0.0,0.0,0.0,0.0,0.0,0.0
55124,443,6,12.0,0.0,6.0,6.0,6.0,0.0,0.0,0.0,0.0,0.0,165.0,0.0,165.0,165.0,165.0,165.0,0.0,165.0,165.0,0.0,0.0,0.0,0.0,0.0,0,0,0,0,6.0,6.0,0,0,0,0,1,0,0,0,0.0,9.0,6.0,0.0,0,0,0,0,0,0,2,12,0,0,64240,-1,1,20,0.0,0.0,0.0,0.0,0.0,0.0,0.0,0.0
62404,53,17,99.0,167.0,57.0,43.0,49.5,3.5355,106.0,68.0,83.5,32.0269,25387508.0,40947884.065,76792672.0,30446.0,76848209.0,76848209.0,0.0,76848209.0,76848209.0,76768616.0,76768616.0,0.0,76768616.0,76768616.0,0,0,0,0,43.0,106.0,0,0,0,0,0,0,0,0,1.0,76.5,49.5,83.5,0,0,0,0,0,0,2,99,2,167,-1,-1,1,20,30626.0,0.0,30626.0,30626.0,76792628.0,0.0,76792678.0,76792628.0
443,2333,6,37.0,0.0,31.0,6.0,18.5,17.6777,0.0,0.0,0.0,0.0,3.0,0.0,3.0,3.0,3.0,3.0,0.0,3.0,3.0,0.0,0.0,0.0,0.0,0.0,1,0,0,0,6.0,31.0,0,1,0,0,1,0,0,0,0.0,34.0,18.5,0.0,0,0,0,0,0,0,2,37,0,0,946,-1,1,20,0.0,0.0,0.0,0.0,0.0,0.0,0.0,0.0
48961,5804,17,617.0,0.0,57.0,57.0,57.0,0.0,0.0,0.0,0.0,0.0,1.5,1.414,6.0,1.0,5.0,2.58,1.129,6.0,1.0,0.0,0.0,0.0,0.0,0.0,0,0,0,0,57.0,57.0,0,0,0,0,0,0,0,0,0.0,57.0,57.0,0.0,0,0,0,0,0,0,13,617,0,0,-1,-1,12,32,0.0,0.0,0.0,0.0,0.0,0.0,0.0,0.0
7352,53,17,60.0,264.0,30.0,30.0,30.0,0.0,132.0,132.0,132.0,0.0,7968.33,13769.144,23894.0,3.0,3.0,3.0,0.0,3.0,3.0,48.0,48.0,0.0,48.0,48.0,0,0,0,0,30.0,132.0,0,0,0,0,0,0,0,0,1.0,88.5,30.0,132.0,0,0,0,0,0,0,2,60,2,264,-1,-1,1,20,0.0,0.0,0.0,0.0,0.0,0.0,0.0,0.0
54511,53,17,60.0,158.0,30.0,30.0,30.0,0.0,79.0,79.0,79.0,0.0,80.0,98.534,199.0,1.0,45.0,45.0,0.0,45.0,45.0,1.0,1.0,0.0,1.0,1.0,0,0,0,0,30.0,79.0,0,0,0,0,0,0,0,0,1.0,62.0,30.0,79.0,0,0,0,0,0,0,2,60,2,158,-1,-1,1,20,0.0,0.0,0.0,0.0,0.0,0.0,0.0,0.0
60471,53,17,44.0,175.0,44.0,44.0,44.0,0.0,175.0,175.0,175.0,0.0,33570.0,0.0,33570.0,33570.0,0.0,0.0,0.0,0.0,0.0,0.0,0.0,0.0,0.0,0.0,0,0,0,0,44.0,175.0,0,0,0,0,0,0,0,0,1.0,131.5,44.0,175.0,0,0,0,0,0,0,1,44,1,175,-1,-1,0,32,0.0,0.0,0.0,0.0,0.0,0.0,0.0,0.0
11640,53,17,64.0,158.0,32.0,32.0,32.0,0.0,79.0,79.0,79.0,0.0,52.33,87.572,151.0,1.0,1.0,1.0,0.0,1.0,1.0,1.0,1.0,0.0,1.0,1.0,0,0,0,0,32.0,79.0,0,0,0,0,0,0,0,0,1.0,63.5,32.0,79.0,0,0,0,0,0,0,2,64,2,158,-1,-1,1,32,0.0,0.0,0.0,0.0,0.0,0.0,0.0,0.0
443,52228,6,6.0,6.0,6.0,6.0,6.0,0.0,6.0,6.0,6.0,0.0,44.0,0.0,44.0,44.0,0.0,0.0,0.0,0.0,0.0,0.0,0.0,0.0,0.0,0.0,0,0,0,0,6.0,6.0,0,0,0,0,1,1,0,0,1.0,9.0,6.0,6.0,0,0,0,0,0,0,1,6,1,6,34350,63440,0,20,0.0,0.0,0.0,0.0,0.0,0.0,0.0,0.0
80,34058,6,0.0,0.0,0.0,0.0,0.0,0.0,0.0,0.0,0.0,0.0,57.0,0.0,57.0,57.0,0.0,0.0,0.0,0.0,0.0,0.0,0.0,0.0,0.0,0.0,0,0,0,0,0.0,0.0,0,0,0,0,1,1,0,0,1.0,0.0,0.0,0.0,0,0,0,0,0,0,1,0,1,0,939,244,0,32,0.0,0.0,0.0,0.0,0.0,0.0,0.0,0.0
45962,443,6,972.0,4181.0,422.0,0.0,41.0,107.5722,1418.0,0.0,213.9375,471.0319,2970374.42,4549185.293,10211249.0,4.0,116982071.0,5522553.04,5017152.809,10240068.0,4.0,112670269.0,6641171.0,5100076.848,10244034.0,4.0,0,0,0,0,0.0,1418.0,0,0,0,1,0,0,0,0,0.0,122.7393,41.0,213.9375,0,0,0,0,0,0,24,972,19,4181,29200,358,4,32,40664.27,52298.594,264749.0,36387.0,10193602.54,31410.24,10211247.0,10011283.0
46379,443,6,347.0,3702.0,190.0,0.0,38.3636,67.1545,1448.0,0.0,620.2,675.5507,370952.2,1343505.435,5011123.0,1.0,5475969.0,601195.5,1720517.349,5011123.0,3.0,100668.0,11514.8,27062.942,55434.0,48.0,0,0,0,0,0.0,1448.0,0,0,0,1,0,0,0,0,0.0,271.8038,38.3636,620.2,0,0,0,0,0,0,11,347,6,3702,29200,118,3,32,174362.0,0.0,174362.0,174362.0,5011194.0,0.0,5011124.0,5011194.0
32360,80,6,433.0,2278.0,427.0,0.0,144.3333,244.8149,2266.0,0.0,569.5,1131.0035,11336.0,12474.836,22865.0,5.0,22114.0,11057.0,16775.48,22962.0,2990.0,39453.0,19157.33,14411.467,32342.0,5.0,0,0,0,0,0.0,2266.0,0,0,0,1,0,0,0,0,1.0,387.4286,144.3333,569.5,0,0,0,0,0,0,3,433,4,2278,29200,237,1,32,0.0,0.0,0.0,0.0,0.0,0.0,0.0,0.0
52948,80,6,751.0,173.0,707.0,0.0,72.1,232.7277,173.0,0.0,26.375,36.8699,3204517.84,4701648.21,10029094.0,55.0,60370330.0,6758901.77,4920964.641,10179904.0,359.0,60055674.0,6704439.85,5185030.589,10100219.0,841.0,0,0,0,0,0.0,707.0,0,0,0,1,0,0,0,0,1.0,69.65,72.1,26.375,0,0,0,0,0,0,10,751,14,173,29200,122,1,32,78231.66,36488.205,140996.0,50840.0,10012578.0,15529.909,10029028.0,9999563.0
6439,53,17,64.0,96.0,32.0,32.0,32.0,0.0,48.0,48.0,48.0,0.0,59.33,94.591,172.0,3.0,4.0,4.0,0.0,4.0,4.0,3.0,3.0,0.0,3.0,3.0,0,0,0,0,32.0,48.0,0,0,0,0,0,0,0,0,1.0,48.0,32.0,48.0,0,0,0,0,0,0,2,64,2,96,-1,-1,1,32,0.0,0.0,0.0,0.0,0.0,0.0,0.0,0.0
59420,53,17,86.0,194.0,43.0,43.0,43.0,0.0,97.0,97.0,97.0,0.0,16101.33,28007.923,48192.0,3.0,3.0,3.0,0.0,3.0,3.0,3.0,3.0,0.0,3.0,3.0,0,0,0,0,43.0,97.0,0,0,0,0,0,0,0,0,1.0,80.75,43.0,97.0,0,0,0,0,0,0,2,86,2,194,-1,-1,1,20,0.0,0.0,0.0,0.0,0.0,0.0,0.0,0.0
60288,53,17,54.0,70.0,54.0,54.0,54.0,0.0,70.0,70.0,70.0,0.0,30953.0,0.0,30953.0,30953.0,0.0,0.0,0.0,0.0,0.0,0.0,0.0,0.0,0.0,0.0,0,0,0,0,54.0,70.0,0,0,0,0,0,0,0,0,1.0,89.0,54.0,70.0,0,0,0,0,0,0,1,54,1,70,-1,-1,0,32,0.0,0.0,0.0,0.0,0.0,0.0,0.0,0.0
60393,53,17,44.0,114.0,44.0,44.0,44.0,0.0,114.0,114.0,114.0,0.0,30842.0,0.0,30842.0,30842.0,0.0,0.0,0.0,0.0,0.0,0.0,0.0,0.0,0.0,0.0,0,0,0,0,44.0,114.0,0,0,0,0,0,0,0,0,1.0,101.0,44.0,114.0,0,0,0,0,0,0,1,44,1,114,-1,-1,0,20,0.0,0.0,0.0,0.0,0.0,0.0,0.0,0.0
53728,53,17,78.0,110.0,39.0,39.0,39.0,0.0,55.0,55.0,55.0,0.0,51672.66,87852.714,155967.0,3.0,3.0,3.0,0.0,3.0,3.0,4.0,4.0,0.0,4.0,4.0,0,0,0,0,39.0,55.0,0,0,0,0,0,0,0,0,1.0,56.75,39.0,55.0,0,0,0,0,0,0,2,78,2,110,-1,-1,1,20,0.0,0.0,0.0,0.0,0.0,0.0,0.0,0.0
80,50766,6,6.0,6.0,6.0,6.0,6.0,0.0,6.0,6.0,6.0,0.0,56.0,0.0,56.0,56.0,0.0,0.0,0.0,0.0,0.0,0.0,0.0,0.0,0.0,0.0,0,0,0,0,6.0,6.0,0,0,0,0,1,1,0,0,1.0,9.0,6.0,6.0,0,0,0,0,0,0,1,6,1,6,286,253,0,20,0.0,0.0,0.0,0.0,0.0,0.0,0.0,0.0
63056,53,17,84.0,116.0,42.0,42.0,42.0,0.0,58.0,58.0,58.0,0.0,20449.33,35305.069,61342.0,2.0,48.0,48.0,0.0,48.0,48.0,2.0,2.0,0.0,2.0,2.0,0,0,0,0,42.0,58.0,0,0,0,0,0,0,0,0,1.0,60.5,42.0,58.0,0,0,0,0,0,0,2,84,2,116,-1,-1,1,32,0.0,0.0,0.0,0.0,0.0,0.0,0.0,0.0
52455,443,6,990.0,4210.0,544.0,0.0,59.7313,135.0483,1471.0,0.0,259.4667,525.2137,2331414.33,4236199.149,10000179.0,42.0,61067136.0,4633010.41,5178766.189,10151492.0,142.0,65073065.0,5088834.64,5061243.448,10155640.0,232.0,0,0,0,0,0.0,1471.0,0,0,0,1,0,0,0,0,1.0,157.8232,59.7313,259.4667,0,0,0,0,0,0,15,990,15,4210,8192,9,13,20,104701.33,198410.611,722953.0,108148.0,10000385.83,84508.173,10000172.0,9999906.0
62185,53,17,56.0,122.0,56.0,56.0,56.0,0.0,122.0,122.0,122.0,0.0,157392.0,0.0,157392.0,157392.0,0.0,0.0,0.0,0.0,0.0,0.0,0.0,0.0,0.0,0.0,0,0,0,0,56.0,122.0,0,0,0,0,0,0,0,0,1.0,117.0,56.0,122.0,0,0,0,0,0,0,1,56,1,122,-1,-1,0,32,0.0,0.0,0.0,0.0,0.0,0.0,0.0,0.0
443,52591,6,0.0,0.0,0.0,0.0,0.0,0.0,0.0,0.0,0.0,0.0,54.5,50.005,96.0,3.0,3.0,3.0,0.0,3.0,3.0,0.0,0.0,0.0,0.0,0.0,0,0,0,0,0.0,0.0,0,0,0,0,1,1,0,0,0.0,0.0,0.0,0.0,0,0,0,0,0,0,2,0,1,0,362,32832,0,32,0.0,0.0,0.0,0.0,0.0,0.0,0.0,0.0
123,123,17,48.0,48.0,48.0,48.0,48.0,0.0,48.0,48.0,48.0,0.0,23719.0,0.0,23719.0,23719.0,0.0,0.0,0.0,0.0,0.0,0.0,0.0,0.0,0.0,0.0,0,0,0,0,48.0,48.0,0,0,0,0,0,0,0,0,1.0,72.0,48.0,48.0,0,0,0,0,0,0,1,48,1,48,-1,-1,0,20,0.0,0.0,0.0,0.0,0.0,0.0,0.0,0.0
62196,53,17,82.0,138.0,41.0,41.0,41.0,0.0,69.0,69.0,69.0,0.0,10360.0,17920.916,31073.0,3.0,3.0,3.0,0.0,3.0,3.0,3.0,3.0,0.0,3.0,3.0,0,0,0,0,41.0,69.0,0,0,0,0,0,0,0,0,1.0,65.25,41.0,69.0,0,0,0,0,0,0,2,82,2,138,-1,-1,1,20,0.0,0.0,0.0,0.0,0.0,0.0,0.0,0.0
6722,80,6,475.0,527.0,435.0,0.0,44.375,137.7514,525.0,0.0,52.0714,139.1317,3748794.03,4735644.888,10000396.0,114.0,60514972.0,7329194.42,4528273.98,10051403.0,25935.0,61458038.0,7584605.5,4680029.294,10056689.0,6644.0,0,0,0,0,0.0,525.0,0,0,0,1,0,0,0,0,1.0,46.0,44.375,52.0714,0,0,0,0,0,0,8,475,9,527,8192,110,7,20,89801.16,114276.268,378125.0,83193.0,9957268.66,80547.407,10000398.0,9800584.0
123,123,17,96.0,96.0,48.0,48.0,48.0,0.0,48.0,48.0,48.0,0.0,22029039.0,38001367.926,65931666.0,88185.0,66000580.0,66000580.0,0.0,66000580.0,66000580.0,66009696.0,66009696.0,0.0,66009696.0,66009696.0,0,0,0,0,48.0,48.0,0,0,0,0,0,0,0,0,1.0,60.0,48.0,48.0,0,0,0,0,0,0,2,96,2,96,-1,-1,1,20,30736.0,0.0,30736.0,30736.0,65931636.0,0.0,65931666.0,65931636.0
52676,53,17,64.0,256.0,32.0,32.0,32.0,0.0,128.0,128.0,128.0,0.0,7959.66,13785.047,23827.0,3.0,3.0,3.0,0.0,3.0,3.0,50.0,50.0,0.0,50.0,50.0,0,0,0,0,32.0,128.0,0,0,0,0,0,0,0,0,1.0,88.0,32.0,128.0,0,0,0,0,0,0,2,64,2,256,-1,-1,1,40,0.0,0.0,0.0,0.0,0.0,0.0,0.0,0.0
61917,53,17,39.0,177.0,39.0,39.0,39.0,0.0,177.0,177.0,177.0,0.0,30780.0,0.0,30780.0,30780.0,0.0,0.0,0.0,0.0,0.0,0.0,0.0,0.0,0.0,0.0,0,0,0,0,39.0,177.0,0,0,0,0,0,0,0,0,1.0,127.5,39.0,177.0,0,0,0,0,0,0,1,39,1,177,-1,-1,0,20,0.0,0.0,0.0,0.0,0.0,0.0,0.0,0.0
34710,443,6,517.0,3484.0,196.0,0.0,46.3125,68.9682,1398.0,0.0,529.6667,695.4824,22066.33,52514.933,136756.0,1.0,455302.0,35450.1,74676.022,136149.0,1.0,350814.0,52742.4,78231.198,186294.0,3.0,0,0,0,0,0.0,1398.0,0,0,0,1,0,0,0,0,0.0,231.2903,46.3125,529.6667,0,0,0,0,0,0,16,517,6,3484,29200,30,4,32,0.0,0.0,0.0,0.0,0.0,0.0,0.0,0.0
80,55247,6,6.0,6.0,6.0,6.0,6.0,0.0,6.0,6.0,6.0,0.0,3.0,0.0,3.0,3.0,0.0,0.0,0.0,0.0,0.0,0.0,0.0,0.0,0.0,0.0,0,0,0,0,6.0,6.0,0,0,0,0,1,1,0,0,1.0,9.0,6.0,6.0,0,0,0,0,0,0,1,6,1,6,343,255,0,20,0.0,0.0,0.0,0.0,0.0,0.0,0.0,0.0
63746,80,6,383.0,34569.0,269.0,0.0,33.7273,92.0936,2896.0,0.0,1357.8947,895.159,92444.84,884395.145,4992769.0,12.0,121281.0,8746.93,29683.662,56730.0,119.0,5027231.0,131707.11,1000087.461,5000535.0,48.0,0,0,0,0,0.0,2896.0,0,0,0,1,0,0,0,0,1.0,854.3136,33.7273,1357.8947,0,0,0,0,0,0,19,383,28,34569,29200,239,1,32,0.0,0.0,0.0,0.0,0.0,0.0,0.0,0.0
60651,53,17,52.0,80.0,52.0,52.0,52.0,0.0,80.0,80.0,80.0,0.0,49656.0,0.0,49656.0,49656.0,0.0,0.0,0.0,0.0,0.0,0.0,0.0,0.0,0.0,0.0,0,0,0,0,52.0,80.0,0,0,0,0,0,0,0,0,1.0,92.0,52.0,80.0,0,0,0,0,0,0,1,52,1,80,-1,-1,0,20,0.0,0.0,0.0,0.0,0.0,0.0,0.0,0.0
443,53492,6,0.0,0.0,0.0,0.0,0.0,0.0,0.0,0.0,0.0,0.0,32.0,0.0,32.0,32.0,0.0,0.0,0.0,0.0,0.0,0.0,0.0,0.0,0.0,0.0,0,0,0,0,0.0,0.0,0,0,0,0,1,1,0,0,1.0,0.0,0.0,0.0,0,0,0,0,0,0,1,0,1,0,122,33304,0,32,0.0,0.0,0.0,0.0,0.0,0.0,0.0,0.0
65242,53,17,70.0,102.0,35.0,35.0,35.0,0.0,51.0,51.0,51.0,0.0,62.0,28.804,99.0,48.0,49.0,49.0,0.0,49.0,49.0,48.0,48.0,0.0,48.0,48.0,0,0,0,0,35.0,51.0,0,0,0,0,0,0,0,0,1.0,51.75,35.0,51.0,0,0,0,0,0,0,2,70,2,102,-1,-1,1,32,0.0,0.0,0.0,0.0,0.0,0.0,0.0,0.0
57616,443,6,6.0,6.0,6.0,6.0,6.0,0.0,6.0,6.0,6.0,0.0,97352.0,0.0,97352.0,97352.0,0.0,0.0,0.0,0.0,0.0,0.0,0.0,0.0,0.0,0.0,0,0,0,0,6.0,6.0,1,0,0,0,1,0,0,0,1.0,9.0,6.0,6.0,0,0,0,0,0,0,1,6,1,6,0,0,0,20,0.0,0.0,0.0,0.0,0.0,0.0,0.0,0.0
61312,53,17,57.0,137.0,57.0,57.0,57.0,0.0,137.0,137.0,137.0,0.0,126001.0,0.0,126001.0,126001.0,0.0,0.0,0.0,0.0,0.0,0.0,0.0,0.0,0.0,0.0,0,0,0,0,57.0,137.0,0,0,0,0,0,0,0,0,1.0,125.5,57.0,137.0,0,0,0,0,0,0,1,57,1,137,-1,-1,0,32,0.0,0.0,0.0,0.0,0.0,0.0,0.0,0.0
36996,53,17,68.0,482.0,34.0,34.0,34.0,0.0,241.0,241.0,241.0,0.0,22806.0,39848.946,68410.0,1.0,1.0,1.0,0.0,1.0,1.0,4.0,4.0,0.0,4.0,4.0,0,0,0,0,34.0,241.0,0,0,0,0,0,0,0,0,1.0,146.0,34.0,241.0,0,0,0,0,0,0,2,68,2,482,-1,-1,1,32,0.0,0.0,0.0,0.0,0.0,0.0,0.0,0.0
443,61810,6,0.0,18.0,0.0,0.0,0.0,0.0,6.0,6.0,6.0,0.0,43470.5,86763.649,173796.0,1.0,173741.0,173741.0,0.0,173741.0,173741.0,4.0,2.0,1.414,3.0,1.0,0,0,0,0,0.0,6.0,0,0,0,0,1,0,0,0,1.0,3.6,0.0,6.0,0,0,0,0,0,0,2,0,3,18,112,0,0,32,0.0,0.0,0.0,0.0,0.0,0.0,0.0,0.0
8452,53,17,86.0,458.0,43.0,43.0,43.0,0.0,229.0,229.0,229.0,0.0,10372.0,17905.284,31064.0,3.0,48.0,48.0,0.0,48.0,48.0,3.0,3.0,0.0,3.0,3.0,0,0,0,0,43.0,229.0,0,0,0,0,0,0,0,0,1.0,149.75,43.0,229.0,0,0,0,0,0,0,2,86,2,458,-1,-1,1,20,0.0,0.0,0.0,0.0,0.0,0.0,0.0,0.0
56839,53,17,100.0,132.0,50.0,50.0,50.0,0.0,66.0,66.0,66.0,0.0,49.66,72.16,137.0,3.0,3.0,3.0,0.0,3.0,3.0,4.0,4.0,0.0,4.0,4.0,0,0,0,0,50.0,66.0,0,0,0,0,0,0,0,0,1.0,70.5,50.0,66.0,0,0,0,0,0,0,2,100,2,132,-1,-1,1,20,0.0,0.0,0.0,0.0,0.0,0.0,0.0,0.0
52204,443,6,586.0,155.0,517.0,0.0,116.75,225.5011,143.0,0.0,39.25,70.5585,809142.12,1691651.849,5230881.0,80.0,5409724.0,1129978.66,2475559.276,5407619.0,726.0,118566.0,39791.66,32345.315,76224.0,480.0,0,0,0,0,0.0,517.0,0,0,0,1,0,0,0,0,0.0,80.2571,116.75,39.25,0,0,0,0,0,0,4,586,4,155,8192,4946,3,20,155053.0,0.0,155053.0,155053.0,5230884.0,0.0,5230884.0,5230884.0
38332,80,6,898.0,1645.0,856.0,0.0,89.3333,327.9271,1133.0,0.0,81.1,355.3922,3543563.09,4824833.546,10029199.0,91.0,47180965.0,6310199.77,4888813.472,10047905.0,112.0,43018335.0,7442631.0,4126630.799,10048034.0,3426.0,0,0,0,0,0.0,1133.0,0,0,0,1,0,0,0,0,1.0,87.2642,89.3333,81.1,0,0,0,0,0,0,9,898,9,1645,29200,62,1,32,17321.75,61670.868,118139.0,14961.0,10020962.0,1612.686,10029199.0,9996081.0
5622,80,6,431.0,2269.0,425.0,0.0,143.3333,248.8149,2267.0,0.0,566.75,1131.5,15674.0,16209.866,37378.0,4.0,30238.0,15169.0,20108.989,37326.0,2266.0,34433.0,12144.66,20284.609,30807.0,4.0,0,0,0,0,0.0,2267.0,0,0,0,1,0,0,0,0,1.0,385.1429,143.3333,566.75,0,0,0,0,0,0,3,431,4,2269,8192,237,2,20,0.0,0.0,0.0,0.0,0.0,0.0,0.0,0.0
44737,53,17,86.0,194.0,43.0,43.0,43.0,0.0,97.0,97.0,97.0,0.0,23494.0,40172.154,70470.0,3.0,3.0,3.0,0.0,3.0,3.0,4.0,4.0,0.0,4.0,4.0,0,0,0,0,43.0,97.0,0,0,0,0,0,0,0,0,1.0,80.75,43.0,97.0,0,0,0,0,0,0,2,86,2,194,-1,-1,1,20,0.0,0.0,0.0,0.0,0.0,0.0,0.0,0.0
42578,53,17,60.0,264.0,30.0,30.0,30.0,0.0,132.0,132.0,132.0,0.0,55.0,98.439,161.0,3.0,3.0,3.0,0.0,3.0,3.0,4.0,4.0,0.0,4.0,4.0,0,0,0,0,30.0,132.0,0,0,0,0,0,0,0,0,1.0,88.5,30.0,132.0,0,0,0,0,0,0,2,60,2,264,-1,-1,1,20,0.0,0.0,0.0,0.0,0.0,0.0,0.0,0.0
59295,53,17,86.0,242.0,43.0,43.0,43.0,0.0,121.0,121.0,121.0,0.0,60.66,62.476,131.0,3.0,3.0,3.0,0.0,3.0,3.0,48.0,48.0,0.0,48.0,48.0,0,0,0,0,43.0,121.0,0,0,0,0,0,0,0,0,1.0,92.75,43.0,121.0,0,0,0,0,0,0,2,86,2,242,-1,-1,1,20,0.0,0.0,0.0,0.0,0.0,0.0,0.0,0.0
57665,53,17,62.0,236.0,31.0,31.0,31.0,0.0,118.0,118.0,118.0,0.0,65594.33,113553.302,196776.0,1.0,1.0,1.0,0.0,1.0,1.0,4.0,4.0,0.0,4.0,4.0,0,0,0,0,31.0,118.0,0,0,0,0,0,0,0,0,1.0,82.25,31.0,118.0,0,0,0,0,0,0,2,62,2,236,-1,-1,1,20,0.0,0.0,0.0,0.0,0.0,0.0,0.0,0.0
443,57813,6,0.0,0.0,0.0,0.0,0.0,0.0,0.0,0.0,0.0,0.0,378.0,0.0,378.0,378.0,0.0,0.0,0.0,0.0,0.0,0.0,0.0,0.0,0.0,0.0,0,0,0,0,0.0,0.0,0,0,0,0,1,1,0,0,1.0,0.0,0.0,0.0,0,0,0,0,0,0,1,0,1,0,122,33304,0,32,0.0,0.0,0.0,0.0,0.0,0.0,0.0,0.0
53405,53,17,66.0,122.0,33.0,33.0,33.0,0.0,61.0,61.0,61.0,0.0,10342.66,17891.137,30922.0,4.0,4.0,4.0,0.0,4.0,4.0,4.0,4.0,0.0,4.0,4.0,0,0,0,0,33.0,61.0,0,0,0,0,0,0,0,0,1.0,55.25,33.0,61.0,0,0,0,0,0,0,2,66,2,122,-1,-1,1,20,0.0,0.0,0.0,0.0,0.0,0.0,0.0,0.0
15204,53,17,72.0,184.0,36.0,36.0,36.0,0.0,92.0,92.0,92.0,0.0,10529.66,18240.437,31580.0,1.0,1.0,1.0,0.0,1.0,1.0,3.0,3.0,0.0,3.0,3.0,0,0,0,0,36.0,92.0,0,0,0,0,0,0,0,0,1.0,73.0,36.0,92.0,0,0,0,0,0,0,2,72,2,184,-1,-1,1,32,0.0,0.0,0.0,0.0,0.0,0.0,0.0,0.0
443,52703,6,0.0,0.0,0.0,0.0,0.0,0.0,0.0,0.0,0.0,0.0,44.0,0.0,44.0,44.0,0.0,0.0,0.0,0.0,0.0,0.0,0.0,0.0,0.0,0.0,0,0,0,0,0.0,0.0,0,0,0,0,1,1,0,0,1.0,0.0,0.0,0.0,0,0,0,0,0,0,1,0,1,0,349,32832,0,32,0.0,0.0,0.0,0.0,0.0,0.0,0.0,0.0
61248,53,17,52.0,80.0,52.0,52.0,52.0,0.0,80.0,80.0,80.0,0.0,47242.0,0.0,47242.0,47242.0,0.0,0.0,0.0,0.0,0.0,0.0,0.0,0.0,0.0,0.0,0,0,0,0,52.0,80.0,0,0,0,0,0,0,0,0,1.0,92.0,52.0,80.0,0,0,0,0,0,0,1,52,1,80,-1,-1,0,20,0.0,0.0,0.0,0.0,0.0,0.0,0.0,0.0
40072,80,6,0.0,0.0,0.0,0.0,0.0,0.0,0.0,0.0,0.0,0.0,1894679.33,3221282.609,5677989.0,76.0,5691337.0,2845668.5,3916467.829,5677989.0,32929.0,0.0,0.0,0.0,0.0,0.0,0,0,0,0,0.0,0.0,0,0,0,1,0,0,0,0,0.0,0.0,0.0,0.0,0,0,0,0,0,0,3,0,1,0,29200,42408,0,32,0.0,0.0,0.0,0.0,0.0,0.0,0.0,0.0
56575,443,6,12.0,0.0,6.0,6.0,6.0,0.0,0.0,0.0,0.0,0.0,4.0,0.0,4.0,4.0,4.0,4.0,0.0,4.0,4.0,0.0,0.0,0.0,0.0,0.0,0,0,0,0,6.0,6.0,1,0,0,0,0,0,0,0,0.0,9.0,6.0,0.0,0,0,0,0,0,0,2,12,0,0,0,-1,1,20,0.0,0.0,0.0,0.0,0.0,0.0,0.0,0.0
3399,53,17,68.0,250.0,34.0,34.0,34.0,0.0,125.0,125.0,125.0,0.0,12714.0,22348.579,38196.0,2.0,48.0,48.0,0.0,48.0,48.0,2.0,2.0,0.0,2.0,2.0,0,0,0,0,34.0,125.0,0,0,0,0,0,0,0,0,1.0,88.0,34.0,125.0,0,0,0,0,0,0,2,68,2,250,-1,-1,1,44,0.0,0.0,0.0,0.0,0.0,0.0,0.0,0.0
443,51588,6,0.0,0.0,0.0,0.0,0.0,0.0,0.0,0.0,0.0,0.0,3.0,0.0,3.0,3.0,3.0,3.0,0.0,3.0,3.0,0.0,0.0,0.0,0.0,0.0,0,0,0,0,0.0,0.0,0,0,0,0,1,0,0,0,0.0,0.0,0.0,0.0,0,0,0,0,0,0,2,0,0,0,351,-1,0,32,0.0,0.0,0.0,0.0,0.0,0.0,0.0,0.0
61824,53,17,50.0,78.0,50.0,50.0,50.0,0.0,78.0,78.0,78.0,0.0,30676.0,0.0,30676.0,30676.0,0.0,0.0,0.0,0.0,0.0,0.0,0.0,0.0,0.0,0.0,0,0,0,0,50.0,78.0,0,0,0,0,0,0,0,0,1.0,89.0,50.0,78.0,0,0,0,0,0,0,1,50,1,78,-1,-1,0,32,0.0,0.0,0.0,0.0,0.0,0.0,0.0,0.0
52668,443,6,944.0,5101.0,469.0,0.0,62.4375,134.3534,1581.0,0.0,540.0909,665.2921,26737.25,48196.94,204961.0,4.0,518191.0,36742.38,58169.227,204961.0,4.0,976607.0,82023.1,148950.599,379409.0,4.0,0,0,0,0,0.0,1581.0,0,0,0,1,0,0,0,0,0.0,266.2957,62.4375,540.0909,0,0,0,0,0,0,16,944,11,5101,65535,123,6,32,0.0,0.0,0.0,0.0,0.0,0.0,0.0,0.0
48817,443,6,1148.0,49617.0,212.0,0.0,40.8929,36.1168,4344.0,0.0,1588.875,1056.8975,71658.72,772531.46,5777665.0,0.0,5117534.0,106724.3,1068515.998,5777065.0,1.0,5041236.0,83300.25,774275.816,5764344.0,47.0,0,0,0,0,0.0,4344.0,0,0,0,1,0,0,0,0,1.0,900.973,40.8929,1588.875,0,0,0,0,0,0,28,1148,38,49617,29200,32,7,32,0.0,0.0,0.0,0.0,0.0,0.0,0.0,0.0
1112,80,6,455.0,418.0,455.0,0.0,91.0,203.2722,416.0,0.0,132.0,249.9018,6395.85,11400.859,23113.0,24.0,40225.0,10046.25,13699.609,24102.0,877.0,27583.0,14521.33,16880.288,23650.0,8211.0,0,0,0,0,0.0,455.0,0,0,0,1,0,0,0,0,0.0,107.125,91.0,132.0,0,0,0,0,0,0,5,455,4,418,65535,118,1,32,0.0,0.0,0.0,0.0,0.0,0.0,0.0,0.0
53728,53,17,90.0,218.0,45.0,45.0,45.0,0.0,109.0,109.0,109.0,0.0,41373.0,71349.272,124112.0,3.0,4.0,4.0,0.0,4.0,4.0,3.0,3.0,0.0,3.0,3.0,0,0,0,0,45.0,109.0,0,0,0,0,0,0,0,0,1.0,88.25,45.0,109.0,0,0,0,0,0,0,2,90,2,218,-1,-1,1,32,0.0,0.0,0.0,0.0,0.0,0.0,0.0,0.0
443,53632,6,6.0,6.0,6.0,6.0,6.0,0.0,6.0,6.0,6.0,0.0,41.0,0.0,41.0,41.0,0.0,0.0,0.0,0.0,0.0,0.0,0.0,0.0,0.0,0.0,0,0,0,0,6.0,6.0,0,0,0,0,1,1,0,0,1.0,9.0,6.0,6.0,0,0,0,0,0,0,1,6,1,6,60,255,0,20,0.0,0.0,0.0,0.0,0.0,0.0,0.0,0.0
443,53400,6,0.0,0.0,0.0,0.0,0.0,0.0,0.0,0.0,0.0,0.0,4.0,0.0,4.0,4.0,4.0,4.0,0.0,4.0,4.0,0.0,0.0,0.0,0.0,0.0,0,0,0,0,0.0,0.0,0,0,0,0,1,0,0,0,0.0,0.0,0.0,0.0,0,0,0,0,0,0,2,0,0,0,357,-1,0,32,0.0,0.0,0.0,0.0,0.0,0.0,0.0,0.0
443,54535,6,0.0,0.0,0.0,0.0,0.0,0.0,0.0,0.0,0.0,0.0,54.0,0.0,54.0,54.0,0.0,0.0,0.0,0.0,0.0,0.0,0.0,0.0,0.0,0.0,0,0,0,0,0.0,0.0,0,0,0,0,1,0,0,0,1.0,0.0,0.0,0.0,0,0,0,0,0,0,1,0,1,0,357,32832,0,32,0.0,0.0,0.0,0.0,0.0,0.0,0.0,0.0
58668,53,17,86.0,214.0,43.0,43.0,43.0,0.0,107.0,107.0,107.0,0.0,52.0,88.724,150.0,3.0,3.0,3.0,0.0,3.0,3.0,3.0,3.0,0.0,3.0,3.0,0,0,0,0,43.0,107.0,0,0,0,0,0,0,0,0,1.0,85.75,43.0,107.0,0,0,0,0,0,0,2,86,2,214,-1,-1,1,32,0.0,0.0,0.0,0.0,0.0,0.0,0.0,0.0
60317,53,17,43.0,123.0,43.0,43.0,43.0,0.0,123.0,123.0,123.0,0.0,31184.0,0.0,31184.0,31184.0,0.0,0.0,0.0,0.0,0.0,0.0,0.0,0.0,0.0,0.0,0,0,0,0,43.0,123.0,0,0,0,0,0,0,0,0,1.0,104.5,43.0,123.0,0,0,0,0,0,0,1,43,1,123,-1,-1,0,40,0.0,0.0,0.0,0.0,0.0,0.0,0.0,0.0
61369,53,17,40.0,222.0,40.0,40.0,40.0,0.0,222.0,222.0,222.0,0.0,46003.0,0.0,46003.0,46003.0,0.0,0.0,0.0,0.0,0.0,0.0,0.0,0.0,0.0,0.0,0,0,0,0,40.0,222.0,0,0,0,0,0,0,0,0,1.0,141.0,40.0,222.0,0,0,0,0,0,0,1,40,1,222,-1,-1,0,32,0.0,0.0,0.0,0.0,0.0,0.0,0.0,0.0
58716,53,17,68.0,100.0,34.0,34.0,34.0,0.0,50.0,50.0,50.0,0.0,52.0,86.606,149.0,3.0,4.0,4.0,0.0,4.0,4.0,3.0,3.0,0.0,3.0,3.0,0,0,0,0,34.0,50.0,0,0,0,0,0,0,0,0,1.0,50.5,34.0,50.0,0,0,0,0,0,0,2,68,2,100,-1,-1,1,20,0.0,0.0,0.0,0.0,0.0,0.0,0.0,0.0
60946,53,17,176.0,196.0,44.0,44.0,44.0,0.0,98.0,98.0,98.0,0.0,9669.0,14685.101,30342.0,3.0,30322.0,10140.66,17595.243,30312.0,3.0,48.0,48.0,0.0,48.0,48.0,0,0,0,0,44.0,98.0,0,0,0,0,0,0,0,0,0.0,69.6667,44.0,98.0,0,0,0,0,0,0,4,176,2,196,-1,-1,3,20,0.0,0.0,0.0,0.0,0.0,0.0,0.0,0.0
41630,443,6,1547.0,58334.0,131.0,0.0,21.0933,63.7774,2860.0,0.0,1182.725,1162.5012,1215026.12,8855310.434,58196736.0,0.0,118381139.0,3974725.05,13529185.845,58196736.0,50.0,118165171.0,2722873.56,11273052.556,58196186.0,1.0,0,0,0,0,0.0,2860.0,0,0,0,1,0,0,0,0,1.0,687.5895,21.0933,1182.725,0,0,0,0,0,0,53,1547,69,58334,29200,373,42,32,439410.0,582732.587,879193.0,73672.0,58983649.0,57028.46,58196730.0,57975678.0
46696,443,6,187.0,92.0,46.0,6.0,26.7143,20.0891,46.0,46.0,46.0,0.0,7860115.62,20345845.046,57575026.0,4.0,63836915.0,10559979.5,23274438.954,57575026.0,4.0,58718892.0,58618892.0,0.0,58617892.0,58618892.0,1,0,0,0,6.0,46.0,0,1,0,0,1,0,0,0,0.0,36.1111,26.7143,46.0,0,0,0,0,0,0,7,187,2,92,258,360,6,20,263227.0,0.0,263227.0,263227.0,57575054.0,0.0,57575024.0,57575054.0
443,63193,6,37.0,0.0,37.0,0.0,18.5,26.163,0.0,0.0,0.0,0.0,4.0,0.0,4.0,4.0,4.0,4.0,0.0,4.0,4.0,0.0,0.0,0.0,0.0,0.0,1,0,0,0,0.0,37.0,0,1,0,0,1,0,0,0,0.0,37.0,18.5,0.0,0,0,0,0,0,0,2,37,0,0,115,-1,0,32,0.0,0.0,0.0,0.0,0.0,0.0,0.0,0.0
58554,443,6,1035.0,52374.0,313.0,0.0,34.7762,49.2703,4344.0,0.0,1729.5052,1062.0012,1130697.51,3482829.914,10024950.0,2.0,117310405.0,2215572.92,4272523.196,10057935.0,3.0,112008428.0,1942745.99,4078981.519,10048242.0,2.0,0,0,0,0,0.0,4344.0,0,0,0,1,0,0,0,0,1.0,937.1913,34.7762,1729.5052,0,0,0,0,0,0,33,1035,49,52374,29200,972,5,32,160712.0,593591.306,1806717.0,23152.0,10020301.63,13012.965,10024954.0,9999837.0
53267,53,17,88.0,662.0,44.0,44.0,44.0,0.0,331.0,331.0,331.0,0.0,20397.33,35191.691,61186.0,3.0,3.0,3.0,0.0,3.0,3.0,4.0,4.0,0.0,4.0,4.0,0,0,0,0,44.0,331.0,0,0,0,0,0,0,0,0,1.0,198.5,44.0,331.0,0,0,0,0,0,0,2,88,2,662,-1,-1,1,32,0.0,0.0,0.0,0.0,0.0,0.0,0.0,0.0
36362,53,17,64.0,188.0,32.0,32.0,32.0,0.0,94.0,94.0,94.0,0.0,48.33,88.741,142.0,1.0,1.0,1.0,0.0,1.0,1.0,1.0,1.0,0.0,1.0,1.0,0,0,0,0,32.0,94.0,0,0,0,0,0,0,0,0,1.0,71.0,32.0,94.0,0,0,0,0,0,0,2,64,2,188,-1,-1,1,20,0.0,0.0,0.0,0.0,0.0,0.0,0.0,0.0
51246,443,6,24.0,0.0,6.0,6.0,6.0,0.0,0.0,0.0,0.0,0.0,21226.0,43880.717,86588.0,1.0,86570.0,28056.33,50101.264,86513.0,1.0,0.0,0.0,0.0,0.0,0.0,0,0,0,0,0.0,6.0,1,0,0,0,0,0,0,0,0.0,6.0,6.0,0.0,0,0,0,0,0,0,4,24,1,0,0,115,3,20,0.0,0.0,0.0,0.0,0.0,0.0,0.0,0.0
26664,53,17,68.0,388.0,34.0,34.0,34.0,0.0,194.0,194.0,194.0,0.0,10383.66,17928.751,31147.0,1.0,1.0,1.0,0.0,1.0,1.0,3.0,3.0,0.0,3.0,3.0,0,0,0,0,34.0,194.0,0,0,0,0,0,0,0,0,1.0,122.5,34.0,194.0,0,0,0,0,0,0,2,68,2,388,-1,-1,1,32,0.0,0.0,0.0,0.0,0.0,0.0,0.0,0.0
443,50803,6,0.0,0.0,0.0,0.0,0.0,0.0,0.0,0.0,0.0,0.0,58.0,0.0,58.0,58.0,0.0,0.0,0.0,0.0,0.0,0.0,0.0,0.0,0.0,0.0,0,0,0,0,0.0,0.0,0,0,0,0,1,0,0,0,1.0,0.0,0.0,0.0,0,0,0,0,0,0,1,0,1,0,105,33304,0,32,0.0,0.0,0.0,0.0,0.0,0.0,0.0,0.0
443,56004,6,0.0,0.0,0.0,0.0,0.0,0.0,0.0,0.0,0.0,0.0,97.0,0.0,97.0,97.0,0.0,0.0,0.0,0.0,0.0,0.0,0.0,0.0,0.0,0.0,0,0,0,0,0.0,0.0,0,0,0,0,1,0,0,0,1.0,0.0,0.0,0.0,0,0,0,0,0,0,1,0,1,0,118,33304,0,32,0.0,0.0,0.0,0.0,0.0,0.0,0.0,0.0
51062,443,6,1284.0,3689.0,681.0,0.0,204.5,295.3481,1460.0,2.0,533.0,656.6627,72934.18,222927.188,880297.0,69.0,364869.0,96478.8,99844.276,87202.0,50126.0,1207468.0,160131.66,335045.335,890933.0,215.0,0,0,0,0,0.0,1460.0,0,0,0,1,0,0,0,0,0.0,386.6167,204.5,533.0,0,0,0,0,0,0,6,1284,7,3689,8192,31088,5,20,0.0,0.0,0.0,0.0,0.0,0.0,0.0,0.0
443,54813,6,0.0,0.0,0.0,0.0,0.0,0.0,0.0,0.0,0.0,0.0,51.0,0.0,51.0,51.0,0.0,0.0,0.0,0.0,0.0,0.0,0.0,0.0,0.0,0.0,0,0,0,0,0.0,0.0,0,0,0,0,1,1,0,0,1.0,0.0,0.0,0.0,0,0,0,0,0,0,1,0,1,0,436,337,0,32,0.0,0.0,0.0,0.0,0.0,0.0,0.0,0.0
53809,80,6,12.0,2.0,6.0,0.0,4.0,3.4641,2.0,2.0,2.0,0.0,1663093.33,2951520.052,5062356.0,56.0,5191187.0,2595593.5,3519201.858,5062356.0,123100.0,0.0,0.0,0.0,0.0,0.0,0,0,0,0,0.0,6.0,0,0,0,1,0,0,0,0,0.0,3.5,4.0,2.0,0,0,0,0,0,0,3,12,1,2,8192,29200,2,20,0.0,0.0,0.0,0.0,0.0,0.0,0.0,0.0
443,39196,6,0.0,18.0,0.0,0.0,0.0,0.0,6.0,6.0,6.0,0.0,43195.4,87951.989,172977.0,1.0,172289.0,172289.0,0.0,172289.0,172289.0,5.0,2.5,1.114,4.0,1.0,0,0,0,0,0.0,6.0,0,0,0,0,1,0,0,0,1.0,3.6,0.0,6.0,0,0,0,0,0,0,2,0,3,18,118,0,0,32,0.0,0.0,0.0,0.0,0.0,0.0,0.0,0.0
443,57708,6,12.0,0.0,6.0,6.0,6.0,0.0,0.0,0.0,0.0,0.0,366.0,0.0,366.0,366.0,366.0,366.0,0.0,366.0,366.0,0.0,0.0,0.0,0.0,0.0,0,0,0,0,6.0,6.0,0,0,0,0,1,0,0,0,0.0,9.0,6.0,0.0,0,0,0,0,0,0,2,12,0,0,30,-1,1,20,0.0,0.0,0.0,0.0,0.0,0.0,0.0,0.0
56910,443,6,994.0,7494.0,469.0,0.0,64.9333,134.266,1581.0,0.0,674.4,743.4742,12528.28,24964.484,93478.0,2.0,311156.0,22570.92,37233.216,104766.0,3.0,270005.0,25193.0,48690.5,97189.0,2.0,0,0,0,0,0.0,1581.0,0,0,0,1,0,0,0,0,0.0,321.8077,64.9333,674.4,0,0,0,0,0,0,15,994,10,7494,65535,357,6,32,0.0,0.0,0.0,0.0,0.0,0.0,0.0,0.0
43150,443,6,135.0,46.0,46.0,6.0,27.0,20.1246,46.0,46.0,46.0,0.0,841669.0,1718564.774,3969409.0,3.0,4213918.0,1058959.0,1941952.696,3969409.0,3.0,0.0,0.0,0.0,0.0,0.0,1,0,0,0,6.0,46.0,0,1,0,0,1,0,0,0,0.0,37.8333,27.0,46.0,0,0,0,0,0,0,5,135,1,46,16537,280,4,20,0.0,0.0,0.0,0.0,0.0,0.0,0.0,0.0
56228,53,17,62.0,186.0,31.0,31.0,31.0,0.0,93.0,93.0,93.0,0.0,10168.0,17615.975,30508.0,3.0,3.0,3.0,0.0,3.0,3.0,4.0,4.0,0.0,4.0,4.0,0,0,0,0,31.0,93.0,0,0,0,0,0,0,0,0,1.0,69.75,31.0,93.0,0,0,0,0,0,0,2,62,2,186,-1,-1,1,32,0.0,0.0,0.0,0.0,0.0,0.0,0.0,0.0
39859,53,17,64.0,96.0,32.0,32.0,32.0,0.0,48.0,48.0,48.0,0.0,56.0,95.086,161.0,3.0,3.0,3.0,0.0,3.0,3.0,3.0,3.0,0.0,3.0,3.0,0,0,0,0,32.0,48.0,0,0,0,0,0,0,0,0,1.0,48.0,32.0,48.0,0,0,0,0,0,0,2,64,2,96,-1,-1,1,20,0.0,0.0,0.0,0.0,0.0,0.0,0.0,0.0
60945,53,17,44.0,72.0,44.0,44.0,44.0,0.0,72.0,72.0,72.0,0.0,50622.0,0.0,50622.0,50622.0,0.0,0.0,0.0,0.0,0.0,0.0,0.0,0.0,0.0,0.0,0,0,0,0,44.0,72.0,0,0,0,0,0,0,0,0,1.0,80.0,44.0,72.0,0,0,0,0,0,0,1,44,1,72,-1,-1,0,20,0.0,0.0,0.0,0.0,0.0,0.0,0.0,0.0
443,52684,6,0.0,0.0,0.0,0.0,0.0,0.0,0.0,0.0,0.0,0.0,39.0,0.0,39.0,39.0,0.0,0.0,0.0,0.0,0.0,0.0,0.0,0.0,0.0,0.0,0,0,0,0,0.0,0.0,0,0,0,0,1,0,0,0,1.0,0.0,0.0,0.0,0,0,0,0,0,0,1,0,1,0,62,33304,0,32,0.0,0.0,0.0,0.0,0.0,0.0,0.0,0.0
59842,443,6,617.0,164.0,517.0,0.0,88.1429,189.989,152.0,0.0,41.0,74.054,552080.5,1807025.735,5796093.0,18.0,5965175.0,922194.16,2382088.399,5706538.0,18.0,89935.0,26675.0,30613.777,60294.0,973.0,0,0,0,0,0.0,517.0,0,0,0,1,0,0,0,0,0.0,71.0,88.1429,41.0,0,0,0,0,0,0,7,617,4,164,29200,30,6,20,96170.0,0.0,96170.0,96170.0,5796066.0,0.0,5796096.0,5796066.0
38940,53,17,64.0,256.0,32.0,32.0,32.0,0.0,128.0,128.0,128.0,0.0,20386.33,35123.703,60164.0,3.0,3.0,3.0,0.0,3.0,3.0,48.0,48.0,0.0,48.0,48.0,0,0,0,0,32.0,128.0,0,0,0,0,0,0,0,0,1.0,88.0,32.0,128.0,0,0,0,0,0,0,2,64,2,256,-1,-1,1,32,0.0,0.0,0.0,0.0,0.0,0.0,0.0,0.0
443,57331,6,37.0,18.0,31.0,6.0,18.5,17.6777,6.0,6.0,6.0,0.0,67423.75,123839.539,248806.0,1.0,249400.0,249400.0,0.0,249400.0,249400.0,48.0,24.0,38.714,48.0,1.0,0,0,0,0,6.0,31.0,0,0,0,0,1,0,0,0,1.0,18.0,18.5,6.0,0,0,0,0,0,0,2,37,3,18,62,0,1,20,0.0,0.0,0.0,0.0,0.0,0.0,0.0,0.0
61121,53,17,99.0,275.0,56.0,43.0,49.5,9.1924,137.0,100.0,138.5,16.963,11204078.66,19471841.039,35892012.0,30981.0,35963079.0,35963079.0,0.0,35963079.0,35963079.0,35873801.0,35873801.0,0.0,35873801.0,35873801.0,0,0,0,0,43.0,137.0,0,0,0,0,0,0,0,0,1.0,96.25,49.5,138.5,0,0,0,0,0,0,2,99,2,275,-1,-1,1,20,50801.0,0.0,50801.0,50801.0,35892069.0,0.0,35892019.0,35892069.0
64498,443,6,599.0,152.0,517.0,0.0,85.5714,191.3085,152.0,0.0,38.0,76.0,591330.5,1651482.83,5129287.0,2.0,5266657.0,842385.16,2229489.558,5208007.0,48.0,90269.0,30066.66,31047.422,65130.0,24322.0,0,0,0,0,0.0,517.0,0,0,0,1,0,0,0,0,0.0,68.2727,85.5714,38.0,0,0,0,0,0,0,7,599,4,152,29200,939,3,32,119218.0,0.0,119218.0,119218.0,5129277.0,0.0,5129287.0,5129277.0
59765,53,17,86.0,168.0,43.0,43.0,43.0,0.0,84.0,84.0,84.0,0.0,96043.0,168743.581,288122.0,3.0,3.0,3.0,0.0,3.0,3.0,3.0,3.0,0.0,3.0,3.0,0,0,0,0,43.0,84.0,0,0,0,0,0,0,0,0,1.0,74.25,43.0,84.0,0,0,0,0,0,0,2,86,2,168,-1,-1,1,32,0.0,0.0,0.0,0.0,0.0,0.0,0.0,0.0
443,54367,6,6.0,6.0,6.0,6.0,6.0,0.0,6.0,6.0,6.0,0.0,25.0,0.0,25.0,25.0,0.0,0.0,0.0,0.0,0.0,0.0,0.0,0.0,0.0,0.0,0,0,0,0,6.0,6.0,0,0,0,0,1,1,0,0,1.0,9.0,6.0,6.0,0,0,0,0,0,0,1,6,1,6,119,256,0,20,0.0,0.0,0.0,0.0,0.0,0.0,0.0,0.0
49625,443,6,1306.0,9022.0,454.0,0.0,79.0667,100.5522,2836.0,0.0,401.8,889.1111,1999190.68,3862037.839,10219202.0,3.0,61467863.0,3592350.53,5087755.903,10240014.0,137.0,61467004.0,4039349.89,5037178.722,10240138.0,3.0,0,0,0,0,0.0,2836.0,0,0,0,1,0,0,0,0,0.0,221.4857,79.0667,401.8,0,0,0,0,0,0,24,1306,20,9022,29200,380,5,32,80099.66,78814.01,132837.0,50111.0,10190535.83,47022.15,10219209.0,10060064.0
59623,443,6,0.0,0.0,0.0,0.0,0.0,0.0,0.0,0.0,0.0,0.0,4113681.0,2000000.0,4113681.0,4113681.0,4113681.0,4113681.0,0.0,4113681.0,4113681.0,0.0,0.0,0.0,0.0,0.0,0,0,0,0,0.0,0.0,0,0,0,0,1,1,0,0,0.0,0.0,0.0,0.0,0,0,0,0,0,0,2,0,0,0,33304,-1,0,32,0.0,0.0,0.0,0.0,0.0,0.0,0.0,0.0
5707,80,6,814.0,3345.0,432.0,0.0,46.5714,148.6251,1777.0,0.0,283.1875,557.2891,3617360.5,4770587.958,10005311.0,52.0,116112122.0,6839407.73,4727880.81,10030685.0,309.0,110126315.0,7335203.85,4693676.045,10038426.0,22550.0,0,0,0,0,0.0,1777.0,0,0,0,1,0,0,0,0,0.0,162.6667,46.5714,283.1875,0,0,0,0,0,0,18,814,16,3345,8192,980,17,20,52304.81,134258.337,427367.0,32989.0,9999728.27,50283.385,10005311.0,9825334.0
6759,53,17,78.0,194.0,39.0,39.0,39.0,0.0,97.0,97.0,97.0,0.0,10232.33,17706.249,30692.0,1.0,3.0,3.0,0.0,3.0,3.0,1.0,1.0,0.0,1.0,1.0,0,0,0,0,39.0,97.0,0,0,0,0,0,0,0,0,1.0,77.75,39.0,97.0,0,0,0,0,0,0,2,78,2,194,-1,-1,1,20,0.0,0.0,0.0,0.0,0.0,0.0,0.0,0.0
53570,53,17,86.0,332.0,43.0,43.0,43.0,0.0,166.0,166.0,166.0,0.0,75.66,86.724,176.0,4.0,4.0,4.0,0.0,4.0,4.0,47.0,47.0,0.0,47.0,47.0,0,0,0,0,43.0,166.0,0,0,0,0,0,0,0,0,1.0,115.25,43.0,166.0,0,0,0,0,0,0,2,86,2,332,-1,-1,1,32,0.0,0.0,0.0,0.0,0.0,0.0,0.0,0.0
53325,443,6,352.0,3782.0,208.0,0.0,58.6667,87.8605,1460.0,0.0,630.3333,677.2171,23690.09,39295.778,85666.0,1.0,261468.0,52437.6,46511.634,97050.0,101.0,175567.0,35584.4,47798.825,87299.0,49.0,0,0,0,0,0.0,1460.0,0,0,0,1,0,0,0,0,1.0,344.5,58.6667,630.3333,0,0,0,0,0,0,6,352,6,3782,8192,60,5,20,0.0,0.0,0.0,0.0,0.0,0.0,0.0,0.0
57037,53,17,82.0,114.0,41.0,41.0,41.0,0.0,57.0,57.0,57.0,0.0,59.66,69.539,127.0,3.0,49.0,49.0,0.0,49.0,49.0,3.0,3.0,0.0,3.0,3.0,0,0,0,0,41.0,57.0,0,0,0,0,0,0,0,0,1.0,59.25,41.0,57.0,0,0,0,0,0,0,2,82,2,114,-1,-1,1,20,0.0,0.0,0.0,0.0,0.0,0.0,0.0,0.0
55391,53,17,62.0,94.0,31.0,31.0,31.0,0.0,47.0,47.0,47.0,0.0,277.66,429.113,726.0,3.0,3.0,3.0,0.0,3.0,3.0,3.0,3.0,0.0,3.0,3.0,0,0,0,0,31.0,47.0,0,0,0,0,0,0,0,0,1.0,46.75,31.0,47.0,0,0,0,0,0,0,2,62,2,94,-1,-1,1,32,0.0,0.0,0.0,0.0,0.0,0.0,0.0,0.0
54287,443,6,560.0,152.0,517.0,0.0,116.0,225.1011,146.0,0.0,50.3333,88.6207,27055.75,31193.227,85632.0,47.0,181453.0,45280.75,48936.711,86304.0,210.0,80803.0,45251.5,50020.161,89394.0,24319.0,0,0,0,0,0.0,517.0,0,0,0,1,0,0,0,0,0.0,103.2857,116.0,50.3333,0,0,0,0,0,0,5,560,3,152,8192,62,4,20,0.0,0.0,0.0,0.0,0.0,0.0,0.0,0.0
62423,443,6,1028.0,400.0,777.0,0.0,102.8,260.9348,265.0,0.0,60.0,90.5536,10606.84,15850.876,36478.0,3.0,140461.0,17466.11,20702.825,53135.0,3.0,109211.0,24815.25,23113.714,52105.0,324.0,0,0,0,0,0.0,777.0,0,0,0,1,0,0,0,0,0.0,105.1333,102.8,60.0,0,0,0,0,0,0,10,1028,5,400,65535,352,5,32,0.0,0.0,0.0,0.0,0.0,0.0,0.0,0.0
80,53777,6,0.0,0.0,0.0,0.0,0.0,0.0,0.0,0.0,0.0,0.0,83.0,0.0,83.0,83.0,0.0,0.0,0.0,0.0,0.0,0.0,0.0,0.0,0.0,0.0,0,0,0,0,0.0,0.0,0,0,0,0,1,1,0,0,1.0,0.0,0.0,0.0,0,0,0,0,0,0,1,0,1,0,939,65535,0,32,0.0,0.0,0.0,0.0,0.0,0.0,0.0,0.0
62555,53,17,44.0,174.0,44.0,44.0,44.0,0.0,174.0,174.0,174.0,0.0,71655.0,0.0,71655.0,71655.0,0.0,0.0,0.0,0.0,0.0,0.0,0.0,0.0,0.0,0.0,0,0,0,0,44.0,174.0,0,0,0,0,0,0,0,0,1.0,131.0,44.0,174.0,0,0,0,0,0,0,1,44,1,174,-1,-1,0,20,0.0,0.0,0.0,0.0,0.0,0.0,0.0,0.0
54439,443,6,0.0,0.0,0.0,0.0,0.0,0.0,0.0,0.0,0.0,0.0,106.0,0.0,106.0,106.0,106.0,106.0,0.0,106.0,106.0,0.0,0.0,0.0,0.0,0.0,0,0,0,0,0.0,0.0,0,0,0,0,1,0,0,0,0.0,0.0,0.0,0.0,0,0,0,0,0,0,2,0,0,0,319,-1,0,32,0.0,0.0,0.0,0.0,0.0,0.0,0.0,0.0
50688,443,6,894.0,16099.0,437.0,0.0,64.4667,132.5596,2896.0,0.0,1128.4286,1014.4207,13425.4,88063.589,274799.0,0.0,553830.0,35158.72,100685.508,274799.0,1.0,497568.0,29543.66,76835.358,296819.0,46.0,0,0,0,0,0.0,2896.0,0,0,0,1,0,0,0,0,0.0,523.2393,64.4667,1128.4286,0,0,0,0,0,0,15,894,14,16099,65535,243,6,32,0.0,0.0,0.0,0.0,0.0,0.0,0.0,0.0
59866,443,6,823.0,59488.0,373.0,0.0,24.0923,79.7866,2860.0,0.0,1393.4687,495.4033,4817.46,11260.479,36426.0,1.0,281583.0,16444.1,4230.123,36455.0,1.0,285589.0,5473.9,3381.602,66243.0,1.0,0,0,0,0,0.0,2860.0,0,0,0,1,0,0,0,0,1.0,838.8562,24.0923,1393.4687,0,0,0,0,0,0,38,823,43,59488,65535,349,36,20,0.0,0.0,0.0,0.0,0.0,0.0,0.0,0.0
61127,53,17,75.0,169.0,75.0,75.0,75.0,0.0,169.0,169.0,169.0,0.0,33552.0,0.0,33552.0,33552.0,0.0,0.0,0.0,0.0,0.0,0.0,0.0,0.0,0.0,0.0,0,0,0,0,75.0,169.0,0,0,0,0,0,0,0,0,1.0,159.5,75.0,169.0,0,0,0,0,0,0,1,75,1,169,-1,-1,0,20,0.0,0.0,0.0,0.0,0.0,0.0,0.0,0.0
54893,53,17,78.0,206.0,39.0,39.0,39.0,0.0,103.0,103.0,103.0,0.0,55.33,97.994,160.0,3.0,3.0,3.0,0.0,3.0,3.0,3.0,3.0,0.0,3.0,3.0,0,0,0,0,39.0,103.0,0,0,0,0,0,0,0,0,1.0,80.75,39.0,103.0,0,0,0,0,0,0,2,78,2,206,-1,-1,1,20,0.0,0.0,0.0,0.0,0.0,0.0,0.0,0.0
60009,53,17,88.0,246.0,44.0,44.0,44.0,0.0,123.0,123.0,123.0,0.0,16287.66,28107.112,48856.0,3.0,3.0,3.0,0.0,3.0,3.0,48.0,48.0,0.0,48.0,48.0,0,0,0,0,44.0,123.0,0,0,0,0,0,0,0,0,1.0,94.5,44.0,123.0,0,0,0,0,0,0,2,88,2,246,-1,-1,1,32,0.0,0.0,0.0,0.0,0.0,0.0,0.0,0.0
52508,53,17,80.0,274.0,40.0,40.0,40.0,0.0,137.0,137.0,137.0,0.0,29256.0,50107.434,87717.0,3.0,3.0,3.0,0.0,3.0,3.0,3.0,3.0,0.0,3.0,3.0,0,0,0,0,40.0,137.0,0,0,0,0,0,0,0,0,1.0,98.5,40.0,137.0,0,0,0,0,0,0,2,80,2,274,-1,-1,1,20,0.0,0.0,0.0,0.0,0.0,0.0,0.0,0.0
443,43840,6,0.0,0.0,0.0,0.0,0.0,0.0,0.0,0.0,0.0,0.0,3.0,0.0,3.0,3.0,3.0,3.0,0.0,3.0,3.0,0.0,0.0,0.0,0.0,0.0,0,0,0,0,0.0,0.0,0,0,0,0,1,0,0,0,0.0,0.0,0.0,0.0,0,0,0,0,0,0,2,0,0,0,4553,-1,0,32,0.0,0.0,0.0,0.0,0.0,0.0,0.0,0.0
50395,53,17,72.0,236.0,36.0,36.0,36.0,0.0,118.0,118.0,118.0,0.0,15894.33,27415.021,47674.0,3.0,3.0,3.0,0.0,3.0,3.0,4.0,4.0,0.0,4.0,4.0,0,0,0,0,36.0,118.0,0,0,0,0,0,0,0,0,1.0,86.0,36.0,118.0,0,0,0,0,0,0,2,72,2,236,-1,-1,1,32,0.0,0.0,0.0,0.0,0.0,0.0,0.0,0.0
62691,53,17,64.0,157.0,64.0,64.0,64.0,0.0,157.0,157.0,157.0,0.0,46517.0,0.0,46517.0,46517.0,0.0,0.0,0.0,0.0,0.0,0.0,0.0,0.0,0.0,0.0,0,0,0,0,64.0,157.0,0,0,0,0,0,0,0,0,1.0,142.5,64.0,157.0,0,0,0,0,0,0,1,64,1,157,-1,-1,0,20,0.0,0.0,0.0,0.0,0.0,0.0,0.0,0.0
50007,443,6,1234.0,3458.0,789.0,0.0,93.6364,245.3206,1481.0,0.0,387.0,676.1188,2514371.92,4338334.732,10053585.0,54.0,60688238.0,5047606.58,5144287.651,10079913.0,56.0,60627999.0,5063825.55,5298682.327,10080114.0,251.0,0,0,0,0,0.0,1481.0,0,0,0,1,0,0,0,0,0.0,213.1286,93.6364,387.0,0,0,0,0,0,0,12,1234,13,3458,8192,117,11,20,70646.83,42487.872,179609.0,50467.0,9990862.16,106849.762,10053588.0,9995901.0
443,49494,6,6.0,6.0,6.0,6.0,6.0,0.0,6.0,6.0,6.0,0.0,51.0,0.0,51.0,51.0,0.0,0.0,0.0,0.0,0.0,0.0,0.0,0.0,0.0,0.0,0,0,0,0,6.0,6.0,0,0,0,0,1,1,0,0,1.0,9.0,6.0,6.0,0,0,0,0,0,0,1,6,1,6,60,255,0,20,0.0,0.0,0.0,0.0,0.0,0.0,0.0,0.0
54843,443,6,18.0,6.0,6.0,6.0,6.0,0.0,6.0,6.0,6.0,0.0,15018199.33,24741271.725,45000425.0,23915.0,90055298.0,45027649.0,111.077,45023253.0,45025175.0,90031527.0,45030628.5,1800.159,45025527.0,45038593.0,0,0,0,0,6.0,6.0,0,0,0,0,1,0,0,0,1.0,7.0,6.0,6.0,0,0,0,0,0,0,3,18,3,6,253,1062,2,20,35088.0,0.0,35088.0,35088.0,45000488.0,0.0,45000488.0,45000488.0
443,39786,6,0.0,0.0,0.0,0.0,0.0,0.0,0.0,0.0,0.0,0.0,18.0,0.0,18.0,18.0,0.0,0.0,0.0,0.0,0.0,0.0,0.0,0.0,0.0,0.0,0,0,0,0,0.0,0.0,0,0,0,0,1,1,0,0,1.0,0.0,0.0,0.0,0,0,0,0,0,0,1,0,1,0,351,468,0,32,0.0,0.0,0.0,0.0,0.0,0.0,0.0,0.0
57106,443,6,0.0,0.0,0.0,0.0,0.0,0.0,0.0,0.0,0.0,0.0,77321.5,125625.763,205494.0,43835.0,225553.0,112776.5,171835.296,205494.0,70.0,0.0,0.0,0.0,0.0,0.0,0,0,0,0,0.0,0.0,0,0,0,0,1,0,0,0,0.0,0.0,0.0,0.0,0,0,0,0,0,0,3,0,0,0,16556,-1,0,32,0.0,0.0,0.0,0.0,0.0,0.0,0.0,0.0
36453,53,17,74.0,134.0,37.0,37.0,37.0,0.0,67.0,67.0,67.0,0.0,10451.0,18072.942,31347.0,4.0,4.0,4.0,0.0,4.0,4.0,4.0,4.0,0.0,4.0,4.0,0,0,0,0,37.0,67.0,0,0,0,0,0,0,0,0,1.0,61.25,37.0,67.0,0,0,0,0,0,0,2,74,2,134,-1,-1,1,32,0.0,0.0,0.0,0.0,0.0,0.0,0.0,0.0
56236,443,6,603.0,2015.0,342.0,0.0,66.0526,125.048,1452.0,0.0,312.0,589.6856,413147.5,1488515.069,5798640.0,3.0,5991898.0,898499.87,1917405.854,5798640.0,3.0,106556.0,25712.6,22847.563,41023.0,9.0,0,0,0,0,0.0,1452.0,0,0,0,1,0,0,0,0,0.0,199.2111,66.0526,312.0,0,0,0,0,0,0,9,603,6,2015,8192,11256,8,20,225014.0,0.0,225014.0,225014.0,5798653.0,0.0,5798653.0,5798653.0
443,59145,6,37.0,0.0,31.0,6.0,18.5,17.6777,0.0,0.0,0.0,0.0,4.0,0.0,4.0,4.0,4.0,4.0,0.0,4.0,4.0,0.0,0.0,0.0,0.0,0.0,1,0,0,0,6.0,31.0,0,1,0,0,1,0,0,0,0.0,34.0,18.5,0.0,0,0,0,0,0,0,2,37,0,0,110,-1,1,20,0.0,0.0,0.0,0.0,0.0,0.0,0.0,0.0
443,52095,6,6.0,6.0,6.0,6.0,6.0,0.0,6.0,6.0,6.0,0.0,67.0,0.0,67.0,67.0,0.0,0.0,0.0,0.0,0.0,0.0,0.0,0.0,0.0,0.0,0,0,0,0,6.0,6.0,0,0,0,0,1,1,0,0,1.0,9.0,6.0,6.0,0,0,0,0,0,0,1,6,1,6,8192,253,0,20,0.0,0.0,0.0,0.0,0.0,0.0,0.0,0.0
61152,53,17,88.0,120.0,44.0,44.0,44.0,0.0,60.0,60.0,60.0,0.0,65.0,28.374,99.0,48.0,48.0,48.0,0.0,48.0,48.0,48.0,48.0,0.0,48.0,48.0,0,0,0,0,44.0,60.0,0,0,0,0,0,0,0,0,1.0,63.0,44.0,60.0,0,0,0,0,0,0,2,88,2,120,-1,-1,1,20,0.0,0.0,0.0,0.0,0.0,0.0,0.0,0.0
58443,80,6,301.0,554.0,301.0,0.0,100.75,163.5203,554.0,0.0,141.0,231.2224,1453739.57,3708440.555,9995105.0,125.0,127877.0,35629.66,27395.463,48606.0,3243.0,10055552.0,3362150.33,5721533.882,9999786.0,934.0,0,0,0,0,0.0,554.0,0,0,0,1,0,0,0,0,1.0,120.875,100.75,141.0,0,0,0,0,0,0,4,301,4,554,8192,111,3,20,0.0,0.0,0.0,0.0,0.0,0.0,0.0,0.0
123,123,17,48.0,48.0,48.0,48.0,48.0,0.0,48.0,48.0,48.0,0.0,93098.0,0.0,93098.0,93098.0,0.0,0.0,0.0,0.0,0.0,0.0,0.0,0.0,0.0,0.0,0,0,0,0,48.0,48.0,0,0,0,0,0,0,0,0,1.0,72.0,48.0,48.0,0,0,0,0,0,0,1,48,1,48,-1,-1,0,20,0.0,0.0,0.0,0.0,0.0,0.0,0.0,0.0
443,57888,6,6.0,6.0,6.0,6.0,6.0,0.0,6.0,6.0,6.0,0.0,187.0,0.0,187.0,187.0,0.0,0.0,0.0,0.0,0.0,0.0,0.0,0.0,0.0,0.0,0,0,0,0,6.0,6.0,0,0,0,0,1,1,0,0,1.0,9.0,6.0,6.0,0,0,0,0,0,0,1,6,1,6,124,32850,0,20,0.0,0.0,0.0,0.0,0.0,0.0,0.0,0.0
62489,53,17,94.0,256.0,47.0,47.0,47.0,0.0,128.0,128.0,128.0,0.0,82.0,133.841,246.0,0.0,0.0,0.0,0.0,0.0,0.0,1.0,1.0,0.0,1.0,1.0,0,0,0,0,47.0,128.0,0,0,0,0,0,0,0,0,1.0,99.25,47.0,128.0,0,0,0,0,0,0,2,94,2,256,-1,-1,1,20,0.0,0.0,0.0,0.0,0.0,0.0,0.0,0.0
2668,80,6,12.0,0.0,6.0,6.0,6.0,0.0,0.0,0.0,0.0,0.0,79.0,0.0,79.0,79.0,79.0,79.0,0.0,79.0,79.0,0.0,0.0,0.0,0.0,0.0,0,0,0,0,6.0,6.0,0,0,0,0,1,0,0,0,0.0,9.0,6.0,0.0,0,0,0,0,0,0,2,12,0,0,60259,-1,1,20,0.0,0.0,0.0,0.0,0.0,0.0,0.0,0.0
50388,443,6,2660.0,3065.0,1460.0,0.0,337.7143,512.4664,1521.0,0.0,433.2857,642.7086,386019.37,1270806.175,4976693.0,2.0,186325.0,13565.83,27488.615,76521.0,525.0,5145126.0,707246.33,1872855.666,4998306.0,2.0,0,0,0,0,0.0,1560.0,0,0,0,1,0,0,0,0,1.0,497.6647,337.7143,433.2857,0,0,0,0,0,0,7,2660,14,3065,8192,55,6,20,0.0,0.0,0.0,0.0,0.0,0.0,0.0,0.0
48965,53,17,82.0,426.0,41.0,41.0,41.0,0.0,213.0,213.0,213.0,0.0,86.0,147.077,257.0,4.0,4.0,4.0,0.0,4.0,4.0,4.0,4.0,0.0,4.0,4.0,0,0,0,0,41.0,213.0,0,0,0,0,0,0,0,0,1.0,137.25,41.0,213.0,0,0,0,0,0,0,2,82,2,426,-1,-1,1,32,0.0,0.0,0.0,0.0,0.0,0.0,0.0,0.0
61073,53,17,46.0,239.0,46.0,46.0,46.0,0.0,239.0,239.0,239.0,0.0,94737.0,0.0,94737.0,94737.0,0.0,0.0,0.0,0.0,0.0,0.0,0.0,0.0,0.0,0.0,0,0,0,0,46.0,239.0,0,0,0,0,0,0,0,0,1.0,165.5,46.0,239.0,0,0,0,0,0,0,1,46,1,239,-1,-1,0,20,0.0,0.0,0.0,0.0,0.0,0.0,0.0,0.0
59966,443,6,12.0,0.0,6.0,6.0,6.0,0.0,0.0,0.0,0.0,0.0,5552.5,8853.382,17002.0,3.0,3.0,3.0,0.0,3.0,3.0,0.0,0.0,0.0,0.0,0.0,0,0,0,0,0.0,6.0,0,0,0,0,1,1,0,0,0.0,6.0,6.0,0.0,0,0,0,0,0,0,2,12,1,0,32850,120,1,20,0.0,0.0,0.0,0.0,0.0,0.0,0.0,0.0
443,50765,6,0.0,0.0,0.0,0.0,0.0,0.0,0.0,0.0,0.0,0.0,42.0,0.0,42.0,42.0,0.0,0.0,0.0,0.0,0.0,0.0,0.0,0.0,0.0,0.0,0,0,0,0,0.0,0.0,0,0,0,0,1,0,0,0,1.0,0.0,0.0,0.0,0,0,0,0,0,0,1,0,1,0,362,32832,0,32,0.0,0.0,0.0,0.0,0.0,0.0,0.0,0.0
80,49582,6,0.0,0.0,0.0,0.0,0.0,0.0,0.0,0.0,0.0,0.0,69.0,0.0,69.0,69.0,0.0,0.0,0.0,0.0,0.0,0.0,0.0,0.0,0.0,0.0,0,0,0,0,0.0,0.0,0,0,0,0,1,1,0,0,1.0,0.0,0.0,0.0,0,0,0,0,0,0,1,0,1,0,340,259,0,32,0.0,0.0,0.0,0.0,0.0,0.0,0.0,0.0
443,58301,6,0.0,0.0,0.0,0.0,0.0,0.0,0.0,0.0,0.0,0.0,69.0,0.0,69.0,69.0,0.0,0.0,0.0,0.0,0.0,0.0,0.0,0.0,0.0,0.0,0,0,0,0,0.0,0.0,0,0,0,0,1,1,0,0,1.0,0.0,0.0,0.0,0,0,0,0,0,0,1,0,1,0,332,32832,0,32,0.0,0.0,0.0,0.0,0.0,0.0,0.0,0.0
8331,53,17,88.0,200.0,44.0,44.0,44.0,0.0,100.0,100.0,100.0,0.0,60.33,25.056,87.0,48.0,49.0,49.0,0.0,49.0,49.0,48.0,48.0,0.0,48.0,48.0,0,0,0,0,44.0,100.0,0,0,0,0,0,0,0,0,1.0,83.0,44.0,100.0,0,0,0,0,0,0,2,88,2,200,-1,-1,1,32,0.0,0.0,0.0,0.0,0.0,0.0,0.0,0.0
52039,53,17,124.0,162.0,31.0,31.0,31.0,0.0,81.0,81.0,81.0,0.0,6230.2,13792.238,30828.0,3.0,30808.0,10269.33,17832.898,30898.0,3.0,4.0,4.0,0.0,4.0,4.0,0,0,0,0,31.0,81.0,0,0,0,0,0,0,0,0,0.0,52.8333,31.0,81.0,0,0,0,0,0,0,4,124,2,162,-1,-1,3,20,0.0,0.0,0.0,0.0,0.0,0.0,0.0,0.0
49374,58560,6,12.0,0.0,6.0,6.0,6.0,0.0,0.0,0.0,0.0,0.0,3.0,0.0,3.0,3.0,3.0,3.0,0.0,3.0,3.0,0.0,0.0,0.0,0.0,0.0,0,0,0,0,6.0,6.0,1,0,0,0,0,0,0,0,0.0,9.0,6.0,0.0,0,0,0,0,0,0,2,12,0,0,0,-1,1,20,0.0,0.0,0.0,0.0,0.0,0.0,0.0,0.0
37906,443,6,1104.0,6827.0,517.0,0.0,76.25,167.9219,2896.0,0.0,677.6353,940.0427,369002.47,1661527.297,9995199.0,1.0,284540.0,29144.46,13730.058,78180.0,1.0,10215865.0,758791.85,2504583.067,9999058.0,49.0,0,0,0,0,0.0,2896.0,0,0,0,1,0,0,0,0,0.0,333.7,76.25,677.6353,0,0,0,0,0,0,16,1104,9,6827,29200,33,3,32,100000.0,0.0,100000.0,100000.0,0.0,0.0,0.0,0.0
60969,53,17,49.0,149.0,49.0,49.0,49.0,0.0,149.0,149.0,149.0,0.0,183512.0,0.0,183512.0,183512.0,0.0,0.0,0.0,0.0,0.0,0.0,0.0,0.0,0.0,0.0,0,0,0,0,49.0,149.0,0,0,0,0,0,0,0,0,1.0,123.5,49.0,149.0,0,0,0,0,0,0,1,49,1,149,-1,-1,0,32,0.0,0.0,0.0,0.0,0.0,0.0,0.0,0.0
63292,53,17,84.0,284.0,42.0,42.0,42.0,0.0,142.0,142.0,142.0,0.0,18217.66,31317.89,54641.0,4.0,4.0,4.0,0.0,4.0,4.0,4.0,4.0,0.0,4.0,4.0,0,0,0,0,42.0,142.0,0,0,0,0,0,0,0,0,1.0,102.5,42.0,142.0,0,0,0,0,0,0,2,84,2,284,-1,-1,1,32,0.0,0.0,0.0,0.0,0.0,0.0,0.0,0.0
54394,53,17,132.0,170.0,33.0,33.0,33.0,0.0,85.0,85.0,85.0,0.0,14151.4,19951.965,30148.0,3.0,30163.0,10021.66,17928.251,30168.0,3.0,49.0,49.0,0.0,49.0,49.0,0,0,0,0,33.0,85.0,0,0,0,0,0,0,0,0,0.0,57.1667,33.0,85.0,0,0,0,0,0,0,4,132,2,170,-1,-1,3,20,0.0,0.0,0.0,0.0,0.0,0.0,0.0,0.0
137,137,17,124.0,0.0,62.0,62.0,62.0,0.0,0.0,0.0,0.0,0.0,3.0,0.0,3.0,3.0,3.0,3.0,0.0,3.0,3.0,0.0,0.0,0.0,0.0,0.0,0,0,0,0,62.0,62.0,0,0,0,0,0,0,0,0,0.0,93.0,62.0,0.0,0,0,0,0,0,0,2,124,0,0,-1,-1,1,32,0.0,0.0,0.0,0.0,0.0,0.0,0.0,0.0
59886,53,17,82.0,310.0,41.0,41.0,41.0,0.0,155.0,155.0,155.0,0.0,65.33,106.232,189.0,3.0,3.0,3.0,0.0,3.0,3.0,4.0,4.0,0.0,4.0,4.0,0,0,0,0,41.0,155.0,0,0,0,0,0,0,0,0,1.0,108.25,41.0,155.0,0,0,0,0,0,0,2,82,2,310,-1,-1,1,20,0.0,0.0,0.0,0.0,0.0,0.0,0.0,0.0
56113,53,17,66.0,166.0,33.0,33.0,33.0,0.0,83.0,83.0,83.0,0.0,41067.66,71438.223,123193.0,3.0,3.0,3.0,0.0,3.0,3.0,4.0,4.0,0.0,4.0,4.0,0,0,0,0,33.0,83.0,0,0,0,0,0,0,0,0,1.0,66.25,33.0,83.0,0,0,0,0,0,0,2,66,2,166,-1,-1,1,32,0.0,0.0,0.0,0.0,0.0,0.0,0.0,0.0
57586,443,6,599.0,141.0,517.0,0.0,85.5714,191.3085,141.0,0.0,35.25,70.5,519443.2,1569492.756,4950271.0,3.0,5008059.0,802524.16,2011877.488,5004956.0,3.0,103594.0,51598.66,20107.37,59267.0,582.0,0,0,0,0,0.0,517.0,0,0,0,1,0,0,0,0,0.0,67.2727,85.5714,35.25,0,0,0,0,0,0,7,599,4,141,29200,59,3,32,0.0,0.0,0.0,0.0,0.0,0.0,0.0,0.0
25528,53,17,70.0,264.0,35.0,35.0,35.0,0.0,132.0,132.0,132.0,0.0,25378.0,44699.325,75123.0,3.0,48.0,48.0,0.0,48.0,48.0,3.0,3.0,0.0,3.0,3.0,0,0,0,0,35.0,132.0,0,0,0,0,0,0,0,0,1.0,92.25,35.0,132.0,0,0,0,0,0,0,2,70,2,264,-1,-1,1,32,0.0,0.0,0.0,0.0,0.0,0.0,0.0,0.0
443,65449,6,0.0,0.0,0.0,0.0,0.0,0.0,0.0,0.0,0.0,0.0,119.0,152.725,236.0,3.0,3.0,3.0,0.0,3.0,3.0,0.0,0.0,0.0,0.0,0.0,0,0,0,0,0.0,0.0,0,0,0,0,1,1,0,0,0.0,0.0,0.0,0.0,0,0,0,0,0,0,2,0,1,0,362,32832,0,32,0.0,0.0,0.0,0.0,0.0,0.0,0.0,0.0
54374,80,6,12.0,0.0,6.0,6.0,6.0,0.0,0.0,0.0,0.0,0.0,137.0,0.0,137.0,137.0,137.0,137.0,0.0,137.0,137.0,0.0,0.0,0.0,0.0,0.0,0,0,0,0,6.0,6.0,0,0,0,0,1,0,0,0,0.0,9.0,6.0,0.0,0,0,0,0,0,0,2,12,0,0,251,-1,1,20,0.0,0.0,0.0,0.0,0.0,0.0,0.0,0.0
50373,443,6,736.0,975.0,485.0,0.0,73.6,152.4957,837.0,0.0,243.75,400.8145,6505.35,8476.618,22527.0,16.0,88782.0,8190.44,11982.305,23788.0,18.0,51179.0,12299.33,13392.608,29705.0,1938.0,0,0,0,0,0.0,837.0,0,0,0,1,0,0,0,0,0.0,122.2143,73.6,243.75,0,0,0,0,0,0,10,736,4,975,65535,61,5,32,0.0,0.0,0.0,0.0,0.0,0.0,0.0,0.0
61665,443,6,1063.0,4723.0,752.0,0.0,97.5,212.7868,1678.0,0.0,510.8571,758.46,12751.84,15722.766,38743.0,1.0,149493.0,17112.92,20183.238,54077.0,1.0,111014.0,27212.75,29598.231,50242.0,1.0,0,0,0,0,0.0,1678.0,0,0,0,1,0,0,0,0,0.0,253.3333,97.5,510.8571,0,0,0,0,0,0,12,1063,9,4723,65535,116,6,32,0.0,0.0,0.0,0.0,0.0,0.0,0.0,0.0
443,61653,6,12.0,0.0,6.0,6.0,6.0,0.0,0.0,0.0,0.0,0.0,218.0,0.0,218.0,218.0,218.0,218.0,0.0,218.0,218.0,0.0,0.0,0.0,0.0,0.0,0,0,0,0,6.0,6.0,0,0,0,0,1,0,0,0,0.0,9.0,6.0,0.0,0,0,0,0,0,0,2,12,0,0,360,-1,1,20,0.0,0.0,0.0,0.0,0.0,0.0,0.0,0.0
443,59475,6,37.0,18.0,31.0,6.0,18.5,17.6777,6.0,6.0,6.0,0.0,36064.75,63683.156,108619.0,1.0,108888.0,108888.0,0.0,108888.0,108888.0,49.0,24.5,31.122,48.0,1.0,0,0,0,0,6.0,31.0,0,0,0,0,1,0,0,0,1.0,11.0,18.5,6.0,0,0,0,0,0,0,2,37,3,18,62,0,1,20,0.0,0.0,0.0,0.0,0.0,0.0,0.0,0.0
60334,80,6,736.0,761.0,716.0,0.0,145.2,339.0179,867.0,0.0,294.75,492.5094,11646.28,15169.616,36173.0,50.0,89429.0,21809.25,20914.968,55431.0,350.0,69765.0,22931.66,20569.405,38141.0,8996.0,0,0,0,0,0.0,817.0,0,0,0,1,0,0,0,0,0.0,227.75,145.2,294.75,0,0,0,0,0,0,5,736,4,761,65535,59,1,32,0.0,0.0,0.0,0.0,0.0,0.0,0.0,0.0
22707,53,17,82.0,176.0,41.0,41.0,41.0,0.0,88.0,88.0,88.0,0.0,69.33,116.919,207.0,3.0,3.0,3.0,0.0,3.0,3.0,3.0,3.0,0.0,3.0,3.0,0,0,0,0,41.0,88.0,0,0,0,0,0,0,0,0,1.0,74.75,41.0,88.0,0,0,0,0,0,0,2,82,2,176,-1,-1,1,20,0.0,0.0,0.0,0.0,0.0,0.0,0.0,0.0
59861,443,6,318.0,147.0,233.0,0.0,55.1429,82.165,145.0,0.0,38.25,76.5,1578629.5,4628261.233,11954804.0,3.0,2112293.0,2382834.16,5375183.242,1180045.0,149.0,133196.0,36048.33,31709.905,82783.0,3.0,0,0,0,0,0.0,233.0,0,0,0,1,0,0,0,0,0.0,42.0,55.1429,38.25,0,0,0,0,0,0,7,318,4,147,8192,60,6,20,0.0,0.0,0.0,0.0,0.0,0.0,0.0,0.0
62339,53,17,63.0,123.0,63.0,63.0,63.0,0.0,123.0,123.0,123.0,0.0,46341.0,0.0,46341.0,46341.0,0.0,0.0,0.0,0.0,0.0,0.0,0.0,0.0,0.0,0.0,0,0,0,0,63.0,123.0,0,0,0,0,0,0,0,0,1.0,124.5,63.0,123.0,0,0,0,0,0,0,1,63,1,123,-1,-1,0,32,0.0,0.0,0.0,0.0,0.0,0.0,0.0,0.0
59561,53,17,124.0,254.0,31.0,31.0,31.0,0.0,127.0,127.0,127.0,0.0,65787.2,115378.501,231095.0,3.0,61440.0,20443.33,35315.43,61493.0,3.0,3.0,3.0,0.0,3.0,3.0,0,0,0,0,31.0,127.0,0,0,0,0,0,0,0,0,0.0,62.5,31.0,127.0,0,0,0,0,0,0,4,124,2,254,-1,-1,3,20,0.0,0.0,0.0,0.0,0.0,0.0,0.0,0.0
39356,443,6,12.0,0.0,6.0,6.0,6.0,0.0,0.0,0.0,0.0,0.0,112.0,0.0,112.0,112.0,112.0,112.0,0.0,112.0,112.0,0.0,0.0,0.0,0.0,0.0,0,0,0,0,6.0,6.0,0,0,0,0,1,0,0,0,0.0,9.0,6.0,0.0,0,0,0,0,0,0,2,12,0,0,309,-1,1,20,0.0,0.0,0.0,0.0,0.0,0.0,0.0,0.0
4392,53,17,92.0,248.0,46.0,46.0,46.0,0.0,124.0,124.0,124.0,0.0,9881.66,17436.917,29601.0,1.0,1.0,1.0,0.0,1.0,1.0,49.0,49.0,0.0,49.0,49.0,0,0,0,0,46.0,124.0,0,0,0,0,0,0,0,0,1.0,96.5,46.0,124.0,0,0,0,0,0,0,2,92,2,248,-1,-1,1,32,0.0,0.0,0.0,0.0,0.0,0.0,0.0,0.0
62610,53,17,116.0,201.0,64.0,52.0,58.0,9.8995,132.0,108.0,100.5,16.0767,1613943.0,2876846.85,4954392.0,60679.0,4055439.0,4055439.0,0.0,4055439.0,4055439.0,4955884.0,4955884.0,0.0,4955884.0,4955884.0,0,0,0,0,52.0,132.0,0,0,0,0,0,0,0,0,1.0,92.75,58.0,100.5,0,0,0,0,0,0,2,116,2,201,-1,-1,1,32,0.0,0.0,0.0,0.0,0.0,0.0,0.0,0.0
54713,80,6,12.0,0.0,6.0,6.0,6.0,0.0,0.0,0.0,0.0,0.0,36.0,0.0,36.0,36.0,36.0,36.0,0.0,36.0,36.0,0.0,0.0,0.0,0.0,0.0,0,0,0,0,6.0,6.0,0,0,0,0,1,0,0,0,0.0,9.0,6.0,0.0,0,0,0,0,0,0,2,12,0,0,63740,-1,1,20,0.0,0.0,0.0,0.0,0.0,0.0,0.0,0.0
1160,80,6,12.0,0.0,6.0,6.0,6.0,0.0,0.0,0.0,0.0,0.0,360.0,0.0,360.0,360.0,360.0,360.0,0.0,360.0,360.0,0.0,0.0,0.0,0.0,0.0,0,0,0,0,6.0,6.0,0,0,0,0,1,0,0,0,0.0,9.0,6.0,0.0,0,0,0,0,0,0,2,12,0,0,256,-1,1,20,0.0,0.0,0.0,0.0,0.0,0.0,0.0,0.0
51020,443,6,1328.0,1167.0,1077.0,0.0,132.8,335.2958,969.0,0.0,233.4,448.7503,25660.0,35159.685,74972.0,48.0,384672.0,31523.33,41793.238,110432.0,48.0,248843.0,49485.25,49377.45,87400.0,448.0,0,0,0,0,0.0,1077.0,0,0,0,1,0,0,0,0,0.0,166.3333,132.8,233.4,0,0,0,0,0,0,10,1328,5,1167,65535,68,5,32,0.0,0.0,0.0,0.0,0.0,0.0,0.0,0.0
443,53448,6,37.0,6.0,37.0,0.0,18.5,26.163,6.0,6.0,6.0,0.0,107.5,85.535,161.0,47.0,215.0,215.0,0.0,215.0,215.0,0.0,0.0,0.0,0.0,0.0,1,0,0,0,0.0,37.0,0,1,0,0,1,0,0,0,0.0,26.6667,18.5,6.0,0,0,0,0,0,0,2,37,1,6,116,0,0,32,0.0,0.0,0.0,0.0,0.0,0.0,0.0,0.0
48323,443,6,1549.0,404.0,1629.0,0.0,82.9333,558.0336,156.0,0.0,35.8824,36.1474,3984290.68,4887244.324,10026050.0,3.0,115736285.0,7723813.27,4194689.348,10055984.0,3.0,110710736.0,8509039.15,3777189.852,10051128.0,41.0,0,0,0,0,0.0,1529.0,0,0,0,1,0,0,0,0,0.0,60.1,82.9333,35.8824,0,0,0,0,0,0,19,1549,17,404,29200,383,1,32,52191.54,36660.746,225872.0,36600.0,10016984.27,8452.054,10026059.0,9990013.0
61871,53,17,66.0,122.0,66.0,66.0,66.0,0.0,122.0,122.0,122.0,0.0,30898.0,0.0,30898.0,30898.0,0.0,0.0,0.0,0.0,0.0,0.0,0.0,0.0,0.0,0.0,0,0,0,0,66.0,122.0,0,0,0,0,0,0,0,0,1.0,127.0,66.0,122.0,0,0,0,0,0,0,1,66,1,122,-1,-1,0,32,0.0,0.0,0.0,0.0,0.0,0.0,0.0,0.0
49985,443,6,0.0,0.0,0.0,0.0,0.0,0.0,0.0,0.0,0.0,0.0,62989.0,0.0,62989.0,62989.0,0.0,0.0,0.0,0.0,0.0,0.0,0.0,0.0,0.0,0.0,0,0,0,0,0.0,0.0,0,0,0,0,1,1,0,0,1.0,0.0,0.0,0.0,0,0,0,0,0,0,1,0,1,0,304,254,0,32,0.0,0.0,0.0,0.0,0.0,0.0,0.0,0.0
443,60098,6,6.0,6.0,6.0,6.0,6.0,0.0,6.0,6.0,6.0,0.0,95.0,0.0,95.0,95.0,0.0,0.0,0.0,0.0,0.0,0.0,0.0,0.0,0.0,0.0,0,0,0,0,6.0,6.0,0,0,0,0,1,1,0,0,1.0,9.0,6.0,6.0,0,0,0,0,0,0,1,6,1,6,11258,63532,0,20,0.0,0.0,0.0,0.0,0.0,0.0,0.0,0.0
56488,443,6,549.0,4443.0,192.0,0.0,43.7,74.122,2275.0,0.0,688.8333,1046.1581,1410931.09,4609139.085,19999220.0,1.0,20499945.0,2872497.77,5694457.987,10020616.0,144.0,30228938.0,2027915.6,5653870.398,10024236.0,3.0,0,0,0,0,0.0,2275.0,0,0,0,1,0,0,0,0,0.0,329.3667,43.7,688.8333,0,0,0,0,0,0,10,549,6,4443,8192,30,9,20,146462.9,82325.634,248834.0,102946.0,19867788.0,18949.791,19999222.0,9616401.0
55612,443,6,981.0,10644.0,469.0,0.0,56.3636,131.2264,2546.0,0.0,534.5455,841.9842,22920.7,64379.505,363665.0,1.0,836240.0,49891.33,54468.049,363676.0,1.0,578862.0,40269.06,127589.089,377305.0,2.0,0,0,0,0,0.0,2546.0,0,0,0,1,0,0,0,0,0.0,254.46,56.3636,534.5455,0,0,0,0,0,0,15,981,17,10644,65535,972,6,32,0.0,0.0,0.0,0.0,0.0,0.0,0.0,0.0
56267,53,17,66.0,98.0,33.0,33.0,33.0,0.0,49.0,49.0,49.0,0.0,70.0,47.668,113.0,48.0,49.0,49.0,0.0,49.0,49.0,48.0,48.0,0.0,48.0,48.0,0,0,0,0,33.0,49.0,0,0,0,0,0,0,0,0,1.0,49.25,33.0,49.0,0,0,0,0,0,0,2,66,2,98,-1,-1,1,32,0.0,0.0,0.0,0.0,0.0,0.0,0.0,0.0
1590,53,17,88.0,188.0,44.0,44.0,44.0,0.0,94.0,94.0,94.0,0.0,79.66,137.809,237.0,1.0,1.0,1.0,0.0,1.0,1.0,3.0,3.0,0.0,3.0,3.0,0,0,0,0,44.0,94.0,0,0,0,0,0,0,0,0,1.0,80.0,44.0,94.0,0,0,0,0,0,0,2,88,2,188,-1,-1,1,20,0.0,0.0,0.0,0.0,0.0,0.0,0.0,0.0
50498,443,6,18.0,0.0,6.0,6.0,6.0,0.0,0.0,0.0,0.0,0.0,43008.0,86509.586,179985.0,1.0,4.0,2.0,4.414,3.0,1.0,179691.0,179691.0,0.0,179691.0,179691.0,0,0,0,0,0.0,6.0,1,0,0,0,0,0,0,0,0.0,4.8,6.0,0.0,0,0,0,0,0,0,3,18,2,0,0,116,2,20,0.0,0.0,0.0,0.0,0.0,0.0,0.0,0.0
61825,53,17,93.0,230.0,49.0,48.0,46.5,0.7071,186.0,107.0,135.0,51.0137,5009572.33,9119142.71,16058335.0,23622.0,16099189.0,16099189.0,0.0,16099189.0,16099189.0,16059032.0,16059032.0,0.0,16059032.0,16059032.0,0,0,0,0,48.0,186.0,0,0,0,0,0,0,0,0,1.0,91.0,46.5,135.0,0,0,0,0,0,0,2,93,2,230,-1,-1,1,20,30677.0,0.0,30677.0,30677.0,16058390.0,0.0,16058390.0,16058390.0
123,123,17,96.0,96.0,48.0,48.0,48.0,0.0,48.0,48.0,48.0,0.0,22684883.33,38790127.03,66928616.0,52626.0,66999672.0,66999672.0,0.0,66999672.0,66999672.0,66000122.0,66000122.0,0.0,66000122.0,66000122.0,0,0,0,0,48.0,48.0,0,0,0,0,0,0,0,0,1.0,60.0,48.0,48.0,0,0,0,0,0,0,2,96,2,96,-1,-1,1,20,23114.0,0.0,23114.0,23114.0,66928665.0,0.0,66928665.0,66928665.0
60319,53,17,51.0,133.0,51.0,51.0,51.0,0.0,133.0,133.0,133.0,0.0,30776.0,0.0,30776.0,30776.0,0.0,0.0,0.0,0.0,0.0,0.0,0.0,0.0,0.0,0.0,0,0,0,0,51.0,133.0,0,0,0,0,0,0,0,0,1.0,117.5,51.0,133.0,0,0,0,0,0,0,1,51,1,133,-1,-1,0,32,0.0,0.0,0.0,0.0,0.0,0.0,0.0,0.0
58699,53,17,86.0,118.0,43.0,43.0,43.0,0.0,59.0,59.0,59.0,0.0,52.66,84.87,151.0,3.0,3.0,3.0,0.0,3.0,3.0,3.0,3.0,0.0,3.0,3.0,0,0,0,0,43.0,59.0,0,0,0,0,0,0,0,0,1.0,61.75,43.0,59.0,0,0,0,0,0,0,2,86,2,118,-1,-1,1,32,0.0,0.0,0.0,0.0,0.0,0.0,0.0,0.0
443,51249,6,6.0,6.0,6.0,6.0,6.0,0.0,6.0,6.0,6.0,0.0,32.0,0.0,32.0,32.0,0.0,0.0,0.0,0.0,0.0,0.0,0.0,0.0,0.0,0.0,0,0,0,0,6.0,6.0,0,0,0,0,1,0,0,0,1.0,9.0,6.0,6.0,0,0,0,0,0,0,1,6,1,6,40127,255,0,20,0.0,0.0,0.0,0.0,0.0,0.0,0.0,0.0
6521,443,6,12.0,0.0,6.0,6.0,6.0,0.0,0.0,0.0,0.0,0.0,108.0,0.0,108.0,108.0,108.0,108.0,0.0,108.0,108.0,0.0,0.0,0.0,0.0,0.0,0,0,0,0,6.0,6.0,0,0,0,0,1,0,0,0,0.0,9.0,6.0,0.0,0,0,0,0,0,0,2,12,0,0,16265,-1,1,20,0.0,0.0,0.0,0.0,0.0,0.0,0.0,0.0
59721,443,6,18.0,0.0,6.0,6.0,6.0,0.0,0.0,0.0,0.0,0.0,77.33,90.716,183.0,3.0,224.0,112.0,162.888,225.0,3.0,0.0,0.0,0.0,0.0,0.0,0,0,0,0,0.0,6.0,1,0,0,0,0,0,0,0,0.0,6.0,6.0,0.0,0,0,0,0,0,0,3,18,1,0,0,1118,2,20,0.0,0.0,0.0,0.0,0.0,0.0,0.0,0.0
53585,443,6,388.0,4948.0,201.0,0.0,44.6667,77.8603,1460.0,0.0,786.0,678.2657,380858.64,1312663.108,4757140.0,4.0,5049766.0,769987.25,1860126.814,4757140.0,4.0,147866.0,23740.0,31651.256,78126.0,47.0,0,0,0,0,0.0,1460.0,0,0,0,1,0,0,0,0,0.0,362.8857,44.6667,786.0,0,0,0,0,0,0,9,388,6,4948,8192,60,8,20,0.0,0.0,0.0,0.0,0.0,0.0,0.0,0.0
61337,53,17,37.0,143.0,37.0,37.0,37.0,0.0,143.0,143.0,143.0,0.0,131910.0,0.0,131910.0,131910.0,0.0,0.0,0.0,0.0,0.0,0.0,0.0,0.0,0.0,0.0,0,0,0,0,37.0,143.0,0,0,0,0,0,0,0,0,1.0,118.5,37.0,143.0,0,0,0,0,0,0,1,37,1,143,-1,-1,0,20,0.0,0.0,0.0,0.0,0.0,0.0,0.0,0.0
64519,80,6,315.0,31843.0,405.0,0.0,25.875,79.9506,4380.0,0.0,1394.6,1192.8508,1083136.33,3069336.847,10186576.0,3.0,11845746.0,1490324.63,4081739.822,10186576.0,7.0,21044179.0,1196558.53,3113890.652,10187006.0,48.0,0,0,0,0,0.0,4380.0,0,0,0,1,0,0,0,0,1.0,824.7225,25.875,1394.6,0,0,0,0,0,0,16,315,25,31843,29200,30,15,20,861405.0,0.0,861405.0,861405.0,10186547.0,0.0,10186577.0,10186547.0
62267,53,17,45.0,61.0,45.0,45.0,45.0,0.0,61.0,61.0,61.0,0.0,30957.0,0.0,30957.0,30957.0,0.0,0.0,0.0,0.0,0.0,0.0,0.0,0.0,0.0,0.0,0,0,0,0,45.0,61.0,0,0,0,0,0,0,0,0,1.0,75.5,45.0,61.0,0,0,0,0,0,0,1,45,1,61,-1,-1,0,32,0.0,0.0,0.0,0.0,0.0,0.0,0.0,0.0
443,62859,6,37.0,6.0,37.0,0.0,18.5,26.163,6.0,6.0,6.0,0.0,105.5,20.606,129.0,36.0,211.0,211.0,0.0,211.0,211.0,0.0,0.0,0.0,0.0,0.0,1,0,0,0,0.0,37.0,0,1,0,0,1,0,0,0,0.0,26.6667,18.5,6.0,0,0,0,0,0,0,2,37,1,6,972,0,0,32,0.0,0.0,0.0,0.0,0.0,0.0,0.0,0.0
80,56547,6,6.0,6.0,6.0,6.0,6.0,0.0,6.0,6.0,6.0,0.0,38.0,0.0,38.0,38.0,0.0,0.0,0.0,0.0,0.0,0.0,0.0,0.0,0.0,0.0,0,0,0,0,6.0,6.0,0,0,0,0,1,1,0,0,1.0,9.0,6.0,6.0,0,0,0,0,0,0,1,6,1,6,913,256,0,20,0.0,0.0,0.0,0.0,0.0,0.0,0.0,0.0
443,60917,6,6.0,6.0,6.0,6.0,6.0,0.0,6.0,6.0,6.0,0.0,36.0,0.0,36.0,36.0,0.0,0.0,0.0,0.0,0.0,0.0,0.0,0.0,0.0,0.0,0,0,0,0,6.0,6.0,0,0,0,0,1,1,0,0,1.0,9.0,6.0,6.0,0,0,0,0,0,0,1,6,1,6,119,255,0,20,0.0,0.0,0.0,0.0,0.0,0.0,0.0,0.0
443,60772,6,37.0,6.0,37.0,0.0,18.5,26.163,6.0,6.0,6.0,0.0,119.5,58.193,174.0,95.0,239.0,239.0,0.0,239.0,239.0,0.0,0.0,0.0,0.0,0.0,1,0,0,0,0.0,37.0,0,1,0,0,1,0,0,0,0.0,26.6667,18.5,6.0,0,0,0,0,0,0,2,37,1,6,114,0,0,32,0.0,0.0,0.0,0.0,0.0,0.0,0.0,0.0
60121,53,17,88.0,210.0,44.0,44.0,44.0,0.0,105.0,105.0,105.0,0.0,16345.66,28491.536,48986.0,3.0,3.0,3.0,0.0,3.0,3.0,3.0,3.0,0.0,3.0,3.0,0,0,0,0,44.0,105.0,0,0,0,0,0,0,0,0,1.0,85.5,44.0,105.0,0,0,0,0,0,0,2,88,2,210,-1,-1,1,32,0.0,0.0,0.0,0.0,0.0,0.0,0.0,0.0
63102,53,17,74.0,212.0,37.0,37.0,37.0,0.0,106.0,106.0,106.0,0.0,10433.33,18027.032,31298.0,1.0,1.0,1.0,0.0,1.0,1.0,48.0,48.0,0.0,48.0,48.0,0,0,0,0,37.0,106.0,0,0,0,0,0,0,0,0,1.0,80.75,37.0,106.0,0,0,0,0,0,0,2,74,2,212,-1,-1,1,20,0.0,0.0,0.0,0.0,0.0,0.0,0.0,0.0
57074,53,17,76.0,196.0,38.0,38.0,38.0,0.0,98.0,98.0,98.0,0.0,10326.66,17849.049,30974.0,3.0,3.0,3.0,0.0,3.0,3.0,4.0,4.0,0.0,4.0,4.0,0,0,0,0,38.0,98.0,0,0,0,0,0,0,0,0,1.0,77.5,38.0,98.0,0,0,0,0,0,0,2,76,2,196,-1,-1,1,32,0.0,0.0,0.0,0.0,0.0,0.0,0.0,0.0
443,54041,6,6.0,6.0,6.0,6.0,6.0,0.0,6.0,6.0,6.0,0.0,53.0,0.0,53.0,53.0,0.0,0.0,0.0,0.0,0.0,0.0,0.0,0.0,0.0,0.0,0,0,0,0,6.0,6.0,0,0,0,0,1,1,0,0,1.0,9.0,6.0,6.0,0,0,0,0,0,0,1,6,1,6,60,255,0,20,0.0,0.0,0.0,0.0,0.0,0.0,0.0,0.0
443,54699,6,0.0,0.0,0.0,0.0,0.0,0.0,0.0,0.0,0.0,0.0,46.0,0.0,46.0,46.0,0.0,0.0,0.0,0.0,0.0,0.0,0.0,0.0,0.0,0.0,0,0,0,0,0.0,0.0,0,0,0,0,1,1,0,0,1.0,0.0,0.0,0.0,0,0,0,0,0,0,1,0,1,0,383,32832,0,32,0.0,0.0,0.0,0.0,0.0,0.0,0.0,0.0
42938,80,6,528.0,937.0,444.0,0.0,32.1538,106.1106,937.0,0.0,79.9333,261.2568,3997326.08,4885788.708,10011274.0,46.0,115224904.0,7668287.4,4172259.922,10048027.0,154.0,110588591.0,8506295.24,3759328.735,10048217.0,20782.0,0,0,0,0,0.0,937.0,0,0,0,1,0,0,0,0,0.0,50.9333,32.1538,79.9333,0,0,0,0,0,0,17,528,15,937,29200,4685,1,32,40026.18,7485.06,98537.0,36656.0,10012636.18,4504.955,10011277.0,9996263.0
33784,53,17,62.0,108.0,31.0,31.0,31.0,0.0,54.0,54.0,54.0,0.0,10379.66,17981.791,31132.0,3.0,3.0,3.0,0.0,3.0,3.0,49.0,49.0,0.0,49.0,49.0,0,0,0,0,31.0,54.0,0,0,0,0,0,0,0,0,1.0,50.25,31.0,54.0,0,0,0,0,0,0,2,62,2,108,-1,-1,1,32,0.0,0.0,0.0,0.0,0.0,0.0,0.0,0.0
57960,53,17,90.0,122.0,45.0,45.0,45.0,0.0,61.0,61.0,61.0,0.0,50.33,86.592,149.0,3.0,3.0,3.0,0.0,3.0,3.0,3.0,3.0,0.0,3.0,3.0,0,0,0,0,45.0,61.0,0,0,0,0,0,0,0,0,1.0,64.25,45.0,61.0,0,0,0,0,0,0,2,90,2,122,-1,-1,1,32,0.0,0.0,0.0,0.0,0.0,0.0,0.0,0.0
25261,53,17,94.0,256.0,47.0,47.0,47.0,0.0,128.0,128.0,128.0,0.0,107.33,171.903,315.0,1.0,48.0,48.0,0.0,48.0,48.0,1.0,1.0,0.0,1.0,1.0,0,0,0,0,47.0,128.0,0,0,0,0,0,0,0,0,1.0,99.25,47.0,128.0,0,0,0,0,0,0,2,94,2,256,-1,-1,1,32,0.0,0.0,0.0,0.0,0.0,0.0,0.0,0.0
443,63994,6,37.0,0.0,37.0,0.0,18.5,26.163,0.0,0.0,0.0,0.0,4.0,0.0,4.0,4.0,4.0,4.0,0.0,4.0,4.0,0.0,0.0,0.0,0.0,0.0,1,0,0,0,0.0,37.0,0,1,0,0,1,0,0,0,0.0,37.0,18.5,0.0,0,0,0,0,0,0,2,37,0,0,114,-1,0,32,0.0,0.0,0.0,0.0,0.0,0.0,0.0,0.0
53258,80,6,4786.0,5306.0,2286.0,0.0,290.7143,811.6493,1667.0,0.0,290.6667,550.3345,2275112.72,4230142.569,10009587.0,45.0,115662149.0,4001311.38,4824923.88,10025903.0,859.0,110699007.0,4850790.78,5104098.226,10023344.0,192.0,0,0,0,0,0.0,2286.0,0,0,0,1,0,0,0,0,0.0,351.0097,290.7143,290.6667,0,0,0,0,0,0,24,4786,18,5306,8192,107,23,20,33756.45,26358.14,96218.0,22905.0,10006798.09,7762.665,10009586.0,9994648.0
61490,53,17,52.0,132.0,52.0,52.0,52.0,0.0,132.0,132.0,132.0,0.0,416.0,0.0,416.0,416.0,0.0,0.0,0.0,0.0,0.0,0.0,0.0,0.0,0.0,0.0,0,0,0,0,52.0,132.0,0,0,0,0,0,0,0,0,1.0,128.0,52.0,132.0,0,0,0,0,0,0,1,52,1,132,-1,-1,0,32,0.0,0.0,0.0,0.0,0.0,0.0,0.0,0.0
63762,443,6,1074.0,638.0,517.0,0.0,179.6667,230.9059,439.0,0.0,67.4286,148.2334,94255.0,249655.068,512692.0,0.0,573217.0,145851.4,146616.441,515632.0,43200.0,671288.0,165342.66,258694.774,649878.0,0.0,0,0,0,0,0.0,517.0,0,0,0,1,0,0,0,0,1.0,129.5167,179.6667,67.4286,0,0,0,0,0,0,6,1074,7,638,8192,245,5,20,0.0,0.0,0.0,0.0,0.0,0.0,0.0,0.0
9069,53,17,62.0,196.0,31.0,31.0,31.0,0.0,98.0,98.0,98.0,0.0,68.0,35.134,102.0,48.0,192.0,192.0,0.0,192.0,192.0,48.0,48.0,0.0,48.0,48.0,0,0,0,0,31.0,98.0,0,0,0,0,0,0,0,0,1.0,72.25,31.0,98.0,0,0,0,0,0,0,2,62,2,196,-1,-1,1,32,0.0,0.0,0.0,0.0,0.0,0.0,0.0,0.0
56942,443,6,919.0,1713.0,517.0,0.0,152.1667,225.4251,1632.0,0.0,300.1667,608.4918,180617.3,511676.744,1716758.0,1.0,2861816.0,484601.2,550555.886,1716758.0,90.0,2297074.0,349679.8,583660.551,1753645.0,1.0,0,0,0,0,0.0,1632.0,0,0,0,1,0,0,0,0,1.0,269.4667,152.1667,300.1667,0,0,0,0,0,0,6,919,6,1713,8192,245,5,20,0.0,0.0,0.0,0.0,0.0,0.0,0.0,0.0
1469,80,6,1531.0,432.0,1448.0,0.0,327.25,639.0178,422.0,0.0,46.4,133.4232,406862.28,1274099.343,2268296.0,93.0,655384.0,111461.66,142532.6,273455.0,346.0,2052297.0,820563.25,1823456.701,2398203.0,1089.0,0,0,0,0,0.0,1448.0,0,0,0,1,0,0,0,0,1.0,187.0,327.25,46.4,0,0,0,0,0,0,4,1531,5,432,8192,5824,3,20,0.0,0.0,0.0,0.0,0.0,0.0,0.0,0.0
63952,443,6,663.0,1215.0,421.0,0.0,66.3,132.8383,1077.0,0.0,259.0,470.034,8261.14,13390.425,32876.0,3.0,103221.0,11801.0,17421.533,34912.0,3.0,66963.0,13490.75,13884.041,33273.0,403.0,0,0,0,0,0.0,1077.0,0,0,0,1,0,0,0,0,0.0,125.6,66.3,259.0,0,0,0,0,0,0,10,663,5,1215,65535,972,5,32,0.0,0.0,0.0,0.0,0.0,0.0,0.0,0.0
55102,53,17,62.0,254.0,31.0,31.0,31.0,0.0,127.0,127.0,127.0,0.0,57.66,92.166,166.0,3.0,3.0,3.0,0.0,3.0,3.0,3.0,3.0,0.0,3.0,3.0,0,0,0,0,31.0,127.0,0,0,0,0,0,0,0,0,1.0,86.75,31.0,127.0,0,0,0,0,0,0,2,62,2,254,-1,-1,1,20,0.0,0.0,0.0,0.0,0.0,0.0,0.0,0.0
46123,443,6,4045.0,174484.0,390.0,0.0,49.3286,116.8434,2920.0,0.0,1349.9578,534.1108,374033.62,1525921.798,10253272.0,2.0,115515179.0,626075.77,2030490.068,10240625.0,3.0,112444416.0,348954.33,2056387.115,10232505.0,2.0,0,0,0,0,0.0,2920.0,0,0,0,1,0,0,0,0,1.0,774.3042,49.3286,1349.9578,0,0,0,0,0,0,154,4045,122,174484,29200,32,151,20,62103.41,135303.802,453779.0,14950.0,10023842.36,59161.285,10253277.0,10002877.0
57437,53,17,64.0,536.0,32.0,32.0,32.0,0.0,268.0,268.0,268.0,0.0,60905.0,112859.197,182601.0,4.0,4.0,4.0,0.0,4.0,4.0,4.0,4.0,0.0,4.0,4.0,0,0,0,0,32.0,268.0,0,0,0,0,0,0,0,0,1.0,158.0,32.0,268.0,0,0,0,0,0,0,2,64,2,536,-1,-1,1,20,0.0,0.0,0.0,0.0,0.0,0.0,0.0,0.0
40548,443,6,123.0,46.0,46.0,0.0,24.6,23.2766,46.0,46.0,46.0,0.0,852046.8,1808075.465,4111644.0,49.0,4200628.0,1050112.0,2093011.912,4111644.0,49.0,0.0,0.0,0.0,0.0,0.0,1,0,0,0,0.0,46.0,0,1,0,0,1,0,0,0,0.0,35.8333,24.6,46.0,0,0,0,0,0,0,5,123,1,46,332,357,2,32,0.0,0.0,0.0,0.0,0.0,0.0,0.0,0.0
43722,443,6,599.0,160.0,517.0,0.0,85.5714,191.3085,160.0,0.0,53.3333,92.376,638681.9,1694659.225,5430030.0,3.0,5586334.0,953029.33,2279840.515,5570181.0,3.0,90351.0,90150.5,30932.451,69146.0,21586.0,0,0,0,0,0.0,517.0,0,0,0,1,0,0,0,0,0.0,75.9,85.5714,53.3333,0,0,0,0,0,0,7,599,3,160,29200,59,3,32,119404.0,0.0,119404.0,119404.0,5430070.0,0.0,5430030.0,5430070.0
51265,443,6,12.0,0.0,6.0,6.0,6.0,0.0,0.0,0.0,0.0,0.0,144.0,0.0,144.0,144.0,144.0,144.0,0.0,144.0,144.0,0.0,0.0,0.0,0.0,0.0,0,0,0,0,6.0,6.0,0,0,0,0,1,0,0,0,0.0,9.0,6.0,0.0,0,0,0,0,0,0,2,12,0,0,62914,-1,1,20,0.0,0.0,0.0,0.0,0.0,0.0,0.0,0.0
39946,443,6,0.0,31.0,0.0,0.0,0.0,0.0,31.0,0.0,15.5,11.9208,3534465.25,5001735.934,18218511.0,40053.0,29036000.0,9039000.0,0.0,18236000.0,19036000.0,29168279.0,9168179.0,0.0,19268279.0,19168279.0,0,0,0,0,0.0,31.0,0,0,0,0,1,0,0,0,2.0,1.25,0.0,15.5,0,0,0,0,0,0,1,0,2,31,390,414,0,32,24013.0,0.0,24013.0,24013.0,18218541.0,0.0,18218541.0,18218541.0
65512,53,17,64.0,96.0,32.0,32.0,32.0,0.0,48.0,48.0,48.0,0.0,50.0,85.16,144.0,3.0,4.0,4.0,0.0,4.0,4.0,3.0,3.0,0.0,3.0,3.0,0,0,0,0,32.0,48.0,0,0,0,0,0,0,0,0,1.0,48.0,32.0,48.0,0,0,0,0,0,0,2,64,2,96,-1,-1,1,32,0.0,0.0,0.0,0.0,0.0,0.0,0.0,0.0
60248,53,17,94.0,222.0,47.0,47.0,47.0,0.0,111.0,111.0,111.0,0.0,61.0,64.004,132.0,3.0,3.0,3.0,0.0,3.0,3.0,48.0,48.0,0.0,48.0,48.0,0,0,0,0,47.0,111.0,0,0,0,0,0,0,0,0,1.0,90.75,47.0,111.0,0,0,0,0,0,0,2,94,2,222,-1,-1,1,32,0.0,0.0,0.0,0.0,0.0,0.0,0.0,0.0
59966,80,6,333.0,94315.0,403.0,0.0,20.0778,83.9432,4344.0,0.0,1717.8301,895.9484,973359.7,2889430.676,10027679.0,0.0,115357595.0,2836385.18,4019122.285,10048005.0,1.0,110745752.0,1511022.89,3314853.254,10048271.0,2.0,0,0,0,0,0.0,4344.0,0,0,0,1,0,0,0,0,1.0,1073.67,20.0778,1717.8301,0,0,0,0,0,0,42,333,49,94315,29200,939,1,32,25710.63,36922.333,46695.0,23483.0,10021789.54,8077.748,10027678.0,9999597.0
33149,443,6,31.0,0.0,31.0,0.0,15.5,21.9203,0.0,0.0,0.0,0.0,0.0,0.0,0.0,0.0,0.0,0.0,0.0,0.0,0.0,0.0,0.0,0.0,0.0,0.0,1,0,0,0,0.0,31.0,0,1,0,0,1,0,0,0,0.0,31.0,15.5,0.0,0,0,0,0,0,0,2,31,0,0,1312,-1,0,32,0.0,0.0,0.0,0.0,0.0,0.0,0.0,0.0
63785,53,17,90.0,122.0,45.0,45.0,45.0,0.0,61.0,61.0,61.0,0.0,49.66,70.251,133.0,3.0,3.0,3.0,0.0,3.0,3.0,3.0,3.0,0.0,3.0,3.0,0,0,0,0,45.0,61.0,0,0,0,0,0,0,0,0,1.0,64.25,45.0,61.0,0,0,0,0,0,0,2,90,2,122,-1,-1,1,20,0.0,0.0,0.0,0.0,0.0,0.0,0.0,0.0
41742,80,6,0.0,0.0,0.0,0.0,0.0,0.0,0.0,0.0,0.0,0.0,1940065.66,3522543.24,5800795.0,92.0,5822391.0,2911195.5,4123345.233,5800795.0,16279.0,0.0,0.0,0.0,0.0,0.0,0,0,0,0,0.0,0.0,0,0,0,1,0,0,0,0,0.0,0.0,0.0,0.0,0,0,0,0,0,0,3,0,1,0,29200,42408,0,32,0.0,0.0,0.0,0.0,0.0,0.0,0.0,0.0
59858,53,17,76.0,376.0,38.0,38.0,38.0,0.0,188.0,188.0,188.0,0.0,79.66,139.472,232.0,3.0,3.0,3.0,0.0,3.0,3.0,4.0,4.0,0.0,4.0,4.0,0,0,0,0,38.0,188.0,0,0,0,0,0,0,0,0,1.0,122.5,38.0,188.0,0,0,0,0,0,0,2,76,2,376,-1,-1,1,20,0.0,0.0,0.0,0.0,0.0,0.0,0.0,0.0
58689,443,6,1528.0,1879.0,854.0,0.0,101.7778,245.3581,853.0,0.0,178.9091,369.3062,3039441.2,4648043.584,10011365.0,42.0,115140230.0,5767559.08,4968202.99,10047993.0,48.0,110608528.0,6527407.8,4942886.903,10048229.0,512.0,0,0,0,0,0.0,854.0,0,0,0,1,0,0,0,0,0.0,147.6144,101.7778,178.9091,0,0,0,0,0,0,22,1528,19,1879,29200,370,4,32,88010.91,23705.712,152349.0,36245.0,9600340.58,1318707.172,10011367.0,5782692.0
61162,53,17,106.0,138.0,56.0,50.0,53.0,4.2426,117.0,54.0,89.0,23.1928,22790974.66,32181568.746,67042677.0,451.0,67040684.0,67040684.0,0.0,67040684.0,67040684.0,67083025.0,67083025.0,0.0,67083025.0,67083025.0,0,0,0,0,50.0,117.0,0,0,0,0,0,0,0,0,1.0,85.75,53.0,89.0,0,0,0,0,0,0,2,106,2,138,-1,-1,1,32,61057.0,0.0,61057.0,61057.0,67042605.0,0.0,67042605.0,67042605.0
54822,443,6,2945.0,3146.0,1460.0,0.0,161.4167,432.9512,1429.0,0.0,167.8571,333.8901,2823194.12,4474045.706,10025807.0,4.0,60743809.0,5514109.94,5202599.985,10112007.0,243.0,60581231.0,6042288.9,5168374.895,10118215.0,4.0,0,0,0,0,0.0,1420.0,0,0,0,1,0,0,0,0,0.0,157.3844,161.4167,167.8571,0,0,0,0,0,0,15,2945,14,3146,29200,120,3,32,79350.66,85661.367,197348.0,50517.0,9993077.0,101805.751,10025803.0,9706936.0
55613,443,6,12.0,0.0,6.0,6.0,6.0,0.0,0.0,0.0,0.0,0.0,3.0,0.0,3.0,3.0,3.0,3.0,0.0,3.0,3.0,0.0,0.0,0.0,0.0,0.0,0,0,0,0,6.0,6.0,1,0,0,0,0,0,0,0,0.0,9.0,6.0,0.0,0,0,0,0,0,0,2,12,0,0,0,-1,1,20,0.0,0.0,0.0,0.0,0.0,0.0,0.0,0.0
443,39668,6,12.0,0.0,6.0,6.0,6.0,0.0,0.0,0.0,0.0,0.0,773.0,0.0,773.0,773.0,773.0,773.0,0.0,773.0,773.0,0.0,0.0,0.0,0.0,0.0,0,0,0,0,6.0,6.0,0,0,0,0,1,0,0,0,0.0,9.0,6.0,0.0,0,0,0,0,0,0,2,12,0,0,10030,-1,1,20,0.0,0.0,0.0,0.0,0.0,0.0,0.0,0.0
49985,53,17,140.0,332.0,70.0,70.0,70.0,0.0,166.0,166.0,166.0,0.0,73.66,87.162,170.0,3.0,49.0,49.0,0.0,49.0,49.0,3.0,3.0,0.0,3.0,3.0,0,0,0,0,70.0,166.0,0,0,0,0,0,0,0,0,1.0,133.5,70.0,166.0,0,0,0,0,0,0,2,140,2,332,-1,-1,1,32,0.0,0.0,0.0,0.0,0.0,0.0,0.0,0.0
60172,443,6,0.0,0.0,0.0,0.0,0.0,0.0,0.0,0.0,0.0,0.0,187.0,0.0,187.0,187.0,187.0,187.0,0.0,187.0,187.0,0.0,0.0,0.0,0.0,0.0,0,0,0,0,0.0,0.0,0,0,0,0,1,0,0,0,0.0,0.0,0.0,0.0,0,0,0,0,0,0,2,0,0,0,367,-1,0,32,0.0,0.0,0.0,0.0,0.0,0.0,0.0,0.0
53344,3868,6,12.0,0.0,6.0,6.0,6.0,0.0,0.0,0.0,0.0,0.0,3.0,0.0,3.0,3.0,3.0,3.0,0.0,3.0,3.0,0.0,0.0,0.0,0.0,0.0,0,0,0,0,6.0,6.0,0,0,0,0,1,0,0,0,0.0,9.0,6.0,0.0,0,0,0,0,0,0,2,12,0,0,16284,-1,1,20,0.0,0.0,0.0,0.0,0.0,0.0,0.0,0.0
22762,53,17,68.0,100.0,34.0,34.0,34.0,0.0,50.0,50.0,50.0,0.0,10609.33,18341.682,31872.0,1.0,1.0,1.0,0.0,1.0,1.0,48.0,48.0,0.0,48.0,48.0,0,0,0,0,34.0,50.0,0,0,0,0,0,0,0,0,1.0,50.5,34.0,50.0,0,0,0,0,0,0,2,68,2,100,-1,-1,1,32,0.0,0.0,0.0,0.0,0.0,0.0,0.0,0.0
80,57717,6,0.0,0.0,0.0,0.0,0.0,0.0,0.0,0.0,0.0,0.0,684.0,0.0,684.0,684.0,0.0,0.0,0.0,0.0,0.0,0.0,0.0,0.0,0.0,0.0,0,0,0,0,0.0,0.0,0,0,0,0,1,1,0,0,1.0,0.0,0.0,0.0,0,0,0,0,0,0,1,0,1,0,118,33304,0,32,0.0,0.0,0.0,0.0,0.0,0.0,0.0,0.0
61897,53,17,40.0,72.0,40.0,40.0,40.0,0.0,72.0,72.0,72.0,0.0,204085.0,0.0,204085.0,204085.0,0.0,0.0,0.0,0.0,0.0,0.0,0.0,0.0,0.0,0.0,0,0,0,0,40.0,72.0,0,0,0,0,0,0,0,0,1.0,76.0,40.0,72.0,0,0,0,0,0,0,1,40,1,72,-1,-1,0,20,0.0,0.0,0.0,0.0,0.0,0.0,0.0,0.0
443,61807,6,0.0,0.0,0.0,0.0,0.0,0.0,0.0,0.0,0.0,0.0,78.0,0.0,78.0,78.0,0.0,0.0,0.0,0.0,0.0,0.0,0.0,0.0,0.0,0.0,0,0,0,0,0.0,0.0,0,0,0,0,1,0,0,0,1.0,0.0,0.0,0.0,0,0,0,0,0,0,1,0,1,0,123,33304,0,32,0.0,0.0,0.0,0.0,0.0,0.0,0.0,0.0
51812,443,6,0.0,0.0,0.0,0.0,0.0,0.0,0.0,0.0,0.0,0.0,174.0,0.0,174.0,174.0,174.0,174.0,0.0,174.0,174.0,0.0,0.0,0.0,0.0,0.0,0,0,0,0,0.0,0.0,0,0,0,0,1,0,0,0,0.0,0.0,0.0,0.0,0,0,0,0,0,0,2,0,0,0,335,-1,0,32,0.0,0.0,0.0,0.0,0.0,0.0,0.0,0.0
58448,443,6,352.0,3782.0,208.0,0.0,58.6667,87.8605,1460.0,0.0,630.3333,677.2171,24074.14,39454.488,86195.0,34.0,267107.0,53479.4,46100.024,88155.0,137.0,179786.0,35978.2,47686.842,88831.0,48.0,0,0,0,0,0.0,1460.0,0,0,0,1,0,0,0,0,1.0,344.5,58.6667,630.3333,0,0,0,0,0,0,6,352,6,3782,8192,60,5,20,0.0,0.0,0.0,0.0,0.0,0.0,0.0,0.0
61133,53,17,82.0,254.0,41.0,41.0,41.0,0.0,127.0,127.0,127.0,0.0,87.66,143.315,255.0,4.0,4.0,4.0,0.0,4.0,4.0,4.0,4.0,0.0,4.0,4.0,0,0,0,0,41.0,127.0,0,0,0,0,0,0,0,0,1.0,94.25,41.0,127.0,0,0,0,0,0,0,2,82,2,254,-1,-1,1,20,0.0,0.0,0.0,0.0,0.0,0.0,0.0,0.0
443,50386,6,43.0,0.0,31.0,6.0,14.3333,14.4338,0.0,0.0,0.0,0.0,2.0,1.414,3.0,1.0,4.0,2.0,1.414,3.0,1.0,0.0,0.0,0.0,0.0,0.0,0,0,0,0,6.0,31.0,0,0,0,0,1,0,0,0,0.0,16.3333,14.3333,0.0,0,0,0,0,0,0,3,43,0,0,62,-1,2,20,0.0,0.0,0.0,0.0,0.0,0.0,0.0,0.0
54935,443,6,29.0,0.0,29.0,0.0,7.25,14.5,0.0,0.0,0.0,0.0,136947.0,251434.911,564211.0,40.0,524736.0,144575.0,253771.501,564271.0,48.0,0.0,0.0,0.0,0.0,0.0,0,0,0,0,0.0,29.0,0,0,0,0,1,0,0,0,0.0,7.25,7.25,0.0,0,0,0,0,0,0,4,29,0,0,33061,-1,1,32,0.0,0.0,0.0,0.0,0.0,0.0,0.0,0.0
59644,53,17,80.0,112.0,40.0,40.0,40.0,0.0,56.0,56.0,56.0,0.0,61.0,21.018,87.0,48.0,49.0,49.0,0.0,49.0,49.0,48.0,48.0,0.0,48.0,48.0,0,0,0,0,40.0,56.0,0,0,0,0,0,0,0,0,1.0,58.0,40.0,56.0,0,0,0,0,0,0,2,80,2,112,-1,-1,1,32,0.0,0.0,0.0,0.0,0.0,0.0,0.0,0.0
65595,443,6,135.0,46.0,46.0,6.0,27.0,20.1246,46.0,46.0,46.0,0.0,745003.8,1454374.552,3511000.0,3.0,3614112.0,958026.5,1422060.661,3511000.0,3.0,0.0,0.0,0.0,0.0,0.0,1,0,0,0,6.0,46.0,0,1,0,0,1,0,0,0,0.0,37.8333,27.0,46.0,0,0,0,0,0,0,5,135,1,46,255,280,4,20,0.0,0.0,0.0,0.0,0.0,0.0,0.0,0.0
45960,53,17,88.0,200.0,44.0,44.0,44.0,0.0,100.0,100.0,100.0,0.0,10366.66,17903.426,31093.0,3.0,4.0,4.0,0.0,4.0,4.0,3.0,3.0,0.0,3.0,3.0,0,0,0,0,44.0,100.0,0,0,0,0,0,0,0,0,1.0,83.0,44.0,100.0,0,0,0,0,0,0,2,88,2,200,-1,-1,1,32,0.0,0.0,0.0,0.0,0.0,0.0,0.0,0.0
80,49263,6,6.0,6.0,6.0,6.0,6.0,0.0,6.0,6.0,6.0,0.0,31.0,0.0,31.0,31.0,0.0,0.0,0.0,0.0,0.0,0.0,0.0,0.0,0.0,0.0,0,0,0,0,6.0,6.0,0,0,0,0,1,1,0,0,1.0,9.0,6.0,6.0,0,0,0,0,0,0,1,6,1,6,8190,64240,0,20,0.0,0.0,0.0,0.0,0.0,0.0,0.0,0.0
54092,443,6,74.0,0.0,37.0,37.0,37.0,0.0,0.0,0.0,0.0,0.0,32038849.0,0.0,32038849.0,32038849.0,32038849.0,32038849.0,0.0,32038849.0,32038849.0,0.0,0.0,0.0,0.0,0.0,1,0,0,0,37.0,37.0,0,1,0,0,1,1,0,0,0.0,55.5,37.0,0.0,0,0,0,0,0,0,2,74,0,0,33304,-1,1,32,0.0,0.0,0.0,0.0,0.0,0.0,0.0,0.0
57125,443,6,12.0,0.0,6.0,6.0,6.0,0.0,0.0,0.0,0.0,0.0,158.0,0.0,158.0,158.0,158.0,158.0,0.0,158.0,158.0,0.0,0.0,0.0,0.0,0.0,0,0,0,0,6.0,6.0,0,0,0,0,1,0,0,0,0.0,9.0,6.0,0.0,0,0,0,0,0,0,2,12,0,0,253,-1,1,20,0.0,0.0,0.0,0.0,0.0,0.0,0.0,0.0
63000,443,6,673.0,5111.0,517.0,0.0,84.125,179.9718,1777.0,0.0,737.8333,773.9973,413969.69,1661184.863,5805027.0,18.0,5986191.0,848111.0,2083250.275,5805027.0,18.0,76117.0,19081.4,17595.7,38412.0,50.0,0,0,0,0,0.0,1777.0,0,0,0,1,0,0,0,0,0.0,396.7571,84.125,737.8333,0,0,0,0,0,0,8,673,6,5111,8192,946,7,20,173770.0,0.0,173770.0,173770.0,5805054.0,0.0,5805024.0,5805054.0
443,51508,6,37.0,0.0,31.0,6.0,18.5,17.6777,0.0,0.0,0.0,0.0,3.0,0.0,3.0,3.0,3.0,3.0,0.0,3.0,3.0,0.0,0.0,0.0,0.0,0.0,1,0,0,0,6.0,31.0,0,1,0,0,1,0,0,0,0.0,34.0,18.5,0.0,0,0,0,0,0,0,2,37,0,0,30062,-1,1,20,0.0,0.0,0.0,0.0,0.0,0.0,0.0,0.0
38632,443,6,1642.0,67586.0,1110.0,0.0,21.7111,153.5044,4344.0,0.0,995.0077,1053.7879,1069441.32,3093758.808,10015674.0,8.0,115813494.0,2841581.42,4352881.039,10048017.0,48.0,110725547.0,1808035.09,3770557.029,10048168.0,48.0,0,0,0,0,0.0,4344.0,0,0,0,1,0,0,0,0,1.0,915.15,21.7111,995.0077,0,0,0,0,0,0,47,1642,41,67586,29200,1068,7,32,42196.5,25571.611,126851.0,36762.0,10016236.09,4616.434,10015679.0,9999900.0
443,54926,6,37.0,0.0,37.0,0.0,18.5,26.163,0.0,0.0,0.0,0.0,3.0,0.0,3.0,3.0,3.0,3.0,0.0,3.0,3.0,0.0,0.0,0.0,0.0,0.0,1,0,0,0,0.0,37.0,0,1,0,0,1,0,0,0,0.0,37.0,18.5,0.0,0,0,0,0,0,0,2,37,0,0,972,-1,0,32,0.0,0.0,0.0,0.0,0.0,0.0,0.0,0.0
443,52485,6,12.0,0.0,6.0,6.0,6.0,0.0,0.0,0.0,0.0,0.0,41.0,0.0,41.0,41.0,41.0,41.0,0.0,41.0,41.0,0.0,0.0,0.0,0.0,0.0,0,0,0,0,6.0,6.0,0,0,0,0,1,0,0,0,0.0,9.0,6.0,0.0,0,0,0,0,0,0,2,12,0,0,30,-1,1,20,0.0,0.0,0.0,0.0,0.0,0.0,0.0,0.0
443,58756,6,6.0,6.0,6.0,6.0,6.0,0.0,6.0,6.0,6.0,0.0,109.0,0.0,109.0,109.0,0.0,0.0,0.0,0.0,0.0,0.0,0.0,0.0,0.0,0.0,0,0,0,0,6.0,6.0,0,0,0,0,1,1,0,0,1.0,9.0,6.0,6.0,0,0,0,0,0,0,1,6,1,6,123,256,0,20,0.0,0.0,0.0,0.0,0.0,0.0,0.0,0.0
443,63815,6,12.0,6.0,6.0,6.0,6.0,0.0,6.0,6.0,6.0,0.0,17479.0,25415.808,34780.0,49.0,34838.0,34838.0,0.0,34838.0,34838.0,0.0,0.0,0.0,0.0,0.0,0,0,0,0,6.0,6.0,0,0,0,0,1,0,0,0,0.0,8.0,6.0,6.0,0,0,0,0,0,0,2,12,1,6,32,32850,1,20,0.0,0.0,0.0,0.0,0.0,0.0,0.0,0.0
50598,443,6,659.0,356.0,453.0,0.0,93.9,167.0027,181.0,0.0,59.3333,80.0641,20580.37,39463.203,86699.0,4.0,300802.0,35840.5,43208.672,126590.0,4.0,205157.0,55389.4,46358.971,89709.0,4.0,0,0,0,0,0.0,453.0,0,0,0,1,0,0,0,0,0.0,77.1333,93.9,59.3333,0,0,0,0,0,0,10,659,6,356,65535,130,5,32,0.0,0.0,0.0,0.0,0.0,0.0,0.0,0.0
44092,443,6,826.0,27587.0,235.0,0.0,30.3182,60.9512,2896.0,0.0,878.9556,930.5426,3815.47,10864.782,37836.0,1.0,215653.0,3241.86,10074.42,38845.0,1.0,176093.0,4984.25,27020.567,59185.0,1.0,0,0,0,0,0.0,2896.0,0,0,0,1,0,0,0,0,1.0,498.9348,30.3182,878.9556,0,0,0,0,0,0,33,826,31,27587,29200,122,6,32,0.0,0.0,0.0,0.0,0.0,0.0,0.0,0.0
61976,53,17,43.0,59.0,43.0,43.0,43.0,0.0,59.0,59.0,59.0,0.0,30003.0,0.0,30003.0,30003.0,0.0,0.0,0.0,0.0,0.0,0.0,0.0,0.0,0.0,0.0,0,0,0,0,43.0,59.0,0,0,0,0,0,0,0,0,1.0,72.5,43.0,59.0,0,0,0,0,0,0,1,43,1,59,-1,-1,0,20,0.0,0.0,0.0,0.0,0.0,0.0,0.0,0.0
53633,53,17,78.0,486.0,39.0,39.0,39.0,0.0,243.0,243.0,243.0,0.0,8065.66,13933.377,24101.0,3.0,49.0,49.0,0.0,49.0,49.0,3.0,3.0,0.0,3.0,3.0,0,0,0,0,39.0,243.0,0,0,0,0,0,0,0,0,1.0,148.75,39.0,243.0,0,0,0,0,0,0,2,78,2,486,-1,-1,1,20,0.0,0.0,0.0,0.0,0.0,0.0,0.0,0.0
6949,443,6,1674.0,419.0,1368.0,0.0,152.1818,406.4073,321.0,0.0,79.8,149.9723,19512.0,39227.419,106931.0,43.0,359277.0,25566.7,56789.572,124254.0,48.0,255451.0,30930.25,44556.362,128166.0,339.0,0,0,0,0,0.0,1368.0,0,0,0,1,0,0,0,0,0.0,136.85,152.1818,79.8,0,0,0,0,0,0,11,1674,5,419,65535,362,6,32,0.0,0.0,0.0,0.0,0.0,0.0,0.0,0.0
54080,53,17,168.0,380.0,84.0,84.0,84.0,0.0,190.0,190.0,190.0,0.0,60.0,90.666,173.0,3.0,3.0,3.0,0.0,3.0,3.0,3.0,3.0,0.0,3.0,3.0,0,0,0,0,84.0,190.0,0,0,0,0,0,0,0,0,1.0,168.0,84.0,190.0,0,0,0,0,0,0,2,168,2,380,-1,-1,1,32,0.0,0.0,0.0,0.0,0.0,0.0,0.0,0.0
58808,443,6,759.0,799.0,501.0,0.0,75.9,172.7618,661.0,0.0,159.8,286.4807,13780.92,19482.093,60262.0,3.0,199454.0,24964.11,21575.737,70241.0,3.0,128710.0,23482.0,17150.097,60457.0,597.0,0,0,0,0,0.0,661.0,0,0,0,1,0,0,0,0,0.0,108.8667,75.9,159.8,0,0,0,0,0,0,10,759,5,799,65535,349,5,32,0.0,0.0,0.0,0.0,0.0,0.0,0.0,0.0
61339,53,17,72.0,542.0,36.0,36.0,36.0,0.0,271.0,271.0,271.0,0.0,84.33,147.798,251.0,4.0,4.0,4.0,0.0,4.0,4.0,4.0,4.0,0.0,4.0,4.0,0,0,0,0,36.0,271.0,0,0,0,0,0,0,0,0,1.0,162.5,36.0,271.0,0,0,0,0,0,0,2,72,2,542,-1,-1,1,32,0.0,0.0,0.0,0.0,0.0,0.0,0.0,0.0
59190,443,6,1042.0,3193.0,597.0,0.0,83.1818,166.5073,1418.0,0.0,499.1429,625.1619,7245.5,11071.177,24669.0,10.0,104229.0,10513.9,13269.99,32173.0,48.0,101218.0,16412.66,17824.138,54257.0,49.0,0,0,0,0,0.0,1418.0,0,0,0,1,0,0,0,0,0.0,234.1738,83.1818,499.1429,0,0,0,0,0,0,11,1042,7,3193,65535,357,6,32,0.0,0.0,0.0,0.0,0.0,0.0,0.0,0.0
49651,53,17,68.0,380.0,34.0,34.0,34.0,0.0,190.0,190.0,190.0,0.0,10288.33,17843.473,30850.0,3.0,4.0,4.0,0.0,4.0,4.0,3.0,3.0,0.0,3.0,3.0,0,0,0,0,34.0,190.0,0,0,0,0,0,0,0,0,1.0,120.5,34.0,190.0,0,0,0,0,0,0,2,68,2,380,-1,-1,1,40,0.0,0.0,0.0,0.0,0.0,0.0,0.0,0.0
58896,443,6,6.0,6.0,6.0,6.0,6.0,0.0,6.0,6.0,6.0,0.0,32499.0,0.0,32499.0,32499.0,0.0,0.0,0.0,0.0,0.0,0.0,0.0,0.0,0.0,0.0,0,0,0,0,6.0,6.0,1,0,0,0,1,0,0,0,1.0,9.0,6.0,6.0,0,0,0,0,0,0,1,6,1,6,0,0,0,20,0.0,0.0,0.0,0.0,0.0,0.0,0.0,0.0
80,49348,6,12.0,0.0,6.0,6.0,6.0,0.0,0.0,0.0,0.0,0.0,227.0,0.0,227.0,227.0,227.0,227.0,0.0,227.0,227.0,0.0,0.0,0.0,0.0,0.0,0,0,0,0,6.0,6.0,0,0,0,0,1,0,0,0,0.0,9.0,6.0,0.0,0,0,0,0,0,0,2,12,0,0,4440,-1,1,20,0.0,0.0,0.0,0.0,0.0,0.0,0.0,0.0
80,51416,6,6.0,6.0,6.0,6.0,6.0,0.0,6.0,6.0,6.0,0.0,92.0,0.0,92.0,92.0,0.0,0.0,0.0,0.0,0.0,0.0,0.0,0.0,0.0,0.0,0,0,0,0,6.0,6.0,0,0,0,0,1,1,0,0,1.0,9.0,6.0,6.0,0,0,0,0,0,0,1,6,1,6,112,256,0,20,0.0,0.0,0.0,0.0,0.0,0.0,0.0,0.0
61822,53,17,50.0,105.0,50.0,50.0,50.0,0.0,105.0,105.0,105.0,0.0,23769.0,0.0,23769.0,23769.0,0.0,0.0,0.0,0.0,0.0,0.0,0.0,0.0,0.0,0.0,0,0,0,0,50.0,105.0,0,0,0,0,0,0,0,0,1.0,102.5,50.0,105.0,0,0,0,0,0,0,1,50,1,105,-1,-1,0,32,0.0,0.0,0.0,0.0,0.0,0.0,0.0,0.0
53418,53,17,60.0,414.0,30.0,30.0,30.0,0.0,207.0,207.0,207.0,0.0,76.33,97.888,187.0,3.0,3.0,3.0,0.0,3.0,3.0,49.0,49.0,0.0,49.0,49.0,0,0,0,0,30.0,207.0,0,0,0,0,0,0,0,0,1.0,126.0,30.0,207.0,0,0,0,0,0,0,2,60,2,414,-1,-1,1,32,0.0,0.0,0.0,0.0,0.0,0.0,0.0,0.0
443,2816,6,12.0,0.0,6.0,6.0,6.0,0.0,0.0,0.0,0.0,0.0,999457.0,0.0,999457.0,999457.0,999457.0,999457.0,0.0,999457.0,999457.0,0.0,0.0,0.0,0.0,0.0,0,0,0,0,6.0,6.0,0,0,0,0,1,0,0,0,0.0,9.0,6.0,0.0,0,0,0,0,0,0,2,12,0,0,4936,-1,1,20,0.0,0.0,0.0,0.0,0.0,0.0,0.0,0.0
53304,53,17,96.0,612.0,48.0,48.0,48.0,0.0,306.0,306.0,306.0,0.0,24248.66,40445.76,62595.0,3.0,4.0,4.0,0.0,4.0,4.0,3.0,3.0,0.0,3.0,3.0,0,0,0,0,48.0,306.0,0,0,0,0,0,0,0,0,1.0,189.0,48.0,306.0,0,0,0,0,0,0,2,96,2,612,-1,-1,1,20,0.0,0.0,0.0,0.0,0.0,0.0,0.0,0.0
57150,53,17,64.0,96.0,32.0,32.0,32.0,0.0,48.0,48.0,48.0,0.0,57.0,54.008,129.0,3.0,3.0,3.0,0.0,3.0,3.0,48.0,48.0,0.0,48.0,48.0,0,0,0,0,32.0,48.0,0,0,0,0,0,0,0,0,1.0,48.0,32.0,48.0,0,0,0,0,0,0,2,64,2,96,-1,-1,1,32,0.0,0.0,0.0,0.0,0.0,0.0,0.0,0.0
61585,443,6,1350.0,1648.0,1077.0,0.0,132.7273,339.2995,1397.0,0.0,237.4286,464.2416,4937.82,6836.772,15168.0,1.0,63561.0,7204.2,8313.137,20943.0,1.0,41603.0,8610.83,7140.822,15763.0,102.0,0,0,0,0,0.0,1397.0,0,0,0,1,0,0,0,0,0.0,164.0909,132.7273,237.4286,0,0,0,0,0,0,11,1350,7,1648,65535,32,10,20,0.0,0.0,0.0,0.0,0.0,0.0,0.0,0.0
56174,443,6,13329.0,46234.0,5604.0,0.0,530.2692,1589.1173,1418.0,0.0,1003.1609,515.4558,694725.0,2428309.93,10054081.0,0.0,46749743.0,1237369.07,3429911.153,10055912.0,1.0,40542274.0,1242189.14,3320779.756,10051086.0,1.0,0,0,0,0,0.0,5604.0,0,0,0,1,0,0,0,0,1.0,736.4738,530.2692,1003.1609,0,0,0,0,0,0,29,13329,43,46234,29200,400,8,32,57345.0,46497.336,139464.0,34156.0,9610525.25,1384235.1,10054084.0,5246267.0
57563,443,6,890.0,3558.0,433.0,0.0,91.4286,144.1847,1397.0,0.0,317.8,574.6423,413063.77,1435515.792,4966231.0,2.0,91185.0,21619.5,37832.305,35716.0,622.0,5060334.0,1140086.55,2057191.45,5002231.0,2.0,0,0,0,0,0.0,1397.0,0,0,0,1,0,0,0,0,1.0,216.8429,91.4286,317.8,0,0,0,0,0,0,7,890,10,3558,65535,16387,6,20,0.0,0.0,0.0,0.0,0.0,0.0,0.0,0.0
60874,53,17,55.0,71.0,55.0,55.0,55.0,0.0,71.0,71.0,71.0,0.0,30392.0,0.0,30392.0,30392.0,0.0,0.0,0.0,0.0,0.0,0.0,0.0,0.0,0.0,0.0,0,0,0,0,55.0,71.0,0,0,0,0,0,0,0,0,1.0,90.5,55.0,71.0,0,0,0,0,0,0,1,55,1,71,-1,-1,0,32,0.0,0.0,0.0,0.0,0.0,0.0,0.0,0.0
443,56412,6,37.0,0.0,37.0,0.0,18.5,26.163,0.0,0.0,0.0,0.0,3.0,0.0,3.0,3.0,3.0,3.0,0.0,3.0,3.0,0.0,0.0,0.0,0.0,0.0,1,0,0,0,0.0,37.0,0,1,0,0,1,0,0,0,0.0,37.0,18.5,0.0,0,0,0,0,0,0,2,37,0,0,972,-1,0,32,0.0,0.0,0.0,0.0,0.0,0.0,0.0,0.0
6865,80,6,12.0,0.0,6.0,6.0,6.0,0.0,0.0,0.0,0.0,0.0,102.0,0.0,102.0,102.0,102.0,102.0,0.0,102.0,102.0,0.0,0.0,0.0,0.0,0.0,0,0,0,0,6.0,6.0,0,0,0,0,1,0,0,0,0.0,9.0,6.0,0.0,0,0,0,0,0,0,2,12,0,0,256,-1,1,20,0.0,0.0,0.0,0.0,0.0,0.0,0.0,0.0
41615,443,6,0.0,0.0,0.0,0.0,0.0,0.0,0.0,0.0,0.0,0.0,121792.0,0.0,121792.0,121792.0,0.0,0.0,0.0,0.0,0.0,0.0,0.0,0.0,0.0,0.0,0,0,0,0,0.0,0.0,0,0,0,0,1,1,0,0,1.0,0.0,0.0,0.0,0,0,0,0,0,0,1,0,1,0,329,252,0,32,0.0,0.0,0.0,0.0,0.0,0.0,0.0,0.0
443,52482,6,18.0,0.0,6.0,6.0,6.0,0.0,0.0,0.0,0.0,0.0,527.0,107.949,1886.0,1.0,1854.0,927.0,676.446,1856.0,1.0,0.0,0.0,0.0,0.0,0.0,0,0,0,0,6.0,6.0,0,0,0,0,1,0,0,0,0.0,8.0,6.0,0.0,0,0,0,0,0,0,3,18,0,0,360,-1,2,20,0.0,0.0,0.0,0.0,0.0,0.0,0.0,0.0
443,60021,6,0.0,0.0,0.0,0.0,0.0,0.0,0.0,0.0,0.0,0.0,30.0,35.662,58.0,3.0,3.0,3.0,0.0,3.0,3.0,0.0,0.0,0.0,0.0,0.0,0,0,0,0,0.0,0.0,0,0,0,0,1,1,0,0,0.0,0.0,0.0,0.0,0,0,0,0,0,0,2,0,1,0,362,32832,0,32,0.0,0.0,0.0,0.0,0.0,0.0,0.0,0.0
62062,443,6,748.0,5117.0,355.0,0.0,52.3077,117.3309,1418.0,0.0,394.2222,542.5031,13496.78,20166.321,53974.0,1.0,299412.0,29970.92,26421.365,58910.0,48.0,261559.0,25169.38,42976.165,93766.0,1.0,0,0,0,0,0.0,1418.0,0,0,0,1,0,0,0,0,0.0,211.1,52.3077,394.2222,0,0,0,0,0,0,13,748,13,5117,65535,357,6,32,0.0,0.0,0.0,0.0,0.0,0.0,0.0,0.0
123,123,17,96.0,96.0,48.0,48.0,48.0,0.0,48.0,48.0,48.0,0.0,23009971.33,38074239.086,68976488.0,23527.0,69000194.0,69000194.0,0.0,69000194.0,69000194.0,69000086.0,69000086.0,0.0,69000086.0,69000086.0,0,0,0,0,48.0,48.0,0,0,0,0,0,0,0,0,1.0,60.0,48.0,48.0,0,0,0,0,0,0,2,96,2,96,-1,-1,1,20,90647.0,0.0,90647.0,90647.0,68976402.0,0.0,68976402.0,68976402.0
43113,53,17,54.0,162.0,27.0,27.0,27.0,0.0,81.0,81.0,81.0,0.0,72.33,83.138,167.0,1.0,1.0,1.0,0.0,1.0,1.0,48.0,48.0,0.0,48.0,48.0,0,0,0,0,27.0,81.0,0,0,0,0,0,0,0,0,1.0,63.75,27.0,81.0,0,0,0,0,0,0,2,54,2,162,-1,-1,1,32,0.0,0.0,0.0,0.0,0.0,0.0,0.0,0.0
62625,80,6,839.0,743.0,839.0,0.0,173.8,419.3621,743.0,0.0,184.3333,383.0391,14893.14,23038.479,50368.0,55.0,81765.0,20991.75,24981.316,50631.0,319.0,32773.0,16954.5,22725.681,30516.0,424.0,0,0,0,0,0.0,749.0,0,0,0,1,0,0,0,0,0.0,184.625,173.8,184.3333,0,0,0,0,0,0,5,839,3,743,65535,453,1,32,0.0,0.0,0.0,0.0,0.0,0.0,0.0,0.0
54605,443,6,123.0,46.0,46.0,0.0,24.6,23.2766,46.0,46.0,46.0,0.0,831688.8,1763747.172,3982668.0,16.0,4153574.0,1033693.5,1950448.866,3982668.0,17.0,0.0,0.0,0.0,0.0,0.0,1,0,0,0,0.0,46.0,0,1,0,0,1,0,0,0,0.0,35.8333,24.6,46.0,0,0,0,0,0,0,5,123,1,46,307,357,2,32,0.0,0.0,0.0,0.0,0.0,0.0,0.0,0.0
55757,443,6,74.0,0.0,37.0,37.0,37.0,0.0,0.0,0.0,0.0,0.0,32033219.0,0.0,32033219.0,32033219.0,32033219.0,32033219.0,0.0,32033219.0,32033219.0,0.0,0.0,0.0,0.0,0.0,1,0,0,0,37.0,37.0,0,1,0,0,1,1,0,0,0.0,55.5,37.0,0.0,0,0,0,0,0,0,2,74,0,0,33304,-1,1,32,0.0,0.0,0.0,0.0,0.0,0.0,0.0,0.0
80,55027,6,6.0,6.0,6.0,6.0,6.0,0.0,6.0,6.0,6.0,0.0,4.0,0.0,4.0,4.0,0.0,0.0,0.0,0.0,0.0,0.0,0.0,0.0,0.0,0.0,0,0,0,0,6.0,6.0,0,0,0,0,1,1,0,0,1.0,9.0,6.0,6.0,0,0,0,0,0,0,1,6,1,6,946,256,0,20,0.0,0.0,0.0,0.0,0.0,0.0,0.0,0.0
443,57302,6,43.0,6.0,31.0,6.0,14.3333,14.4338,6.0,6.0,6.0,0.0,36009.66,43103.115,70927.0,37.0,70002.0,35001.0,0.0,70001.0,30002.0,0.0,0.0,0.0,0.0,0.0,0,0,0,0,6.0,31.0,0,0,0,0,1,0,0,0,0.0,13.75,14.3333,6.0,0,0,0,0,0,0,3,43,1,6,1127,0,2,20,0.0,0.0,0.0,0.0,0.0,0.0,0.0,0.0
21770,53,17,70.0,264.0,35.0,35.0,35.0,0.0,132.0,132.0,132.0,0.0,76.66,121.016,222.0,1.0,3.0,3.0,0.0,3.0,3.0,1.0,1.0,0.0,1.0,1.0,0,0,0,0,35.0,132.0,0,0,0,0,0,0,0,0,1.0,92.25,35.0,132.0,0,0,0,0,0,0,2,70,2,264,-1,-1,1,20,0.0,0.0,0.0,0.0,0.0,0.0,0.0,0.0
53521,443,6,974.0,4362.0,373.0,0.0,64.9333,114.281,1448.0,0.0,546.3333,663.1546,14614.56,20820.766,89603.0,1.0,348837.0,21187.35,29100.771,89683.0,1.0,259197.0,23245.4,45181.39,127676.0,210.0,0,0,0,0,0.0,1448.0,0,0,0,1,0,0,0,0,0.0,258.64,64.9333,546.3333,0,0,0,0,0,0,15,974,6,4362,65535,79,6,32,0.0,0.0,0.0,0.0,0.0,0.0,0.0,0.0
53056,53,17,132.0,98.0,33.0,33.0,33.0,0.0,49.0,49.0,49.0,0.0,165377.4,378315.549,752348.0,3.0,92684.0,30898.0,53666.237,92675.0,3.0,3.0,3.0,0.0,3.0,3.0,0,0,0,0,33.0,49.0,0,0,0,0,0,0,0,0,0.0,43.8333,33.0,49.0,0,0,0,0,0,0,4,132,2,98,-1,-1,3,20,0.0,0.0,0.0,0.0,0.0,0.0,0.0,0.0
80,52244,6,6.0,6.0,6.0,6.0,6.0,0.0,6.0,6.0,6.0,0.0,119.0,0.0,119.0,119.0,0.0,0.0,0.0,0.0,0.0,0.0,0.0,0.0,0.0,0.0,0,0,0,0,6.0,6.0,0,0,0,0,1,1,0,0,1.0,9.0,6.0,6.0,0,0,0,0,0,0,1,6,1,6,1024,256,0,20,0.0,0.0,0.0,0.0,0.0,0.0,0.0,0.0
443,50529,6,37.0,0.0,37.0,0.0,12.3333,21.362,0.0,0.0,0.0,0.0,2.5,2.128,4.0,1.0,5.0,2.5,2.706,4.0,1.0,0.0,0.0,0.0,0.0,0.0,0,0,0,0,0.0,37.0,0,0,0,0,1,0,0,0,0.0,12.3333,12.3333,0.0,0,0,0,0,0,0,3,37,0,0,114,-1,1,32,0.0,0.0,0.0,0.0,0.0,0.0,0.0,0.0
60256,53,17,44.0,208.0,44.0,44.0,44.0,0.0,208.0,208.0,208.0,0.0,125572.0,0.0,125572.0,125572.0,0.0,0.0,0.0,0.0,0.0,0.0,0.0,0.0,0.0,0.0,0,0,0,0,44.0,208.0,0,0,0,0,0,0,0,0,1.0,148.0,44.0,208.0,0,0,0,0,0,0,1,44,1,208,-1,-1,0,20,0.0,0.0,0.0,0.0,0.0,0.0,0.0,0.0
57236,443,6,2460.0,5860.0,865.0,0.0,109.3676,244.5616,1430.0,0.0,290.0909,501.7933,2938477.28,4533217.341,10003583.0,1.0,116436493.0,5190368.69,4881877.734,10036025.0,2.0,110539792.0,6523995.8,4940389.57,10031660.0,1.0,0,0,0,0,0.0,1430.0,0,0,0,1,0,0,0,0,1.0,183.7123,109.3676,290.0909,0,0,0,0,0,0,23,2460,22,5860,8192,5136,22,20,22541.58,33537.091,108309.0,11121.0,9625230.75,1281898.806,10003581.0,5322315.0
49078,443,6,703.0,19129.0,380.0,0.0,17.3636,76.6941,2588.0,0.0,571.9692,765.65,2126882.42,4117545.121,10224078.0,3.0,115729083.0,4160185.68,5060102.418,10240012.0,3.0,112989680.0,4716204.14,5184998.229,10240297.0,49.0,0,0,0,0,0.0,2588.0,0,0,0,1,0,0,0,0,0.0,287.1177,17.3636,571.9692,0,0,0,0,0,0,36,703,29,19129,29200,296,4,32,72440.91,15987.025,184976.0,23276.0,10185845.27,61649.603,10224073.0,10003411.0
59728,443,6,373.0,5005.0,233.0,0.0,47.625,75.9013,1460.0,0.0,720.5,684.8304,419122.05,1492294.784,5151958.0,3.0,5408829.0,777402.9,1943445.769,5151958.0,3.0,104893.0,10976.85,21253.403,51744.0,48.0,0,0,0,0,0.0,1460.0,0,0,0,1,0,0,0,0,0.0,366.7846,47.625,720.5,0,0,0,0,0,0,8,373,8,5005,8192,119,7,20,337877.0,0.0,337877.0,337877.0,5151980.0,0.0,5151980.0,5151980.0
443,50724,6,0.0,0.0,0.0,0.0,0.0,0.0,0.0,0.0,0.0,0.0,3.0,0.0,3.0,3.0,3.0,3.0,0.0,3.0,3.0,0.0,0.0,0.0,0.0,0.0,0,0,0,0,0.0,0.0,0,0,0,0,1,0,0,0,0.0,0.0,0.0,0.0,0,0,0,0,0,0,2,0,0,0,6559,-1,0,32,0.0,0.0,0.0,0.0,0.0,0.0,0.0,0.0
42885,53,17,64.0,256.0,32.0,32.0,32.0,0.0,128.0,128.0,128.0,0.0,20435.0,35323.252,61296.0,3.0,3.0,3.0,0.0,3.0,3.0,4.0,4.0,0.0,4.0,4.0,0,0,0,0,32.0,128.0,0,0,0,0,0,0,0,0,1.0,88.0,32.0,128.0,0,0,0,0,0,0,2,64,2,256,-1,-1,1,20,0.0,0.0,0.0,0.0,0.0,0.0,0.0,0.0
15231,53,17,72.0,242.0,36.0,36.0,36.0,0.0,121.0,121.0,121.0,0.0,10921.66,18325.821,32764.0,1.0,1.0,1.0,0.0,1.0,1.0,48.0,48.0,0.0,48.0,48.0,0,0,0,0,36.0,121.0,0,0,0,0,0,0,0,0,1.0,87.5,36.0,121.0,0,0,0,0,0,0,2,72,2,242,-1,-1,1,32,0.0,0.0,0.0,0.0,0.0,0.0,0.0,0.0
64099,53,17,102.0,330.0,51.0,51.0,51.0,0.0,165.0,165.0,165.0,0.0,30281.33,52689.937,90891.0,4.0,4.0,4.0,0.0,4.0,4.0,4.0,4.0,0.0,4.0,4.0,0,0,0,0,51.0,165.0,0,0,0,0,0,0,0,0,1.0,125.75,51.0,165.0,0,0,0,0,0,0,2,102,2,330,-1,-1,1,32,0.0,0.0,0.0,0.0,0.0,0.0,0.0,0.0
62352,53,17,45.0,116.0,45.0,45.0,45.0,0.0,116.0,116.0,116.0,0.0,426.0,0.0,426.0,426.0,0.0,0.0,0.0,0.0,0.0,0.0,0.0,0.0,0.0,0.0,0,0,0,0,45.0,116.0,0,0,0,0,0,0,0,0,1.0,103.0,45.0,116.0,0,0,0,0,0,0,1,45,1,116,-1,-1,0,20,0.0,0.0,0.0,0.0,0.0,0.0,0.0,0.0
58153,443,6,599.0,160.0,517.0,0.0,85.5714,191.3085,160.0,0.0,53.3333,92.376,601523.44,1799269.015,5453727.0,3.0,5503430.0,934035.0,2282181.722,5555374.0,3.0,87929.0,47974.5,34210.86,63955.0,24721.0,0,0,0,0,0.0,517.0,0,0,0,1,0,0,0,0,0.0,75.9,85.5714,53.3333,0,0,0,0,0,0,7,599,3,160,29200,59,3,32,95072.0,0.0,95072.0,95072.0,5453785.0,0.0,5453725.0,5453785.0
5254,443,6,12.0,0.0,6.0,6.0,6.0,0.0,0.0,0.0,0.0,0.0,3.0,0.0,3.0,3.0,3.0,3.0,0.0,3.0,3.0,0.0,0.0,0.0,0.0,0.0,0,0,0,0,6.0,6.0,1,0,0,0,0,0,0,0,0.0,9.0,6.0,0.0,0,0,0,0,0,0,2,12,0,0,0,-1,1,20,0.0,0.0,0.0,0.0,0.0,0.0,0.0,0.0
9968,443,6,1317.0,6730.0,431.0,0.0,60.2143,82.0266,1430.0,0.0,322.2941,515.6515,1993171.82,3950591.756,10012540.0,1.0,116343437.0,4843164.95,4914581.455,10030477.0,3.0,110542076.0,4504002.82,4934950.37,10035069.0,1.0,0,0,0,0,0.0,1430.0,0,0,0,1,0,0,0,0,1.0,194.0238,60.2143,322.2941,0,0,0,0,0,0,21,1317,28,6730,8192,360,20,20,41424.81,68992.137,236971.0,34244.0,9638173.16,1443598.304,10012547.0,5188343.0
16449,53,17,68.0,100.0,34.0,34.0,34.0,0.0,50.0,50.0,50.0,0.0,52.66,84.17,152.0,3.0,4.0,4.0,0.0,4.0,4.0,3.0,3.0,0.0,3.0,3.0,0,0,0,0,34.0,50.0,0,0,0,0,0,0,0,0,1.0,50.5,34.0,50.0,0,0,0,0,0,0,2,68,2,100,-1,-1,1,20,0.0,0.0,0.0,0.0,0.0,0.0,0.0,0.0
37955,53,17,84.0,284.0,42.0,42.0,42.0,0.0,142.0,142.0,142.0,0.0,12511.66,21468.228,37581.0,3.0,3.0,3.0,0.0,3.0,3.0,3.0,3.0,0.0,3.0,3.0,0,0,0,0,42.0,142.0,0,0,0,0,0,0,0,0,1.0,102.5,42.0,142.0,0,0,0,0,0,0,2,84,2,284,-1,-1,1,20,0.0,0.0,0.0,0.0,0.0,0.0,0.0,0.0
61813,53,17,55.0,342.0,55.0,55.0,55.0,0.0,342.0,342.0,342.0,0.0,60451.0,0.0,60451.0,60451.0,0.0,0.0,0.0,0.0,0.0,0.0,0.0,0.0,0.0,0.0,0,0,0,0,55.0,342.0,0,0,0,0,0,0,0,0,1.0,226.0,55.0,342.0,0,0,0,0,0,0,1,55,1,342,-1,-1,0,20,0.0,0.0,0.0,0.0,0.0,0.0,0.0,0.0
64112,443,6,135.0,46.0,46.0,6.0,27.0,20.1246,46.0,46.0,46.0,0.0,1176857.2,2488827.03,4880681.0,49.0,5128964.0,1282243.5,2440476.845,4880681.0,49.0,0.0,0.0,0.0,0.0,0.0,1,0,0,0,6.0,46.0,0,1,0,0,1,0,0,0,0.0,37.8333,27.0,46.0,0,0,0,0,0,0,5,135,1,46,63755,1180,4,20,0.0,0.0,0.0,0.0,0.0,0.0,0.0,0.0
59092,53,17,68.0,100.0,34.0,34.0,34.0,0.0,50.0,50.0,50.0,0.0,53.0,59.911,108.0,4.0,4.0,4.0,0.0,4.0,4.0,50.0,50.0,0.0,50.0,50.0,0,0,0,0,34.0,50.0,0,0,0,0,0,0,0,0,1.0,50.5,34.0,50.0,0,0,0,0,0,0,2,68,2,100,-1,-1,1,40,0.0,0.0,0.0,0.0,0.0,0.0,0.0,0.0
53886,21,6,6.0,12.0,6.0,6.0,6.0,0.0,6.0,6.0,6.0,0.0,117.5,29.001,143.0,0.0,0.0,0.0,0.0,0.0,0.0,181.0,181.0,0.0,181.0,181.0,0,0,0,0,6.0,6.0,0,0,0,0,1,1,0,0,2.0,8.0,6.0,6.0,0,0,0,0,0,0,1,6,2,12,255,229,0,20,0.0,0.0,0.0,0.0,0.0,0.0,0.0,0.0
61752,53,17,66.0,872.0,66.0,66.0,66.0,0.0,472.0,472.0,472.0,0.0,30472.0,0.0,30472.0,30472.0,0.0,0.0,0.0,0.0,0.0,0.0,0.0,0.0,0.0,0.0,0,0,0,0,66.0,472.0,0,0,0,0,0,0,0,0,1.0,342.0,66.0,472.0,0,0,0,0,0,0,1,66,1,872,-1,-1,0,32,0.0,0.0,0.0,0.0,0.0,0.0,0.0,0.0
38974,443,6,12.0,6.0,6.0,6.0,6.0,0.0,6.0,6.0,6.0,0.0,15524200.0,22005846.471,31509399.0,128109.0,31526803.0,31526803.0,0.0,31526803.0,31526803.0,0.0,0.0,0.0,0.0,0.0,0,0,0,0,6.0,6.0,0,0,0,0,1,0,0,0,0.0,8.0,6.0,6.0,0,0,0,0,0,0,2,12,1,6,63897,47958,1,20,0.0,0.0,0.0,0.0,0.0,0.0,0.0,0.0
443,61699,6,37.0,0.0,31.0,6.0,18.5,17.6777,0.0,0.0,0.0,0.0,48.0,0.0,48.0,48.0,48.0,48.0,0.0,48.0,48.0,0.0,0.0,0.0,0.0,0.0,1,0,0,0,6.0,31.0,0,1,0,0,1,0,0,0,0.0,34.0,18.5,0.0,0,0,0,0,0,0,2,37,0,0,62,-1,1,20,0.0,0.0,0.0,0.0,0.0,0.0,0.0,0.0
54551,80,6,12.0,0.0,6.0,0.0,4.0,3.4641,0.0,0.0,0.0,0.0,1911715.66,3341641.081,5927468.0,116.0,5951993.0,2975996.5,4194907.081,5927468.0,15431.0,0.0,0.0,0.0,0.0,0.0,0,0,0,0,0.0,6.0,0,0,0,1,0,0,0,0,0.0,3.0,4.0,0.0,0,0,0,0,0,0,3,12,1,0,8192,42780,2,20,0.0,0.0,0.0,0.0,0.0,0.0,0.0,0.0
52723,443,6,29.0,0.0,29.0,0.0,5.8,12.9692,0.0,0.0,0.0,0.0,22689.75,55609.054,145524.0,0.0,145836.0,31489.5,52964.24,145524.0,0.0,0.0,0.0,0.0,0.0,0.0,0,0,0,0,0.0,29.0,0,0,0,0,1,0,0,0,0.0,5.8,5.8,0.0,0,0,0,0,0,0,5,29,0,0,33061,-1,1,32,0.0,0.0,0.0,0.0,0.0,0.0,0.0,0.0
443,51477,6,6.0,6.0,6.0,6.0,6.0,0.0,6.0,6.0,6.0,0.0,3.0,0.0,3.0,3.0,0.0,0.0,0.0,0.0,0.0,0.0,0.0,0.0,0.0,0.0,0,0,0,0,6.0,6.0,0,0,0,0,1,1,0,0,1.0,9.0,6.0,6.0,0,0,0,0,0,0,1,6,1,6,119,16360,0,20,0.0,0.0,0.0,0.0,0.0,0.0,0.0,0.0
53368,443,6,352.0,3782.0,208.0,0.0,58.6667,87.8605,1460.0,0.0,630.3333,677.2171,23605.27,39234.929,84204.0,49.0,277836.0,55327.2,47194.909,87646.0,1140.0,178989.0,35817.8,47913.766,88287.0,55.0,0,0,0,0,0.0,1460.0,0,0,0,1,0,0,0,0,1.0,344.5,58.6667,630.3333,0,0,0,0,0,0,6,352,6,3782,8192,60,5,20,0.0,0.0,0.0,0.0,0.0,0.0,0.0,0.0
50280,443,6,18.0,0.0,6.0,6.0,6.0,0.0,0.0,0.0,0.0,0.0,58.33,65.045,139.0,4.0,176.0,88.0,125.777,173.0,4.0,0.0,0.0,0.0,0.0,0.0,0,0,0,0,0.0,6.0,1,0,0,0,0,0,0,0,0.0,6.0,6.0,0.0,0,0,0,0,0,0,3,18,1,0,0,1114,2,20,0.0,0.0,0.0,0.0,0.0,0.0,0.0,0.0
59954,443,6,1241.0,5953.0,405.0,0.0,73.9375,108.2931,1776.0,0.0,332.5556,626.7386,2193414.8,4072403.952,10211026.0,48.0,65852650.0,3788006.16,4994405.087,10240002.0,49.0,65800446.0,5088272.0,5021026.339,10340237.0,250.0,0,0,0,0,0.0,1776.0,0,0,0,1,0,0,0,0,0.0,183.2667,73.9375,332.5556,0,0,0,0,0,0,16,1241,18,5953,8192,1016,15,20,84230.16,116494.373,347419.0,53039.0,10156913.28,75982.547,10211022.0,9968709.0
60311,443,6,720.0,1295.0,469.0,0.0,72.0,147.7084,1157.0,0.0,259.0,505.5413,21808.5,36207.968,87672.0,8.0,292238.0,32333.66,47983.517,89854.0,8.0,193032.0,44508.0,49707.065,88366.0,3.0,0,0,0,0,0.0,1157.0,0,0,0,1,0,0,0,0,0.0,134.3333,72.0,259.0,0,0,0,0,0,0,10,720,5,1295,65535,65,5,32,0.0,0.0,0.0,0.0,0.0,0.0,0.0,0.0
55716,443,6,870.0,7493.0,343.0,0.0,38.5714,99.2024,1460.0,0.0,316.3989,470.794,2748253.35,4424755.282,10173633.0,1.0,115409420.0,5555830.56,4960381.659,10203933.0,3.0,112648910.0,5615510.1,5121939.167,10201924.0,47.0,0,0,0,0,0.0,1460.0,0,0,0,1,0,0,0,0,0.0,157.8637,38.5714,316.3989,0,0,0,0,0,0,23,870,21,7493,29200,290,22,20,48395.63,50837.193,239046.0,31647.0,10162764.72,58095.538,10173630.0,9908286.0
80,49239,6,0.0,0.0,0.0,0.0,0.0,0.0,0.0,0.0,0.0,0.0,52.0,0.0,52.0,52.0,0.0,0.0,0.0,0.0,0.0,0.0,0.0,0.0,0.0,0.0,0,0,0,0,0.0,0.0,0,0,0,0,1,1,0,0,1.0,0.0,0.0,0.0,0,0,0,0,0,0,1,0,1,0,39,229,0,32,0.0,0.0,0.0,0.0,0.0,0.0,0.0,0.0
59273,443,6,635.0,157.0,517.0,0.0,90.7143,190.7072,157.0,0.0,39.25,78.5,504432.4,1559130.804,4949550.0,3.0,5036180.0,806727.33,2029101.133,4989644.0,3.0,81653.0,27217.33,32406.311,58433.0,353.0,0,0,0,0,0.0,517.0,0,0,0,1,0,0,0,0,0.0,72.0,90.7143,39.25,0,0,0,0,0,0,7,635,4,157,29200,118,3,32,0.0,0.0,0.0,0.0,0.0,0.0,0.0,0.0
58474,443,6,843.0,4796.0,375.0,0.0,66.3,129.2168,1448.0,0.0,549.5556,640.2604,53841.22,105124.714,489623.0,1.0,1019887.0,50975.88,175260.614,599523.0,1.0,1094951.0,184304.09,223198.647,589516.0,3.0,0,0,0,0,0.0,1448.0,0,0,0,1,0,0,0,0,0.0,260.4117,66.3,549.5556,0,0,0,0,0,0,15,843,9,4796,65535,5245,7,32,0.0,0.0,0.0,0.0,0.0,0.0,0.0,0.0
137,137,17,124.0,0.0,62.0,62.0,62.0,0.0,0.0,0.0,0.0,0.0,4.0,0.0,4.0,4.0,4.0,4.0,0.0,4.0,4.0,0.0,0.0,0.0,0.0,0.0,0,0,0,0,62.0,62.0,0,0,0,0,0,0,0,0,0.0,93.0,62.0,0.0,0,0,0,0,0,0,2,124,0,0,-1,-1,1,32,0.0,0.0,0.0,0.0,0.0,0.0,0.0,0.0
443,62443,6,0.0,18.0,0.0,0.0,0.0,0.0,6.0,6.0,6.0,0.0,2780.5,5260.347,9876.0,1.0,9911.0,9911.0,0.0,9911.0,9911.0,50.0,25.5,33.557,49.0,1.0,0,0,0,0,0.0,6.0,0,0,0,0,1,0,0,0,1.0,3.6,0.0,6.0,0,0,0,0,0,0,2,0,3,18,114,0,0,32,0.0,0.0,0.0,0.0,0.0,0.0,0.0,0.0
21095,53,17,82.0,254.0,41.0,41.0,41.0,0.0,127.0,127.0,127.0,0.0,10526.33,18210.436,31524.0,3.0,3.0,3.0,0.0,3.0,3.0,4.0,4.0,0.0,4.0,4.0,0,0,0,0,41.0,127.0,0,0,0,0,0,0,0,0,1.0,94.25,41.0,127.0,0,0,0,0,0,0,2,82,2,254,-1,-1,1,20,0.0,0.0,0.0,0.0,0.0,0.0,0.0,0.0
443,55785,6,6.0,6.0,6.0,6.0,6.0,0.0,6.0,6.0,6.0,0.0,16.0,0.0,16.0,16.0,0.0,0.0,0.0,0.0,0.0,0.0,0.0,0.0,0.0,0.0,0,0,0,0,6.0,6.0,0,0,0,0,1,1,0,0,1.0,9.0,6.0,6.0,0,0,0,0,0,0,1,6,1,6,128,16560,0,20,0.0,0.0,0.0,0.0,0.0,0.0,0.0,0.0
443,56708,6,6.0,6.0,6.0,6.0,6.0,0.0,6.0,6.0,6.0,0.0,1.0,0.0,1.0,1.0,0.0,0.0,0.0,0.0,0.0,0.0,0.0,0.0,0.0,0.0,0,0,0,0,6.0,6.0,0,0,0,0,1,1,0,0,1.0,9.0,6.0,6.0,0,0,0,0,0,0,1,6,1,6,32,32850,0,20,0.0,0.0,0.0,0.0,0.0,0.0,0.0,0.0
60155,53,17,107.0,273.0,56.0,41.0,53.5,2.1213,172.0,118.0,136.5,59.2698,11657131.0,17170886.88,33050160.0,1688.0,33132101.0,33132101.0,0.0,33132101.0,33132101.0,33491397.0,33491397.0,0.0,33491397.0,33491397.0,0,0,0,0,41.0,172.0,0,0,0,0,0,0,0,0,1.0,101.0,53.5,136.5,0,0,0,0,0,0,2,107,2,273,-1,-1,1,20,30492.0,0.0,30492.0,30492.0,33050194.0,0.0,33050194.0,33050194.0
62434,53,17,51.0,67.0,51.0,51.0,51.0,0.0,67.0,67.0,67.0,0.0,30653.0,0.0,30653.0,30653.0,0.0,0.0,0.0,0.0,0.0,0.0,0.0,0.0,0.0,0.0,0,0,0,0,51.0,67.0,0,0,0,0,0,0,0,0,1.0,84.5,51.0,67.0,0,0,0,0,0,0,1,51,1,67,-1,-1,0,32,0.0,0.0,0.0,0.0,0.0,0.0,0.0,0.0
59546,53,17,66.0,438.0,33.0,33.0,33.0,0.0,219.0,219.0,219.0,0.0,42010.66,73891.779,126029.0,3.0,3.0,3.0,0.0,3.0,3.0,48.0,48.0,0.0,48.0,48.0,0,0,0,0,33.0,219.0,0,0,0,0,0,0,0,0,1.0,134.25,33.0,219.0,0,0,0,0,0,0,2,66,2,438,-1,-1,1,32,0.0,0.0,0.0,0.0,0.0,0.0,0.0,0.0
48764,443,6,713.0,479.0,469.0,0.0,71.3,147.2874,341.0,0.0,95.8,149.5299,5890.35,228.033,23779.0,3.0,81234.0,9441.0,11483.614,26278.0,3.0,51649.0,12404.75,12584.578,23241.0,412.0,0,0,0,0,0.0,469.0,0,0,0,1,0,0,0,0,0.0,79.4667,71.3,95.8,0,0,0,0,0,0,10,713,5,479,65535,972,5,32,0.0,0.0,0.0,0.0,0.0,0.0,0.0,0.0
49369,443,6,12.0,0.0,6.0,6.0,6.0,0.0,0.0,0.0,0.0,0.0,3.0,0.0,3.0,3.0,3.0,3.0,0.0,3.0,3.0,0.0,0.0,0.0,0.0,0.0,0,0,0,0,6.0,6.0,1,0,0,0,0,0,0,0,0.0,9.0,6.0,0.0,0,0,0,0,0,0,2,12,0,0,0,-1,1,20,0.0,0.0,0.0,0.0,0.0,0.0,0.0,0.0
62130,53,17,48.0,112.0,48.0,48.0,48.0,0.0,112.0,112.0,112.0,0.0,61084.0,0.0,61084.0,61084.0,0.0,0.0,0.0,0.0,0.0,0.0,0.0,0.0,0.0,0.0,0,0,0,0,48.0,112.0,0,0,0,0,0,0,0,0,1.0,104.0,48.0,112.0,0,0,0,0,0,0,1,48,1,112,-1,-1,0,20,0.0,0.0,0.0,0.0,0.0,0.0,0.0,0.0
14048,53,17,78.0,30370.0,39.0,39.0,39.0,0.0,4345.0,345.0,985.0,1000.0,18662.0,47667.055,115989.0,3.0,3.0,3.0,0.0,3.0,3.0,4.0,4.0,0.0,4.0,4.0,0,0,0,0,39.0,4345.0,0,0,0,0,0,0,0,0,1.0,591.75,39.0,985.0,0,0,0,0,0,0,2,78,2,30370,-1,-1,1,40,0.0,0.0,0.0,0.0,0.0,0.0,0.0,0.0
443,53582,6,0.0,18.0,0.0,0.0,0.0,0.0,6.0,6.0,6.0,0.0,35.33,57.072,90.0,1.0,0.0,0.0,0.0,0.0,0.0,4.0,2.0,1.414,3.0,1.0,0,0,0,0,0.0,6.0,0,0,0,0,1,0,0,0,3.0,4.5,0.0,6.0,0,0,0,0,0,0,1,0,3,18,1020,0,0,32,0.0,0.0,0.0,0.0,0.0,0.0,0.0,0.0
443,50671,6,37.0,0.0,31.0,6.0,18.5,17.6777,0.0,0.0,0.0,0.0,4.0,0.0,4.0,4.0,4.0,4.0,0.0,4.0,4.0,0.0,0.0,0.0,0.0,0.0,1,0,0,0,6.0,31.0,0,1,0,0,1,0,0,0,0.0,34.0,18.5,0.0,0,0,0,0,0,0,2,37,0,0,110,-1,1,20,0.0,0.0,0.0,0.0,0.0,0.0,0.0,0.0
38297,53,17,94.0,350.0,47.0,47.0,47.0,0.0,175.0,175.0,175.0,0.0,104.33,177.099,308.0,1.0,1.0,1.0,0.0,1.0,1.0,1.0,1.0,0.0,1.0,1.0,0,0,0,0,47.0,175.0,0,0,0,0,0,0,0,0,1.0,122.75,47.0,175.0,0,0,0,0,0,0,2,94,2,350,-1,-1,1,20,0.0,0.0,0.0,0.0,0.0,0.0,0.0,0.0
61784,443,6,0.0,0.0,0.0,0.0,0.0,0.0,0.0,0.0,0.0,0.0,386.0,0.0,386.0,386.0,386.0,386.0,0.0,386.0,386.0,0.0,0.0,0.0,0.0,0.0,0,0,0,0,0.0,0.0,0,0,0,0,1,0,0,0,0.0,0.0,0.0,0.0,0,0,0,0,0,0,2,0,0,0,359,-1,0,32,0.0,0.0,0.0,0.0,0.0,0.0,0.0,0.0
59282,80,6,485.0,973.0,437.0,0.0,83.0,188.0119,973.0,0.0,394.3333,590.5086,1060749.0,3272816.569,9705156.0,41.0,10306796.0,1726697.25,3985638.333,9705156.0,105127.0,10106251.0,2036380.5,5649419.85,9812197.0,2537.0,0,0,0,0,0.0,973.0,0,0,0,1,0,0,0,0,0.0,226.875,83.0,394.3333,0,0,0,0,0,0,5,485,3,973,8192,946,4,20,299649.0,0.0,299649.0,299649.0,9705115.0,0.0,9705155.0,9705115.0
63418,53,17,78.0,160.0,39.0,39.0,39.0,0.0,80.0,80.0,80.0,0.0,20336.0,35226.624,61004.0,3.0,3.0,3.0,0.0,3.0,3.0,3.0,3.0,0.0,3.0,3.0,0,0,0,0,39.0,80.0,0,0,0,0,0,0,0,0,1.0,69.25,39.0,80.0,0,0,0,0,0,0,2,78,2,160,-1,-1,1,20,0.0,0.0,0.0,0.0,0.0,0.0,0.0,0.0
63310,53,17,84.0,204.0,42.0,42.0,42.0,0.0,102.0,102.0,102.0,0.0,49.66,40.21,92.0,3.0,3.0,3.0,0.0,3.0,3.0,49.0,49.0,0.0,49.0,49.0,0,0,0,0,42.0,102.0,0,0,0,0,0,0,0,0,1.0,82.5,42.0,102.0,0,0,0,0,0,0,2,84,2,204,-1,-1,1,32,0.0,0.0,0.0,0.0,0.0,0.0,0.0,0.0
49637,443,6,352.0,3782.0,208.0,0.0,58.6667,87.8605,1460.0,0.0,630.3333,677.2171,24152.18,39876.954,86920.0,27.0,254308.0,52081.6,46700.971,88422.0,22.0,176533.0,35356.6,46531.897,87178.0,49.0,0,0,0,0,0.0,1460.0,0,0,0,1,0,0,0,0,1.0,344.5,58.6667,630.3333,0,0,0,0,0,0,6,352,6,3782,8192,60,5,20,0.0,0.0,0.0,0.0,0.0,0.0,0.0,0.0
443,57885,6,12.0,0.0,6.0,6.0,6.0,0.0,0.0,0.0,0.0,0.0,3.0,0.0,3.0,3.0,3.0,3.0,0.0,3.0,3.0,0.0,0.0,0.0,0.0,0.0,0,0,0,0,6.0,6.0,0,0,0,0,1,0,0,0,0.0,9.0,6.0,0.0,0,0,0,0,0,0,2,12,0,0,4972,-1,1,20,0.0,0.0,0.0,0.0,0.0,0.0,0.0,0.0
54833,80,6,12.0,0.0,6.0,6.0,6.0,0.0,0.0,0.0,0.0,0.0,58.0,0.0,58.0,58.0,58.0,58.0,0.0,58.0,58.0,0.0,0.0,0.0,0.0,0.0,0,0,0,0,6.0,6.0,0,0,0,0,1,0,0,0,0.0,9.0,6.0,0.0,0,0,0,0,0,0,2,12,0,0,253,-1,1,20,0.0,0.0,0.0,0.0,0.0,0.0,0.0,0.0
50230,53,17,128.0,262.0,32.0,32.0,32.0,0.0,131.0,131.0,131.0,0.0,28757.4,40033.83,72940.0,3.0,92529.0,30809.33,53950.045,92570.0,4.0,3.0,3.0,0.0,3.0,3.0,0,0,0,0,32.0,131.0,0,0,0,0,0,0,0,0,0.0,64.3333,32.0,131.0,0,0,0,0,0,0,4,128,2,262,-1,-1,3,20,0.0,0.0,0.0,0.0,0.0,0.0,0.0,0.0
54216,443,6,635.0,168.0,517.0,0.0,90.7143,190.7072,168.0,0.0,42.0,84.0,548256.4,1743638.432,5530721.0,3.0,5766812.0,917628.0,2215371.723,5699226.0,3.0,165563.0,52181.33,59683.123,129373.0,380.0,0,0,0,0,0.0,517.0,0,0,0,1,0,0,0,0,0.0,73.0,90.7143,42.0,0,0,0,0,0,0,7,635,4,168,29200,340,3,32,104398.0,0.0,104398.0,104398.0,5530725.0,0.0,5530725.0,5530725.0
60151,53,17,43.0,91.0,43.0,43.0,43.0,0.0,91.0,91.0,91.0,0.0,47917.0,0.0,47917.0,47917.0,0.0,0.0,0.0,0.0,0.0,0.0,0.0,0.0,0.0,0.0,0,0,0,0,43.0,91.0,0,0,0,0,0,0,0,0,1.0,88.5,43.0,91.0,0,0,0,0,0,0,1,43,1,91,-1,-1,0,32,0.0,0.0,0.0,0.0,0.0,0.0,0.0,0.0
52200,443,6,6.0,6.0,6.0,6.0,6.0,0.0,6.0,6.0,6.0,0.0,198.0,0.0,198.0,198.0,0.0,0.0,0.0,0.0,0.0,0.0,0.0,0.0,0.0,0.0,0,0,0,0,6.0,6.0,0,0,0,0,1,0,0,0,1.0,9.0,6.0,6.0,0,0,0,0,0,0,1,6,1,6,256,30,0,20,0.0,0.0,0.0,0.0,0.0,0.0,0.0,0.0
443,59256,6,6.0,6.0,6.0,6.0,6.0,0.0,6.0,6.0,6.0,0.0,50.0,0.0,50.0,50.0,0.0,0.0,0.0,0.0,0.0,0.0,0.0,0.0,0.0,0.0,0,0,0,0,6.0,6.0,0,0,0,0,1,1,0,0,1.0,9.0,6.0,6.0,0,0,0,0,0,0,1,6,1,6,137,255,0,20,0.0,0.0,0.0,0.0,0.0,0.0,0.0,0.0
51513,80,6,437.0,860.0,431.0,0.0,145.6667,247.1241,860.0,0.0,215.0,430.0,7947.16,11937.631,29325.0,4.0,29348.0,14674.0,16471.149,29719.0,124.0,29721.0,9967.66,19817.449,29773.0,4.0,0,0,0,0,0.0,860.0,0,0,0,1,0,0,0,0,1.0,185.4286,145.6667,215.0,0,0,0,0,0,0,3,437,4,860,29200,31,1,32,0.0,0.0,0.0,0.0,0.0,0.0,0.0,0.0
443,52285,6,37.0,0.0,37.0,0.0,18.5,26.163,0.0,0.0,0.0,0.0,3.0,0.0,3.0,3.0,3.0,3.0,0.0,3.0,3.0,0.0,0.0,0.0,0.0,0.0,1,0,0,0,0.0,37.0,0,1,0,0,1,0,0,0,0.0,37.0,18.5,0.0,0,0,0,0,0,0,2,37,0,0,972,-1,0,32,0.0,0.0,0.0,0.0,0.0,0.0,0.0,0.0
61672,53,17,54.0,70.0,54.0,54.0,54.0,0.0,70.0,70.0,70.0,0.0,77995.0,0.0,77995.0,77995.0,0.0,0.0,0.0,0.0,0.0,0.0,0.0,0.0,0.0,0.0,0,0,0,0,54.0,70.0,0,0,0,0,0,0,0,0,1.0,89.0,54.0,70.0,0,0,0,0,0,0,1,54,1,70,-1,-1,0,20,0.0,0.0,0.0,0.0,0.0,0.0,0.0,0.0
51025,443,6,663.0,287.0,421.0,0.0,66.3,132.7383,179.0,0.0,45.4,89.0445,6895.64,8651.043,23101.0,3.0,82091.0,9130.44,10373.571,24476.0,3.0,56116.0,12202.0,10135.072,27594.0,316.0,0,0,0,0,0.0,421.0,0,0,0,1,0,0,0,0,0.0,57.4667,66.3,45.4,0,0,0,0,0,0,10,663,5,287,65535,972,5,32,0.0,0.0,0.0,0.0,0.0,0.0,0.0,0.0
56923,80,6,504.0,1779.0,424.0,0.0,31.9375,104.3609,1773.0,0.0,124.9333,475.6376,3985447.6,4885036.165,10006571.0,27.0,115485397.0,7693070.46,4157799.771,10020253.0,2626.0,110595607.0,8500422.21,3761096.058,10029020.0,815.0,0,0,0,0,0.0,1773.0,0,0,0,1,0,0,0,0,0.0,75.4333,31.9375,124.9333,0,0,0,0,0,0,16,504,15,1779,8192,946,15,20,25232.54,17250.218,50250.0,23441.0,10009923.18,4783.859,10006570.0,9999870.0
62308,53,17,140.0,256.0,35.0,35.0,35.0,0.0,128.0,128.0,128.0,0.0,32002.8,77833.695,153650.0,3.0,33195.0,11065.66,19185.125,33180.0,3.0,3.0,3.0,0.0,3.0,3.0,0,0,0,0,35.0,128.0,0,0,0,0,0,0,0,0,0.0,64.8333,35.0,128.0,0,0,0,0,0,0,4,140,2,256,-1,-1,3,20,0.0,0.0,0.0,0.0,0.0,0.0,0.0,0.0
3167,53,17,74.0,278.0,37.0,37.0,37.0,0.0,139.0,139.0,139.0,0.0,7923.33,13732.409,23764.0,3.0,3.0,3.0,0.0,3.0,3.0,4.0,4.0,0.0,4.0,4.0,0,0,0,0,37.0,139.0,0,0,0,0,0,0,0,0,1.0,97.25,37.0,139.0,0,0,0,0,0,0,2,74,2,278,-1,-1,1,40,0.0,0.0,0.0,0.0,0.0,0.0,0.0,0.0
60736,53,17,42.0,58.0,42.0,42.0,42.0,0.0,58.0,58.0,58.0,0.0,164095.0,0.0,164095.0,164095.0,0.0,0.0,0.0,0.0,0.0,0.0,0.0,0.0,0.0,0.0,0,0,0,0,42.0,58.0,0,0,0,0,0,0,0,0,1.0,71.0,42.0,58.0,0,0,0,0,0,0,1,42,1,58,-1,-1,0,20,0.0,0.0,0.0,0.0,0.0,0.0,0.0,0.0
54621,443,6,2284.0,527.0,1448.0,0.0,261.5714,551.6085,429.0,0.0,71.5,142.4303,7669.59,12421.488,40199.0,3.0,136052.0,13672.0,19261.866,60721.0,3.0,107815.0,11268.14,15485.864,49657.0,498.0,0,0,0,0,0.0,1448.0,0,0,0,1,0,0,0,0,0.0,181.7576,261.5714,71.5,0,0,0,0,0,0,9,2284,8,527,65535,1120,7,32,0.0,0.0,0.0,0.0,0.0,0.0,0.0,0.0
54588,53,17,136.0,294.0,68.0,68.0,68.0,0.0,147.0,147.0,147.0,0.0,10245.33,17751.375,30721.0,3.0,48.0,48.0,0.0,48.0,48.0,3.0,3.0,0.0,3.0,3.0,0,0,0,0,68.0,147.0,0,0,0,0,0,0,0,0,1.0,122.5,68.0,147.0,0,0,0,0,0,0,2,136,2,294,-1,-1,1,20,0.0,0.0,0.0,0.0,0.0,0.0,0.0,0.0
48238,80,6,560.0,1815.0,580.0,0.0,196.0,337.1026,1807.0,0.0,527.75,1281.5068,46238.83,71169.463,131465.0,3.0,148738.0,49369.0,64671.846,139165.0,144.0,113224.0,107274.0,59483.919,114491.0,3.0,0,0,0,0,0.0,1807.0,0,0,0,1,0,0,0,0,1.0,384.3714,196.0,527.75,0,0,0,0,0,0,3,560,4,1815,29200,4825,2,32,0.0,0.0,0.0,0.0,0.0,0.0,0.0,0.0
443,57716,6,0.0,18.0,0.0,0.0,0.0,0.0,6.0,6.0,6.0,0.0,16.66,34.939,44.0,1.0,0.0,0.0,0.0,0.0,0.0,5.0,2.5,2.121,3.0,1.0,0,0,0,0,0.0,6.0,0,0,0,0,1,0,0,0,3.0,4.5,0.0,6.0,0,0,0,0,0,0,1,0,3,18,972,0,0,32,0.0,0.0,0.0,0.0,0.0,0.0,0.0,0.0
443,62956,6,43.0,6.0,31.0,6.0,14.3333,14.4338,6.0,6.0,6.0,0.0,21.33,28.891,40.0,3.0,48.0,24.0,28.814,40.0,3.0,0.0,0.0,0.0,0.0,0.0,0,0,0,0,6.0,31.0,0,0,0,0,1,0,0,0,0.0,13.75,14.3333,6.0,0,0,0,0,0,0,3,43,1,6,980,0,2,20,0.0,0.0,0.0,0.0,0.0,0.0,0.0,0.0
443,57218,6,6.0,6.0,6.0,6.0,6.0,0.0,6.0,6.0,6.0,0.0,22.0,0.0,22.0,22.0,0.0,0.0,0.0,0.0,0.0,0.0,0.0,0.0,0.0,0.0,0,0,0,0,6.0,6.0,0,0,0,0,1,1,0,0,1.0,9.0,6.0,6.0,0,0,0,0,0,0,1,6,1,6,40032,32850,0,20,0.0,0.0,0.0,0.0,0.0,0.0,0.0,0.0
61716,53,17,64.0,117.0,64.0,64.0,64.0,0.0,117.0,117.0,117.0,0.0,81373.0,0.0,81373.0,81373.0,0.0,0.0,0.0,0.0,0.0,0.0,0.0,0.0,0.0,0.0,0,0,0,0,64.0,117.0,0,0,0,0,0,0,0,0,1.0,122.5,64.0,117.0,0,0,0,0,0,0,1,64,1,117,-1,-1,0,20,0.0,0.0,0.0,0.0,0.0,0.0,0.0,0.0
44276,443,6,397.0,5050.0,210.0,0.0,45.1429,79.4241,1551.0,0.0,610.0,741.2689,339361.08,1446102.544,5625718.0,3.0,5896558.0,639317.66,1809463.388,5625718.0,3.0,75165.0,15056.0,19857.244,35639.0,49.0,0,0,0,0,0.0,1551.0,0,0,0,1,0,0,0,0,0.0,292.0727,45.1429,610.0,0,0,0,0,0,0,7,397,6,5050,29200,119,6,32,259682.0,0.0,259682.0,259682.0,5625755.0,0.0,5625755.0,5625755.0
61854,53,17,38.0,80.0,38.0,38.0,38.0,0.0,80.0,80.0,80.0,0.0,30632.0,0.0,30632.0,30632.0,0.0,0.0,0.0,0.0,0.0,0.0,0.0,0.0,0.0,0.0,0,0,0,0,38.0,80.0,0,0,0,0,0,0,0,0,1.0,88.0,38.0,80.0,0,0,0,0,0,0,1,38,1,80,-1,-1,0,32,0.0,0.0,0.0,0.0,0.0,0.0,0.0,0.0
64375,443,6,673.0,927.0,437.0,0.0,67.3,137.2306,889.0,0.0,185.4,342.6542,14857.92,20027.942,53634.0,3.0,168472.0,19528.77,27286.247,55901.0,3.0,114256.0,26334.5,22809.29,58624.0,474.0,0,0,0,0,0.0,889.0,0,0,0,1,0,0,0,0,0.0,106.6667,67.3,185.4,0,0,0,0,0,0,10,673,5,927,65535,114,5,32,0.0,0.0,0.0,0.0,0.0,0.0,0.0,0.0
49487,53,17,116.0,328.0,58.0,58.0,58.0,0.0,164.0,164.0,164.0,0.0,61.33,102.768,178.0,3.0,3.0,3.0,0.0,3.0,3.0,4.0,4.0,0.0,4.0,4.0,0,0,0,0,58.0,164.0,0,0,0,0,0,0,0,0,1.0,120.5,58.0,164.0,0,0,0,0,0,0,2,116,2,328,-1,-1,1,32,0.0,0.0,0.0,0.0,0.0,0.0,0.0,0.0
55984,80,6,933.0,3143.0,453.0,0.0,43.0,126.5068,1773.0,0.0,134.6667,470.4953,3108938.25,4655833.694,10006593.0,60.0,116602667.0,6804166.61,4621533.292,10044756.0,272.0,110357642.0,7839735.05,4335547.652,10049705.0,593.0,0,0,0,0,0.0,1773.0,0,0,0,1,0,0,0,0,0.0,83.025,43.0,134.6667,0,0,0,0,0,0,18,933,15,3143,8192,980,17,20,59190.63,104367.447,328064.0,36719.0,10009612.09,3592.374,10006596.0,9999597.0
62427,53,17,46.0,114.0,46.0,46.0,46.0,0.0,114.0,114.0,114.0,0.0,92140.0,0.0,92140.0,92140.0,0.0,0.0,0.0,0.0,0.0,0.0,0.0,0.0,0.0,0.0,0,0,0,0,46.0,114.0,0,0,0,0,0,0,0,0,1.0,103.0,46.0,114.0,0,0,0,0,0,0,1,46,1,114,-1,-1,0,32,0.0,0.0,0.0,0.0,0.0,0.0,0.0,0.0
59374,53,17,82.0,114.0,41.0,41.0,41.0,0.0,57.0,57.0,57.0,0.0,47.0,77.678,135.0,3.0,4.0,4.0,0.0,4.0,4.0,3.0,3.0,0.0,3.0,3.0,0,0,0,0,41.0,57.0,0,0,0,0,0,0,0,0,1.0,59.25,41.0,57.0,0,0,0,0,0,0,2,82,2,114,-1,-1,1,20,0.0,0.0,0.0,0.0,0.0,0.0,0.0,0.0
61703,53,17,53.0,161.0,53.0,53.0,53.0,0.0,161.0,161.0,161.0,0.0,60495.0,0.0,60495.0,60495.0,0.0,0.0,0.0,0.0,0.0,0.0,0.0,0.0,0.0,0.0,0,0,0,0,53.0,161.0,0,0,0,0,0,0,0,0,1.0,133.5,53.0,161.0,0,0,0,0,0,0,1,53,1,161,-1,-1,0,32,0.0,0.0,0.0,0.0,0.0,0.0,0.0,0.0
39817,80,6,0.0,0.0,0.0,0.0,0.0,0.0,0.0,0.0,0.0,0.0,1956033.0,3390528.375,5881124.0,39.0,5912266.0,2956133.0,4138295.373,5881124.0,61199.0,0.0,0.0,0.0,0.0,0.0,0,0,0,0,0.0,0.0,0,0,0,1,0,0,0,0,0.0,0.0,0.0,0.0,0,0,0,0,0,0,3,0,1,0,29200,26847,0,32,0.0,0.0,0.0,0.0,0.0,0.0,0.0,0.0
62497,53,17,50.0,113.0,50.0,50.0,50.0,0.0,113.0,113.0,113.0,0.0,31101.0,0.0,31101.0,31101.0,0.0,0.0,0.0,0.0,0.0,0.0,0.0,0.0,0.0,0.0,0,0,0,0,50.0,113.0,0,0,0,0,0,0,0,0,1.0,106.5,50.0,113.0,0,0,0,0,0,0,1,50,1,113,-1,-1,0,32,0.0,0.0,0.0,0.0,0.0,0.0,0.0,0.0
64622,443,6,380.0,3528.0,194.0,0.0,42.2222,69.1209,1450.0,0.0,652.6,657.3945,498119.85,1548285.433,5679081.0,20.0,5833657.0,854596.75,2143151.667,5679081.0,48.0,134282.0,29450.0,26678.56,53215.0,48.0,0,0,0,0,0.0,1450.0,0,0,0,1,0,0,0,0,0.0,272.1452,42.2222,652.6,0,0,0,0,0,0,9,380,5,3528,8192,119,8,20,110872.0,0.0,110872.0,110872.0,5679043.0,0.0,5679043.0,5679043.0
61615,53,17,56.0,84.0,56.0,56.0,56.0,0.0,84.0,84.0,84.0,0.0,30931.0,0.0,30931.0,30931.0,0.0,0.0,0.0,0.0,0.0,0.0,0.0,0.0,0.0,0.0,0,0,0,0,56.0,84.0,0,0,0,0,0,0,0,0,1.0,98.0,56.0,84.0,0,0,0,0,0,0,1,56,1,84,-1,-1,0,20,0.0,0.0,0.0,0.0,0.0,0.0,0.0,0.0
53074,443,6,370.0,5671.0,193.0,0.0,46.875,72.1662,2920.0,2.0,967.1667,1102.783,447255.08,1406592.986,5257448.0,3.0,5540829.0,785687.14,1995831.434,5257448.0,3.0,102577.0,21726.4,28299.312,57665.0,66.0,0,0,0,0,0.0,2920.0,0,0,0,1,0,0,0,0,0.0,453.2143,46.875,967.1667,0,0,0,0,0,0,8,370,6,5671,8192,30016,7,20,222664.0,0.0,222664.0,222664.0,5257481.0,0.0,5257481.0,5257481.0
39252,22,6,0.0,0.0,0.0,0.0,0.0,0.0,0.0,0.0,0.0,0.0,164.0,0.0,164.0,164.0,0.0,0.0,0.0,0.0,0.0,0.0,0.0,0.0,0.0,0.0,0,0,0,0,0.0,0.0,0,0,0,0,1,1,0,0,1.0,0.0,0.0,0.0,0,0,0,0,0,0,1,0,1,0,290,243,0,32,0.0,0.0,0.0,0.0,0.0,0.0,0.0,0.0
443,61568,6,0.0,0.0,0.0,0.0,0.0,0.0,0.0,0.0,0.0,0.0,43.0,50.901,82.0,3.0,3.0,3.0,0.0,3.0,3.0,0.0,0.0,0.0,0.0,0.0,0,0,0,0,0.0,0.0,0,0,0,0,1,1,0,0,0.0,0.0,0.0,0.0,0,0,0,0,0,0,2,0,1,0,383,32832,0,32,0.0,0.0,0.0,0.0,0.0,0.0,0.0,0.0
62232,80,6,0.0,0.0,0.0,0.0,0.0,0.0,0.0,0.0,0.0,0.0,23989.0,0.0,23989.0,23989.0,0.0,0.0,0.0,0.0,0.0,0.0,0.0,0.0,0.0,0.0,0,0,0,0,0.0,0.0,0,0,0,0,1,1,0,0,1.0,0.0,0.0,0.0,0,0,0,0,0,0,1,0,1,0,1439,239,0,32,0.0,0.0,0.0,0.0,0.0,0.0,0.0,0.0
443,56138,6,0.0,0.0,0.0,0.0,0.0,0.0,0.0,0.0,0.0,0.0,48.0,0.0,48.0,48.0,0.0,0.0,0.0,0.0,0.0,0.0,0.0,0.0,0.0,0.0,0,0,0,0,0.0,0.0,0,0,0,0,1,0,0,0,1.0,0.0,0.0,0.0,0,0,0,0,0,0,1,0,1,0,179,32832,0,32,0.0,0.0,0.0,0.0,0.0,0.0,0.0,0.0
56000,53,17,72.0,104.0,36.0,36.0,36.0,0.0,52.0,52.0,52.0,0.0,53.66,80.251,154.0,3.0,3.0,3.0,0.0,3.0,3.0,4.0,4.0,0.0,4.0,4.0,0,0,0,0,36.0,52.0,0,0,0,0,0,0,0,0,1.0,53.0,36.0,52.0,0,0,0,0,0,0,2,72,2,104,-1,-1,1,32,0.0,0.0,0.0,0.0,0.0,0.0,0.0,0.0
54354,53,17,80.0,180.0,40.0,40.0,40.0,0.0,90.0,90.0,90.0,0.0,64.33,106.353,186.0,3.0,3.0,3.0,0.0,3.0,3.0,3.0,3.0,0.0,3.0,3.0,0,0,0,0,40.0,90.0,0,0,0,0,0,0,0,0,1.0,75.0,40.0,90.0,0,0,0,0,0,0,2,80,2,180,-1,-1,1,32,0.0,0.0,0.0,0.0,0.0,0.0,0.0,0.0
443,38942,6,0.0,0.0,0.0,0.0,0.0,0.0,0.0,0.0,0.0,0.0,56.0,0.0,56.0,56.0,0.0,0.0,0.0,0.0,0.0,0.0,0.0,0.0,0.0,0.0,0,0,0,0,0.0,0.0,0,0,0,0,1,1,0,0,1.0,0.0,0.0,0.0,0,0,0,0,0,0,1,0,1,0,122,382,0,32,0.0,0.0,0.0,0.0,0.0,0.0,0.0,0.0
443,61273,6,12.0,6.0,6.0,6.0,6.0,0.0,6.0,6.0,6.0,0.0,5537.5,9198.505,11061.0,13.0,11062.0,11062.0,0.0,11062.0,11062.0,0.0,0.0,0.0,0.0,0.0,0,0,0,0,6.0,6.0,0,0,0,0,1,1,0,0,0.0,8.0,6.0,6.0,0,0,0,0,0,0,2,12,1,6,32,32850,1,20,0.0,0.0,0.0,0.0,0.0,0.0,0.0,0.0
60795,443,6,773.0,350.0,536.0,0.0,84.1429,166.8718,244.0,0.0,59.0,92.8231,3101227.61,10089085.032,24000540.0,3.0,24104975.0,6280862.5,13028212.458,24000520.0,5.0,91435.0,22688.75,28143.013,57979.0,649.0,0,0,0,0,0.0,536.0,0,0,0,1,0,0,0,0,0.0,75.4711,84.1429,59.0,0,0,0,0,0,0,7,773,5,350,8192,114,6,20,0.0,0.0,0.0,0.0,0.0,0.0,0.0,0.0
56032,80,6,12.0,0.0,6.0,6.0,6.0,0.0,0.0,0.0,0.0,0.0,8965.0,0.0,8965.0,8965.0,8965.0,8965.0,0.0,8965.0,8965.0,0.0,0.0,0.0,0.0,0.0,0,0,0,0,6.0,6.0,0,0,0,0,1,0,0,0,0.0,9.0,6.0,0.0,0,0,0,0,0,0,2,12,0,0,16425,-1,1,20,0.0,0.0,0.0,0.0,0.0,0.0,0.0,0.0
33557,80,6,1757.0,1505.0,437.0,0.0,47.25,141.5177,796.0,0.0,30.7412,238.5657,3930340.92,4805409.532,10011714.0,50.0,117121938.0,7484667.95,4470257.702,10047912.0,23183.0,111578948.0,8596219.32,3709742.676,10048208.0,11730.0,0,0,0,0,0.0,796.0,0,0,0,1,0,0,0,0,0.0,44.4667,47.25,30.7412,0,0,0,0,0,0,16,1757,17,1505,29200,290,2,32,227102.09,689912.436,2483384.0,36779.0,10010084.27,7765.753,10011716.0,10000023.0
32288,443,6,1284.0,4946.0,326.0,0.0,78.74,84.7459,1460.0,2.0,301.6667,445.578,1968553.05,3905147.401,10138082.0,1.0,61074602.0,3722441.14,4999084.466,10240005.0,287.0,61268495.0,4457673.21,5053424.079,10240013.0,1.0,0,0,0,0,0.0,1460.0,0,0,0,1,0,0,0,0,0.0,193.1338,78.74,301.6667,0,0,0,0,0,0,18,1284,15,4946,29200,32232,17,20,141623.33,88450.211,251777.0,100757.0,9731461.33,1164028.269,10138049.0,6510726.0
80,54776,6,0.0,0.0,0.0,0.0,0.0,0.0,0.0,0.0,0.0,0.0,43.0,0.0,43.0,43.0,0.0,0.0,0.0,0.0,0.0,0.0,0.0,0.0,0.0,0.0,0,0,0,0,0.0,0.0,0,0,0,0,1,1,0,0,1.0,0.0,0.0,0.0,0,0,0,0,0,0,1,0,1,0,39,33304,0,32,0.0,0.0,0.0,0.0,0.0,0.0,0.0,0.0
56014,53,17,64.0,306.0,32.0,32.0,32.0,0.0,153.0,153.0,153.0,0.0,20550.0,35593.681,61644.0,3.0,3.0,3.0,0.0,3.0,3.0,3.0,3.0,0.0,3.0,3.0,0,0,0,0,32.0,153.0,0,0,0,0,0,0,0,0,1.0,100.5,32.0,153.0,0,0,0,0,0,0,2,64,2,306,-1,-1,1,32,0.0,0.0,0.0,0.0,0.0,0.0,0.0,0.0
26379,53,17,72.0,186.0,36.0,36.0,36.0,0.0,93.0,93.0,93.0,0.0,93.66,164.99,280.0,1.0,1.0,1.0,0.0,1.0,1.0,1.0,1.0,0.0,1.0,1.0,0,0,0,0,36.0,93.0,0,0,0,0,0,0,0,0,1.0,73.5,36.0,93.0,0,0,0,0,0,0,2,72,2,186,-1,-1,1,32,0.0,0.0,0.0,0.0,0.0,0.0,0.0,0.0
44627,443,6,1113.0,6494.0,472.0,0.0,62.8125,111.7634,1732.0,0.0,323.35,674.743,2877277.48,4455134.649,10031693.0,4.0,116417839.0,5547748.26,4924744.014,10073936.0,4.0,110871386.0,5528291.71,4996662.399,10056216.0,48.0,0,0,0,0,0.0,1732.0,0,0,0,1,0,0,0,0,0.0,183.25,62.8125,323.35,0,0,0,0,0,0,26,1113,20,6494,29200,365,5,20,98652.18,104109.007,836361.0,36381.0,10010466.18,5527.246,10031694.0,9999221.0
54563,53,17,184.0,164.0,46.0,46.0,46.0,0.0,82.0,82.0,82.0,0.0,9491.6,13991.958,30847.0,1.0,30951.0,10357.0,17890.415,30948.0,1.0,4.0,4.0,0.0,4.0,4.0,0,0,0,0,46.0,82.0,0,0,0,0,0,0,0,0,0.0,65.3333,46.0,82.0,0,0,0,0,0,0,4,184,2,164,-1,-1,3,20,0.0,0.0,0.0,0.0,0.0,0.0,0.0,0.0
54187,443,6,12.0,0.0,6.0,6.0,6.0,0.0,0.0,0.0,0.0,0.0,9866.0,0.0,9866.0,9866.0,9866.0,9866.0,0.0,9866.0,9866.0,0.0,0.0,0.0,0.0,0.0,0,0,0,0,6.0,6.0,0,0,0,0,1,0,0,0,0.0,9.0,6.0,0.0,0,0,0,0,0,0,2,12,0,0,256,-1,1,20,0.0,0.0,0.0,0.0,0.0,0.0,0.0,0.0
55764,443,6,65.0,0.0,53.0,6.0,21.6667,27.1355,0.0,0.0,0.0,0.0,748.5,1150.642,1550.0,48.0,1543.0,771.5,1970.431,1550.0,48.0,0.0,0.0,0.0,0.0,0.0,0,0,0,0,6.0,53.0,0,0,0,0,1,0,0,0,0.0,23.6667,21.6667,0.0,0,0,0,0,0,0,3,65,0,0,63880,-1,2,20,0.0,0.0,0.0,0.0,0.0,0.0,0.0,0.0
55084,443,6,810.0,463.0,565.0,0.0,81.0,196.3929,325.0,0.0,92.6,142.9093,9041.71,15306.597,36819.0,3.0,131112.0,15251.88,21279.335,54266.0,3.0,69460.0,12880.5,17518.413,37925.0,378.0,0,0,0,0,0.0,565.0,0,0,0,1,0,0,0,0,0.0,84.8667,81.0,92.6,0,0,0,0,0,0,10,810,5,463,65535,349,5,32,0.0,0.0,0.0,0.0,0.0,0.0,0.0,0.0
52308,443,6,1001.0,5011.0,469.0,0.0,73.0769,141.8438,2753.0,0.0,406.25,940.7583,2368042.61,4173794.589,10025093.0,63.0,60760543.0,4677721.35,5087957.155,10080012.0,111.0,65216350.0,7573832.92,4969209.9,10080523.0,198.0,0,0,0,0,0.0,2753.0,0,0,0,1,0,0,0,0,1.0,252.7246,73.0769,406.25,0,0,0,0,0,0,13,1001,12,5011,29200,243,3,32,94275.0,166950.722,393309.0,83513.0,10018927.83,16988.57,10025090.0,9960287.0
53922,53,17,88.0,188.0,44.0,44.0,44.0,0.0,94.0,94.0,94.0,0.0,55.33,94.108,160.0,3.0,3.0,3.0,0.0,3.0,3.0,3.0,3.0,0.0,3.0,3.0,0,0,0,0,44.0,94.0,0,0,0,0,0,0,0,0,1.0,80.0,44.0,94.0,0,0,0,0,0,0,2,88,2,188,-1,-1,1,20,0.0,0.0,0.0,0.0,0.0,0.0,0.0,0.0
62836,53,17,88.0,662.0,44.0,44.0,44.0,0.0,331.0,331.0,331.0,0.0,59107.0,83988.18,157219.0,3.0,49.0,49.0,0.0,49.0,49.0,3.0,3.0,0.0,3.0,3.0,0,0,0,0,44.0,331.0,0,0,0,0,0,0,0,0,1.0,198.5,44.0,331.0,0,0,0,0,0,0,2,88,2,662,-1,-1,1,20,0.0,0.0,0.0,0.0,0.0,0.0,0.0,0.0
59686,443,6,37.0,0.0,37.0,0.0,18.5,26.163,0.0,0.0,0.0,0.0,54.0,0.0,54.0,54.0,54.0,54.0,0.0,54.0,54.0,0.0,0.0,0.0,0.0,0.0,1,0,0,0,0.0,37.0,0,1,0,0,1,0,0,0,0.0,37.0,18.5,0.0,0,0,0,0,0,0,2,37,0,0,33304,-1,0,32,0.0,0.0,0.0,0.0,0.0,0.0,0.0,0.0
443,49364,6,37.0,0.0,37.0,0.0,18.5,26.163,0.0,0.0,0.0,0.0,3.0,0.0,3.0,3.0,3.0,3.0,0.0,3.0,3.0,0.0,0.0,0.0,0.0,0.0,1,0,0,0,0.0,37.0,0,1,0,0,1,0,0,0,0.0,37.0,18.5,0.0,0,0,0,0,0,0,2,37,0,0,116,-1,0,32,0.0,0.0,0.0,0.0,0.0,0.0,0.0,0.0
62178,53,17,90.0,196.0,45.0,45.0,45.0,0.0,98.0,98.0,98.0,0.0,16685.33,28855.277,49058.0,3.0,4.0,4.0,0.0,4.0,4.0,3.0,3.0,0.0,3.0,3.0,0,0,0,0,45.0,98.0,0,0,0,0,0,0,0,0,1.0,82.75,45.0,98.0,0,0,0,0,0,0,2,90,2,196,-1,-1,1,32,0.0,0.0,0.0,0.0,0.0,0.0,0.0,0.0
64401,53,17,136.0,392.0,68.0,68.0,68.0,0.0,196.0,196.0,196.0,0.0,63.0,102.768,186.0,3.0,3.0,3.0,0.0,3.0,3.0,4.0,4.0,0.0,4.0,4.0,0,0,0,0,68.0,196.0,0,0,0,0,0,0,0,0,1.0,149.0,68.0,196.0,0,0,0,0,0,0,2,136,2,392,-1,-1,1,20,0.0,0.0,0.0,0.0,0.0,0.0,0.0,0.0
56888,53,17,72.0,328.0,36.0,36.0,36.0,0.0,164.0,164.0,164.0,0.0,70.66,82.407,160.0,4.0,4.0,4.0,0.0,4.0,4.0,49.0,49.0,0.0,49.0,49.0,0,0,0,0,36.0,164.0,0,0,0,0,0,0,0,0,1.0,109.0,36.0,164.0,0,0,0,0,0,0,2,72,2,328,-1,-1,1,20,0.0,0.0,0.0,0.0,0.0,0.0,0.0,0.0
53858,53,17,132.0,250.0,33.0,33.0,33.0,0.0,125.0,125.0,125.0,0.0,6217.4,13841.676,25113.0,4.0,25104.0,8334.33,13526.893,25193.0,4.0,4.0,4.0,0.0,4.0,4.0,0,0,0,0,33.0,125.0,0,0,0,0,0,0,0,0,0.0,68.5,33.0,125.0,0,0,0,0,0,0,4,132,2,250,-1,-1,3,32,0.0,0.0,0.0,0.0,0.0,0.0,0.0,0.0
443,35398,6,0.0,0.0,0.0,0.0,0.0,0.0,0.0,0.0,0.0,0.0,18.0,0.0,18.0,18.0,0.0,0.0,0.0,0.0,0.0,0.0,0.0,0.0,0.0,0.0,0,0,0,0,0.0,0.0,0,0,0,0,1,1,0,0,1.0,0.0,0.0,0.0,0,0,0,0,0,0,1,0,1,0,114,329,0,32,0.0,0.0,0.0,0.0,0.0,0.0,0.0,0.0
443,54864,6,37.0,6.0,37.0,0.0,18.5,26.163,6.0,6.0,6.0,0.0,127.5,30.107,147.0,96.0,245.0,245.0,0.0,245.0,245.0,0.0,0.0,0.0,0.0,0.0,1,0,0,0,0.0,37.0,0,1,0,0,1,0,0,0,0.0,26.6667,18.5,6.0,0,0,0,0,0,0,2,37,1,6,61,0,0,32,0.0,0.0,0.0,0.0,0.0,0.0,0.0,0.0
53608,80,6,2211.0,1109.0,1448.0,0.0,269.1667,599.5601,505.0,0.0,181.8333,304.0,3414758.75,4730387.956,9999906.0,96.0,60295949.0,6427798.57,4995075.592,10014608.0,88.0,60115048.0,7526247.65,4470261.279,10020900.0,1195.0,0,0,0,0,0.0,1448.0,0,0,0,1,0,0,0,0,1.0,234.0444,269.1667,181.8333,0,0,0,0,0,0,9,2211,9,1109,8192,6064,8,20,70068.83,27549.219,165567.0,50580.0,9998597.66,85377.821,9999906.0,9800520.0
61624,53,17,56.0,72.0,56.0,56.0,56.0,0.0,72.0,72.0,72.0,0.0,30421.0,0.0,30421.0,30421.0,0.0,0.0,0.0,0.0,0.0,0.0,0.0,0.0,0.0,0.0,0,0,0,0,56.0,72.0,0,0,0,0,0,0,0,0,1.0,92.0,56.0,72.0,0,0,0,0,0,0,1,56,1,72,-1,-1,0,20,0.0,0.0,0.0,0.0,0.0,0.0,0.0,0.0
61843,53,17,42.0,147.0,42.0,42.0,42.0,0.0,147.0,147.0,147.0,0.0,30751.0,0.0,30751.0,30751.0,0.0,0.0,0.0,0.0,0.0,0.0,0.0,0.0,0.0,0.0,0,0,0,0,42.0,147.0,0,0,0,0,0,0,0,0,1.0,115.5,42.0,147.0,0,0,0,0,0,0,1,42,1,147,-1,-1,0,32,0.0,0.0,0.0,0.0,0.0,0.0,0.0,0.0
49562,443,6,1702.0,28500.0,765.0,0.0,54.8667,164.428,2896.0,0.0,945.25,868.233,1268779.6,3173388.696,10024484.0,1.0,116672306.0,2794581.6,4123560.986,10048012.0,1.0,110701405.0,2525522.69,4151895.168,10049189.0,2.0,0,0,0,0,0.0,2896.0,0,0,0,1,0,0,0,0,0.0,477.3627,54.8667,945.25,0,0,0,0,0,0,43,1702,40,28500,29200,8633,5,32,81375.18,221682.553,770901.0,36121.0,9629359.0,1387295.693,10024489.0,5435423.0
55241,53,17,76.0,204.0,38.0,38.0,38.0,0.0,102.0,102.0,102.0,0.0,7926.66,13609.729,23777.0,4.0,4.0,4.0,0.0,4.0,4.0,49.0,49.0,0.0,49.0,49.0,0,0,0,0,38.0,102.0,0,0,0,0,0,0,0,0,1.0,89.5,38.0,102.0,0,0,0,0,0,0,2,76,2,204,-1,-1,1,32,0.0,0.0,0.0,0.0,0.0,0.0,0.0,0.0
49904,53,17,86.0,222.0,43.0,43.0,43.0,0.0,111.0,111.0,111.0,0.0,20365.0,35251.273,61091.0,1.0,1.0,1.0,0.0,1.0,1.0,49.0,49.0,0.0,49.0,49.0,0,0,0,0,43.0,111.0,0,0,0,0,0,0,0,0,1.0,87.75,43.0,111.0,0,0,0,0,0,0,2,86,2,222,-1,-1,1,20,0.0,0.0,0.0,0.0,0.0,0.0,0.0,0.0
54553,443,6,6.0,6.0,6.0,6.0,6.0,0.0,6.0,6.0,6.0,0.0,14357.0,0.0,14357.0,14357.0,0.0,0.0,0.0,0.0,0.0,0.0,0.0,0.0,0.0,0.0,0,0,0,0,6.0,6.0,0,0,0,0,1,0,0,0,1.0,9.0,6.0,6.0,0,0,0,0,0,0,1,6,1,6,253,37,0,20,0.0,0.0,0.0,0.0,0.0,0.0,0.0,0.0
50585,80,6,431.0,2171.0,429.0,0.0,143.6667,248.8303,2267.0,2.0,567.25,1131.1692,14259.16,16859.432,28327.0,4.0,39146.0,19563.0,20480.045,28337.0,204.0,30213.0,10077.0,16715.106,30279.0,4.0,0,0,0,0,0.0,2267.0,0,0,0,1,0,0,0,0,1.0,385.5714,143.6667,567.25,0,0,0,0,0,0,3,431,4,2171,8192,30016,2,20,0.0,0.0,0.0,0.0,0.0,0.0,0.0,0.0
37231,80,6,1670.0,6594.0,435.0,0.0,83.5875,177.1293,796.0,0.0,335.5714,339.8029,2952428.56,4550239.174,10027532.0,44.0,118898010.0,5913242.46,4909514.256,10060055.0,75.0,113114460.0,6546195.65,4853853.361,10062264.0,805.0,0,0,0,0,0.0,796.0,0,0,0,1,0,0,0,0,0.0,193.7286,83.5875,335.5714,0,0,0,0,0,0,22,1670,17,6594,29200,298,4,32,409642.36,1164378.614,2869297.0,23442.0,10011107.45,6063.463,10027536.0,9996653.0
50097,443,6,713.0,479.0,469.0,0.0,71.3,147.2874,341.0,0.0,95.8,149.5299,5656.57,9735.792,23688.0,3.0,73973.0,8049.33,11237.013,25915.0,3.0,41208.0,12522.0,12387.159,25844.0,326.0,0,0,0,0,0.0,469.0,0,0,0,1,0,0,0,0,0.0,79.4667,71.3,95.8,0,0,0,0,0,0,10,713,5,479,65535,972,5,32,0.0,0.0,0.0,0.0,0.0,0.0,0.0,0.0
80,37300,6,0.0,0.0,0.0,0.0,0.0,0.0,0.0,0.0,0.0,0.0,78.0,0.0,78.0,78.0,0.0,0.0,0.0,0.0,0.0,0.0,0.0,0.0,0.0,0.0,0,0,0,0,0.0,0.0,0,0,0,0,1,1,0,0,1.0,0.0,0.0,0.0,0,0,0,0,0,0,1,0,1,0,283,229,0,32,0.0,0.0,0.0,0.0,0.0,0.0,0.0,0.0
34387,443,6,12.0,0.0,6.0,6.0,6.0,0.0,0.0,0.0,0.0,0.0,3.0,0.0,3.0,3.0,3.0,3.0,0.0,3.0,3.0,0.0,0.0,0.0,0.0,0.0,0,0,0,0,6.0,6.0,1,0,0,0,0,0,0,0,0.0,9.0,6.0,0.0,0,0,0,0,0,0,2,12,0,0,0,-1,1,20,0.0,0.0,0.0,0.0,0.0,0.0,0.0,0.0
63340,443,6,0.0,0.0,0.0,0.0,0.0,0.0,0.0,0.0,0.0,0.0,355.0,0.0,355.0,355.0,355.0,355.0,0.0,355.0,355.0,0.0,0.0,0.0,0.0,0.0,0,0,0,0,0.0,0.0,0,0,0,0,1,0,0,0,0.0,0.0,0.0,0.0,0,0,0,0,0,0,2,0,0,0,360,-1,0,32,0.0,0.0,0.0,0.0,0.0,0.0,0.0,0.0
64953,53,17,76.0,180.0,38.0,38.0,38.0,0.0,90.0,90.0,90.0,0.0,10266.33,17737.713,30793.0,3.0,3.0,3.0,0.0,3.0,3.0,4.0,4.0,0.0,4.0,4.0,0,0,0,0,38.0,90.0,0,0,0,0,0,0,0,0,1.0,73.5,38.0,90.0,0,0,0,0,0,0,2,76,2,180,-1,-1,1,32,0.0,0.0,0.0,0.0,0.0,0.0,0.0,0.0
43736,443,6,2314.0,4095.0,932.0,0.0,92.2381,236.8015,1433.0,0.0,118.7017,347.6067,3057143.96,4534261.878,10231586.0,2.0,117566352.0,5508325.66,5106032.54,10360068.0,2.0,112504113.0,6063640.29,5028616.288,10372740.0,212.0,0,0,0,0,0.0,1433.0,0,0,0,1,0,0,0,0,0.0,104.3513,92.2381,118.7017,0,0,0,0,0,0,26,2314,18,4095,29200,392,7,32,159230.72,412250.278,1726282.0,36276.0,10120288.72,67149.679,10231582.0,10000739.0
59215,443,6,3171.0,2395.0,1448.0,0.0,266.1667,553.9074,2267.0,0.0,299.875,799.6306,13876.48,24475.541,75643.0,3.0,240528.0,23305.09,29482.75,73143.0,3.0,175379.0,20898.71,25264.868,48994.0,213.0,0,0,0,0,0.0,2267.0,0,0,0,1,0,0,0,0,0.0,306.14,266.1667,299.875,0,0,0,0,0,0,12,3171,8,2395,65535,1120,7,32,0.0,0.0,0.0,0.0,0.0,0.0,0.0,0.0
51994,443,6,744.0,27341.0,379.0,0.0,29.7619,96.9073,2896.0,0.0,1395.05,776.7346,1283583.5,3289689.259,10024027.0,3.0,61772602.0,2755504.64,4880349.124,10373977.0,4.0,66670326.0,2454304.26,4327045.732,10273702.0,47.0,0,0,0,0,0.0,2896.0,0,0,0,1,0,0,0,0,1.0,817.5931,29.7619,1395.05,0,0,0,0,0,0,23,744,26,27341,29200,61,3,32,292160.16,503275.845,1874908.0,50072.0,10011197.33,4220.112,10024025.0,10002839.0
62569,53,17,45.0,199.0,45.0,45.0,45.0,0.0,199.0,199.0,199.0,0.0,341074.0,0.0,341074.0,341074.0,0.0,0.0,0.0,0.0,0.0,0.0,0.0,0.0,0.0,0.0,0,0,0,0,45.0,199.0,0,0,0,0,0,0,0,0,1.0,144.5,45.0,199.0,0,0,0,0,0,0,1,45,1,199,-1,-1,0,44,0.0,0.0,0.0,0.0,0.0,0.0,0.0,0.0
61899,53,17,45.0,61.0,45.0,45.0,45.0,0.0,61.0,61.0,61.0,0.0,80685.0,0.0,80685.0,80685.0,0.0,0.0,0.0,0.0,0.0,0.0,0.0,0.0,0.0,0.0,0,0,0,0,45.0,61.0,0,0,0,0,0,0,0,0,1.0,75.5,45.0,61.0,0,0,0,0,0,0,1,45,1,61,-1,-1,0,32,0.0,0.0,0.0,0.0,0.0,0.0,0.0,0.0
61271,53,17,45.0,55.0,45.0,45.0,45.0,0.0,55.0,55.0,55.0,0.0,149605.0,0.0,149605.0,149605.0,0.0,0.0,0.0,0.0,0.0,0.0,0.0,0.0,0.0,0.0,0,0,0,0,45.0,55.0,0,0,0,0,0,0,0,0,1.0,62.5,45.0,55.0,0,0,0,0,0,0,1,45,1,55,-1,-1,0,20,0.0,0.0,0.0,0.0,0.0,0.0,0.0,0.0
443,62648,6,37.0,0.0,37.0,0.0,18.5,26.163,0.0,0.0,0.0,0.0,3.0,0.0,3.0,3.0,3.0,3.0,0.0,3.0,3.0,0.0,0.0,0.0,0.0,0.0,1,0,0,0,0.0,37.0,0,1,0,0,1,0,0,0,0.0,37.0,18.5,0.0,0,0,0,0,0,0,2,37,0,0,114,-1,0,32,0.0,0.0,0.0,0.0,0.0,0.0,0.0,0.0
51927,443,6,12.0,0.0,6.0,6.0,6.0,0.0,0.0,0.0,0.0,0.0,3.0,0.0,3.0,3.0,3.0,3.0,0.0,3.0,3.0,0.0,0.0,0.0,0.0,0.0,0,0,0,0,6.0,6.0,1,0,0,0,0,0,0,0,0.0,9.0,6.0,0.0,0,0,0,0,0,0,2,12,0,0,0,-1,1,20,0.0,0.0,0.0,0.0,0.0,0.0,0.0,0.0
51799,53,17,62.0,318.0,31.0,31.0,31.0,0.0,159.0,159.0,159.0,0.0,30436.33,52785.831,91304.0,3.0,3.0,3.0,0.0,3.0,3.0,3.0,3.0,0.0,3.0,3.0,0,0,0,0,31.0,159.0,0,0,0,0,0,0,0,0,1.0,102.75,31.0,159.0,0,0,0,0,0,0,2,62,2,318,-1,-1,1,32,0.0,0.0,0.0,0.0,0.0,0.0,0.0,0.0
443,33890,6,31.0,0.0,31.0,0.0,15.5,21.9203,0.0,0.0,0.0,0.0,3.0,0.0,3.0,3.0,3.0,3.0,0.0,3.0,3.0,0.0,0.0,0.0,0.0,0.0,1,0,0,0,0.0,31.0,0,1,0,0,1,0,0,0,0.0,31.0,15.5,0.0,0,0,0,0,0,0,2,31,0,0,110,-1,0,32,0.0,0.0,0.0,0.0,0.0,0.0,0.0,0.0
51521,80,6,12.0,0.0,6.0,6.0,6.0,0.0,0.0,0.0,0.0,0.0,138.0,0.0,138.0,138.0,138.0,138.0,0.0,138.0,138.0,0.0,0.0,0.0,0.0,0.0,0,0,0,0,6.0,6.0,0,0,0,0,1,0,0,0,0.0,9.0,6.0,0.0,0,0,0,0,0,0,2,12,0,0,251,-1,1,20,0.0,0.0,0.0,0.0,0.0,0.0,0.0,0.0
60411,53,17,41.0,163.0,41.0,41.0,41.0,0.0,163.0,163.0,163.0,0.0,30768.0,0.0,30768.0,30768.0,0.0,0.0,0.0,0.0,0.0,0.0,0.0,0.0,0.0,0.0,0,0,0,0,41.0,163.0,0,0,0,0,0,0,0,0,1.0,122.5,41.0,163.0,0,0,0,0,0,0,1,41,1,163,-1,-1,0,20,0.0,0.0,0.0,0.0,0.0,0.0,0.0,0.0
38629,53,17,64.0,96.0,32.0,32.0,32.0,0.0,48.0,48.0,48.0,0.0,49.0,86.602,141.0,3.0,3.0,3.0,0.0,3.0,3.0,4.0,4.0,0.0,4.0,4.0,0,0,0,0,32.0,48.0,0,0,0,0,0,0,0,0,1.0,48.0,32.0,48.0,0,0,0,0,0,0,2,64,2,96,-1,-1,1,20,0.0,0.0,0.0,0.0,0.0,0.0,0.0,0.0
49758,443,6,698.0,12683.0,314.0,0.0,26.5714,83.7077,2096.0,0.0,526.5,847.0309,2282748.36,4153137.161,10027628.0,3.0,115748797.0,4594767.89,4985845.519,10052006.0,3.0,110634709.0,4835541.35,5014040.812,10051292.0,4.0,0,0,0,0,0.0,2096.0,0,0,0,1,0,0,0,0,1.0,311.9759,26.5714,526.5,0,0,0,0,0,0,28,698,22,12683,29200,126,4,32,40407.75,39919.863,174879.0,23211.0,10022729.18,6770.12,10027627.0,9999382.0
61733,53,17,55.0,93.0,55.0,55.0,55.0,0.0,93.0,93.0,93.0,0.0,60944.0,0.0,60944.0,60944.0,0.0,0.0,0.0,0.0,0.0,0.0,0.0,0.0,0.0,0.0,0,0,0,0,55.0,93.0,0,0,0,0,0,0,0,0,1.0,101.5,55.0,93.0,0,0,0,0,0,0,1,55,1,93,-1,-1,0,20,0.0,0.0,0.0,0.0,0.0,0.0,0.0,0.0
37016,80,6,0.0,0.0,0.0,0.0,0.0,0.0,0.0,0.0,0.0,0.0,1717473.33,3036704.346,5397112.0,59.0,5338252.0,2669126.0,3732261.517,5397112.0,32631.0,0.0,0.0,0.0,0.0,0.0,0,0,0,0,0.0,0.0,0,0,0,1,0,0,0,0,0.0,0.0,0.0,0.0,0,0,0,0,0,0,3,0,1,0,29200,28960,0,32,0.0,0.0,0.0,0.0,0.0,0.0,0.0,0.0
55853,53,17,74.0,380.0,37.0,37.0,37.0,0.0,190.0,190.0,190.0,0.0,58.0,94.194,167.0,3.0,3.0,3.0,0.0,3.0,3.0,4.0,4.0,0.0,4.0,4.0,0,0,0,0,37.0,190.0,0,0,0,0,0,0,0,0,1.0,122.75,37.0,190.0,0,0,0,0,0,0,2,74,2,380,-1,-1,1,32,0.0,0.0,0.0,0.0,0.0,0.0,0.0,0.0
61662,53,17,59.0,131.0,59.0,59.0,59.0,0.0,131.0,131.0,131.0,0.0,47835.0,0.0,47835.0,47835.0,0.0,0.0,0.0,0.0,0.0,0.0,0.0,0.0,0.0,0.0,0,0,0,0,59.0,131.0,0,0,0,0,0,0,0,0,1.0,124.5,59.0,131.0,0,0,0,0,0,0,1,59,1,131,-1,-1,0,44,0.0,0.0,0.0,0.0,0.0,0.0,0.0,0.0
443,52617,6,12.0,0.0,6.0,6.0,6.0,0.0,0.0,0.0,0.0,0.0,3.0,0.0,3.0,3.0,3.0,3.0,0.0,3.0,3.0,0.0,0.0,0.0,0.0,0.0,0,0,0,0,6.0,6.0,0,0,0,0,1,0,0,0,0.0,9.0,6.0,0.0,0,0,0,0,0,0,2,12,0,0,4703,-1,1,20,0.0,0.0,0.0,0.0,0.0,0.0,0.0,0.0
56249,53,17,80.0,438.0,40.0,40.0,40.0,0.0,219.0,219.0,219.0,0.0,71.0,118.829,200.0,3.0,3.0,3.0,0.0,3.0,3.0,3.0,3.0,0.0,3.0,3.0,0,0,0,0,40.0,219.0,0,0,0,0,0,0,0,0,1.0,149.5,40.0,219.0,0,0,0,0,0,0,2,80,2,438,-1,-1,1,20,0.0,0.0,0.0,0.0,0.0,0.0,0.0,0.0
53679,443,6,703.0,3950.0,267.0,0.0,78.1111,103.3023,1448.0,0.0,395.0,587.4831,53439.0,77147.912,293480.0,9.0,816981.0,85526.25,108660.64,394454.0,224.0,582032.0,48585.2,87581.975,293339.0,4.0,0,0,0,0,0.0,1448.0,0,0,0,1,0,0,0,0,1.0,244.8947,78.1111,395.0,0,0,0,0,0,0,9,703,10,3950,29200,252,4,32,0.0,0.0,0.0,0.0,0.0,0.0,0.0,0.0
49324,443,6,1607.0,721.0,1368.0,0.0,161.0909,405.4095,699.0,0.0,141.0,258.0766,10841.92,15925.179,36403.0,3.0,183696.0,18744.6,21617.53,51310.0,3.0,124375.0,26731.75,17684.789,36984.0,644.0,0,0,0,0,0.0,1368.0,0,0,0,1,0,0,0,0,0.0,143.1765,161.0909,141.0,0,0,0,0,0,0,11,1607,5,721,65535,362,6,32,0.0,0.0,0.0,0.0,0.0,0.0,0.0,0.0
443,46864,6,0.0,0.0,0.0,0.0,0.0,0.0,0.0,0.0,0.0,0.0,14403.0,25624.385,36819.0,58.0,36907.0,36907.0,0.0,36907.0,36907.0,0.0,0.0,0.0,0.0,0.0,0,0,0,0,0.0,0.0,0,0,0,0,1,0,0,0,0.0,0.0,0.0,0.0,0,0,0,0,0,0,2,0,1,0,83,320,0,32,0.0,0.0,0.0,0.0,0.0,0.0,0.0,0.0
49642,80,6,806.0,3956.0,434.0,0.0,41.7778,128.9383,1448.0,0.0,190.2308,420.0562,3608542.63,4749918.735,10229525.0,9.0,119598167.0,6341856.95,4764009.132,10240014.0,100.0,119486003.0,7058978.61,4770680.092,10240151.0,48.0,0,0,0,0,0.0,1448.0,0,0,0,1,0,0,0,0,0.0,111.4714,41.7778,190.2308,0,0,0,0,0,0,18,806,17,3956,29200,972,2,32,204554.27,317349.393,1287162.0,16281.0,10189566.09,71821.305,10229526.0,10000105.0
50021,443,6,520.0,4164.0,197.0,0.0,43.2222,68.1048,2836.0,0.0,890.8571,1011.2299,20000.64,21603.624,86862.0,4.0,308123.0,31471.62,26618.447,106802.0,19.0,202895.0,37623.16,31071.139,87808.0,80.0,0,0,0,0,0.0,2836.0,0,0,0,1,0,0,0,0,0.0,317.8695,43.2222,890.8571,0,0,0,0,0,0,14,520,7,4164,29200,340,5,32,0.0,0.0,0.0,0.0,0.0,0.0,0.0,0.0
443,52470,6,0.0,18.0,0.0,0.0,0.0,0.0,6.0,6.0,6.0,0.0,128.0,208.916,374.0,1.0,0.0,0.0,0.0,0.0,0.0,4.0,2.0,1.414,3.0,1.0,0,0,0,0,0.0,6.0,0,0,0,0,1,0,0,0,3.0,4.5,0.0,6.0,0,0,0,0,0,0,1,0,3,18,972,0,0,32,0.0,0.0,0.0,0.0,0.0,0.0,0.0,0.0
51290,53,17,62.0,226.0,31.0,31.0,31.0,0.0,113.0,113.0,113.0,0.0,8007.0,13863.168,24016.0,1.0,1.0,1.0,0.0,1.0,1.0,2.0,2.0,0.0,2.0,2.0,0,0,0,0,31.0,113.0,0,0,0,0,0,0,0,0,1.0,79.75,31.0,113.0,0,0,0,0,0,0,2,62,2,226,-1,-1,1,32,0.0,0.0,0.0,0.0,0.0,0.0,0.0,0.0
53810,80,6,458.0,767.0,458.0,0.0,55.6,157.6747,767.0,0.0,96.3333,260.5049,2652766.28,4339016.598,10009355.0,77.0,40410849.0,5273675.55,5273209.54,10011118.0,84.0,46187864.0,5156316.8,4973829.434,10016739.0,1184.0,0,0,0,0,0.0,767.0,0,0,0,1,0,0,0,0,1.0,76.54,55.6,96.3333,0,0,0,0,0,0,10,458,9,767,8192,946,7,20,68574.0,32089.086,139335.0,15976.0,10002168.3,295.575,10009355.0,9997337.0
57776,443,6,4638.0,192381.0,670.0,0.0,92.7059,198.2796,4380.0,0.0,1842.7554,1066.7847,131805.9,763685.382,9934035.0,1.0,15922843.0,323486.18,1745765.549,9934085.0,157.0,15974923.0,131724.45,1330212.565,9992990.0,1.0,0,0,0,0,0.0,4380.0,0,0,0,1,0,0,0,0,1.0,1004.3136,92.7059,1842.7554,0,0,0,0,0,0,104,4638,104,192381,8192,18552,109,20,4004347.0,0.0,4004347.0,4004347.0,9934011.0,0.0,9934011.0,9934011.0
53150,53,17,84.0,310.0,42.0,42.0,42.0,0.0,155.0,155.0,155.0,0.0,10333.66,17879.555,30995.0,1.0,1.0,1.0,0.0,1.0,1.0,4.0,4.0,0.0,4.0,4.0,0,0,0,0,42.0,155.0,0,0,0,0,0,0,0,0,1.0,109.0,42.0,155.0,0,0,0,0,0,0,2,84,2,310,-1,-1,1,20,0.0,0.0,0.0,0.0,0.0,0.0,0.0,0.0
443,49024,6,0.0,0.0,0.0,0.0,0.0,0.0,0.0,0.0,0.0,0.0,62.0,0.0,62.0,62.0,0.0,0.0,0.0,0.0,0.0,0.0,0.0,0.0,0.0,0.0,0,0,0,0,0.0,0.0,0,0,0,0,1,1,0,0,1.0,0.0,0.0,0.0,0,0,0,0,0,0,1,0,1,0,164,360,0,32,0.0,0.0,0.0,0.0,0.0,0.0,0.0,0.0
46539,443,6,354.0,3932.0,193.0,0.0,39.6667,68.3535,1395.0,0.0,656.6667,688.6055,408903.05,1414487.435,5290128.0,24.0,5315546.0,711945.25,1849451.922,5290128.0,48.0,76712.0,19136.4,26421.769,40273.0,162.0,0,0,0,0,0.0,1395.0,0,0,0,1,0,0,0,0,0.0,268.5667,39.6667,656.6667,0,0,0,0,0,0,9,354,6,3932,29200,118,3,32,299547.0,0.0,299547.0,299547.0,5290147.0,0.0,5290147.0,5290147.0
60674,53,17,80.0,112.0,80.0,80.0,80.0,0.0,112.0,112.0,112.0,0.0,1137.0,0.0,1137.0,1137.0,0.0,0.0,0.0,0.0,0.0,0.0,0.0,0.0,0.0,0.0,0,0,0,0,80.0,112.0,0,0,0,0,0,0,0,0,1.0,146.0,80.0,112.0,0,0,0,0,0,0,1,80,1,112,-1,-1,0,32,0.0,0.0,0.0,0.0,0.0,0.0,0.0,0.0
56045,53,17,80.0,112.0,40.0,40.0,40.0,0.0,56.0,56.0,56.0,0.0,60.66,66.193,130.0,3.0,47.0,47.0,0.0,47.0,47.0,3.0,3.0,0.0,3.0,3.0,0,0,0,0,40.0,56.0,0,0,0,0,0,0,0,0,1.0,58.0,40.0,56.0,0,0,0,0,0,0,2,80,2,112,-1,-1,1,20,0.0,0.0,0.0,0.0,0.0,0.0,0.0,0.0
56477,53,17,86.0,222.0,43.0,43.0,43.0,0.0,111.0,111.0,111.0,0.0,73.66,84.302,166.0,3.0,3.0,3.0,0.0,3.0,3.0,49.0,49.0,0.0,49.0,49.0,0,0,0,0,43.0,111.0,0,0,0,0,0,0,0,0,1.0,87.75,43.0,111.0,0,0,0,0,0,0,2,86,2,222,-1,-1,1,32,0.0,0.0,0.0,0.0,0.0,0.0,0.0,0.0
80,55214,6,0.0,0.0,0.0,0.0,0.0,0.0,0.0,0.0,0.0,0.0,74.0,0.0,74.0,74.0,0.0,0.0,0.0,0.0,0.0,0.0,0.0,0.0,0.0,0.0,0,0,0,0,0.0,0.0,0,0,0,0,1,1,0,0,1.0,0.0,0.0,0.0,0,0,0,0,0,0,1,0,1,0,112,33304,0,32,0.0,0.0,0.0,0.0,0.0,0.0,0.0,0.0
55062,443,6,123.0,46.0,46.0,0.0,24.6,23.2766,46.0,46.0,46.0,0.0,879118.0,1825916.075,4177299.0,19.0,4218516.0,1059621.0,2096216.175,4177299.0,19.0,0.0,0.0,0.0,0.0,0.0,1,0,0,0,0.0,46.0,0,1,0,0,1,0,0,0,0.0,35.8333,24.6,46.0,0,0,0,0,0,0,5,123,1,46,349,357,2,32,0.0,0.0,0.0,0.0,0.0,0.0,0.0,0.0
61388,53,17,58.0,186.0,58.0,58.0,58.0,0.0,186.0,186.0,186.0,0.0,1198935.0,0.0,1198935.0,1198935.0,0.0,0.0,0.0,0.0,0.0,0.0,0.0,0.0,0.0,0.0,0,0,0,0,58.0,186.0,0,0,0,0,0,0,0,0,1.0,151.0,58.0,186.0,0,0,0,0,0,0,1,58,1,186,-1,-1,0,40,0.0,0.0,0.0,0.0,0.0,0.0,0.0,0.0
443,58551,6,0.0,0.0,0.0,0.0,0.0,0.0,0.0,0.0,0.0,0.0,59.0,0.0,59.0,59.0,0.0,0.0,0.0,0.0,0.0,0.0,0.0,0.0,0.0,0.0,0,0,0,0,0.0,0.0,0,0,0,0,1,1,0,0,1.0,0.0,0.0,0.0,0,0,0,0,0,0,1,0,1,0,350,283,0,32,0.0,0.0,0.0,0.0,0.0,0.0,0.0,0.0
443,55439,6,0.0,0.0,0.0,0.0,0.0,0.0,0.0,0.0,0.0,0.0,51.0,0.0,51.0,51.0,0.0,0.0,0.0,0.0,0.0,0.0,0.0,0.0,0.0,0.0,0,0,0,0,0.0,0.0,0,0,0,0,1,0,0,0,1.0,0.0,0.0,0.0,0,0,0,0,0,0,1,0,1,0,349,32832,0,32,0.0,0.0,0.0,0.0,0.0,0.0,0.0,0.0
58374,80,6,457.0,288.0,457.0,0.0,85.4,195.3827,288.0,0.0,94.0,163.0,10913.0,16380.274,36157.0,13.0,23925.0,11985.25,16225.954,36088.0,853.0,28373.0,17793.5,15880.574,29623.0,612.0,0,0,0,0,0.0,457.0,0,0,0,1,0,0,0,0,0.0,83.5,85.4,94.0,0,0,0,0,0,0,5,457,3,288,65535,285,1,32,0.0,0.0,0.0,0.0,0.0,0.0,0.0,0.0
60337,53,17,51.0,183.0,51.0,51.0,51.0,0.0,183.0,183.0,183.0,0.0,162755.0,0.0,162755.0,162755.0,0.0,0.0,0.0,0.0,0.0,0.0,0.0,0.0,0.0,0.0,0,0,0,0,51.0,183.0,0,0,0,0,0,0,0,0,1.0,142.5,51.0,183.0,0,0,0,0,0,0,1,51,1,183,-1,-1,0,32,0.0,0.0,0.0,0.0,0.0,0.0,0.0,0.0
62287,53,17,40.0,91.0,40.0,40.0,40.0,0.0,91.0,91.0,91.0,0.0,61914.0,0.0,61914.0,61914.0,0.0,0.0,0.0,0.0,0.0,0.0,0.0,0.0,0.0,0.0,0,0,0,0,40.0,91.0,0,0,0,0,0,0,0,0,1.0,85.5,40.0,91.0,0,0,0,0,0,0,1,40,1,91,-1,-1,0,20,0.0,0.0,0.0,0.0,0.0,0.0,0.0,0.0
60499,53,17,72.0,128.0,36.0,36.0,36.0,0.0,64.0,64.0,64.0,0.0,10249.0,17771.538,30741.0,3.0,3.0,3.0,0.0,3.0,3.0,4.0,4.0,0.0,4.0,4.0,0,0,0,0,36.0,64.0,0,0,0,0,0,0,0,0,1.0,59.0,36.0,64.0,0,0,0,0,0,0,2,72,2,128,-1,-1,1,32,0.0,0.0,0.0,0.0,0.0,0.0,0.0,0.0
24929,53,17,84.0,212.0,42.0,42.0,42.0,0.0,106.0,106.0,106.0,0.0,10453.66,18053.339,31305.0,1.0,1.0,1.0,0.0,1.0,1.0,49.0,49.0,0.0,49.0,49.0,0,0,0,0,42.0,106.0,0,0,0,0,0,0,0,0,1.0,84.5,42.0,106.0,0,0,0,0,0,0,2,84,2,212,-1,-1,1,32,0.0,0.0,0.0,0.0,0.0,0.0,0.0,0.0
443,42934,6,0.0,0.0,0.0,0.0,0.0,0.0,0.0,0.0,0.0,0.0,50.0,0.0,50.0,50.0,0.0,0.0,0.0,0.0,0.0,0.0,0.0,0.0,0.0,0.0,0,0,0,0,0.0,0.0,0,0,0,0,1,1,0,0,1.0,0.0,0.0,0.0,0,0,0,0,0,0,1,0,1,0,120,1383,0,32,0.0,0.0,0.0,0.0,0.0,0.0,0.0,0.0
52698,80,6,12.0,0.0,6.0,6.0,6.0,0.0,0.0,0.0,0.0,0.0,330.0,0.0,330.0,330.0,330.0,330.0,0.0,330.0,330.0,0.0,0.0,0.0,0.0,0.0,0,0,0,0,6.0,6.0,0,0,0,0,1,0,0,0,0.0,9.0,6.0,0.0,0,0,0,0,0,0,2,12,0,0,256,-1,1,20,0.0,0.0,0.0,0.0,0.0,0.0,0.0,0.0
57635,443,6,123.0,46.0,46.0,0.0,24.6,23.2766,46.0,46.0,46.0,0.0,681524.4,1331406.203,3348517.0,4.0,3344502.0,883578.0,1504000.0,3344502.0,344572.0,0.0,0.0,0.0,0.0,0.0,1,0,0,0,0.0,46.0,0,1,0,0,1,0,0,0,0.0,35.8333,24.6,46.0,0,0,0,0,0,0,5,123,1,46,352,174,2,32,0.0,0.0,0.0,0.0,0.0,0.0,0.0,0.0
55249,443,6,803.0,8817.0,579.0,0.0,70.1818,160.2279,1847.0,0.0,901.875,737.319,11541.94,33750.938,87240.0,1.0,312037.0,22632.35,44653.641,87280.0,1.0,289335.0,34854.42,40509.592,122613.0,3.0,0,0,0,0,0.0,1847.0,0,0,0,1,0,0,0,0,0.0,435.7113,70.1818,901.875,0,0,0,0,0,0,11,803,16,8817,65535,65,5,32,0.0,0.0,0.0,0.0,0.0,0.0,0.0,0.0
443,51698,6,12.0,0.0,6.0,6.0,6.0,0.0,0.0,0.0,0.0,0.0,4.0,0.0,4.0,4.0,4.0,4.0,0.0,4.0,4.0,0.0,0.0,0.0,0.0,0.0,0,0,0,0,6.0,6.0,0,0,0,0,1,0,0,0,0.0,9.0,6.0,0.0,0,0,0,0,0,0,2,12,0,0,415,-1,1,20,0.0,0.0,0.0,0.0,0.0,0.0,0.0,0.0
38202,53,17,46.0,46.0,23.0,23.0,23.0,0.0,23.0,23.0,23.0,0.0,61.66,60.138,132.0,4.0,4.0,4.0,0.0,4.0,4.0,47.0,47.0,0.0,47.0,47.0,0,0,0,0,23.0,23.0,0,0,0,0,0,0,0,0,1.0,28.75,23.0,23.0,0,0,0,0,0,0,2,46,2,46,-1,-1,1,32,0.0,0.0,0.0,0.0,0.0,0.0,0.0,0.0
63427,53,17,72.0,328.0,36.0,36.0,36.0,0.0,164.0,164.0,164.0,0.0,7938.66,13786.54,23769.0,3.0,3.0,3.0,0.0,3.0,3.0,3.0,3.0,0.0,3.0,3.0,0,0,0,0,36.0,164.0,0,0,0,0,0,0,0,0,1.0,109.0,36.0,164.0,0,0,0,0,0,0,2,72,2,328,-1,-1,1,20,0.0,0.0,0.0,0.0,0.0,0.0,0.0,0.0
61209,53,17,52.0,116.0,52.0,52.0,52.0,0.0,116.0,116.0,116.0,0.0,47412.0,0.0,47412.0,47412.0,0.0,0.0,0.0,0.0,0.0,0.0,0.0,0.0,0.0,0.0,0,0,0,0,52.0,116.0,0,0,0,0,0,0,0,0,1.0,110.0,52.0,116.0,0,0,0,0,0,0,1,52,1,116,-1,-1,0,32,0.0,0.0,0.0,0.0,0.0,0.0,0.0,0.0
55676,53,17,90.0,164.0,45.0,45.0,45.0,0.0,82.0,82.0,82.0,0.0,16217.0,28082.215,48606.0,3.0,3.0,3.0,0.0,3.0,3.0,3.0,3.0,0.0,3.0,3.0,0,0,0,0,45.0,82.0,0,0,0,0,0,0,0,0,1.0,74.75,45.0,82.0,0,0,0,0,0,0,2,90,2,164,-1,-1,1,32,0.0,0.0,0.0,0.0,0.0,0.0,0.0,0.0
443,45904,6,0.0,0.0,0.0,0.0,0.0,0.0,0.0,0.0,0.0,0.0,58.0,0.0,58.0,58.0,0.0,0.0,0.0,0.0,0.0,0.0,0.0,0.0,0.0,0.0,0,0,0,0,0.0,0.0,0,0,0,0,1,1,0,0,1.0,0.0,0.0,0.0,0,0,0,0,0,0,1,0,1,0,116,329,0,32,0.0,0.0,0.0,0.0,0.0,0.0,0.0,0.0
61686,53,17,43.0,81.0,43.0,43.0,43.0,0.0,81.0,81.0,81.0,0.0,60765.0,0.0,60765.0,60765.0,0.0,0.0,0.0,0.0,0.0,0.0,0.0,0.0,0.0,0.0,0,0,0,0,43.0,81.0,0,0,0,0,0,0,0,0,1.0,83.5,43.0,81.0,0,0,0,0,0,0,1,43,1,81,-1,-1,0,20,0.0,0.0,0.0,0.0,0.0,0.0,0.0,0.0
35829,443,6,617.0,164.0,517.0,0.0,88.1429,189.989,152.0,0.0,41.0,74.054,560783.5,1637710.657,5246950.0,3.0,5332717.0,885869.16,2143866.384,5393729.0,3.0,81905.0,27675.33,31177.961,70814.0,336.0,0,0,0,0,0.0,517.0,0,0,0,1,0,0,0,0,0.0,71.0,88.1429,41.0,0,0,0,0,0,0,7,617,4,164,29200,30,6,20,99369.0,0.0,99369.0,99369.0,5246962.0,0.0,5246952.0,5246962.0
49838,443,6,1136.0,83091.0,340.0,0.0,25.5211,99.3867,2896.0,0.0,1334.5263,441.332,101803.31,841968.389,5044376.0,1.0,6521344.0,217369.21,1143359.217,5044372.0,1.0,6486089.0,134006.54,1128626.431,5060055.0,2.0,0,0,0,0,0.0,2896.0,0,0,0,1,0,0,0,0,2.0,1151.6179,25.5211,1334.5263,0,0,0,0,0,0,48,1136,49,83091,29200,62,4,32,3375131.0,0.0,3375131.0,3375131.0,5044302.0,0.0,5044302.0,5044302.0
3042,80,6,432.0,1774.0,432.0,0.0,51.5,144.0,1774.0,0.0,137.2,527.5524,3501725.07,4922873.832,10004709.0,34.0,50121023.0,6647608.83,5270376.216,10039787.0,23470.0,56601510.0,6701134.33,4477736.278,10030261.0,1923.0,0,0,0,0,0.0,1774.0,0,0,0,1,0,0,0,0,1.0,117.3167,51.5,137.2,0,0,0,0,0,0,8,432,4,1774,8192,946,7,20,25767.5,71714.955,102993.0,23143.0,10001557.33,6688.934,10004704.0,9999768.0
51026,443,6,18.0,0.0,6.0,6.0,6.0,0.0,0.0,0.0,0.0,0.0,10345.0,14009.172,20963.0,1.0,20149.0,10074.5,17063.516,20131.0,1.0,0.0,0.0,0.0,0.0,0.0,0,0,0,0,0.0,6.0,1,0,0,0,0,0,0,0,0.0,6.0,6.0,0.0,0,0,0,0,0,0,3,18,1,0,0,972,2,20,0.0,0.0,0.0,0.0,0.0,0.0,0.0,0.0
55149,443,6,1259.0,6580.0,517.0,0.0,74.4375,141.5468,2233.0,0.0,469.5556,797.023,1757222.45,3739007.326,10180697.0,2.0,61587835.0,3225521.8,4880423.899,10245003.0,229.0,61451219.0,4378633.69,5122325.789,10240003.0,2.0,0,0,0,0,0.0,2233.0,0,0,0,1,0,0,0,0,1.0,281.2907,74.4375,469.5556,0,0,0,0,0,0,16,1259,19,6580,29200,227,6,32,253670.16,685856.875,1181497.0,50459.0,10091973.28,122727.357,10180699.0,9918148.0
62795,53,17,88.0,176.0,44.0,44.0,44.0,0.0,88.0,88.0,88.0,0.0,58.33,97.284,168.0,3.0,3.0,3.0,0.0,3.0,3.0,4.0,4.0,0.0,4.0,4.0,0,0,0,0,44.0,88.0,0,0,0,0,0,0,0,0,1.0,77.0,44.0,88.0,0,0,0,0,0,0,2,88,2,176,-1,-1,1,20,0.0,0.0,0.0,0.0,0.0,0.0,0.0,0.0
62270,53,17,40.0,108.0,40.0,40.0,40.0,0.0,108.0,108.0,108.0,0.0,30649.0,0.0,30649.0,30649.0,0.0,0.0,0.0,0.0,0.0,0.0,0.0,0.0,0.0,0.0,0,0,0,0,40.0,108.0,0,0,0,0,0,0,0,0,1.0,94.0,40.0,108.0,0,0,0,0,0,0,1,40,1,108,-1,-1,0,32,0.0,0.0,0.0,0.0,0.0,0.0,0.0,0.0
25700,53,17,102.0,224.0,51.0,51.0,51.0,0.0,112.0,112.0,112.0,0.0,52.0,86.202,150.0,3.0,3.0,3.0,0.0,3.0,3.0,3.0,3.0,0.0,3.0,3.0,0,0,0,0,51.0,112.0,0,0,0,0,0,0,0,0,1.0,94.25,51.0,112.0,0,0,0,0,0,0,2,102,2,224,-1,-1,1,20,0.0,0.0,0.0,0.0,0.0,0.0,0.0,0.0
63003,21,6,2782.0,6248.0,408.0,0.0,66.9189,101.227,976.0,0.0,153.5235,319.1577,11717.52,104119.934,955441.0,0.0,1358593.0,39933.42,162997.77,995217.0,48.0,315420.0,5078.41,15137.253,87718.0,1.0,0,0,0,0,0.0,976.0,0,0,0,1,0,0,0,0,1.0,119.3818,66.9189,153.5235,0,0,0,0,0,0,35,2782,44,6248,8192,245,33,20,0.0,0.0,0.0,0.0,0.0,0.0,0.0,0.0
60282,53,17,49.0,317.0,49.0,49.0,49.0,0.0,317.0,317.0,317.0,0.0,90967.0,0.0,90967.0,90967.0,0.0,0.0,0.0,0.0,0.0,0.0,0.0,0.0,0.0,0.0,0,0,0,0,49.0,317.0,0,0,0,0,0,0,0,0,1.0,217.5,49.0,317.0,0,0,0,0,0,0,1,49,1,317,-1,-1,0,20,0.0,0.0,0.0,0.0,0.0,0.0,0.0,0.0
80,52080,6,0.0,0.0,0.0,0.0,0.0,0.0,0.0,0.0,0.0,0.0,136.0,0.0,136.0,136.0,0.0,0.0,0.0,0.0,0.0,0.0,0.0,0.0,0.0,0.0,0,0,0,0,0.0,0.0,0,0,0,0,1,1,0,0,1.0,0.0,0.0,0.0,0,0,0,0,0,0,1,0,1,0,118,229,0,32,0.0,0.0,0.0,0.0,0.0,0.0,0.0,0.0
52323,443,6,29.0,0.0,29.0,0.0,7.25,14.5,0.0,0.0,0.0,0.0,21851.33,37812.871,65874.0,3.0,62863.0,20727.33,49462.507,65874.0,3.0,0.0,0.0,0.0,0.0,0.0,0,0,0,0,0.0,29.0,0,0,0,0,1,0,0,0,0.0,7.25,7.25,0.0,0,0,0,0,0,0,4,29,0,0,33061,-1,1,32,0.0,0.0,0.0,0.0,0.0,0.0,0.0,0.0
54556,80,6,1586.0,5021.0,436.0,0.0,82.6,162.7489,1755.0,2.0,217.2778,492.0247,3678540.13,4772279.491,10006363.0,117.0,115420953.0,7046470.52,4766027.258,10031506.0,512.0,110996102.0,7913357.8,4232782.985,10031569.0,16331.0,0,0,0,0,0.0,1755.0,0,0,0,1,0,0,0,0,0.0,155.4323,82.6,217.2778,0,0,0,0,0,0,20,1586,17,5021,8192,31400,19,20,73784.36,135106.475,583413.0,22887.0,9994435.0,53824.324,10006361.0,9989202.0
443,6919,6,12.0,0.0,6.0,6.0,6.0,0.0,0.0,0.0,0.0,0.0,3.0,0.0,3.0,3.0,3.0,3.0,0.0,3.0,3.0,0.0,0.0,0.0,0.0,0.0,0,0,0,0,6.0,6.0,0,0,0,0,1,0,0,0,0.0,9.0,6.0,0.0,0,0,0,0,0,0,2,12,0,0,360,-1,1,20,0.0,0.0,0.0,0.0,0.0,0.0,0.0,0.0
443,51779,6,6.0,0.0,6.0,0.0,3.0,4.2426,0.0,0.0,0.0,0.0,11488.0,0.0,11488.0,11488.0,11488.0,11488.0,0.0,11488.0,11488.0,0.0,0.0,0.0,0.0,0.0,0,0,0,0,0.0,6.0,0,0,0,0,1,0,0,0,0.0,3.0,3.0,0.0,0,0,0,0,0,0,2,6,0,0,32,-1,1,20,0.0,0.0,0.0,0.0,0.0,0.0,0.0,0.0
60921,443,6,1125.0,5851.0,837.0,0.0,95.3846,214.3426,1839.0,0.0,643.125,780.9509,7671.64,13385.578,36696.0,3.0,90208.0,15172.66,13194.471,36702.0,4.0,91657.0,12169.28,17477.936,35816.0,50.0,0,0,0,0,0.0,1839.0,0,0,0,1,0,0,0,0,0.0,302.8556,95.3846,643.125,0,0,0,0,0,0,13,1125,8,5851,65535,116,6,32,0.0,0.0,0.0,0.0,0.0,0.0,0.0,0.0
52379,443,6,1841.0,774.0,1191.0,0.0,220.2,504.3953,585.0,0.0,110.5,235.2469,230862.07,678064.545,2889204.0,42.0,3253503.0,411761.33,970710.295,2880225.0,3758.0,212067.0,31125.4,37008.141,83223.0,319.0,0,0,0,0,0.0,1191.0,0,0,0,1,0,0,0,0,0.0,172.6625,220.2,110.5,0,0,0,0,0,0,10,1841,6,774,8192,153,9,20,0.0,0.0,0.0,0.0,0.0,0.0,0.0,0.0
443,52330,6,37.0,0.0,37.0,0.0,18.5,26.163,0.0,0.0,0.0,0.0,4.0,0.0,4.0,4.0,4.0,4.0,0.0,4.0,4.0,0.0,0.0,0.0,0.0,0.0,1,0,0,0,0.0,37.0,0,1,0,0,1,0,0,0,0.0,37.0,18.5,0.0,0,0,0,0,0,0,2,37,0,0,65,-1,0,32,0.0,0.0,0.0,0.0,0.0,0.0,0.0,0.0
65011,443,6,713.0,479.0,469.0,0.0,71.3,147.2874,341.0,0.0,95.8,149.5299,5933.28,9281.678,23848.0,4.0,81454.0,9887.44,11055.926,24031.0,4.0,59480.0,13292.0,2254.046,27539.0,222.0,0,0,0,0,0.0,469.0,0,0,0,1,0,0,0,0,0.0,79.4667,71.3,95.8,0,0,0,0,0,0,10,713,5,479,65535,972,5,32,0.0,0.0,0.0,0.0,0.0,0.0,0.0,0.0
56294,443,6,0.0,0.0,0.0,0.0,0.0,0.0,0.0,0.0,0.0,0.0,4467246.5,2125958.645,6029493.0,2992219.0,9173035.0,4586517.5,2123951.132,6029493.0,2998902.0,0.0,0.0,0.0,0.0,0.0,0,0,0,0,0.0,0.0,0,0,0,1,0,0,0,0,0.0,0.0,0.0,0.0,0,0,0,0,0,0,3,0,0,0,29200,-1,0,40,6015981.0,0.0,7015981.0,2015981.0,6029492.0,0.0,6029492.0,6029492.0
34721,53,17,70.0,458.0,35.0,35.0,35.0,0.0,229.0,229.0,229.0,0.0,8054.0,13948.085,24158.0,3.0,3.0,3.0,0.0,3.0,3.0,4.0,4.0,0.0,4.0,4.0,0,0,0,0,35.0,229.0,0,0,0,0,0,0,0,0,1.0,140.75,35.0,229.0,0,0,0,0,0,0,2,70,2,458,-1,-1,1,32,0.0,0.0,0.0,0.0,0.0,0.0,0.0,0.0
443,62250,6,6.0,6.0,6.0,6.0,6.0,0.0,6.0,6.0,6.0,0.0,18.0,0.0,18.0,18.0,0.0,0.0,0.0,0.0,0.0,0.0,0.0,0.0,0.0,0.0,0,0,0,0,6.0,6.0,0,0,0,0,1,1,0,0,1.0,9.0,6.0,6.0,0,0,0,0,0,0,1,6,1,6,32,32850,0,20,0.0,0.0,0.0,0.0,0.0,0.0,0.0,0.0
52656,53,17,132.0,178.0,33.0,33.0,33.0,0.0,89.0,89.0,89.0,0.0,6135.8,13436.175,30497.0,3.0,30424.0,10144.66,17575.802,30427.0,3.0,4.0,4.0,0.0,4.0,4.0,0,0,0,0,33.0,89.0,0,0,0,0,0,0,0,0,0.0,56.1667,33.0,89.0,0,0,0,0,0,0,4,132,2,178,-1,-1,3,20,0.0,0.0,0.0,0.0,0.0,0.0,0.0,0.0
61246,53,17,88.0,198.0,44.0,44.0,44.0,0.0,99.0,99.0,99.0,0.0,10527.33,18212.039,31573.0,49.0,49.0,49.0,0.0,49.0,49.0,49.0,49.0,0.0,49.0,49.0,0,0,0,0,44.0,99.0,0,0,0,0,0,0,0,0,1.0,82.5,44.0,99.0,0,0,0,0,0,0,2,88,2,198,-1,-1,1,20,0.0,0.0,0.0,0.0,0.0,0.0,0.0,0.0
46136,443,6,378.0,5027.0,192.0,0.0,42.7778,70.8654,1448.0,0.0,832.1667,693.0721,436524.35,1406054.192,5493765.0,1.0,5712895.0,769497.12,1848244.283,5493765.0,1.0,213578.0,31112.6,59116.472,120785.0,48.0,0,0,0,0,0.0,1448.0,0,0,0,1,0,0,0,0,0.0,373.3667,42.7778,832.1667,0,0,0,0,0,0,9,378,6,5027,29200,939,3,32,181397.0,0.0,181397.0,181397.0,5493707.0,0.0,5493707.0,5493707.0
50069,80,6,1828.0,2148.0,824.0,0.0,107.0,255.4072,746.0,0.0,181.8889,322.1852,3223110.47,4714652.499,10002392.0,73.0,117889476.0,6149679.23,4689717.023,10046558.0,26922.0,112764778.0,7495863.84,4220180.028,10043352.0,14198.0,0,0,0,0,0.0,846.0,0,0,0,1,0,0,0,0,0.0,139.0688,107.0,181.8889,0,0,0,0,0,0,20,1828,18,2148,8192,377,19,20,293871.45,712763.899,2102094.0,23362.0,9981842.01,54206.995,10002398.0,9777364.0
60234,53,17,80.0,452.0,40.0,40.0,40.0,0.0,226.0,226.0,226.0,0.0,102.0,178.113,303.0,3.0,48.0,48.0,0.0,48.0,48.0,3.0,3.0,0.0,3.0,3.0,0,0,0,0,40.0,226.0,0,0,0,0,0,0,0,0,1.0,143.0,40.0,226.0,0,0,0,0,0,0,2,80,2,452,-1,-1,1,40,0.0,0.0,0.0,0.0,0.0,0.0,0.0,0.0
54667,80,6,0.0,0.0,0.0,0.0,0.0,0.0,0.0,0.0,0.0,0.0,23815.0,0.0,23815.0,23815.0,0.0,0.0,0.0,0.0,0.0,0.0,0.0,0.0,0.0,0.0,0,0,0,0,0.0,0.0,0,0,0,0,1,1,0,0,1.0,0.0,0.0,0.0,0,0,0,0,0,0,1,0,1,0,259,939,0,32,0.0,0.0,0.0,0.0,0.0,0.0,0.0,0.0
30814,53,17,86.0,198.0,43.0,43.0,43.0,0.0,99.0,99.0,99.0,0.0,65.0,67.549,130.0,1.0,1.0,1.0,0.0,1.0,1.0,48.0,48.0,0.0,48.0,48.0,0,0,0,0,43.0,99.0,0,0,0,0,0,0,0,0,1.0,81.75,43.0,99.0,0,0,0,0,0,0,2,86,2,198,-1,-1,1,32,0.0,0.0,0.0,0.0,0.0,0.0,0.0,0.0
443,59461,6,43.0,6.0,31.0,6.0,14.3333,14.4338,6.0,6.0,6.0,0.0,15.66,28.589,35.0,1.0,4.0,2.0,1.414,3.0,1.0,0.0,0.0,0.0,0.0,0.0,0,0,0,0,6.0,31.0,0,0,0,0,1,0,0,0,0.0,13.75,14.3333,6.0,0,0,0,0,0,0,3,43,1,6,1244,0,2,20,0.0,0.0,0.0,0.0,0.0,0.0,0.0,0.0
52269,53,17,90.0,210.0,45.0,45.0,45.0,0.0,105.0,105.0,105.0,0.0,10227.66,17767.867,30679.0,3.0,3.0,3.0,0.0,3.0,3.0,4.0,4.0,0.0,4.0,4.0,0,0,0,0,45.0,105.0,0,0,0,0,0,0,0,0,1.0,86.25,45.0,105.0,0,0,0,0,0,0,2,90,2,210,-1,-1,1,20,0.0,0.0,0.0,0.0,0.0,0.0,0.0,0.0
61489,53,17,44.0,106.0,44.0,44.0,44.0,0.0,106.0,106.0,106.0,0.0,70680.0,0.0,70680.0,70680.0,0.0,0.0,0.0,0.0,0.0,0.0,0.0,0.0,0.0,0.0,0,0,0,0,44.0,106.0,0,0,0,0,0,0,0,0,1.0,97.0,44.0,106.0,0,0,0,0,0,0,1,44,1,106,-1,-1,0,20,0.0,0.0,0.0,0.0,0.0,0.0,0.0,0.0
1915,53,17,54.0,86.0,27.0,27.0,27.0,0.0,43.0,43.0,43.0,0.0,54.0,87.016,150.0,1.0,1.0,1.0,0.0,1.0,1.0,1.0,1.0,0.0,1.0,1.0,0,0,0,0,27.0,43.0,0,0,0,0,0,0,0,0,1.0,41.75,27.0,43.0,0,0,0,0,0,0,2,54,2,86,-1,-1,1,32,0.0,0.0,0.0,0.0,0.0,0.0,0.0,0.0
49399,51511,6,12.0,0.0,6.0,6.0,6.0,0.0,0.0,0.0,0.0,0.0,3.0,0.0,3.0,3.0,3.0,3.0,0.0,3.0,3.0,0.0,0.0,0.0,0.0,0.0,0,0,0,0,6.0,6.0,0,0,0,0,1,0,0,0,0.0,9.0,6.0,0.0,0,0,0,0,0,0,2,12,0,0,360,-1,1,20,0.0,0.0,0.0,0.0,0.0,0.0,0.0,0.0
443,58072,6,0.0,0.0,0.0,0.0,0.0,0.0,0.0,0.0,0.0,0.0,63.0,0.0,63.0,63.0,0.0,0.0,0.0,0.0,0.0,0.0,0.0,0.0,0.0,0.0,0,0,0,0,0.0,0.0,0,0,0,0,1,1,0,0,1.0,0.0,0.0,0.0,0,0,0,0,0,0,1,0,1,0,349,32832,0,32,0.0,0.0,0.0,0.0,0.0,0.0,0.0,0.0
443,52659,6,12.0,0.0,6.0,6.0,6.0,0.0,0.0,0.0,0.0,0.0,9760.0,0.0,9760.0,9760.0,9760.0,9760.0,0.0,9760.0,9760.0,0.0,0.0,0.0,0.0,0.0,0,0,0,0,6.0,6.0,0,0,0,0,1,0,0,0,0.0,9.0,6.0,0.0,0,0,0,0,0,0,2,12,0,0,8762,-1,1,20,0.0,0.0,0.0,0.0,0.0,0.0,0.0,0.0
443,51976,6,6.0,6.0,6.0,6.0,6.0,0.0,6.0,6.0,6.0,0.0,67.0,0.0,67.0,67.0,0.0,0.0,0.0,0.0,0.0,0.0,0.0,0.0,0.0,0.0,0,0,0,0,6.0,6.0,0,0,0,0,1,1,0,0,1.0,9.0,6.0,6.0,0,0,0,0,0,0,1,6,1,6,32,32850,0,20,0.0,0.0,0.0,0.0,0.0,0.0,0.0,0.0
57299,443,6,12.0,0.0,6.0,6.0,6.0,0.0,0.0,0.0,0.0,0.0,47.0,0.0,47.0,47.0,47.0,47.0,0.0,47.0,47.0,0.0,0.0,0.0,0.0,0.0,0,0,0,0,6.0,6.0,1,0,0,0,0,0,0,0,0.0,9.0,6.0,0.0,0,0,0,0,0,0,2,12,0,0,0,-1,1,20,0.0,0.0,0.0,0.0,0.0,0.0,0.0,0.0
55490,443,6,908.0,24440.0,404.0,0.0,45.3804,100.9456,2836.0,0.0,978.3333,1045.5556,2365478.83,11719369.622,58935220.0,1.0,118107455.0,5661030.92,18842824.303,58935230.0,54.0,118001847.0,4886912.23,15159702.635,59021092.0,1.0,0,0,0,0,0.0,2836.0,0,0,0,1,0,0,0,0,1.0,401.4293,45.3804,978.3333,0,0,0,0,0,0,25,908,28,24440,29200,357,7,32,244965.0,106969.167,364725.0,87145.0,58841524.0,300262.038,58935224.0,58532235.0
49649,443,6,1082.0,555.0,769.0,0.0,90.3333,247.8428,481.0,0.0,61.2857,107.7316,2224665.44,4246370.793,10020252.0,59.0,61020853.0,4318497.54,5232155.851,10082611.0,50.0,60891909.0,5058567.83,5234477.27,10185267.0,327.0,0,0,0,0,0.0,769.0,0,0,0,1,0,0,0,0,0.0,80.3614,90.3333,61.2857,0,0,0,0,0,0,15,1082,7,555,29200,115,3,32,169645.5,161279.212,513895.0,50378.0,10015075.83,12749.664,10020253.0,9998797.0
61937,53,17,63.0,79.0,63.0,63.0,63.0,0.0,79.0,79.0,79.0,0.0,31251.0,0.0,31251.0,31251.0,0.0,0.0,0.0,0.0,0.0,0.0,0.0,0.0,0.0,0.0,0,0,0,0,63.0,79.0,0,0,0,0,0,0,0,0,1.0,102.5,63.0,79.0,0,0,0,0,0,0,1,63,1,79,-1,-1,0,20,0.0,0.0,0.0,0.0,0.0,0.0,0.0,0.0
52888,80,6,2290.0,1546.0,1136.0,0.0,133.75,384.4292,966.0,0.0,103.3471,372.9261,3758463.82,4802413.839,10009220.0,24.0,115541314.0,7674475.18,4136573.467,10026860.0,68.0,110951840.0,7910633.23,4237500.103,10022301.0,14467.0,0,0,0,0,0.0,1166.0,0,0,0,1,0,0,0,0,0.0,135.3368,133.75,103.3471,0,0,0,0,0,0,16,2290,17,1546,8192,1080,15,20,23837.63,65997.884,252405.0,22103.0,9983396.08,15111.783,10009229.0,9951624.0
64588,53,17,70.0,358.0,35.0,35.0,35.0,0.0,179.0,179.0,179.0,0.0,62.66,108.066,184.0,3.0,4.0,4.0,0.0,4.0,4.0,3.0,3.0,0.0,3.0,3.0,0,0,0,0,35.0,179.0,0,0,0,0,0,0,0,0,1.0,115.75,35.0,179.0,0,0,0,0,0,0,2,70,2,358,-1,-1,1,20,0.0,0.0,0.0,0.0,0.0,0.0,0.0,0.0
37238,53,17,96.0,180.0,48.0,48.0,48.0,0.0,90.0,90.0,90.0,0.0,60.66,93.241,176.0,3.0,3.0,3.0,0.0,3.0,3.0,3.0,3.0,0.0,3.0,3.0,0,0,0,0,48.0,90.0,0,0,0,0,0,0,0,0,1.0,81.0,48.0,90.0,0,0,0,0,0,0,2,96,2,180,-1,-1,1,32,0.0,0.0,0.0,0.0,0.0,0.0,0.0,0.0
63020,443,6,24.0,0.0,6.0,6.0,6.0,0.0,0.0,0.0,0.0,0.0,22221.0,35691.665,65861.0,1.0,65884.0,21968.0,33591.374,65818.0,1.0,0.0,0.0,0.0,0.0,0.0,0,0,0,0,0.0,6.0,1,0,0,0,0,0,0,0,0.0,6.0,6.0,0.0,0,0,0,0,0,0,4,24,1,0,0,1048,3,20,0.0,0.0,0.0,0.0,0.0,0.0,0.0,0.0
443,49185,6,0.0,0.0,0.0,0.0,0.0,0.0,0.0,0.0,0.0,0.0,52.0,0.0,52.0,52.0,0.0,0.0,0.0,0.0,0.0,0.0,0.0,0.0,0.0,0.0,0,0,0,0,0.0,0.0,0,0,0,0,1,1,0,0,1.0,0.0,0.0,0.0,0,0,0,0,0,0,1,0,1,0,5864,305,0,32,0.0,0.0,0.0,0.0,0.0,0.0,0.0,0.0
55900,443,6,617.0,164.0,517.0,0.0,88.1429,189.989,152.0,0.0,41.0,74.054,582008.0,1638396.291,5224833.0,4.0,5338721.0,883135.5,2115953.671,5399910.0,4.0,88937.0,24572.33,39722.426,60515.0,255.0,0,0,0,0,0.0,517.0,0,0,0,1,0,0,0,0,0.0,71.0,88.1429,41.0,0,0,0,0,0,0,7,617,4,164,29200,30,6,20,99767.0,0.0,99767.0,99767.0,5224881.0,0.0,5224831.0,5224881.0
61491,53,17,66.0,246.0,33.0,33.0,33.0,0.0,123.0,123.0,123.0,0.0,15995.0,27408.285,47978.0,3.0,3.0,3.0,0.0,3.0,3.0,3.0,3.0,0.0,3.0,3.0,0,0,0,0,33.0,123.0,0,0,0,0,0,0,0,0,1.0,86.25,33.0,123.0,0,0,0,0,0,0,2,66,2,246,-1,-1,1,32,0.0,0.0,0.0,0.0,0.0,0.0,0.0,0.0
39045,443,6,18.0,6.0,6.0,6.0,6.0,0.0,6.0,6.0,6.0,0.0,338.33,608.048,1076.0,3.0,1060.0,530.0,504.094,1067.0,3.0,0.0,0.0,0.0,0.0,0.0,0,0,0,0,6.0,6.0,1,0,0,0,0,0,0,0,0.0,7.5,6.0,6.0,0,0,0,0,0,0,3,18,1,6,0,292,2,20,0.0,0.0,0.0,0.0,0.0,0.0,0.0,0.0
443,56494,6,0.0,0.0,0.0,0.0,0.0,0.0,0.0,0.0,0.0,0.0,85.0,0.0,85.0,85.0,0.0,0.0,0.0,0.0,0.0,0.0,0.0,0.0,0.0,0.0,0,0,0,0,0.0,0.0,0,0,0,0,1,0,0,0,1.0,0.0,0.0,0.0,0,0,0,0,0,0,1,0,1,0,357,32832,0,32,0.0,0.0,0.0,0.0,0.0,0.0,0.0,0.0
443,62528,6,0.0,0.0,0.0,0.0,0.0,0.0,0.0,0.0,0.0,0.0,70.0,0.0,70.0,70.0,0.0,0.0,0.0,0.0,0.0,0.0,0.0,0.0,0.0,0.0,0,0,0,0,0.0,0.0,0,0,0,0,1,0,0,0,1.0,0.0,0.0,0.0,0,0,0,0,0,0,1,0,1,0,122,33304,0,32,0.0,0.0,0.0,0.0,0.0,0.0,0.0,0.0
49724,80,6,665.0,2980.0,661.0,0.0,141.0,295.7403,1460.0,0.0,462.5,642.1949,709972.33,1937656.133,5119755.0,37.0,342946.0,64949.66,62506.347,212035.0,201.0,5343560.0,1366392.33,2993185.179,5102887.0,72.0,0,0,0,0,0.0,1460.0,0,0,0,1,0,0,0,0,1.0,336.1182,141.0,462.5,0,0,0,0,0,0,4,665,4,2980,8192,4610,3,20,0.0,0.0,0.0,0.0,0.0,0.0,0.0,0.0
443,58928,6,0.0,0.0,0.0,0.0,0.0,0.0,0.0,0.0,0.0,0.0,3.0,0.0,3.0,3.0,3.0,3.0,0.0,3.0,3.0,0.0,0.0,0.0,0.0,0.0,0,0,0,0,0.0,0.0,0,0,0,0,1,0,0,0,0.0,0.0,0.0,0.0,0,0,0,0,0,0,2,0,0,0,351,-1,0,32,0.0,0.0,0.0,0.0,0.0,0.0,0.0,0.0
50194,443,6,713.0,479.0,469.0,0.0,71.3,147.2874,341.0,0.0,95.8,149.5299,6316.07,8301.764,23407.0,3.0,82726.0,9557.55,10507.119,24343.0,3.0,50943.0,12780.25,12047.438,24946.0,413.0,0,0,0,0,0.0,469.0,0,0,0,1,0,0,0,0,0.0,79.4667,71.3,95.8,0,0,0,0,0,0,10,713,5,479,65535,972,5,32,0.0,0.0,0.0,0.0,0.0,0.0,0.0,0.0
443,62554,6,12.0,0.0,6.0,6.0,6.0,0.0,0.0,0.0,0.0,0.0,999415.0,0.0,999415.0,999415.0,999415.0,999415.0,0.0,999415.0,999415.0,0.0,0.0,0.0,0.0,0.0,0,0,0,0,6.0,6.0,0,0,0,0,1,0,0,0,0.0,9.0,6.0,0.0,0,0,0,0,0,0,2,12,0,0,127,-1,1,20,0.0,0.0,0.0,0.0,0.0,0.0,0.0,0.0
57691,53,17,92.0,284.0,46.0,46.0,46.0,0.0,142.0,142.0,142.0,0.0,7959.0,13714.63,23871.0,3.0,3.0,3.0,0.0,3.0,3.0,4.0,4.0,0.0,4.0,4.0,0,0,0,0,46.0,142.0,0,0,0,0,0,0,0,0,1.0,105.5,46.0,142.0,0,0,0,0,0,0,2,92,2,284,-1,-1,1,20,0.0,0.0,0.0,0.0,0.0,0.0,0.0,0.0
52747,53,17,78.0,110.0,39.0,39.0,39.0,0.0,55.0,55.0,55.0,0.0,55.33,80.234,159.0,3.0,3.0,3.0,0.0,3.0,3.0,3.0,3.0,0.0,3.0,3.0,0,0,0,0,39.0,55.0,0,0,0,0,0,0,0,0,1.0,56.75,39.0,55.0,0,0,0,0,0,0,2,78,2,110,-1,-1,1,32,0.0,0.0,0.0,0.0,0.0,0.0,0.0,0.0
443,50804,6,37.0,0.0,37.0,0.0,18.5,26.163,0.0,0.0,0.0,0.0,3.0,0.0,3.0,3.0,3.0,3.0,0.0,3.0,3.0,0.0,0.0,0.0,0.0,0.0,1,0,0,0,0.0,37.0,0,1,0,0,1,0,0,0,0.0,37.0,18.5,0.0,0,0,0,0,0,0,2,37,0,0,118,-1,0,32,0.0,0.0,0.0,0.0,0.0,0.0,0.0,0.0
24818,53,17,68.0,158.0,34.0,34.0,34.0,0.0,79.0,79.0,79.0,0.0,12177.33,21946.247,36529.0,1.0,1.0,1.0,0.0,1.0,1.0,48.0,48.0,0.0,48.0,48.0,0,0,0,0,34.0,79.0,0,0,0,0,0,0,0,0,1.0,65.0,34.0,79.0,0,0,0,0,0,0,2,68,2,158,-1,-1,1,32,0.0,0.0,0.0,0.0,0.0,0.0,0.0,0.0
43705,53,17,94.0,220.0,47.0,47.0,47.0,0.0,110.0,110.0,110.0,0.0,66.66,117.047,207.0,1.0,1.0,1.0,0.0,1.0,1.0,1.0,1.0,0.0,1.0,1.0,0,0,0,0,47.0,110.0,0,0,0,0,0,0,0,0,1.0,90.25,47.0,110.0,0,0,0,0,0,0,2,94,2,220,-1,-1,1,20,0.0,0.0,0.0,0.0,0.0,0.0,0.0,0.0
64557,53,17,68.0,100.0,34.0,34.0,34.0,0.0,50.0,50.0,50.0,0.0,18219.33,31113.315,54553.0,4.0,49.0,49.0,0.0,49.0,49.0,4.0,4.0,0.0,4.0,4.0,0,0,0,0,34.0,50.0,0,0,0,0,0,0,0,0,1.0,50.5,34.0,50.0,0,0,0,0,0,0,2,68,2,100,-1,-1,1,20,0.0,0.0,0.0,0.0,0.0,0.0,0.0,0.0
55896,443,6,12.0,0.0,6.0,6.0,6.0,0.0,0.0,0.0,0.0,0.0,192.0,0.0,192.0,192.0,192.0,192.0,0.0,192.0,192.0,0.0,0.0,0.0,0.0,0.0,0,0,0,0,6.0,6.0,0,0,0,0,1,0,0,0,0.0,9.0,6.0,0.0,0,0,0,0,0,0,2,12,0,0,64240,-1,1,20,0.0,0.0,0.0,0.0,0.0,0.0,0.0,0.0
49449,80,6,0.0,0.0,0.0,0.0,0.0,0.0,0.0,0.0,0.0,0.0,30824.0,0.0,30824.0,30824.0,0.0,0.0,0.0,0.0,0.0,0.0,0.0,0.0,0.0,0.0,0,0,0,0,0.0,0.0,0,0,0,0,1,1,0,0,1.0,0.0,0.0,0.0,0,0,0,0,0,0,1,0,1,0,254,139,0,32,0.0,0.0,0.0,0.0,0.0,0.0,0.0,0.0
62335,53,17,47.0,175.0,47.0,47.0,47.0,0.0,175.0,175.0,175.0,0.0,30492.0,0.0,30492.0,30492.0,0.0,0.0,0.0,0.0,0.0,0.0,0.0,0.0,0.0,0.0,0,0,0,0,47.0,175.0,0,0,0,0,0,0,0,0,1.0,134.5,47.0,175.0,0,0,0,0,0,0,1,47,1,175,-1,-1,0,32,0.0,0.0,0.0,0.0,0.0,0.0,0.0,0.0
39182,53,17,78.0,242.0,39.0,39.0,39.0,0.0,121.0,121.0,121.0,0.0,27367.33,48960.607,81196.0,3.0,3.0,3.0,0.0,3.0,3.0,3.0,3.0,0.0,3.0,3.0,0,0,0,0,39.0,121.0,0,0,0,0,0,0,0,0,1.0,89.75,39.0,121.0,0,0,0,0,0,0,2,78,2,242,-1,-1,1,32,0.0,0.0,0.0,0.0,0.0,0.0,0.0,0.0
60533,53,17,79.0,177.0,79.0,79.0,79.0,0.0,177.0,177.0,177.0,0.0,23654.0,0.0,23654.0,23654.0,0.0,0.0,0.0,0.0,0.0,0.0,0.0,0.0,0.0,0.0,0,0,0,0,79.0,177.0,0,0,0,0,0,0,0,0,1.0,157.5,79.0,177.0,0,0,0,0,0,0,1,79,1,177,-1,-1,0,32,0.0,0.0,0.0,0.0,0.0,0.0,0.0,0.0
63798,443,6,1439.0,49490.0,457.0,0.0,57.1692,133.3565,2920.0,0.0,1251.2919,978.2828,4572.29,23532.626,93522.0,1.0,328380.0,12614.36,36656.763,96892.0,1.0,269398.0,5354.69,20857.727,96902.0,1.0,0,0,0,0,0.0,2920.0,0,0,0,1,0,0,0,0,1.0,780.86,57.1692,1251.2919,0,0,0,0,0,0,33,1439,46,49490,8192,292,32,20,0.0,0.0,0.0,0.0,0.0,0.0,0.0,0.0
49147,443,6,385.0,3005.0,194.0,0.0,42.5556,70.32,1428.0,0.0,600.0,703.508,468633.38,1529391.299,5520363.0,3.0,5623241.0,809840.12,2013501.357,5520373.0,3.0,64995.0,10897.2,11830.655,30220.0,288.0,0,0,0,0,0.0,1428.0,0,0,0,1,0,0,0,0,0.0,224.9333,42.5556,600.0,0,0,0,0,0,0,9,385,5,3005,29200,237,3,32,139252.0,0.0,139252.0,139252.0,5520353.0,0.0,5520353.0,5520353.0
62493,53,17,42.0,58.0,42.0,42.0,42.0,0.0,58.0,58.0,58.0,0.0,296834.0,0.0,296834.0,296834.0,0.0,0.0,0.0,0.0,0.0,0.0,0.0,0.0,0.0,0.0,0,0,0,0,42.0,58.0,0,0,0,0,0,0,0,0,1.0,71.0,42.0,58.0,0,0,0,0,0,0,1,42,1,58,-1,-1,0,32,0.0,0.0,0.0,0.0,0.0,0.0,0.0,0.0
443,39592,6,0.0,0.0,0.0,0.0,0.0,0.0,0.0,0.0,0.0,0.0,3.0,0.0,3.0,3.0,3.0,3.0,0.0,3.0,3.0,0.0,0.0,0.0,0.0,0.0,0,0,0,0,0.0,0.0,0,0,0,0,1,0,0,0,0.0,0.0,0.0,0.0,0,0,0,0,0,0,2,0,0,0,45106,-1,0,32,0.0,0.0,0.0,0.0,0.0,0.0,0.0,0.0
61031,53,17,185.0,345.0,56.0,49.0,47.0,2.6284,178.0,64.0,82.6667,32.038,25886357.33,48063531.019,72134478.0,30530.0,82378624.0,52384312.0,49940733.881,72374402.0,41013893.0,72382559.0,54328579.5,41698374.702,72182440.0,5322328.0,0,0,0,0,49.0,178.0,0,0,0,0,0,0,0,0,1.0,76.3333,47.0,82.6667,0,0,0,0,0,0,3,185,3,345,-1,-1,2,32,41403.0,0.0,41403.0,41403.0,72134454.0,0.0,72134474.0,72134454.0
57983,443,6,12.0,0.0,6.0,6.0,6.0,0.0,0.0,0.0,0.0,0.0,52965.0,74782.578,108866.0,3.0,3.0,3.0,0.0,3.0,3.0,0.0,0.0,0.0,0.0,0.0,0,0,0,0,0.0,6.0,1,0,0,0,0,0,0,0,0.0,6.0,6.0,0.0,0,0,0,0,0,0,2,12,1,0,0,116,1,20,0.0,0.0,0.0,0.0,0.0,0.0,0.0,0.0
56465,53,17,188.0,664.0,47.0,47.0,47.0,0.0,166.0,166.0,166.0,0.0,12330.0,23027.772,52463.0,3.0,82318.0,20706.66,45309.773,82301.0,3.0,82559.0,27153.33,41897.312,82552.0,4.0,0,0,0,0,47.0,166.0,0,0,0,0,0,0,0,0,1.0,119.375,47.0,166.0,0,0,0,0,0,0,4,188,4,664,-1,-1,3,20,0.0,0.0,0.0,0.0,0.0,0.0,0.0,0.0
61530,53,17,50.0,66.0,50.0,50.0,50.0,0.0,66.0,66.0,66.0,0.0,30473.0,0.0,30473.0,30473.0,0.0,0.0,0.0,0.0,0.0,0.0,0.0,0.0,0.0,0.0,0,0,0,0,50.0,66.0,0,0,0,0,0,0,0,0,1.0,83.0,50.0,66.0,0,0,0,0,0,0,1,50,1,66,-1,-1,0,20,0.0,0.0,0.0,0.0,0.0,0.0,0.0,0.0
63314,443,6,2444.0,3411.0,853.0,0.0,269.9231,389.3307,1486.0,0.0,394.3333,574.6057,422020.33,1765848.047,7336439.0,3.0,2360992.0,457679.5,1833896.33,7336339.0,1220.0,7936743.0,733926.37,2040101.229,7330863.0,3.0,0,0,0,0,0.0,1486.0,0,0,0,1,0,0,0,0,1.0,377.5667,269.9231,394.3333,0,0,0,0,0,0,9,2444,12,3411,8192,152,8,20,0.0,0.0,0.0,0.0,0.0,0.0,0.0,0.0
49348,443,6,1658.0,747.0,1368.0,0.0,158.4545,407.65,609.0,0.0,159.1667,276.0366,10752.44,16834.709,36711.0,3.0,153260.0,15273.8,21289.164,59367.0,3.0,118982.0,25498.4,17476.061,47432.0,691.0,0,0,0,0,0.0,1368.0,0,0,0,1,0,0,0,0,0.0,145.6,158.4545,159.1667,0,0,0,0,0,0,11,1658,6,747,65535,362,6,32,0.0,0.0,0.0,0.0,0.0,0.0,0.0,0.0
443,53651,6,37.0,0.0,31.0,6.0,18.5,17.6777,0.0,0.0,0.0,0.0,3.0,0.0,3.0,3.0,3.0,3.0,0.0,3.0,3.0,0.0,0.0,0.0,0.0,0.0,1,0,0,0,6.0,31.0,0,1,0,0,1,0,0,0,0.0,34.0,18.5,0.0,0,0,0,0,0,0,2,37,0,0,76,-1,1,20,0.0,0.0,0.0,0.0,0.0,0.0,0.0,0.0
61888,53,17,43.0,97.0,43.0,43.0,43.0,0.0,97.0,97.0,97.0,0.0,60622.0,0.0,60622.0,60622.0,0.0,0.0,0.0,0.0,0.0,0.0,0.0,0.0,0.0,0.0,0,0,0,0,43.0,97.0,0,0,0,0,0,0,0,0,1.0,91.5,43.0,97.0,0,0,0,0,0,0,1,43,1,97,-1,-1,0,32,0.0,0.0,0.0,0.0,0.0,0.0,0.0,0.0
443,50490,6,12.0,0.0,6.0,6.0,6.0,0.0,0.0,0.0,0.0,0.0,4.0,0.0,4.0,4.0,4.0,4.0,0.0,4.0,4.0,0.0,0.0,0.0,0.0,0.0,0,0,0,0,6.0,6.0,0,0,0,0,1,0,0,0,0.0,9.0,6.0,0.0,0,0,0,0,0,0,2,12,0,0,35111,-1,1,20,0.0,0.0,0.0,0.0,0.0,0.0,0.0,0.0
54690,443,6,12.0,0.0,6.0,6.0,6.0,0.0,0.0,0.0,0.0,0.0,3.0,0.0,3.0,3.0,3.0,3.0,0.0,3.0,3.0,0.0,0.0,0.0,0.0,0.0,0,0,0,0,6.0,6.0,1,0,0,0,0,0,0,0,0.0,9.0,6.0,0.0,0,0,0,0,0,0,2,12,0,0,0,-1,1,20,0.0,0.0,0.0,0.0,0.0,0.0,0.0,0.0
61319,53,17,90.0,172.0,90.0,90.0,90.0,0.0,172.0,172.0,172.0,0.0,61871.0,0.0,61871.0,61871.0,0.0,0.0,0.0,0.0,0.0,0.0,0.0,0.0,0.0,0.0,0,0,0,0,90.0,172.0,0,0,0,0,0,0,0,0,1.0,176.0,90.0,172.0,0,0,0,0,0,0,1,90,1,172,-1,-1,0,32,0.0,0.0,0.0,0.0,0.0,0.0,0.0,0.0
443,52018,6,6.0,6.0,6.0,6.0,6.0,0.0,6.0,6.0,6.0,0.0,59.0,0.0,59.0,59.0,0.0,0.0,0.0,0.0,0.0,0.0,0.0,0.0,0.0,0.0,0,0,0,0,6.0,6.0,0,0,0,0,1,1,0,0,1.0,9.0,6.0,6.0,0,0,0,0,0,0,1,6,1,6,32,32850,0,20,0.0,0.0,0.0,0.0,0.0,0.0,0.0,0.0
64275,53,17,80.0,234.0,40.0,40.0,40.0,0.0,117.0,117.0,117.0,0.0,35552.0,61274.498,106609.0,3.0,3.0,3.0,0.0,3.0,3.0,3.0,3.0,0.0,3.0,3.0,0,0,0,0,40.0,117.0,0,0,0,0,0,0,0,0,1.0,88.5,40.0,117.0,0,0,0,0,0,0,2,80,2,234,-1,-1,1,20,0.0,0.0,0.0,0.0,0.0,0.0,0.0,0.0
39291,443,6,12.0,0.0,6.0,6.0,6.0,0.0,0.0,0.0,0.0,0.0,344396.0,0.0,344396.0,344396.0,344396.0,344396.0,0.0,344396.0,344396.0,0.0,0.0,0.0,0.0,0.0,0,0,0,0,6.0,6.0,0,0,0,0,1,0,0,0,0.0,9.0,6.0,0.0,0,0,0,0,0,0,2,12,0,0,256,-1,1,20,0.0,0.0,0.0,0.0,0.0,0.0,0.0,0.0
7108,53,17,62.0,180.0,31.0,31.0,31.0,0.0,90.0,90.0,90.0,0.0,69.0,117.645,201.0,0.0,0.0,0.0,0.0,0.0,0.0,1.0,1.0,0.0,1.0,1.0,0,0,0,0,31.0,90.0,0,0,0,0,0,0,0,0,1.0,68.25,31.0,90.0,0,0,0,0,0,0,2,62,2,180,-1,-1,1,20,0.0,0.0,0.0,0.0,0.0,0.0,0.0,0.0
58635,443,6,356.0,3782.0,212.0,0.0,59.3333,89.2248,1460.0,0.0,630.3333,677.2171,25113.18,38613.696,86959.0,34.0,261425.0,52226.0,45223.976,98108.0,130.0,174578.0,35189.6,47029.297,93191.0,48.0,0,0,0,0,0.0,1460.0,0,0,0,1,0,0,0,0,1.0,344.8333,59.3333,630.3333,0,0,0,0,0,0,6,356,6,3782,8192,60,5,20,0.0,0.0,0.0,0.0,0.0,0.0,0.0,0.0
63977,53,17,82.0,182.0,41.0,41.0,41.0,0.0,91.0,91.0,91.0,0.0,44.33,76.1,127.0,3.0,3.0,3.0,0.0,3.0,3.0,3.0,3.0,0.0,3.0,3.0,0,0,0,0,41.0,91.0,0,0,0,0,0,0,0,0,1.0,76.25,41.0,91.0,0,0,0,0,0,0,2,82,2,182,-1,-1,1,32,0.0,0.0,0.0,0.0,0.0,0.0,0.0,0.0
49488,53,17,62.0,162.0,31.0,31.0,31.0,0.0,81.0,81.0,81.0,0.0,69.0,118.449,202.0,1.0,1.0,1.0,0.0,1.0,1.0,1.0,1.0,0.0,1.0,1.0,0,0,0,0,31.0,81.0,0,0,0,0,0,0,0,0,1.0,63.75,31.0,81.0,0,0,0,0,0,0,2,62,2,162,-1,-1,1,32,0.0,0.0,0.0,0.0,0.0,0.0,0.0,0.0
45290,80,6,0.0,0.0,0.0,0.0,0.0,0.0,0.0,0.0,0.0,0.0,319637.0,0.0,319637.0,319637.0,0.0,0.0,0.0,0.0,0.0,0.0,0.0,0.0,0.0,0.0,0,0,0,0,0.0,0.0,0,0,0,0,1,1,0,0,1.0,0.0,0.0,0.0,0,0,0,0,0,0,1,0,1,0,237,35,0,32,0.0,0.0,0.0,0.0,0.0,0.0,0.0,0.0
443,63264,6,0.0,0.0,0.0,0.0,0.0,0.0,0.0,0.0,0.0,0.0,76.0,0.0,76.0,76.0,0.0,0.0,0.0,0.0,0.0,0.0,0.0,0.0,0.0,0.0,0,0,0,0,0.0,0.0,0,0,0,0,1,1,0,0,1.0,0.0,0.0,0.0,0,0,0,0,0,0,1,0,1,0,362,32832,0,32,0.0,0.0,0.0,0.0,0.0,0.0,0.0,0.0
59527,443,6,18.0,0.0,6.0,6.0,6.0,0.0,0.0,0.0,0.0,0.0,73.0,68.88,128.0,3.0,250.0,125.0,165.597,247.0,3.0,0.0,0.0,0.0,0.0,0.0,0,0,0,0,0.0,6.0,1,0,0,0,0,0,0,0,0.0,6.0,6.0,0.0,0,0,0,0,0,0,3,18,1,0,0,972,2,20,0.0,0.0,0.0,0.0,0.0,0.0,0.0,0.0
54378,80,6,12.0,0.0,6.0,6.0,6.0,0.0,0.0,0.0,0.0,0.0,1006883.0,0.0,1006883.0,1006883.0,1006883.0,1006883.0,0.0,1006883.0,1006883.0,0.0,0.0,0.0,0.0,0.0,0,0,0,0,6.0,6.0,0,0,0,0,1,0,0,0,0.0,9.0,6.0,0.0,0,0,0,0,0,0,2,12,0,0,256,-1,1,20,0.0,0.0,0.0,0.0,0.0,0.0,0.0,0.0
53870,443,6,941.0,1607.0,641.0,0.0,118.125,215.7534,1450.0,0.0,301.1667,555.727,1452177.29,3559078.19,10272092.0,68.0,10301034.0,2100473.85,5088594.219,10272092.0,823.0,83461.0,23192.2,23592.603,47161.0,217.0,0,0,0,0,0.0,1450.0,0,0,0,1,0,0,0,0,0.0,197.3581,118.125,301.1667,0,0,0,0,0,0,8,941,6,1607,8192,5240,7,20,0.0,0.0,0.0,0.0,0.0,0.0,0.0,0.0
443,63713,6,0.0,0.0,0.0,0.0,0.0,0.0,0.0,0.0,0.0,0.0,24.0,31.812,48.0,3.0,3.0,3.0,0.0,3.0,3.0,0.0,0.0,0.0,0.0,0.0,0,0,0,0,0.0,0.0,0,0,0,0,1,1,0,0,0.0,0.0,0.0,0.0,0,0,0,0,0,0,2,0,1,0,350,32832,0,32,0.0,0.0,0.0,0.0,0.0,0.0,0.0,0.0
49049,443,6,123.0,46.0,46.0,0.0,24.6,23.2766,46.0,46.0,46.0,0.0,829649.2,1766261.604,3950691.0,19.0,4165087.0,1036274.75,1945712.857,3950691.0,19.0,0.0,0.0,0.0,0.0,0.0,1,0,0,0,0.0,46.0,0,1,0,0,1,0,0,0,0.0,35.8333,24.6,46.0,0,0,0,0,0,0,5,123,1,46,344,357,2,32,0.0,0.0,0.0,0.0,0.0,0.0,0.0,0.0
31014,443,6,378.0,4386.0,182.0,0.0,45.4444,71.2644,1448.0,0.0,778.0,711.9898,380762.5,1344270.468,5216268.0,28.0,5695817.0,686219.37,1906382.495,5216268.0,48.0,204265.0,31093.0,31768.467,75602.0,181.0,0,0,0,0,0.0,1448.0,0,0,0,1,0,0,0,0,0.0,337.6333,45.4444,778.0,0,0,0,0,0,0,9,378,6,4386,29200,122,3,32,123976.0,0.0,123976.0,123976.0,5216210.0,0.0,5216260.0,5216210.0
443,58414,6,6.0,6.0,6.0,6.0,6.0,0.0,6.0,6.0,6.0,0.0,24.0,0.0,24.0,24.0,0.0,0.0,0.0,0.0,0.0,0.0,0.0,0.0,0.0,0.0,0,0,0,0,6.0,6.0,0,0,0,0,1,1,0,0,1.0,9.0,6.0,6.0,0,0,0,0,0,0,1,6,1,6,519,16417,0,20,0.0,0.0,0.0,0.0,0.0,0.0,0.0,0.0
443,53286,6,37.0,0.0,31.0,6.0,18.5,17.6777,0.0,0.0,0.0,0.0,3.0,0.0,3.0,3.0,3.0,3.0,0.0,3.0,3.0,0.0,0.0,0.0,0.0,0.0,1,0,0,0,6.0,31.0,0,1,0,0,1,0,0,0,0.0,34.0,18.5,0.0,0,0,0,0,0,0,2,37,0,0,146,-1,1,20,0.0,0.0,0.0,0.0,0.0,0.0,0.0,0.0
62044,53,17,86.0,180.0,43.0,43.0,43.0,0.0,90.0,90.0,90.0,0.0,54.33,86.715,156.0,4.0,4.0,4.0,0.0,4.0,4.0,4.0,4.0,0.0,4.0,4.0,0,0,0,0,43.0,90.0,0,0,0,0,0,0,0,0,1.0,77.25,43.0,90.0,0,0,0,0,0,0,2,86,2,180,-1,-1,1,40,0.0,0.0,0.0,0.0,0.0,0.0,0.0,0.0
56665,443,6,12.0,0.0,6.0,6.0,6.0,0.0,0.0,0.0,0.0,0.0,30552.0,0.0,30552.0,30552.0,30552.0,30552.0,0.0,30552.0,30552.0,0.0,0.0,0.0,0.0,0.0,0,0,0,0,6.0,6.0,0,0,0,0,1,0,0,0,0.0,9.0,6.0,0.0,0,0,0,0,0,0,2,12,0,0,63997,-1,1,20,0.0,0.0,0.0,0.0,0.0,0.0,0.0,0.0
54799,443,6,617.0,164.0,517.0,0.0,88.1429,189.989,152.0,0.0,41.0,74.054,593924.8,1726508.462,5314722.0,4.0,5428176.0,975359.0,2235700.335,5461753.0,4.0,89863.0,23227.33,34841.129,69681.0,260.0,0,0,0,0,0.0,517.0,0,0,0,1,0,0,0,0,0.0,71.0,88.1429,41.0,0,0,0,0,0,0,7,617,4,164,29200,30,6,20,99742.0,0.0,99742.0,99742.0,5314785.0,0.0,5314725.0,5314785.0
26870,53,17,76.0,332.0,38.0,38.0,38.0,0.0,166.0,166.0,166.0,0.0,66.66,106.327,192.0,3.0,3.0,3.0,0.0,3.0,3.0,3.0,3.0,0.0,3.0,3.0,0,0,0,0,38.0,166.0,0,0,0,0,0,0,0,0,1.0,111.5,38.0,166.0,0,0,0,0,0,0,2,76,2,332,-1,-1,1,20,0.0,0.0,0.0,0.0,0.0,0.0,0.0,0.0
59855,443,6,2119.0,7931.0,577.0,0.0,136.3571,200.9394,1448.0,0.0,641.1333,646.3639,530460.16,2152179.547,9975109.0,1.0,11649249.0,1161783.91,2739240.057,9975109.0,198.0,12420103.0,1018285.09,3063469.025,10144564.0,2.0,0,0,0,0,0.0,1448.0,0,0,0,1,0,0,0,0,1.0,396.2033,136.3571,641.1333,0,0,0,0,0,0,14,2119,12,7931,29200,70,8,32,1879834.0,0.0,1879834.0,1879834.0,9975182.0,0.0,9975102.0,9975182.0
53865,80,6,12.0,0.0,6.0,6.0,6.0,0.0,0.0,0.0,0.0,0.0,8841.0,0.0,8841.0,8841.0,8841.0,8841.0,0.0,8841.0,8841.0,0.0,0.0,0.0,0.0,0.0,0,0,0,0,6.0,6.0,0,0,0,0,1,0,0,0,0.0,9.0,6.0,0.0,0,0,0,0,0,0,2,12,0,0,256,-1,1,20,0.0,0.0,0.0,0.0,0.0,0.0,0.0,0.0
63424,443,6,1172.0,1819.0,901.0,0.0,116.2,280.343,1397.0,0.0,383.8,676.1607,4041.21,6063.961,15997.0,3.0,65416.0,7832.11,8138.565,23209.0,3.0,44712.0,6283.5,6889.547,15246.0,4.0,0,0,0,0,0.0,1397.0,0,0,0,1,0,0,0,0,0.0,206.9375,116.2,383.8,0,0,0,0,0,0,10,1172,5,1819,65535,32,9,20,0.0,0.0,0.0,0.0,0.0,0.0,0.0,0.0
62235,53,17,46.0,171.0,46.0,46.0,46.0,0.0,171.0,171.0,171.0,0.0,90672.0,0.0,90672.0,90672.0,0.0,0.0,0.0,0.0,0.0,0.0,0.0,0.0,0.0,0.0,0,0,0,0,46.0,171.0,0,0,0,0,0,0,0,0,1.0,131.5,46.0,171.0,0,0,0,0,0,0,1,46,1,171,-1,-1,0,32,0.0,0.0,0.0,0.0,0.0,0.0,0.0,0.0
64828,443,6,720.0,1295.0,469.0,0.0,72.0,147.7084,1157.0,0.0,259.0,505.5413,11078.85,20280.065,50776.0,4.0,164994.0,18917.33,22329.008,55706.0,4.0,103310.0,20732.5,26350.662,50467.0,327.0,0,0,0,0,0.0,1157.0,0,0,0,1,0,0,0,0,0.0,134.3333,72.0,259.0,0,0,0,0,0,0,10,720,5,1295,65535,114,5,32,0.0,0.0,0.0,0.0,0.0,0.0,0.0,0.0
60527,53,17,48.0,126.0,48.0,48.0,48.0,0.0,126.0,126.0,126.0,0.0,184213.0,0.0,184213.0,184213.0,0.0,0.0,0.0,0.0,0.0,0.0,0.0,0.0,0.0,0.0,0,0,0,0,48.0,126.0,0,0,0,0,0,0,0,0,1.0,111.0,48.0,126.0,0,0,0,0,0,0,1,48,1,126,-1,-1,0,20,0.0,0.0,0.0,0.0,0.0,0.0,0.0,0.0
63540,53,17,64.0,120.0,32.0,32.0,32.0,0.0,60.0,60.0,60.0,0.0,10461.0,18086.162,31331.0,4.0,48.0,48.0,0.0,48.0,48.0,4.0,4.0,0.0,4.0,4.0,0,0,0,0,32.0,60.0,0,0,0,0,0,0,0,0,1.0,54.0,32.0,60.0,0,0,0,0,0,0,2,64,2,120,-1,-1,1,20,0.0,0.0,0.0,0.0,0.0,0.0,0.0,0.0
60224,53,17,50.0,139.0,50.0,50.0,50.0,0.0,139.0,139.0,139.0,0.0,30930.0,0.0,30930.0,30930.0,0.0,0.0,0.0,0.0,0.0,0.0,0.0,0.0,0.0,0.0,0,0,0,0,50.0,139.0,0,0,0,0,0,0,0,0,1.0,119.5,50.0,139.0,0,0,0,0,0,0,1,50,1,139,-1,-1,0,32,0.0,0.0,0.0,0.0,0.0,0.0,0.0,0.0
80,50058,6,6.0,6.0,6.0,6.0,6.0,0.0,6.0,6.0,6.0,0.0,31.0,0.0,31.0,31.0,0.0,0.0,0.0,0.0,0.0,0.0,0.0,0.0,0.0,0.0,0,0,0,0,6.0,6.0,0,0,0,0,1,1,0,0,1.0,9.0,6.0,6.0,0,0,0,0,0,0,1,6,1,6,1086,8156,0,20,0.0,0.0,0.0,0.0,0.0,0.0,0.0,0.0
443,52861,6,12.0,0.0,6.0,6.0,6.0,0.0,0.0,0.0,0.0,0.0,4.0,0.0,4.0,4.0,4.0,4.0,0.0,4.0,4.0,0.0,0.0,0.0,0.0,0.0,0,0,0,0,6.0,6.0,0,0,0,0,1,0,0,0,0.0,9.0,6.0,0.0,0,0,0,0,0,0,2,12,0,0,121,-1,1,20,0.0,0.0,0.0,0.0,0.0,0.0,0.0,0.0
62119,53,17,56.0,156.0,56.0,56.0,56.0,0.0,156.0,156.0,156.0,0.0,122625.0,0.0,122625.0,122625.0,0.0,0.0,0.0,0.0,0.0,0.0,0.0,0.0,0.0,0.0,0,0,0,0,56.0,156.0,0,0,0,0,0,0,0,0,1.0,134.0,56.0,156.0,0,0,0,0,0,0,1,56,1,156,-1,-1,0,32,0.0,0.0,0.0,0.0,0.0,0.0,0.0,0.0
60906,443,6,1685.0,4909.0,901.0,0.0,156.6154,290.5163,1397.0,0.0,696.4286,698.9619,1094953.0,3590167.511,10061811.0,4.0,31215980.0,1580413.9,4439225.734,10060046.0,5.0,31268528.0,2162993.25,4476385.102,10064983.0,198.0,0,0,0,0,0.0,1397.0,0,0,0,1,0,0,0,0,0.0,383.0769,156.6154,696.4286,0,0,0,0,0,0,13,1685,9,4909,65535,127,12,20,215515.66,476791.875,1037608.0,32875.0,10017404.83,8947.193,10061819.0,9962147.0
443,55401,6,6.0,6.0,6.0,6.0,6.0,0.0,6.0,6.0,6.0,0.0,18.0,0.0,18.0,18.0,0.0,0.0,0.0,0.0,0.0,0.0,0.0,0.0,0.0,0.0,0,0,0,0,6.0,6.0,0,0,0,0,1,1,0,0,1.0,9.0,6.0,6.0,0,0,0,0,0,0,1,6,1,6,114,256,0,20,0.0,0.0,0.0,0.0,0.0,0.0,0.0,0.0
123,123,17,96.0,96.0,48.0,48.0,48.0,0.0,48.0,48.0,48.0,0.0,23024741.66,39706270.329,68881746.0,68253.0,69000121.0,69000121.0,0.0,69000121.0,69000121.0,69990748.0,69990748.0,0.0,69990748.0,69990748.0,0,0,0,0,48.0,48.0,0,0,0,0,0,0,0,0,1.0,60.0,48.0,48.0,0,0,0,0,0,0,2,96,2,96,-1,-1,1,20,77191.0,0.0,77191.0,77191.0,68881783.0,0.0,68881783.0,68881783.0
2362,53,17,64.0,188.0,32.0,32.0,32.0,0.0,94.0,94.0,94.0,0.0,10323.0,17896.319,30961.0,1.0,1.0,1.0,0.0,1.0,1.0,3.0,3.0,0.0,3.0,3.0,0,0,0,0,32.0,94.0,0,0,0,0,0,0,0,0,1.0,71.0,32.0,94.0,0,0,0,0,0,0,2,64,2,188,-1,-1,1,20,0.0,0.0,0.0,0.0,0.0,0.0,0.0,0.0
50590,443,6,3140.0,4349.0,4485.0,0.0,730.5,1085.2054,1460.0,2.0,581.8571,690.8153,269236.33,824952.597,2404833.0,3.0,3115265.0,603288.14,1100194.416,2404893.0,62.0,6778190.0,466426.0,1563791.7,2504985.0,3.0,0,0,0,0,0.0,4485.0,0,0,0,1,0,0,0,0,1.0,542.7777,730.5,581.8571,0,0,0,0,0,0,8,3140,7,4349,8192,34940,7,20,0.0,0.0,0.0,0.0,0.0,0.0,0.0,0.0
61143,53,17,67.0,113.0,67.0,67.0,67.0,0.0,113.0,113.0,113.0,0.0,30791.0,0.0,30791.0,30791.0,0.0,0.0,0.0,0.0,0.0,0.0,0.0,0.0,0.0,0.0,0,0,0,0,67.0,113.0,0,0,0,0,0,0,0,0,1.0,123.5,67.0,113.0,0,0,0,0,0,0,1,67,1,113,-1,-1,0,32,0.0,0.0,0.0,0.0,0.0,0.0,0.0,0.0
60045,53,17,49.0,100.0,49.0,49.0,49.0,0.0,100.0,100.0,100.0,0.0,30705.0,0.0,30705.0,30705.0,0.0,0.0,0.0,0.0,0.0,0.0,0.0,0.0,0.0,0.0,0,0,0,0,49.0,100.0,0,0,0,0,0,0,0,0,1.0,99.0,49.0,100.0,0,0,0,0,0,0,1,49,1,100,-1,-1,0,32,0.0,0.0,0.0,0.0,0.0,0.0,0.0,0.0
60213,53,17,55.0,342.0,55.0,55.0,55.0,0.0,342.0,342.0,342.0,0.0,121703.0,0.0,121703.0,121703.0,0.0,0.0,0.0,0.0,0.0,0.0,0.0,0.0,0.0,0.0,0,0,0,0,55.0,342.0,0,0,0,0,0,0,0,0,1.0,226.0,55.0,342.0,0,0,0,0,0,0,1,55,1,342,-1,-1,0,44,0.0,0.0,0.0,0.0,0.0,0.0,0.0,0.0
44578,443,6,123.0,46.0,46.0,0.0,24.6,23.2766,46.0,46.0,46.0,0.0,743031.0,1684453.307,3504572.0,33.0,3734632.0,904938.5,1862663.051,3504572.0,48.0,0.0,0.0,0.0,0.0,0.0,1,0,0,0,0.0,46.0,0,1,0,0,1,0,0,0,0.0,35.8333,24.6,46.0,0,0,0,0,0,0,5,123,1,46,1566,383,2,32,0.0,0.0,0.0,0.0,0.0,0.0,0.0,0.0
60729,53,17,65.0,342.0,65.0,65.0,65.0,0.0,342.0,342.0,342.0,0.0,47753.0,0.0,47753.0,47753.0,0.0,0.0,0.0,0.0,0.0,0.0,0.0,0.0,0.0,0.0,0,0,0,0,65.0,342.0,0,0,0,0,0,0,0,0,1.0,226.0,65.0,342.0,0,0,0,0,0,0,1,65,1,342,-1,-1,0,32,0.0,0.0,0.0,0.0,0.0,0.0,0.0,0.0
60578,53,17,41.0,356.0,41.0,41.0,41.0,0.0,356.0,356.0,356.0,0.0,130492.0,0.0,130492.0,130492.0,0.0,0.0,0.0,0.0,0.0,0.0,0.0,0.0,0.0,0.0,0,0,0,0,41.0,356.0,0,0,0,0,0,0,0,0,1.0,229.0,41.0,356.0,0,0,0,0,0,0,1,41,1,356,-1,-1,0,40,0.0,0.0,0.0,0.0,0.0,0.0,0.0,0.0
80,57919,6,6.0,6.0,6.0,6.0,6.0,0.0,6.0,6.0,6.0,0.0,73.0,0.0,73.0,73.0,0.0,0.0,0.0,0.0,0.0,0.0,0.0,0.0,0.0,0.0,0,0,0,0,6.0,6.0,0,0,0,0,1,1,0,0,1.0,9.0,6.0,6.0,0,0,0,0,0,0,1,6,1,6,106,226,0,20,0.0,0.0,0.0,0.0,0.0,0.0,0.0,0.0
63333,53,17,168.0,392.0,42.0,42.0,42.0,0.0,196.0,196.0,196.0,0.0,25194.2,35493.693,88637.0,3.0,30649.0,10289.33,17789.935,30631.0,3.0,4.0,4.0,0.0,4.0,4.0,0,0,0,0,42.0,196.0,0,0,0,0,0,0,0,0,0.0,105.3333,42.0,196.0,0,0,0,0,0,0,4,168,2,392,-1,-1,3,20,0.0,0.0,0.0,0.0,0.0,0.0,0.0,0.0
44665,53,17,60.0,264.0,30.0,30.0,30.0,0.0,132.0,132.0,132.0,0.0,30139.33,52500.14,90311.0,3.0,3.0,3.0,0.0,3.0,3.0,4.0,4.0,0.0,4.0,4.0,0,0,0,0,30.0,132.0,0,0,0,0,0,0,0,0,1.0,88.5,30.0,132.0,0,0,0,0,0,0,2,60,2,264,-1,-1,1,20,0.0,0.0,0.0,0.0,0.0,0.0,0.0,0.0
49588,443,6,3078.0,7405.0,2273.0,0.0,118.45,544.3272,1460.0,0.0,362.3571,596.5245,2197333.05,4131521.641,10189265.0,2.0,116119260.0,4111683.54,4995500.955,10240032.0,2.0,113939387.0,4675897.84,5086283.737,10240018.0,2.0,0,0,0,0,0.0,2273.0,0,0,0,1,0,0,0,0,0.0,258.2545,118.45,362.3571,0,0,0,0,0,0,24,3078,22,7405,8192,1090,23,20,304087.5,1305514.817,3909025.0,147241.0,9998241.58,72107.742,10189267.0,9374814.0
57478,53,17,94.0,220.0,47.0,47.0,47.0,0.0,110.0,110.0,110.0,0.0,38.33,61.317,118.0,1.0,1.0,1.0,0.0,1.0,1.0,1.0,1.0,0.0,1.0,1.0,0,0,0,0,47.0,110.0,0,0,0,0,0,0,0,0,1.0,90.25,47.0,110.0,0,0,0,0,0,0,2,94,2,220,-1,-1,1,32,0.0,0.0,0.0,0.0,0.0,0.0,0.0,0.0
44040,53,17,64.0,256.0,32.0,32.0,32.0,0.0,128.0,128.0,128.0,0.0,65.0,109.899,193.0,3.0,4.0,4.0,0.0,4.0,4.0,3.0,3.0,0.0,3.0,3.0,0,0,0,0,32.0,128.0,0,0,0,0,0,0,0,0,1.0,88.0,32.0,128.0,0,0,0,0,0,0,2,64,2,256,-1,-1,1,40,0.0,0.0,0.0,0.0,0.0,0.0,0.0,0.0
38809,80,6,3544.0,127795.0,517.0,0.0,92.3783,198.24,4344.0,0.0,1383.689,870.8871,178744.76,871088.158,9995051.0,1.0,460570.0,45495.8,69515.463,312102.0,48.0,10416733.0,136058.31,1054011.702,9999241.0,1.0,0,0,0,0,0.0,4344.0,0,0,0,1,0,0,0,0,1.0,820.5,92.3783,1383.689,0,0,0,0,0,0,44,3544,73,127795,29200,12,6,32,0.0,0.0,0.0,0.0,0.0,0.0,0.0,0.0
60376,443,6,1374.0,5016.0,719.0,0.0,136.1818,267.485,1460.0,0.0,631.2,671.2071,424974.64,1416080.72,5266951.0,4.0,5461989.0,733120.37,1942820.891,5266951.0,4.0,107896.0,21819.55,28442.405,53450.0,48.0,0,0,0,0,0.0,1460.0,0,0,0,1,0,0,0,0,0.0,366.7576,136.1818,631.2,0,0,0,0,0,0,11,1374,10,5016,8192,8128,10,20,150107.0,0.0,150107.0,150107.0,5266945.0,0.0,5266945.0,5266945.0
50012,389,17,514.0,2884.0,257.0,257.0,257.0,0.0,1442.0,1442.0,1442.0,0.0,30252.33,52386.174,90700.0,4.0,4.0,4.0,0.0,4.0,4.0,4.0,4.0,0.0,4.0,4.0,0,0,0,0,257.0,1442.0,0,0,0,0,0,0,0,0,1.0,903.75,257.0,1442.0,0,0,0,0,0,0,2,514,2,2884,-1,-1,1,20,0.0,0.0,0.0,0.0,0.0,0.0,0.0,0.0
49917,443,6,0.0,0.0,0.0,0.0,0.0,0.0,0.0,0.0,0.0,0.0,97.0,0.0,97.0,97.0,97.0,97.0,0.0,97.0,97.0,0.0,0.0,0.0,0.0,0.0,0,0,0,0,0.0,0.0,0,0,0,0,1,0,0,0,0.0,0.0,0.0,0.0,0,0,0,0,0,0,2,0,0,0,365,-1,0,32,0.0,0.0,0.0,0.0,0.0,0.0,0.0,0.0
41544,443,6,1322.0,5447.0,732.0,0.0,108.0,243.1403,1448.0,0.0,663.1111,693.0309,7319.92,12631.906,31186.0,2.0,126802.0,15750.71,16154.508,47719.0,2.0,124423.0,14823.16,21928.046,68033.0,2.0,0,0,0,0,0.0,1448.0,0,0,0,1,0,0,0,0,0.0,358.3174,108.0,663.1111,0,0,0,0,0,0,13,1322,7,5447,29200,64,4,32,0.0,0.0,0.0,0.0,0.0,0.0,0.0,0.0
56494,443,6,352.0,3782.0,208.0,0.0,58.6667,87.8605,1460.0,0.0,630.3333,677.2171,23954.36,39846.436,85320.0,45.0,261664.0,52312.8,46683.333,87486.0,126.0,171638.0,36334.6,46303.729,87446.0,48.0,0,0,0,0,0.0,1460.0,0,0,0,1,0,0,0,0,1.0,344.5,1058.6667,630.3333,0,0,0,0,0,0,6,352,6,3782,8192,60,5,20,0.0,0.0,0.0,0.0,0.0,0.0,0.0,0.0
62462,53,17,176.0,110.0,44.0,42.0,44.0,0.0,55.0,55.0,55.0,0.0,9429.8,14574.011,30880.0,3.0,30837.0,10279.66,17844.521,30780.0,3.0,4.0,4.0,0.0,4.0,4.0,0,0,0,0,42.0,55.0,0,0,0,0,0,0,0,0,0.0,50.3333,44.0,55.0,0,0,0,0,0,0,4,176,2,110,-1,-1,3,20,0.0,0.0,0.0,0.0,0.0,0.0,0.0,0.0
61077,53,17,54.0,118.0,54.0,54.0,54.0,0.0,118.0,118.0,118.0,0.0,61509.0,0.0,61509.0,61509.0,0.0,0.0,0.0,0.0,0.0,0.0,0.0,0.0,0.0,0.0,0,0,0,0,54.0,118.0,0,0,0,0,0,0,0,0,1.0,113.0,54.0,118.0,0,0,0,0,0,0,1,54,1,118,-1,-1,0,20,0.0,0.0,0.0,0.0,0.0,0.0,0.0,0.0
34012,80,6,0.0,0.0,0.0,0.0,0.0,0.0,0.0,0.0,0.0,0.0,86583.0,0.0,86583.0,86583.0,0.0,0.0,0.0,0.0,0.0,0.0,0.0,0.0,0.0,0.0,0,0,0,0,0.0,0.0,0,0,0,0,1,1,0,0,1.0,0.0,0.0,0.0,0,0,0,0,0,0,1,0,1,0,274,939,0,32,0.0,0.0,0.0,0.0,0.0,0.0,0.0,0.0
28124,53,17,84.0,228.0,42.0,42.0,42.0,0.0,114.0,114.0,114.0,0.0,68.0,111.925,198.0,1.0,1.0,1.0,0.0,1.0,1.0,1.0,1.0,0.0,1.0,1.0,0,0,0,0,42.0,114.0,0,0,0,0,0,0,0,0,1.0,88.5,42.0,114.0,0,0,0,0,0,0,2,84,2,228,-1,-1,1,32,0.0,0.0,0.0,0.0,0.0,0.0,0.0,0.0
39864,80,6,451.0,2248.0,451.0,0.0,110.6667,217.8141,2246.0,0.0,372.5,931.0,8191.16,11848.563,23916.0,77.0,44120.0,12060.0,18290.905,23937.0,209.0,24923.0,8644.66,16247.907,23956.0,191.0,0,0,0,0,0.0,2246.0,0,0,0,1,0,0,0,0,1.0,297.8714,110.6667,372.5,0,0,0,0,0,0,3,451,4,2248,29200,235,1,32,0.0,0.0,0.0,0.0,0.0,0.0,0.0,0.0
53601,443,6,319.0,3025.0,192.0,0.0,43.7143,70.8686,1526.0,0.0,601.75,805.5094,415146.25,1414203.352,5131246.0,5.0,5266206.0,778079.0,1904863.211,5131246.0,5.0,60133.0,10038.0,20319.561,41491.0,215.0,0,0,0,0,0.0,1526.0,0,0,0,1,0,0,0,0,0.0,268.0,43.7143,601.75,0,0,0,0,0,0,7,319,4,3025,8192,232,6,20,206547.0,0.0,206547.0,206547.0,5131202.0,0.0,5131202.0,5131202.0
55570,443,6,929.0,1769.0,677.0,0.0,151.9,250.97,1521.0,0.0,294.8,605.7298,11911.92,16476.827,36479.0,4.0,135756.0,15511.0,23768.692,51632.0,104.0,115556.0,25638.5,28285.924,54237.0,4.0,0,0,0,0,0.0,1521.0,0,0,0,1,0,0,0,0,1.0,215.8,151.9,294.8,0,0,0,0,0,0,5,929,5,1769,8192,250,4,20,0.0,0.0,0.0,0.0,0.0,0.0,0.0,0.0
54486,80,6,488.0,870.0,474.0,0.0,98.0,207.6244,858.0,0.0,217.5,427.0094,28938.0,50645.059,112114.0,2.0,166731.0,63988.25,83375.568,112154.0,23374.0,132953.0,46987.33,63682.958,132184.0,2.0,0,0,0,0,0.0,858.0,0,0,0,1,0,0,0,0,1.0,163.0,98.0,217.5,0,0,0,0,0,0,5,488,4,870,65535,31,1,32,0.0,0.0,0.0,0.0,0.0,0.0,0.0,0.0
443,55411,6,12.0,0.0,6.0,6.0,6.0,0.0,0.0,0.0,0.0,0.0,3.0,0.0,3.0,3.0,3.0,3.0,0.0,3.0,3.0,0.0,0.0,0.0,0.0,0.0,0,0,0,0,6.0,6.0,0,0,0,0,1,0,0,0,0.0,9.0,6.0,0.0,0,0,0,0,0,0,2,12,0,0,5457,-1,1,20,0.0,0.0,0.0,0.0,0.0,0.0,0.0,0.0
80,61412,6,6.0,6.0,6.0,6.0,6.0,0.0,6.0,6.0,6.0,0.0,28.0,0.0,28.0,28.0,0.0,0.0,0.0,0.0,0.0,0.0,0.0,0.0,0.0,0.0,0,0,0,0,6.0,6.0,0,0,0,0,1,1,0,0,1.0,9.0,6.0,6.0,0,0,0,0,0,0,1,6,1,6,913,256,0,20,0.0,0.0,0.0,0.0,0.0,0.0,0.0,0.0
57770,443,6,780.0,1003134.0,230.0,0.0,10.0,31.5812,2860.0,0.0,1302.2857,342.5941,287031.26,4092721.771,58622121.0,1.0,60717119.0,619016.38,5852383.853,58602009.0,30.0,60136532.0,3717.91,17592.242,58773818.0,1.0,0,0,0,0,0.0,2860.0,0,0,0,1,0,0,0,0,1.0,802.7179,10.0,1302.2857,0,0,0,0,0,0,280,780,518,3134,8192,35,69,20,1232226.0,1314793.37,1312893.0,87853.0,38395572.5,37358492.886,58622128.0,10016517.0
443,41333,6,31.0,0.0,31.0,0.0,15.5,21.9203,0.0,0.0,0.0,0.0,3.0,0.0,3.0,3.0,3.0,3.0,0.0,3.0,3.0,0.0,0.0,0.0,0.0,0.0,1,0,0,0,0.0,31.0,0,1,0,0,1,0,0,0,0.0,31.0,15.5,0.0,0,0,0,0,0,0,2,31,0,0,110,-1,0,32,0.0,0.0,0.0,0.0,0.0,0.0,0.0,0.0
49550,443,6,1002.0,7215.0,606.0,0.0,47.6471,136.2278,1460.0,0.0,308.325,556.5737,2961642.89,4575353.665,10017609.0,2.0,116212679.0,5886749.73,4970020.686,10059834.0,3.0,111204579.0,5528252.2,5085857.258,10059255.0,2.0,0,0,0,0,0.0,1460.0,0,0,0,1,0,0,0,0,0.0,178.9787,47.6471,308.325,0,0,0,0,0,0,28,1002,16,7215,8192,5128,27,20,97987.72,141231.451,672414.0,23226.0,10001875.09,8636.794,10017603.0,9996413.0
61013,53,17,43.0,109.0,43.0,43.0,43.0,0.0,109.0,109.0,109.0,0.0,156402.0,0.0,156402.0,156402.0,0.0,0.0,0.0,0.0,0.0,0.0,0.0,0.0,0.0,0.0,0,0,0,0,43.0,109.0,0,0,0,0,0,0,0,0,1.0,97.5,43.0,109.0,0,0,0,0,0,0,1,43,1,109,-1,-1,0,20,0.0,0.0,0.0,0.0,0.0,0.0,0.0,0.0
61854,53,17,55.0,114.0,55.0,55.0,55.0,0.0,114.0,114.0,114.0,0.0,30622.0,0.0,30622.0,30622.0,0.0,0.0,0.0,0.0,0.0,0.0,0.0,0.0,0.0,0.0,0,0,0,0,55.0,114.0,0,0,0,0,0,0,0,0,1.0,112.0,55.0,114.0,0,0,0,0,0,0,1,55,1,114,-1,-1,0,20,0.0,0.0,0.0,0.0,0.0,0.0,0.0,0.0
52037,443,6,123.0,46.0,46.0,0.0,24.6,23.2766,46.0,46.0,46.0,0.0,910649.0,1993815.072,4270345.0,18.0,4300738.0,1025359.5,2171536.947,4270345.0,18.0,0.0,0.0,0.0,0.0,0.0,1,0,0,0,0.0,46.0,0,1,0,0,1,0,0,0,0.0,35.8333,24.6,46.0,0,0,0,0,0,0,5,123,1,46,1324,126,2,32,0.0,0.0,0.0,0.0,0.0,0.0,0.0,0.0
443,65651,6,37.0,6.0,37.0,0.0,18.5,26.163,6.0,6.0,6.0,0.0,106.5,97.077,137.0,43.0,213.0,213.0,0.0,213.0,213.0,0.0,0.0,0.0,0.0,0.0,1,0,0,0,0.0,37.0,0,1,0,0,1,0,0,0,0.0,26.6667,18.5,6.0,0,0,0,0,0,0,2,37,1,6,1120,0,0,32,0.0,0.0,0.0,0.0,0.0,0.0,0.0,0.0
50101,443,6,1036.0,11964.0,517.0,0.0,56.1,134.5819,2418.0,0.0,647.4889,975.176,4374404.31,16118479.664,58740215.0,1.0,117213469.0,9018998.84,21673088.665,58740215.0,48.0,117968707.0,9693372.12,22850434.225,58848969.0,1.0,0,0,0,0,0.0,2418.0,0,0,0,1,0,0,0,0,0.0,336.2121,56.1,647.4889,0,0,0,0,0,0,15,1036,14,11964,29200,357,8,32,125842.5,65467.848,109394.0,85012.0,58597629.5,180571.951,58740210.0,58030100.0
52130,443,6,2383.0,4195.0,1106.0,0.0,122.7,352.499,1430.0,0.0,232.1038,413.2143,3122232.85,13412891.122,58946705.0,1.0,119346692.0,6189497.34,19670883.682,58946706.0,4.0,119101303.0,6570078.25,19333802.58,59046403.0,1.0,0,0,0,0,0.0,1430.0,0,0,0,1,0,0,0,0,1.0,203.093,122.7,232.1038,0,0,0,0,0,0,20,2383,21,4195,8192,393,19,20,372537.0,123292.812,319497.0,79644.0,58566408.5,203245.877,58946702.0,58271595.0
61111,53,17,51.0,112.0,51.0,51.0,51.0,0.0,112.0,112.0,112.0,0.0,436.0,0.0,436.0,436.0,0.0,0.0,0.0,0.0,0.0,0.0,0.0,0.0,0.0,0.0,0,0,0,0,51.0,112.0,0,0,0,0,0,0,0,0,1.0,107.0,51.0,112.0,0,0,0,0,0,0,1,51,1,112,-1,-1,0,32,0.0,0.0,0.0,0.0,0.0,0.0,0.0,0.0
60102,53,17,196.0,190.0,57.0,45.0,49.0,5.6569,133.0,87.0,95.0,29.1615,32298960.8,59023821.809,106023115.0,577.0,106125757.0,56125958.0,0.0,106125757.0,106125757.0,106007435.0,106007735.0,0.0,106007435.0,106007435.0,0,0,0,0,45.0,133.0,0,0,0,0,0,0,0,0,1.0,81.25,49.0,95.0,0,0,0,0,0,0,2,196,2,190,-1,-1,1,20,30716.0,0.0,30716.0,30716.0,106023165.0,0.0,106023165.0,106023165.0
15390,53,17,82.0,236.0,41.0,41.0,41.0,0.0,118.0,118.0,118.0,0.0,75.66,45.485,130.0,48.0,48.0,48.0,0.0,48.0,48.0,48.0,48.0,0.0,48.0,48.0,0,0,0,0,41.0,118.0,0,0,0,0,0,0,0,0,1.0,99.75,41.0,118.0,0,0,0,0,0,0,2,82,2,236,-1,-1,1,20,0.0,0.0,0.0,0.0,0.0,0.0,0.0,0.0
61678,53,17,115.0,447.0,57.0,58.0,57.5,3.5355,330.0,117.0,223.5,119.1986,35733183.0,62904249.497,107061583.0,441.0,107161085.0,107161085.0,0.0,107161085.0,107161085.0,107162381.0,107152381.0,0.0,107162381.0,107162381.0,0,0,0,0,58.0,330.0,0,0,0,0,0,0,0,0,1.0,161.0,57.5,223.5,0,0,0,0,0,0,2,115,2,447,-1,-1,1,20,60268.0,0.0,60268.0,60268.0,107061558.0,0.0,107061588.0,107061558.0
57686,53,17,90.0,164.0,45.0,45.0,45.0,0.0,82.0,82.0,82.0,0.0,58.0,99.594,170.0,4.0,4.0,4.0,0.0,4.0,4.0,4.0,4.0,0.0,4.0,4.0,0,0,0,0,45.0,82.0,0,0,0,0,0,0,0,0,1.0,74.75,45.0,82.0,0,0,0,0,0,0,2,90,2,164,-1,-1,1,20,0.0,0.0,0.0,0.0,0.0,0.0,0.0,0.0
60635,53,17,55.0,110.0,55.0,55.0,55.0,0.0,110.0,110.0,110.0,0.0,48144.0,0.0,48144.0,48144.0,0.0,0.0,0.0,0.0,0.0,0.0,0.0,0.0,0.0,0.0,0,0,0,0,55.0,110.0,0,0,0,0,0,0,0,0,1.0,110.0,55.0,110.0,0,0,0,0,0,0,1,55,1,110,-1,-1,0,44,0.0,0.0,0.0,0.0,0.0,0.0,0.0,0.0
443,64425,6,37.0,0.0,37.0,0.0,18.5,26.163,0.0,0.0,0.0,0.0,3.0,0.0,3.0,3.0,3.0,3.0,0.0,3.0,3.0,0.0,0.0,0.0,0.0,0.0,1,0,0,0,0.0,37.0,0,1,0,0,1,0,0,0,0.0,37.0,18.5,0.0,0,0,0,0,0,0,2,37,0,0,114,-1,0,32,0.0,0.0,0.0,0.0,0.0,0.0,0.0,0.0
443,58846,6,0.0,0.0,0.0,0.0,0.0,0.0,0.0,0.0,0.0,0.0,36.5,42.526,60.0,3.0,3.0,3.0,0.0,3.0,3.0,0.0,0.0,0.0,0.0,0.0,0,0,0,0,0.0,0.0,0,0,0,0,1,1,0,0,0.0,0.0,0.0,0.0,0,0,0,0,0,0,2,0,1,0,362,32832,0,32,0.0,0.0,0.0,0.0,0.0,0.0,0.0,0.0
55258,443,6,673.0,4816.0,517.0,0.0,84.875,179.9718,1569.0,0.0,812.3333,802.905,361069.4,1291600.797,4982894.0,4.0,5205048.0,767158.57,1862497.544,4982894.0,104.0,207810.0,62437.0,87779.014,103273.0,59.0,0,0,0,0,0.0,1569.0,0,0,0,1,0,0,0,0,0.0,453.3714,84.875,812.3333,0,0,0,0,0,0,8,673,6,4816,8192,61,7,20,0.0,0.0,0.0,0.0,0.0,0.0,0.0,0.0
39822,443,6,599.0,160.0,517.0,0.0,85.5714,191.3085,160.0,0.0,53.3333,92.376,586854.9,1709023.456,5418668.0,3.0,5528263.0,931630.16,2252893.303,5584541.0,3.0,85518.0,42509.0,27753.904,65997.0,22803.0,0,0,0,0,0.0,517.0,0,0,0,1,0,0,0,0,0.0,75.9,85.5714,53.3333,0,0,0,0,0,0,7,599,3,160,29200,59,3,32,114426.0,0.0,114426.0,114426.0,5418627.0,0.0,5418667.0,5418627.0
60729,443,6,1209.0,396.0,653.0,0.0,120.1429,211.3977,251.0,0.0,34.2857,87.8911,618130.85,2405614.767,9959438.0,3.0,13199897.0,1267759.46,3474104.966,9959438.0,269.0,10154669.0,1412887.83,3788574.055,10029722.0,3.0,0,0,0,0,0.0,653.0,0,0,0,1,0,0,0,0,0.0,100.0082,120.1429,34.2857,0,0,0,0,0,0,7,1209,7,396,29200,65,3,32,2978875.0,0.0,2978875.0,2978875.0,9959431.0,0.0,9959431.0,9959431.0
2700,80,6,12.0,0.0,6.0,6.0,6.0,0.0,0.0,0.0,0.0,0.0,119.0,0.0,119.0,119.0,119.0,119.0,0.0,119.0,119.0,0.0,0.0,0.0,0.0,0.0,0,0,0,0,6.0,6.0,0,0,0,0,1,0,0,0,0.0,9.0,6.0,0.0,0,0,0,0,0,0,2,12,0,0,256,-1,1,20,0.0,0.0,0.0,0.0,0.0,0.0,0.0,0.0
54648,443,6,12.0,0.0,6.0,6.0,6.0,0.0,0.0,0.0,0.0,0.0,74.0,0.0,74.0,74.0,74.0,74.0,0.0,74.0,74.0,0.0,0.0,0.0,0.0,0.0,0,0,0,0,6.0,6.0,0,0,0,0,1,0,0,0,0.0,9.0,6.0,0.0,0,0,0,0,0,0,2,12,0,0,63864,-1,1,20,0.0,0.0,0.0,0.0,0.0,0.0,0.0,0.0
50114,80,6,12.0,0.0,6.0,6.0,6.0,0.0,0.0,0.0,0.0,0.0,192.0,0.0,192.0,192.0,192.0,192.0,0.0,192.0,192.0,0.0,0.0,0.0,0.0,0.0,0,0,0,0,6.0,6.0,0,0,0,0,1,0,0,0,0.0,9.0,6.0,0.0,0,0,0,0,0,0,2,12,0,0,16210,-1,1,20,0.0,0.0,0.0,0.0,0.0,0.0,0.0,0.0
58356,443,6,1547.0,3395.0,949.0,0.0,215.8333,387.2791,1460.0,0.0,469.25,647.1877,49660.44,85837.527,224057.0,67.0,496922.0,91903.4,151332.399,261057.0,4157.0,420169.0,87253.85,105787.937,226397.0,122.0,0,0,0,0,0.0,1460.0,0,0,0,1,0,0,0,0,1.0,389.4195,215.8333,469.25,0,0,0,0,0,0,6,1547,8,3395,8192,69,5,20,0.0,0.0,0.0,0.0,0.0,0.0,0.0,0.0
57281,443,6,1427.0,1111.0,855.0,0.0,245.1667,385.3281,950.0,0.0,188.8333,366.1273,32345.5,42951.242,84150.0,134.0,198509.0,32357.8,46408.578,104438.0,139.0,154683.0,38726.6,48350.777,87619.0,445.0,0,0,0,0,0.0,950.0,0,0,0,1,0,0,0,0,1.0,212.3371,245.1667,188.8333,0,0,0,0,0,0,6,1427,6,1111,8192,250,5,20,0.0,0.0,0.0,0.0,0.0,0.0,0.0,0.0
80,53296,6,0.0,0.0,0.0,0.0,0.0,0.0,0.0,0.0,0.0,0.0,52.0,0.0,52.0,52.0,0.0,0.0,0.0,0.0,0.0,0.0,0.0,0.0,0.0,0.0,0,0,0,0,0.0,0.0,0,0,0,0,1,1,0,0,1.0,0.0,0.0,0.0,0,0,0,0,0,0,1,0,1,0,222,33304,0,32,0.0,0.0,0.0,0.0,0.0,0.0,0.0,0.0
64042,53,17,78.0,110.0,39.0,39.0,39.0,0.0,55.0,55.0,55.0,0.0,62.0,29.965,90.0,48.0,49.0,49.0,0.0,49.0,49.0,48.0,48.0,0.0,48.0,48.0,0,0,0,0,39.0,55.0,0,0,0,0,0,0,0,0,1.0,56.75,39.0,55.0,0,0,0,0,0,0,2,78,2,110,-1,-1,1,32,0.0,0.0,0.0,0.0,0.0,0.0,0.0,0.0
52995,443,6,356.0,3782.0,212.0,0.0,59.3333,89.2248,1460.0,0.0,630.3333,677.2171,25049.0,38699.522,85499.0,39.0,278233.0,53276.6,46499.296,88219.0,59.0,186502.0,36660.4,47059.837,94091.0,47.0,0,0,0,0,0.0,1460.0,0,0,0,1,0,0,0,0,1.0,344.8333,59.3333,630.3333,0,0,0,0,0,0,6,356,6,3782,8192,60,5,20,0.0,0.0,0.0,0.0,0.0,0.0,0.0,0.0
60355,53,17,42.0,199.0,42.0,42.0,42.0,0.0,199.0,199.0,199.0,0.0,61729.0,0.0,61729.0,61729.0,0.0,0.0,0.0,0.0,0.0,0.0,0.0,0.0,0.0,0.0,0,0,0,0,42.0,199.0,0,0,0,0,0,0,0,0,1.0,141.5,42.0,199.0,0,0,0,0,0,0,1,42,1,199,-1,-1,0,32,0.0,0.0,0.0,0.0,0.0,0.0,0.0,0.0
48610,443,6,356.0,3782.0,212.0,0.0,59.3333,89.2248,2042.0,0.0,756.4,937.5195,25920.53,37798.071,87440.0,28.0,270660.0,55960.0,45705.864,94170.0,60.0,174989.0,34657.75,49430.171,88297.0,185.0,0,0,0,0,0.0,2042.0,0,0,0,1,0,0,0,0,0.0,376.1818,59.3333,756.4,0,0,0,0,0,0,6,356,5,3782,29200,60,2,32,0.0,0.0,0.0,0.0,0.0,0.0,0.0,0.0
33305,53,17,96.0,180.0,48.0,48.0,48.0,0.0,90.0,90.0,90.0,0.0,17043.0,29431.711,51122.0,3.0,3.0,3.0,0.0,3.0,3.0,48.0,48.0,0.0,48.0,48.0,0,0,0,0,48.0,90.0,0,0,0,0,0,0,0,0,1.0,81.0,48.0,90.0,0,0,0,0,0,0,2,96,2,180,-1,-1,1,32,0.0,0.0,0.0,0.0,0.0,0.0,0.0,0.0
61598,53,17,44.0,140.0,44.0,44.0,44.0,0.0,140.0,140.0,140.0,0.0,130622.0,0.0,130622.0,130622.0,0.0,0.0,0.0,0.0,0.0,0.0,0.0,0.0,0.0,0.0,0,0,0,0,44.0,140.0,0,0,0,0,0,0,0,0,1.0,114.0,44.0,140.0,0,0,0,0,0,0,1,44,1,140,-1,-1,0,20,0.0,0.0,0.0,0.0,0.0,0.0,0.0,0.0
59955,53,17,156.0,328.0,39.0,39.0,39.0,0.0,87.0,87.0,87.0,0.0,8207.85,14359.94,30694.0,3.0,31625.0,10508.33,17716.729,31669.0,3.0,266.0,85.0,21.002,160.0,4.0,0,0,0,0,39.0,87.0,0,0,0,0,0,0,0,0,1.0,65.375,39.0,87.0,0,0,0,0,0,0,4,156,4,328,-1,-1,3,20,0.0,0.0,0.0,0.0,0.0,0.0,0.0,0.0
59585,80,6,12.0,0.0,6.0,0.0,4.0,3.4641,0.0,0.0,0.0,0.0,1773993.66,3060908.92,5302035.0,51.0,5327590.0,2663795.0,3727677.672,5302035.0,24515.0,0.0,0.0,0.0,0.0,0.0,0,0,0,0,0.0,6.0,0,0,0,1,0,0,0,0,0.0,3.0,4.0,0.0,0,0,0,0,0,0,3,12,1,0,8192,29200,2,20,0.0,0.0,0.0,0.0,0.0,0.0,0.0,0.0
53205,443,6,1262.0,975.0,965.0,0.0,122.2,290.443,837.0,0.0,195.0,363.8296,8888.5,15300.184,36660.0,3.0,134831.0,14555.11,20803.258,51640.0,3.0,98406.0,22631.5,17915.822,37754.0,730.0,0,0,0,0,0.0,965.0,0,0,0,1,0,0,0,0,0.0,131.2,122.2,195.0,0,0,0,0,0,0,10,1262,5,975,65535,32,9,32,0.0,0.0,0.0,0.0,0.0,0.0,0.0,0.0
55793,443,6,463.0,3103.0,421.0,0.0,56.5,124.7438,3561.0,0.0,620.1667,1062.7052,7318420.66,21298416.597,60005188.0,1.0,60357849.0,10032376.57,26062534.85,60105488.0,1.0,60253089.0,20041913.8,31987520.829,60137982.0,2212.0,0,0,0,0,0.0,3561.0,0,0,0,1,0,0,0,0,0.0,251.6429,56.5,620.1667,0,0,0,0,0,0,8,463,6,3103,65535,230,4,32,202599.0,0.0,202599.0,202599.0,60005184.0,0.0,60005184.0,60005184.0
38548,443,6,0.0,0.0,0.0,0.0,0.0,0.0,0.0,0.0,0.0,0.0,91340.0,0.0,91340.0,91340.0,0.0,0.0,0.0,0.0,0.0,0.0,0.0,0.0,0.0,0.0,0,0,0,0,0.0,0.0,0,0,0,0,1,1,0,0,1.0,0.0,0.0,0.0,0,0,0,0,0,0,1,0,1,0,304,254,0,32,0.0,0.0,0.0,0.0,0.0,0.0,0.0,0.0
443,58474,6,0.0,0.0,0.0,0.0,0.0,0.0,0.0,0.0,0.0,0.0,106.0,0.0,106.0,106.0,0.0,0.0,0.0,0.0,0.0,0.0,0.0,0.0,0.0,0.0,0,0,0,0,0.0,0.0,0,0,0,0,1,1,0,0,1.0,0.0,0.0,0.0,0,0,0,0,0,0,1,0,1,0,179,260,0,32,0.0,0.0,0.0,0.0,0.0,0.0,0.0,0.0
60220,53,17,54.0,108.0,54.0,54.0,54.0,0.0,108.0,108.0,108.0,0.0,48195.0,0.0,48195.0,48195.0,0.0,0.0,0.0,0.0,0.0,0.0,0.0,0.0,0.0,0.0,0,0,0,0,54.0,108.0,0,0,0,0,0,0,0,0,1.0,108.0,54.0,108.0,0,0,0,0,0,0,1,54,1,108,-1,-1,0,20,0.0,0.0,0.0,0.0,0.0,0.0,0.0,0.0
443,53017,6,37.0,0.0,31.0,6.0,18.5,17.6777,0.0,0.0,0.0,0.0,3.0,0.0,3.0,3.0,3.0,3.0,0.0,3.0,3.0,0.0,0.0,0.0,0.0,0.0,1,0,0,0,6.0,31.0,0,1,0,0,1,0,0,0,0.0,34.0,18.5,0.0,0,0,0,0,0,0,2,37,0,0,30110,-1,1,20,0.0,0.0,0.0,0.0,0.0,0.0,0.0,0.0
61688,53,17,46.0,239.0,46.0,46.0,46.0,0.0,239.0,239.0,239.0,0.0,92431.0,0.0,92431.0,92431.0,0.0,0.0,0.0,0.0,0.0,0.0,0.0,0.0,0.0,0.0,0,0,0,0,46.0,239.0,0,0,0,0,0,0,0,0,1.0,165.5,46.0,239.0,0,0,0,0,0,0,1,46,1,239,-1,-1,0,32,0.0,0.0,0.0,0.0,0.0,0.0,0.0,0.0
38345,53,17,94.0,196.0,47.0,47.0,47.0,0.0,98.0,98.0,98.0,0.0,60.33,92.366,174.0,3.0,3.0,3.0,0.0,3.0,3.0,4.0,4.0,0.0,4.0,4.0,0,0,0,0,47.0,98.0,0,0,0,0,0,0,0,0,1.0,84.25,47.0,98.0,0,0,0,0,0,0,2,94,2,196,-1,-1,1,32,0.0,0.0,0.0,0.0,0.0,0.0,0.0,0.0
54438,443,6,828.0,5189.0,488.0,0.0,52.9231,126.5274,1460.0,2.0,364.6429,577.7498,2534331.31,4380045.874,10008971.0,48.0,60790492.0,4687081.61,5196046.337,10114593.0,9564.0,60691382.0,5055956.11,5132745.998,10119015.0,48.0,0,0,0,0,0.0,1460.0,0,0,0,1,0,0,0,0,0.0,198.6442,52.9231,364.6429,0,0,0,0,0,0,13,828,14,5189,8192,31088,12,20,104614.5,191981.438,552335.0,50735.0,9993716.0,21459.15,10008974.0,9899982.0
443,52841,6,59.0,0.0,53.0,6.0,29.5,33.234,0.0,0.0,0.0,0.0,4.0,0.0,4.0,4.0,4.0,4.0,0.0,4.0,4.0,0.0,0.0,0.0,0.0,0.0,1,0,0,0,6.0,53.0,0,1,0,0,1,0,0,0,0.0,56.0,29.5,0.0,0,0,0,0,0,0,2,59,0,0,958,-1,1,20,0.0,0.0,0.0,0.0,0.0,0.0,0.0,0.0
14789,53,17,78.0,746.0,39.0,39.0,39.0,0.0,373.0,373.0,373.0,0.0,20393.0,35285.423,61174.0,3.0,3.0,3.0,0.0,3.0,3.0,48.0,48.0,0.0,48.0,48.0,0,0,0,0,39.0,373.0,0,0,0,0,0,0,0,0,1.0,218.75,39.0,373.0,0,0,0,0,0,0,2,78,2,746,-1,-1,1,20,0.0,0.0,0.0,0.0,0.0,0.0,0.0,0.0
28017,53,17,84.0,284.0,42.0,42.0,42.0,0.0,142.0,142.0,142.0,0.0,55.33,96.88,160.0,3.0,3.0,3.0,0.0,3.0,3.0,3.0,3.0,0.0,3.0,3.0,0,0,0,0,42.0,142.0,0,0,0,0,0,0,0,0,1.0,102.5,42.0,142.0,0,0,0,0,0,0,2,84,2,284,-1,-1,1,32,0.0,0.0,0.0,0.0,0.0,0.0,0.0,0.0
45267,80,6,0.0,0.0,0.0,0.0,0.0,0.0,0.0,0.0,0.0,0.0,1839500.2,3139449.666,5574000.0,55.0,5690105.0,2845056.5,3825260.039,5574000.0,37065.0,0.0,0.0,0.0,0.0,0.0,0,0,0,0,0.0,0.0,0,0,0,1,0,0,0,0,0.0,0.0,0.0,0.0,0,0,0,0,0,0,3,0,1,0,29200,28960,0,32,0.0,0.0,0.0,0.0,0.0,0.0,0.0,0.0
64834,443,6,56.0,7.0,46.0,6.0,26.0,29.244,7.0,6.0,7.3333,3.0418,11842286.75,26978385.481,44313039.0,80.0,90311050.0,45311050.0,0.0,45311050.0,45311050.0,90266862.0,40266960.0,5168.978,44362860.0,45266566.0,1,0,0,0,6.0,46.0,0,1,0,0,1,0,0,0,3.0,43.755,26.0,7.3333,0,0,0,0,0,0,2,56,3,7,256,37,1,20,39694.0,0.0,39694.0,39694.0,44313056.0,0.0,44313036.0,44313056.0
21450,53,17,92.0,248.0,46.0,46.0,46.0,0.0,124.0,124.0,124.0,0.0,76.66,91.883,178.0,1.0,2.0,2.0,0.0,2.0,2.0,48.0,48.0,0.0,48.0,48.0,0,0,0,0,46.0,124.0,0,0,0,0,0,0,0,0,1.0,96.5,46.0,124.0,0,0,0,0,0,0,2,92,2,248,-1,-1,1,32,0.0,0.0,0.0,0.0,0.0,0.0,0.0,0.0
64334,53,17,74.0,218.0,37.0,37.0,37.0,0.0,109.0,109.0,109.0,0.0,30876.66,53203.014,92625.0,3.0,3.0,3.0,0.0,3.0,3.0,4.0,4.0,0.0,4.0,4.0,0,0,0,0,37.0,109.0,0,0,0,0,0,0,0,0,1.0,82.25,37.0,109.0,0,0,0,0,0,0,2,74,2,218,-1,-1,1,20,0.0,0.0,0.0,0.0,0.0,0.0,0.0,0.0
60264,53,17,51.0,67.0,51.0,51.0,51.0,0.0,67.0,67.0,67.0,0.0,60526.0,0.0,60526.0,60526.0,0.0,0.0,0.0,0.0,0.0,0.0,0.0,0.0,0.0,0.0,0,0,0,0,51.0,67.0,0,0,0,0,0,0,0,0,1.0,84.5,51.0,67.0,0,0,0,0,0,0,1,51,1,67,-1,-1,0,32,0.0,0.0,0.0,0.0,0.0,0.0,0.0,0.0
56887,80,6,426.0,1786.0,424.0,0.0,77.2,173.0,1786.0,0.0,394.0,812.5373,35978.71,55388.123,145709.0,47.0,283713.0,62960.77,60259.988,146310.0,74.0,199201.0,69200.5,2.438,195445.0,94718.0,0,0,0,0,0.0,1786.0,0,0,0,1,0,0,0,0,0.0,219.775,77.2,394.0,0,0,0,0,0,0,5,426,3,1786,65535,939,1,32,0.0,0.0,0.0,0.0,0.0,0.0,0.0,0.0
58271,443,6,350.0,3023.0,208.0,0.0,50.0,82.8363,1522.0,0.0,603.3333,808.116,1182932.5,4054835.098,11816760.0,48.0,477829.0,98926.25,90085.801,215840.0,4548.0,11477065.0,2195691.0,1256800.069,11877015.0,95.0,0,0,0,0,0.0,1522.0,0,0,0,1,0,0,0,0,1.0,346.5,50.0,603.3333,0,0,0,0,0,0,5,350,6,3023,8192,30,4,20,0.0,0.0,0.0,0.0,0.0,0.0,0.0,0.0
443,55217,6,0.0,18.0,0.0,0.0,0.0,0.0,6.0,6.0,6.0,0.0,25898.4,51653.008,103493.0,1.0,103594.0,103594.0,0.0,103594.0,103594.0,4.0,2.0,1.414,3.0,1.0,0,0,0,0,0.0,6.0,0,0,0,0,1,0,0,0,1.0,3.6,0.0,6.0,0,0,0,0,0,0,2,0,3,18,114,0,0,32,0.0,0.0,0.0,0.0,0.0,0.0,0.0,0.0
53177,53,17,70.0,152.0,35.0,35.0,35.0,0.0,76.0,76.0,76.0,0.0,59.66,69.664,128.0,3.0,3.0,3.0,0.0,3.0,3.0,49.0,49.0,0.0,49.0,49.0,0,0,0,0,35.0,76.0,0,0,0,0,0,0,0,0,1.0,64.25,35.0,76.0,0,0,0,0,0,0,2,70,2,152,-1,-1,1,32,0.0,0.0,0.0,0.0,0.0,0.0,0.0,0.0
3510,53,17,64.0,96.0,32.0,32.0,32.0,0.0,48.0,48.0,48.0,0.0,64.66,105.077,186.0,3.0,3.0,3.0,0.0,3.0,3.0,4.0,4.0,0.0,4.0,4.0,0,0,0,0,32.0,48.0,0,0,0,0,0,0,0,0,1.0,48.0,32.0,48.0,0,0,0,0,0,0,2,64,2,96,-1,-1,1,20,0.0,0.0,0.0,0.0,0.0,0.0,0.0,0.0
58613,443,6,615.0,168.0,517.0,0.0,88.1429,189.989,156.0,0.0,42.0,76.0526,571201.4,1623654.269,5321235.0,3.0,5418332.0,969049.33,2252461.871,5482880.0,3.0,89963.0,26687.66,30019.379,60673.0,1848.0,0,0,0,0,0.0,517.0,0,0,0,1,0,0,0,0,0.0,73.0,88.1429,42.0,0,0,0,0,0,0,7,615,4,168,29200,338,6,20,126465.0,0.0,126465.0,126465.0,5321276.0,0.0,5321236.0,5321276.0
33979,53,17,64.0,188.0,32.0,32.0,32.0,0.0,94.0,94.0,94.0,0.0,59.66,108.332,177.0,1.0,1.0,1.0,0.0,1.0,1.0,1.0,1.0,0.0,1.0,1.0,0,0,0,0,32.0,94.0,0,0,0,0,0,0,0,0,1.0,61.0,32.0,94.0,0,0,0,0,0,0,2,64,2,188,-1,-1,1,32,0.0,0.0,0.0,0.0,0.0,0.0,0.0,0.0
58315,53,17,78.0,110.0,39.0,39.0,39.0,0.0,55.0,55.0,55.0,0.0,16009.33,27701.689,48028.0,4.0,49.0,49.0,0.0,49.0,49.0,4.0,4.0,0.0,4.0,4.0,0,0,0,0,39.0,55.0,0,0,0,0,0,0,0,0,1.0,56.75,39.0,55.0,0,0,0,0,0,0,2,78,2,110,-1,-1,1,32,0.0,0.0,0.0,0.0,0.0,0.0,0.0,0.0
58416,443,6,1054.0,30259.0,341.0,0.0,52.7619,85.6039,1460.0,0.0,901.7972,717.4593,2128772.28,11751390.13,58964371.0,1.0,117999128.0,5849262.3,17997859.394,58955971.0,18.0,117992356.0,3752734.48,15929074.973,59000255.0,1.0,0,0,0,0,0.0,1460.0,0,0,0,1,0,0,0,0,1.0,516.8309,52.7619,901.7972,0,0,0,0,0,0,28,1054,32,30259,8192,123,26,20,506524.0,224174.426,530002.0,79865.0,58560012.5,207032.113,58964371.0,58419401.0
443,52218,6,69.0,0.0,53.0,6.0,29.5,33.234,0.0,0.0,0.0,0.0,3.0,0.0,3.0,3.0,3.0,3.0,0.0,3.0,3.0,0.0,0.0,0.0,0.0,0.0,1,0,0,0,6.0,53.0,0,1,0,0,1,0,0,0,0.0,56.0,29.5,0.0,0,0,0,0,0,0,2,69,0,0,40913,-1,1,20,0.0,0.0,0.0,0.0,0.0,0.0,0.0,0.0
13537,53,17,66.0,178.0,33.0,33.0,33.0,0.0,89.0,89.0,89.0,0.0,30160.66,52624.864,90475.0,1.0,1.0,1.0,0.0,1.0,1.0,48.0,48.0,0.0,48.0,48.0,0,0,0,0,33.0,89.0,0,0,0,0,0,0,0,0,1.0,69.25,33.0,89.0,0,0,0,0,0,0,2,66,2,178,-1,-1,1,32,0.0,0.0,0.0,0.0,0.0,0.0,0.0,0.0
443,56331,6,37.0,0.0,37.0,0.0,12.3333,21.362,0.0,0.0,0.0,0.0,2.0,1.414,3.0,1.0,4.0,2.0,1.414,3.0,1.0,0.0,0.0,0.0,0.0,0.0,0,0,0,0,0.0,37.0,0,0,0,0,1,0,0,0,0.0,12.3333,12.3333,0.0,0,0,0,0,0,0,3,37,0,0,116,-1,1,32,0.0,0.0,0.0,0.0,0.0,0.0,0.0,0.0
61804,53,17,156.0,420.0,39.0,39.0,39.5,2.1274,125.0,71.0,102.5,39.8619,236075.6,788874.451,2071929.0,3.0,3191376.0,430455.33,1107503.211,2101372.0,3.0,3143054.0,544651.33,1182483.326,2143041.0,3.0,0,0,0,0,39.0,125.0,0,0,0,0,0,0,0,0,1.0,79.5,39.5,102.5,0,0,0,0,0,0,4,156,4,420,-1,-1,3,20,0.0,0.0,0.0,0.0,0.0,0.0,0.0,0.0
61088,443,6,1643.0,937.0,1368.0,0.0,154.6,405.4078,837.0,0.0,193.5,333.2292,14458.94,17878.579,42402.0,45.0,178456.0,17721.55,28366.561,72300.0,49.0,113147.0,25176.75,15708.445,43916.0,1074.0,0,0,0,0,0.0,1368.0,0,0,0,1,0,0,0,0,0.0,157.2,154.6,193.5,0,0,0,0,0,0,10,1643,5,937,65535,362,5,32,0.0,0.0,0.0,0.0,0.0,0.0,0.0,0.0
443,50309,6,0.0,0.0,0.0,0.0,0.0,0.0,0.0,0.0,0.0,0.0,34.0,32.028,47.0,39.0,0.0,0.0,0.0,0.0,0.0,49.0,49.0,0.0,49.0,49.0,0,0,0,0,0.0,0.0,0,0,0,0,1,1,0,0,2.0,0.0,0.0,0.0,0,0,0,0,0,0,1,0,2,0,349,32832,0,32,0.0,0.0,0.0,0.0,0.0,0.0,0.0,0.0
50954,443,6,599.0,152.0,517.0,0.0,85.5714,191.3085,152.0,0.0,38.0,76.0,509548.6,1606167.869,5063235.0,55.0,5115543.0,872985.5,2017198.681,5143766.0,29.0,98405.0,39161.33,32437.629,67961.0,213.0,0,0,0,0,0.0,517.0,0,0,0,1,0,0,0,0,0.0,68.2727,85.5714,38.0,0,0,0,0,0,0,7,599,4,152,29200,939,3,32,105114.0,0.0,105114.0,105114.0,5063217.0,0.0,5063237.0,5063217.0
443,51514,6,50.0,6.0,38.0,6.0,16.6667,18.4752,6.0,6.0,6.0,0.0,10670.33,18893.561,31784.0,4.0,31050.0,15525.0,25657.893,31088.0,4.0,0.0,0.0,0.0,0.0,0.0,0,0,0,0,6.0,38.0,0,0,0,0,1,0,0,0,0.0,15.5,16.6667,6.0,0,0,0,0,0,0,3,50,1,6,351,0,2,20,0.0,0.0,0.0,0.0,0.0,0.0,0.0,0.0
443,60308,6,0.0,18.0,0.0,0.0,0.0,0.0,6.0,6.0,6.0,0.0,30.33,22.528,97.0,1.0,0.0,0.0,0.0,0.0,0.0,4.0,2.0,1.414,3.0,1.0,0,0,0,0,0.0,6.0,0,0,0,0,1,0,0,0,3.0,4.5,0.0,6.0,0,0,0,0,0,0,1,0,3,18,972,0,0,32,0.0,0.0,0.0,0.0,0.0,0.0,0.0,0.0
52217,53,17,106.0,234.0,53.0,53.0,53.0,0.0,117.0,117.0,117.0,0.0,69.66,73.435,152.0,3.0,49.0,49.0,0.0,49.0,49.0,3.0,3.0,0.0,3.0,3.0,0,0,0,0,53.0,117.0,0,0,0,0,0,0,0,0,1.0,98.25,53.0,117.0,0,0,0,0,0,0,2,106,2,234,-1,-1,1,32,0.0,0.0,0.0,0.0,0.0,0.0,0.0,0.0
61567,443,6,1285.0,13806.0,417.0,0.0,64.6923,122.0747,1460.0,0.0,410.3182,619.4857,1539993.52,9853592.061,58305327.0,1.0,89138285.0,3358876.54,13135927.808,58409624.0,4.0,89216487.0,2952740.93,11106909.77,58412793.0,1.0,0,0,0,0,0.0,1460.0,0,0,0,1,0,0,0,0,1.0,248.8,64.6923,410.3182,0,0,0,0,0,0,23,1285,26,13806,8192,35,22,20,709476.0,0.0,709476.0,709476.0,58305338.0,0.0,58305328.0,58305338.0
40612,443,6,3642.0,9949.0,604.0,0.0,164.9412,258.4751,1448.0,0.0,810.9111,623.8112,220057.09,1165756.492,9994408.0,19.0,12079037.0,455813.04,1945461.773,9994622.0,249.0,12062879.0,530385.92,1833102.559,9999586.0,48.0,0,0,0,0,0.0,1448.0,0,0,0,1,0,0,0,0,0.0,455.3,164.9412,810.9111,0,0,0,0,0,0,27,3642,18,9949,29200,99,12,32,3839142.0,0.0,3839142.0,3839142.0,9994455.0,0.0,9994455.0,9994455.0
49295,443,6,635.0,168.0,517.0,0.0,90.7143,190.7072,168.0,0.0,42.0,84.0,549757.1,1717385.673,5414262.0,3.0,5568318.0,909726.66,2220287.138,5597880.0,3.0,113183.0,31827.66,31857.6,78576.0,197.0,0,0,0,0,0.0,517.0,0,0,0,1,0,0,0,0,0.0,73.0,90.7143,42.0,0,0,0,0,0,0,7,635,4,168,29200,340,3,32,113859.0,0.0,113859.0,113859.0,5414226.0,0.0,5414226.0,5414226.0
60515,53,17,44.0,118.0,44.0,44.0,44.0,0.0,118.0,118.0,118.0,0.0,24275.0,0.0,24275.0,24275.0,0.0,0.0,0.0,0.0,0.0,0.0,0.0,0.0,0.0,0.0,0,0,0,0,44.0,118.0,0,0,0,0,0,0,0,0,1.0,103.0,44.0,118.0,0,0,0,0,0,0,1,44,1,118,-1,-1,0,20,0.0,0.0,0.0,0.0,0.0,0.0,0.0,0.0
443,56924,6,0.0,0.0,0.0,0.0,0.0,0.0,0.0,0.0,0.0,0.0,67.0,0.0,67.0,67.0,0.0,0.0,0.0,0.0,0.0,0.0,0.0,0.0,0.0,0.0,0,0,0,0,0.0,0.0,0,0,0,0,1,1,0,0,1.0,0.0,0.0,0.0,0,0,0,0,0,0,1,0,1,0,122,33304,0,32,0.0,0.0,0.0,0.0,0.0,0.0,0.0,0.0
61668,53,17,58.0,90.0,58.0,58.0,58.0,0.0,90.0,90.0,90.0,0.0,30976.0,0.0,30976.0,30976.0,0.0,0.0,0.0,0.0,0.0,0.0,0.0,0.0,0.0,0.0,0,0,0,0,58.0,90.0,0,0,0,0,0,0,0,0,1.0,103.0,58.0,90.0,0,0,0,0,0,0,1,58,1,90,-1,-1,0,20,0.0,0.0,0.0,0.0,0.0,0.0,0.0,0.0
39923,443,6,12.0,0.0,6.0,6.0,6.0,0.0,0.0,0.0,0.0,0.0,3.0,0.0,3.0,3.0,3.0,3.0,0.0,3.0,3.0,0.0,0.0,0.0,0.0,0.0,0,0,0,0,6.0,6.0,1,0,0,0,0,0,0,0,0.0,9.0,6.0,0.0,0,0,0,0,0,0,2,12,0,0,0,-1,1,20,0.0,0.0,0.0,0.0,0.0,0.0,0.0,0.0
59659,53,17,122.0,184.0,61.0,61.0,61.0,0.0,92.0,92.0,92.0,0.0,56.66,55.486,118.0,4.0,4.0,4.0,0.0,4.0,4.0,48.0,48.0,0.0,48.0,48.0,0,0,0,0,61.0,92.0,0,0,0,0,0,0,0,0,1.0,92.75,61.0,92.0,0,0,0,0,0,0,2,122,2,184,-1,-1,1,20,0.0,0.0,0.0,0.0,0.0,0.0,0.0,0.0
38366,443,6,599.0,152.0,517.0,0.0,85.5714,191.3085,152.0,0.0,38.0,76.0,514176.1,1464096.541,4940697.0,17.0,5069112.0,846528.66,2063982.48,5003013.0,17.0,80495.0,26447.0,31584.809,60276.0,190.0,0,0,0,0,0.0,517.0,0,0,0,1,0,0,0,0,0.0,68.2727,85.5714,38.0,0,0,0,0,0,0,7,599,4,152,29200,939,3,32,0.0,0.0,0.0,0.0,0.0,0.0,0.0,0.0
47076,443,6,1538.0,4061.0,801.0,0.0,93.7692,219.6102,1460.0,0.0,258.6316,443.2879,3560726.37,4727748.9,10011984.0,49.0,115513015.0,6084849.33,4895774.827,10048015.0,48.0,110580284.0,6501239.69,4918800.816,10053374.0,47.0,0,0,0,0,0.0,1460.0,0,0,0,1,0,0,0,0,0.0,172.9273,93.7692,258.6316,0,0,0,0,0,0,23,1538,19,4061,29200,5120,22,20,57480.58,62798.795,257001.0,42930.0,10009469.72,4666.329,10011989.0,9959709.0
54730,53,17,62.0,424.0,31.0,31.0,31.0,0.0,212.0,212.0,212.0,0.0,16336.0,28186.917,49002.0,3.0,3.0,3.0,0.0,3.0,3.0,4.0,4.0,0.0,4.0,4.0,0,0,0,0,31.0,212.0,0,0,0,0,0,0,0,0,1.0,129.25,31.0,212.0,0,0,0,0,0,0,2,62,2,424,-1,-1,1,20,0.0,0.0,0.0,0.0,0.0,0.0,0.0,0.0
53023,443,6,356.0,3782.0,212.0,0.0,59.3333,89.2248,1460.0,0.0,630.3333,677.2171,11745.18,18679.482,41847.0,35.0,127602.0,25360.4,23222.139,46836.0,635.0,84808.0,14824.6,22634.703,44556.0,49.0,0,0,0,0,0.0,1460.0,0,0,0,1,0,0,0,0,1.0,344.8333,59.3333,630.3333,0,0,0,0,0,0,6,356,6,3782,8192,60,5,20,0.0,0.0,0.0,0.0,0.0,0.0,0.0,0.0
28842,53,17,68.0,296.0,34.0,34.0,34.0,0.0,148.0,148.0,148.0,0.0,10270.66,17769.1,30801.0,3.0,4.0,4.0,0.0,4.0,4.0,3.0,3.0,0.0,3.0,3.0,0,0,0,0,34.0,148.0,0,0,0,0,0,0,0,0,1.0,99.5,34.0,148.0,0,0,0,0,0,0,2,68,2,296,-1,-1,1,44,0.0,0.0,0.0,0.0,0.0,0.0,0.0,0.0
60782,53,17,82.0,254.0,41.0,41.0,41.0,0.0,127.0,127.0,127.0,0.0,66.33,23.954,92.0,49.0,49.0,49.0,0.0,49.0,49.0,50.0,50.0,0.0,50.0,50.0,0,0,0,0,41.0,127.0,0,0,0,0,0,0,0,0,1.0,94.25,41.0,127.0,0,0,0,0,0,0,2,82,2,254,-1,-1,1,32,0.0,0.0,0.0,0.0,0.0,0.0,0.0,0.0
55229,80,6,442.0,1974.0,436.0,0.0,20.2222,108.8934,1962.0,0.0,195.5789,511.9367,3985263.32,4983881.96,10216245.0,41.0,115726900.0,7721172.5,4346610.058,10240005.0,13316.0,112465108.0,8652801.0,3858781.682,10240174.0,297.0,0,0,0,0,0.0,1962.0,0,0,0,1,0,0,0,0,1.0,108.1667,20.2222,195.5789,0,0,0,0,0,0,18,442,14,1974,29200,939,1,32,28364.54,14697.546,81891.0,28874.0,10202970.72,55918.213,10216249.0,10147138.0
443,59064,6,0.0,0.0,0.0,0.0,0.0,0.0,0.0,0.0,0.0,0.0,2.0,0.0,2.0,2.0,2.0,2.0,0.0,2.0,2.0,0.0,0.0,0.0,0.0,0.0,0,0,0,0,0.0,0.0,0,0,0,0,1,0,0,0,0.0,0.0,0.0,0.0,0,0,0,0,0,0,2,0,0,0,387,-1,0,32,0.0,0.0,0.0,0.0,0.0,0.0,0.0,0.0
38284,443,6,29.0,0.0,29.0,0.0,7.25,14.5,0.0,0.0,0.0,0.0,154212.33,327203.004,472581.0,4.0,472737.0,154512.0,251157.415,472581.0,4.0,0.0,0.0,0.0,0.0,0.0,0,0,0,0,0.0,29.0,0,0,0,0,1,0,0,0,0.0,7.25,7.25,0.0,0,0,0,0,0,0,4,29,0,0,33061,-1,1,32,0.0,0.0,0.0,0.0,0.0,0.0,0.0,0.0
53319,80,6,437.0,859.0,437.0,0.0,145.6667,252.3021,859.0,0.0,214.75,429.5,7831.16,11993.404,23801.0,3.0,23053.0,11526.5,16352.402,23861.0,535.0,20540.0,7013.0,13022.45,29510.0,3.0,0,0,0,0,0.0,859.0,0,0,0,1,0,0,0,0,1.0,185.1429,145.6667,214.75,0,0,0,0,0,0,3,437,4,859,29200,31,1,32,0.0,0.0,0.0,0.0,0.0,0.0,0.0,0.0
42756,80,6,0.0,0.0,0.0,0.0,0.0,0.0,0.0,0.0,0.0,0.0,196930.0,0.0,196930.0,196930.0,0.0,0.0,0.0,0.0,0.0,0.0,0.0,0.0,0.0,0.0,0,0,0,0,0.0,0.0,0,0,0,0,1,1,0,0,1.0,0.0,0.0,0.0,0,0,0,0,0,0,1,0,1,0,319,240,0,32,0.0,0.0,0.0,0.0,0.0,0.0,0.0,0.0
61895,53,17,252.0,312.0,79.0,58.0,60.0,17.3019,143.0,88.0,86.0,19.3413,23505409.42,29193403.412,113198851.0,1.0,113229082.0,23089227.0,37686525.416,113229837.0,1.0,113229148.0,53147089.66,33193842.245,113228168.0,4.0,0,0,0,0,58.0,143.0,0,0,0,0,0,0,0,0,0.0,73.5,60.0,86.0,0,0,0,0,0,0,6,252,4,312,-1,-1,5,20,31497.0,0.0,31497.0,31497.0,113198878.0,0.0,113198858.0,113198878.0
60997,53,17,55.0,110.0,55.0,55.0,55.0,0.0,110.0,110.0,110.0,0.0,30463.0,0.0,30463.0,30463.0,0.0,0.0,0.0,0.0,0.0,0.0,0.0,0.0,0.0,0.0,0,0,0,0,55.0,110.0,0,0,0,0,0,0,0,0,1.0,110.0,55.0,110.0,0,0,0,0,0,0,1,55,1,110,-1,-1,0,20,0.0,0.0,0.0,0.0,0.0,0.0,0.0,0.0
443,55323,6,37.0,0.0,37.0,0.0,18.5,26.163,0.0,0.0,0.0,0.0,3.0,0.0,3.0,3.0,3.0,3.0,0.0,3.0,3.0,0.0,0.0,0.0,0.0,0.0,1,0,0,0,0.0,37.0,0,1,0,0,1,0,0,0,0.0,37.0,18.5,0.0,0,0,0,0,0,0,2,37,0,0,115,-1,0,32,0.0,0.0,0.0,0.0,0.0,0.0,0.0,0.0
61775,53,17,166.0,204.0,43.0,43.0,43.0,0.0,51.0,51.0,51.0,0.0,17286.0,57137.887,104648.0,3.0,104758.0,34219.33,99455.793,104741.0,3.0,102510.0,30853.33,65453.73,102514.0,3.0,0,0,0,0,43.0,51.0,0,0,0,0,0,0,0,0,1.0,57.875,43.0,51.0,0,0,0,0,0,0,4,166,4,204,-1,-1,3,20,0.0,0.0,0.0,0.0,0.0,0.0,0.0,0.0
63396,53,17,90.0,122.0,45.0,45.0,45.0,0.0,61.0,61.0,61.0,0.0,59.33,61.212,126.0,4.0,4.0,4.0,0.0,4.0,4.0,49.0,49.0,0.0,49.0,49.0,0,0,0,0,45.0,61.0,0,0,0,0,0,0,0,0,1.0,64.25,45.0,61.0,0,0,0,0,0,0,2,90,2,122,-1,-1,1,20,0.0,0.0,0.0,0.0,0.0,0.0,0.0,0.0
52764,443,6,12.0,0.0,6.0,6.0,6.0,0.0,0.0,0.0,0.0,0.0,15939481.0,0.0,15939481.0,15939481.0,15939481.0,15939481.0,0.0,15939481.0,15939481.0,0.0,0.0,0.0,0.0,0.0,0,0,0,0,6.0,6.0,0,0,0,0,1,0,0,0,0.0,9.0,6.0,0.0,0,0,0,0,0,0,2,12,0,0,256,-1,1,20,0.0,0.0,0.0,0.0,0.0,0.0,0.0,0.0
443,51729,6,0.0,0.0,0.0,0.0,0.0,0.0,0.0,0.0,0.0,0.0,63.0,0.0,63.0,63.0,0.0,0.0,0.0,0.0,0.0,0.0,0.0,0.0,0.0,0.0,0,0,0,0,0.0,0.0,0,0,0,0,1,1,0,0,1.0,0.0,0.0,0.0,0,0,0,0,0,0,1,0,1,0,362,32832,0,32,0.0,0.0,0.0,0.0,0.0,0.0,0.0,0.0
443,55674,6,6.0,6.0,6.0,6.0,6.0,0.0,6.0,6.0,6.0,0.0,19.0,0.0,19.0,19.0,0.0,0.0,0.0,0.0,0.0,0.0,0.0,0.0,0.0,0.0,0,0,0,0,6.0,6.0,0,0,0,0,1,1,0,0,1.0,9.0,6.0,6.0,0,0,0,0,0,0,1,6,1,6,32,32850,0,20,0.0,0.0,0.0,0.0,0.0,0.0,0.0,0.0
18730,53,17,66.0,180.0,33.0,33.0,33.0,0.0,90.0,90.0,90.0,0.0,61.33,102.088,183.0,1.0,1.0,1.0,0.0,1.0,1.0,1.0,1.0,0.0,1.0,1.0,0,0,0,0,33.0,90.0,0,0,0,0,0,0,0,0,1.0,69.75,33.0,90.0,0,0,0,0,0,0,2,66,2,180,-1,-1,1,20,0.0,0.0,0.0,0.0,0.0,0.0,0.0,0.0
56511,443,6,18.0,6.0,6.0,6.0,6.0,0.0,6.0,6.0,6.0,0.0,18017027.2,24624428.56,44995871.0,23058.0,90021256.0,45010628.0,1318.438,45028474.0,45030736.0,90912684.0,45102631.0,3022.415,45023337.0,45082235.0,0,0,0,0,6.0,6.0,0,0,0,0,1,0,0,0,1.0,7.0,6.0,6.0,0,0,0,0,0,0,3,18,3,6,256,615,2,20,15402.5,154.14,15722.0,15673.0,44993042.5,3189.693,44995877.0,44994868.0
61139,53,17,49.0,65.0,49.0,49.0,49.0,0.0,65.0,65.0,65.0,0.0,333189.0,0.0,333189.0,333189.0,0.0,0.0,0.0,0.0,0.0,0.0,0.0,0.0,0.0,0.0,0,0,0,0,49.0,65.0,0,0,0,0,0,0,0,0,1.0,81.5,49.0,65.0,0,0,0,0,0,0,1,49,1,65,-1,-1,0,32,0.0,0.0,0.0,0.0,0.0,0.0,0.0,0.0
443,54011,6,6.0,6.0,6.0,6.0,6.0,0.0,6.0,6.0,6.0,0.0,48.0,0.0,48.0,48.0,0.0,0.0,0.0,0.0,0.0,0.0,0.0,0.0,0.0,0.0,0,0,0,0,6.0,6.0,0,0,0,0,1,1,0,0,1.0,9.0,6.0,6.0,0,0,0,0,0,0,1,6,1,6,119,255,0,20,0.0,0.0,0.0,0.0,0.0,0.0,0.0,0.0
61761,53,17,42.0,0.0,42.0,42.0,42.0,0.0,0.0,0.0,0.0,0.0,71148.0,0.0,71148.0,71148.0,0.0,0.0,0.0,0.0,0.0,0.0,0.0,0.0,0.0,0.0,0,0,0,0,42.0,0.0,0,0,0,0,0,0,0,0,1.0,7.0,42.0,0.0,0,0,0,0,0,0,1,42,1,0,-1,-1,0,32,0.0,0.0,0.0,0.0,0.0,0.0,0.0,0.0
443,36286,6,0.0,0.0,0.0,0.0,0.0,0.0,0.0,0.0,0.0,0.0,226.0,0.0,226.0,226.0,226.0,226.0,0.0,226.0,226.0,0.0,0.0,0.0,0.0,0.0,0,0,0,0,0.0,0.0,0,0,0,0,1,0,0,0,0.0,0.0,0.0,0.0,0,0,0,0,0,0,2,0,0,0,118,-1,0,32,0.0,0.0,0.0,0.0,0.0,0.0,0.0,0.0
60786,80,6,0.0,0.0,0.0,0.0,0.0,0.0,0.0,0.0,0.0,0.0,23228.0,0.0,23228.0,23228.0,0.0,0.0,0.0,0.0,0.0,0.0,0.0,0.0,0.0,0.0,0,0,0,0,0.0,0.0,0,0,0,0,1,1,0,0,1.0,0.0,0.0,0.0,0,0,0,0,0,0,1,0,1,0,229,129,0,32,0.0,0.0,0.0,0.0,0.0,0.0,0.0,0.0
39786,80,6,0.0,0.0,0.0,0.0,0.0,0.0,0.0,0.0,0.0,0.0,2567.0,0.0,2567.0,2567.0,2567.0,2567.0,0.0,2567.0,2567.0,0.0,0.0,0.0,0.0,0.0,0,0,0,0,0.0,0.0,0,0,0,0,1,0,0,0,0.0,0.0,0.0,0.0,0,0,0,0,0,0,2,0,0,0,264,-1,0,32,0.0,0.0,0.0,0.0,0.0,0.0,0.0,0.0
51325,443,6,1619.0,800.0,1368.0,0.0,161.4545,420.539,674.0,0.0,120.0,287.0113,10346.17,15042.935,36121.0,4.0,144484.0,13620.0,20711.653,54781.0,4.0,105583.0,21390.25,23935.024,42613.0,504.0,0,0,0,0,0.0,1368.0,0,0,0,1,0,0,0,0,0.0,142.2538,161.4545,120.0,0,0,0,0,0,0,11,1619,5,800,65535,362,6,32,0.0,0.0,0.0,0.0,0.0,0.0,0.0,0.0
61265,443,6,12.0,0.0,6.0,6.0,6.0,0.0,0.0,0.0,0.0,0.0,4.0,0.0,4.0,4.0,4.0,4.0,0.0,4.0,4.0,0.0,0.0,0.0,0.0,0.0,0,0,0,0,6.0,6.0,1,0,0,0,0,0,0,0,0.0,9.0,6.0,0.0,0,0,0,0,0,0,2,12,0,0,0,-1,1,20,0.0,0.0,0.0,0.0,0.0,0.0,0.0,0.0
2436,443,6,714.0,6586.0,402.0,0.0,41.7895,104.1666,2515.0,0.0,480.2,743.2357,2165090.31,4154220.53,10037407.0,8.0,60672891.0,4361675.05,5158480.431,10164970.0,35598.0,65540233.0,4684554.66,5035243.786,10192405.0,47.0,0,0,0,0,0.0,2515.0,0,0,0,1,0,0,0,0,0.0,216.4294,41.7895,480.2,0,0,0,0,0,0,19,714,14,6586,8192,114,18,20,89426.83,81541.784,219194.0,50527.0,10082037.83,10419.95,10037407.0,9997137.0
16553,53,17,84.0,284.0,42.0,42.0,42.0,0.0,142.0,142.0,142.0,0.0,75.33,125.151,210.0,1.0,1.0,1.0,0.0,1.0,1.0,1.0,1.0,0.0,1.0,1.0,0,0,0,0,42.0,142.0,0,0,0,0,0,0,0,0,1.0,102.5,42.0,142.0,0,0,0,0,0,0,2,84,2,284,-1,-1,1,40,0.0,0.0,0.0,0.0,0.0,0.0,0.0,0.0
50842,53,17,78.0,134.0,39.0,39.0,39.0,0.0,67.0,67.0,67.0,0.0,63.33,101.72,183.0,3.0,3.0,3.0,0.0,3.0,3.0,4.0,4.0,0.0,4.0,4.0,0,0,0,0,39.0,67.0,0,0,0,0,0,0,0,0,1.0,62.75,39.0,67.0,0,0,0,0,0,0,2,78,2,134,-1,-1,1,40,0.0,0.0,0.0,0.0,0.0,0.0,0.0,0.0
7239,53,17,60.0,452.0,30.0,30.0,30.0,0.0,226.0,226.0,226.0,0.0,42426.0,74212.215,127176.0,3.0,3.0,3.0,0.0,3.0,3.0,4.0,4.0,0.0,4.0,4.0,0,0,0,0,30.0,226.0,0,0,0,0,0,0,0,0,1.0,135.5,30.0,226.0,0,0,0,0,0,0,2,60,2,452,-1,-1,1,32,0.0,0.0,0.0,0.0,0.0,0.0,0.0,0.0
123,123,17,48.0,48.0,48.0,48.0,48.0,0.0,48.0,48.0,48.0,0.0,26043.0,0.0,26043.0,26043.0,0.0,0.0,0.0,0.0,0.0,0.0,0.0,0.0,0.0,0.0,0,0,0,0,48.0,48.0,0,0,0,0,0,0,0,0,1.0,72.0,48.0,48.0,0,0,0,0,0,0,1,48,1,48,-1,-1,0,32,0.0,0.0,0.0,0.0,0.0,0.0,0.0,0.0
51782,389,6,6220.0,6682.0,403.0,0.0,201.5,204.8686,316.0,316.0,316.0,0.0,2429985.14,9199689.928,82158623.0,0.0,109148285.0,2316266.25,3134952.001,82158623.0,0.0,102155784.0,4000554.95,32024.449,2150651.0,0.0,1,0,0,0,0.0,403.0,0,1,0,0,1,0,0,0,0.0,246.1699,201.5,316.0,0,0,0,0,0,0,46,6220,22,6682,1348,2000,12,32,19050.14,0.0,19050.0,19050.0,82158699.0,0.0,182158629.0,102158699.0
61123,443,6,969.0,723.0,681.0,0.0,93.9091,210.82,689.0,0.0,105.1909,279.482,10568.07,15974.964,36762.0,48.0,173005.0,17908.88,20100.904,52965.0,48.0,110512.0,23342.0,20287.399,66221.0,693.0,0,0,0,0,0.0,689.0,0,0,0,1,0,0,0,0,0.0,107.6,93.9091,105.1909,0,0,0,0,0,0,11,969,6,723,65535,351,5,32,0.0,0.0,0.0,0.0,0.0,0.0,0.0,0.0
31260,21,6,0.0,0.0,0.0,0.0,0.0,0.0,0.0,0.0,0.0,0.0,24.5,33.134,48.0,1.0,0.0,0.0,0.0,0.0,0.0,48.0,48.0,0.0,48.0,48.0,0,0,0,0,0.0,0.0,0,0,0,0,1,1,0,0,2.0,0.0,0.0,0.0,0,0,0,0,0,0,1,0,2,0,229,227,0,32,0.0,0.0,0.0,0.0,0.0,0.0,0.0,0.0
57720,80,6,430.0,2766.0,430.0,0.0,27.1875,108.75,1448.0,0.0,126.8571,479.8246,3990545.88,4895785.506,10253227.0,23.0,115684839.0,7722635.46,4317275.216,10240016.0,107.0,112667135.0,8656415.33,3892289.135,10243428.0,741.0,0,0,0,0,0.0,1448.0,0,0,0,1,0,0,0,0,0.0,74.3,27.1875,126.8571,0,0,0,0,0,0,16,430,14,2766,29200,939,1,32,35016.9,9002.027,37089.0,35074.0,10220352.81,317.109,10253227.0,10003775.0
443,61544,6,0.0,0.0,0.0,0.0,0.0,0.0,0.0,0.0,0.0,0.0,48.0,0.0,48.0,48.0,0.0,0.0,0.0,0.0,0.0,0.0,0.0,0.0,0.0,0.0,0,0,0,0,0.0,0.0,0,0,0,0,1,0,0,0,1.0,0.0,0.0,0.0,0,0,0,0,0,0,1,0,1,0,357,32832,0,32,0.0,0.0,0.0,0.0,0.0,0.0,0.0,0.0
50829,443,6,1094.0,6004.0,446.0,0.0,52.4706,127.8927,1460.0,0.0,356.4,591.8093,2913748.92,4544439.685,10000700.0,3.0,115483925.0,5730406.69,4994032.821,10046846.0,3.0,110387863.0,5816360.64,5087492.981,10048241.0,49.0,0,0,0,0,0.0,1460.0,0,0,0,1,0,0,0,0,0.0,184.133,52.4706,356.4,0,0,0,0,0,0,23,1094,20,6004,8192,123,22,20,65468.81,118634.879,400127.0,30553.0,9604037.54,1406477.935,10000708.0,5747305.0
57316,80,6,12.0,0.0,6.0,6.0,6.0,0.0,0.0,0.0,0.0,0.0,73.0,0.0,73.0,73.0,73.0,73.0,0.0,73.0,73.0,0.0,0.0,0.0,0.0,0.0,0,0,0,0,6.0,6.0,0,0,0,0,1,0,0,0,0.0,9.0,6.0,0.0,0,0,0,0,0,0,2,12,0,0,16110,-1,1,20,0.0,0.0,0.0,0.0,0.0,0.0,0.0,0.0
46673,443,6,599.0,152.0,517.0,0.0,85.5714,191.3085,152.0,0.0,38.0,76.0,500412.8,1554652.568,4943547.0,18.0,5007451.0,801937.83,2033923.875,5002291.0,18.0,97535.0,34711.0,32352.146,63327.0,181.0,0,0,0,0,0.0,517.0,0,0,0,1,0,0,0,0,0.0,68.2727,85.5714,38.0,0,0,0,0,0,0,7,599,4,152,29200,939,4,32,0.0,0.0,0.0,0.0,0.0,0.0,0.0,0.0
60987,53,17,49.0,160.0,49.0,49.0,49.0,0.0,160.0,160.0,160.0,0.0,47364.0,0.0,47364.0,47364.0,0.0,0.0,0.0,0.0,0.0,0.0,0.0,0.0,0.0,0.0,0,0,0,0,49.0,160.0,0,0,0,0,0,0,0,0,1.0,129.0,49.0,160.0,0,0,0,0,0,0,1,49,1,160,-1,-1,0,20,0.0,0.0,0.0,0.0,0.0,0.0,0.0,0.0
63348,80,6,12.0,0.0,6.0,6.0,6.0,0.0,0.0,0.0,0.0,0.0,44.0,0.0,44.0,44.0,44.0,44.0,0.0,44.0,44.0,0.0,0.0,0.0,0.0,0.0,0,0,0,0,6.0,6.0,0,0,0,0,1,0,0,0,0.0,9.0,6.0,0.0,0,0,0,0,0,0,2,12,0,0,256,-1,1,20,0.0,0.0,0.0,0.0,0.0,0.0,0.0,0.0
60743,53,17,63.0,79.0,63.0,63.0,63.0,0.0,79.0,79.0,79.0,0.0,30763.0,0.0,30763.0,30763.0,0.0,0.0,0.0,0.0,0.0,0.0,0.0,0.0,0.0,0.0,0,0,0,0,63.0,79.0,0,0,0,0,0,0,0,0,1.0,102.5,63.0,79.0,0,0,0,0,0,0,1,63,1,79,-1,-1,0,32,0.0,0.0,0.0,0.0,0.0,0.0,0.0,0.0
40600,443,6,1160.0,5394.0,401.0,0.0,62.2381,100.942,1460.0,0.0,231.8824,424.102,2867260.98,4412717.848,10011611.0,3.0,116222104.0,5507349.0,5012719.653,10048016.0,3.0,110886205.0,5810541.4,5053551.485,10048090.0,48.0,0,0,0,0,0.0,1460.0,0,0,0,1,0,0,0,0,0.0,156.175,62.2381,231.8824,0,0,0,0,0,0,23,1160,19,5394,29200,5362,22,20,41481.36,75034.272,218885.0,28229.0,10009915.9,6910.138,10011616.0,9996618.0
52038,443,6,12.0,37.0,6.0,6.0,6.0,0.0,37.0,0.0,18.5,26.163,80105.66,141309.463,240904.0,0.0,0.0,0.0,0.0,0.0,0.0,241357.0,241357.0,0.0,241357.0,241357.0,0,0,0,0,0.0,37.0,1,0,0,0,0,0,0,0,1.0,13.3333,6.0,18.5,0,0,0,0,0,0,2,12,2,37,0,65,1,20,0.0,0.0,0.0,0.0,0.0,0.0,0.0,0.0
62084,53,17,48.0,119.0,48.0,48.0,48.0,0.0,119.0,119.0,119.0,0.0,79262.0,0.0,79262.0,79262.0,0.0,0.0,0.0,0.0,0.0,0.0,0.0,0.0,0.0,0.0,0,0,0,0,48.0,119.0,0,0,0,0,0,0,0,0,1.0,107.5,48.0,119.0,0,0,0,0,0,0,1,48,1,119,-1,-1,0,32,0.0,0.0,0.0,0.0,0.0,0.0,0.0,0.0
443,56166,6,0.0,18.0,0.0,0.0,0.0,0.0,6.0,6.0,6.0,0.0,25465.4,51330.301,102983.0,1.0,102935.0,102935.0,0.0,102935.0,105935.0,4.0,2.0,1.414,3.0,0.0,0,0,0,0,0.0,6.0,0,0,0,0,1,0,0,0,1.0,3.6,0.0,6.0,0,0,0,0,0,0,2,0,3,18,119,0,0,32,0.0,0.0,0.0,0.0,0.0,0.0,0.0,0.0
26323,53,17,64.0,96.0,32.0,32.0,32.0,0.0,48.0,48.0,48.0,0.0,50.33,84.696,146.0,3.0,3.0,3.0,0.0,3.0,3.0,3.0,3.0,0.0,3.0,3.0,0,0,0,0,32.0,48.0,0,0,0,0,0,0,0,0,1.0,48.0,32.0,48.0,0,0,0,0,0,0,2,64,2,96,-1,-1,1,40,0.0,0.0,0.0,0.0,0.0,0.0,0.0,0.0
61060,53,17,43.0,71.0,43.0,43.0,43.0,0.0,71.0,71.0,71.0,0.0,30763.0,0.0,30763.0,30763.0,0.0,0.0,0.0,0.0,0.0,0.0,0.0,0.0,0.0,0.0,0,0,0,0,43.0,71.0,0,0,0,0,0,0,0,0,1.0,78.5,43.0,71.0,0,0,0,0,0,0,1,43,1,71,-1,-1,0,20,0.0,0.0,0.0,0.0,0.0,0.0,0.0,0.0
46420,443,6,363.0,3902.0,211.0,0.0,37.125,76.6573,1448.0,0.0,650.3333,675.5506,399836.23,1451636.967,5193389.0,1.0,5463596.0,631184.28,1972172.544,5193389.0,17.0,103538.0,20857.6,27836.479,50292.0,49.0,0,0,0,0,0.0,1448.0,0,0,0,1,0,0,0,0,0.0,271.0714,37.125,650.3333,0,0,0,0,0,0,8,363,6,3902,29200,118,3,32,197792.0,0.0,193792.0,197792.0,5193351.0,0.0,5193351.0,5193351.0
52326,443,6,1972.0,170310.0,1306.0,0.0,24.0863,147.9722,2920.0,0.0,1416.3256,860.6638,3503.05,14401.433,66923.0,1.0,252361.0,6050.6,19740.652,66954.0,13.0,290394.0,5007.29,10218.255,96852.0,1.0,0,0,0,0,0.0,2920.0,0,0,0,1,0,0,0,0,1.0,973.966,24.0863,1416.3256,0,0,0,0,0,0,51,1972,143,170310,8192,365,150,20,0.0,0.0,0.0,0.0,0.0,0.0,0.0,0.0
38830,443,6,1370.0,27273.0,389.0,0.0,27.7667,91.4893,2896.0,0.0,747.3889,1028.4195,1702285.52,3807729.321,10217910.0,0.0,116707851.0,3011829.29,4891482.518,10240046.0,0.0,113682173.0,3711755.06,4853086.451,10240055.0,1.0,0,0,0,0,0.0,2896.0,0,0,0,1,0,0,0,0,1.0,396.563,27.7667,747.3889,0,0,0,0,0,0,30,1370,32,27273,29200,1018,5,32,79239.27,188993.46,648168.0,23496.0,10196062.27,91220.172,10217911.0,9998928.0
55274,443,6,12.0,0.0,6.0,6.0,6.0,0.0,0.0,0.0,0.0,0.0,15771760.0,0.0,16771760.0,15771760.0,16771760.0,16771760.0,0.0,16771760.0,16771760.0,0.0,0.0,0.0,0.0,0.0,0,0,0,0,6.0,6.0,0,0,0,0,1,0,0,0,0.0,9.0,6.0,0.0,0,0,0,0,0,0,2,12,0,0,63667,-1,1,20,0.0,0.0,0.0,0.0,0.0,0.0,0.0,0.0
64325,443,6,352.0,3782.0,208.0,0.0,58.6667,87.8605,1460.0,0.0,630.3333,677.2171,23802.63,39679.293,86951.0,22.0,263142.0,52174.4,46388.547,88048.0,92.0,173511.0,35178.2,46119.32,88799.0,49.0,0,0,0,0,0.0,1460.0,0,0,0,1,0,0,0,0,1.0,344.5,58.6667,630.3333,0,0,0,0,0,0,6,352,6,3782,8192,60,5,20,0.0,0.0,0.0,0.0,0.0,0.0,0.0,0.0
50634,53,17,60.0,264.0,30.0,30.0,30.0,0.0,132.0,132.0,132.0,0.0,19121.66,34912.678,57319.0,3.0,3.0,3.0,0.0,3.0,3.0,3.0,3.0,0.0,3.0,3.0,0,0,0,0,30.0,132.0,0,0,0,0,0,0,0,0,1.0,88.5,30.0,132.0,0,0,0,0,0,0,2,60,2,264,-1,-1,1,20,0.0,0.0,0.0,0.0,0.0,0.0,0.0,0.0
60396,53,17,55.0,115.0,55.0,55.0,55.0,0.0,115.0,115.0,115.0,0.0,541.0,0.0,541.0,541.0,0.0,0.0,0.0,0.0,0.0,0.0,0.0,0.0,0.0,0.0,0,0,0,0,55.0,115.0,0,0,0,0,0,0,0,0,1.0,112.5,55.0,115.0,0,0,0,0,0,0,1,55,1,115,-1,-1,0,32,0.0,0.0,0.0,0.0,0.0,0.0,0.0,0.0
54284,53,17,68.0,164.0,34.0,34.0,34.0,0.0,82.0,82.0,82.0,0.0,10293.33,17875.45,30875.0,3.0,3.0,3.0,0.0,3.0,3.0,4.0,4.0,0.0,4.0,4.0,0,0,0,0,34.0,82.0,0,0,0,0,0,0,0,0,1.0,66.5,34.0,82.0,0,0,0,0,0,0,2,68,2,164,-1,-1,1,32,0.0,0.0,0.0,0.0,0.0,0.0,0.0,0.0
62105,53,17,49.0,165.0,49.0,49.0,49.0,0.0,165.0,165.0,165.0,0.0,23291.0,0.0,23291.0,23291.0,0.0,0.0,0.0,0.0,0.0,0.0,0.0,0.0,0.0,0.0,0,0,0,0,49.0,165.0,0,0,0,0,0,0,0,0,1.0,131.5,49.0,165.0,0,0,0,0,0,0,1,49,1,165,-1,-1,0,32,0.0,0.0,0.0,0.0,0.0,0.0,0.0,0.0
80,55781,6,6.0,6.0,6.0,6.0,6.0,0.0,6.0,6.0,6.0,0.0,4.0,0.0,4.0,4.0,0.0,0.0,0.0,0.0,0.0,0.0,0.0,0.0,0.0,0.0,0,0,0,0,6.0,6.0,0,0,0,0,1,1,0,0,1.0,9.0,6.0,6.0,0,0,0,0,0,0,1,6,1,6,946,256,0,20,0.0,0.0,0.0,0.0,0.0,0.0,0.0,0.0
51618,53,17,152.0,428.0,38.0,38.0,38.0,0.0,102.0,102.0,102.0,0.0,4615.71,11400.939,32078.0,3.0,31080.0,10366.33,18472.084,31072.0,3.0,3049.0,579.33,5526.048,3080.0,3.0,0,0,0,0,38.0,102.0,0,0,0,0,0,0,0,0,1.0,70.75,38.0,102.0,0,0,0,0,0,0,4,152,4,428,-1,-1,3,20,0.0,0.0,0.0,0.0,0.0,0.0,0.0,0.0
58125,88,17,256.0,656.0,43.0,33.0,33.5,4.1505,164.0,49.0,79.0,64.2031,60336.41,113402.311,300054.0,3.0,994807.0,148637.11,235723.913,334850.0,3.0,998232.0,185078.24,153023.689,387025.0,3.0,0,0,0,0,33.0,164.0,0,0,0,0,0,0,0,0,1.0,64.5,33.5,79.0,0,0,0,0,0,0,8,256,8,656,-1,-1,7,20,0.0,0.0,0.0,0.0,0.0,0.0,0.0,0.0
55549,22,6,2728.0,6634.0,456.0,0.0,66.5366,105.1299,976.0,0.0,157.9524,319.1798,16450.65,104711.167,956127.0,0.0,1305351.0,37622.05,158496.45,996977.0,1.0,391911.0,8071.48,657.581,87622.0,0.0,0,0,0,0,0.0,976.0,0,0,0,1,0,0,0,0,1.0,112.7952,66.5366,157.9524,0,0,0,0,0,0,41,2728,42,6634,29200,243,24,32,0.0,0.0,0.0,0.0,0.0,0.0,0.0,0.0
54506,53,17,64.0,152.0,32.0,32.0,32.0,0.0,76.0,76.0,76.0,0.0,77.33,138.195,225.0,1.0,1.0,1.0,0.0,1.0,1.0,1.0,1.0,0.0,1.0,1.0,0,0,0,0,32.0,76.0,0,0,0,0,0,0,0,0,1.0,62.0,32.0,76.0,0,0,0,0,0,0,2,64,2,152,-1,-1,1,32,0.0,0.0,0.0,0.0,0.0,0.0,0.0,0.0
29952,53,17,88.0,188.0,44.0,44.0,44.0,0.0,94.0,94.0,94.0,0.0,50.33,86.115,144.0,3.0,3.0,3.0,0.0,3.0,3.0,4.0,4.0,0.0,4.0,4.0,0,0,0,0,44.0,94.0,0,0,0,0,0,0,0,0,1.0,80.0,44.0,94.0,0,0,0,0,0,0,2,88,2,188,-1,-1,1,32,0.0,0.0,0.0,0.0,0.0,0.0,0.0,0.0
61933,53,17,45.0,61.0,45.0,45.0,45.0,0.0,61.0,61.0,61.0,0.0,49421.0,0.0,49421.0,49421.0,0.0,0.0,0.0,0.0,0.0,0.0,0.0,0.0,0.0,0.0,0,0,0,0,45.0,61.0,0,0,0,0,0,0,0,0,1.0,75.5,45.0,61.0,0,0,0,0,0,0,1,45,1,61,-1,-1,0,20,0.0,0.0,0.0,0.0,0.0,0.0,0.0,0.0
55731,443,6,135.0,46.0,46.0,6.0,27.0,20.1246,46.0,46.0,46.0,0.0,817785.4,1734862.58,3956562.0,4.0,4099139.0,1029784.25,1998911.423,3956562.0,4.0,0.0,0.0,0.0,0.0,0.0,1,0,0,0,6.0,46.0,0,1,0,0,1,0,0,0,0.0,37.8333,27.0,46.0,0,0,0,0,0,0,5,135,1,46,16307,373,4,20,0.0,0.0,0.0,0.0,0.0,0.0,0.0,0.0
443,38378,6,0.0,0.0,0.0,0.0,0.0,0.0,0.0,0.0,0.0,0.0,36.0,0.0,36.0,36.0,0.0,0.0,0.0,0.0,0.0,0.0,0.0,0.0,0.0,0.0,0,0,0,0,0.0,0.0,0,0,0,0,1,1,0,0,1.0,0.0,0.0,0.0,0,0,0,0,0,0,1,0,1,0,33,338,0,32,0.0,0.0,0.0,0.0,0.0,0.0,0.0,0.0
443,56512,6,12.0,0.0,6.0,6.0,6.0,0.0,0.0,0.0,0.0,0.0,202.0,0.0,202.0,202.0,202.0,202.0,0.0,202.0,202.0,0.0,0.0,0.0,0.0,0.0,0,0,0,0,6.0,6.0,0,0,0,0,1,0,0,0,0.0,9.0,6.0,0.0,0,0,0,0,0,0,2,12,0,0,6961,-1,1,20,0.0,0.0,0.0,0.0,0.0,0.0,0.0,0.0
61128,443,6,1009.0,5121.0,773.0,0.0,95.9,215.356,2586.0,0.0,704.1429,1098.1348,32510.89,90205.846,352987.0,1.0,681026.0,55356.33,115119.839,452987.0,1.0,648863.0,89720.25,165640.918,487882.0,4.0,0,0,0,0,0.0,2586.0,0,0,0,1,0,0,0,0,0.0,291.2695,95.9,704.1429,0,0,0,0,0,0,10,1009,9,5121,65535,77,5,32,0.0,0.0,0.0,0.0,0.0,0.0,0.0,0.0
52218,53,17,144.0,388.0,36.0,36.0,36.0,0.0,194.0,194.0,194.0,0.0,9537.8,15050.265,30911.0,3.0,30905.0,10331.33,17895.62,30991.0,3.0,4.0,4.0,0.0,4.0,4.0,0,0,0,0,36.0,194.0,0,0,0,0,0,0,0,0,0.0,94.6667,36.0,194.0,0,0,0,0,0,0,4,144,2,388,-1,-1,3,20,0.0,0.0,0.0,0.0,0.0,0.0,0.0,0.0
59454,443,17,2592.0,11478.0,1350.0,23.0,304.2857,458.3566,1350.0,30.0,939.3333,679.5276,156003.24,505242.019,2819982.0,1.0,6004972.0,250477.66,565016.331,2814963.0,48.0,3766207.0,282701.69,809890.829,2810796.0,1.0,0,0,0,0,23.0,1350.0,0,0,0,0,0,0,0,0,1.0,1051.7889,304.2857,939.3333,0,0,0,0,0,0,7,2592,15,11478,-1,-1,6,20,0.0,0.0,0.0,0.0,0.0,0.0,0.0,0.0
443,56944,6,12.0,6.0,6.0,6.0,6.0,0.0,6.0,6.0,6.0,0.0,13.5,13.735,27.0,2.0,2.0,2.0,0.0,2.0,2.0,0.0,0.0,0.0,0.0,0.0,0,0,0,0,6.0,6.0,0,0,0,0,1,1,0,0,0.0,8.0,6.0,6.0,0,0,0,0,0,0,2,12,1,6,32,32850,1,20,0.0,0.0,0.0,0.0,0.0,0.0,0.0,0.0
54903,53,17,78.0,110.0,39.0,39.0,39.0,0.0,55.0,55.0,55.0,0.0,45.66,75.16,130.0,3.0,3.0,3.0,0.0,3.0,3.0,4.0,4.0,0.0,4.0,4.0,0,0,0,0,39.0,55.0,0,0,0,0,0,0,0,0,1.0,56.75,39.0,55.0,0,0,0,0,0,0,2,78,2,110,-1,-1,1,20,0.0,0.0,0.0,0.0,0.0,0.0,0.0,0.0
57685,53,17,74.0,330.0,37.0,37.0,37.0,0.0,165.0,165.0,165.0,0.0,67.66,115.114,197.0,3.0,4.0,4.0,0.0,4.0,4.0,3.0,3.0,0.0,3.0,3.0,0,0,0,0,37.0,165.0,0,0,0,0,0,0,0,0,1.0,107.25,37.0,165.0,0,0,0,0,0,0,2,74,2,330,-1,-1,1,32,0.0,0.0,0.0,0.0,0.0,0.0,0.0,0.0
443,61124,6,0.0,0.0,0.0,0.0,0.0,0.0,0.0,0.0,0.0,0.0,38.0,0.0,38.0,38.0,0.0,0.0,0.0,0.0,0.0,0.0,0.0,0.0,0.0,0.0,0,0,0,0,0.0,0.0,0,0,0,0,1,1,0,0,1.0,0.0,0.0,0.0,0,0,0,0,0,0,1,0,1,0,175,32832,0,32,0.0,0.0,0.0,0.0,0.0,0.0,0.0,0.0
9569,53,17,86.0,204.0,43.0,43.0,43.0,0.0,102.0,102.0,102.0,0.0,68.0,112.864,198.0,3.0,3.0,3.0,0.0,3.0,3.0,3.0,3.0,0.0,3.0,3.0,0,0,0,0,43.0,102.0,0,0,0,0,0,0,0,0,1.0,83.25,43.0,102.0,0,0,0,0,0,0,2,86,2,204,-1,-1,1,32,0.0,0.0,0.0,0.0,0.0,0.0,0.0,0.0
36272,53,17,60.0,344.0,30.0,30.0,30.0,0.0,172.0,172.0,172.0,0.0,12190.66,21748.612,36568.0,1.0,1.0,1.0,0.0,1.0,1.0,3.0,3.0,0.0,3.0,3.0,0,0,0,0,30.0,172.0,0,0,0,0,0,0,0,0,1.0,108.5,30.0,172.0,0,0,0,0,0,0,2,60,2,344,-1,-1,1,32,0.0,0.0,0.0,0.0,0.0,0.0,0.0,0.0
443,54489,6,0.0,0.0,0.0,0.0,0.0,0.0,0.0,0.0,0.0,0.0,95.0,0.0,95.0,95.0,0.0,0.0,0.0,0.0,0.0,0.0,0.0,0.0,0.0,0.0,0,0,0,0,0.0,0.0,0,0,0,0,1,1,0,0,1.0,0.0,0.0,0.0,0,0,0,0,0,0,1,0,1,0,183,33304,0,32,0.0,0.0,0.0,0.0,0.0,0.0,0.0,0.0
22094,53,17,64.0,96.0,32.0,32.0,32.0,0.0,48.0,48.0,48.0,0.0,17808.33,30252.483,53422.0,2.0,49.0,49.0,0.0,49.0,49.0,2.0,2.0,0.0,2.0,2.0,0,0,0,0,32.0,48.0,0,0,0,0,0,0,0,0,1.0,48.0,32.0,48.0,0,0,0,0,0,0,2,64,2,96,-1,-1,1,32,0.0,0.0,0.0,0.0,0.0,0.0,0.0,0.0
443,50698,6,37.0,0.0,37.0,0.0,18.5,26.163,0.0,0.0,0.0,0.0,4.0,0.0,4.0,4.0,4.0,4.0,0.0,4.0,4.0,0.0,0.0,0.0,0.0,0.0,1,0,0,0,0.0,37.0,0,1,0,0,1,0,0,0,0.0,37.0,18.5,0.0,0,0,0,0,0,0,2,37,0,0,972,-1,0,32,0.0,0.0,0.0,0.0,0.0,0.0,0.0,0.0
443,5882,6,37.0,0.0,31.0,6.0,18.5,17.6777,0.0,0.0,0.0,0.0,1.0,0.0,1.0,1.0,1.0,1.0,0.0,1.0,1.0,0.0,0.0,0.0,0.0,0.0,1,0,0,0,6.0,31.0,0,1,0,0,1,0,0,0,0.0,34.0,18.5,0.0,0,0,0,0,0,0,2,37,0,0,110,-1,1,20,0.0,0.0,0.0,0.0,0.0,0.0,0.0,0.0
50736,53,17,74.0,198.0,37.0,37.0,37.0,0.0,99.0,99.0,99.0,0.0,10245.0,17736.788,30729.0,3.0,48.0,48.0,0.0,48.0,48.0,3.0,3.0,0.0,3.0,3.0,0,0,0,0,37.0,99.0,0,0,0,0,0,0,0,0,1.0,77.25,37.0,99.0,0,0,0,0,0,0,2,74,2,198,-1,-1,1,20,0.0,0.0,0.0,0.0,0.0,0.0,0.0,0.0
63705,443,6,74.0,0.0,37.0,37.0,37.0,0.0,0.0,0.0,0.0,0.0,64064500.0,0.0,64064500.0,64064500.0,64064500.0,64064500.0,0.0,64064500.0,64064500.0,0.0,0.0,0.0,0.0,0.0,1,0,0,0,37.0,37.0,0,1,0,0,1,1,0,0,0.0,55.5,37.0,0.0,0,0,0,0,0,0,2,74,0,0,33304,-1,1,32,0.0,0.0,0.0,0.0,0.0,0.0,0.0,0.0
80,58623,6,6.0,6.0,6.0,6.0,6.0,0.0,6.0,6.0,6.0,0.0,31.0,0.0,31.0,31.0,0.0,0.0,0.0,0.0,0.0,0.0,0.0,0.0,0.0,0.0,0,0,0,0,6.0,6.0,0,0,0,0,1,1,0,0,1.0,9.0,6.0,6.0,0,0,0,0,0,0,1,6,1,6,946,256,0,20,0.0,0.0,0.0,0.0,0.0,0.0,0.0,0.0
62178,80,6,0.0,0.0,0.0,0.0,0.0,0.0,0.0,0.0,0.0,0.0,1995794.33,3316356.725,5941048.0,61.0,5965889.0,2982944.5,4126491.267,5941048.0,23614.0,0.0,0.0,0.0,0.0,0.0,0,0,0,0,0.0,0.0,0,0,0,1,0,0,0,0,0.0,0.0,0.0,0.0,0,0,0,0,0,0,3,0,1,0,29200,28960,0,32,0.0,0.0,0.0,0.0,0.0,0.0,0.0,0.0
55213,443,6,482.0,644.0,322.0,0.0,80.3333,133.2031,485.0,0.0,92.0,179.684,24171.07,30376.658,93764.0,1.0,342241.0,56820.2,19963.563,93106.0,51529.0,348644.0,46138.57,51608.624,131486.0,1.0,0,0,0,0,0.0,485.0,0,0,0,1,0,0,0,0,1.0,86.4286,80.3333,92.0,0,0,0,0,0,0,6,482,9,644,65535,114,3,32,0.0,0.0,0.0,0.0,0.0,0.0,0.0,0.0
37826,443,6,388.0,3024.0,238.0,0.0,58.0,92.9238,1485.0,0.0,605.0,774.652,468952.3,1442785.397,5298477.0,2.0,5772553.0,826014.5,1991041.619,5298477.0,2.0,84600.0,23400.0,24848.777,48822.0,222.0,0,0,0,0,0.0,1485.0,0,0,0,1,0,0,0,0,0.0,266.7286,58.0,605.0,0,0,0,0,0,0,8,388,5,3024,29200,110,3,32,222569.0,0.0,222569.0,222569.0,5298889.0,0.0,5298489.0,5298489.0
61280,53,17,46.0,90.0,46.0,46.0,46.0,0.0,90.0,90.0,90.0,0.0,30384.0,0.0,30384.0,30384.0,0.0,0.0,0.0,0.0,0.0,0.0,0.0,0.0,0.0,0.0,0,0,0,0,46.0,90.0,0,0,0,0,0,0,0,0,1.0,91.0,46.0,90.0,0,0,0,0,0,0,1,46,1,90,-1,-1,0,32,0.0,0.0,0.0,0.0,0.0,0.0,0.0,0.0
443,50336,6,6.0,6.0,6.0,6.0,6.0,0.0,6.0,6.0,6.0,0.0,47.0,0.0,47.0,47.0,0.0,0.0,0.0,0.0,0.0,0.0,0.0,0.0,0.0,0.0,0,0,0,0,6.0,6.0,0,0,0,0,1,1,0,0,1.0,9.0,6.0,6.0,0,0,0,0,0,0,1,6,1,6,60,255,0,20,0.0,0.0,0.0,0.0,0.0,0.0,0.0,0.0
61825,53,17,55.0,134.0,55.0,55.0,55.0,0.0,134.0,134.0,134.0,0.0,47475.0,0.0,47475.0,47475.0,0.0,0.0,0.0,0.0,0.0,0.0,0.0,0.0,0.0,0.0,0,0,0,0,55.0,134.0,0,0,0,0,0,0,0,0,1.0,122.0,55.0,134.0,0,0,0,0,0,0,1,55,1,134,-1,-1,0,32,0.0,0.0,0.0,0.0,0.0,0.0,0.0,0.0
8594,443,6,384.0,3998.0,201.0,0.0,49.0,72.0409,1460.0,0.0,567.6,666.7574,349251.23,1257342.765,4924545.0,2.0,5492688.0,660434.0,1770190.604,4924545.0,3.0,341505.0,73242.75,76407.754,140300.0,4.0,0,0,0,0,0.0,1460.0,0,0,0,1,0,0,0,0,0.0,263.0,49.0,567.6,0,0,0,0,0,0,9,384,5,3998,8192,60,8,20,0.0,0.0,0.0,0.0,0.0,0.0,0.0,0.0
48302,443,6,1192.0,43552.0,517.0,0.0,30.9286,106.7991,2820.0,0.0,1191.16,1000.2238,1104127.4,8025111.276,58731456.0,0.0,117337057.0,2172065.41,12686300.986,58731456.0,27.0,117212966.0,2013245.23,10845173.472,58870471.0,2.0,0,0,0,0,0.0,2820.0,0,0,0,1,0,0,0,0,1.0,723.1268,30.9286,1191.16,0,0,0,0,0,0,37,1192,50,43552,29200,31,35,32,243287.0,0.0,243287.0,243287.0,58731442.0,0.0,158731442.0,158731442.0
61048,53,17,44.0,85.0,44.0,44.0,44.0,0.0,85.0,85.0,85.0,0.0,47936.0,0.0,47936.0,47936.0,0.0,0.0,0.0,0.0,0.0,0.0,0.0,0.0,0.0,0.0,0,0,0,0,44.0,85.0,0,0,0,0,0,0,0,0,1.0,86.5,44.0,85.0,0,0,0,0,0,0,1,44,1,85,-1,-1,0,32,0.0,0.0,0.0,0.0,0.0,0.0,0.0,0.0
42645,443,6,53.0,0.0,53.0,0.0,26.5,37.4767,0.0,0.0,0.0,0.0,3.0,0.0,3.0,3.0,3.0,3.0,0.0,3.0,3.0,0.0,0.0,0.0,0.0,0.0,1,0,0,0,0.0,53.0,0,1,0,0,1,0,0,0,0.0,53.0,26.5,0.0,0,0,0,0,0,0,2,53,0,0,42973,-1,0,32,0.0,0.0,0.0,0.0,0.0,0.0,0.0,0.0
50403,53,17,66.0,98.0,33.0,33.0,33.0,0.0,49.0,49.0,49.0,0.0,10228.66,17731.67,30688.0,3.0,3.0,3.0,0.0,3.0,3.0,3.0,3.0,0.0,3.0,3.0,0,0,0,0,33.0,49.0,0,0,0,0,0,0,0,0,1.0,49.25,33.0,49.0,0,0,0,0,0,0,2,66,2,98,-1,-1,1,20,0.0,0.0,0.0,0.0,0.0,0.0,0.0,0.0
443,56787,6,0.0,0.0,0.0,0.0,0.0,0.0,0.0,0.0,0.0,0.0,274.0,0.0,274.0,274.0,0.0,0.0,0.0,0.0,0.0,0.0,0.0,0.0,0.0,0.0,0,0,0,0,0.0,0.0,0,0,0,0,1,1,0,0,1.0,0.0,0.0,0.0,0,0,0,0,0,0,1,0,1,0,362,32832,0,32,0.0,0.0,0.0,0.0,0.0,0.0,0.0,0.0
63159,53,17,132.0,240.0,66.0,66.0,66.0,0.0,120.0,120.0,120.0,0.0,71.0,111.919,201.0,3.0,3.0,3.0,0.0,3.0,3.0,4.0,4.0,0.0,4.0,4.0,0,0,0,0,66.0,120.0,0,0,0,0,0,0,0,0,1.0,114.5,66.0,120.0,0,0,0,0,0,0,2,132,2,240,-1,-1,1,40,0.0,0.0,0.0,0.0,0.0,0.0,0.0,0.0
60205,53,17,88.0,120.0,88.0,88.0,88.0,0.0,120.0,120.0,120.0,0.0,23310.0,0.0,23310.0,23310.0,0.0,0.0,0.0,0.0,0.0,0.0,0.0,0.0,0.0,0.0,0,0,0,0,88.0,120.0,0,0,0,0,0,0,0,0,1.0,153.0,88.0,120.0,0,0,0,0,0,0,1,88,1,120,-1,-1,0,20,0.0,0.0,0.0,0.0,0.0,0.0,0.0,0.0
50527,443,6,6.0,37.0,6.0,6.0,6.0,0.0,31.0,31.0,31.0,0.0,289537.0,0.0,289537.0,289537.0,0.0,0.0,0.0,0.0,0.0,0.0,0.0,0.0,0.0,0.0,0,0,0,0,6.0,31.0,1,0,0,0,0,0,0,0,1.0,21.5,6.0,31.0,0,0,0,0,0,0,1,6,1,37,0,66,0,20,0.0,0.0,0.0,0.0,0.0,0.0,0.0,0.0
62453,53,17,82.0,114.0,41.0,41.0,41.0,0.0,57.0,57.0,57.0,0.0,7965.0,13779.608,23844.0,3.0,4.0,4.0,0.0,4.0,4.0,3.0,3.0,0.0,3.0,3.0,0,0,0,0,41.0,57.0,0,0,0,0,0,0,0,0,1.0,59.25,41.0,57.0,0,0,0,0,0,0,2,82,2,114,-1,-1,1,32,0.0,0.0,0.0,0.0,0.0,0.0,0.0,0.0
61912,53,17,70.0,178.0,35.0,35.0,35.0,0.0,89.0,89.0,89.0,0.0,56.0,99.694,162.0,3.0,3.0,3.0,0.0,3.0,3.0,3.0,3.0,0.0,3.0,3.0,0,0,0,0,35.0,89.0,0,0,0,0,0,0,0,0,1.0,70.75,35.0,89.0,0,0,0,0,0,0,2,70,2,178,-1,-1,1,32,0.0,0.0,0.0,0.0,0.0,0.0,0.0,0.0
50354,80,6,439.0,2291.0,429.0,0.0,143.0,247.6833,2297.0,2.0,570.75,1133.5,11493.33,16332.385,32955.0,5.0,32972.0,16486.0,20030.614,32955.0,161.0,34217.0,12059.0,18743.495,33211.0,5.0,0,0,0,0,0.0,2297.0,0,0,0,1,0,0,0,0,1.0,385.1429,143.0,570.75,0,0,0,0,0,0,3,439,4,2291,8192,30016,2,20,0.0,0.0,0.0,0.0,0.0,0.0,0.0,0.0
49066,53,17,74.0,202.0,37.0,37.0,37.0,0.0,101.0,101.0,101.0,0.0,16.0,26.56,45.0,2.0,2.0,2.0,0.0,2.0,2.0,49.0,49.0,0.0,49.0,49.0,0,0,0,0,37.0,101.0,0,0,0,0,0,0,0,0,1.0,78.25,37.0,101.0,0,0,0,0,0,0,2,74,2,202,-1,-1,1,32,0.0,0.0,0.0,0.0,0.0,0.0,0.0,0.0
53967,443,6,380.0,4578.0,199.0,0.0,42.2222,69.1206,1460.0,0.0,658.5,682.6547,368088.0,1300199.698,4984945.0,3.0,5689996.0,751129.75,1772752.228,4984945.0,3.0,487054.0,64234.8,119976.964,231810.0,48.0,0,0,0,0,0.0,1460.0,0,0,0,1,0,0,0,0,0.0,325.2857,42.2222,658.5,0,0,0,0,0,0,9,380,6,4578,8192,946,8,20,0.0,0.0,0.0,0.0,0.0,0.0,0.0,0.0
443,53505,6,6.0,6.0,6.0,6.0,6.0,0.0,6.0,6.0,6.0,0.0,72.0,0.0,72.0,72.0,0.0,0.0,0.0,0.0,0.0,0.0,0.0,0.0,0.0,0.0,0,0,0,0,6.0,6.0,0,0,0,0,1,1,0,0,1.0,9.0,6.0,6.0,0,0,0,0,0,0,1,6,1,6,31258,63927,0,20,0.0,0.0,0.0,0.0,0.0,0.0,0.0,0.0
39676,53,17,88.0,472.0,44.0,44.0,44.0,0.0,236.0,236.0,236.0,0.0,64.66,100.077,178.0,3.0,3.0,3.0,0.0,3.0,3.0,4.0,4.0,0.0,4.0,4.0,0,0,0,0,44.0,236.0,0,0,0,0,0,0,0,0,1.0,151.0,44.0,236.0,0,0,0,0,0,0,2,88,2,472,-1,-1,1,32,0.0,0.0,0.0,0.0,0.0,0.0,0.0,0.0
58228,53,17,128.0,502.0,32.0,32.0,32.0,0.0,121.0,121.0,121.0,0.0,38379.85,45332.531,198030.0,1.0,252148.0,77342.33,136381.319,258131.0,1.0,102691.0,30630.33,55422.95,102686.0,1.0,0,0,0,0,32.0,121.0,0,0,0,0,0,0,0,0,1.0,82.0,32.0,121.0,0,0,0,0,0,0,4,128,4,502,-1,-1,3,20,0.0,0.0,0.0,0.0,0.0,0.0,0.0,0.0
61459,53,17,55.0,71.0,55.0,55.0,55.0,0.0,71.0,71.0,71.0,0.0,61739.0,0.0,61739.0,61739.0,0.0,0.0,0.0,0.0,0.0,0.0,0.0,0.0,0.0,0.0,0,0,0,0,55.0,71.0,0,0,0,0,0,0,0,0,1.0,90.5,55.0,71.0,0,0,0,0,0,0,1,55,1,71,-1,-1,0,32,0.0,0.0,0.0,0.0,0.0,0.0,0.0,0.0
46358,80,6,1677.0,8917.0,735.0,0.0,297.8571,390.1618,1686.0,0.0,798.5,924.8986,12262.1,16130.705,36466.0,28.0,166132.0,33548.33,12232.136,36189.0,33.0,132574.0,24774.33,24166.864,36627.0,253.0,0,0,0,0,0.0,1686.0,0,0,0,1,0,0,0,0,1.0,588.075,297.8571,798.5,0,0,0,0,0,0,7,1677,10,8917,29200,1013,2,32,0.0,0.0,0.0,0.0,0.0,0.0,0.0,0.0
47872,443,6,123.0,46.0,46.0,0.0,24.6,23.2766,46.0,46.0,46.0,0.0,899965.0,1784584.609,3961342.0,12.0,3199932.0,1094983.5,1901765.349,3961342.0,12.0,0.0,0.0,0.0,0.0,0.0,1,0,0,0,0.0,46.0,0,1,0,0,1,0,0,0,0.0,35.8333,24.6,46.0,0,0,0,0,0,0,5,123,1,46,332,357,2,32,0.0,0.0,0.0,0.0,0.0,0.0,0.0,0.0
80,49724,6,0.0,0.0,0.0,0.0,0.0,0.0,0.0,0.0,0.0,0.0,40.0,0.0,40.0,40.0,0.0,0.0,0.0,0.0,0.0,0.0,0.0,0.0,0.0,0.0,0,0,0,0,0.0,0.0,0,0,0,0,1,1,0,0,1.0,0.0,0.0,0.0,0,0,0,0,0,0,1,0,1,0,939,237,0,32,0.0,0.0,0.0,0.0,0.0,0.0,0.0,0.0
50710,80,6,430.0,2256.0,430.0,0.0,143.3333,248.2606,2254.0,0.0,569.5,1131.0,11374.66,16781.896,32731.0,4.0,32957.0,16478.5,20931.148,32876.0,153.0,31010.0,10606.0,18404.752,35026.0,4.0,0,0,0,0,0.0,2254.0,0,0,0,1,0,0,0,0,1.0,386.2857,143.3333,569.5,0,0,0,0,0,0,3,430,4,2256,29200,237,1,32,0.0,0.0,0.0,0.0,0.0,0.0,0.0,0.0
61792,53,17,73.0,474.0,73.0,73.0,73.0,0.0,274.0,274.0,274.0,0.0,30949.0,0.0,30949.0,30949.0,0.0,0.0,0.0,0.0,0.0,0.0,0.0,0.0,0.0,0.0,0,0,0,0,73.0,274.0,0,0,0,0,0,0,0,0,1.0,170.0,73.0,274.0,0,0,0,0,0,0,1,73,1,474,-1,-1,0,20,0.0,0.0,0.0,0.0,0.0,0.0,0.0,0.0
443,58137,6,37.0,0.0,31.0,6.0,18.5,17.6777,0.0,0.0,0.0,0.0,3.0,0.0,3.0,3.0,3.0,3.0,0.0,3.0,3.0,0.0,0.0,0.0,0.0,0.0,1,0,0,0,6.0,31.0,0,1,0,0,1,0,0,0,0.0,34.0,18.5,0.0,0,0,0,0,0,0,2,37,0,0,30110,-1,1,20,0.0,0.0,0.0,0.0,0.0,0.0,0.0,0.0
52314,80,6,1749.0,345980.0,348.0,0.0,10.4352,88.5116,4380.0,0.0,1904.7496,938.853,77701.1,472365.509,3350163.0,0.0,5852002.0,62008.77,481906.053,3350463.0,48.0,6846787.0,82208.79,893768.279,3350631.0,1.0,0,0,0,0,0.0,4380.0,0,0,0,1,0,0,0,0,2.0,1116.2332,10.4352,1904.7496,0,0,0,0,0,0,454,1749,265,345980,8192,1273,153,20,0.0,0.0,0.0,0.0,0.0,0.0,0.0,0.0
443,52299,6,0.0,18.0,0.0,0.0,0.0,0.0,6.0,6.0,6.0,0.0,43199.25,86137.202,172628.0,1.0,172796.0,172796.0,0.0,172796.0,172796.0,43.0,21.5,36.121,43.0,1.0,0,0,0,0,0.0,6.0,0,0,0,0,1,0,0,0,1.0,3.6,0.0,6.0,0,0,0,0,0,0,2,0,3,18,116,0,0,32,0.0,0.0,0.0,0.0,0.0,0.0,0.0,0.0
443,57330,6,37.0,0.0,37.0,0.0,18.5,26.163,0.0,0.0,0.0,0.0,3.0,0.0,3.0,3.0,3.0,3.0,0.0,3.0,3.0,0.0,0.0,0.0,0.0,0.0,1,0,0,0,0.0,37.0,0,1,0,0,1,0,0,0,0.0,37.0,18.5,0.0,0,0,0,0,0,0,2,37,0,0,115,-1,0,32,0.0,0.0,0.0,0.0,0.0,0.0,0.0,0.0
10364,53,17,70.0,102.0,35.0,35.0,35.0,0.0,51.0,51.0,51.0,0.0,63.66,106.502,184.0,3.0,3.0,3.0,0.0,3.0,3.0,3.0,3.0,0.0,3.0,3.0,0,0,0,0,35.0,51.0,0,0,0,0,0,0,0,0,1.0,51.75,35.0,51.0,0,0,0,0,0,0,2,70,2,102,-1,-1,1,20,0.0,0.0,0.0,0.0,0.0,0.0,0.0,0.0
443,45814,6,31.0,0.0,31.0,0.0,15.5,21.9203,0.0,0.0,0.0,0.0,3.0,0.0,3.0,3.0,3.0,3.0,0.0,3.0,3.0,0.0,0.0,0.0,0.0,0.0,1,0,0,0,0.0,31.0,0,1,0,0,1,0,0,0,0.0,31.0,15.5,0.0,0,0,0,0,0,0,2,31,0,0,59,-1,0,32,0.0,0.0,0.0,0.0,0.0,0.0,0.0,0.0
51408,80,6,473.0,55413.0,361.0,0.0,14.1429,69.904,2796.0,0.0,1477.519,681.6769,338318.33,1834828.152,10011391.0,1.0,10610111.0,804075.27,2607188.221,10211391.0,72.0,20814394.0,604018.05,2346167.485,10243391.0,49.0,0,0,0,0,0.0,2796.0,0,0,0,1,0,0,0,0,1.0,858.1539,14.1429,1477.519,0,0,0,0,0,0,47,473,59,55413,29200,939,1,32,94509.5,12008.686,92389.0,23257.0,10001113.5,10.843,10011393.0,9999107.0
59644,443,6,352.0,3782.0,208.0,0.0,58.6667,87.8605,1460.0,0.0,630.3333,677.2171,11729.81,18954.839,40960.0,49.0,131139.0,26449.8,22607.841,47001.0,84.0,93575.0,17595.0,23030.422,42165.0,49.0,0,0,0,0,0.0,1460.0,0,0,0,1,0,0,0,0,1.0,344.5,58.6667,630.3333,0,0,0,0,0,0,6,352,6,3782,8192,60,5,20,0.0,0.0,0.0,0.0,0.0,0.0,0.0,0.0
57063,53,17,84.0,284.0,42.0,42.0,42.0,0.0,142.0,142.0,142.0,0.0,56.33,90.584,161.0,3.0,4.0,4.0,0.0,4.0,4.0,3.0,3.0,0.0,3.0,3.0,0,0,0,0,42.0,142.0,0,0,0,0,0,0,0,0,1.0,102.5,42.0,142.0,0,0,0,0,0,0,2,84,2,284,-1,-1,1,32,0.0,0.0,0.0,0.0,0.0,0.0,0.0,0.0
58515,53,17,84.0,204.0,42.0,42.0,42.0,0.0,102.0,102.0,102.0,0.0,65.66,26.66,90.0,48.0,48.0,48.0,0.0,48.0,48.0,48.0,48.0,0.0,48.0,48.0,0,0,0,0,42.0,102.0,0,0,0,0,0,0,0,0,1.0,82.5,42.0,102.0,0,0,0,0,0,0,2,84,2,204,-1,-1,1,32,0.0,0.0,0.0,0.0,0.0,0.0,0.0,0.0
49250,443,6,1610.0,1401.0,1368.0,0.0,139.4286,389.0073,1029.0,0.0,237.8333,383.2564,11656.88,13726.446,50745.0,1.0,193290.0,17855.76,23264.394,54677.0,1.0,122907.0,26284.4,29270.128,53634.0,211.0,0,0,0,0,0.0,1368.0,0,0,0,1,0,0,0,0,0.0,164.6389,139.4286,237.8333,0,0,0,0,0,0,14,1610,6,1401,65535,362,6,32,0.0,0.0,0.0,0.0,0.0,0.0,0.0,0.0
41298,53,17,82.0,202.0,41.0,41.0,41.0,0.0,101.0,101.0,101.0,0.0,96193.66,164856.754,278572.0,3.0,3.0,3.0,0.0,3.0,3.0,4.0,4.0,0.0,4.0,4.0,0,0,0,0,41.0,101.0,0,0,0,0,0,0,0,0,1.0,81.25,41.0,101.0,0,0,0,0,0,0,2,82,2,202,-1,-1,1,32,0.0,0.0,0.0,0.0,0.0,0.0,0.0,0.0
36689,80,6,0.0,0.0,0.0,0.0,0.0,0.0,0.0,0.0,0.0,0.0,1821916.33,3156603.972,5450172.0,62.0,5576828.0,2738414.0,3868165.301,5450172.0,23062.0,0.0,0.0,0.0,0.0,0.0,0,0,0,0,0.0,0.0,0,0,0,1,0,0,0,0,0.0,0.0,0.0,0.0,0,0,0,0,0,0,3,0,1,0,29200,28960,0,32,0.0,0.0,0.0,0.0,0.0,0.0,0.0,0.0
60835,53,17,55.0,342.0,55.0,55.0,55.0,0.0,342.0,342.0,342.0,0.0,46284.0,0.0,46284.0,46284.0,0.0,0.0,0.0,0.0,0.0,0.0,0.0,0.0,0.0,0.0,0,0,0,0,55.0,342.0,0,0,0,0,0,0,0,0,1.0,226.0,55.0,342.0,0,0,0,0,0,0,1,55,1,342,-1,-1,0,32,0.0,0.0,0.0,0.0,0.0,0.0,0.0,0.0
443,51113,6,37.0,0.0,37.0,0.0,18.5,26.163,0.0,0.0,0.0,0.0,3.0,0.0,3.0,3.0,3.0,3.0,0.0,3.0,3.0,0.0,0.0,0.0,0.0,0.0,1,0,0,0,0.0,37.0,0,1,0,0,1,0,0,0,0.0,37.0,18.5,0.0,0,0,0,0,0,0,2,37,0,0,1120,-1,0,32,0.0,0.0,0.0,0.0,0.0,0.0,0.0,0.0
49933,443,6,12.0,0.0,6.0,6.0,6.0,0.0,0.0,0.0,0.0,0.0,15719099.0,0.0,15719099.0,15719099.0,15719099.0,15719099.0,0.0,15719099.0,15719099.0,0.0,0.0,0.0,0.0,0.0,0,0,0,0,6.0,6.0,0,0,0,0,1,0,0,0,0.0,9.0,6.0,0.0,0,0,0,0,0,0,2,12,0,0,256,-1,1,20,0.0,0.0,0.0,0.0,0.0,0.0,0.0,0.0
62164,53,17,60.0,168.0,30.0,30.0,30.0,0.0,84.0,84.0,84.0,0.0,30911.66,53645.229,92521.0,3.0,48.0,48.0,0.0,48.0,48.0,3.0,3.0,0.0,3.0,3.0,0,0,0,0,30.0,84.0,0,0,0,0,0,0,0,0,1.0,64.5,30.0,84.0,0,0,0,0,0,0,2,60,2,168,-1,-1,1,44,0.0,0.0,0.0,0.0,0.0,0.0,0.0,0.0
65280,53,17,92.0,284.0,46.0,46.0,46.0,0.0,142.0,142.0,142.0,0.0,52.66,82.753,141.0,3.0,3.0,3.0,0.0,3.0,3.0,3.0,3.0,0.0,3.0,3.0,0,0,0,0,46.0,142.0,0,0,0,0,0,0,0,0,1.0,105.5,46.0,142.0,0,0,0,0,0,0,2,92,2,284,-1,-1,1,20,0.0,0.0,0.0,0.0,0.0,0.0,0.0,0.0
60212,53,17,56.0,84.0,56.0,56.0,56.0,0.0,84.0,84.0,84.0,0.0,50317.0,0.0,50317.0,50317.0,0.0,0.0,0.0,0.0,0.0,0.0,0.0,0.0,0.0,0.0,0,0,0,0,56.0,84.0,0,0,0,0,0,0,0,0,1.0,98.0,56.0,84.0,0,0,0,0,0,0,1,56,1,84,-1,-1,0,20,0.0,0.0,0.0,0.0,0.0,0.0,0.0,0.0
63377,53,17,66.0,98.0,33.0,33.0,33.0,0.0,49.0,49.0,49.0,0.0,91.0,157.711,265.0,3.0,3.0,3.0,0.0,3.0,3.0,3.0,3.0,0.0,3.0,3.0,0,0,0,0,33.0,49.0,0,0,0,0,0,0,0,0,1.0,49.25,33.0,49.0,0,0,0,0,0,0,2,66,2,98,-1,-1,1,20,0.0,0.0,0.0,0.0,0.0,0.0,0.0,0.0
29979,53,17,66.0,326.0,33.0,33.0,33.0,0.0,163.0,163.0,163.0,0.0,68.33,117.582,199.0,1.0,1.0,1.0,0.0,1.0,1.0,3.0,3.0,0.0,3.0,3.0,0,0,0,0,33.0,163.0,0,0,0,0,0,0,0,0,1.0,106.25,33.0,163.0,0,0,0,0,0,0,2,66,2,326,-1,-1,1,32,0.0,0.0,0.0,0.0,0.0,0.0,0.0,0.0
59612,443,6,385.0,3934.0,198.0,0.0,42.0,70.4907,1716.0,0.0,562.8,855.2324,432197.33,1520476.421,5584614.0,3.0,5528161.0,717015.42,1922524.519,5584614.0,3.0,89404.0,12827.5,14565.057,39925.0,47.0,0,0,0,0,0.0,1716.0,0,0,0,1,0,0,0,0,0.0,282.0,42.0,562.8,0,0,0,0,0,0,8,385,5,3934,8192,110,7,20,299547.0,0.0,299547.0,299547.0,5584661.0,0.0,5584661.0,5584661.0
60684,443,6,12.0,0.0,6.0,6.0,6.0,0.0,0.0,0.0,0.0,0.0,3.0,0.0,3.0,3.0,3.0,3.0,0.0,3.0,3.0,0.0,0.0,0.0,0.0,0.0,0,0,0,0,6.0,6.0,1,0,0,0,0,0,0,0,0.0,9.0,6.0,0.0,0,0,0,0,0,0,2,12,0,0,0,-1,1,20,0.0,0.0,0.0,0.0,0.0,0.0,0.0,0.0
62161,53,17,56.0,92.0,56.0,56.0,56.0,0.0,92.0,92.0,92.0,0.0,30966.0,0.0,30966.0,30966.0,0.0,0.0,0.0,0.0,0.0,0.0,0.0,0.0,0.0,0.0,0,0,0,0,56.0,92.0,0,0,0,0,0,0,0,0,1.0,102.0,56.0,92.0,0,0,0,0,0,0,1,56,1,92,-1,-1,0,20,0.0,0.0,0.0,0.0,0.0,0.0,0.0,0.0
443,44596,6,31.0,0.0,31.0,0.0,10.3333,17.8979,0.0,0.0,0.0,0.0,154.5,379.846,267.0,4.0,209.0,104.5,129.043,207.0,4.0,0.0,0.0,0.0,0.0,0.0,0,0,0,0,0.0,31.0,0,0,0,0,1,0,0,0,0.0,10.3333,10.3333,0.0,0,0,0,0,0,0,3,31,0,0,295,-1,1,32,0.0,0.0,0.0,0.0,0.0,0.0,0.0,0.0
50862,53,17,164.0,252.0,41.0,41.0,41.0,0.0,126.0,126.0,126.0,0.0,6152.2,13585.783,30580.0,3.0,30584.0,10168.33,17643.292,30580.0,3.0,2.0,2.0,0.0,2.0,2.0,0,0,0,0,41.0,126.0,0,0,0,0,0,0,0,0,0.0,75.5,41.0,126.0,0,0,0,0,0,0,4,164,2,252,-1,-1,3,20,0.0,0.0,0.0,0.0,0.0,0.0,0.0,0.0
58818,53,17,104.0,220.0,52.0,52.0,52.0,0.0,110.0,110.0,110.0,0.0,72.0,124.3,219.0,3.0,3.0,3.0,0.0,3.0,3.0,3.0,3.0,0.0,3.0,3.0,0,0,0,0,52.0,110.0,0,0,0,0,0,0,0,0,1.0,94.0,52.0,110.0,0,0,0,0,0,0,2,104,2,220,-1,-1,1,32,0.0,0.0,0.0,0.0,0.0,0.0,0.0,0.0
61278,53,17,69.0,133.0,69.0,69.0,69.0,0.0,133.0,133.0,133.0,0.0,30869.0,0.0,30869.0,30869.0,0.0,0.0,0.0,0.0,0.0,0.0,0.0,0.0,0.0,0.0,0,0,0,0,69.0,133.0,0,0,0,0,0,0,0,0,1.0,135.5,69.0,133.0,0,0,0,0,0,0,1,69,1,133,-1,-1,0,32,0.0,0.0,0.0,0.0,0.0,0.0,0.0,0.0
48546,80,6,6.0,6.0,6.0,6.0,6.0,0.0,6.0,6.0,6.0,0.0,166062.0,0.0,166062.0,166062.0,0.0,0.0,0.0,0.0,0.0,0.0,0.0,0.0,0.0,0.0,0,0,0,0,6.0,6.0,0,0,0,0,1,1,0,0,1.0,9.0,6.0,6.0,0,0,0,0,0,0,1,6,1,6,256,67,0,20,0.0,0.0,0.0,0.0,0.0,0.0,0.0,0.0
49452,53,17,62.0,254.0,31.0,31.0,31.0,0.0,127.0,127.0,127.0,0.0,63.66,101.036,184.0,3.0,3.0,3.0,0.0,3.0,3.0,4.0,4.0,0.0,4.0,4.0,0,0,0,0,31.0,127.0,0,0,0,0,0,0,0,0,1.0,86.75,31.0,127.0,0,0,0,0,0,0,2,62,2,254,-1,-1,1,32,0.0,0.0,0.0,0.0,0.0,0.0,0.0,0.0
60724,443,6,18.0,0.0,6.0,6.0,6.0,0.0,0.0,0.0,0.0,0.0,65.66,118.717,201.0,1.0,207.0,103.5,174.364,206.0,1.0,0.0,0.0,0.0,0.0,0.0,0,0,0,0,0.0,6.0,1,0,0,0,0,0,0,0,0.0,6.0,6.0,0.0,0,0,0,0,0,0,3,18,1,0,0,972,2,20,0.0,0.0,0.0,0.0,0.0,0.0,0.0,0.0
43961,443,6,1729.0,3270.0,832.0,0.0,106.1333,235.3361,1561.0,0.0,237.125,465.4393,2967027.52,4576870.473,10011350.0,44.0,114415818.0,5086497.06,4990871.482,10107941.0,68.0,114432193.0,6680818.78,4976820.252,10165813.0,214.0,0,0,0,0,0.0,1561.0,0,0,0,1,0,0,0,0,0.0,159.3615,106.1333,237.125,0,0,0,0,0,0,22,1729,19,3270,29200,65,4,32,182297.81,343182.092,1787295.0,50733.0,10003347.36,4651.849,10011359.0,9960093.0
52741,443,6,1204.0,5857.0,412.0,0.0,59.4,113.4257,1481.0,0.0,362.2308,576.5252,2896851.47,4545643.827,10232040.0,54.0,115629760.0,5425973.14,5282913.17,10240024.0,87.0,112668807.0,5813485.94,5199709.871,10240219.0,172.0,0,0,0,0,0.0,1481.0,0,0,0,1,0,0,0,0,0.0,178.6183,59.4,362.2308,0,0,0,0,0,0,25,1204,22,5857,29200,5129,5,32,41983.27,65773.908,291516.0,22988.0,10217168.72,81541.494,10232047.0,10003062.0
59823,443,6,810.0,6855.0,441.0,0.0,58.5714,129.161,2920.0,0.0,871.0909,1006.5748,6726.0,10573.512,35333.0,1.0,172145.0,10529.92,13064.372,36897.0,1.0,114493.0,10929.5,25936.867,44545.0,192.0,0,0,0,0,0.0,2920.0,0,0,0,1,0,0,0,0,0.0,371.0818,58.5714,871.0909,0,0,0,0,0,0,14,810,7,6855,65535,61,13,20,0.0,0.0,0.0,0.0,0.0,0.0,0.0,0.0
62374,443,6,0.0,0.0,0.0,0.0,0.0,0.0,0.0,0.0,0.0,0.0,28649.5,37894.721,55496.0,40.0,49.0,49.0,0.0,49.0,49.0,0.0,0.0,0.0,0.0,0.0,0,0,0,0,0.0,0.0,0,0,0,0,1,1,0,0,0.0,0.0,0.0,0.0,0,0,0,0,0,0,2,0,1,0,32832,357,0,32,0.0,0.0,0.0,0.0,0.0,0.0,0.0,0.0
443,55001,6,0.0,0.0,0.0,0.0,0.0,0.0,0.0,0.0,0.0,0.0,58.0,0.0,58.0,58.0,0.0,0.0,0.0,0.0,0.0,0.0,0.0,0.0,0.0,0.0,0,0,0,0,0.0,0.0,0,0,0,0,1,0,0,0,1.0,0.0,0.0,0.0,0,0,0,0,0,0,1,0,1,0,114,33304,0,32,0.0,0.0,0.0,0.0,0.0,0.0,0.0,0.0
52386,22,6,2222.0,6638.0,408.0,0.0,74.9143,105.281,976.0,0.0,167.5714,323.1738,17744.67,104538.017,953062.0,0.0,1329823.0,30966.27,161536.495,996484.0,3.0,386171.0,8764.09,25884.067,93122.0,1.0,0,0,0,0,0.0,976.0,0,0,0,1,0,0,0,0,1.0,125.4529,74.9143,167.5714,0,0,0,0,0,0,28,2222,42,6638,8192,245,26,20,0.0,0.0,0.0,0.0,0.0,0.0,0.0,0.0
53036,443,6,1392.0,3832.0,857.0,0.0,147.4444,270.7925,1460.0,0.0,512.3333,645.472,24030.7,31124.739,86778.0,4.0,387249.0,31215.12,46794.31,100672.0,144.0,322358.0,45711.6,49540.863,115684.0,4.0,0,0,0,0,0.0,1460.0,0,0,0,1,0,0,0,0,0.0,301.5714,147.4444,512.3333,0,0,0,0,0,0,9,1392,6,3832,8192,120,7,20,0.0,0.0,0.0,0.0,0.0,0.0,0.0,0.0
61879,53,17,54.0,114.0,54.0,54.0,54.0,0.0,114.0,114.0,114.0,0.0,584.0,0.0,584.0,584.0,0.0,0.0,0.0,0.0,0.0,0.0,0.0,0.0,0.0,0.0,0,0,0,0,54.0,114.0,0,0,0,0,0,0,0,0,1.0,111.0,54.0,114.0,0,0,0,0,0,0,1,54,1,114,-1,-1,0,20,0.0,0.0,0.0,0.0,0.0,0.0,0.0,0.0
60997,53,17,54.0,116.0,54.0,54.0,54.0,0.0,116.0,116.0,116.0,0.0,48226.0,0.0,48226.0,48226.0,0.0,0.0,0.0,0.0,0.0,0.0,0.0,0.0,0.0,0.0,0,0,0,0,54.0,116.0,0,0,0,0,0,0,0,0,1.0,112.0,54.0,116.0,0,0,0,0,0,0,1,54,1,116,-1,-1,0,20,0.0,0.0,0.0,0.0,0.0,0.0,0.0,0.0
443,55969,6,37.0,0.0,37.0,0.0,18.5,26.163,0.0,0.0,0.0,0.0,3.0,0.0,3.0,3.0,3.0,3.0,0.0,3.0,3.0,0.0,0.0,0.0,0.0,0.0,1,0,0,0,0.0,37.0,0,1,0,0,1,0,0,0,0.0,37.0,18.5,0.0,0,0,0,0,0,0,2,37,0,0,1116,-1,0,32,0.0,0.0,0.0,0.0,0.0,0.0,0.0,0.0
52099,53,17,184.0,370.0,46.0,46.0,46.0,0.0,185.0,185.0,185.0,0.0,12009.6,16665.243,30518.0,4.0,30727.0,10249.33,17623.486,30718.0,4.0,4.0,4.0,0.0,4.0,4.0,0,0,0,0,46.0,185.0,0,0,0,0,0,0,0,0,0.0,96.0,46.0,185.0,0,0,0,0,0,0,4,184,2,370,-1,-1,3,20,0.0,0.0,0.0,0.0,0.0,0.0,0.0,0.0
45801,53,17,68.0,100.0,34.0,34.0,34.0,0.0,50.0,50.0,50.0,0.0,47.0,74.045,136.0,3.0,3.0,3.0,0.0,3.0,3.0,4.0,4.0,0.0,4.0,4.0,0,0,0,0,34.0,50.0,0,0,0,0,0,0,0,0,1.0,50.5,34.0,50.0,0,0,0,0,0,0,2,68,2,100,-1,-1,1,40,0.0,0.0,0.0,0.0,0.0,0.0,0.0,0.0
54337,443,6,713.0,15619.0,337.0,0.0,18.1667,63.7953,2920.0,0.0,780.4583,965.6775,2102496.0,4021039.29,10023260.0,2.0,115766867.0,4233741.32,4971797.293,10048046.0,4.0,110680069.0,4265233.54,5083554.134,10048279.0,48.0,0,0,0,0,0.0,2920.0,0,0,0,1,0,0,0,0,1.0,358.4667,18.1667,780.4583,0,0,0,0,0,0,24,713,27,15619,8192,123,23,20,25556.08,31154.307,73395.0,22913.0,9601372.08,1429880.624,10023265.0,5206865.0
52771,443,6,12.0,0.0,6.0,6.0,6.0,0.0,0.0,0.0,0.0,0.0,48.0,0.0,48.0,48.0,48.0,48.0,0.0,48.0,48.0,0.0,0.0,0.0,0.0,0.0,0,0,0,0,6.0,6.0,1,0,0,0,0,0,0,0,0.0,9.0,6.0,0.0,0,0,0,0,0,0,2,12,0,0,0,-1,1,20,0.0,0.0,0.0,0.0,0.0,0.0,0.0,0.0
443,51820,6,0.0,0.0,0.0,0.0,0.0,0.0,0.0,0.0,0.0,0.0,49.0,0.0,49.0,49.0,0.0,0.0,0.0,0.0,0.0,0.0,0.0,0.0,0.0,0.0,0,0,0,0,0.0,0.0,0,0,0,0,1,1,0,0,1.0,0.0,0.0,0.0,0,0,0,0,0,0,1,0,1,0,125,354,0,32,0.0,0.0,0.0,0.0,0.0,0.0,0.0,0.0
443,56946,6,37.0,0.0,31.0,6.0,18.5,17.6777,0.0,0.0,0.0,0.0,4.0,0.0,4.0,4.0,4.0,4.0,0.0,4.0,4.0,0.0,0.0,0.0,0.0,0.0,1,0,0,0,6.0,31.0,0,1,0,0,1,0,0,0,0.0,34.0,18.5,0.0,0,0,0,0,0,0,2,37,0,0,85,-1,1,20,0.0,0.0,0.0,0.0,0.0,0.0,0.0,0.0
48720,443,6,3174.0,7321.0,3684.0,0.0,573.2857,2588.7453,1448.0,0.0,685.7273,728.7371,507676.92,2273668.654,9957335.0,3.0,70186.0,12561.66,6308.393,66038.0,49.0,10069947.0,1255596.87,3019610.083,9997857.0,3.0,0,0,0,0,0.0,3684.0,0,0,0,1,0,0,0,0,1.0,696.2429,573.2857,685.7273,0,0,0,0,0,0,7,3174,11,7321,29200,78,3,32,0.0,0.0,0.0,0.0,0.0,0.0,0.0,0.0
58064,443,6,854.0,5947.0,464.0,0.0,62.4,131.3485,1839.0,0.0,641.875,792.9495,12892.3,20440.558,82599.0,1.0,308626.0,21355.91,28105.115,89169.0,1.0,247227.0,30864.14,45071.716,90655.0,50.0,0,0,0,0,0.0,1839.0,0,0,0,1,0,0,0,0,0.0,297.04,62.4,641.875,0,0,0,0,0,0,15,854,8,5947,65535,114,6,32,0.0,0.0,0.0,0.0,0.0,0.0,0.0,0.0
51847,80,6,1286.0,49074.0,705.0,0.0,102.6952,249.9224,3091.0,0.0,1514.4222,942.7683,10628.21,32705.477,260643.0,3.0,342241.0,26049.36,54632.192,260643.0,4.0,313843.0,10212.41,28290.949,261994.0,48.0,0,0,0,0,0.0,3091.0,0,0,0,1,0,0,0,0,1.0,896.092,102.6952,1514.4222,0,0,0,0,0,0,26,1286,33,49074,65535,149,3,32,0.0,0.0,0.0,0.0,0.0,0.0,0.0,0.0
443,55450,6,0.0,0.0,0.0,0.0,0.0,0.0,0.0,0.0,0.0,0.0,43558.0,61904.005,87118.0,50.0,87274.0,87274.0,0.0,87274.0,87274.0,0.0,0.0,0.0,0.0,0.0,0,0,0,0,0.0,0.0,0,0,0,0,1,1,0,0,0.0,0.0,0.0,0.0,0,0,0,0,0,0,2,0,1,0,122,33304,0,32,0.0,0.0,0.0,0.0,0.0,0.0,0.0,0.0
63215,443,6,356.0,3782.0,212.0,0.0,59.3333,89.2248,1460.0,0.0,630.3333,677.2171,23919.09,39004.529,86842.0,17.0,263085.0,52131.0,46640.78,88325.0,54.0,177437.0,35626.4,47785.953,99306.0,48.0,0,0,0,0,0.0,1460.0,0,0,0,1,0,0,0,0,1.0,344.8333,59.3333,630.3333,0,0,0,0,0,0,6,356,6,3782,8192,60,5,20,0.0,0.0,0.0,0.0,0.0,0.0,0.0,0.0
123,123,17,48.0,48.0,48.0,48.0,48.0,0.0,48.0,48.0,48.0,0.0,16801.0,0.0,16801.0,16801.0,0.0,0.0,0.0,0.0,0.0,0.0,0.0,0.0,0.0,0.0,0,0,0,0,48.0,48.0,0,0,0,0,0,0,0,0,1.0,72.0,48.0,48.0,0,0,0,0,0,0,1,48,1,48,-1,-1,0,20,0.0,0.0,0.0,0.0,0.0,0.0,0.0,0.0
50850,443,6,37.0,0.0,37.0,0.0,9.25,18.5,0.0,0.0,0.0,0.0,6384269.33,11781766.154,17411730.0,3.0,17441808.0,6144666.66,17683861.853,17411730.0,3.0,0.0,0.0,0.0,0.0,0.0,0,0,0,0,0.0,37.0,0,0,0,0,1,0,0,0,0.0,9.25,9.25,0.0,0,0,0,0,0,0,4,37,0,0,33285,-1,1,32,0.0,0.0,0.0,0.0,17411712.0,0.0,17411732.0,17411712.0
62499,443,6,74.0,0.0,37.0,37.0,37.0,0.0,0.0,0.0,0.0,0.0,64062743.0,0.0,64062743.0,64062743.0,64062743.0,64062743.0,0.0,64062743.0,64062743.0,0.0,0.0,0.0,0.0,0.0,1,0,0,0,37.0,37.0,0,1,0,0,1,1,0,0,0.0,55.5,37.0,0.0,0,0,0,0,0,0,2,74,0,0,33304,-1,1,32,0.0,0.0,0.0,0.0,0.0,0.0,0.0,0.0
51116,53,17,68.0,182.0,34.0,34.0,34.0,0.0,91.0,91.0,91.0,0.0,10364.0,17911.161,31080.0,3.0,3.0,3.0,0.0,3.0,3.0,4.0,4.0,0.0,4.0,4.0,0,0,0,0,34.0,91.0,0,0,0,0,0,0,0,0,1.0,71.0,34.0,91.0,0,0,0,0,0,0,2,68,2,182,-1,-1,1,32,0.0,0.0,0.0,0.0,0.0,0.0,0.0,0.0
19100,53,17,86.0,228.0,43.0,43.0,43.0,0.0,114.0,114.0,114.0,0.0,78.66,51.552,139.0,48.0,49.0,49.0,0.0,49.0,49.0,48.0,48.0,0.0,48.0,48.0,0,0,0,0,43.0,114.0,0,0,0,0,0,0,0,0,1.0,89.25,43.0,114.0,0,0,0,0,0,0,2,86,2,228,-1,-1,1,32,0.0,0.0,0.0,0.0,0.0,0.0,0.0,0.0
59333,443,6,6.0,6.0,6.0,6.0,6.0,0.0,6.0,6.0,6.0,0.0,30475.0,0.0,30475.0,30475.0,0.0,0.0,0.0,0.0,0.0,0.0,0.0,0.0,0.0,0.0,0,0,0,0,6.0,6.0,1,0,0,0,1,0,0,0,1.0,9.0,6.0,6.0,0,0,0,0,0,0,1,6,1,6,0,62,0,20,0.0,0.0,0.0,0.0,0.0,0.0,0.0,0.0
54818,443,6,12.0,0.0,6.0,6.0,6.0,0.0,0.0,0.0,0.0,0.0,162.0,0.0,162.0,162.0,162.0,162.0,0.0,162.0,162.0,0.0,0.0,0.0,0.0,0.0,0,0,0,0,6.0,6.0,0,0,0,0,1,0,0,0,0.0,9.0,6.0,0.0,0,0,0,0,0,0,2,12,0,0,63809,-1,1,20,0.0,0.0,0.0,0.0,0.0,0.0,0.0,0.0
63410,80,6,1896.0,2524.0,437.0,0.0,74.2222,159.2169,744.0,0.0,140.25,200.8123,3099298.2,4501357.322,10003576.0,17.0,118211394.0,5680330.31,4885403.088,10025453.0,6517.0,112269330.0,6019658.55,4809839.583,10020254.0,20323.0,0,0,0,0,0.0,744.0,0,0,0,1,0,0,0,0,0.0,104.9151,74.2222,140.25,0,0,0,0,0,0,28,1896,16,2524,8192,367,27,20,269509.54,888198.575,2720033.0,36293.0,10000569.45,3147.101,10003571.0,9996924.0
55324,53,17,228.0,388.0,64.0,64.0,64.0,0.0,194.0,194.0,194.0,0.0,13585.0,23988.45,55617.0,3.0,25565.0,8521.33,14292.676,25567.0,3.0,3.0,3.0,0.0,3.0,3.0,0,0,0,0,64.0,194.0,0,0,0,0,0,0,0,0,0.0,127.6667,64.0,194.0,0,0,0,0,0,0,4,228,2,388,-1,-1,3,20,0.0,0.0,0.0,0.0,0.0,0.0,0.0,0.0
65175,53,17,72.0,486.0,36.0,36.0,36.0,0.0,243.0,243.0,243.0,0.0,86.33,141.442,255.0,4.0,4.0,4.0,0.0,4.0,4.0,4.0,4.0,0.0,4.0,4.0,0,0,0,0,36.0,243.0,0,0,0,0,0,0,0,0,1.0,148.5,36.0,243.0,0,0,0,0,0,0,2,72,2,486,-1,-1,1,32,0.0,0.0,0.0,0.0,0.0,0.0,0.0,0.0
123,123,17,48.0,48.0,48.0,48.0,48.0,0.0,48.0,48.0,48.0,0.0,42685.0,0.0,42685.0,42685.0,0.0,0.0,0.0,0.0,0.0,0.0,0.0,0.0,0.0,0.0,0,0,0,0,48.0,48.0,0,0,0,0,0,0,0,0,1.0,72.0,48.0,48.0,0,0,0,0,0,0,1,48,1,48,-1,-1,0,32,0.0,0.0,0.0,0.0,0.0,0.0,0.0,0.0
49300,53,17,68.0,690.0,34.0,34.0,34.0,0.0,345.0,345.0,345.0,0.0,50914.33,87671.961,152741.0,3.0,4.0,4.0,0.0,4.0,4.0,3.0,3.0,0.0,3.0,3.0,0,0,0,0,34.0,345.0,0,0,0,0,0,0,0,0,1.0,198.0,34.0,345.0,0,0,0,0,0,0,2,68,2,690,-1,-1,1,20,0.0,0.0,0.0,0.0,0.0,0.0,0.0,0.0
37870,52186,6,18.0,0.0,6.0,0.0,4.5,3.0,0.0,0.0,0.0,0.0,209.0,11.414,424.0,0.0,504.0,168.0,143.935,504.0,0.0,0.0,0.0,0.0,0.0,0.0,0,0,0,0,0.0,6.0,0,0,0,0,1,1,0,0,0.0,3.6,4.5,0.0,0,0,0,0,0,0,4,18,1,0,389,272,3,20,0.0,0.0,0.0,0.0,0.0,0.0,0.0,0.0
57278,443,6,29.0,0.0,29.0,0.0,5.8,12.9692,0.0,0.0,0.0,0.0,1434.5,2450.528,5972.0,1.0,5059.0,1532.75,2210.502,5972.0,1.0,0.0,0.0,0.0,0.0,0.0,0,0,0,0,0.0,29.0,0,0,0,0,1,0,0,0,0.0,5.8,5.8,0.0,0,0,0,0,0,0,5,29,0,0,33061,-1,1,32,0.0,0.0,0.0,0.0,0.0,0.0,0.0,0.0
65202,443,6,928.0,943.0,677.0,0.0,92.8,210.97,805.0,0.0,188.6,342.721,30243.28,40251.817,136037.0,4.0,475361.0,58442.0,63326.312,236750.0,4.0,423524.0,60738.0,70964.122,129894.0,574.0,0,0,0,0,0.0,805.0,0,0,0,1,0,0,0,0,0.0,124.8,92.8,188.6,0,0,0,0,0,0,10,928,5,943,65535,351,5,32,0.0,0.0,0.0,0.0,0.0,0.0,0.0,0.0
443,59891,6,0.0,0.0,0.0,0.0,0.0,0.0,0.0,0.0,0.0,0.0,46.0,0.0,46.0,46.0,0.0,0.0,0.0,0.0,0.0,0.0,0.0,0.0,0.0,0.0,0,0,0,0,0.0,0.0,0,0,0,0,1,0,0,0,1.0,0.0,0.0,0.0,0,0,0,0,0,0,1,0,1,0,370,32832,0,32,0.0,0.0,0.0,0.0,0.0,0.0,0.0,0.0
62423,53,17,46.0,74.0,46.0,46.0,46.0,0.0,74.0,74.0,74.0,0.0,23349.0,0.0,23349.0,23349.0,0.0,0.0,0.0,0.0,0.0,0.0,0.0,0.0,0.0,0.0,0,0,0,0,46.0,74.0,0,0,0,0,0,0,0,0,1.0,83.0,46.0,74.0,0,0,0,0,0,0,1,46,1,74,-1,-1,0,32,0.0,0.0,0.0,0.0,0.0,0.0,0.0,0.0
51861,443,6,1188.0,87153.0,264.0,0.0,20.4,63.9182,2920.0,0.0,1396.3769,1005.5226,16393.59,66379.658,332415.0,1.0,964905.0,42170.56,83278.359,434415.0,1.0,864951.0,10145.18,54540.837,385005.0,2.0,0,0,0,0,0.0,2920.0,0,0,0,1,0,0,0,0,1.0,877.5959,20.4,1396.3769,0,0,0,0,0,0,40,1188,76,87153,8192,68,49,20,0.0,0.0,0.0,0.0,0.0,0.0,0.0,0.0
54150,80,6,14308.0,2821.0,2478.0,0.0,677.85,903.4435,807.0,0.0,239.4444,355.5354,2577820.41,4385574.148,10004671.0,52.0,115855266.0,5095454.44,4859382.354,10131256.0,379.0,110744571.0,5511968.13,5108981.447,10138691.0,1121.0,0,0,0,0,0.0,2478.0,0,0,0,1,0,0,0,0,1.0,487.2115,677.85,239.4444,0,0,0,0,0,0,25,14308,37,2821,8192,114,24,20,682747.81,2741571.992,5338065.0,34925.0,9997815.41,79288.76,10004672.0,9696514.0
55318,443,6,974.0,7387.0,469.0,0.0,64.9333,134.266,1581.0,0.0,738.7,750.4129,13191.13,25058.029,92830.0,1.0,318781.0,23874.0,38122.426,106546.0,1.0,253310.0,24842.22,48022.607,111304.0,2.0,0,0,0,0,0.0,1581.0,0,0,0,1,0,0,0,0,0.0,334.44,64.9333,738.7,0,0,0,0,0,0,15,974,10,7387,65535,357,6,32,0.0,0.0,0.0,0.0,0.0,0.0,0.0,0.0
63588,53,17,60.0,264.0,30.0,30.0,30.0,0.0,132.0,132.0,132.0,0.0,19381.33,34108.136,57133.0,2.0,2.0,2.0,0.0,2.0,2.0,3.0,3.0,0.0,3.0,3.0,0,0,0,0,30.0,132.0,0,0,0,0,0,0,0,0,1.0,88.5,30.0,132.0,0,0,0,0,0,0,2,60,2,264,-1,-1,1,32,0.0,0.0,0.0,0.0,0.0,0.0,0.0,0.0
80,50310,6,6.0,6.0,6.0,6.0,6.0,0.0,6.0,6.0,6.0,0.0,87.0,0.0,87.0,87.0,0.0,0.0,0.0,0.0,0.0,0.0,0.0,0.0,0.0,0.0,0,0,0,0,6.0,6.0,0,0,0,0,1,1,0,0,1.0,9.0,6.0,6.0,0,0,0,0,0,0,1,6,1,6,8190,64227,0,20,0.0,0.0,0.0,0.0,0.0,0.0,0.0,0.0
51882,443,6,12.0,0.0,6.0,6.0,6.0,0.0,0.0,0.0,0.0,0.0,3.0,0.0,3.0,3.0,3.0,3.0,0.0,3.0,3.0,0.0,0.0,0.0,0.0,0.0,0,0,0,0,6.0,6.0,1,0,0,0,0,0,0,0,0.0,9.0,6.0,0.0,0,0,0,0,0,0,2,12,0,0,0,-1,1,20,0.0,0.0,0.0,0.0,0.0,0.0,0.0,0.0
123,123,17,48.0,48.0,48.0,48.0,48.0,0.0,48.0,48.0,48.0,0.0,81469.0,0.0,81469.0,81469.0,0.0,0.0,0.0,0.0,0.0,0.0,0.0,0.0,0.0,0.0,0,0,0,0,48.0,48.0,0,0,0,0,0,0,0,0,1.0,72.0,48.0,48.0,0,0,0,0,0,0,1,48,1,48,-1,-1,0,32,0.0,0.0,0.0,0.0,0.0,0.0,0.0,0.0
54660,53,17,76.0,108.0,38.0,38.0,38.0,0.0,54.0,54.0,54.0,0.0,20256.0,34914.622,60762.0,3.0,3.0,3.0,0.0,3.0,3.0,4.0,4.0,0.0,4.0,4.0,0,0,0,0,38.0,54.0,0,0,0,0,0,0,0,0,1.0,55.5,38.0,54.0,0,0,0,0,0,0,2,76,2,108,-1,-1,1,20,0.0,0.0,0.0,0.0,0.0,0.0,0.0,0.0
58186,443,6,643.0,1087.0,405.0,0.0,64.3,123.0332,749.0,0.0,217.4,348.7092,8547.28,13199.968,32435.0,3.0,112182.0,12788.33,17145.502,37838.0,3.0,76803.0,18778.75,20968.032,54379.0,3.0,0,0,0,0,0.0,749.0,0,0,0,1,0,0,0,0,0.0,113.5333,64.3,217.4,0,0,0,0,0,0,10,643,5,1087,65535,62,5,32,0.0,0.0,0.0,0.0,0.0,0.0,0.0,0.0
443,44394,6,31.0,0.0,31.0,0.0,10.3333,17.8979,0.0,0.0,0.0,0.0,2.0,2.821,4.0,1.0,5.0,2.5,2.129,4.0,1.0,0.0,0.0,0.0,0.0,0.0,0,0,0,0,0.0,31.0,0,0,0,0,1,0,0,0,0.0,10.3333,10.3333,0.0,0,0,0,0,0,0,3,31,0,0,939,-1,1,32,0.0,0.0,0.0,0.0,0.8,0.0,0.0,0.0
62123,53,17,45.0,77.0,45.0,45.0,45.0,0.0,77.0,77.0,77.0,0.0,30101.0,0.0,30101.0,30101.0,0.0,0.0,0.0,0.0,0.0,0.0,0.0,0.0,0.0,0.0,0,0,0,0,45.0,77.0,0,0,0,0,0,0,0,0,1.0,83.5,45.0,77.0,0,0,0,0,0,0,1,45,1,77,-1,-1,0,40,0.0,0.0,0.0,0.0,0.0,0.0,0.0,0.0
37744,53,17,86.0,222.0,43.0,43.0,43.0,0.0,111.0,111.0,111.0,0.0,74.0,138.685,225.0,1.0,1.0,1.0,0.0,1.0,1.0,1.0,1.0,0.0,1.0,1.0,0,0,0,0,43.0,111.0,0,0,0,0,0,0,0,0,1.0,87.75,43.0,111.0,0,0,0,0,0,0,2,86,2,222,-1,-1,1,20,0.0,0.0,0.0,0.0,0.0,0.0,0.0,0.0
29648,53,17,76.0,172.0,38.0,38.0,38.0,0.0,86.0,86.0,86.0,0.0,20144.0,34924.789,60429.0,3.0,3.0,3.0,0.0,3.0,3.0,4.0,4.0,0.0,4.0,4.0,0,0,0,0,38.0,86.0,0,0,0,0,0,0,0,0,1.0,71.5,38.0,86.0,0,0,0,0,0,0,2,76,2,172,-1,-1,1,32,0.0,0.0,0.0,0.0,0.0,0.0,0.0,0.0
42998,443,6,849.0,14107.0,424.0,0.0,31.9045,83.3524,2896.0,0.0,630.4615,860.6803,2413492.43,4226702.707,10029203.0,3.0,117111948.0,4337335.76,4973633.099,10047999.0,3.0,112128801.0,5020418.25,5132940.156,10048286.0,49.0,0,0,0,0,0.0,2896.0,0,0,0,1,0,0,0,0,0.0,331.2236,31.9045,630.4615,0,0,0,0,0,0,26,849,23,14107,29200,123,5,32,119046.09,483695.287,1425535.0,22847.0,9622194.58,1358368.632,10029207.0,5331444.0
443,49250,6,0.0,0.0,0.0,0.0,0.0,0.0,0.0,0.0,0.0,0.0,54.0,0.0,54.0,54.0,0.0,0.0,0.0,0.0,0.0,0.0,0.0,0.0,0.0,0.0,0,0,0,0,0.0,0.0,0,0,0,0,1,1,0,0,1.0,0.0,0.0,0.0,0,0,0,0,0,0,1,0,1,0,383,245,0,32,0.0,0.0,0.0,0.0,0.0,0.0,0.0,0.0
443,35876,6,0.0,0.0,0.0,0.0,0.0,0.0,0.0,0.0,0.0,0.0,3.0,0.0,3.0,3.0,3.0,3.0,0.0,3.0,3.0,0.0,0.0,0.0,0.0,0.0,0,0,0,0,0.0,0.0,0,0,0,0,1,0,0,0,0.0,0.0,0.0,0.0,0,0,0,0,0,0,2,0,0,0,357,-1,0,32,0.0,0.0,0.0,0.0,0.0,0.0,0.0,0.0
51953,53,17,120.0,112.0,30.0,30.0,30.0,0.0,56.0,56.0,56.0,0.0,10714.4,14917.009,30167.0,3.0,30140.0,10046.33,17438.248,30137.0,3.0,3.0,3.0,0.0,3.0,3.0,0,0,0,0,30.0,56.0,0,0,0,0,0,0,0,0,0.0,42.0,30.0,56.0,0,0,0,0,0,0,4,120,2,112,-1,-1,3,20,0.0,0.0,0.0,0.0,0.0,0.0,0.0,0.0
34208,80,6,0.0,0.0,0.0,0.0,0.0,0.0,0.0,0.0,0.0,0.0,16750.5,18875.214,32628.0,81.0,0.0,0.0,0.0,0.0,0.0,0.0,0.0,0.0,0.0,0.0,0,0,0,0,0.0,0.0,0,0,0,0,1,1,0,0,1.0,0.0,0.0,0.0,0,0,0,0,0,0,1,0,1,0,274,25,0,32,0.0,0.0,0.0,0.0,0.0,0.0,0.0,0.0
64279,53,17,116.0,100.0,29.0,29.0,29.0,0.0,20.0,20.0,20.0,0.0,13138.0,16628.203,39272.0,0.0,39310.0,13100.0,13242.0,39312.0,0.0,4.0,4.0,0.0,4.0,4.0,0,0,0,0,29.0,20.0,0,0,0,0,0,0,0,0,0.0,30.1667,29.0,20.0,0,0,0,0,0,0,4,116,2,100,-1,-1,3,20,0.0,0.0,0.0,0.0,0.0,0.0,0.0,0.0
55165,443,6,881.0,20965.0,412.0,0.0,48.4167,115.5521,2896.0,0.0,1208.0789,937.2152,3599.53,9215.729,33596.0,1.0,114717.0,7954.86,11837.334,33298.0,1.0,171608.0,6980.55,11790.834,35416.0,1.0,0,0,0,0,0.0,2896.0,0,0,0,1,0,0,0,0,1.0,685.4527,48.4167,1208.0789,0,0,0,0,0,0,18,881,19,20965,65535,972,6,32,0.0,0.0,0.0,0.0,0.0,0.0,0.0,0.0
50104,443,6,1444.0,54064.0,517.0,0.0,45.5023,133.5258,4344.0,0.0,1504.2939,1017.2198,76512.37,823575.157,9814798.0,1.0,621687.0,24899.04,33125.362,113660.0,3.0,596020.0,17079.85,43462.223,113162.0,1.0,0,0,0,0,0.0,4344.0,0,0,0,1,0,0,0,0,0.0,800.7843,45.5023,1504.2939,0,0,0,0,0,0,34,1444,37,54064,29200,65,5,32,0.0,0.0,0.0,0.0,0.0,0.0,0.0,0.0
60154,53,17,52.0,115.0,52.0,52.0,52.0,0.0,115.0,115.0,115.0,0.0,76299.0,0.0,76299.0,76299.0,0.0,0.0,0.0,0.0,0.0,0.0,0.0,0.0,0.0,0.0,0,0,0,0,52.0,115.0,0,0,0,0,0,0,0,0,1.0,109.5,52.0,115.0,0,0,0,0,0,0,1,52,1,115,-1,-1,0,20,0.0,0.0,0.0,0.0,0.0,0.0,0.0,0.0
443,53620,6,0.0,0.0,0.0,0.0,0.0,0.0,0.0,0.0,0.0,0.0,62.0,0.0,62.0,62.0,0.0,0.0,0.0,0.0,0.0,0.0,0.0,0.0,0.0,0.0,0,0,0,0,0.0,0.0,0,0,0,0,1,0,0,0,1.0,0.0,0.0,0.0,0,0,0,0,0,0,1,0,1,0,362,32832,0,32,0.0,0.0,0.0,0.0,0.0,0.0,0.0,0.0
80,34562,6,0.0,0.0,0.0,0.0,0.0,0.0,0.0,0.0,0.0,0.0,59.0,0.0,59.0,59.0,0.0,0.0,0.0,0.0,0.0,0.0,0.0,0.0,0.0,0.0,0,0,0,0,0.0,0.0,0,0,0,0,1,1,0,0,1.0,0.0,0.0,0.0,0,0,0,0,0,0,1,0,1,0,905,3229,0,32,0.0,0.0,0.0,0.0,0.0,0.0,0.0,0.0
80,6529,6,6.0,6.0,6.0,6.0,6.0,0.0,6.0,6.0,6.0,0.0,135.0,0.0,135.0,135.0,0.0,0.0,0.0,0.0,0.0,0.0,0.0,0.0,0.0,0.0,0,0,0,0,6.0,6.0,0,0,0,0,1,1,0,0,1.0,9.0,6.0,6.0,0,0,0,0,0,0,1,6,1,6,29,254,0,20,0.0,0.0,0.0,0.0,0.0,0.0,0.0,0.0
60538,53,17,56.0,118.0,56.0,56.0,56.0,0.0,118.0,118.0,118.0,0.0,31166.0,0.0,31166.0,31166.0,0.0,0.0,0.0,0.0,0.0,0.0,0.0,0.0,0.0,0.0,0,0,0,0,56.0,118.0,0,0,0,0,0,0,0,0,1.0,115.0,56.0,118.0,0,0,0,0,0,0,1,56,1,118,-1,-1,0,32,0.0,0.0,0.0,0.0,0.0,0.0,0.0,0.0
60100,53,17,124.0,336.0,31.0,31.0,31.0,0.0,168.0,168.0,168.0,0.0,29708.8,50519.928,109450.0,4.0,92373.0,30794.0,53384.177,92377.0,4.0,4.0,4.0,0.0,4.0,4.0,0,0,0,0,31.0,168.0,0,0,0,0,0,0,0,0,0.0,80.5,31.0,168.0,0,0,0,0,0,0,4,124,2,336,-1,-1,3,32,0.0,0.0,0.0,0.0,0.0,0.0,0.0,0.0
54136,443,6,1406.0,3622.0,769.0,0.0,226.1429,299.6044,2325.0,0.0,665.4,1038.0413,7911.66,11113.278,22476.0,33.0,23695.0,10515.5,16213.905,23107.0,102.0,53054.0,9291.55,13741.451,23998.0,50.0,0,0,0,0,0.0,2325.0,0,0,0,1,0,0,0,0,1.0,431.1333,226.1429,665.4,0,0,0,0,0,0,7,1406,5,3622,8192,132,6,20,0.0,0.0,0.0,0.0,0.0,0.0,0.0,0.0
55332,53,17,84.0,204.0,42.0,42.0,42.0,0.0,102.0,102.0,102.0,0.0,67.33,104.335,196.0,3.0,3.0,3.0,0.0,3.0,3.0,4.0,4.0,0.0,4.0,4.0,0,0,0,0,42.0,102.0,0,0,0,0,0,0,0,0,1.0,82.5,42.0,102.0,0,0,0,0,0,0,2,84,2,204,-1,-1,1,20,0.0,0.0,0.0,0.0,0.0,0.0,0.0,0.0
60677,53,17,56.0,56.0,56.0,56.0,56.0,0.0,56.0,56.0,56.0,0.0,31509.0,0.0,31509.0,31509.0,0.0,0.0,0.0,0.0,0.0,0.0,0.0,0.0,0.0,0.0,0,0,0,0,56.0,56.0,0,0,0,0,0,0,0,0,1.0,84.0,56.0,56.0,0,0,0,0,0,0,1,56,1,56,-1,-1,0,32,0.0,0.0,0.0,0.0,0.0,0.0,0.0,0.0
443,55413,6,6.0,6.0,6.0,6.0,6.0,0.0,6.0,6.0,6.0,0.0,75.0,0.0,75.0,75.0,0.0,0.0,0.0,0.0,0.0,0.0,0.0,0.0,0.0,0.0,0,0,0,0,6.0,6.0,0,0,0,0,1,1,0,0,1.0,9.0,6.0,6.0,0,0,0,0,0,0,1,6,1,6,32,32850,0,20,0.0,0.0,0.0,0.0,0.0,0.0,0.0,0.0
59037,443,6,974.0,7419.0,469.0,0.0,64.9333,134.266,1581.0,0.0,741.9,747.3777,12311.27,24879.371,72666.0,1.0,298451.0,20036.54,29423.978,71964.0,1.0,233592.0,24852.22,36908.64,88252.0,2.0,0,0,0,0,0.0,1581.0,0,0,0,1,0,0,0,0,0.0,335.72,64.9333,741.9,0,0,0,0,0,0,15,974,15,7419,65535,357,6,32,0.0,0.0,0.0,0.0,0.0,0.0,0.0,0.0
54635,443,6,998.0,3361.0,604.0,0.0,71.8667,146.4234,1498.0,0.0,412.6846,722.6185,77146.7,123779.732,535068.0,19.0,1113946.0,82684.66,176844.16,536068.0,18.0,854240.0,97445.66,108122.112,587096.0,252.0,0,0,0,0,0.0,1498.0,0,0,0,1,0,0,0,0,0.0,204.1417,71.8667,412.6846,0,0,0,0,0,0,12,998,7,3361,65535,115,6,32,0.0,0.0,0.0,0.0,0.0,0.0,0.0,0.0
61019,53,17,140.0,284.0,70.0,70.0,70.0,0.0,142.0,142.0,142.0,0.0,89.0,145.41,250.0,3.0,4.0,4.0,0.0,4.0,4.0,3.0,3.0,0.0,3.0,3.0,0,0,0,0,70.0,142.0,0,0,0,0,0,0,0,0,1.0,116.5,70.0,142.0,0,0,0,0,0,0,2,140,2,284,-1,-1,1,32,0.0,0.0,0.0,0.0,0.0,0.0,0.0,0.0
56068,443,6,759.0,3788.0,517.0,0.0,99.875,176.437,1460.0,0.0,467.25,646.262,682187.0,2457787.814,9799950.0,1.0,958428.0,120727.28,156512.811,868215.0,255.0,10908061.0,1486513.14,3794761.944,9664114.0,1.0,0,0,0,0,0.0,1460.0,0,0,0,1,0,0,0,0,1.0,328.0941,99.875,467.25,0,0,0,0,0,0,8,759,8,3788,8192,62,7,20,398491.0,0.0,398491.0,398491.0,9799982.0,0.0,9799982.0,9799982.0
50276,443,6,352.0,3782.0,208.0,0.0,58.6667,87.8605,1460.0,0.0,630.3333,677.2171,24150.98,39929.752,86860.0,42.0,260609.0,52527.6,46950.862,87347.0,22.0,177021.0,35462.2,46635.314,87049.0,49.0,0,0,0,0,0.0,1460.0,0,0,0,1,0,0,0,0,1.0,344.5,58.6667,630.3333,0,0,0,0,0,0,6,352,6,3782,8192,60,5,20,0.0,0.0,0.0,0.0,0.0,0.0,0.0,0.0
62397,53,17,56.0,84.0,56.0,56.0,56.0,0.0,84.0,84.0,84.0,0.0,31003.0,0.0,31003.0,31003.0,0.0,0.0,0.0,0.0,0.0,0.0,0.0,0.0,0.0,0.0,0,0,0,0,56.0,84.0,0,0,0,0,0,0,0,0,1.0,98.0,56.0,84.0,0,0,0,0,0,0,1,56,1,84,-1,-1,0,20,0.0,0.0,0.0,0.0,0.0,0.0,0.0,0.0
34116,80,6,422.0,2266.0,422.0,0.0,142.0,240.7733,2266.0,0.0,566.5,1133.0,15596.0,16868.694,32277.0,5.0,41248.0,20624.0,127.92,32237.0,11215.0,43691.0,16691.0,18166.412,43473.0,5.0,0,0,0,0,0.0,2266.0,0,0,0,1,0,0,0,0,1.0,384.3714,142.0,566.5,0,0,0,0,0,0,3,422,4,2266,29200,237,1,32,0.0,0.0,0.0,0.0,0.0,0.0,0.0,0.0
62034,80,6,977.0,1492.0,471.0,0.0,92.3125,180.85,746.0,0.0,156.4667,312.4769,2981846.4,4583724.589,10026253.0,46.0,46138610.0,5752777.8,5171586.393,10048094.0,119.0,46228567.0,6368193.11,4722436.56,10047287.0,20427.0,0,0,0,0,0.0,746.0,0,0,0,1,0,0,0,0,0.0,122.1789,92.3125,156.4667,0,0,0,0,0,0,16,977,15,1492,29200,357,2,32,265862.4,411935.233,1809722.0,36186.0,10011489.5,1830.14,10026254.0,9959439.0
60865,53,17,114.0,171.0,57.0,57.0,57.0,0.0,83.0,84.0,85.5,3.663,9547025.0,16499110.107,39506815.0,41356.0,39601351.0,39601351.0,0.0,39601351.0,39601351.0,39603975.0,39603975.0,0.0,39603975.0,39603975.0,0,0,0,0,57.0,83.0,0,0,0,0,0,0,0,0,1.0,81.25,57.0,85.5,0,0,0,0,0,0,2,114,2,171,-1,-1,1,20,47125.0,0.0,47125.0,47125.0,39506873.0,0.0,39506873.0,39506873.0
59976,53,17,92.0,260.0,46.0,46.0,46.0,0.0,130.0,130.0,130.0,0.0,69.0,110.373,205.0,1.0,1.0,1.0,0.0,1.0,1.0,3.0,3.0,0.0,3.0,3.0,0,0,0,0,46.0,130.0,0,0,0,0,0,0,0,0,1.0,99.5,46.0,130.0,0,0,0,0,0,0,2,92,2,260,-1,-1,1,20,0.0,0.0,0.0,0.0,0.0,0.0,0.0,0.0
49961,443,6,29.0,0.0,29.0,0.0,7.25,14.5,0.0,0.0,0.0,0.0,22603.0,38837.576,67397.0,1.0,67429.0,22876.0,37492.537,67397.0,1.0,0.0,0.0,0.0,0.0,0.0,0,0,0,0,0.0,29.0,0,0,0,0,1,0,0,0,0.0,7.25,7.25,0.0,0,0,0,0,0,0,4,29,0,0,33061,-1,1,32,0.0,0.0,0.0,0.0,0.0,0.0,0.0,0.0
48473,80,6,0.0,0.0,0.0,0.0,0.0,0.0,0.0,0.0,0.0,0.0,18153.0,0.0,18153.0,18153.0,18153.0,18153.0,0.0,18153.0,18153.0,0.0,0.0,0.0,0.0,0.0,0,0,0,0,0.0,0.0,0,0,0,0,1,0,0,0,0.0,0.0,0.0,0.0,0,0,0,0,0,0,2,0,0,0,264,-1,0,32,0.0,0.0,0.0,0.0,0.0,0.0,0.0,0.0
58184,443,6,23022.0,14875.0,5995.0,0.0,483.8917,1869.2172,2920.0,0.0,226.6111,564.8205,2733069.63,4423582.201,10017671.0,1.0,116482919.0,5227401.43,5024102.741,10048041.0,49.0,110741847.0,5028272.0,5084442.356,10049152.0,1.0,0,0,0,0,0.0,5995.0,0,0,0,1,0,0,0,0,1.0,353.5933,483.8917,226.6111,0,0,0,0,0,0,35,23022,49,14875,8192,49712,134,20,169726.0,578393.138,1901905.0,30859.0,9607155.91,1262648.005,10017670.0,5200212.0
443,61787,6,12.0,0.0,6.0,6.0,6.0,0.0,0.0,0.0,0.0,0.0,249.0,0.0,249.0,249.0,249.0,249.0,0.0,249.0,249.0,0.0,0.0,0.0,0.0,0.0,0,0,0,0,6.0,6.0,0,0,0,0,1,0,0,0,0.0,9.0,6.0,0.0,0,0,0,0,0,0,2,12,0,0,4969,-1,1,20,0.0,0.0,0.0,0.0,0.0,0.0,0.0,0.0
7819,53,17,84.0,190.0,42.0,42.0,42.0,0.0,95.0,95.0,95.0,0.0,10445.33,18045.98,31335.0,0.0,0.0,0.0,0.0,0.0,0.0,4.0,4.0,0.0,4.0,4.0,0,0,0,0,42.0,95.0,0,0,0,0,0,0,0,0,1.0,79.0,42.0,95.0,0,0,0,0,0,0,2,84,2,190,-1,-1,1,20,0.0,0.0,0.0,0.0,0.0,0.0,0.0,0.0
59223,443,6,135.0,46.0,46.0,6.0,27.0,20.1246,46.0,46.0,46.0,0.0,1103924.6,2448971.894,5458270.0,3.0,5511883.0,1358425.25,2642527.412,5458270.0,3.0,0.0,0.0,0.0,0.0,0.0,1,0,0,0,6.0,46.0,0,1,0,0,1,0,0,0,0.0,37.8333,27.0,46.0,0,0,0,0,0,0,5,135,1,46,256,180,4,20,35752.0,0.0,35752.0,35752.0,5458239.0,0.0,5458279.0,5458239.0
56508,443,6,12.0,0.0,6.0,6.0,6.0,0.0,0.0,0.0,0.0,0.0,102.0,0.0,102.0,102.0,102.0,102.0,0.0,102.0,102.0,0.0,0.0,0.0,0.0,0.0,0,0,0,0,6.0,6.0,0,0,0,0,1,0,0,0,0.0,9.0,6.0,0.0,0,0,0,0,0,0,2,12,0,0,322,-1,1,20,0.0,0.0,0.0,0.0,0.0,0.0,0.0,0.0
51510,443,6,1323.0,71252.0,517.0,0.0,34.2032,129.4012,4380.0,0.0,1419.7842,851.836,1298248.88,8234371.504,58127545.0,0.0,78685135.0,2737077.08,11572129.899,58127597.0,49.0,88474377.0,2450152.56,11796945.161,58149708.0,1.0,0,0,0,0,0.0,4380.0,0,0,0,1,0,0,0,0,1.0,790.6636,34.2032,1419.7842,0,0,0,0,0,0,44,1323,62,71252,8192,123,43,20,454274.5,828401.686,890234.0,225068.0,40062687.5,20342007.955,58127541.0,28275786.0
54273,443,6,356.0,3782.0,212.0,0.0,59.3333,89.2248,1460.0,0.0,630.3333,677.2171,23906.54,39502.215,85713.0,47.0,261123.0,52224.6,47810.773,87810.0,92.0,177138.0,35284.6,48163.166,91780.0,48.0,0,0,0,0,0.0,1460.0,0,0,0,1,0,0,0,0,1.0,344.8333,59.3333,630.3333,0,0,0,0,0,0,6,356,6,3782,8192,60,5,20,0.0,0.0,0.0,0.0,0.0,0.0,0.0,0.0
61979,443,6,981.0,5294.0,469.0,0.0,75.3846,143.4232,1448.0,0.0,930.6667,655.7344,25335.87,110190.167,472575.0,0.0,620368.0,45590.16,103513.38,572575.0,0.0,690607.0,58537.44,122721.075,517519.0,47.0,0,0,0,0,0.0,1448.0,0,0,0,1,0,0,0,0,0.0,352.5238,75.3846,930.6667,0,0,0,0,0,0,13,981,9,5294,65535,114,6,32,0.0,0.0,0.0,0.0,0.0,0.0,0.0,0.0
50011,443,6,1796.0,4640.0,636.0,0.0,197.2857,277.6728,1513.0,2.0,402.0,581.5873,25970.38,37575.319,100727.0,23.0,306860.0,50928.0,40911.364,101724.0,59.0,340241.0,47413.42,61924.251,147114.0,59.0,0,0,0,0,0.0,1513.0,0,0,0,1,0,0,0,0,1.0,300.7692,197.2857,402.0,0,0,0,0,0,0,7,1796,10,4640,8192,31836,6,20,0.0,0.0,0.0,0.0,0.0,0.0,0.0,0.0
53562,80,6,436.0,872.0,430.0,0.0,145.3333,246.5468,860.0,0.0,218.0,428.0079,9952.16,11179.917,28610.0,4.0,29712.0,14856.0,14503.156,28620.0,382.0,29989.0,9999.33,13326.764,28496.0,4.0,0,0,0,0,0.0,860.0,0,0,0,1,0,0,0,0,1.0,186.1429,145.3333,218.0,0,0,0,0,0,0,3,436,4,872,8192,31,2,20,0.0,0.0,0.0,0.0,0.0,0.0,0.0,0.0
33970,53,17,58.0,228.0,29.0,29.0,29.0,0.0,114.0,114.0,114.0,0.0,8970.33,15670.58,26805.0,1.0,1.0,1.0,0.0,1.0,1.0,48.0,48.0,0.0,48.0,48.0,0,0,0,0,29.0,114.0,0,0,0,0,0,0,0,0,1.0,78.75,29.0,114.0,0,0,0,0,0,0,2,58,2,228,-1,-1,1,20,0.0,0.0,0.0,0.0,0.0,0.0,0.0,0.0
123,123,17,96.0,96.0,48.0,48.0,48.0,0.0,48.0,48.0,48.0,0.0,22690136.0,39176026.757,67929654.0,80484.0,67000660.0,67000660.0,0.0,67000660.0,67000660.0,68000770.0,68000770.0,0.0,68000770.0,68000470.0,0,0,0,0,48.0,48.0,0,0,0,0,0,0,0,0,1.0,60.0,48.0,48.0,0,0,0,0,0,0,2,96,2,96,-1,-1,1,20,71053.0,0.0,71053.0,71053.0,67929687.0,0.0,67929657.0,67929687.0
39804,53,17,52.0,112.0,26.0,26.0,26.0,0.0,56.0,56.0,56.0,0.0,77051.66,121726.922,211049.0,3.0,48.0,48.0,0.0,48.0,48.0,3.0,3.0,0.0,3.0,3.0,0,0,0,0,26.0,56.0,0,0,0,0,0,0,0,0,1.0,40.5,26.0,56.0,0,0,0,0,0,0,2,52,2,112,-1,-1,1,20,0.0,0.0,0.0,0.0,0.0,0.0,0.0,0.0
56181,443,6,12.0,0.0,6.0,6.0,6.0,0.0,0.0,0.0,0.0,0.0,49.0,0.0,49.0,49.0,49.0,49.0,0.0,49.0,49.0,0.0,0.0,0.0,0.0,0.0,0,0,0,0,6.0,6.0,1,0,0,0,0,0,0,0,0.0,9.0,6.0,0.0,0,0,0,0,0,0,2,12,0,0,0,-1,1,20,0.0,0.0,0.0,0.0,0.0,0.0,0.0,0.0
443,50324,6,29.0,0.0,23.0,6.0,14.5,12.0208,0.0,0.0,0.0,0.0,4.0,0.0,4.0,4.0,4.0,4.0,0.0,4.0,4.0,0.0,0.0,0.0,0.0,0.0,1,0,0,0,6.0,23.0,0,1,0,0,1,0,0,0,0.0,26.0,14.5,0.0,0,0,0,0,0,0,2,29,0,0,1008,-1,1,20,0.0,0.0,0.0,0.0,0.0,0.0,0.0,0.0
443,56592,6,6.0,6.0,6.0,6.0,6.0,0.0,6.0,6.0,6.0,0.0,26.0,0.0,26.0,26.0,0.0,0.0,0.0,0.0,0.0,0.0,0.0,0.0,0.0,0.0,0,0,0,0,6.0,6.0,0,0,0,0,1,0,0,0,1.0,9.0,6.0,6.0,0,0,0,0,0,0,1,6,1,6,32,32850,0,20,0.0,0.0,0.0,0.0,0.0,0.0,0.0,0.0
60630,53,17,64.0,256.0,64.0,64.0,64.0,0.0,256.0,256.0,256.0,0.0,61278.0,0.0,61278.0,61278.0,0.0,0.0,0.0,0.0,0.0,0.0,0.0,0.0,0.0,0.0,0,0,0,0,64.0,256.0,0,0,0,0,0,0,0,0,1.0,182.0,64.0,256.0,0,0,0,0,0,0,1,64,1,256,-1,-1,0,32,0.0,0.0,0.0,0.0,0.0,0.0,0.0,0.0
59674,443,6,390.0,5157.0,209.0,0.0,44.75,77.1359,1460.0,0.0,823.4545,674.6155,433248.66,1479832.066,5481419.0,9.0,5507026.0,776784.71,1975363.259,5481419.0,49.0,78522.0,19667.0,28062.453,42053.0,49.0,0,0,0,0,0.0,1460.0,0,0,0,1,0,0,0,0,0.0,364.7429,44.75,823.4545,0,0,0,0,0,0,8,390,7,5157,8192,119,7,20,372679.0,0.0,372679.0,372679.0,5481422.0,0.0,5481422.0,5481422.0
60252,53,17,54.0,122.0,54.0,54.0,54.0,0.0,122.0,122.0,122.0,0.0,30866.0,0.0,30866.0,30866.0,0.0,0.0,0.0,0.0,0.0,0.0,0.0,0.0,0.0,0.0,0,0,0,0,54.0,122.0,0,0,0,0,0,0,0,0,1.0,115.0,54.0,122.0,0,0,0,0,0,0,1,54,1,122,-1,-1,0,20,0.0,0.0,0.0,0.0,0.0,0.0,0.0,0.0
3267,80,6,12.0,0.0,6.0,0.0,4.0,3.4641,0.0,0.0,0.0,0.0,1790340.0,2987932.984,5185148.0,63.0,5181131.0,2590565.5,3628239.318,5185148.0,41387.0,0.0,0.0,0.0,0.0,0.0,0,0,0,0,0.0,6.0,0,0,0,1,0,0,0,0,0.0,3.0,4.0,0.0,0,0,0,0,0,0,3,12,1,0,8192,29200,2,20,0.0,0.0,0.0,0.0,0.0,0.0,0.0,0.0
57297,443,6,896.0,1471.0,645.0,0.0,89.6,201.1032,1333.0,0.0,294.2,583.7732,19644.92,36063.226,87933.0,4.0,275029.0,30939.88,43499.736,90501.0,4.0,198149.0,42784.25,49006.421,87673.0,4.0,0,0,0,0,0.0,1333.0,0,0,0,1,0,0,0,0,0.0,157.8,89.6,294.2,0,0,0,0,0,0,10,896,5,1471,65535,115,5,32,0.0,0.0,0.0,0.0,0.0,0.0,0.0,0.0
56002,443,6,52462.0,17226.0,578.0,0.0,808.24,276.313,2224.0,6.0,606.2222,749.3938,2704849.4,9818083.214,45001561.0,3.0,119046916.0,4286373.6,13347502.785,45026561.0,3.0,119827284.0,4705956.26,12156342.822,45028907.0,3.0,1,0,0,0,0.0,2224.0,0,1,0,0,1,0,0,0,1.0,603.6637,808.24,606.2222,0,0,0,0,0,0,84,42462,76,17226,256,5196,63,32,783066.66,1598620.098,4135839.0,23508.0,34929669.0,16275602.254,45001565.0,23145296.0
65093,53,17,70.0,102.0,35.0,35.0,35.0,0.0,51.0,51.0,51.0,0.0,7894.33,13651.978,23670.0,3.0,3.0,3.0,0.0,3.0,3.0,4.0,4.0,0.0,4.0,4.0,0,0,0,0,35.0,51.0,0,0,0,0,0,0,0,0,1.0,51.75,35.0,51.0,0,0,0,0,0,0,2,70,2,102,-1,-1,1,20,0.0,0.0,0.0,0.0,0.0,0.0,0.0,0.0
54256,80,6,12.0,0.0,6.0,6.0,6.0,0.0,0.0,0.0,0.0,0.0,7624.0,0.0,7624.0,7624.0,7624.0,7624.0,0.0,7624.0,7624.0,0.0,0.0,0.0,0.0,0.0,0,0,0,0,6.0,6.0,0,0,0,0,1,0,0,0,0.0,9.0,6.0,0.0,0,0,0,0,0,0,2,12,0,0,16425,-1,1,20,0.0,0.0,0.0,0.0,0.0,0.0,0.0,0.0
443,57126,6,0.0,0.0,0.0,0.0,0.0,0.0,0.0,0.0,0.0,0.0,34.0,0.0,34.0,34.0,0.0,0.0,0.0,0.0,0.0,0.0,0.0,0.0,0.0,0.0,0,0,0,0,0.0,0.0,0,0,0,0,1,1,0,0,1.0,0.0,0.0,0.0,0,0,0,0,0,0,1,0,1,0,36,363,0,32,0.0,0.0,0.0,0.0,0.0,0.0,0.0,0.0
66515,53,17,48.0,116.0,48.0,48.0,48.0,0.0,116.0,116.0,116.0,0.0,343544.0,0.0,343544.0,343544.0,0.0,0.0,0.0,0.0,0.0,0.0,0.0,0.0,0.0,0.0,0,0,0,0,48.0,116.0,0,0,0,0,0,0,0,0,1.0,106.0,48.0,116.0,0,0,0,0,0,0,1,48,1,116,-1,-1,0,32,0.0,0.0,0.0,0.0,0.0,0.0,0.0,0.0
80,49708,6,0.0,0.0,0.0,0.0,0.0,0.0,0.0,0.0,0.0,0.0,28.0,0.0,28.0,28.0,0.0,0.0,0.0,0.0,0.0,0.0,0.0,0.0,0.0,0.0,0,0,0,0,0.0,0.0,0,0,0,0,1,1,0,0,1.0,0.0,0.0,0.0,0,0,0,0,0,0,1,0,1,0,283,229,0,32,0.0,0.0,0.0,0.0,0.0,0.0,0.0,0.0
443,63606,6,0.0,0.0,0.0,0.0,0.0,0.0,0.0,0.0,0.0,0.0,36.0,49.796,60.0,4.0,4.0,4.0,0.0,4.0,4.0,0.0,0.0,0.0,0.0,0.0,0,0,0,0,0.0,0.0,0,0,0,0,1,1,0,0,0.0,0.0,0.0,0.0,0,0,0,0,0,0,2,0,1,0,73,33304,0,32,0.0,0.0,0.0,0.0,0.0,0.0,0.0,0.0
443,50650,6,6.0,6.0,6.0,6.0,6.0,0.0,6.0,6.0,6.0,0.0,78.0,0.0,78.0,78.0,0.0,0.0,0.0,0.0,0.0,0.0,0.0,0.0,0.0,0.0,0,0,0,0,6.0,6.0,0,0,0,0,1,1,0,0,1.0,9.0,6.0,6.0,0,0,0,0,0,0,1,6,1,6,32,32850,0,20,0.0,0.0,0.0,0.0,0.0,0.0,0.0,0.0
443,54350,6,43.0,0.0,31.0,6.0,14.3333,14.4338,0.0,0.0,0.0,0.0,128.0,138.091,259.0,1.0,258.0,129.0,168.096,259.0,1.0,0.0,0.0,0.0,0.0,0.0,0,0,0,0,6.0,31.0,0,0,0,0,1,0,0,0,0.0,16.3333,14.3333,0.0,0,0,0,0,0,0,3,43,0,0,64,-1,2,20,0.0,0.0,0.0,0.0,0.0,0.0,0.0,0.0
60330,53,17,50.0,66.0,50.0,50.0,50.0,0.0,66.0,66.0,66.0,0.0,30352.0,0.0,30352.0,30352.0,0.0,0.0,0.0,0.0,0.0,0.0,0.0,0.0,0.0,0.0,0,0,0,0,50.0,66.0,0,0,0,0,0,0,0,0,1.0,83.0,50.0,66.0,0,0,0,0,0,0,1,50,1,66,-1,-1,0,20,0.0,0.0,0.0,0.0,0.0,0.0,0.0,0.0
12671,53,17,68.0,278.0,34.0,34.0,34.0,0.0,139.0,139.0,139.0,0.0,50299.66,86169.62,150898.0,3.0,3.0,3.0,0.0,3.0,3.0,4.0,4.0,0.0,4.0,4.0,0,0,0,0,34.0,139.0,0,0,0,0,0,0,0,0,1.0,95.0,34.0,139.0,0,0,0,0,0,0,2,68,2,278,-1,-1,1,20,0.0,0.0,0.0,0.0,0.0,0.0,0.0,0.0
54074,53,17,66.0,98.0,33.0,33.0,33.0,0.0,49.0,49.0,49.0,0.0,20202.66,35003.46,60601.0,3.0,4.0,4.0,0.0,4.0,4.0,3.0,3.0,0.0,3.0,3.0,0,0,0,0,33.0,49.0,0,0,0,0,0,0,0,0,1.0,49.25,33.0,49.0,0,0,0,0,0,0,2,66,2,98,-1,-1,1,32,0.0,0.0,0.0,0.0,0.0,0.0,0.0,0.0
63687,53,17,64.0,120.0,32.0,32.0,32.0,0.0,60.0,60.0,60.0,0.0,10109.33,17021.203,30222.0,1.0,1.0,1.0,0.0,1.0,1.0,47.0,47.0,0.0,47.0,47.0,0,0,0,0,32.0,60.0,0,0,0,0,0,0,0,0,1.0,54.0,32.0,60.0,0,0,0,0,0,0,2,64,2,120,-1,-1,1,32,0.0,0.0,0.0,0.0,0.0,0.0,0.0,0.0
10844,53,17,102.0,224.0,51.0,51.0,51.0,0.0,112.0,112.0,112.0,0.0,52.0,80.549,150.0,3.0,3.0,3.0,0.0,3.0,3.0,3.0,3.0,0.0,3.0,3.0,0,0,0,0,51.0,112.0,0,0,0,0,0,0,0,0,1.0,94.25,51.0,112.0,0,0,0,0,0,0,2,102,2,224,-1,-1,1,40,0.0,0.0,0.0,0.0,0.0,0.0,0.0,0.0
55426,443,6,0.0,0.0,0.0,0.0,0.0,0.0,0.0,0.0,0.0,0.0,17.0,0.0,17.0,17.0,0.0,0.0,0.0,0.0,0.0,0.0,0.0,0.0,0.0,0.0,0,0,0,0,0.0,0.0,0,0,0,0,1,0,0,0,1.0,0.0,0.0,0.0,0,0,0,0,0,0,1,0,1,0,32832,362,0,32,0.0,0.0,0.0,0.0,0.0,0.0,0.0,0.0
61253,53,17,94.0,350.0,47.0,47.0,47.0,0.0,175.0,175.0,175.0,0.0,113.66,96.588,195.0,3.0,4.0,4.0,0.0,4.0,4.0,3.0,3.0,0.0,3.0,3.0,0,0,0,0,47.0,175.0,0,0,0,0,0,0,0,0,1.0,122.75,47.0,175.0,0,0,0,0,0,0,2,94,2,350,-1,-1,1,32,0.0,0.0,0.0,0.0,0.0,0.0,0.0,0.0
443,63555,6,37.0,0.0,31.0,6.0,18.5,17.6777,0.0,0.0,0.0,0.0,3.0,0.0,3.0,3.0,3.0,3.0,0.0,3.0,3.0,0.0,0.0,0.0,0.0,0.0,1,0,0,0,6.0,31.0,0,1,0,0,1,0,0,0,0.0,34.0,18.5,0.0,0,0,0,0,0,0,2,37,0,0,946,-1,1,20,0.0,0.0,0.0,0.0,0.0,0.0,0.0,0.0
57429,443,6,1080.0,80076.0,485.0,0.0,20.313,82.4507,2920.0,0.0,1313.0641,494.6469,1749878.22,3784157.175,10003762.0,3.0,115578910.0,3862381.52,4753424.694,10030673.0,3.0,110466683.0,3612673.2,4780538.252,10031694.0,3.0,0,0,0,0,0.0,2920.0,0,0,0,1,0,0,0,0,1.0,757.4469,20.313,1313.0647,0,0,0,0,0,0,42,1080,65,80076,8192,980,41,20,41578.36,121194.11,452325.0,23224.0,9641335.58,1395891.996,10003706.0,5401836.0
52764,53,17,160.0,396.0,40.0,40.0,40.0,0.0,198.0,198.0,198.0,0.0,9807.4,14791.72,31031.0,3.0,31003.0,10301.33,18536.198,31001.0,4.0,47.0,47.0,0.0,47.0,47.0,0,0,0,0,40.0,198.0,0,0,0,0,0,0,0,0,0.0,91.3333,40.0,198.0,0,0,0,0,0,0,4,160,2,396,-1,-1,3,20,0.0,0.0,0.0,0.0,0.0,0.0,0.0,0.0
60423,53,17,45.0,103.0,45.0,45.0,45.0,0.0,103.0,103.0,103.0,0.0,60062.0,0.0,60062.0,60062.0,0.0,0.0,0.0,0.0,0.0,0.0,0.0,0.0,0.0,0.0,0,0,0,0,45.0,103.0,0,0,0,0,0,0,0,0,1.0,96.5,45.0,103.0,0,0,0,0,0,0,1,45,1,103,-1,-1,0,44,0.0,0.0,0.0,0.0,0.0,0.0,0.0,0.0
58633,443,6,6.0,37.0,6.0,6.0,6.0,0.0,37.0,37.0,37.0,0.0,1447562.0,0.0,1447562.0,1447562.0,0.0,0.0,0.0,0.0,0.0,0.0,0.0,0.0,0.0,0.0,0,0,0,0,6.0,37.0,1,0,0,0,0,0,0,0,1.0,14.5,6.0,37.0,0,0,0,0,0,0,1,6,1,37,0,65,0,20,0.0,0.0,0.0,0.0,0.0,0.0,0.0,0.0
60918,53,17,99.0,191.0,55.0,44.0,49.5,3.5355,113.0,58.0,95.5,49.5777,20833973.33,32728347.332,62451456.0,30666.0,62483361.0,62483361.0,0.0,62483361.0,62483361.0,62591967.0,62591967.0,0.0,62591967.0,62591967.0,0,0,0,0,44.0,113.0,0,0,0,0,0,0,0,0,1.0,87.0,49.5,95.5,0,0,0,0,0,0,2,99,2,191,-1,-1,1,20,67580.0,0.0,67580.0,67580.0,62451474.0,0.0,62451454.0,62451474.0
54049,443,6,713.0,479.0,469.0,0.0,71.3,147.2874,341.0,0.0,95.8,149.5299,5871.35,9618.205,23652.0,3.0,82579.0,9426.44,14915.378,34797.0,45.0,52941.0,17867.25,13160.511,24894.0,439.0,0,0,0,0,0.0,469.0,0,0,0,1,0,0,0,0,0.0,79.4667,71.3,95.8,0,0,0,0,0,0,10,713,5,479,65535,972,5,32,0.0,0.0,0.0,0.0,0.0,0.0,0.0,0.0
443,54561,6,12.0,0.0,6.0,6.0,6.0,0.0,0.0,0.0,0.0,0.0,53296.0,0.0,53296.0,53296.0,53296.0,53296.0,0.0,53296.0,73296.0,0.0,0.0,0.0,0.0,0.0,0,0,0,0,6.0,6.0,0,0,0,0,1,0,0,0,0.0,9.0,6.0,0.0,0,0,0,0,0,0,2,12,0,0,32,-1,1,20,0.0,0.0,0.0,0.0,0.0,0.0,0.0,0.0
443,56097,6,37.0,0.0,31.0,6.0,18.5,17.6777,0.0,0.0,0.0,0.0,3.0,0.0,3.0,3.0,3.0,3.0,0.0,3.0,3.0,0.0,0.0,0.0,0.0,0.0,1,0,0,0,6.0,31.0,0,1,0,0,1,0,0,0,0.0,34.0,18.5,0.0,0,0,0,0,0,0,2,37,0,0,110,-1,1,20,0.0,0.0,0.0,0.0,0.0,0.0,0.0,0.0
56161,443,6,657.0,356.0,453.0,0.0,93.8571,167.0403,181.0,0.0,59.3333,80.0641,25814.42,37243.325,82513.0,2.0,198876.0,36516.33,48601.937,102872.0,2.0,194268.0,49812.3,52840.102,82869.0,2.0,0,0,0,0,0.0,453.0,0,0,0,1,0,0,0,0,0.0,77.8333,93.8571,59.3333,0,0,0,0,0,0,7,657,6,356,65535,130,4,32,0.0,0.0,0.0,0.0,0.0,0.0,0.0,0.0
39867,443,6,703.0,3950.0,267.0,0.0,78.1111,103.3023,1448.0,0.0,395.0,587.4831,69723.54,45910.51,199026.0,3.0,787765.0,66345.62,99118.296,289318.0,215.0,735206.0,70403.71,74834.29,190176.0,3.0,0,0,0,0,0.0,1448.0,0,0,0,1,0,0,0,0,1.0,244.65,78.1111,395.0,0,0,0,0,0,0,9,703,10,3950,29200,254,4,32,0.0,0.0,0.0,0.0,0.0,0.0,0.0,0.0
80,45304,6,0.0,0.0,0.0,0.0,0.0,0.0,0.0,0.0,0.0,0.0,53.0,0.0,53.0,53.0,0.0,0.0,0.0,0.0,0.0,0.0,0.0,0.0,0.0,0.0,0,0,0,0,0.0,0.0,0,0,0,0,1,1,0,0,1.0,0.0,0.0,0.0,0,0,0,0,0,0,1,0,1,0,905,1129,0,32,0.0,0.0,0.0,0.0,0.0,0.0,0.0,0.0
61818,53,17,57.0,127.0,57.0,57.0,57.0,0.0,127.0,127.0,127.0,0.0,30489.0,0.0,30489.0,30489.0,0.0,0.0,0.0,0.0,0.0,0.0,0.0,0.0,0.0,0.0,0,0,0,0,57.0,127.0,0,0,0,0,0,0,0,0,1.0,110.5,57.0,127.0,0,0,0,0,0,0,1,57,1,127,-1,-1,0,20,0.0,0.0,0.0,0.0,0.0,0.0,0.0,0.0
443,53920,6,43.0,0.0,31.0,6.0,14.3333,14.4338,0.0,0.0,0.0,0.0,2.0,1.414,3.0,1.0,4.0,2.0,1.414,3.0,1.0,0.0,0.0,0.0,0.0,0.0,0,0,0,0,6.0,31.0,0,0,0,0,1,0,0,0,0.0,16.3333,14.3333,0.0,0,0,0,0,0,0,3,43,0,0,946,-1,2,20,0.0,0.0,0.0,0.0,0.0,0.0,0.0,0.0
61659,443,6,928.0,4297.0,569.0,0.0,37.6,114.4048,1418.0,0.0,275.3846,529.7033,2970371.58,4553231.378,10025673.0,4.0,115083399.0,5751042.27,4931797.447,10052037.0,4.0,110760994.0,6120678.71,5033571.288,10058945.0,191.0,0,0,0,0,0.0,1418.0,0,0,0,1,0,0,0,0,0.0,141.725,37.6,275.3846,0,0,0,0,0,0,20,928,19,4297,29200,357,4,32,45785.18,27713.301,104515.0,36116.0,9594043.75,1314714.822,10025676.0,5007876.0
56495,443,6,2110.0,4703.0,1361.0,0.0,111.1923,385.9937,1418.0,0.0,270.3333,504.6003,2865974.76,4539132.94,10017026.0,1.0,115423424.0,5216322.8,4992917.999,10151952.0,1.0,110657503.0,5845543.04,5048705.765,10116548.0,49.0,0,0,0,0,0.0,1418.0,0,0,0,1,0,0,0,0,0.0,161.3552,111.1923,270.3333,0,0,0,0,0,0,22,2110,19,4703,29200,390,4,32,57305.54,75861.43,235875.0,36207.0,10012348.54,8540.461,10017029.0,9993447.0
49707,443,6,1093.0,4507.0,449.0,0.0,63.375,102.4773,1430.0,0.0,320.1538,478.872,3299186.58,13428340.739,58827301.0,1.0,117658410.0,7887066.0,20954320.302,58823301.0,4.0,117655329.0,6910739.38,19937934.472,58974857.0,1.0,0,0,0,0,0.0,1430.0,0,0,0,1,0,0,0,0,1.0,198.7971,63.375,320.1538,0,0,0,0,0,0,16,1093,19,4507,8192,360,15,20,231184.5,22353.112,316281.0,193616.0,58755717.0,261734.864,58827301.0,58021272.0
63364,53,17,70.0,158.0,35.0,35.0,35.0,0.0,79.0,79.0,79.0,0.0,61.0,94.4,177.0,3.0,3.0,3.0,0.0,3.0,3.0,4.0,4.0,0.0,4.0,4.0,0,0,0,0,35.0,79.0,0,0,0,0,0,0,0,0,1.0,65.75,35.0,79.0,0,0,0,0,0,0,2,70,2,158,-1,-1,1,32,0.0,0.0,0.0,0.0,0.0,0.0,0.0,0.0
443,51951,6,261.0,0.0,212.0,6.0,120.3333,138.7068,0.0,0.0,0.0,0.0,9.0,1.414,15.0,1.0,18.0,9.0,1.414,15.0,1.0,0.0,0.0,0.0,0.0,0.0,1,0,0,0,6.0,212.0,0,1,0,0,1,0,0,0,0.0,256.3333,120.3333,0.0,0,0,0,0,0,0,3,261,0,0,60,-1,2,20,0.0,0.0,0.0,0.0,0.0,0.0,0.0,0.0
60420,53,17,90.0,172.0,45.0,45.0,45.0,0.0,86.0,86.0,86.0,0.0,74.33,88.049,176.0,3.0,3.0,3.0,0.0,3.0,3.0,47.0,47.0,0.0,47.0,47.0,0,0,0,0,45.0,86.0,0,0,0,0,0,0,0,0,1.0,76.75,45.0,86.0,0,0,0,0,0,0,2,90,2,172,-1,-1,1,20,0.0,0.0,0.0,0.0,0.0,0.0,0.0,0.0
34313,443,6,827.0,40732.0,370.0,0.0,36.8462,93.66,4344.0,0.0,1360.9117,1059.2923,1860110.19,3701797.356,10188360.0,4.0,115304143.0,3728619.21,4885653.51,10240018.0,4.0,112978630.0,3451567.0,4755557.55,10240087.0,46.0,0,0,0,0,0.0,4344.0,0,0,0,1,0,0,0,0,0.0,758.2846,36.8462,1360.9117,0,0,0,0,0,0,33,827,31,40732,29200,126,5,32,66729.36,113814.875,447614.0,22947.0,9631506.58,1438806.205,10188362.0,5026304.0
61279,443,6,842.0,3923.0,373.0,0.0,67.2,118.5604,1986.0,0.0,347.625,780.1687,11328.64,15038.586,50488.0,1.0,235364.0,19476.55,18834.431,52818.0,1.0,176763.0,29913.85,29580.826,60153.0,56.0,0,0,0,0,0.0,1986.0,0,0,0,1,0,0,0,0,0.0,188.1,67.2,347.625,0,0,0,0,0,0,15,842,8,3923,65535,66,6,32,0.0,0.0,0.0,0.0,0.0,0.0,0.0,0.0
57771,443,6,1225.0,3761.0,901.0,0.0,115.5,287.4019,1397.0,0.0,543.5714,643.5364,5708.5,8310.098,24345.0,0.0,73212.0,8925.28,9681.958,26390.0,0.0,58304.0,9915.0,7180.904,16289.0,1.0,0,0,0,0,0.0,1397.0,0,0,0,1,0,0,0,0,0.0,276.9429,115.5,543.5714,0,0,0,0,0,0,12,1225,7,3761,65535,32,11,20,0.0,0.0,0.0,0.0,0.0,0.0,0.0,0.0
62299,443,6,823.0,5696.0,469.0,0.0,56.1818,127.368,1448.0,0.0,539.6,655.9773,20802.2,46616.571,124676.0,1.0,441764.0,30250.5,41727.336,124673.0,1.0,406512.0,40502.85,76294.444,195275.0,1.0,0,0,0,0,0.0,1448.0,0,0,0,1,0,0,0,0,0.0,252.54,56.1818,539.6,0,0,0,0,0,0,11,823,10,5696,65535,114,5,32,0.0,0.0,0.0,0.0,0.0,0.0,0.0,0.0
443,59738,6,0.0,0.0,0.0,0.0,0.0,0.0,0.0,0.0,0.0,0.0,59.0,0.0,59.0,59.0,0.0,0.0,0.0,0.0,0.0,0.0,0.0,0.0,0.0,0.0,0,0,0,0,0.0,0.0,0,0,0,0,1,1,0,0,1.0,0.0,0.0,0.0,0,0,0,0,0,0,1,0,1,0,349,32832,0,32,0.0,0.0,0.0,0.0,0.0,0.0,0.0,0.0
60150,53,17,54.0,917.0,54.0,54.0,54.0,0.0,317.0,317.0,317.0,0.0,148723.0,0.0,148723.0,148723.0,0.0,0.0,0.0,0.0,0.0,0.0,0.0,0.0,0.0,0.0,0,0,0,0,54.0,317.0,0,0,0,0,0,0,0,0,1.0,212.5,54.0,317.0,0,0,0,0,0,0,1,54,1,917,-1,-1,0,32,0.0,0.0,0.0,0.0,0.0,0.0,0.0,0.0
61373,53,17,45.0,103.0,45.0,45.0,45.0,0.0,103.0,103.0,103.0,0.0,570.0,0.0,570.0,570.0,0.0,0.0,0.0,0.0,0.0,0.0,0.0,0.0,0.0,0.0,0,0,0,0,45.0,103.0,0,0,0,0,0,0,0,0,1.0,96.5,45.0,103.0,0,0,0,0,0,0,1,45,1,103,-1,-1,0,32,0.0,0.0,0.0,0.0,0.0,0.0,0.0,0.0
443,52521,6,0.0,18.0,0.0,0.0,0.0,0.0,6.0,6.0,6.0,0.0,11.33,40.406,85.0,1.0,0.0,0.0,0.0,0.0,0.0,4.0,2.0,1.414,3.0,1.0,0,0,0,0,0.0,6.0,0,0,0,0,1,0,0,0,3.0,4.5,0.0,6.0,0,0,0,0,0,0,1,0,3,18,972,0,0,32,0.0,0.0,0.0,0.0,0.0,0.0,0.0,0.0
60784,53,17,53.0,111.0,53.0,53.0,53.0,0.0,111.0,111.0,111.0,0.0,114535.0,0.0,114535.0,114535.0,0.0,0.0,0.0,0.0,0.0,0.0,0.0,0.0,0.0,0.0,0,0,0,0,53.0,111.0,0,0,0,0,0,0,0,0,1.0,108.5,53.0,111.0,0,0,0,0,0,0,1,53,1,111,-1,-1,0,32,0.0,0.0,0.0,0.0,0.0,0.0,0.0,0.0
443,31699,6,31.0,0.0,31.0,0.0,15.5,21.9203,0.0,0.0,0.0,0.0,2.0,0.0,2.0,2.0,2.0,2.0,0.0,2.0,2.0,0.0,0.0,0.0,0.0,0.0,1,0,0,0,0.0,31.0,0,1,0,0,1,0,0,0,0.0,31.0,15.5,0.0,0,0,0,0,0,0,2,31,0,0,63,-1,0,32,0.0,0.0,0.0,0.0,0.0,0.0,0.0,0.0
60731,443,6,6.0,6.0,6.0,6.0,6.0,0.0,6.0,6.0,6.0,0.0,29075.0,0.0,29075.0,29075.0,0.0,0.0,0.0,0.0,0.0,0.0,0.0,0.0,0.0,0.0,0,0,0,0,6.0,6.0,1,0,0,0,1,0,0,0,1.0,9.0,6.0,6.0,0,0,0,0,0,0,1,6,1,6,0,0,0,20,0.0,0.0,0.0,0.0,0.0,0.0,0.0,0.0
5406,80,6,542.0,862.0,436.0,0.0,37.8,116.6103,766.0,0.0,53.2857,212.6226,3996421.86,4861928.353,10007593.0,48.0,115676373.0,7713241.56,4148944.421,10030345.0,123.0,110390792.0,8484628.77,3762438.524,10030671.0,20893.0,0,0,0,0,0.0,766.0,0,0,0,1,0,0,0,0,0.0,44.1,37.8,53.2857,0,0,0,0,0,0,15,542,14,862,8192,346,14,20,25474.27,25318.549,94755.0,28881.0,9979758.63,29160.954,10007594.0,9749612.0
60308,53,17,124.0,256.0,31.0,31.0,31.0,0.0,128.0,128.0,128.0,0.0,12512.8,17583.714,31579.0,3.0,31640.0,10546.33,17798.694,31632.0,3.0,3.0,3.0,0.0,3.0,3.0,0,0,0,0,31.0,128.0,0,0,0,0,0,0,0,0,0.0,62.5,31.0,128.0,0,0,0,0,0,0,4,124,2,256,-1,-1,3,20,0.0,0.0,0.0,0.0,0.0,0.0,0.0,0.0
43316,80,6,421.0,2267.0,421.0,0.0,143.0,245.838,2267.0,0.0,566.75,1133.5,11816.5,16878.786,32270.0,105.0,32184.0,16592.0,20840.449,32231.0,6449.0,34793.0,11394.0,16358.012,33144.0,441.0,0,0,0,0,0.0,2267.0,0,0,0,1,0,0,0,0,1.0,385.0,143.0,566.75,0,0,0,0,0,0,3,421,4,2267,29200,235,1,32,0.0,0.0,0.0,0.0,0.0,0.0,0.0,0.0
62530,53,17,44.0,72.0,44.0,44.0,44.0,0.0,72.0,72.0,72.0,0.0,37895.0,0.0,37895.0,37895.0,0.0,0.0,0.0,0.0,0.0,0.0,0.0,0.0,0.0,0.0,0,0,0,0,44.0,72.0,0,0,0,0,0,0,0,0,1.0,80.0,44.0,72.0,0,0,0,0,0,0,1,44,1,72,-1,-1,0,20,0.0,0.0,0.0,0.0,0.0,0.0,0.0,0.0
51842,443,6,1154.0,436.0,901.0,0.0,115.4,280.3487,261.0,0.0,62.2857,101.1413,11034.78,14846.368,36076.0,3.0,153673.0,17740.33,20688.743,52259.0,3.0,107068.0,25439.33,17968.399,47420.0,793.0,0,0,0,0,0.0,901.0,0,0,0,1,0,0,0,0,0.0,93.5333,115.4,62.2857,0,0,0,0,0,0,10,1154,7,436,65535,362,5,32,0.0,0.0,0.0,0.0,0.0,0.0,0.0,0.0
45568,443,6,1084.0,4367.0,517.0,0.0,84.3333,169.0923,1460.0,0.0,370.6667,568.0127,1943932.14,3875035.575,10258394.0,46.0,61431663.0,4279696.9,5072854.491,10300045.0,40285.0,61110442.0,3688545.42,4987377.991,10201347.0,48.0,0,0,0,0,0.0,1460.0,0,0,0,1,0,0,0,0,1.0,228.57,84.3333,370.6667,0,0,0,0,0,0,15,1084,15,4367,29200,31,13,20,229475.33,170877.684,908937.0,106652.0,10144775.66,81632.554,10258395.0,10004280.0
45728,443,6,123.0,46.0,46.0,0.0,24.6,23.2766,46.0,46.0,46.0,0.0,814232.4,1833044.974,4205414.0,14.0,4246173.0,1021743.25,2108354.562,4205414.0,18.0,0.0,0.0,0.0,0.0,0.0,1,0,0,0,0.0,46.0,0,1,0,0,1,0,0,0,0.0,35.8333,24.6,46.0,0,0,0,0,0,0,5,123,1,46,332,129,2,32,0.0,0.0,0.0,0.0,0.0,0.0,0.0,0.0
41076,53,17,84.0,278.0,42.0,42.0,42.0,0.0,139.0,139.0,139.0,0.0,20778.66,35601.353,62229.0,1.0,1.0,1.0,0.0,1.0,1.0,4.0,4.0,0.0,4.0,4.0,0,0,0,0,42.0,139.0,0,0,0,0,0,0,0,0,1.0,101.0,42.0,139.0,0,0,0,0,0,0,2,84,2,278,-1,-1,1,20,0.0,0.0,0.0,0.0,0.0,0.0,0.0,0.0
52468,53,17,60.0,264.0,30.0,30.0,30.0,0.0,132.0,132.0,132.0,0.0,20434.66,35324.496,61208.0,3.0,3.0,3.0,0.0,3.0,3.0,4.0,4.0,0.0,4.0,4.0,0,0,0,0,30.0,132.0,0,0,0,0,0,0,0,0,1.0,88.5,30.0,132.0,0,0,0,0,0,0,2,60,2,264,-1,-1,1,20,0.0,0.0,0.0,0.0,0.0,0.0,0.0,0.0
54977,80,6,885.0,3483.0,421.0,0.0,141.0,171.3236,1742.0,0.0,495.5,708.5364,38033.5,65187.562,180664.0,43.0,343148.0,60284.66,75163.175,181665.0,692.0,303868.0,68981.62,125420.234,170762.0,6996.0,0,0,0,0,0.0,1742.0,0,0,0,1,0,0,0,0,0.0,312.4667,141.0,495.5,0,0,0,0,0,0,7,885,8,3483,8192,288,6,20,0.0,0.0,0.0,0.0,0.0,0.0,0.0,0.0
58834,53,17,112.0,286.0,56.0,56.0,56.0,0.0,143.0,143.0,143.0,0.0,61.66,105.057,183.0,3.0,3.0,3.0,0.0,3.0,3.0,3.0,3.0,0.0,3.0,3.0,0,0,0,0,56.0,143.0,0,0,0,0,0,0,0,0,1.0,118.5,56.0,143.0,0,0,0,0,0,0,2,112,2,286,-1,-1,1,20,0.0,0.0,0.0,0.0,0.0,0.0,0.0,0.0
50680,53,17,88.0,188.0,44.0,44.0,44.0,0.0,94.0,94.0,94.0,0.0,54.33,89.779,156.0,3.0,3.0,3.0,0.0,3.0,3.0,4.0,4.0,0.0,4.0,4.0,0,0,0,0,44.0,94.0,0,0,0,0,0,0,0,0,1.0,80.0,44.0,94.0,0,0,0,0,0,0,2,88,2,188,-1,-1,1,20,0.0,0.0,0.0,0.0,0.0,0.0,0.0,0.0
443,49855,6,0.0,0.0,0.0,0.0,0.0,0.0,0.0,0.0,0.0,0.0,59.0,0.0,59.0,59.0,0.0,0.0,0.0,0.0,0.0,0.0,0.0,0.0,0.0,0.0,0,0,0,0,0.0,0.0,0,0,0,0,1,1,0,0,1.0,0.0,0.0,0.0,0,0,0,0,0,0,1,0,1,0,357,443,0,32,0.0,0.0,0.0,0.0,0.0,0.0,0.0,0.0
61819,53,17,119.0,285.0,64.0,55.0,59.5,6.364,185.0,112.0,143.5,59.6067,30868499.66,52024848.193,91303145.0,30523.0,91344792.0,91344792.0,0.0,91344792.0,91344792.0,91373387.0,91373387.0,0.0,91373387.0,91373387.0,0,0,0,0,55.0,185.0,0,0,0,0,0,0,0,0,1.0,111.75,59.5,143.5,0,0,0,0,0,0,2,119,2,285,-1,-1,1,20,64366.0,0.0,62366.0,64366.0,91303127.0,0.0,91303127.0,91303127.0
50691,443,6,12.0,0.0,6.0,6.0,6.0,0.0,0.0,0.0,0.0,0.0,3.0,0.0,3.0,3.0,3.0,3.0,0.0,3.0,3.0,0.0,0.0,0.0,0.0,0.0,0,0,0,0,6.0,6.0,1,0,0,0,0,0,0,0,0.0,9.0,6.0,0.0,0,0,0,0,0,0,2,12,0,0,0,-1,1,20,0.0,0.0,0.0,0.0,0.0,0.0,0.0,0.0
443,53320,6,6.0,6.0,6.0,6.0,6.0,0.0,6.0,6.0,6.0,0.0,17.0,0.0,17.0,17.0,0.0,0.0,0.0,0.0,0.0,0.0,0.0,0.0,0.0,0.0,0,0,0,0,6.0,6.0,0,0,0,0,1,1,0,0,1.0,9.0,6.0,6.0,0,0,0,0,0,0,1,6,1,6,116,255,0,20,0.0,0.0,0.0,0.0,0.0,0.0,0.0,0.0
80,64810,6,6.0,6.0,6.0,6.0,6.0,0.0,6.0,6.0,6.0,0.0,22.0,0.0,22.0,22.0,0.0,0.0,0.0,0.0,0.0,0.0,0.0,0.0,0.0,0.0,0,0,0,0,6.0,6.0,0,0,0,0,1,1,0,0,1.0,9.0,6.0,6.0,0,0,0,0,0,0,1,6,1,6,127,256,0,20,0.0,0.0,0.0,0.0,0.0,0.0,0.0,0.0
61713,53,17,112.0,253.0,64.0,52.0,56.0,7.0711,188.0,79.0,126.5,89.3647,37539058.33,65429639.883,112685453.0,60676.0,112679064.0,112679064.0,0.0,112679064.0,112679064.0,112675798.0,112675798.0,0.0,112675798.0,112675798.0,0,0,0,0,52.0,188.0,0,0,0,0,0,0,0,0,1.0,107.75,56.0,126.5,0,0,0,0,0,0,2,112,2,253,-1,-1,1,20,30587.0,0.0,30587.0,30587.0,112685492.0,0.0,112685492.0,112685492.0
60706,53,17,155.0,205.0,51.0,54.0,52.5,2.1213,134.0,77.0,102.5,46.3709,16257774.33,23562987.427,48564502.0,30647.0,48550435.0,48550435.0,0.0,48550435.0,48550435.0,48574069.0,48574069.0,0.0,48574069.0,48574069.0,0,0,0,0,54.0,134.0,0,0,0,0,0,0,0,0,1.0,91.75,52.5,102.5,0,0,0,0,0,0,2,155,2,205,-1,-1,1,20,31677.0,0.0,31677.0,31677.0,48564530.0,0.0,48564530.0,48564530.0
57141,53,17,136.0,360.0,34.0,34.0,34.0,0.0,90.0,90.0,90.0,0.0,4459.0,11430.587,30539.0,3.0,31506.0,10505.33,18530.899,31569.0,3.0,249.0,86.66,59.168,176.0,4.0,0,0,0,0,34.0,90.0,0,0,0,0,0,0,0,0,1.0,66.0,34.0,90.0,0,0,0,0,0,0,4,136,4,360,-1,-1,3,20,0.0,0.0,0.0,0.0,0.0,0.0,0.0,0.0
61186,53,17,44.0,108.0,44.0,44.0,44.0,0.0,108.0,108.0,108.0,0.0,176024.0,0.0,176024.0,176024.0,0.0,0.0,0.0,0.0,0.0,0.0,0.0,0.0,0.0,0.0,0,0,0,0,44.0,108.0,0,0,0,0,0,0,0,0,1.0,98.0,44.0,108.0,0,0,0,0,0,0,1,44,1,108,-1,-1,0,20,0.0,0.0,0.0,0.0,0.0,0.0,0.0,0.0
443,51836,6,37.0,6.0,37.0,0.0,18.5,26.163,6.0,6.0,6.0,0.0,102.5,32.256,154.0,67.0,205.0,205.0,0.0,205.0,205.0,0.0,0.0,0.0,0.0,0.0,1,0,0,0,0.0,37.0,0,1,0,0,1,0,0,0,0.0,26.6667,18.5,6.0,0,0,0,0,0,0,2,37,1,6,972,0,0,32,0.0,0.0,0.0,0.0,0.0,0.0,0.0,0.0
62263,53,17,105.0,199.0,56.0,49.0,52.5,2.1213,128.0,116.0,129.5,4.9917,20574180.0,53241321.461,91846757.0,244.0,91845942.0,91845942.0,0.0,91845942.0,91845942.0,91857422.0,91857422.0,0.0,91857422.0,91857422.0,0,0,0,0,49.0,128.0,0,0,0,0,0,0,0,0,1.0,102.25,52.5,129.5,0,0,0,0,0,0,2,105,2,199,-1,-1,1,32,445.0,0.0,445.0,445.0,91846733.0,0.0,91846733.0,91846733.0
63605,53,17,68.0,278.0,34.0,34.0,34.0,0.0,139.0,139.0,139.0,0.0,83.0,131.732,234.0,3.0,3.0,3.0,0.0,3.0,3.0,3.0,3.0,0.0,3.0,3.0,0,0,0,0,34.0,139.0,0,0,0,0,0,0,0,0,1.0,95.0,34.0,139.0,0,0,0,0,0,0,2,68,2,278,-1,-1,1,20,0.0,0.0,0.0,0.0,0.0,0.0,0.0,0.0
60786,53,17,102.0,134.0,51.0,51.0,51.0,0.0,67.0,67.0,67.0,0.0,42.0,65.045,120.0,3.0,3.0,3.0,0.0,3.0,3.0,4.0,4.0,0.0,4.0,4.0,0,0,0,0,51.0,67.0,0,0,0,0,0,0,0,0,1.0,71.75,51.0,67.0,0,0,0,0,0,0,2,102,2,134,-1,-1,1,32,0.0,0.0,0.0,0.0,0.0,0.0,0.0,0.0
49776,443,6,1169.0,650.0,853.0,0.0,94.9231,230.2748,405.0,0.0,58.25,156.2887,2332568.92,4212877.566,10029006.0,4.0,60373549.0,4691158.35,5172410.328,10080000.0,48.0,60226067.0,5450092.11,5280267.767,10080012.0,4.0,0,0,0,0,0.0,853.0,0,0,0,1,0,0,0,0,0.0,89.7765,94.9231,58.25,0,0,0,0,0,0,13,1169,12,650,29200,5732,3,32,78900.0,99979.738,172466.0,50672.0,10019008.5,15243.944,10029007.0,9959322.0
49267,80,6,2212.0,51949.0,597.0,0.0,63.44,178.7471,3167.0,0.0,1188.9524,1003.8715,1058578.4,2846531.525,10001219.0,37.0,115525745.0,1917027.1,3530014.812,10136913.0,132.0,110599325.0,1904905.68,3347154.671,10121928.0,48.0,0,0,0,0,0.0,3167.0,0,0,0,1,0,0,0,0,1.0,668.6439,63.44,1188.9524,0,0,0,0,0,0,51,2212,45,51949,8192,1012,40,20,728382.36,1333805.397,6378176.0,146373.0,9992795.18,4614.583,10001217.0,9777854.0
50337,53,17,74.0,242.0,37.0,37.0,37.0,0.0,121.0,121.0,121.0,0.0,20403.66,35337.41,61165.0,3.0,3.0,3.0,0.0,3.0,3.0,3.0,3.0,0.0,3.0,3.0,0,0,0,0,37.0,121.0,0,0,0,0,0,0,0,0,1.0,88.25,37.0,121.0,0,0,0,0,0,0,2,74,2,242,-1,-1,1,32,0.0,0.0,0.0,0.0,0.0,0.0,0.0,0.0
52048,22,6,6.0,6.0,6.0,6.0,6.0,0.0,6.0,6.0,6.0,0.0,163.0,0.0,163.0,163.0,0.0,0.0,0.0,0.0,0.0,0.0,0.0,0.0,0.0,0.0,0,0,0,0,6.0,6.0,0,0,0,0,1,1,0,0,1.0,9.0,6.0,6.0,0,0,0,0,0,0,1,6,1,6,250,245,0,20,0.0,0.0,0.0,0.0,0.0,0.0,0.0,0.0
80,3824,6,6.0,6.0,6.0,6.0,6.0,0.0,6.0,6.0,6.0,0.0,39.0,0.0,39.0,39.0,0.0,0.0,0.0,0.0,0.0,0.0,0.0,0.0,0.0,0.0,0,0,0,0,6.0,6.0,0,0,0,0,1,1,0,0,1.0,9.0,6.0,6.0,0,0,0,0,0,0,1,6,1,6,913,256,0,20,0.0,0.0,0.0,0.0,0.0,0.0,0.0,0.0
58177,53,17,130.0,386.0,65.0,65.0,65.0,0.0,193.0,193.0,193.0,0.0,66.33,77.097,142.0,3.0,3.0,3.0,0.0,3.0,3.0,49.0,49.0,0.0,49.0,49.0,0,0,0,0,65.0,193.0,0,0,0,0,0,0,0,0,1.0,145.25,65.0,193.0,0,0,0,0,0,0,2,130,2,386,-1,-1,1,20,0.0,0.0,0.0,0.0,0.0,0.0,0.0,0.0
49597,53,17,64.0,96.0,32.0,32.0,32.0,0.0,48.0,48.0,48.0,0.0,58.33,69.53,129.0,4.0,4.0,4.0,0.0,4.0,4.0,49.0,49.0,0.0,49.0,49.0,0,0,0,0,32.0,48.0,0,0,0,0,0,0,0,0,1.0,48.0,32.0,48.0,0,0,0,0,0,0,2,64,2,96,-1,-1,1,20,0.0,0.0,0.0,0.0,0.0,0.0,0.0,0.0
42775,443,6,12.0,0.0,6.0,6.0,6.0,0.0,0.0,0.0,0.0,0.0,3.0,0.0,3.0,3.0,3.0,3.0,0.0,3.0,3.0,0.0,0.0,0.0,0.0,0.0,0,0,0,0,6.0,6.0,1,0,0,0,0,0,0,0,0.0,9.0,6.0,0.0,0,0,0,0,0,0,2,12,0,0,0,-1,1,20,0.0,0.0,0.0,0.0,0.0,0.0,0.0,0.0
53582,443,6,736.0,975.0,485.0,0.0,73.6,152.4957,837.0,0.0,243.75,400.8145,8204.38,13265.827,32508.0,3.0,106492.0,11188.33,15208.364,33614.0,3.0,64465.0,21481.66,17011.44,35562.0,1003.0,0,0,0,0,0.0,837.0,0,0,0,1,0,0,0,0,0.0,122.2143,73.6,243.75,0,0,0,0,0,0,10,736,4,975,65535,64,5,32,0.0,0.0,0.0,0.0,0.0,0.0,0.0,0.0
53098,443,6,117.0,41.0,45.0,0.0,23.4,21.9613,41.0,41.0,41.0,0.0,960475.2,2051044.863,4787240.0,3.0,4112253.0,1028513.75,2922921.171,4787240.0,3.0,0.0,0.0,0.0,0.0,0.0,1,0,0,0,0.0,45.0,0,1,0,0,1,0,0,0,0.0,33.1667,23.4,41.0,0,0,0,0,0,0,5,117,1,41,330,135,2,32,0.0,0.0,0.0,0.0,0.0,0.0,0.0,0.0
16402,53,17,66.0,172.0,33.0,33.0,33.0,0.0,86.0,86.0,86.0,0.0,31646.0,54194.213,94732.0,1.0,1.0,1.0,0.0,1.0,1.0,4.0,4.0,0.0,4.0,4.0,0,0,0,0,33.0,86.0,0,0,0,0,0,0,0,0,1.0,67.75,33.0,86.0,0,0,0,0,0,0,2,66,2,172,-1,-1,1,32,0.0,0.0,0.0,0.0,0.0,0.0,0.0,0.0
54393,80,6,864.0,3510.0,432.0,0.0,82.3529,171.0484,950.0,0.0,396.0,581.4848,2748213.44,4432106.122,10096391.0,33.0,50862899.0,5634829.15,5254486.585,10022523.0,364.0,60746593.0,6774067.77,5179072.844,10027148.0,2669.0,0,0,0,0,0.0,950.0,0,0,0,1,0,0,0,0,1.0,239.6943,82.3529,396.0,0,0,0,0,0,0,14,864,12,3510,8192,114,13,20,127109.6,177648.993,520266.0,77941.0,9975871.0,591898.766,10096392.0,9999715.0
80,53409,6,0.0,0.0,0.0,0.0,0.0,0.0,0.0,0.0,0.0,0.0,153.0,0.0,153.0,153.0,0.0,0.0,0.0,0.0,0.0,0.0,0.0,0.0,0.0,0.0,0,0,0,0,0.0,0.0,0,0,0,0,1,1,0,0,1.0,0.0,0.0,0.0,0,0,0,0,0,0,1,0,1,0,59,33304,0,32,0.0,0.0,0.0,0.0,0.0,0.0,0.0,0.0
50184,53,17,84.0,116.0,42.0,42.0,42.0,0.0,58.0,58.0,58.0,0.0,45.33,73.81,130.0,3.0,4.0,4.0,0.0,4.0,4.0,3.0,3.0,0.0,3.0,3.0,0,0,0,0,42.0,58.0,0,0,0,0,0,0,0,0,1.0,60.5,42.0,58.0,0,0,0,0,0,0,2,84,2,116,-1,-1,1,20,0.0,0.0,0.0,0.0,0.0,0.0,0.0,0.0
64849,80,6,12.0,0.0,6.0,6.0,6.0,0.0,0.0,0.0,0.0,0.0,4.0,0.0,4.0,4.0,4.0,4.0,0.0,4.0,4.0,0.0,0.0,0.0,0.0,0.0,0,0,0,0,6.0,6.0,0,0,0,0,1,0,0,0,0.0,9.0,6.0,0.0,0,0,0,0,0,0,2,12,0,0,256,-1,1,20,0.0,0.0,0.0,0.0,0.0,0.0,0.0,0.0
57821,443,6,1236.0,4572.0,517.0,0.0,109.7692,198.2904,1416.0,0.0,415.8333,584.3525,11916.55,16387.053,55436.0,1.0,249923.0,26995.25,20106.623,75366.0,1.0,114914.0,16996.9,24953.819,52112.0,48.0,0,0,0,0,0.0,1416.0,0,0,0,1,0,0,0,0,1.0,263.0,109.7692,415.8333,0,0,0,0,0,0,13,1236,12,4572,8192,190,12,20,0.0,0.0,0.0,0.0,0.0,0.0,0.0,0.0
49175,443,6,1401.0,3742.0,818.0,0.0,105.1,228.0549,1460.0,0.0,407.6667,557.4034,2566019.75,4321181.991,10138103.0,3.0,60870409.0,5035643.34,5100662.71,10262623.0,115.0,60634283.0,5054320.64,5206745.355,10262389.0,3.0,0,0,0,0,0.0,1460.0,0,0,0,1,0,0,0,0,1.0,246.8444,105.1,407.6667,0,0,0,0,0,0,10,1401,12,3742,8192,5250,9,20,120621.5,62215.003,264345.0,87738.0,10057175.16,370494.376,10138108.0,9302019.0
50681,22,6,6.0,6.0,6.0,6.0,6.0,0.0,6.0,6.0,6.0,0.0,145.0,0.0,145.0,145.0,0.0,0.0,0.0,0.0,0.0,0.0,0.0,0.0,0.0,0.0,0,0,0,0,6.0,6.0,0,0,0,0,1,1,0,0,1.0,9.0,6.0,6.0,0,0,0,0,0,0,1,6,1,6,250,245,0,20,0.0,0.0,0.0,0.0,0.0,0.0,0.0,0.0
443,60844,6,37.0,0.0,31.0,6.0,18.5,17.6777,0.0,0.0,0.0,0.0,4.0,0.0,4.0,4.0,4.0,4.0,0.0,4.0,4.0,0.0,0.0,0.0,0.0,0.0,1,0,0,0,6.0,31.0,0,1,0,0,1,0,0,0,0.0,34.0,18.5,0.0,0,0,0,0,0,0,2,37,0,0,110,-1,1,20,0.0,0.0,0.0,0.0,0.0,0.0,0.0,0.0
62145,53,17,70.0,158.0,35.0,35.0,35.0,0.0,79.0,79.0,79.0,0.0,10140.33,17529.541,30415.0,1.0,1.0,1.0,0.0,1.0,1.0,3.0,3.0,0.0,3.0,3.0,0,0,0,0,35.0,79.0,0,0,0,0,0,0,0,0,1.0,65.75,35.0,79.0,0,0,0,0,0,0,2,70,2,158,-1,-1,1,20,0.0,0.0,0.0,0.0,0.0,0.0,0.0,0.0
51861,53,17,80.0,112.0,40.0,40.0,40.0,0.0,56.0,56.0,56.0,0.0,51.66,56.556,100.0,3.0,3.0,3.0,0.0,3.0,3.0,48.0,48.0,0.0,48.0,48.0,0,0,0,0,40.0,56.0,0,0,0,0,0,0,0,0,1.0,58.0,40.0,56.0,0,0,0,0,0,0,2,80,2,112,-1,-1,1,32,0.0,0.0,0.0,0.0,0.0,0.0,0.0,0.0
33104,80,6,3456.0,1017290.0,306.0,0.0,57.0364,102.99,4254.0,0.0,1278.2727,910.7819,389865.75,1854166.514,10198361.0,0.0,93216306.0,813150.68,2181603.558,10240018.0,72.0,88909562.0,640686.9,2034083.525,10241280.0,1.0,0,0,0,0,0.0,4254.0,0,0,0,1,0,0,0,0,1.0,735.9619,57.0364,1278.2727,0,0,0,0,0,0,103,3456,147,17290,29200,512,12,32,693774.25,1603216.699,3831276.0,22626.0,10006861.27,2964.528,10198365.0,10000016.0
61335,53,17,45.0,132.0,45.0,45.0,45.0,0.0,132.0,132.0,132.0,0.0,32888.0,0.0,32888.0,32888.0,0.0,0.0,0.0,0.0,0.0,0.0,0.0,0.0,0.0,0.0,0,0,0,0,45.0,132.0,0,0,0,0,0,0,0,0,1.0,111.0,45.0,132.0,0,0,0,0,0,0,1,45,1,132,-1,-1,0,20,0.0,0.0,0.0,0.0,0.0,0.0,0.0,0.0
63308,443,6,18.0,0.0,6.0,6.0,6.0,0.0,0.0,0.0,0.0,0.0,119.0,120.22,231.0,1.0,336.0,168.0,210.469,333.0,1.0,0.0,0.0,0.0,0.0,0.0,0,0,0,0,0.0,6.0,1,0,0,0,0,0,0,0,0.0,6.0,6.0,0.0,0,0,0,0,0,0,3,18,1,0,0,972,2,20,0.0,0.0,0.0,0.0,0.0,0.0,0.0,0.0
60265,53,17,48.0,64.0,48.0,48.0,48.0,0.0,64.0,64.0,64.0,0.0,30813.0,0.0,30813.0,30813.0,0.0,0.0,0.0,0.0,0.0,0.0,0.0,0.0,0.0,0.0,0,0,0,0,48.0,64.0,0,0,0,0,0,0,0,0,1.0,80.0,48.0,64.0,0,0,0,0,0,0,1,48,1,64,-1,-1,0,32,0.0,0.0,0.0,0.0,0.0,0.0,0.0,0.0
443,50233,6,12.0,0.0,6.0,6.0,6.0,0.0,0.0,0.0,0.0,0.0,3.0,0.0,3.0,3.0,3.0,3.0,0.0,3.0,3.0,0.0,0.0,0.0,0.0,0.0,0,0,0,0,6.0,6.0,0,0,0,0,1,0,0,0,0.0,9.0,6.0,0.0,0,0,0,0,0,0,2,12,0,0,4331,-1,1,20,0.0,0.0,0.0,0.0,0.0,0.0,0.0,0.0
443,51616,6,0.0,18.0,0.0,0.0,0.0,0.0,6.0,6.0,6.0,0.0,43486.0,87611.162,173094.0,1.0,173050.0,173050.0,0.0,173050.0,173050.0,48.0,24.0,33.928,47.0,1.0,0,0,0,0,0.0,6.0,0,0,0,0,1,0,0,0,3.0,3.5,0.0,6.0,0,0,0,0,0,0,1,0,3,18,114,0,0,32,0.0,0.0,0.0,0.0,0.0,0.0,0.0,0.0
53149,443,6,3126.0,162995.0,618.0,0.0,25.181,96.3346,4344.0,0.0,1987.6497,970.5171,18078.75,262551.657,4348060.0,0.0,4563364.0,43777.94,164977.505,378222.0,19.0,5671723.0,93852.72,340764.517,4399526.0,1.0,0,0,0,0,0.0,4344.0,0,0,0,1,0,0,0,0,1.0,1134.9807,25.181,1987.6497,0,0,0,0,0,0,82,3126,136,162995,29200,130,15,32,0.0,0.0,0.0,0.0,0.0,0.0,0.0,0.0
58990,53,17,68.0,100.0,34.0,34.0,34.0,0.0,50.0,50.0,50.0,0.0,65.0,21.263,98.0,48.0,48.0,48.0,0.0,48.0,48.0,48.0,48.0,0.0,48.0,48.0,0,0,0,0,34.0,50.0,0,0,0,0,0,0,0,0,1.0,50.5,34.0,50.0,0,0,0,0,0,0,2,68,2,100,-1,-1,1,20,0.0,0.0,0.0,0.0,0.0,0.0,0.0,0.0
443,52947,6,37.0,0.0,31.0,6.0,18.5,17.6777,0.0,0.0,0.0,0.0,3.0,0.0,3.0,3.0,3.0,3.0,0.0,3.0,3.0,0.0,0.0,0.0,0.0,0.0,1,0,0,0,6.0,31.0,0,1,0,0,1,0,0,0,0.0,34.0,18.5,0.0,0,0,0,0,0,0,2,37,0,0,946,-1,1,20,0.0,0.0,0.0,0.0,0.0,0.0,0.0,0.0
62623,53,17,49.0,65.0,49.0,49.0,49.0,0.0,65.0,65.0,65.0,0.0,30498.0,0.0,30498.0,30498.0,0.0,0.0,0.0,0.0,0.0,0.0,0.0,0.0,0.0,0.0,0,0,0,0,49.0,65.0,0,0,0,0,0,0,0,0,1.0,81.5,49.0,65.0,0,0,0,0,0,0,1,49,1,65,-1,-1,0,20,0.0,0.0,0.0,0.0,0.0,0.0,0.0,0.0
61623,53,17,62.0,78.0,62.0,62.0,62.0,0.0,78.0,78.0,78.0,0.0,30524.0,0.0,30524.0,30524.0,0.0,0.0,0.0,0.0,0.0,0.0,0.0,0.0,0.0,0.0,0,0,0,0,62.0,78.0,0,0,0,0,0,0,0,0,1.0,101.0,62.0,78.0,0,0,0,0,0,0,1,62,1,78,-1,-1,0,20,0.0,0.0,0.0,0.0,0.0,0.0,0.0,0.0
3836,53,17,64.0,96.0,32.0,32.0,32.0,0.0,48.0,48.0,48.0,0.0,65.66,34.456,100.0,48.0,49.0,49.0,0.0,49.0,49.0,48.0,48.0,0.0,48.0,48.0,0,0,0,0,32.0,48.0,0,0,0,0,0,0,0,0,1.0,48.0,32.0,48.0,0,0,0,0,0,0,2,64,2,96,-1,-1,1,20,0.0,0.0,0.0,0.0,0.0,0.0,0.0,0.0
58244,53,17,102.0,158.0,51.0,51.0,51.0,0.0,79.0,79.0,79.0,0.0,12507.33,21731.576,37519.0,3.0,4.0,4.0,0.0,4.0,4.0,3.0,3.0,0.0,3.0,3.0,0,0,0,0,51.0,79.0,0,0,0,0,0,0,0,0,1.0,77.75,51.0,79.0,0,0,0,0,0,0,2,102,2,158,-1,-1,1,20,0.0,0.0,0.0,0.0,0.0,0.0,0.0,0.0
123,123,17,96.0,96.0,48.0,48.0,48.0,0.0,48.0,48.0,48.0,0.0,23020049.0,38044884.187,68960900.0,81125.0,68930998.0,68930998.0,0.0,68930998.0,68930998.0,68991283.0,68991283.0,0.0,68991283.0,68991283.0,0,0,0,0,48.0,48.0,0,0,0,0,0,0,0,0,1.0,60.0,48.0,48.0,0,0,0,0,0,0,2,96,2,96,-1,-1,1,20,12835.0,0.0,12835.0,12835.0,68960917.0,0.0,68960907.0,68960917.0
56227,443,6,988.0,41052.0,237.0,0.0,33.5458,66.473,1860.0,0.0,1427.1654,636.757,313644.34,2130740.12,10003523.0,1.0,27997705.0,774375.6,2894567.358,10003268.0,192.0,30243898.0,853588.07,2787730.438,10176418.0,1.0,0,0,0,0,0.0,1860.0,0,0,0,1,0,0,0,0,1.0,825.1009,33.5458,1427.1654,0,0,0,0,0,0,29,988,34,41052,8192,360,28,20,90894.5,222431.319,428755.0,22929.0,10000048.6,2582.684,10003521.0,9999509.0
80,49206,6,0.0,0.0,0.0,0.0,0.0,0.0,0.0,0.0,0.0,0.0,65.0,0.0,65.0,65.0,0.0,0.0,0.0,0.0,0.0,0.0,0.0,0.0,0.0,0.0,0,0,0,0,0.0,0.0,0,0,0,0,1,1,0,0,1.0,0.0,0.0,0.0,0,0,0,0,0,0,1,0,1,0,905,229,0,32,0.0,0.0,0.0,0.0,0.0,0.0,0.0,0.0
60334,443,6,2638.0,60882.0,603.0,0.0,68.4545,153.9772,4380.0,0.0,1804.7353,1022.6051,375627.2,3434402.26,39996602.0,1.0,50910367.0,1005024.61,3114122.832,39996645.0,3.0,490439.0,31564.5,23531.171,99673.0,3.0,0,0,0,0,0.0,4380.0,0,0,0,1,0,0,0,0,1.0,1056.9662,68.4545,1804.7353,0,0,0,0,0,0,31,2638,57,60882,65535,292,30,20,640505.0,0.0,640505.0,640505.0,39996606.0,0.0,39996606.0,39996606.0
4134,80,6,12.0,0.0,6.0,6.0,6.0,0.0,0.0,0.0,0.0,0.0,12.0,0.0,12.0,12.0,12.0,12.0,0.0,12.0,12.0,0.0,0.0,0.0,0.0,0.0,0,0,0,0,6.0,6.0,0,0,0,0,1,0,0,0,0.0,9.0,6.0,0.0,0,0,0,0,0,0,2,12,0,0,256,-1,1,20,0.0,0.0,0.0,0.0,0.0,0.0,0.0,0.0
55137,53,17,82.0,340.0,41.0,41.0,41.0,0.0,170.0,170.0,170.0,0.0,7999.0,13853.024,23990.0,3.0,4.0,4.0,0.0,4.0,4.0,3.0,3.0,0.0,3.0,3.0,0,0,0,0,41.0,170.0,0,0,0,0,0,0,0,0,1.0,115.75,41.0,170.0,0,0,0,0,0,0,2,82,2,340,-1,-1,1,32,0.0,0.0,0.0,0.0,0.0,0.0,0.0,0.0
50337,443,6,29.0,0.0,29.0,0.0,5.8,12.9692,0.0,0.0,0.0,0.0,19294.5,36224.948,69783.0,1.0,69791.0,17695.75,35095.2,69783.0,1.0,0.0,0.0,0.0,0.0,0.0,0,0,0,0,0.0,29.0,0,0,0,0,1,0,0,0,0.0,5.8,5.8,0.0,0,0,0,0,0,0,5,29,0,0,33061,-1,1,32,0.0,0.0,0.0,0.0,0.0,0.0,0.0,0.0
60315,53,17,49.0,114.0,49.0,49.0,49.0,0.0,114.0,114.0,114.0,0.0,60459.0,0.0,60459.0,60459.0,0.0,0.0,0.0,0.0,0.0,0.0,0.0,0.0,0.0,0.0,0,0,0,0,49.0,114.0,0,0,0,0,0,0,0,0,1.0,106.0,49.0,114.0,0,0,0,0,0,0,1,49,1,114,-1,-1,0,20,0.0,0.0,0.0,0.0,0.0,0.0,0.0,0.0
60355,53,17,45.0,246.0,45.0,45.0,45.0,0.0,246.0,246.0,246.0,0.0,61592.0,0.0,61592.0,61592.0,0.0,0.0,0.0,0.0,0.0,0.0,0.0,0.0,0.0,0.0,0,0,0,0,45.0,246.0,0,0,0,0,0,0,0,0,1.0,168.0,45.0,246.0,0,0,0,0,0,0,1,45,1,246,-1,-1,0,32,0.0,0.0,0.0,0.0,0.0,0.0,0.0,0.0
55284,443,6,12.0,0.0,6.0,6.0,6.0,0.0,0.0,0.0,0.0,0.0,5803903.0,0.0,5803903.0,5803903.0,5803903.0,5803903.0,0.0,5803903.0,5803903.0,0.0,0.0,0.0,0.0,0.0,0,0,0,0,6.0,6.0,0,0,0,0,1,0,0,0,0.0,9.0,6.0,0.0,0,0,0,0,0,0,2,12,0,0,63818,-1,1,20,0.0,0.0,0.0,0.0,0.0,0.0,0.0,0.0
443,3614,6,6.0,6.0,6.0,6.0,6.0,0.0,6.0,6.0,6.0,0.0,96.0,0.0,96.0,96.0,0.0,0.0,0.0,0.0,0.0,0.0,0.0,0.0,0.0,0.0,0,0,0,0,6.0,6.0,0,0,0,0,1,1,0,0,1.0,9.0,6.0,6.0,0,0,0,0,0,0,1,6,1,6,31200,63891,0,20,0.0,0.0,0.0,0.0,0.0,0.0,0.0,0.0
80,64747,6,6.0,6.0,6.0,6.0,6.0,0.0,6.0,6.0,6.0,0.0,25.0,0.0,25.0,25.0,0.0,0.0,0.0,0.0,0.0,0.0,0.0,0.0,0.0,0.0,0,0,0,0,6.0,6.0,0,0,0,0,1,1,0,0,1.0,9.0,6.0,6.0,0,0,0,0,0,0,1,6,1,6,29,256,0,20,0.0,0.0,0.0,0.0,0.0,0.0,0.0,0.0
62641,53,17,172.0,194.0,43.0,43.0,43.0,0.0,97.0,97.0,97.0,0.0,9588.8,14162.285,32212.0,3.0,32242.0,10740.66,18178.026,32252.0,3.0,3.0,3.0,0.0,3.0,3.0,0,0,0,0,43.0,97.0,0,0,0,0,0,0,0,0,0.0,68.5,43.0,97.0,0,0,0,0,0,0,4,172,2,194,-1,-1,3,20,0.0,0.0,0.0,0.0,0.0,0.0,0.0,0.0
443,50914,6,0.0,0.0,0.0,0.0,0.0,0.0,0.0,0.0,0.0,0.0,3.0,0.0,3.0,3.0,3.0,3.0,0.0,3.0,3.0,0.0,0.0,0.0,0.0,0.0,0,0,0,0,0.0,0.0,0,0,0,0,1,0,0,0,0.0,0.0,0.0,0.0,0,0,0,0,0,0,2,0,0,0,357,-1,0,32,0.0,0.0,0.0,0.0,0.0,0.0,0.0,0.0
443,50149,6,6.0,6.0,6.0,6.0,6.0,0.0,6.0,6.0,6.0,0.0,36.0,0.0,36.0,36.0,0.0,0.0,0.0,0.0,0.0,0.0,0.0,0.0,0.0,0.0,0,0,0,0,6.0,6.0,0,0,0,0,1,1,0,0,1.0,9.0,6.0,6.0,0,0,0,0,0,0,1,6,1,6,115,16427,0,20,0.0,0.0,0.0,0.0,0.0,0.0,0.0,0.0
60725,53,17,145.0,688.0,75.0,75.0,75.5,2.1213,345.0,132.0,234.0,162.9281,38154886.66,67744907.942,116485015.0,23396.0,116545545.0,116445545.0,0.0,116545545.0,116545545.0,116448266.0,116448266.0,0.0,116448266.0,116448266.0,0,0,0,0,75.0,345.0,0,0,0,0,0,0,0,0,1.0,177.25,75.5,234.0,0,0,0,0,0,0,2,145,2,688,-1,-1,1,20,61523.0,0.0,61523.0,61523.0,116485015.0,0.0,116485015.0,116485015.0
80,54002,6,12.0,0.0,6.0,6.0,6.0,0.0,0.0,0.0,0.0,0.0,222.0,0.0,222.0,222.0,222.0,222.0,0.0,222.0,222.0,0.0,0.0,0.0,0.0,0.0,0,0,0,0,6.0,6.0,0,0,0,0,1,0,0,0,0.0,9.0,6.0,0.0,0,0,0,0,0,0,2,12,0,0,4340,-1,1,20,0.0,0.0,0.0,0.0,0.0,0.0,0.0,0.0
443,58102,6,6.0,6.0,6.0,6.0,6.0,0.0,6.0,6.0,6.0,0.0,65.0,0.0,65.0,65.0,0.0,0.0,0.0,0.0,0.0,0.0,0.0,0.0,0.0,0.0,0,0,0,0,6.0,6.0,0,0,0,0,1,1,0,0,1.0,9.0,6.0,6.0,0,0,0,0,0,0,1,6,1,6,351,257,0,20,0.0,0.0,0.0,0.0,0.0,0.0,0.0,0.0
62368,53,17,84.0,220.0,42.0,42.0,42.0,0.0,110.0,110.0,110.0,0.0,10293.0,17861.773,30874.0,4.0,4.0,4.0,0.0,4.0,4.0,4.0,4.0,0.0,4.0,4.0,0,0,0,0,42.0,110.0,0,0,0,0,0,0,0,0,1.0,86.5,42.0,110.0,0,0,0,0,0,0,2,84,2,220,-1,-1,1,20,0.0,0.0,0.0,0.0,0.0,0.0,0.0,0.0
59540,443,6,380.0,6603.0,193.0,0.0,42.0,69.1205,2460.0,0.0,900.5,952.3233,364089.64,1339141.227,5020578.0,1.0,5504249.0,669164.37,1886225.956,5020578.0,1.0,117326.0,19778.28,28697.867,57166.0,80.0,0,0,0,0,0.0,2460.0,0,0,0,1,0,0,0,0,0.0,405.2152,42.0,900.5,0,0,0,0,0,0,9,380,8,6603,8192,119,8,20,204148.0,0.0,204148.0,204148.0,5030572.0,0.0,5020572.0,5020572.0
53264,443,6,12.0,0.0,6.0,6.0,6.0,0.0,0.0,0.0,0.0,0.0,81.0,0.0,81.0,81.0,81.0,81.0,0.0,81.0,81.0,0.0,0.0,0.0,0.0,0.0,0,0,0,0,6.0,6.0,0,0,0,0,1,0,0,0,0.0,9.0,6.0,0.0,0,0,0,0,0,0,2,12,0,0,255,-1,1,20,0.0,0.0,0.0,0.0,0.0,0.0,0.0,0.0
46189,443,6,890.0,502.0,839.0,0.0,105.7143,274.0842,405.0,2.0,105.4,176.8948,2356152.25,8627031.749,30218553.0,48.0,30530915.0,4052173.33,11292874.015,30228753.0,808.0,103945.0,22983.75,28998.625,59471.0,1045.0,0,0,0,0,0.0,839.0,0,0,0,1,0,0,0,0,0.0,111.7714,105.7143,105.4,0,0,0,0,0,0,7,890,5,502,29200,31232,6,20,141507.0,0.0,141507.0,141507.0,30218591.0,0.0,30218591.0,30218591.0
443,54863,6,0.0,0.0,0.0,0.0,0.0,0.0,0.0,0.0,0.0,0.0,52.0,0.0,52.0,52.0,0.0,0.0,0.0,0.0,0.0,0.0,0.0,0.0,0.0,0.0,0,0,0,0,0.0,0.0,0,0,0,0,1,1,0,0,1.0,0.0,0.0,0.0,0,0,0,0,0,0,1,0,1,0,370,32832,0,32,0.0,0.0,0.0,0.0,0.0,0.0,0.0,0.0
50870,80,6,426.0,2280.0,420.0,0.0,105.0,206.7833,2260.0,2.0,570.0,1130.6682,12065.57,16488.522,37239.0,5.0,76328.0,19164.0,23658.575,37269.0,948.0,57368.0,19462.0,22023.908,57295.0,5.0,0,0,0,0,0.0,2260.0,0,0,0,1,0,0,0,0,1.0,384.8571,105.0,570.0,0,0,0,0,0,0,3,426,4,2280,8192,30016,2,20,0.0,0.0,0.0,0.0,0.0,0.0,0.0,0.0
80,42392,6,0.0,0.0,0.0,0.0,0.0,0.0,0.0,0.0,0.0,0.0,63.0,0.0,63.0,63.0,0.0,0.0,0.0,0.0,0.0,0.0,0.0,0.0,0.0,0.0,0,0,0,0,0.0,0.0,0,0,0,0,1,1,0,0,1.0,0.0,0.0,0.0,0,0,0,0,0,0,1,0,1,0,905,3329,0,32,0.0,0.0,0.0,0.0,0.0,0.0,0.0,0.0
2542,22,6,2622.0,7038.0,408.0,0.0,64.9143,105.281,476.0,0.0,167.5217,137.1164,19849.0,115758.404,969700.0,0.0,1499949.0,48318.97,170159.209,908788.0,0.0,475213.0,17853.94,37225.417,191697.0,1.0,0,0,0,0,0.0,476.0,0,0,0,1,0,0,0,0,1.0,116.4545,64.9143,167.5217,0,0,0,0,0,0,35,2622,46,7038,8192,245,33,20,0.0,0.0,0.0,0.0,0.0,0.0,0.0,0.0
52341,53,17,58.0,90.0,29.0,29.0,29.0,0.0,45.0,45.0,45.0,0.0,55.33,91.511,161.0,3.0,3.0,3.0,0.0,3.0,3.0,3.0,3.0,0.0,3.0,3.0,0,0,0,0,29.0,45.0,0,0,0,0,0,0,0,0,1.0,44.25,29.0,45.0,0,0,0,0,0,0,2,58,2,90,-1,-1,1,20,0.0,0.0,0.0,0.0,0.0,0.0,0.0,0.0
53407,53,17,68.0,100.0,34.0,34.0,34.0,0.0,50.0,50.0,50.0,0.0,51.33,87.47,147.0,3.0,4.0,4.0,0.0,4.0,4.0,3.0,3.0,0.0,3.0,3.0,0,0,0,0,34.0,50.0,0,0,0,0,0,0,0,0,1.0,50.5,34.0,50.0,0,0,0,0,0,0,2,68,2,100,-1,-1,1,20,0.0,0.0,0.0,0.0,0.0,0.0,0.0,0.0
50281,443,6,345.0,4796.0,194.0,0.0,38.375,52.7447,1448.0,0.0,887.2,652.2881,131712.0,355221.911,843087.0,6.0,1545303.0,193042.85,174693.597,843337.0,48.0,583938.0,82797.5,152131.002,289421.0,48.0,0,0,0,0,0.0,1448.0,0,0,0,1,0,0,0,0,0.0,393.5364,38.375,887.2,0,0,0,0,0,0,8,345,5,4796,29200,939,2,32,0.0,0.0,0.0,0.0,0.0,0.0,0.0,0.0
61178,53,17,42.0,213.0,42.0,42.0,42.0,0.0,213.0,213.0,213.0,0.0,222496.0,0.0,222496.0,222496.0,0.0,0.0,0.0,0.0,0.0,0.0,0.0,0.0,0.0,0.0,0,0,0,0,42.0,213.0,0,0,0,0,0,0,0,0,1.0,158.5,42.0,213.0,0,0,0,0,0,0,1,42,1,213,-1,-1,0,32,0.0,0.0,0.0,0.0,0.0,0.0,0.0,0.0
57076,443,6,849.0,9030.0,596.0,0.0,49.2353,132.589,1418.0,0.0,476.8182,657.72,2958531.62,4590719.173,10017972.0,9.0,115648641.0,5296645.42,4954735.827,10052000.0,49.0,110640089.0,6149063.94,5026530.335,10052810.0,48.0,0,0,0,0,0.0,1418.0,0,0,0,1,0,0,0,0,0.0,261.805,49.2353,476.8182,0,0,0,0,0,0,23,849,26,9030,29200,357,4,32,41951.81,35405.19,174167.0,36172.0,10008318.81,7172.719,10017978.0,9999702.0
56668,443,6,12.0,0.0,6.0,6.0,6.0,0.0,0.0,0.0,0.0,0.0,5702.0,0.0,5702.0,5702.0,5702.0,5702.0,0.0,5702.0,5702.0,0.0,0.0,0.0,0.0,0.0,0,0,0,0,6.0,6.0,0,0,0,0,1,0,0,0,0.0,9.0,6.0,0.0,0,0,0,0,0,0,2,12,0,0,16219,-1,1,20,0.0,0.0,0.0,0.0,0.0,0.0,0.0,0.0
64530,443,6,6168.0,2195.0,1649.0,0.0,723.5,634.533,443.0,0.0,298.7,288.1282,769871.11,1793934.653,7768346.0,3.0,8860018.0,1300327.14,2773844.894,7768346.0,315.0,8812783.0,1338146.88,2680338.987,7765110.0,3.0,0,0,0,0,0.0,1649.0,0,0,0,1,0,0,0,0,1.0,468.2474,723.5,298.7,0,0,0,0,0,0,12,6168,10,2195,8192,1200,11,20,0.0,0.0,0.0,0.0,0.0,0.0,0.0,0.0
49681,53,17,72.0,104.0,36.0,36.0,36.0,0.0,52.0,52.0,52.0,0.0,53.33,88.717,154.0,3.0,3.0,3.0,0.0,3.0,3.0,3.0,3.0,0.0,3.0,3.0,0,0,0,0,36.0,52.0,0,0,0,0,0,0,0,0,1.0,53.0,36.0,52.0,0,0,0,0,0,0,2,72,2,104,-1,-1,1,20,0.0,0.0,0.0,0.0,0.0,0.0,0.0,0.0
57031,53,17,74.0,154.0,37.0,37.0,37.0,0.0,77.0,77.0,77.0,0.0,62.66,102.968,182.0,3.0,3.0,3.0,0.0,3.0,3.0,3.0,3.0,0.0,3.0,3.0,0,0,0,0,37.0,77.0,0,0,0,0,0,0,0,0,1.0,66.25,37.0,77.0,0,0,0,0,0,0,2,74,2,154,-1,-1,1,32,0.0,0.0,0.0,0.0,0.0,0.0,0.0,0.0
59578,53,17,84.0,278.0,42.0,42.0,42.0,0.0,139.0,139.0,139.0,0.0,73.33,122.767,214.0,3.0,3.0,3.0,0.0,3.0,3.0,3.0,3.0,0.0,3.0,3.0,0,0,0,0,42.0,139.0,0,0,0,0,0,0,0,0,1.0,101.0,42.0,139.0,0,0,0,0,0,0,2,84,2,278,-1,-1,1,20,0.0,0.0,0.0,0.0,0.0,0.0,0.0,0.0
53601,80,6,6.0,6.0,6.0,6.0,6.0,0.0,6.0,6.0,6.0,0.0,69751.0,0.0,69751.0,69751.0,0.0,0.0,0.0,0.0,0.0,0.0,0.0,0.0,0.0,0.0,0,0,0,0,6.0,6.0,0,0,0,0,1,1,0,0,1.0,9.0,6.0,6.0,0,0,0,0,0,0,1,6,1,6,250,37,0,20,0.0,0.0,0.0,0.0,0.0,0.0,0.0,0.0
61125,443,6,902.0,26426.0,535.0,0.0,64.0526,153.7206,4290.0,0.0,1710.2222,989.2915,28112.35,56994.686,285680.0,1.0,471528.0,46340.66,77064.419,286680.0,1.0,445425.0,37038.46,96090.43,256169.0,48.0,0,0,0,0,0.0,4290.0,0,0,0,1,0,0,0,0,1.0,993.2913,64.0526,1710.2222,0,0,0,0,0,0,19,902,18,26426,65535,143,4,32,0.0,0.0,0.0,0.0,0.0,0.0,0.0,0.0
443,36816,6,31.0,6.0,31.0,0.0,15.5,21.9203,6.0,6.0,6.0,0.0,25.0,35.155,59.0,3.0,3.0,3.0,0.0,3.0,3.0,0.0,0.0,0.0,0.0,0.0,1,0,0,0,0.0,31.0,0,1,0,0,1,0,0,0,0.0,22.6667,15.5,6.0,0,0,0,0,0,0,2,31,1,6,1039,0,0,32,0.0,0.0,0.0,0.0,0.0,0.0,0.0,0.0
49426,443,6,862.0,6075.0,364.0,0.0,69.4,112.889,1746.0,0.0,667.8385,770.5145,868560.05,2764626.817,10023905.0,4.0,12914085.0,1590759.44,3575605.858,10023905.0,176.0,12421571.0,1807140.66,3574157.49,10177131.0,4.0,0,0,0,0,0.0,1746.0,0,0,0,1,0,0,0,0,0.0,329.8086,69.4,667.8385,0,0,0,0,0,0,10,862,7,6075,29200,5627,4,32,298111.0,0.0,298111.0,298111.0,10023967.0,0.0,10023907.0,10023967.0
39250,80,6,1254.0,314.0,1294.0,0.0,337.6667,595.4406,314.0,0.0,73.5,141.0,341956.4,619783.006,1924943.0,226.0,163674.0,41837.0,69104.57,25279.0,286.0,1024186.0,708728.0,793068.985,1924730.0,268.0,0,0,0,0,0.0,1294.0,0,0,0,1,0,0,0,0,1.0,186.3714,337.6667,73.5,0,0,0,0,0,0,3,1254,4,314,29200,246,1,20,0.0,0.0,0.0,0.0,0.0,0.0,0.0,0.0
443,62473,6,2050.0,6.0,1460.0,0.0,570.0,700.0,6.0,6.0,6.0,0.0,443.0,726.638,1826.0,4.0,1890.0,940.0,258.16,1896.0,60.0,0.0,0.0,0.0,0.0,0.0,0,0,0,0,0.0,1460.0,0,0,0,0,1,0,0,0,0.0,484.0,570.0,6.0,0,0,0,0,0,0,3,2050,1,6,31,0,0,32,0.0,0.0,0.0,0.0,0.0,0.0,0.0,0.0
443,50611,6,37.0,6.0,37.0,0.0,18.5,26.163,6.0,6.0,6.0,0.0,238.0,49.096,224.0,28.0,436.0,436.0,0.0,436.0,436.0,0.0,0.0,0.0,0.0,0.0,1,0,0,0,0.0,37.0,0,1,0,0,1,0,0,0,0.0,26.6667,18.5,6.0,0,0,0,0,0,0,2,37,1,6,972,0,0,32,0.0,0.0,0.0,0.0,0.0,0.0,0.0,0.0
54325,53,17,132.0,138.0,33.0,33.0,33.0,0.0,69.0,69.0,69.0,0.0,20760.8,36777.424,62319.0,3.0,62392.0,20864.66,35479.08,62396.0,3.0,3.0,3.0,0.0,3.0,3.0,0,0,0,0,33.0,69.0,0,0,0,0,0,0,0,0,0.0,53.8333,33.0,69.0,0,0,0,0,0,0,4,132,2,138,-1,-1,3,20,0.0,0.0,0.0,0.0,0.0,0.0,0.0,0.0
55380,443,6,905.0,10731.0,504.0,0.0,52.9714,135.1259,3749.0,0.0,1654.6842,1136.0629,28049.13,66832.798,273696.0,42.0,695559.0,45952.76,75817.282,273656.0,48.0,260871.0,36582.1,91101.977,225481.0,48.0,0,0,0,0,0.0,3749.0,0,0,0,1,0,0,0,0,0.0,340.1559,52.9714,1654.6842,0,0,0,0,0,0,14,905,11,10731,65535,61,6,32,0.0,0.0,0.0,0.0,0.0,0.0,0.0,0.0
53094,443,6,799.0,5992.0,413.0,0.0,34.6364,99.1465,1460.0,0.0,375.5882,547.8115,2208848.5,4183513.755,10015155.0,3.0,116683023.0,4858300.68,4981766.408,10129452.0,3.0,111077210.0,4610892.05,5005297.011,10132166.0,48.0,0,0,0,0,0.0,1460.0,0,0,0,1,0,0,0,0,0.0,186.8196,34.6364,375.5882,0,0,0,0,0,0,22,799,21,5992,8192,123,21,20,88447.18,157819.148,558603.0,23100.0,9603926.16,1404888.755,10015156.0,5652565.0
443,60734,6,50.0,6.0,38.0,6.0,16.6667,18.4752,6.0,6.0,6.0,0.0,1695.66,2995.075,3366.0,3.0,3391.0,1695.5,2697.26,3366.0,3.0,0.0,0.0,0.0,0.0,0.0,0,0,0,0,6.0,38.0,0,0,0,0,1,0,0,0,0.0,15.5,16.6667,6.0,0,0,0,0,0,0,3,50,1,6,351,0,2,20,0.0,0.0,0.0,0.0,0.0,0.0,0.0,0.0
443,52469,6,0.0,18.0,0.0,0.0,0.0,0.0,6.0,6.0,6.0,0.0,34.0,40.008,65.0,1.0,0.0,0.0,0.0,0.0,0.0,4.0,2.0,1.414,3.0,1.0,0,0,0,0,0.0,6.0,0,0,0,0,1,0,0,0,3.0,4.5,0.0,6.0,0,0,0,0,0,0,1,0,3,18,972,0,0,32,0.0,0.0,0.0,0.0,0.0,0.0,0.0,0.0
55203,53,17,78.0,206.0,39.0,39.0,39.0,0.0,103.0,103.0,103.0,0.0,10356.0,17966.987,31062.0,3.0,3.0,3.0,0.0,3.0,3.0,48.0,48.0,0.0,48.0,48.0,0,0,0,0,39.0,103.0,0,0,0,0,0,0,0,0,1.0,80.75,39.0,103.0,0,0,0,0,0,0,2,78,2,206,-1,-1,1,20,0.0,0.0,0.0,0.0,0.0,0.0,0.0,0.0
4629,80,6,12.0,0.0,6.0,6.0,6.0,0.0,0.0,0.0,0.0,0.0,47.0,0.0,47.0,47.0,47.0,47.0,0.0,47.0,47.0,0.0,0.0,0.0,0.0,0.0,0,0,0,0,6.0,6.0,0,0,0,0,1,0,0,0,0.0,9.0,6.0,0.0,0,0,0,0,0,0,2,12,0,0,254,-1,1,20,0.0,0.0,0.0,0.0,0.0,0.0,0.0,0.0
64789,53,17,90.0,164.0,45.0,45.0,45.0,0.0,82.0,82.0,82.0,0.0,16154.66,27967.091,48457.0,4.0,49.0,49.0,0.0,49.0,49.0,4.0,4.0,0.0,4.0,4.0,0,0,0,0,45.0,82.0,0,0,0,0,0,0,0,0,1.0,74.75,45.0,82.0,0,0,0,0,0,0,2,90,2,164,-1,-1,1,32,0.0,0.0,0.0,0.0,0.0,0.0,0.0,0.0
37586,443,6,0.0,0.0,0.0,0.0,0.0,0.0,0.0,0.0,0.0,0.0,157.0,0.0,157.0,157.0,157.0,157.0,0.0,157.0,157.0,0.0,0.0,0.0,0.0,0.0,0,0,0,0,0.0,0.0,0,0,0,0,1,0,0,0,0.0,0.0,0.0,0.0,0,0,0,0,0,0,2,0,0,0,369,-1,0,32,0.0,0.0,0.0,0.0,0.0,0.0,0.0,0.0
49895,53,17,76.0,108.0,38.0,38.0,38.0,0.0,54.0,54.0,54.0,0.0,49.66,82.761,142.0,3.0,3.0,3.0,0.0,3.0,3.0,4.0,4.0,0.0,4.0,4.0,0,0,0,0,38.0,54.0,0,0,0,0,0,0,0,0,1.0,55.5,38.0,54.0,0,0,0,0,0,0,2,76,2,108,-1,-1,1,32,0.0,0.0,0.0,0.0,0.0,0.0,0.0,0.0
55137,443,6,12.0,0.0,6.0,6.0,6.0,0.0,0.0,0.0,0.0,0.0,6958898.0,0.0,6958898.0,6958898.0,6958898.0,6958898.0,0.0,6958898.0,6958898.0,0.0,0.0,0.0,0.0,0.0,0,0,0,0,6.0,6.0,0,0,0,0,1,0,0,0,0.0,9.0,6.0,0.0,0,0,0,0,0,0,2,12,0,0,16294,-1,1,20,0.0,0.0,0.0,0.0,0.0,0.0,0.0,0.0
60104,53,17,176.0,607.0,44.0,44.0,44.0,0.0,307.0,307.0,307.5,1.9143,24587232.57,49426393.204,104476398.0,2.0,104404371.0,54424120.33,66963089.008,104404315.0,4400002.0,104430275.0,54430275.0,838502.166,104430273.0,60002.0,0,0,0,0,44.0,307.0,0,0,0,0,0,0,0,0,1.0,145.3333,44.0,307.5,0,0,0,0,0,0,4,176,2,607,-1,-1,3,20,683.0,0.0,683.0,683.0,104476384.0,0.0,104476394.0,104476384.0
61554,53,17,55.0,110.0,55.0,55.0,55.0,0.0,110.0,110.0,110.0,0.0,31142.0,0.0,31142.0,31142.0,0.0,0.0,0.0,0.0,0.0,0.0,0.0,0.0,0.0,0.0,0,0,0,0,55.0,110.0,0,0,0,0,0,0,0,0,1.0,110.0,55.0,110.0,0,0,0,0,0,0,1,55,1,110,-1,-1,0,20,0.0,0.0,0.0,0.0,0.0,0.0,0.0,0.0
50496,443,6,1003.0,4220.0,725.0,0.0,114.375,242.1709,1418.0,0.0,532.0,616.3786,11173.0,15675.698,34733.0,1.0,154054.0,12673.0,17970.814,35238.0,1.0,101895.0,17416.33,18943.439,52087.0,4.0,0,0,0,0,0.0,1418.0,0,0,0,1,0,0,0,0,0.0,270.6333,114.375,532.0,0,0,0,0,0,0,8,1003,7,4220,65535,352,4,32,0.0,0.0,0.0,0.0,0.0,0.0,0.0,0.0
60245,53,17,42.0,190.0,42.0,42.0,42.0,0.0,190.0,190.0,190.0,0.0,268876.0,0.0,268876.0,268876.0,0.0,0.0,0.0,0.0,0.0,0.0,0.0,0.0,0.0,0.0,0,0,0,0,42.0,190.0,0,0,0,0,0,0,0,0,1.0,137.0,42.0,190.0,0,0,0,0,0,0,1,42,1,190,-1,-1,0,32,0.0,0.0,0.0,0.0,0.0,0.0,0.0,0.0
51375,80,6,439.0,859.0,439.0,0.0,146.3333,253.4568,859.0,0.0,214.75,429.5,8145.33,11164.51,23710.0,4.0,26691.0,13345.5,16120.645,23750.0,3051.0,28677.0,8599.66,13797.503,23187.0,4.0,0,0,0,0,0.0,859.0,0,0,0,1,0,0,0,0,1.0,185.4286,146.3333,214.75,0,0,0,0,0,0,3,439,4,859,29200,31,1,32,0.0,0.0,0.0,0.0,0.0,0.0,0.0,0.0
443,50705,6,0.0,0.0,0.0,0.0,0.0,0.0,0.0,0.0,0.0,0.0,3.0,0.0,3.0,3.0,3.0,3.0,0.0,3.0,3.0,0.0,0.0,0.0,0.0,0.0,0,0,0,0,0.0,0.0,0,0,0,0,1,0,0,0,0.0,0.0,0.0,0.0,0,0,0,0,0,0,2,0,0,0,362,-1,0,32,0.0,0.0,0.0,0.0,0.0,0.0,0.0,0.0
35854,80,6,6.0,6.0,6.0,0.0,2.0,3.4641,6.0,0.0,2.0,3.4641,663936.0,901212.291,2023961.0,46.0,1249711.0,624855.5,991492.147,1247909.0,23355.0,3245617.0,1763208.5,506158.272,2040027.0,1245927.0,0,0,0,0,0.0,6.0,0,0,0,1,0,0,0,0,1.0,2.0,2.0,2.0,0,0,0,0,0,0,3,6,3,6,29200,29,1,20,0.0,0.0,0.0,0.0,0.0,0.0,0.0,0.0
51332,443,6,1226.0,443.0,965.0,0.0,125.6,295.1447,293.0,0.0,88.6,149.1213,10592.71,14838.773,38230.0,40.0,136119.0,15487.0,30088.579,52662.0,48.0,103921.0,25265.25,17013.192,39952.0,449.0,0,0,0,0,0.0,965.0,0,0,0,1,0,0,0,0,0.0,112.7333,125.6,88.6,0,0,0,0,0,0,10,1226,5,443,65535,362,9,20,0.0,0.0,0.0,0.0,0.0,0.0,0.0,0.0
61776,53,17,57.0,89.0,57.0,57.0,57.0,0.0,89.0,89.0,89.0,0.0,32436.0,0.0,32436.0,32436.0,0.0,0.0,0.0,0.0,0.0,0.0,0.0,0.0,0.0,0.0,0,0,0,0,57.0,89.0,0,0,0,0,0,0,0,0,1.0,101.5,57.0,89.0,0,0,0,0,0,0,1,57,1,89,-1,-1,0,32,0.0,0.0,0.0,0.0,0.0,0.0,0.0,0.0
55426,80,6,397.0,633.0,389.0,0.0,79.0,161.3219,623.0,0.0,234.75,330.5069,338814.14,834629.279,2784731.0,61.0,329103.0,85773.25,128223.898,222883.0,235.0,2045351.0,721310.0,1242011.034,2994877.0,1186.0,0,0,0,0,0.0,623.0,0,0,0,1,0,0,0,0,1.0,143.875,79.0,234.75,0,0,0,0,0,0,5,397,4,633,8192,10,3,20,0.0,0.0,0.0,0.0,0.0,0.0,0.0,0.0
80,55872,6,6.0,6.0,6.0,6.0,6.0,0.0,6.0,6.0,6.0,0.0,33.0,0.0,33.0,33.0,0.0,0.0,0.0,0.0,0.0,0.0,0.0,0.0,0.0,0.0,0,0,0,0,6.0,6.0,0,0,0,0,1,1,0,0,1.0,9.0,6.0,6.0,0,0,0,0,0,0,1,6,1,6,229,256,0,20,0.0,0.0,0.0,0.0,0.0,0.0,0.0,0.0
31946,53,17,72.0,246.0,36.0,36.0,36.0,0.0,123.0,123.0,123.0,0.0,70890.66,135200.911,222721.0,3.0,3.0,3.0,0.0,3.0,3.0,3.0,3.0,0.0,3.0,3.0,0,0,0,0,36.0,123.0,0,0,0,0,0,0,0,0,1.0,88.5,36.0,123.0,0,0,0,0,0,0,2,72,2,246,-1,-1,1,32,0.0,0.0,0.0,0.0,0.0,0.0,0.0,0.0
123,123,17,48.0,48.0,48.0,48.0,48.0,0.0,48.0,48.0,48.0,0.0,92429.0,0.0,92429.0,92429.0,0.0,0.0,0.0,0.0,0.0,0.0,0.0,0.0,0.0,0.0,0,0,0,0,48.0,48.0,0,0,0,0,0,0,0,0,1.0,72.0,48.0,48.0,0,0,0,0,0,0,1,48,1,48,-1,-1,0,20,0.0,0.0,0.0,0.0,0.0,0.0,0.0,0.0
123,123,17,48.0,48.0,48.0,48.0,48.0,0.0,48.0,48.0,48.0,0.0,22719.0,0.0,22719.0,22719.0,0.0,0.0,0.0,0.0,0.0,0.0,0.0,0.0,0.0,0.0,0,0,0,0,48.0,48.0,0,0,0,0,0,0,0,0,1.0,72.0,48.0,48.0,0,0,0,0,0,0,1,48,1,48,-1,-1,0,20,0.0,0.0,0.0,0.0,0.0,0.0,0.0,0.0
60739,53,17,46.0,178.0,46.0,46.0,46.0,0.0,178.0,178.0,178.0,0.0,60969.0,0.0,60969.0,60969.0,0.0,0.0,0.0,0.0,0.0,0.0,0.0,0.0,0.0,0.0,0,0,0,0,46.0,178.0,0,0,0,0,0,0,0,0,1.0,135.0,46.0,178.0,0,0,0,0,0,0,1,46,1,178,-1,-1,0,20,0.0,0.0,0.0,0.0,0.0,0.0,0.0,0.0
56226,53,17,84.0,192.0,42.0,42.0,42.0,0.0,96.0,96.0,96.0,0.0,10313.0,17883.289,30938.0,3.0,3.0,3.0,0.0,3.0,3.0,3.0,3.0,0.0,3.0,3.0,0,0,0,0,42.0,96.0,0,0,0,0,0,0,0,0,1.0,79.5,42.0,96.0,0,0,0,0,0,0,2,84,2,192,-1,-1,1,20,0.0,0.0,0.0,0.0,0.0,0.0,0.0,0.0
443,63283,6,37.0,0.0,37.0,0.0,18.5,26.163,0.0,0.0,0.0,0.0,3.0,0.0,3.0,3.0,3.0,3.0,0.0,3.0,3.0,0.0,0.0,0.0,0.0,0.0,1,0,0,0,0.0,37.0,0,1,0,0,1,0,0,0,0.0,37.0,18.5,0.0,0,0,0,0,0,0,2,37,0,0,972,-1,0,32,0.0,0.0,0.0,0.0,0.0,0.0,0.0,0.0
48457,443,6,783.0,10900.0,238.0,0.0,36.125,70.6002,2022.0,0.0,742.36,883.9374,1858600.92,3860232.39,10151153.0,3.0,65614912.0,3816010.53,4967603.758,10240011.0,290.0,65459885.0,3702431.53,4997572.829,10240071.0,48.0,0,0,0,0,0.0,2022.0,0,0,0,1,0,0,0,0,0.0,398.2348,36.125,742.36,0,0,0,0,0,0,16,783,18,10900,29200,123,5,32,41823.66,80368.456,255311.0,22967.0,10157868.16,77096.265,10151157.0,10012438.0
60108,53,17,53.0,117.0,53.0,53.0,53.0,0.0,117.0,117.0,117.0,0.0,23468.0,0.0,23468.0,23468.0,0.0,0.0,0.0,0.0,0.0,0.0,0.0,0.0,0.0,0.0,0,0,0,0,53.0,117.0,0,0,0,0,0,0,0,0,1.0,111.5,53.0,117.0,0,0,0,0,0,0,1,53,1,117,-1,-1,0,20,0.0,0.0,0.0,0.0,0.0,0.0,0.0,0.0
44796,53,17,66.0,278.0,33.0,33.0,33.0,0.0,139.0,139.0,139.0,0.0,10449.0,18089.602,31343.0,3.0,3.0,3.0,0.0,3.0,3.0,4.0,4.0,0.0,4.0,4.0,0,0,0,0,33.0,139.0,0,0,0,0,0,0,0,0,1.0,94.25,33.0,139.0,0,0,0,0,0,0,2,66,2,278,-1,-1,1,20,0.0,0.0,0.0,0.0,0.0,0.0,0.0,0.0
443,51052,6,43.0,0.0,37.0,6.0,21.5,21.9203,0.0,0.0,0.0,0.0,3.0,0.0,3.0,3.0,3.0,3.0,0.0,3.0,3.0,0.0,0.0,0.0,0.0,0.0,1,0,0,0,6.0,37.0,0,1,0,0,1,0,0,0,0.0,40.0,21.5,0.0,0,0,0,0,0,0,2,43,0,0,40293,-1,1,20,0.0,0.0,0.0,0.0,0.0,0.0,0.0,0.0
63300,53,17,68.0,270.0,34.0,34.0,34.0,0.0,135.0,135.0,135.0,0.0,65.66,101.711,189.0,3.0,3.0,3.0,0.0,3.0,3.0,3.0,3.0,0.0,3.0,3.0,0,0,0,0,34.0,135.0,0,0,0,0,0,0,0,0,1.0,93.0,34.0,135.0,0,0,0,0,0,0,2,68,2,270,-1,-1,1,20,0.0,0.0,0.0,0.0,0.0,0.0,0.0,0.0
34435,53,17,84.0,362.0,42.0,42.0,42.0,0.0,181.0,181.0,181.0,0.0,20381.66,35128.604,61032.0,1.0,3.0,3.0,0.0,3.0,3.0,48.0,48.0,0.0,48.0,48.0,0,0,0,0,42.0,181.0,0,0,0,0,0,0,0,0,1.0,122.0,42.0,181.0,0,0,0,0,0,0,2,84,2,362,-1,-1,1,32,0.0,0.0,0.0,0.0,0.0,0.0,0.0,0.0
51068,80,6,899.0,2061.0,819.0,0.0,245.5,472.0243,1448.0,0.0,455.2,650.913,75127.81,132961.648,217568.0,4.0,292317.0,142105.66,147562.75,215567.0,139.0,207422.0,69470.0,121936.979,206045.0,4.0,0,0,0,0,0.0,1448.0,0,0,0,1,0,0,0,0,1.0,396.8571,245.5,455.2,0,0,0,0,0,0,4,899,5,2061,29200,5824,1,32,0.0,0.0,0.0,0.0,0.0,0.0,0.0,0.0
51593,53,17,90.0,122.0,45.0,45.0,45.0,0.0,61.0,61.0,61.0,0.0,10337.66,17882.441,30906.0,48.0,49.0,49.0,0.0,49.0,49.0,48.0,48.0,0.0,48.0,48.0,0,0,0,0,45.0,61.0,0,0,0,0,0,0,0,0,1.0,64.25,45.0,61.0,0,0,0,0,0,0,2,90,2,122,-1,-1,1,20,0.0,0.0,0.0,0.0,0.0,0.0,0.0,0.0
52337,80,6,467.0,456.0,459.0,0.0,86.25,187.01,456.0,0.0,150.2,233.2588,1226609.66,3348320.527,10007073.0,68.0,10279489.0,2596453.71,4943562.136,10007173.0,654.0,15196143.0,3564088.66,4776697.425,10052107.0,2760.0,0,0,0,0,0.0,459.0,0,0,0,1,0,0,0,0,1.0,102.7,86.25,150.2,0,0,0,0,0,0,8,467,4,456,8192,233,7,20,107176.0,0.0,107176.0,107176.0,10007061.0,0.0,10007061.0,10007061.0
56526,53,17,148.0,416.0,37.0,37.0,37.0,0.0,104.0,104.0,104.0,0.0,13193.42,26912.771,64852.0,3.0,95832.0,31914.66,59514.233,95881.0,3.0,99538.0,33536.0,54089.789,99538.0,3.0,0,0,0,0,37.0,104.0,0,0,0,0,0,0,0,0,1.0,76.125,37.0,104.0,0,0,0,0,0,0,4,148,4,416,-1,-1,3,20,0.0,0.0,0.0,0.0,0.0,0.0,0.0,0.0
54494,53,17,62.0,172.0,31.0,31.0,31.0,0.0,86.0,86.0,86.0,0.0,22317.0,38569.454,67945.0,1.0,1.0,1.0,0.0,1.0,1.0,4.0,4.0,0.0,4.0,4.0,0,0,0,0,31.0,86.0,0,0,0,0,0,0,0,0,1.0,66.25,31.0,86.0,0,0,0,0,0,0,2,62,2,172,-1,-1,1,32,0.0,0.0,0.0,0.0,0.0,0.0,0.0,0.0
52656,53,17,86.0,118.0,43.0,43.0,43.0,0.0,59.0,59.0,59.0,0.0,53.33,58.318,109.0,2.0,2.0,2.0,0.0,2.0,2.0,48.0,48.0,0.0,48.0,48.0,0,0,0,0,43.0,59.0,0,0,0,0,0,0,0,0,1.0,61.75,43.0,59.0,0,0,0,0,0,0,2,86,2,118,-1,-1,1,32,0.0,0.0,0.0,0.0,0.0,0.0,0.0,0.0
62114,53,17,50.0,111.0,50.0,50.0,50.0,0.0,111.0,111.0,111.0,0.0,30970.0,0.0,30970.0,30970.0,0.0,0.0,0.0,0.0,0.0,0.0,0.0,0.0,0.0,0.0,0,0,0,0,50.0,111.0,0,0,0,0,0,0,0,0,1.0,105.5,50.0,111.0,0,0,0,0,0,0,1,50,1,111,-1,-1,0,32,0.0,0.0,0.0,0.0,0.0,0.0,0.0,0.0
33134,443,6,187.0,92.0,46.0,6.0,26.7143,20.0891,46.0,46.0,46.0,0.0,7968475.9,20300633.668,58003314.0,49.0,63799829.0,10575959.5,23134055.643,58003314.0,49.0,58291918.0,58291918.0,0.0,58191918.0,58291918.0,1,0,0,0,6.0,46.0,0,1,0,0,1,0,0,0,0.0,36.1111,26.7143,46.0,0,0,0,0,0,0,7,187,2,92,2858,1381,6,20,93365.0,0.0,93365.0,93365.0,58003364.0,0.0,58003314.0,58003364.0
49891,53,17,80.0,112.0,40.0,40.0,40.0,0.0,56.0,56.0,56.0,0.0,49.33,75.252,136.0,3.0,3.0,3.0,0.0,3.0,3.0,3.0,3.0,0.0,3.0,3.0,0,0,0,0,40.0,56.0,0,0,0,0,0,0,0,0,1.0,58.0,40.0,56.0,0,0,0,0,0,0,2,80,2,112,-1,-1,1,20,0.0,0.0,0.0,0.0,0.0,0.0,0.0,0.0
61203,53,17,48.0,80.0,48.0,48.0,48.0,0.0,80.0,80.0,80.0,0.0,31286.0,0.0,31286.0,31286.0,0.0,0.0,0.0,0.0,0.0,0.0,0.0,0.0,0.0,0.0,0,0,0,0,48.0,80.0,0,0,0,0,0,0,0,0,1.0,88.0,48.0,80.0,0,0,0,0,0,0,1,48,1,80,-1,-1,0,32,0.0,0.0,0.0,0.0,0.0,0.0,0.0,0.0
443,52479,6,12.0,0.0,6.0,6.0,6.0,0.0,0.0,0.0,0.0,0.0,999769.0,0.0,999769.0,999769.0,999769.0,999769.0,0.0,999769.0,999769.0,0.0,0.0,0.0,0.0,0.0,0,0,0,0,6.0,6.0,0,0,0,0,1,0,0,0,0.0,9.0,6.0,0.0,0,0,0,0,0,0,2,12,0,0,6284,-1,1,20,0.0,0.0,0.0,0.0,0.0,0.0,0.0,0.0
59628,443,6,29.0,0.0,29.0,0.0,5.8,12.9692,0.0,0.0,0.0,0.0,22438.75,44277.991,88241.0,1.0,88278.0,22587.0,48564.452,88241.0,1.0,0.0,0.0,0.0,0.0,0.0,0,0,0,0,0.0,29.0,0,0,0,0,1,0,0,0,0.0,5.8,5.8,0.0,0,0,0,0,0,0,5,29,0,0,33061,-1,1,32,0.0,0.0,0.0,0.0,0.0,0.0,0.0,0.0
55961,443,6,801.0,5697.0,458.0,0.0,55.1,120.7996,1524.0,0.0,479.9692,596.5023,2107314.53,4188717.611,10007192.0,4.0,41667197.0,4067196.92,5000990.916,10013519.0,127.0,46503721.0,4107116.52,5060266.545,10011038.0,4.0,0,0,0,0,0.0,1524.0,0,0,0,1,0,0,0,0,0.0,220.1143,55.1,479.9692,0,0,0,0,0,0,15,801,13,5697,8192,66,13,20,124468.75,317740.221,922555.0,22977.0,9818783.0,334273.731,10007199.0,9949600.0
64455,53,17,70.0,102.0,35.0,35.0,35.0,0.0,51.0,51.0,51.0,0.0,64.0,21.053,96.0,48.0,49.0,49.0,0.0,49.0,49.0,48.0,48.0,0.0,48.0,48.0,0,0,0,0,35.0,51.0,0,0,0,0,0,0,0,0,1.0,51.75,35.0,51.0,0,0,0,0,0,0,2,70,2,102,-1,-1,1,32,0.0,0.0,0.0,0.0,0.0,0.0,0.0,0.0
56015,53,17,46.0,46.0,23.0,23.0,23.0,0.0,23.0,23.0,23.0,0.0,53.66,82.621,155.0,1.0,1.0,1.0,0.0,1.0,1.0,1.0,1.0,0.0,1.0,1.0,0,0,0,0,23.0,23.0,0,0,0,0,0,0,0,0,1.0,28.75,23.0,23.0,0,0,0,0,0,0,2,46,2,46,-1,-1,1,32,0.0,0.0,0.0,0.0,0.0,0.0,0.0,0.0
46436,443,6,12.0,0.0,6.0,6.0,6.0,0.0,0.0,0.0,0.0,0.0,3.0,0.0,3.0,3.0,3.0,3.0,0.0,3.0,3.0,0.0,0.0,0.0,0.0,0.0,0,0,0,0,6.0,6.0,1,0,0,0,0,0,0,0,0.0,9.0,6.0,0.0,0,0,0,0,0,0,2,12,0,0,0,-1,1,20,0.0,0.0,0.0,0.0,0.0,0.0,0.0,0.0
80,50838,6,0.0,0.0,0.0,0.0,0.0,0.0,0.0,0.0,0.0,0.0,53.0,0.0,53.0,53.0,0.0,0.0,0.0,0.0,0.0,0.0,0.0,0.0,0.0,0.0,0,0,0,0,0.0,0.0,0,0,0,0,1,1,0,0,1.0,0.0,0.0,0.0,0,0,0,0,0,0,1,0,1,0,905,229,0,32,0.0,0.0,0.0,0.0,0.0,0.0,0.0,0.0
36132,80,6,0.0,0.0,0.0,0.0,0.0,0.0,0.0,0.0,0.0,0.0,596.0,0.0,596.0,596.0,596.0,596.0,0.0,596.0,596.0,0.0,0.0,0.0,0.0,0.0,0,0,0,0,0.0,0.0,0,0,0,0,1,0,0,0,0.0,0.0,0.0,0.0,0,0,0,0,0,0,2,0,0,0,242,-1,0,32,0.0,0.0,0.0,0.0,0.0,0.0,0.0,0.0
61369,53,17,57.0,128.0,57.0,57.0,57.0,0.0,128.0,128.0,128.0,0.0,48494.0,0.0,48494.0,48494.0,0.0,0.0,0.0,0.0,0.0,0.0,0.0,0.0,0.0,0.0,0,0,0,0,57.0,128.0,0,0,0,0,0,0,0,0,1.0,111.0,57.0,128.0,0,0,0,0,0,0,1,57,1,128,-1,-1,0,32,0.0,0.0,0.0,0.0,0.0,0.0,0.0,0.0
60641,53,17,52.0,68.0,52.0,52.0,52.0,0.0,68.0,68.0,68.0,0.0,30602.0,0.0,30602.0,30602.0,0.0,0.0,0.0,0.0,0.0,0.0,0.0,0.0,0.0,0.0,0,0,0,0,52.0,68.0,0,0,0,0,0,0,0,0,1.0,86.0,52.0,68.0,0,0,0,0,0,0,1,52,1,68,-1,-1,0,32,0.0,0.0,0.0,0.0,0.0,0.0,0.0,0.0
55966,443,6,12.0,0.0,6.0,6.0,6.0,0.0,0.0,0.0,0.0,0.0,3.0,0.0,3.0,3.0,3.0,3.0,0.0,3.0,3.0,0.0,0.0,0.0,0.0,0.0,0,0,0,0,6.0,6.0,1,0,0,0,0,0,0,0,0.0,9.0,6.0,0.0,0,0,0,0,0,0,2,12,0,0,0,-1,1,20,0.0,0.0,0.0,0.0,0.0,0.0,0.0,0.0
61058,53,17,56.0,116.0,56.0,56.0,56.0,0.0,116.0,116.0,116.0,0.0,60707.0,0.0,60707.0,60707.0,0.0,0.0,0.0,0.0,0.0,0.0,0.0,0.0,0.0,0.0,0,0,0,0,56.0,116.0,0,0,0,0,0,0,0,0,1.0,114.0,56.0,116.0,0,0,0,0,0,0,1,56,1,116,-1,-1,0,20,0.0,0.0,0.0,0.0,0.0,0.0,0.0,0.0
51585,53,17,70.0,166.0,35.0,35.0,35.0,0.0,83.0,83.0,83.0,0.0,64.0,77.951,141.0,3.0,4.0,4.0,0.0,4.0,4.0,49.0,49.0,0.0,49.0,49.0,0,0,0,0,35.0,83.0,0,0,0,0,0,0,0,0,1.0,67.75,35.0,83.0,0,0,0,0,0,0,2,70,2,166,-1,-1,1,20,0.0,0.0,0.0,0.0,0.0,0.0,0.0,0.0
80,51205,6,6.0,6.0,6.0,6.0,6.0,0.0,6.0,6.0,6.0,0.0,39.0,0.0,39.0,39.0,0.0,0.0,0.0,0.0,0.0,0.0,0.0,0.0,0.0,0.0,0,0,0,0,6.0,6.0,0,0,0,0,1,1,0,0,1.0,9.0,6.0,6.0,0,0,0,0,0,0,1,6,1,6,129,256,0,20,0.0,0.0,0.0,0.0,0.0,0.0,0.0,0.0
51593,53,17,76.0,204.0,38.0,38.0,38.0,0.0,102.0,102.0,102.0,0.0,51.33,85.455,148.0,3.0,3.0,3.0,0.0,3.0,3.0,3.0,3.0,0.0,3.0,3.0,0,0,0,0,38.0,102.0,0,0,0,0,0,0,0,0,1.0,79.5,38.0,102.0,0,0,0,0,0,0,2,76,2,204,-1,-1,1,32,0.0,0.0,0.0,0.0,0.0,0.0,0.0,0.0
443,48864,6,0.0,0.0,0.0,0.0,0.0,0.0,0.0,0.0,0.0,0.0,54.0,0.0,54.0,54.0,0.0,0.0,0.0,0.0,0.0,0.0,0.0,0.0,0.0,0.0,0,0,0,0,0.0,0.0,0,0,0,0,1,1,0,0,1.0,0.0,0.0,0.0,0,0,0,0,0,0,1,0,1,0,60,346,0,32,0.0,0.0,0.0,0.0,0.0,0.0,0.0,0.0
443,58704,6,37.0,6.0,37.0,0.0,18.5,26.163,6.0,6.0,6.0,0.0,134.0,92.333,174.0,47.0,234.0,234.0,0.0,234.0,234.0,0.0,0.0,0.0,0.0,0.0,1,0,0,0,0.0,37.0,0,1,0,0,1,0,0,0,0.0,26.6667,18.5,6.0,0,0,0,0,0,0,2,37,1,6,972,0,0,32,0.0,0.0,0.0,0.0,0.0,0.0,0.0,0.0
443,52274,6,6.0,6.0,6.0,6.0,6.0,0.0,6.0,6.0,6.0,0.0,49.0,0.0,49.0,49.0,0.0,0.0,0.0,0.0,0.0,0.0,0.0,0.0,0.0,0.0,0,0,0,0,6.0,6.0,0,0,0,0,1,1,0,0,1.0,9.0,6.0,6.0,0,0,0,0,0,0,1,6,1,6,113,254,0,20,0.0,0.0,0.0,0.0,0.0,0.0,0.0,0.0
52014,443,6,123.0,46.0,46.0,0.0,24.6,23.2766,46.0,46.0,46.0,0.0,826802.2,1806074.742,4132468.0,17.0,4123744.0,1035681.5,2001213.44,4132468.0,17.0,0.0,0.0,0.0,0.0,0.0,1,0,0,0,0.0,46.0,0,1,0,0,1,0,0,0,0.0,35.8333,24.6,46.0,0,0,0,0,0,0,5,123,1,46,832,126,2,32,0.0,0.0,0.0,0.0,0.0,0.0,0.0,0.0
443,54248,6,0.0,0.0,0.0,0.0,0.0,0.0,0.0,0.0,0.0,0.0,74.0,0.0,74.0,74.0,0.0,0.0,0.0,0.0,0.0,0.0,0.0,0.0,0.0,0.0,0,0,0,0,0.0,0.0,0,0,0,0,1,1,0,0,1.0,0.0,0.0,0.0,0,0,0,0,0,0,1,0,1,0,357,32832,0,32,0.0,0.0,0.0,0.0,0.0,0.0,0.0,0.0
58964,443,6,1102.0,109469.0,424.0,0.0,25.679,75.8592,4380.0,0.0,1853.0623,1291.2322,2944.87,6013.522,24908.0,-1.0,139869.0,6519.91,7582.56,27746.0,3.0,144472.0,2240.26,5724.016,15787.0,1.0,0,0,0,0,0.0,4380.0,0,0,0,1,0,0,0,0,2.0,1587.3754,25.679,1853.0623,0,0,0,0,0,0,78,1102,86,109469,65535,32,77,20,0.0,0.0,0.0,0.0,0.0,0.0,0.0,0.0
123,123,17,96.0,96.0,48.0,48.0,48.0,0.0,48.0,48.0,48.0,0.0,23033720.0,39735733.19,68910380.0,24523.0,69000000.0,69000000.0,0.0,69000000.0,69000000.0,69000850.0,69000850.0,0.0,69000850.0,69000850.0,0,0,0,0,48.0,48.0,0,0,0,0,0,0,0,0,1.0,60.0,48.0,48.0,0,0,0,0,0,0,1,96,1,96,-1,-1,0,32,87289.0,0.0,87289.0,87289.0,68910339.0,0.0,68910389.0,68910339.0
63181,53,17,70.0,166.0,35.0,35.0,35.0,0.0,83.0,83.0,83.0,0.0,10308.66,17864.023,30929.0,3.0,48.0,48.0,0.0,48.0,48.0,3.0,3.0,0.0,3.0,3.0,0,0,0,0,35.0,83.0,0,0,0,0,0,0,0,0,1.0,67.75,35.0,83.0,0,0,0,0,0,0,2,70,2,166,-1,-1,1,20,0.0,0.0,0.0,0.0,0.0,0.0,0.0,0.0
58879,53,17,72.0,104.0,36.0,36.0,36.0,0.0,52.0,52.0,52.0,0.0,54.0,80.0,154.0,4.0,4.0,4.0,0.0,4.0,4.0,4.0,4.0,0.0,4.0,4.0,0,0,0,0,36.0,52.0,0,0,0,0,0,0,0,0,1.0,53.0,36.0,52.0,0,0,0,0,0,0,2,72,2,104,-1,-1,1,40,0.0,0.0,0.0,0.0,0.0,0.0,0.0,0.0
60628,53,17,78.0,110.0,39.0,39.0,39.0,0.0,55.0,55.0,55.0,0.0,10329.33,17890.73,30930.0,3.0,3.0,3.0,0.0,3.0,3.0,3.0,3.0,0.0,3.0,3.0,0,0,0,0,39.0,55.0,0,0,0,0,0,0,0,0,1.0,56.75,39.0,55.0,0,0,0,0,0,0,2,78,2,110,-1,-1,1,32,0.0,0.0,0.0,0.0,0.0,0.0,0.0,0.0
51156,443,6,984.0,4174.0,405.0,0.0,58.4615,110.9744,1418.0,0.0,496.8889,612.9333,18590.88,34134.041,357314.0,2.0,585699.0,31073.93,59211.207,357314.0,3.0,588380.0,46818.33,62449.6,158498.0,2.0,0,0,0,0,0.0,1418.0,0,0,0,1,0,0,0,0,0.0,241.3667,58.4615,496.8889,0,0,0,0,0,0,13,984,9,4174,65535,349,6,32,0.0,0.0,0.0,0.0,0.0,0.0,0.0,0.0
46964,80,6,432.0,2266.0,426.0,0.0,27.0,108.0,2266.0,0.0,136.8571,662.6289,3986464.37,4898390.845,10216796.0,34.0,115728791.0,7715753.06,4389060.0,10240039.0,123105.0,112639849.0,8656389.16,3827575.19,10240616.0,833.0,0,0,0,0,0.0,2266.0,0,0,0,1,0,0,0,0,0.0,98.1667,27.0,136.8571,0,0,0,0,0,0,16,432,14,2266,29200,939,1,32,48892.09,56531.143,296920.0,36413.0,10206362.9,84787.115,10216797.0,10198013.0
443,49054,6,0.0,0.0,0.0,0.0,0.0,0.0,0.0,0.0,0.0,0.0,58.0,0.0,58.0,58.0,0.0,0.0,0.0,0.0,0.0,0.0,0.0,0.0,0.0,0.0,0,0,0,0,0.0,0.0,0,0,0,0,1,1,0,0,1.0,0.0,0.0,0.0,0,0,0,0,0,0,1,0,1,0,362,319,0,32,0.0,0.0,0.0,0.0,0.0,0.0,0.0,0.0
53217,80,6,12.0,0.0,6.0,0.0,4.0,3.4641,0.0,0.0,0.0,0.0,1801279.33,3110352.371,5400570.0,12.0,5503926.0,2701963.0,3830269.79,5400570.0,24056.0,0.0,0.0,0.0,0.0,0.0,0,0,0,0,0.0,6.0,0,0,0,1,0,0,0,0,0.0,3.0,4.0,0.0,0,0,0,0,0,0,3,12,1,0,8192,29200,2,20,0.0,0.0,0.0,0.0,0.0,0.0,0.0,0.0
54482,443,6,0.0,0.0,0.0,0.0,0.0,0.0,0.0,0.0,0.0,0.0,10569515.5,11881343.602,32032058.0,2993134.0,43168197.0,10568145.66,11898669.934,32032058.0,978036.0,0.0,0.0,0.0,0.0,0.0,0,0,0,0,0.0,0.0,0,0,0,1,0,0,0,0,0.0,0.0,0.0,0.0,0,0,0,0,0,0,7,0,0,0,29200,-1,0,44,7005352.0,0.0,7005352.0,7005352.0,18732883.0,12223210.6,32032053.0,12022083.0
64967,443,6,986.0,975.0,985.0,0.0,123.6667,346.7421,837.0,0.0,243.75,400.8155,28625.4,43554.629,117664.0,3.0,247049.0,41718.2,68920.909,117907.0,3.0,249760.0,49436.33,78094.611,147527.0,3.0,0,0,0,0,0.0,937.0,0,0,0,1,0,0,0,0,0.0,170.2875,123.6667,243.75,0,0,0,0,0,0,6,986,4,975,65535,65,5,32,0.0,0.0,0.0,0.0,0.0,0.0,0.0,0.0
39341,443,6,0.0,0.0,0.0,0.0,0.0,0.0,0.0,0.0,0.0,0.0,4729.0,0.0,4729.0,4729.0,4729.0,4729.0,0.0,4729.0,4729.0,0.0,0.0,0.0,0.0,0.0,0,0,0,0,0.0,0.0,0,0,0,0,1,0,0,0,0.0,0.0,0.0,0.0,0,0,0,0,0,0,2,0,0,0,1444,-1,0,32,0.0,0.0,0.0,0.0,0.0,0.0,0.0,0.0
54460,80,6,0.0,0.0,0.0,0.0,0.0,0.0,0.0,0.0,0.0,0.0,42489.0,0.0,42489.0,42489.0,0.0,0.0,0.0,0.0,0.0,0.0,0.0,0.0,0.0,0.0,0,0,0,0,0.0,0.0,0,0,0,0,1,1,0,0,1.0,0.0,0.0,0.0,0,0,0,0,0,0,1,0,1,0,237,60,0,32,0.0,0.0,0.0,0.0,0.0,0.0,0.0,0.0
44627,443,6,1232.0,8883.0,722.0,0.0,65.3636,182.7652,2726.0,0.0,686.0553,945.7877,2618680.76,4441531.51,10026947.0,4.0,116408735.0,5061086.5,4972099.57,10048075.0,4.0,110881585.0,5528947.17,5118061.735,10048972.0,49.0,0,0,0,0,0.0,2726.0,0,0,0,1,0,0,0,0,0.0,310.4617,65.3636,686.0553,0,0,0,0,0,0,22,1232,24,8883,29200,8683,4,32,63692.09,29708.63,293361.0,36762.0,9622530.75,1335072.548,10026943.0,5265779.0
440,49117,6,6.0,6.0,6.0,6.0,6.0,0.0,6.0,6.0,6.0,0.0,26.0,0.0,26.0,26.0,0.0,0.0,0.0,0.0,0.0,0.0,0.0,0.0,0.0,0.0,0,0,0,0,6.0,6.0,0,0,0,0,1,1,0,0,1.0,9.0,6.0,6.0,0,0,0,0,0,0,1,6,1,6,32,32850,0,20,0.0,0.0,0.0,0.0,0.0,0.0,0.0,0.0
53424,443,6,974.0,7387.0,469.0,0.0,64.9333,134.266,1581.0,0.0,738.7,750.4129,12200.66,24686.494,92745.0,1.0,294111.0,20911.12,29986.456,92754.0,1.0,241622.0,25451.77,39839.991,95881.0,2.0,0,0,0,0,0.0,1581.0,0,0,0,1,0,0,0,0,0.0,334.44,64.9333,738.7,0,0,0,0,0,0,15,974,10,7387,65535,357,6,32,0.0,0.0,0.0,0.0,0.0,0.0,0.0,0.0
28062,53,17,62.0,126.0,31.0,31.0,31.0,0.0,63.0,63.0,63.0,0.0,7976.33,13755.698,23928.0,1.0,1.0,1.0,0.0,1.0,1.0,3.0,3.0,0.0,3.0,3.0,0,0,0,0,31.0,63.0,0,0,0,0,0,0,0,0,1.0,54.75,31.0,63.0,0,0,0,0,0,0,2,62,2,126,-1,-1,1,20,0.0,0.0,0.0,0.0,0.0,0.0,0.0,0.0
59177,53,17,86.0,204.0,43.0,43.0,43.0,0.0,102.0,102.0,102.0,0.0,16280.0,28113.68,48830.0,3.0,4.0,4.0,0.0,4.0,4.0,3.0,3.0,0.0,3.0,3.0,0,0,0,0,43.0,102.0,0,0,0,0,0,0,0,0,1.0,83.25,43.0,102.0,0,0,0,0,0,0,2,86,2,204,-1,-1,1,20,0.0,0.0,0.0,0.0,0.0,0.0,0.0,0.0
443,60904,6,0.0,0.0,0.0,0.0,0.0,0.0,0.0,0.0,0.0,0.0,87.0,0.0,87.0,87.0,0.0,0.0,0.0,0.0,0.0,0.0,0.0,0.0,0.0,0.0,0,0,0,0,0.0,0.0,0,0,0,0,1,0,0,0,1.0,0.0,0.0,0.0,0,0,0,0,0,0,1,0,1,0,357,32832,0,32,0.0,0.0,0.0,0.0,0.0,0.0,0.0,0.0
22,57016,6,6.0,12.0,6.0,6.0,6.0,0.0,6.0,6.0,6.0,0.0,24.5,33.047,49.0,1.0,0.0,0.0,0.0,0.0,0.0,48.0,48.0,0.0,48.0,48.0,0,0,0,0,6.0,6.0,0,0,0,0,1,1,0,0,2.0,8.0,6.0,6.0,0,0,0,0,0,0,1,6,2,12,2245,250,0,20,0.0,0.0,0.0,0.0,0.0,0.0,0.0,0.0
51240,53,17,84.0,310.0,42.0,42.0,42.0,0.0,155.0,155.0,155.0,0.0,32391.66,56700.587,97166.0,4.0,48.0,48.0,0.0,48.0,48.0,4.0,4.0,0.0,4.0,4.0,0,0,0,0,42.0,155.0,0,0,0,0,0,0,0,0,1.0,109.0,42.0,155.0,0,0,0,0,0,0,2,84,2,310,-1,-1,1,20,0.0,0.0,0.0,0.0,0.0,0.0,0.0,0.0
23432,53,17,68.0,100.0,34.0,34.0,34.0,0.0,50.0,50.0,50.0,0.0,79.0,137.019,236.0,1.0,1.0,1.0,0.0,1.0,1.0,1.0,1.0,0.0,1.0,1.0,0,0,0,0,34.0,50.0,0,0,0,0,0,0,0,0,1.0,50.5,34.0,50.0,0,0,0,0,0,0,2,68,2,100,-1,-1,1,32,0.0,0.0,0.0,0.0,0.0,0.0,0.0,0.0
60826,53,17,103.0,195.0,60.0,49.0,51.5,10.6066,117.0,116.0,147.5,2.1283,35224872.33,60833665.479,116773559.0,38932.0,116763639.0,116763639.0,0.0,116763639.0,116763639.0,116764856.0,116764856.0,0.0,116764856.0,116764856.0,0,0,0,0,49.0,117.0,0,0,0,0,0,0,0,0,1.0,107.75,51.5,147.5,0,0,0,0,0,0,2,103,2,195,-1,-1,1,20,30529.0,0.0,30529.0,30529.0,116773513.0,0.0,116773513.0,116773513.0
60209,53,17,64.0,117.0,64.0,64.0,64.0,0.0,117.0,117.0,117.0,0.0,46107.0,0.0,46107.0,46107.0,0.0,0.0,0.0,0.0,0.0,0.0,0.0,0.0,0.0,0.0,0,0,0,0,64.0,117.0,0,0,0,0,0,0,0,0,1.0,122.5,64.0,117.0,0,0,0,0,0,0,1,64,1,117,-1,-1,0,32,0.0,0.0,0.0,0.0,0.0,0.0,0.0,0.0
58662,443,6,12.0,0.0,6.0,6.0,6.0,0.0,0.0,0.0,0.0,0.0,121.0,0.0,121.0,121.0,121.0,121.0,0.0,121.0,121.0,0.0,0.0,0.0,0.0,0.0,0,0,0,0,6.0,6.0,0,0,0,0,1,0,0,0,0.0,9.0,6.0,0.0,0,0,0,0,0,0,2,12,0,0,254,-1,1,20,0.0,0.0,0.0,0.0,0.0,0.0,0.0,0.0
59850,53,17,176.0,300.0,44.0,44.0,44.0,0.0,75.0,75.0,75.0,0.0,9636.14,15190.647,37960.0,1.0,37960.0,12623.0,21881.075,37965.0,1.0,49.0,49.0,0.0,49.0,49.0,0,0,0,0,44.0,75.0,0,0,0,0,0,0,0,0,0.0,67.6667,44.0,75.0,0,0,0,0,0,0,4,176,2,300,-1,-1,3,20,0.0,0.0,0.0,0.0,0.0,0.0,0.0,0.0
51972,53,17,172.0,384.0,43.0,43.0,43.0,0.0,96.0,96.0,96.0,0.0,4409.71,11591.514,30070.0,1.0,31051.0,10383.0,17987.173,31053.0,1.0,796.0,295.33,106.489,799.0,3.0,0,0,0,0,43.0,96.0,0,0,0,0,0,0,0,0,1.0,75.125,43.0,96.0,0,0,0,0,0,0,4,172,4,384,-1,-1,3,32,0.0,0.0,0.0,0.0,0.0,0.0,0.0,0.0
443,63708,6,0.0,0.0,0.0,0.0,0.0,0.0,0.0,0.0,0.0,0.0,216.0,0.0,216.0,216.0,216.0,216.0,0.0,216.0,216.0,0.0,0.0,0.0,0.0,0.0,0,0,0,0,0.0,0.0,0,0,0,0,1,0,0,0,0.0,0.0,0.0,0.0,0,0,0,0,0,0,2,0,0,0,362,-1,0,32,0.0,0.0,0.0,0.0,0.0,0.0,0.0,0.0
443,59740,6,37.0,0.0,31.0,6.0,18.5,17.6777,0.0,0.0,0.0,0.0,3.0,0.0,3.0,3.0,3.0,3.0,0.0,3.0,3.0,0.0,0.0,0.0,0.0,0.0,1,0,0,0,6.0,31.0,0,1,0,0,1,0,0,0,0.0,34.0,18.5,0.0,0,0,0,0,0,0,2,37,0,0,114,-1,1,20,0.0,0.0,0.0,0.0,0.0,0.0,0.0,0.0
59161,53,17,62.0,226.0,31.0,31.0,31.0,0.0,113.0,113.0,113.0,0.0,65.33,101.731,189.0,3.0,3.0,3.0,0.0,3.0,3.0,4.0,4.0,0.0,4.0,4.0,0,0,0,0,31.0,113.0,0,0,0,0,0,0,0,0,1.0,82.75,31.0,113.0,0,0,0,0,0,0,2,62,2,226,-1,-1,1,32,0.0,0.0,0.0,0.0,0.0,0.0,0.0,0.0
57572,443,6,545.0,3766.0,198.0,0.0,68.7143,80.4301,1460.0,0.0,660.3333,679.529,21482.0,23439.549,86161.0,3.0,352720.0,36432.66,30297.568,88081.0,3.0,183367.0,37794.4,50141.047,88724.0,49.0,0,0,0,0,0.0,1460.0,0,0,0,1,0,0,0,0,0.0,315.8333,68.7143,660.3333,0,0,0,0,0,0,7,545,6,3766,8192,60,6,20,0.0,0.0,0.0,0.0,0.0,0.0,0.0,0.0
60615,53,17,56.0,72.0,56.0,56.0,56.0,0.0,72.0,72.0,72.0,0.0,30549.0,0.0,30549.0,30549.0,0.0,0.0,0.0,0.0,0.0,0.0,0.0,0.0,0.0,0.0,0,0,0,0,56.0,72.0,0,0,0,0,0,0,0,0,1.0,92.0,56.0,72.0,0,0,0,0,0,0,1,56,1,72,-1,-1,0,20,0.0,0.0,0.0,0.0,0.0,0.0,0.0,0.0
443,49773,6,37.0,0.0,36.0,0.0,18.5,26.163,0.0,0.0,0.0,0.0,3.0,0.0,3.0,3.0,3.0,3.0,0.0,3.0,3.0,0.0,0.0,0.0,0.0,0.0,1,0,0,0,0.0,36.0,0,1,0,0,1,0,0,0,0.0,37.0,18.5,0.0,0,0,0,0,0,0,2,37,0,0,982,-1,0,32,0.0,0.0,0.0,0.0,0.0,0.0,0.0,0.0
49076,443,6,2914.0,1210.0,1653.0,0.0,99.4286,539.2998,448.0,0.0,32.0,131.8333,2426279.18,4226759.975,10025590.0,14.0,115740494.0,5032221.52,4944363.011,10047917.0,49.0,110740308.0,5533801.66,5199805.985,10048292.0,447.0,0,0,0,0,0.0,1653.0,0,0,0,1,0,0,0,0,0.0,137.7632,99.4286,32.0,0,0,0,0,0,0,23,2914,19,1210,29200,9686,4,32,56998.63,67404.244,217554.0,36489.0,10012727.54,6577.747,10025592.0,9999917.0
61287,53,17,70.0,102.0,35.0,35.0,35.0,0.0,51.0,51.0,51.0,0.0,56.33,50.91,118.0,3.0,3.0,3.0,0.0,3.0,3.0,49.0,49.0,0.0,49.0,49.0,0,0,0,0,35.0,51.0,0,0,0,0,0,0,0,0,1.0,51.75,35.0,51.0,0,0,0,0,0,0,2,70,2,102,-1,-1,1,32,0.0,0.0,0.0,0.0,0.0,0.0,0.0,0.0
63430,53,17,132.0,196.0,33.0,33.0,33.0,0.0,98.0,98.0,98.0,0.0,16109.4,23020.101,51200.0,3.0,20397.0,6195.0,17232.858,20390.0,3.0,3.0,3.0,0.0,3.0,3.0,0,0,0,0,33.0,98.0,0,0,0,0,0,0,0,0,0.0,58.8333,33.0,98.0,0,0,0,0,0,0,4,132,2,196,-1,-1,3,20,0.0,0.0,0.0,0.0,0.0,0.0,0.0,0.0
443,60666,6,12.0,0.0,6.0,6.0,6.0,0.0,0.0,0.0,0.0,0.0,3.0,0.0,3.0,3.0,3.0,3.0,0.0,3.0,3.0,0.0,0.0,0.0,0.0,0.0,0,0,0,0,6.0,6.0,0,0,0,0,1,0,0,0,0.0,9.0,6.0,0.0,0,0,0,0,0,0,2,12,0,0,377,-1,1,20,0.0,0.0,0.0,0.0,0.0,0.0,0.0,0.0
60143,53,17,55.0,118.0,55.0,55.0,55.0,0.0,118.0,118.0,118.0,0.0,33544.0,0.0,33544.0,33544.0,0.0,0.0,0.0,0.0,0.0,0.0,0.0,0.0,0.0,0.0,0,0,0,0,55.0,118.0,0,0,0,0,0,0,0,0,1.0,114.0,55.0,118.0,0,0,0,0,0,0,1,55,1,118,-1,-1,0,20,0.0,0.0,0.0,0.0,0.0,0.0,0.0,0.0
62238,53,17,84.0,248.0,42.0,42.0,42.0,0.0,124.0,124.0,124.0,0.0,10417.66,18048.389,31254.0,48.0,49.0,49.0,0.0,49.0,49.0,48.0,48.0,0.0,48.0,48.0,0,0,0,0,42.0,124.0,0,0,0,0,0,0,0,0,1.0,93.5,42.0,124.0,0,0,0,0,0,0,2,84,2,248,-1,-1,1,20,0.0,0.0,0.0,0.0,0.0,0.0,0.0,0.0
80,50976,6,6.0,6.0,6.0,6.0,6.0,0.0,6.0,6.0,6.0,0.0,122.0,0.0,122.0,122.0,0.0,0.0,0.0,0.0,0.0,0.0,0.0,0.0,0.0,0.0,0,0,0,0,6.0,6.0,0,0,0,0,1,1,0,0,1.0,9.0,6.0,6.0,0,0,0,0,0,0,1,6,1,6,29,256,0,20,0.0,0.0,0.0,0.0,0.0,0.0,0.0,0.0
56430,443,6,2659.0,1639.0,2389.0,0.0,446.1667,1007.2229,1451.0,0.0,292.1667,554.3874,52962.66,79811.74,152739.0,4.0,324111.0,61027.7,62708.79,153731.0,519.0,315179.0,60719.8,67441.532,182735.0,4.0,0,0,0,0,0.0,2389.0,0,0,0,1,0,0,0,0,1.0,394.8429,446.1667,292.1667,0,0,0,0,0,0,6,2659,6,1639,8192,16065,5,20,0.0,0.0,0.0,0.0,0.0,0.0,0.0,0.0
50506,443,6,135.0,46.0,46.0,6.0,27.0,20.1246,46.0,46.0,46.0,0.0,1033631.0,2372184.688,5287248.0,48.0,5594679.0,1323942.25,2571190.598,5287248.0,48.0,0.0,0.0,0.0,0.0,0.0,1,0,0,0,6.0,46.0,0,1,0,0,1,0,0,0,0.0,37.8333,27.0,46.0,0,0,0,0,0,0,5,135,1,46,16417,26,4,20,79344.0,0.0,79344.0,79344.0,5287248.0,0.0,5287248.0,5287248.0
80,39758,6,0.0,0.0,0.0,0.0,0.0,0.0,0.0,0.0,0.0,0.0,39.0,0.0,39.0,39.0,0.0,0.0,0.0,0.0,0.0,0.0,0.0,0.0,0.0,0.0,0,0,0,0,0.0,0.0,0,0,0,0,1,1,0,0,1.0,0.0,0.0,0.0,0,0,0,0,0,0,1,0,1,0,939,274,0,32,0.0,0.0,0.0,0.0,0.0,0.0,0.0,0.0
443,50889,6,6.0,6.0,6.0,6.0,6.0,0.0,6.0,6.0,6.0,0.0,149.0,0.0,149.0,149.0,0.0,0.0,0.0,0.0,0.0,0.0,0.0,0.0,0.0,0.0,0,0,0,0,6.0,6.0,0,0,0,0,1,1,0,0,1.0,9.0,6.0,6.0,0,0,0,0,0,0,1,6,1,6,30119,256,0,20,0.0,0.0,0.0,0.0,0.0,0.0,0.0,0.0
42762,80,6,447.0,871.0,437.0,0.0,145.6667,252.3021,859.0,0.0,217.75,427.5094,7854.16,11934.69,23441.0,4.0,23757.0,11878.5,16967.64,23261.0,115.0,23319.0,7433.0,16866.99,23783.0,4.0,0,0,0,0,0.0,859.0,0,0,0,1,0,0,0,0,1.0,187.4286,145.6667,217.75,0,0,0,0,0,0,3,447,4,871,29200,31,1,32,0.0,0.0,0.0,0.0,0.0,0.0,0.0,0.0
52407,443,6,24.0,0.0,6.0,6.0,6.0,0.0,0.0,0.0,0.0,0.0,3919.33,5116.227,16588.0,3.0,16639.0,8813.66,7759.539,16528.0,3.0,0.0,0.0,0.0,0.0,0.0,0,0,0,0,0.0,6.0,1,0,0,0,0,0,0,0,0.0,6.0,6.0,0.0,0,0,0,0,0,0,4,24,1,0,0,117,3,20,0.0,0.0,0.0,0.0,0.0,0.0,0.0,0.0
443,51464,6,6.0,6.0,6.0,6.0,6.0,0.0,6.0,6.0,6.0,0.0,112.0,0.0,112.0,112.0,0.0,0.0,0.0,0.0,0.0,0.0,0.0,0.0,0.0,0.0,0,0,0,0,6.0,6.0,0,0,0,0,1,1,0,0,1.0,9.0,6.0,6.0,0,0,0,0,0,0,1,6,1,6,40127,256,0,20,0.0,0.0,0.0,0.0,0.0,0.0,0.0,0.0
51826,80,6,4455.0,8121.0,1071.0,0.0,192.0,311.2592,1845.0,0.0,473.4706,668.3843,2565073.33,4256072.32,10200708.0,3.0,116043299.0,4062623.2,5006957.989,10246035.0,9866.0,113015579.0,5997559.72,5094952.269,10240607.0,48.0,0,0,0,0,0.0,1845.0,0,0,0,1,0,0,0,0,1.0,337.0242,192.0,473.4706,0,0,0,0,0,0,24,4455,23,8121,29200,5746,5,32,140776.0,427280.825,1716345.0,53484.0,10187406.72,56971.766,10200709.0,10013905.0
443,60862,6,0.0,0.0,0.0,0.0,0.0,0.0,0.0,0.0,0.0,0.0,84.0,0.0,84.0,84.0,0.0,0.0,0.0,0.0,0.0,0.0,0.0,0.0,0.0,0.0,0,0,0,0,0.0,0.0,0,0,0,0,1,1,0,0,1.0,0.0,0.0,0.0,0,0,0,0,0,0,1,0,1,0,62,33304,0,32,0.0,0.0,0.0,0.0,0.0,0.0,0.0,0.0
443,33319,6,31.0,0.0,31.0,0.0,15.5,21.9203,0.0,0.0,0.0,0.0,3.0,0.0,3.0,3.0,3.0,3.0,0.0,3.0,3.0,0.0,0.0,0.0,0.0,0.0,1,0,0,0,0.0,31.0,0,1,0,0,1,0,0,0,0.0,31.0,15.5,0.0,0,0,0,0,0,0,2,31,0,0,939,-1,0,32,0.0,0.0,0.0,0.0,0.0,0.0,0.0,0.0
443,36229,6,12.0,0.0,6.0,6.0,6.0,0.0,0.0,0.0,0.0,0.0,290.0,0.0,290.0,290.0,290.0,290.0,0.0,290.0,290.0,0.0,0.0,0.0,0.0,0.0,0,0,0,0,6.0,6.0,0,0,0,0,1,0,0,0,0.0,9.0,6.0,0.0,0,0,0,0,0,0,2,12,0,0,505,-1,1,20,0.0,0.0,0.0,0.0,0.0,0.0,0.0,0.0
59970,53,17,88.0,188.0,44.0,44.0,44.0,0.0,94.0,94.0,94.0,0.0,65.33,77.387,145.0,3.0,3.0,3.0,0.0,3.0,3.0,48.0,48.0,0.0,48.0,48.0,0,0,0,0,44.0,94.0,0,0,0,0,0,0,0,0,1.0,80.0,44.0,94.0,0,0,0,0,0,0,2,88,2,188,-1,-1,1,20,0.0,0.0,0.0,0.0,0.0,0.0,0.0,0.0
63169,443,6,720.0,1295.0,469.0,0.0,72.0,147.7084,1157.0,0.0,259.0,505.5413,20967.14,35795.964,87977.0,4.0,288708.0,32550.77,42901.288,90764.0,4.0,185706.0,45189.0,49577.797,96113.0,319.0,0,0,0,0,0.0,1157.0,0,0,0,1,0,0,0,0,0.0,134.3333,72.0,259.0,0,0,0,0,0,0,10,720,5,1295,65535,114,5,32,0.0,0.0,0.0,0.0,0.0,0.0,0.0,0.0
61452,53,17,50.0,66.0,50.0,50.0,50.0,0.0,66.0,66.0,66.0,0.0,23585.0,0.0,23585.0,23585.0,0.0,0.0,0.0,0.0,0.0,0.0,0.0,0.0,0.0,0.0,0,0,0,0,50.0,66.0,0,0,0,0,0,0,0,0,1.0,83.0,50.0,66.0,0,0,0,0,0,0,1,50,1,66,-1,-1,0,20,0.0,0.0,0.0,0.0,0.0,0.0,0.0,0.0
443,52670,6,6.0,6.0,6.0,6.0,6.0,0.0,6.0,6.0,6.0,0.0,36.0,0.0,36.0,36.0,0.0,0.0,0.0,0.0,0.0,0.0,0.0,0.0,0.0,0.0,0,0,0,0,6.0,6.0,0,0,0,0,1,1,0,0,1.0,9.0,6.0,6.0,0,0,0,0,0,0,1,6,1,6,32,32850,0,20,0.0,0.0,0.0,0.0,0.0,0.0,0.0,0.0
50634,80,6,330.0,418.0,312.0,0.0,61.8889,142.052,409.0,0.0,129.6667,249.2222,2750229.33,4499567.11,10020222.0,93.0,20152561.0,4025576.25,5374063.298,10080016.0,34983.0,30046089.0,6014464.8,5416272.442,10080384.0,2055.0,0,0,0,0,0.0,409.0,0,0,0,1,0,0,0,0,1.0,83.45,61.8889,129.6667,0,0,0,0,0,0,9,330,6,418,29200,14472,8,20,56525.33,62106.708,289639.0,23190.0,10002429.5,17056.757,10020224.0,9997424.0
55444,443,6,152.0,1119.0,45.0,0.0,24.4,21.1802,981.0,0.0,186.5,393.1187,28921.71,44898.301,117429.0,3.0,408029.0,47606.77,44166.387,118620.0,3.0,211653.0,47217.4,50176.065,110279.0,345.0,0,0,0,0,0.0,981.0,0,0,0,1,0,0,0,0,0.0,71.2,24.4,186.5,0,0,0,0,0,0,10,152,6,1119,65535,122,5,32,0.0,0.0,0.0,0.0,0.0,0.0,0.0,0.0
443,62202,6,6.0,6.0,6.0,6.0,6.0,0.0,6.0,6.0,6.0,0.0,89.0,0.0,89.0,89.0,0.0,0.0,0.0,0.0,0.0,0.0,0.0,0.0,0.0,0.0,0,0,0,0,6.0,6.0,0,0,0,0,1,1,0,0,1.0,9.0,6.0,6.0,0,0,0,0,0,0,1,6,1,6,31202,32850,0,20,0.0,0.0,0.0,0.0,0.0,0.0,0.0,0.0
53810,53,17,86.0,204.0,43.0,43.0,43.0,0.0,102.0,102.0,102.0,0.0,81.33,51.615,148.0,48.0,49.0,49.0,0.0,49.0,49.0,48.0,48.0,0.0,48.0,48.0,0,0,0,0,43.0,102.0,0,0,0,0,0,0,0,0,1.0,83.25,43.0,102.0,0,0,0,0,0,0,2,86,2,204,-1,-1,1,20,0.0,0.0,0.0,0.0,0.0,0.0,0.0,0.0
49376,53,17,92.0,284.0,46.0,46.0,46.0,0.0,142.0,142.0,142.0,0.0,64.33,104.305,186.0,3.0,4.0,4.0,0.0,4.0,4.0,3.0,3.0,0.0,3.0,3.0,0,0,0,0,46.0,142.0,0,0,0,0,0,0,0,0,1.0,105.5,46.0,142.0,0,0,0,0,0,0,2,92,2,284,-1,-1,1,20,0.0,0.0,0.0,0.0,0.0,0.0,0.0,0.0
56597,53,17,76.0,376.0,38.0,38.0,38.0,0.0,188.0,188.0,188.0,0.0,103.66,131.104,263.0,3.0,49.0,49.0,0.0,49.0,49.0,3.0,3.0,0.0,3.0,3.0,0,0,0,0,38.0,188.0,0,0,0,0,0,0,0,0,1.0,122.5,38.0,188.0,0,0,0,0,0,0,2,76,2,376,-1,-1,1,20,0.0,0.0,0.0,0.0,0.0,0.0,0.0,0.0
443,60650,6,37.0,6.0,37.0,37.0,37.0,0.0,6.0,6.0,6.0,0.0,34.0,0.0,34.0,34.0,0.0,0.0,0.0,0.0,0.0,0.0,0.0,0.0,0.0,0.0,1,0,0,0,6.0,37.0,0,1,0,0,1,0,0,0,1.0,40.0,37.0,6.0,0,0,0,0,0,0,1,37,1,6,115,0,0,32,0.0,0.0,0.0,0.0,0.0,0.0,0.0,0.0
60822,53,17,46.0,98.0,46.0,46.0,46.0,0.0,98.0,98.0,98.0,0.0,23509.0,0.0,23509.0,23509.0,0.0,0.0,0.0,0.0,0.0,0.0,0.0,0.0,0.0,0.0,0,0,0,0,46.0,98.0,0,0,0,0,0,0,0,0,1.0,95.0,46.0,98.0,0,0,0,0,0,0,1,46,1,98,-1,-1,0,20,0.0,0.0,0.0,0.0,0.0,0.0,0.0,0.0
61188,53,17,56.0,166.0,56.0,56.0,56.0,0.0,166.0,166.0,166.0,0.0,78157.0,0.0,78157.0,78157.0,0.0,0.0,0.0,0.0,0.0,0.0,0.0,0.0,0.0,0.0,0,0,0,0,56.0,166.0,0,0,0,0,0,0,0,0,1.0,139.0,56.0,166.0,0,0,0,0,0,0,1,56,1,166,-1,-1,0,32,0.0,0.0,0.0,0.0,0.0,0.0,0.0,0.0
59506,443,6,12.0,0.0,6.0,6.0,6.0,0.0,0.0,0.0,0.0,0.0,25208.0,30013.979,45411.0,4.0,4.0,4.0,0.0,4.0,4.0,0.0,0.0,0.0,0.0,0.0,0,0,0,0,0.0,6.0,1,0,0,0,0,0,0,0,0.0,6.0,6.0,0.0,0,0,0,0,0,0,2,12,1,0,0,120,1,20,0.0,0.0,0.0,0.0,0.0,0.0,0.0,0.0
49663,443,6,617.0,164.0,517.0,0.0,88.1429,189.989,152.0,0.0,41.0,74.054,557392.6,1692862.45,5320763.0,7.0,5421926.0,970945.33,2226051.586,5307325.0,43.0,80748.0,26949.66,30503.682,59329.0,487.0,0,0,0,0,0.0,517.0,0,0,0,1,0,0,0,0,0.0,71.0,88.1429,41.0,0,0,0,0,0,0,7,617,4,164,29200,30,6,20,109145.0,0.0,109145.0,109145.0,5320709.0,0.0,5320709.0,5320709.0
50835,443,6,620.0,2465.0,342.0,0.0,72.25,125.1424,1460.0,0.0,556.0,784.3008,459793.33,1699378.485,5693426.0,34.0,6813564.0,844745.28,2139130.551,5693426.0,48.0,174691.0,43437.2,47092.747,73454.0,252.0,0,0,0,0,0.0,1460.0,0,0,0,1,0,0,0,0,0.0,258.8167,72.25,556.0,0,0,0,0,0,0,8,620,6,2465,8192,4366,7,20,216270.0,0.0,216270.0,216270.0,5693482.0,0.0,5693422.0,5693482.0
443,62142,6,6.0,6.0,6.0,6.0,6.0,0.0,6.0,6.0,6.0,0.0,44.0,0.0,44.0,44.0,0.0,0.0,0.0,0.0,0.0,0.0,0.0,0.0,0.0,0.0,0,0,0,0,6.0,6.0,0,0,0,0,1,0,0,0,1.0,9.0,6.0,6.0,0,0,0,0,0,0,1,6,1,6,32,32850,0,20,0.0,0.0,0.0,0.0,0.0,0.0,0.0,0.0
53203,445,6,2856.0,4753.0,1318.0,0.0,137.7273,324.8936,1418.0,0.0,188.3333,402.5074,215389.79,1440232.862,11423863.0,1.0,11274858.0,513678.25,1507716.005,11423863.0,1.0,11225249.0,530664.97,1619385.999,11567570.0,2.0,0,0,0,0,0.0,1418.0,0,0,0,1,0,0,0,0,0.0,160.8667,137.7273,188.3333,0,0,0,0,0,0,22,2856,18,4753,29200,370,10,32,1365720.0,0.0,1365720.0,1365720.0,11423850.0,0.0,11423850.0,11423850.0
57339,139,6,4.0,4.0,4.0,0.0,1.3333,2.3094,4.0,4.0,4.0,0.0,8427.0,14428.115,22873.0,3.0,22874.0,11437.0,12048.451,22871.0,4.0,0.0,0.0,0.0,0.0,0.0,1,0,0,0,0.0,4.0,0,1,0,0,1,0,0,0,0.0,3.0,1.3333,4.0,0,0,0,0,0,0,3,4,1,4,302,325,0,32,0.0,0.0,0.0,0.0,0.0,0.0,0.0,0.0
53374,443,6,0.0,0.0,0.0,0.0,0.0,0.0,0.0,0.0,0.0,0.0,95309.0,0.0,95309.0,95309.0,0.0,0.0,0.0,0.0,0.0,0.0,0.0,0.0,0.0,0.0,0,0,0,0,0.0,0.0,0,0,0,0,1,1,0,0,1.0,0.0,0.0,0.0,0,0,0,0,0,0,1,0,1,0,2832,243,0,32,0.0,0.0,0.0,0.0,0.0,0.0,0.0,0.0
443,63708,6,0.0,0.0,0.0,0.0,0.0,0.0,0.0,0.0,0.0,0.0,26399.5,37459.533,52566.0,34.0,52689.0,52689.0,0.0,52689.0,52689.0,0.0,0.0,0.0,0.0,0.0,0,0,0,0,0.0,0.0,0,0,0,0,1,0,0,0,0.0,0.0,0.0,0.0,0,0,0,0,0,0,2,0,1,0,357,32832,0,32,0.0,0.0,0.0,0.0,0.0,0.0,0.0,0.0
53439,443,6,1172.0,1192.0,885.0,0.0,115.2,274.1617,991.0,0.0,186.5,393.1193,39678.73,69865.825,258699.0,3.0,472517.0,56039.88,119079.018,358699.0,3.0,386709.0,70627.8,97851.242,288173.0,3.0,0,0,0,0,0.0,991.0,0,0,0,1,0,0,0,0,0.0,141.9305,115.2,186.5,0,0,0,0,0,0,10,1172,6,1192,65535,68,5,32,0.0,0.0,0.0,0.0,0.0,0.0,0.0,0.0
60089,80,6,929.0,237.0,919.0,0.0,189.8,412.9781,237.0,0.0,48.3333,117.0412,19010.85,27803.104,57352.0,51.0,100055.0,25017.25,21311.225,54391.0,337.0,103577.0,31588.5,70247.654,109353.0,16374.0,0,0,0,0,0.0,919.0,0,0,0,1,0,0,0,0,0.0,133.875,189.8,48.3333,0,0,0,0,0,0,5,929,3,237,65535,353,1,32,0.0,0.0,0.0,0.0,0.0,0.0,0.0,0.0
55735,53,17,58.0,122.0,29.0,29.0,29.0,0.0,61.0,61.0,61.0,0.0,66.66,37.064,104.0,48.0,49.0,49.0,0.0,49.0,49.0,48.0,48.0,0.0,48.0,48.0,0,0,0,0,29.0,61.0,0,0,0,0,0,0,0,0,1.0,52.25,29.0,61.0,0,0,0,0,0,0,2,58,2,122,-1,-1,1,32,0.0,0.0,0.0,0.0,0.0,0.0,0.0,0.0
51403,443,6,352.0,3782.0,208.0,0.0,58.6667,87.8605,1460.0,0.0,630.3333,677.2171,23716.72,39673.71,85649.0,20.0,261767.0,52190.4,45731.375,88310.0,197.0,172836.0,35713.2,44662.683,87158.0,49.0,0,0,0,0,0.0,1460.0,0,0,0,1,0,0,0,0,1.0,344.5,58.6667,630.3333,0,0,0,0,0,0,6,352,6,3782,8192,60,5,20,0.0,0.0,0.0,0.0,0.0,0.0,0.0,0.0
33799,443,6,843.0,4831.0,375.0,0.0,93.7143,151.1407,1448.0,0.0,524.875,670.8145,41803.74,80112.869,275281.0,3.0,772473.0,83395.83,103578.971,275281.0,218.0,786964.0,71790.57,135243.693,471227.0,3.0,0,0,0,0,0.0,1448.0,0,0,0,1,0,0,0,0,1.0,328.7231,93.7143,524.875,0,0,0,0,0,0,7,843,8,4831,29200,5252,3,32,0.0,0.0,0.0,0.0,0.0,0.0,0.0,0.0
60926,53,17,61.0,77.0,61.0,61.0,61.0,0.0,77.0,77.0,77.0,0.0,31020.0,0.0,31020.0,31020.0,0.0,0.0,0.0,0.0,0.0,0.0,0.0,0.0,0.0,0.0,0,0,0,0,61.0,77.0,0,0,0,0,0,0,0,0,1.0,99.5,61.0,77.0,0,0,0,0,0,0,1,61,1,77,-1,-1,0,32,0.0,0.0,0.0,0.0,0.0,0.0,0.0,0.0
54385,80,6,1506.0,216089.0,517.0,0.0,14.5939,99.9516,3780.0,0.0,1699.2274,915.6607,341441.55,1954634.77,10005995.0,1.0,42840744.0,275480.46,2882076.985,10027614.0,17.0,47879709.0,867182.38,2229378.133,10022571.0,1.0,0,0,0,0,0.0,3780.0,0,0,0,1,0,0,0,0,1.0,870.475,14.5939,1699.2274,0,0,0,0,0,0,103,1506,135,216089,8192,294,42,20,543058.5,1535401.168,3062604.0,14949.0,9990254.1,7024.926,10005993.0,9992330.0
443,51207,6,12.0,0.0,6.0,6.0,6.0,0.0,0.0,0.0,0.0,0.0,874.0,0.0,874.0,874.0,874.0,874.0,0.0,874.0,874.0,0.0,0.0,0.0,0.0,0.0,0,0,0,0,6.0,6.0,0,0,0,0,1,0,0,0,0.0,9.0,6.0,0.0,0,0,0,0,0,0,2,12,0,0,30,-1,1,20,0.0,0.0,0.0,0.0,0.0,0.0,0.0,0.0
52236,443,6,808.0,24102.0,351.0,0.0,43.36,94.6197,2920.0,0.0,854.7704,939.5476,2367684.95,4222469.187,10011260.0,1.0,115770407.0,4897280.44,4932981.452,10034164.0,1.0,110667350.0,4656897.12,5101594.463,10038414.0,48.0,0,0,0,0,0.0,2920.0,0,0,0,1,0,0,0,0,0.0,412.5937,43.36,854.7704,0,0,0,0,0,0,25,808,26,24102,8192,123,24,20,43836.36,160976.788,645414.0,22941.0,10003161.63,8445.48,10011262.0,9999270.0
64912,53,17,62.0,94.0,31.0,31.0,31.0,0.0,47.0,47.0,47.0,0.0,51.33,84.593,148.0,3.0,3.0,3.0,0.0,3.0,3.0,3.0,3.0,0.0,3.0,3.0,0,0,0,0,31.0,47.0,0,0,0,0,0,0,0,0,1.0,46.75,31.0,47.0,0,0,0,0,0,0,2,62,2,94,-1,-1,1,32,0.0,0.0,0.0,0.0,0.0,0.0,0.0,0.0
60373,53,17,86.0,214.0,44.0,42.0,43.0,1.4142,147.0,107.0,107.0,29.323,20147025.0,37117591.027,60262746.0,60855.0,60382542.0,60382542.0,0.0,60382542.0,60382542.0,60383902.0,60383902.0,0.0,60383902.0,60383902.0,0,0,0,0,42.0,147.0,0,0,0,0,0,0,0,0,1.0,95.5,43.0,107.0,0,0,0,0,0,0,2,86,2,214,-1,-1,1,32,60344.0,0.0,60344.0,60344.0,60262732.0,0.0,60262742.0,60262732.0
55188,53,17,74.0,138.0,37.0,37.0,37.0,0.0,69.0,69.0,69.0,0.0,10255.33,17791.384,30760.0,3.0,3.0,3.0,0.0,3.0,3.0,48.0,48.0,0.0,48.0,48.0,0,0,0,0,37.0,69.0,0,0,0,0,0,0,0,0,1.0,62.25,37.0,69.0,0,0,0,0,0,0,2,74,2,138,-1,-1,1,20,0.0,0.0,0.0,0.0,0.0,0.0,0.0,0.0
5402,53,17,72.0,196.0,36.0,36.0,36.0,0.0,98.0,98.0,98.0,0.0,15874.0,27499.322,47678.0,3.0,3.0,3.0,0.0,3.0,3.0,4.0,4.0,0.0,4.0,4.0,0,0,0,0,36.0,98.0,0,0,0,0,0,0,0,0,1.0,76.0,36.0,98.0,0,0,0,0,0,0,2,72,2,196,-1,-1,1,32,0.0,0.0,0.0,0.0,0.0,0.0,0.0,0.0
60309,443,6,808.0,281.0,545.0,0.0,133.8,201.6628,149.0,0.0,37.25,30.8551,16402.14,23431.921,50874.0,28.0,150871.0,36298.25,24688.728,50413.0,100.0,108262.0,25610.0,29798.543,51061.0,546.0,0,0,0,0,0.0,545.0,0,0,0,1,0,0,0,0,0.0,91.8,133.8,37.25,0,0,0,0,0,0,5,808,4,281,65535,120,2,32,0.0,0.0,0.0,0.0,0.0,0.0,0.0,0.0
65193,443,6,1359.0,1656.0,855.0,0.0,194.6,362.7618,857.0,0.0,181.8,399.3772,35107.42,55619.625,193326.0,2.0,305624.0,51620.66,65105.306,203224.0,385.0,316434.0,75233.5,64210.774,260952.0,2.0,0,0,0,0,0.0,857.0,0,0,0,1,0,0,0,0,1.0,197.3,194.6,181.8,0,0,0,0,0,0,5,1359,5,1656,65535,66,3,32,0.0,0.0,0.0,0.0,0.0,0.0,0.0,0.0
59989,53,17,152.0,188.0,38.0,38.0,38.0,0.0,94.0,94.0,94.0,0.0,18347.4,26150.017,61105.0,3.0,30210.0,10070.33,17433.253,30205.0,3.0,49.0,49.0,0.0,49.0,49.0,0,0,0,0,38.0,94.0,0,0,0,0,0,0,0,0,0.0,69.3333,38.0,94.0,0,0,0,0,0,0,4,152,2,188,-1,-1,3,20,0.0,0.0,0.0,0.0,0.0,0.0,0.0,0.0
54222,80,6,434.0,1860.0,434.0,0.0,58.0,151.6497,1860.0,0.0,227.75,547.7064,2726816.33,4499992.026,10097228.0,5.0,40241133.0,5046306.75,5399155.559,10021646.0,2701.0,45318099.0,5047099.33,4997489.119,10023226.0,49.0,0,0,0,0,0.0,1860.0,0,0,0,1,0,0,0,0,1.0,147.9333,58.0,227.75,0,0,0,0,0,0,8,434,4,1860,29200,939,1,20,28994.57,12557.699,49809.0,23463.0,10001512.75,3016.2,10097225.0,10003617.0
49651,443,6,2341.0,3927.0,1070.0,0.0,234.0,499.0701,1460.0,0.0,382.375,544.03,877030.15,2564226.278,9999981.0,3.0,10124307.0,1101814.66,4049126.717,9999981.0,113.0,10115480.0,1126205.0,3320218.678,10074008.0,3.0,0,0,0,0,0.0,1460.0,0,0,0,1,0,0,0,0,1.0,320.3815,234.0,382.375,0,0,0,0,0,0,7,2341,11,3927,8192,78,6,20,514511.0,0.0,514511.0,514511.0,9999902.0,0.0,9999902.0,9999902.0
27619,53,17,72.0,104.0,36.0,36.0,36.0,0.0,52.0,52.0,52.0,0.0,61.0,23.234,81.0,48.0,48.0,48.0,0.0,48.0,48.0,48.0,48.0,0.0,48.0,48.0,0,0,0,0,36.0,52.0,0,0,0,0,0,0,0,0,1.0,53.0,36.0,52.0,0,0,0,0,0,0,2,72,2,104,-1,-1,1,20,0.0,0.0,0.0,0.0,0.0,0.0,0.0,0.0
80,49198,6,0.0,0.0,0.0,0.0,0.0,0.0,0.0,0.0,0.0,0.0,77.0,0.0,77.0,77.0,0.0,0.0,0.0,0.0,0.0,0.0,0.0,0.0,0.0,0.0,0,0,0,0,0.0,0.0,0,0,0,0,1,1,0,0,1.0,0.0,0.0,0.0,0,0,0,0,0,0,1,0,1,0,283,33304,0,32,0.0,0.0,0.0,0.0,0.0,0.0,0.0,0.0
80,65144,6,0.0,0.0,0.0,0.0,0.0,0.0,0.0,0.0,0.0,0.0,31.0,0.0,31.0,31.0,0.0,0.0,0.0,0.0,0.0,0.0,0.0,0.0,0.0,0.0,0,0,0,0,0.0,0.0,0,0,0,0,1,1,0,0,1.0,0.0,0.0,0.0,0,0,0,0,0,0,1,0,1,0,118,33304,0,32,0.0,0.0,0.0,0.0,0.0,0.0,0.0,0.0
21561,53,17,82.0,254.0,41.0,41.0,41.0,0.0,127.0,127.0,127.0,0.0,10427.0,18048.908,31283.0,1.0,1.0,1.0,0.0,1.0,1.0,3.0,3.0,0.0,3.0,3.0,0,0,0,0,41.0,127.0,0,0,0,0,0,0,0,0,1.0,94.25,41.0,127.0,0,0,0,0,0,0,2,82,2,254,-1,-1,1,40,0.0,0.0,0.0,0.0,0.0,0.0,0.0,0.0
36346,443,6,635.0,168.0,517.0,0.0,90.7143,190.7072,168.0,0.0,42.0,84.0,594345.3,1500715.77,4958801.0,3.0,5003178.0,823591.66,2031351.524,5004534.0,116.0,161101.0,63701.33,49827.387,81116.0,503.0,0,0,0,0,0.0,517.0,0,0,0,1,0,0,0,0,0.0,73.0,90.7143,42.0,0,0,0,0,0,0,7,635,4,168,29200,340,3,32,0.0,0.0,0.0,0.0,0.0,0.0,0.0,0.0
443,50721,6,0.0,0.0,0.0,0.0,0.0,0.0,0.0,0.0,0.0,0.0,0.0,0.0,0.0,0.0,0.0,0.0,0.0,0.0,0.0,0.0,0.0,0.0,0.0,0.0,0,0,0,0,0.0,0.0,0,0,0,0,1,0,0,0,1.0,0.0,0.0,0.0,0,0,0,0,0,0,1,0,1,0,6362,65535,0,32,0.0,0.0,0.0,0.0,0.0,0.0,0.0,0.0
50144,53,17,64.0,120.0,32.0,32.0,32.0,0.0,60.0,60.0,60.0,0.0,15605.0,27027.902,46719.0,0.0,49.0,49.0,0.0,49.0,49.0,0.0,0.0,0.0,0.0,0.0,0,0,0,0,32.0,60.0,0,0,0,0,0,0,0,0,1.0,54.0,32.0,60.0,0,0,0,0,0,0,2,64,2,120,-1,-1,1,32,0.0,0.0,0.0,0.0,0.0,0.0,0.0,0.0
50183,53,17,104.0,352.0,52.0,52.0,52.0,0.0,176.0,176.0,176.0,0.0,91.33,154.272,277.0,1.0,1.0,1.0,0.0,1.0,1.0,1.0,1.0,0.0,1.0,1.0,0,0,0,0,52.0,176.0,0,0,0,0,0,0,0,0,1.0,127.0,52.0,176.0,0,0,0,0,0,0,2,104,2,352,-1,-1,1,32,0.0,0.0,0.0,0.0,0.0,0.0,0.0,0.0
52118,443,6,12.0,0.0,6.0,6.0,6.0,0.0,0.0,0.0,0.0,0.0,3.0,0.0,3.0,3.0,3.0,3.0,0.0,3.0,3.0,0.0,0.0,0.0,0.0,0.0,0,0,0,0,6.0,6.0,1,0,0,0,0,0,0,0,0.0,9.0,6.0,0.0,0,0,0,0,0,0,2,12,0,0,0,-1,1,20,0.0,0.0,0.0,0.0,0.0,0.0,0.0,0.0
59297,443,6,98.0,133.0,46.0,6.0,37.0,21.894,46.0,6.0,31.0,24.4943,4682661.42,6589222.837,10058423.0,615.0,17750229.0,9150012.25,9026664.408,10065893.0,251153.0,16156049.0,9113049.25,9.145,10133172.0,8157050.0,1,0,0,0,6.0,46.0,0,1,0,0,1,0,0,0,0.0,34.5167,37.0,31.0,0,0,0,0,0,0,5,98,5,133,258,5120,4,20,34267.0,0.0,34267.0,34267.0,10058483.0,0.0,10058423.0,10058483.0
52866,443,6,341.0,3699.0,192.0,0.0,38.625,69.6501,1448.0,0.0,738.75,703.4034,365457.92,1250812.744,4974002.0,2.0,5295874.0,658404.85,1716611.504,4974002.0,4.0,291859.0,77731.33,70633.441,170242.0,48.0,0,0,0,0,0.0,1448.0,0,0,0,1,0,0,0,0,0.0,264.2333,38.625,738.75,0,0,0,0,0,0,8,341,4,3699,29200,210,3,32,0.0,0.0,0.0,0.0,0.0,0.0,0.0,0.0
62112,53,17,98.0,130.0,49.0,49.0,49.0,0.0,65.0,65.0,65.0,0.0,67.0,30.203,105.0,48.0,49.0,49.0,0.0,49.0,49.0,49.0,49.0,0.0,49.0,49.0,0,0,0,0,49.0,65.0,0,0,0,0,0,0,0,0,1.0,69.25,49.0,65.0,0,0,0,0,0,0,2,98,2,130,-1,-1,1,20,0.0,0.0,0.0,0.0,0.0,0.0,0.0,0.0
59859,443,6,12.0,0.0,6.0,6.0,6.0,0.0,0.0,0.0,0.0,0.0,3.0,0.0,3.0,3.0,3.0,3.0,0.0,3.0,3.0,0.0,0.0,0.0,0.0,0.0,0,0,0,0,6.0,6.0,1,0,0,0,0,0,0,0,0.0,9.0,6.0,0.0,0,0,0,0,0,0,2,12,0,0,0,-1,1,20,0.0,0.0,0.0,0.0,0.0,0.0,0.0,0.0
38344,53,17,64.0,96.0,32.0,32.0,32.0,0.0,48.0,48.0,48.0,0.0,50.0,80.726,144.0,3.0,3.0,3.0,0.0,3.0,3.0,3.0,3.0,0.0,3.0,3.0,0,0,0,0,32.0,48.0,0,0,0,0,0,0,0,0,1.0,48.0,32.0,48.0,0,0,0,0,0,0,2,64,2,96,-1,-1,1,32,0.0,0.0,0.0,0.0,0.0,0.0,0.0,0.0
443,51663,6,6.0,6.0,6.0,6.0,6.0,0.0,6.0,6.0,6.0,0.0,43.0,0.0,43.0,43.0,0.0,0.0,0.0,0.0,0.0,0.0,0.0,0.0,0.0,0.0,0,0,0,0,6.0,6.0,0,0,0,0,1,1,0,0,1.0,9.0,6.0,6.0,0,0,0,0,0,0,1,6,1,6,60,255,0,20,0.0,0.0,0.0,0.0,0.0,0.0,0.0,0.0
60766,53,17,53.0,178.0,53.0,53.0,53.0,0.0,178.0,178.0,178.0,0.0,48449.0,0.0,48449.0,48449.0,0.0,0.0,0.0,0.0,0.0,0.0,0.0,0.0,0.0,0.0,0,0,0,0,53.0,178.0,0,0,0,0,0,0,0,0,1.0,142.0,53.0,178.0,0,0,0,0,0,0,1,53,1,178,-1,-1,0,20,0.0,0.0,0.0,0.0,0.0,0.0,0.0,0.0
52818,443,6,383.0,3046.0,202.0,0.0,47.5556,74.8416,1578.0,0.0,603.3333,823.9249,402166.76,1464186.592,5144193.0,3.0,5357475.0,760979.25,2088107.637,5144193.0,3.0,79360.0,14945.0,21441.273,42984.0,215.0,0,0,0,0,0.0,1578.0,0,0,0,1,0,0,0,0,0.0,243.2667,47.5556,603.3333,0,0,0,0,0,0,9,383,6,3046,29200,239,3,32,262383.0,0.0,262383.0,262388.0,5144163.0,0.0,5144193.0,5144163.0
443,58957,6,12.0,6.0,6.0,6.0,6.0,0.0,6.0,6.0,6.0,0.0,2498.5,3606.158,4981.0,11.0,4993.0,4993.0,0.0,4993.0,4993.0,0.0,0.0,0.0,0.0,0.0,0,0,0,0,6.0,6.0,0,0,0,0,1,0,0,0,0.0,8.0,6.0,6.0,0,0,0,0,0,0,2,12,1,6,5030,0,1,20,0.0,0.0,0.0,0.0,0.0,0.0,0.0,0.0
61076,53,17,160.0,206.0,40.0,40.0,40.0,0.0,103.0,103.0,103.0,0.0,6337.6,13588.374,30874.0,3.0,30864.0,10228.66,17874.154,30854.0,3.0,4.0,4.0,0.0,4.0,4.0,0,0,0,0,40.0,103.0,0,0,0,0,0,0,0,0,0.0,69.3333,40.0,103.0,0,0,0,0,0,0,4,160,2,206,-1,-1,3,20,0.0,0.0,0.0,0.0,0.0,0.0,0.0,0.0
57291,53,17,66.0,284.0,33.0,33.0,33.0,0.0,142.0,142.0,142.0,0.0,7952.66,13732.042,23854.0,3.0,3.0,3.0,0.0,3.0,3.0,48.0,48.0,0.0,48.0,48.0,0,0,0,0,33.0,142.0,0,0,0,0,0,0,0,0,1.0,95.75,33.0,142.0,0,0,0,0,0,0,2,66,2,284,-1,-1,1,20,0.0,0.0,0.0,0.0,0.0,0.0,0.0,0.0
58130,80,6,698.0,15539.0,421.0,0.0,12.7273,73.1328,2896.0,0.0,732.7727,913.6257,2653728.2,4371730.133,10027944.0,0.0,115974498.0,5243720.57,4997679.975,10040001.0,3.0,110533679.0,5221538.64,5130425.11,10048204.0,47.0,0,0,0,0,0.0,2896.0,0,0,0,1,0,0,0,0,0.0,356.9105,12.7273,732.7727,0,0,0,0,0,0,33,698,27,15539,29200,972,1,32,23899.18,24669.397,105082.0,23420.0,10024344.72,8212.131,10027945.0,9996748.0
18296,53,17,66.0,248.0,33.0,33.0,33.0,0.0,124.0,124.0,124.0,0.0,20431.66,35387.551,61282.0,4.0,4.0,4.0,0.0,4.0,4.0,4.0,4.0,0.0,4.0,4.0,0,0,0,0,33.0,124.0,0,0,0,0,0,0,0,0,1.0,86.75,33.0,124.0,0,0,0,0,0,0,2,66,2,248,-1,-1,1,40,0.0,0.0,0.0,0.0,0.0,0.0,0.0,0.0
443,57381,6,0.0,0.0,0.0,0.0,0.0,0.0,0.0,0.0,0.0,0.0,52.0,0.0,52.0,52.0,0.0,0.0,0.0,0.0,0.0,0.0,0.0,0.0,0.0,0.0,0,0,0,0,0.0,0.0,0,0,0,0,1,1,0,0,1.0,0.0,0.0,0.0,0,0,0,0,0,0,1,0,1,0,353,32832,0,32,0.0,0.0,0.0,0.0,0.0,0.0,0.0,0.0
49626,443,6,976.0,7408.0,469.0,0.0,65.0667,134.3489,1586.0,0.0,740.8,749.5048,17449.78,34577.433,123693.0,1.0,480798.0,22637.35,42720.592,125703.0,1.0,310338.0,33642.55,58787.103,134296.0,2.0,0,0,0,0,0.0,1586.0,0,0,0,1,0,0,0,0,0.0,335.36,65.0667,740.8,0,0,0,0,0,0,15,976,10,7408,65535,357,6,32,0.0,0.0,0.0,0.0,0.0,0.0,0.0,0.0
22,50064,6,0.0,0.0,0.0,0.0,0.0,0.0,0.0,0.0,0.0,0.0,22.5,32.226,48.0,0.0,0.0,0.0,0.0,0.0,0.0,50.0,50.0,0.0,50.0,50.0,0,0,0,0,0.0,0.0,0,0,0,0,1,1,0,0,1.0,0.0,0.0,0.0,0,0,0,0,0,0,1,0,1,0,243,290,0,32,0.0,0.0,0.0,0.0,0.0,0.0,0.0,0.0
41256,53,17,98.0,130.0,49.0,49.0,49.0,0.0,65.0,65.0,65.0,0.0,7927.66,13706.196,23776.0,1.0,1.0,1.0,0.0,1.0,1.0,3.0,3.0,0.0,3.0,3.0,0,0,0,0,49.0,65.0,0,0,0,0,0,0,0,0,1.0,69.25,49.0,65.0,0,0,0,0,0,0,2,98,2,130,-1,-1,1,32,0.0,0.0,0.0,0.0,0.0,0.0,0.0,0.0
36308,80,6,1687.0,633.0,1247.0,0.0,281.0,545.7533,623.0,0.0,156.6,306.1552,1738151.75,3724274.964,9992804.0,43.0,10230461.0,2555557.25,4900346.413,9992804.0,166.0,10079003.0,5014350.75,5854341.725,9999229.0,244.0,0,0,0,0,0.0,1147.0,0,0,0,1,0,0,0,0,1.0,224.7,281.0,156.6,0,0,0,0,0,0,5,1687,5,633,29200,90,1,32,194198.0,0.0,194198.0,194198.0,9992820.0,0.0,9992800.0,9992820.0
60894,53,17,66.0,98.0,33.0,33.0,33.0,0.0,49.0,49.0,49.0,0.0,47.33,71.119,135.0,3.0,3.0,3.0,0.0,3.0,3.0,3.0,3.0,0.0,3.0,3.0,0,0,0,0,33.0,49.0,0,0,0,0,0,0,0,0,1.0,49.25,33.0,49.0,0,0,0,0,0,0,2,66,2,98,-1,-1,1,20,0.0,0.0,0.0,0.0,0.0,0.0,0.0,0.0
443,54428,6,0.0,0.0,0.0,0.0,0.0,0.0,0.0,0.0,0.0,0.0,65.0,0.0,65.0,65.0,0.0,0.0,0.0,0.0,0.0,0.0,0.0,0.0,0.0,0.0,0,0,0,0,0.0,0.0,0,0,0,0,1,1,0,0,1.0,0.0,0.0,0.0,0,0,0,0,0,0,1,0,1,0,349,32832,0,32,0.0,0.0,0.0,0.0,0.0,0.0,0.0,0.0
57335,443,6,0.0,0.0,0.0,0.0,0.0,0.0,0.0,0.0,0.0,0.0,3.0,0.0,3.0,3.0,3.0,3.0,0.0,3.0,3.0,0.0,0.0,0.0,0.0,0.0,0,0,0,0,0.0,0.0,0,0,0,0,1,1,0,0,0.0,0.0,0.0,0.0,0,0,0,0,0,0,2,0,0,0,32832,-1,0,32,0.0,0.0,0.0,0.0,0.0,0.0,0.0,0.0
51846,443,6,12.0,0.0,6.0,6.0,6.0,0.0,0.0,0.0,0.0,0.0,83707.0,0.0,83707.0,83707.0,83707.0,83707.0,0.0,83707.0,83707.0,0.0,0.0,0.0,0.0,0.0,0,0,0,0,6.0,6.0,0,0,0,0,1,0,0,0,0.0,9.0,6.0,0.0,0,0,0,0,0,0,2,12,0,0,256,-1,1,20,0.0,0.0,0.0,0.0,0.0,0.0,0.0,0.0
2056,443,6,757.0,3677.0,357.0,0.0,114.2857,166.7719,1557.0,0.0,404.7273,696.649,39617.92,78707.763,243302.0,9.0,787231.0,118897.33,139294.58,243397.0,258.0,689773.0,81094.16,129731.731,249896.0,47.0,0,0,0,0,0.0,1557.0,0,0,0,1,0,0,0,0,1.0,291.2391,114.2857,404.7273,0,0,0,0,0,0,7,757,7,3677,8192,240,6,20,0.0,0.0,0.0,0.0,0.0,0.0,0.0,0.0
44493,443,6,370.0,3465.0,189.0,0.0,46.25,74.1325,1661.0,0.0,692.25,762.7589,424574.23,1552616.903,5382121.0,3.0,5582693.0,814537.85,1922997.285,5382121.0,3.0,184652.0,48123.0,58584.476,95732.0,49.0,0,0,0,0,0.0,1661.0,0,0,0,1,0,0,0,0,0.0,271.6857,46.25,692.25,0,0,0,0,0,0,8,370,4,3465,8192,51,7,20,469143.0,0.0,469143.0,469143.0,5382188.0,0.0,5382128.0,5382188.0
38511,53,17,76.0,194.0,38.0,38.0,38.0,0.0,97.0,97.0,97.0,0.0,10557.66,18042.008,31625.0,1.0,1.0,1.0,0.0,1.0,1.0,190.0,190.0,0.0,190.0,190.0,0,0,0,0,38.0,97.0,0,0,0,0,0,0,0,0,1.0,77.0,38.0,97.0,0,0,0,0,0,0,2,76,2,194,-1,-1,1,44,0.0,0.0,0.0,0.0,0.0,0.0,0.0,0.0
41337,443,6,1427.0,15855.0,517.0,0.0,53.4375,135.6659,2896.0,0.0,572.8667,999.9545,1879038.56,3953750.452,10205877.0,6.0,116509392.0,3554666.96,4938575.333,10240013.0,4018.0,112901336.0,4577067.11,5013427.756,10240158.0,49.0,0,0,0,0,0.0,2896.0,0,0,0,1,0,0,0,0,0.0,327.8351,53.4375,572.8667,0,0,0,0,0,0,36,1427,29,15855,29200,296,6,32,34450.72,36701.216,120982.0,23207.0,10196701.09,75601.233,10205877.0,10001325.0
62167,443,6,974.0,7387.0,469.0,0.0,64.9333,134.266,1581.0,0.0,671.5455,745.9321,14364.36,26423.323,93426.0,1.0,397258.0,24924.44,32426.32,103366.0,1.0,263064.0,27306.1,44689.352,123217.0,2.0,0,0,0,0,0.0,1581.0,0,0,0,1,0,0,0,0,0.0,321.5769,64.9333,671.5455,0,0,0,0,0,0,15,974,11,7387,65535,357,6,32,0.0,0.0,0.0,0.0,0.0,0.0,0.0,0.0
443,59953,6,0.0,0.0,0.0,0.0,0.0,0.0,0.0,0.0,0.0,0.0,65.0,0.0,65.0,65.0,0.0,0.0,0.0,0.0,0.0,0.0,0.0,0.0,0.0,0.0,0,0,0,0,0.0,0.0,0,0,0,0,1,1,0,0,1.0,0.0,0.0,0.0,0,0,0,0,0,0,1,0,1,0,122,391,0,32,0.0,0.0,0.0,0.0,0.0,0.0,0.0,0.0
6933,80,6,12.0,0.0,6.0,0.0,4.0,3.4641,0.0,0.0,0.0,0.0,1847214.66,3196120.517,5490317.0,80.0,5424780.0,2762390.0,3703801.257,5490317.0,29092.0,0.0,0.0,0.0,0.0,0.0,0,0,0,0,0.0,6.0,0,0,0,1,0,0,0,0,0.0,3.0,4.0,0.0,0,0,0,0,0,0,3,12,1,0,8192,14600,2,20,0.0,0.0,0.0,0.0,0.0,0.0,0.0,0.0
80,55830,6,0.0,0.0,0.0,0.0,0.0,0.0,0.0,0.0,0.0,0.0,75.0,0.0,75.0,75.0,0.0,0.0,0.0,0.0,0.0,0.0,0.0,0.0,0.0,0.0,0,0,0,0,0.0,0.0,0,0,0,0,1,1,0,0,1.0,0.0,0.0,0.0,0,0,0,0,0,0,1,0,1,0,340,32832,0,32,0.0,0.0,0.0,0.0,0.0,0.0,0.0,0.0
80,51278,6,0.0,0.0,0.0,0.0,0.0,0.0,0.0,0.0,0.0,0.0,38.0,0.0,38.0,38.0,0.0,0.0,0.0,0.0,0.0,0.0,0.0,0.0,0.0,0.0,0,0,0,0,0.0,0.0,0,0,0,0,1,1,0,0,1.0,0.0,0.0,0.0,0,0,0,0,0,0,1,0,1,0,118,33304,0,32,0.0,0.0,0.0,0.0,0.0,0.0,0.0,0.0
56379,443,6,713.0,479.0,469.0,0.0,71.3,147.2874,341.0,0.0,95.8,149.5299,7869.07,11468.381,28003.0,19.0,85417.0,9714.88,11638.862,25724.0,19.0,51709.0,12964.75,12074.99,28433.0,406.0,0,0,0,0,0.0,469.0,0,0,0,1,0,0,0,0,0.0,79.4667,71.3,95.8,0,0,0,0,0,0,10,713,5,479,65535,972,5,32,0.0,0.0,0.0,0.0,0.0,0.0,0.0,0.0
57835,53,17,102.0,224.0,51.0,51.0,51.0,0.0,112.0,112.0,112.0,0.0,63.33,67.012,136.0,3.0,3.0,3.0,0.0,3.0,3.0,48.0,48.0,0.0,48.0,48.0,0,0,0,0,51.0,112.0,0,0,0,0,0,0,0,0,1.0,94.25,51.0,112.0,0,0,0,0,0,0,2,102,2,224,-1,-1,1,32,0.0,0.0,0.0,0.0,0.0,0.0,0.0,0.0
443,60608,6,0.0,0.0,0.0,0.0,0.0,0.0,0.0,0.0,0.0,0.0,57.0,0.0,57.0,57.0,0.0,0.0,0.0,0.0,0.0,0.0,0.0,0.0,0.0,0.0,0,0,0,0,0.0,0.0,0,0,0,0,1,1,0,0,1.0,0.0,0.0,0.0,0,0,0,0,0,0,1,0,1,0,362,32832,0,32,0.0,0.0,0.0,0.0,0.0,0.0,0.0,0.0
52571,80,6,450.0,1785.0,430.0,0.0,50.0,138.7635,1785.0,0.0,196.5333,584.8702,2007931.0,4027049.611,10026429.0,27.0,40106954.0,4011199.8,5453247.305,10020028.0,217.0,47027701.0,5003728.28,5013146.225,10020221.0,507.0,0,0,0,0,0.0,1785.0,0,0,0,1,0,0,0,0,1.0,110.6111,50.0,196.5333,0,0,0,0,0,0,6,450,9,1785,29200,939,1,32,22248.0,7239.413,48518.0,22370.0,10025881.4,1140.647,10026429.0,10000681.0
443,55461,6,37.0,6.0,37.0,0.0,18.5,26.163,6.0,6.0,6.0,0.0,119.5,42.52,158.0,86.0,239.0,239.0,0.0,239.0,239.0,0.0,0.0,0.0,0.0,0.0,1,0,0,0,0.0,37.0,0,1,0,0,1,0,0,0,0.0,26.6667,18.5,6.0,0,0,0,0,0,0,2,37,1,6,972,0,0,32,0.0,0.0,0.0,0.0,0.0,0.0,0.0,0.0
51396,53,17,82.0,210.0,41.0,41.0,41.0,0.0,105.0,105.0,105.0,0.0,7919.33,13662.278,23702.0,1.0,49.0,49.0,0.0,49.0,49.0,1.0,1.0,0.0,1.0,1.0,0,0,0,0,41.0,105.0,0,0,0,0,0,0,0,0,1.0,83.25,41.0,105.0,0,0,0,0,0,0,2,82,2,210,-1,-1,1,20,0.0,0.0,0.0,0.0,0.0,0.0,0.0,0.0
443,57666,6,6.0,6.0,6.0,6.0,6.0,0.0,6.0,6.0,6.0,0.0,76.0,0.0,76.0,76.0,0.0,0.0,0.0,0.0,0.0,0.0,0.0,0.0,0.0,0.0,0,0,0,0,6.0,6.0,0,0,0,0,1,1,0,0,1.0,9.0,6.0,6.0,0,0,0,0,0,0,1,6,1,6,8192,256,0,20,0.0,0.0,0.0,0.0,0.0,0.0,0.0,0.0
443,36769,6,0.0,0.0,0.0,0.0,0.0,0.0,0.0,0.0,0.0,0.0,85.0,0.0,85.0,85.0,0.0,0.0,0.0,0.0,0.0,0.0,0.0,0.0,0.0,0.0,0,0,0,0,0.0,0.0,0,0,0,0,1,1,0,0,1.0,0.0,0.0,0.0,0,0,0,0,0,0,1,0,1,0,121,576,0,32,0.0,0.0,0.0,0.0,0.0,0.0,0.0,0.0
54056,443,6,1020.0,40090.0,629.0,0.0,46.78,153.4532,3300.0,0.0,1487.3125,854.3432,127272.59,800407.207,4927753.0,1.0,4674329.0,298621.76,1049213.336,4927759.0,1.0,4742236.0,264738.21,1153667.893,4912915.0,1.0,0,0,0,0,0.0,3300.0,0,0,0,1,0,0,0,0,1.0,843.6556,46.78,1487.3125,0,0,0,0,0,0,25,1020,27,40090,29200,63,3,32,0.0,0.0,0.0,0.0,0.0,0.0,0.0,0.0
54427,443,6,12.0,0.0,6.0,6.0,6.0,0.0,0.0,0.0,0.0,0.0,3.0,0.0,3.0,3.0,3.0,3.0,0.0,3.0,3.0,0.0,0.0,0.0,0.0,0.0,0,0,0,0,6.0,6.0,1,0,0,0,0,0,0,0,0.0,9.0,6.0,0.0,0,0,0,0,0,0,2,12,0,0,0,-1,1,20,0.0,0.0,0.0,0.0,0.0,0.0,0.0,0.0
42780,443,6,1340.0,4862.0,641.0,0.0,61.7059,170.7106,1418.0,0.0,299.5,477.4322,2945440.39,4567464.791,10031863.0,8.0,116614920.0,5881949.5,4962164.446,10064016.0,49.0,111819362.0,6539969.75,4928201.184,10063714.0,48.0,0,0,0,0,0.0,1418.0,0,0,0,1,0,0,0,0,0.0,168.7048,61.7059,299.5,0,0,0,0,0,0,23,1340,19,4862,29200,370,5,32,161983.0,448550.257,1505702.0,51522.0,9605177.45,1344921.007,10031861.0,5056898.0
443,63364,6,37.0,0.0,37.0,0.0,18.5,26.163,0.0,0.0,0.0,0.0,1.0,0.0,1.0,1.0,1.0,1.0,0.0,1.0,1.0,0.0,0.0,0.0,0.0,0.0,1,0,0,0,0.0,37.0,0,1,0,0,1,0,0,0,0.0,37.0,18.5,0.0,0,0,0,0,0,0,2,37,0,0,972,-1,0,32,0.0,0.0,0.0,0.0,0.0,0.0,0.0,0.0
50866,53,17,74.0,262.0,37.0,37.0,37.0,0.0,131.0,131.0,131.0,0.0,55764.33,96977.947,167286.0,3.0,3.0,3.0,0.0,3.0,3.0,3.0,3.0,0.0,3.0,3.0,0,0,0,0,37.0,131.0,0,0,0,0,0,0,0,0,1.0,93.25,37.0,131.0,0,0,0,0,0,0,2,74,2,262,-1,-1,1,20,0.0,0.0,0.0,0.0,0.0,0.0,0.0,0.0
17383,53,17,62.0,224.0,31.0,31.0,31.0,0.0,112.0,112.0,112.0,0.0,85.0,104.6,194.0,0.0,0.0,0.0,0.0,0.0,0.0,48.0,48.0,0.0,48.0,48.0,0,0,0,0,31.0,112.0,0,0,0,0,0,0,0,0,1.0,84.25,31.0,112.0,0,0,0,0,0,0,2,62,2,224,-1,-1,1,32,0.0,0.0,0.0,0.0,0.0,0.0,0.0,0.0
60261,53,17,60.0,195.0,60.0,60.0,60.0,0.0,195.0,195.0,195.0,0.0,90455.0,0.0,90455.0,90455.0,0.0,0.0,0.0,0.0,0.0,0.0,0.0,0.0,0.0,0.0,0,0,0,0,60.0,195.0,0,0,0,0,0,0,0,0,1.0,167.5,60.0,195.0,0,0,0,0,0,0,1,60,1,195,-1,-1,0,32,0.0,0.0,0.0,0.0,0.0,0.0,0.0,0.0
443,40515,6,0.0,0.0,0.0,0.0,0.0,0.0,0.0,0.0,0.0,0.0,55.0,0.0,55.0,55.0,0.0,0.0,0.0,0.0,0.0,0.0,0.0,0.0,0.0,0.0,0,0,0,0,0.0,0.0,0,0,0,0,1,1,0,0,1.0,0.0,0.0,0.0,0,0,0,0,0,0,1,0,1,0,357,300,0,32,0.0,0.0,0.0,0.0,0.0,0.0,0.0,0.0
52230,80,6,12.0,0.0,6.0,0.0,4.0,3.4641,0.0,0.0,0.0,0.0,1843383.33,3103257.572,5494555.0,2.0,5530789.0,2765394.5,3882516.64,5494555.0,39322.0,0.0,0.0,0.0,0.0,0.0,0,0,0,0,0.0,6.0,0,0,0,1,0,0,0,0,0.0,3.0,4.0,0.0,0,0,0,0,0,0,3,12,1,0,8192,29200,2,20,0.0,0.0,0.0,0.0,0.0,0.0,0.0,0.0
50022,443,6,6.0,31.0,6.0,6.0,6.0,0.0,31.0,31.0,31.0,0.0,2739594.0,0.0,2739594.0,2739594.0,0.0,0.0,0.0,0.0,0.0,0.0,0.0,0.0,0.0,0.0,0,0,0,0,6.0,31.0,1,0,0,0,0,0,0,0,1.0,21.5,6.0,31.0,0,0,0,0,0,0,1,6,1,31,0,930,0,20,0.0,0.0,0.0,0.0,0.0,0.0,0.0,0.0
56139,53,17,102.0,134.0,51.0,51.0,51.0,0.0,67.0,67.0,67.0,0.0,44.66,79.047,142.0,4.0,4.0,4.0,0.0,4.0,4.0,4.0,4.0,0.0,4.0,4.0,0,0,0,0,51.0,67.0,0,0,0,0,0,0,0,0,1.0,71.75,51.0,67.0,0,0,0,0,0,0,2,102,2,134,-1,-1,1,20,0.0,0.0,0.0,0.0,0.0,0.0,0.0,0.0
63343,53,17,144.0,322.0,36.0,36.0,36.0,0.0,161.0,161.0,161.0,0.0,12352.2,17100.676,31109.0,3.0,31151.0,10350.33,17996.971,31149.0,3.0,3.0,3.0,0.0,3.0,3.0,0,0,0,0,36.0,161.0,0,0,0,0,0,0,0,0,0.0,84.6667,36.0,161.0,0,0,0,0,0,0,4,144,2,322,-1,-1,3,32,0.0,0.0,0.0,0.0,0.0,0.0,0.0,0.0
57277,443,6,6.0,12.0,6.0,6.0,6.0,0.0,6.0,6.0,6.0,0.0,139616.0,190913.009,173710.0,16331.0,0.0,0.0,0.0,0.0,0.0,53.0,53.0,0.0,53.0,53.0,0,0,0,0,6.0,6.0,0,0,0,0,1,0,0,0,2.0,8.0,6.0,6.0,0,0,0,0,0,0,1,6,2,12,64240,5864,0,20,0.0,0.0,0.0,0.0,0.0,0.0,0.0,0.0
3627,53,17,80.0,308.0,40.0,40.0,40.0,0.0,154.0,154.0,154.0,0.0,10398.33,17916.71,31136.0,3.0,3.0,3.0,0.0,3.0,3.0,49.0,49.0,0.0,49.0,49.0,0,0,0,0,40.0,154.0,0,0,0,0,0,0,0,0,1.0,107.0,40.0,154.0,0,0,0,0,0,0,2,80,2,308,-1,-1,1,32,0.0,0.0,0.0,0.0,0.0,0.0,0.0,0.0
55044,443,6,1244.0,22675.0,901.0,0.0,56.2692,191.2412,1460.0,0.0,1138.44,552.9527,2001.16,5222.3,15105.0,1.0,77051.0,4500.06,8807.828,20825.0,1.0,51166.0,2368.02,8883.467,17464.0,1.0,0,0,0,0,0.0,1460.0,0,0,0,1,0,0,0,0,1.0,593.5371,56.2692,1138.44,0,0,0,0,0,0,23,1244,35,22675,65535,32,22,20,0.0,0.0,0.0,0.0,0.0,0.0,0.0,0.0
41499,443,6,12.0,0.0,6.0,6.0,6.0,0.0,0.0,0.0,0.0,0.0,174.0,0.0,174.0,174.0,174.0,174.0,0.0,174.0,174.0,0.0,0.0,0.0,0.0,0.0,0,0,0,0,6.0,6.0,0,0,0,0,1,0,0,0,0.0,9.0,6.0,0.0,0,0,0,0,0,0,2,12,0,0,253,-1,1,20,0.0,0.0,0.0,0.0,0.0,0.0,0.0,0.0
57655,53,17,88.0,472.0,44.0,44.0,44.0,0.0,236.0,236.0,236.0,0.0,20525.0,35570.026,61523.0,3.0,48.0,48.0,0.0,48.0,48.0,3.0,3.0,0.0,3.0,3.0,0,0,0,0,44.0,236.0,0,0,0,0,0,0,0,0,1.0,151.0,44.0,236.0,0,0,0,0,0,0,2,88,2,472,-1,-1,1,32,0.0,0.0,0.0,0.0,0.0,0.0,0.0,0.0
61726,53,17,84.0,212.0,42.0,42.0,42.0,0.0,106.0,106.0,106.0,0.0,65.66,20.723,90.0,47.0,49.0,49.0,0.0,49.0,49.0,47.0,47.0,0.0,47.0,47.0,0,0,0,0,42.0,106.0,0,0,0,0,0,0,0,0,1.0,84.5,42.0,106.0,0,0,0,0,0,0,2,84,2,212,-1,-1,1,32,0.0,0.0,0.0,0.0,0.0,0.0,0.0,0.0
62896,53,17,78.0,206.0,78.0,78.0,78.0,0.0,206.0,206.0,206.0,0.0,25344.0,0.0,25344.0,25344.0,0.0,0.0,0.0,0.0,0.0,0.0,0.0,0.0,0.0,0.0,0,0,0,0,78.0,206.0,0,0,0,0,0,0,0,0,1.0,181.0,78.0,206.0,0,0,0,0,0,0,1,78,1,206,-1,-1,0,20,0.0,0.0,0.0,0.0,0.0,0.0,0.0,0.0
55298,443,6,599.0,152.0,517.0,0.0,85.5714,191.3085,152.0,0.0,38.0,76.0,533616.3,1615903.578,5216195.0,3.0,5344103.0,888768.83,2103313.036,5267632.0,3.0,99015.0,39601.66,31643.962,67697.0,625.0,0,0,0,0,0.0,517.0,0,0,0,1,0,0,0,0,0.0,68.2727,85.5714,38.0,0,0,0,0,0,0,7,599,4,152,29200,939,3,32,114393.0,0.0,114393.0,114393.0,5216179.0,0.0,5216199.0,5216179.0
123,123,17,48.0,48.0,48.0,48.0,48.0,0.0,48.0,48.0,48.0,0.0,83294.0,0.0,83294.0,83294.0,0.0,0.0,0.0,0.0,0.0,0.0,0.0,0.0,0.0,0.0,0,0,0,0,48.0,48.0,0,0,0,0,0,0,0,0,1.0,72.0,48.0,48.0,0,0,0,0,0,0,1,48,1,48,-1,-1,0,20,0.0,0.0,0.0,0.0,0.0,0.0,0.0,0.0
443,60429,6,0.0,0.0,0.0,0.0,0.0,0.0,0.0,0.0,0.0,0.0,71.0,0.0,71.0,71.0,0.0,0.0,0.0,0.0,0.0,0.0,0.0,0.0,0.0,0.0,0,0,0,0,0.0,0.0,0,0,0,0,1,1,0,0,1.0,0.0,0.0,0.0,0,0,0,0,0,0,1,0,1,0,351,32832,0,32,0.0,0.0,0.0,0.0,0.0,0.0,0.0,0.0
42786,80,6,0.0,0.0,0.0,0.0,0.0,0.0,0.0,0.0,0.0,0.0,1712796.66,2929080.943,5033329.0,33.0,5155267.0,2577633.5,3596044.707,5033329.0,86847.0,0.0,0.0,0.0,0.0,0.0,0,0,0,0,0.0,0.0,0,0,0,1,0,0,0,0,0.0,0.0,0.0,0.0,0,0,0,0,0,0,3,0,1,0,29200,65535,0,32,0.0,0.0,0.0,0.0,0.0,0.0,0.0,0.0
46988,443,6,123.0,46.0,46.0,0.0,24.6,23.2766,46.0,46.0,46.0,0.0,1079474.6,2460067.986,5204902.0,49.0,5334882.0,1398270.0,2633202.036,5204902.0,49.0,0.0,0.0,0.0,0.0,0.0,1,0,0,0,0.0,46.0,0,1,0,0,1,0,0,0,0.0,35.8333,24.6,46.0,0,0,0,0,0,0,5,123,1,46,334,357,2,32,37289.0,0.0,37289.0,37289.0,5204970.0,0.0,5204900.0,5204970.0
54393,443,6,713.0,479.0,469.0,0.0,71.3,147.2874,341.0,0.0,95.8,149.5299,5823.35,9605.431,23914.0,4.0,93540.0,10802.44,11628.785,24031.0,4.0,50597.0,12771.25,12533.598,24650.0,4.0,0,0,0,0,0.0,469.0,0,0,0,1,0,0,0,0,0.0,79.4667,71.3,95.8,0,0,0,0,0,0,10,713,5,479,65535,972,5,32,0.0,0.0,0.0,0.0,0.0,0.0,0.0,0.0
49200,53,17,92.0,284.0,46.0,46.0,46.0,0.0,142.0,142.0,142.0,0.0,77.66,51.402,136.0,48.0,48.0,48.0,0.0,48.0,48.0,48.0,48.0,0.0,48.0,48.0,0,0,0,0,46.0,142.0,0,0,0,0,0,0,0,0,1.0,105.5,46.0,142.0,0,0,0,0,0,0,2,92,2,284,-1,-1,1,32,0.0,0.0,0.0,0.0,0.0,0.0,0.0,0.0
443,62807,6,0.0,0.0,0.0,0.0,0.0,0.0,0.0,0.0,0.0,0.0,82.0,0.0,82.0,82.0,0.0,0.0,0.0,0.0,0.0,0.0,0.0,0.0,0.0,0.0,0,0,0,0,0.0,0.0,0,0,0,0,1,1,0,0,1.0,0.0,0.0,0.0,0,0,0,0,0,0,1,0,1,0,357,32832,0,32,0.0,0.0,0.0,0.0,0.0,0.0,0.0,0.0
60957,53,17,43.0,103.0,43.0,43.0,43.0,0.0,103.0,103.0,103.0,0.0,102043.0,0.0,102043.0,102043.0,0.0,0.0,0.0,0.0,0.0,0.0,0.0,0.0,0.0,0.0,0,0,0,0,43.0,103.0,0,0,0,0,0,0,0,0,1.0,94.5,43.0,103.0,0,0,0,0,0,0,1,43,1,103,-1,-1,0,32,0.0,0.0,0.0,0.0,0.0,0.0,0.0,0.0
59983,53,17,66.0,98.0,33.0,33.0,33.0,0.0,49.0,49.0,49.0,0.0,57.0,51.571,110.0,3.0,3.0,3.0,0.0,3.0,3.0,48.0,48.0,0.0,48.0,48.0,0,0,0,0,33.0,49.0,0,0,0,0,0,0,0,0,1.0,49.25,33.0,49.0,0,0,0,0,0,0,2,66,2,98,-1,-1,1,20,0.0,0.0,0.0,0.0,0.0,0.0,0.0,0.0
62598,443,6,3848.0,4420.0,964.0,0.0,203.7,437.8606,1448.0,0.0,373.0902,503.0907,2088258.5,9223779.957,44974648.0,48.0,52050906.0,3640812.5,13884720.322,44974648.0,48.0,62009413.0,5182810.8,8472067.132,45055465.0,48.0,0,0,0,0,0.0,1448.0,0,0,0,1,0,0,0,0,0.0,298.36,203.7,373.0902,0,0,0,0,0,0,20,3848,11,4420,65535,158,7,32,2305517.0,2732724.532,4080018.0,35776.0,20465062.0,26874588.242,44974645.0,5474833.0
61537,53,17,47.0,79.0,47.0,47.0,47.0,0.0,79.0,79.0,79.0,0.0,23667.0,0.0,23667.0,23667.0,0.0,0.0,0.0,0.0,0.0,0.0,0.0,0.0,0.0,0.0,0,0,0,0,47.0,79.0,0,0,0,0,0,0,0,0,1.0,86.5,47.0,79.0,0,0,0,0,0,0,1,47,1,79,-1,-1,0,20,0.0,0.0,0.0,0.0,0.0,0.0,0.0,0.0
62076,53,17,40.0,233.0,40.0,40.0,40.0,0.0,233.0,233.0,233.0,0.0,60810.0,0.0,60810.0,60810.0,0.0,0.0,0.0,0.0,0.0,0.0,0.0,0.0,0.0,0.0,0,0,0,0,40.0,233.0,0,0,0,0,0,0,0,0,1.0,156.5,40.0,233.0,0,0,0,0,0,0,1,40,1,233,-1,-1,0,32,0.0,0.0,0.0,0.0,0.0,0.0,0.0,0.0
64325,53,17,70.0,102.0,35.0,35.0,35.0,0.0,51.0,51.0,51.0,0.0,47.66,77.882,137.0,3.0,3.0,3.0,0.0,3.0,3.0,3.0,3.0,0.0,3.0,3.0,0,0,0,0,35.0,51.0,0,0,0,0,0,0,0,0,1.0,51.75,35.0,51.0,0,0,0,0,0,0,2,70,2,102,-1,-1,1,20,0.0,0.0,0.0,0.0,0.0,0.0,0.0,0.0
443,53656,6,37.0,0.0,31.0,6.0,18.5,17.6777,0.0,0.0,0.0,0.0,2.0,0.0,2.0,2.0,2.0,2.0,0.0,2.0,2.0,0.0,0.0,0.0,0.0,0.0,1,0,0,0,6.0,31.0,0,1,0,0,1,0,0,0,0.0,34.0,18.5,0.0,0,0,0,0,0,0,2,37,0,0,31,-1,1,20,0.0,0.0,0.0,0.0,0.0,0.0,0.0,0.0
55244,53,17,60.0,264.0,30.0,30.0,30.0,0.0,132.0,132.0,132.0,0.0,59.66,91.221,162.0,3.0,3.0,3.0,0.0,3.0,3.0,4.0,4.0,0.0,4.0,4.0,0,0,0,0,30.0,132.0,0,0,0,0,0,0,0,0,1.0,88.5,30.0,132.0,0,0,0,0,0,0,2,60,2,264,-1,-1,1,32,0.0,0.0,0.0,0.0,0.0,0.0,0.0,0.0
60463,53,17,51.0,67.0,51.0,51.0,51.0,0.0,67.0,67.0,67.0,0.0,30379.0,0.0,30379.0,30379.0,0.0,0.0,0.0,0.0,0.0,0.0,0.0,0.0,0.0,0.0,0,0,0,0,51.0,67.0,0,0,0,0,0,0,0,0,1.0,84.5,51.0,67.0,0,0,0,0,0,0,1,51,1,67,-1,-1,0,20,0.0,0.0,0.0,0.0,0.0,0.0,0.0,0.0
55576,53,17,88.0,120.0,44.0,44.0,44.0,0.0,60.0,60.0,60.0,0.0,50.33,86.115,145.0,3.0,3.0,3.0,0.0,3.0,3.0,3.0,3.0,0.0,3.0,3.0,0,0,0,0,44.0,60.0,0,0,0,0,0,0,0,0,1.0,63.0,44.0,60.0,0,0,0,0,0,0,2,88,2,120,-1,-1,1,32,0.0,0.0,0.0,0.0,0.0,0.0,0.0,0.0
443,58759,6,43.0,6.0,31.0,6.0,14.3333,14.4338,6.0,6.0,6.0,0.0,35.66,53.953,91.0,3.0,67.0,33.5,53.199,63.0,3.0,0.0,0.0,0.0,0.0,0.0,0,0,0,0,6.0,31.0,0,0,0,0,1,0,0,0,0.0,13.75,14.3333,6.0,0,0,0,0,0,0,3,43,1,6,1313,0,2,20,0.0,0.0,0.0,0.0,0.0,0.0,0.0,0.0
55826,53,17,92.0,284.0,46.0,46.0,46.0,0.0,142.0,142.0,142.0,0.0,57.0,98.626,164.0,4.0,4.0,4.0,0.0,4.0,4.0,4.0,4.0,0.0,4.0,4.0,0,0,0,0,46.0,142.0,0,0,0,0,0,0,0,0,1.0,105.5,46.0,142.0,0,0,0,0,0,0,2,92,2,284,-1,-1,1,32,0.0,0.0,0.0,0.0,0.0,0.0,0.0,0.0
443,59677,6,0.0,0.0,0.0,0.0,0.0,0.0,0.0,0.0,0.0,0.0,112.0,0.0,112.0,112.0,0.0,0.0,0.0,0.0,0.0,0.0,0.0,0.0,0.0,0.0,0,0,0,0,0.0,0.0,0,0,0,0,1,0,0,0,1.0,0.0,0.0,0.0,0,0,0,0,0,0,1,0,1,0,357,32832,0,32,0.0,0.0,0.0,0.0,0.0,0.0,0.0,0.0
49302,53,17,78.0,276.0,39.0,39.0,39.0,0.0,138.0,138.0,138.0,0.0,116.0,168.679,351.0,1.0,1.0,1.0,0.0,1.0,1.0,1.0,1.0,0.0,1.0,1.0,0,0,0,0,39.0,138.0,0,0,0,0,0,0,0,0,1.0,98.25,39.0,138.0,0,0,0,0,0,0,2,78,2,276,-1,-1,1,20,0.0,0.0,0.0,0.0,0.0,0.0,0.0,0.0
54580,443,6,846.0,4892.0,485.0,0.0,69.6154,138.0122,1410.0,0.0,585.4545,656.5038,16920.05,28153.282,142119.0,0.0,348815.0,25523.61,43664.328,142869.0,4.0,282425.0,33066.7,66532.59,142827.0,1.0,0,0,0,0,0.0,1410.0,0,0,0,1,0,0,0,0,0.0,252.7655,69.6154,585.4545,0,0,0,0,0,0,13,846,9,4892,65535,349,6,32,0.0,0.0,0.0,0.0,0.0,0.0,0.0,0.0
32995,443,6,1374.0,693.0,1103.0,0.0,116.7273,310.9584,313.0,0.0,71.8571,158.895,3123547.29,4662224.061,10024578.0,33.0,115941994.0,6102372.26,4883327.436,10087925.0,48.0,110426177.0,6845694.12,4707577.681,10089648.0,1583.0,0,0,0,0,0.0,1103.0,0,0,0,1,0,0,0,0,0.0,82.125,116.7273,71.8571,0,0,0,0,0,0,17,1374,17,693,29200,384,4,32,45573.36,73096.49,213627.0,22924.0,9620319.91,1363001.969,10024574.0,5036091.0
54962,743,6,18.0,0.0,6.0,6.0,6.0,0.0,0.0,0.0,0.0,0.0,43987.0,85615.11,177369.0,1.0,4.0,2.0,3.414,3.0,1.0,166514.0,166514.0,0.0,166514.0,166514.0,0,0,0,0,0.0,6.0,1,0,0,0,0,0,0,0,0.0,4.8,6.0,0.0,0,0,0,0,0,0,3,18,2,0,0,114,2,20,0.0,0.0,0.0,0.0,0.0,0.0,0.0,0.0
50733,443,6,913.0,3256.0,421.0,0.0,77.3077,120.6316,1460.0,0.0,222.3077,496.5812,2061562.96,4087663.229,10007599.0,35.0,51287517.0,3814424.66,5067646.911,10051671.0,50379.0,50350692.0,4667349.11,5129819.142,10052989.0,218.0,0,0,0,0,0.0,1460.0,0,0,0,1,0,0,0,0,0.0,134.1195,77.3077,222.3077,0,0,0,0,0,0,13,913,13,3256,8192,120,12,20,176874.8,172875.1,640746.0,50051.0,9997695.71,84933.348,10007500.0,9981892.0
35118,443,6,1090.0,95558.0,517.0,0.0,24.4765,88.5634,4344.0,0.0,1114.9372,1126.6007,359224.25,1899822.048,10029982.0,1.0,91466885.0,859833.75,2876058.499,10047915.0,3.0,91434382.0,575924.58,2534371.137,10048043.0,1.0,0,0,0,0,0.0,4344.0,0,0,0,1,0,0,0,0,1.0,699.2031,24.4765,1114.9372,0,0,0,0,0,0,69,1090,145,95558,29200,126,4,32,107119.62,432706.89,1088828.0,22966.0,10021808.83,18219.795,10029985.0,9999101.0
62191,53,17,48.0,125.0,48.0,48.0,48.0,0.0,125.0,125.0,125.0,0.0,1173.0,0.0,1173.0,1173.0,0.0,0.0,0.0,0.0,0.0,0.0,0.0,0.0,0.0,0.0,0,0,0,0,48.0,125.0,0,0,0,0,0,0,0,0,1.0,110.5,48.0,125.0,0,0,0,0,0,0,1,48,1,125,-1,-1,0,40,0.0,0.0,0.0,0.0,0.0,0.0,0.0,0.0
56069,53,17,70.0,264.0,35.0,35.0,35.0,0.0,132.0,132.0,132.0,0.0,82.0,102.953,200.0,1.0,48.0,48.0,0.0,48.0,48.0,1.0,1.0,0.0,1.0,1.0,0,0,0,0,35.0,132.0,0,0,0,0,0,0,0,0,1.0,92.25,35.0,132.0,0,0,0,0,0,0,2,70,2,264,-1,-1,1,20,0.0,0.0,0.0,0.0,0.0,0.0,0.0,0.0
443,47682,6,0.0,0.0,0.0,0.0,0.0,0.0,0.0,0.0,0.0,0.0,47.0,0.0,47.0,47.0,0.0,0.0,0.0,0.0,0.0,0.0,0.0,0.0,0.0,0.0,0,0,0,0,0.0,0.0,0,0,0,0,1,1,0,0,1.0,0.0,0.0,0.0,0,0,0,0,0,0,1,0,1,0,125,245,0,32,0.0,0.0,0.0,0.0,0.0,0.0,0.0,0.0
49445,53,17,72.0,194.0,36.0,36.0,36.0,0.0,97.0,97.0,97.0,0.0,20253.33,35022.055,60708.0,4.0,4.0,4.0,0.0,4.0,4.0,4.0,4.0,0.0,4.0,4.0,0,0,0,0,36.0,97.0,0,0,0,0,0,0,0,0,1.0,75.5,36.0,97.0,0,0,0,0,0,0,2,72,2,194,-1,-1,1,20,0.0,0.0,0.0,0.0,0.0,0.0,0.0,0.0
443,59778,6,29.0,0.0,23.0,6.0,14.5,12.0208,0.0,0.0,0.0,0.0,1.0,0.0,1.0,1.0,1.0,1.0,0.0,1.0,1.0,0.0,0.0,0.0,0.0,0.0,1,0,0,0,6.0,23.0,0,1,0,0,1,0,0,0,0.0,26.5,14.5,0.0,0,0,0,0,0,0,2,29,0,0,40958,-1,1,20,0.0,0.0,0.0,0.0,0.0,0.0,0.0,0.0
443,48634,6,0.0,0.0,0.0,0.0,0.0,0.0,0.0,0.0,0.0,0.0,4.0,0.0,4.0,4.0,4.0,4.0,0.0,4.0,4.0,0.0,0.0,0.0,0.0,0.0,0,0,0,0,0.0,0.0,0,0,0,0,1,0,0,0,0.0,0.0,0.0,0.0,0,0,0,0,0,0,2,0,0,0,357,-1,0,32,0.0,0.0,0.0,0.0,0.0,0.0,0.0,0.0
443,36882,6,0.0,0.0,0.0,0.0,0.0,0.0,0.0,0.0,0.0,0.0,93.0,0.0,93.0,93.0,0.0,0.0,0.0,0.0,0.0,0.0,0.0,0.0,0.0,0.0,0,0,0,0,0.0,0.0,0,0,0,0,1,1,0,0,1.0,0.0,0.0,0.0,0,0,0,0,0,0,1,0,1,0,118,398,0,32,0.0,0.0,0.0,0.0,0.0,0.0,0.0,0.0
34561,443,6,3613.0,4817.0,672.0,0.0,123.0,202.6238,248.0,0.0,155.6429,127.9667,979389.63,6583864.222,50146211.0,1.0,64472649.0,2187062.95,8619093.887,50248270.0,11.0,64445310.0,1408247.15,9203666.955,58172186.0,3.0,1,0,0,0,0.0,672.0,0,1,0,0,1,0,0,0,1.0,143.0096,123.0,155.6429,0,0,0,0,0,0,25,3613,36,4817,296,136,22,32,1089085.0,1739067.7,4116588.0,86313.0,30071875.0,33175885.476,50146219.0,10049995.0
80,57349,6,6.0,6.0,6.0,6.0,6.0,0.0,6.0,6.0,6.0,0.0,77.0,0.0,77.0,77.0,0.0,0.0,0.0,0.0,0.0,0.0,0.0,0.0,0.0,0.0,0,0,0,0,6.0,6.0,0,0,0,0,1,1,0,0,1.0,9.0,6.0,6.0,0,0,0,0,0,0,1,6,1,6,229,258,0,20,0.0,0.0,0.0,0.0,0.0,0.0,0.0,0.0
50268,53,17,72.0,104.0,36.0,36.0,36.0,0.0,52.0,52.0,52.0,0.0,49.0,87.072,140.0,3.0,3.0,3.0,0.0,3.0,3.0,3.0,3.0,0.0,3.0,3.0,0,0,0,0,36.0,52.0,0,0,0,0,0,0,0,0,1.0,53.0,36.0,52.0,0,0,0,0,0,0,2,72,2,104,-1,-1,1,20,0.0,0.0,0.0,0.0,0.0,0.0,0.0,0.0
443,53373,6,12.0,0.0,6.0,6.0,6.0,0.0,0.0,0.0,0.0,0.0,213.0,0.0,213.0,213.0,213.0,213.0,0.0,213.0,213.0,0.0,0.0,0.0,0.0,0.0,0,0,0,0,6.0,6.0,0,0,0,0,1,0,0,0,0.0,9.0,6.0,0.0,0,0,0,0,0,0,2,12,0,0,5114,-1,1,20,0.0,0.0,0.0,0.0,0.0,0.0,0.0,0.0
41504,53,17,74.0,154.0,37.0,37.0,37.0,0.0,77.0,77.0,77.0,0.0,84.0,143.039,245.0,1.0,1.0,1.0,0.0,1.0,1.0,2.0,2.0,0.0,2.0,2.0,0,0,0,0,37.0,77.0,0,0,0,0,0,0,0,0,1.0,66.25,37.0,77.0,0,0,0,0,0,0,2,74,2,154,-1,-1,1,32,0.0,0.0,0.0,0.0,0.0,0.0,0.0,0.0
443,57548,6,18.0,0.0,6.0,6.0,6.0,0.0,0.0,0.0,0.0,0.0,7830.0,11926.409,15619.0,48.0,15661.0,7830.5,10416.241,15669.0,48.0,0.0,0.0,0.0,0.0,0.0,0,0,0,0,6.0,6.0,0,0,0,0,1,0,0,0,0.0,8.0,6.0,0.0,0,0,0,0,0,0,3,18,0,0,12499,-1,2,20,0.0,0.0,0.0,0.0,0.0,0.0,0.0,0.0
62426,53,17,92.0,124.0,46.0,46.0,46.0,0.0,62.0,62.0,62.0,0.0,57.66,91.511,167.0,3.0,3.0,3.0,0.0,3.0,3.0,4.0,4.0,0.0,4.0,4.0,0,0,0,0,46.0,62.0,0,0,0,0,0,0,0,0,1.0,65.5,46.0,62.0,0,0,0,0,0,0,2,92,2,124,-1,-1,1,20,0.0,0.0,0.0,0.0,0.0,0.0,0.0,0.0
59341,53,17,46.0,46.0,23.0,23.0,23.0,0.0,23.0,23.0,23.0,0.0,53.33,80.498,153.0,3.0,4.0,4.0,0.0,4.0,4.0,3.0,3.0,0.0,3.0,3.0,0,0,0,0,23.0,23.0,0,0,0,0,0,0,0,0,1.0,28.75,23.0,23.0,0,0,0,0,0,0,2,46,2,46,-1,-1,1,32,0.0,0.0,0.0,0.0,0.0,0.0,0.0,0.0
55020,53,17,66.0,386.0,33.0,33.0,33.0,0.0,193.0,193.0,193.0,0.0,7983.33,13800.411,23946.0,3.0,3.0,3.0,0.0,3.0,3.0,49.0,49.0,0.0,49.0,49.0,0,0,0,0,33.0,193.0,0,0,0,0,0,0,0,0,1.0,121.25,33.0,193.0,0,0,0,0,0,0,2,66,2,386,-1,-1,1,32,0.0,0.0,0.0,0.0,0.0,0.0,0.0,0.0
60739,10087,6,0.0,0.0,0.0,0.0,0.0,0.0,0.0,0.0,0.0,0.0,26.5,36.945,50.0,1.0,0.0,0.0,0.0,0.0,0.0,49.0,49.0,0.0,49.0,49.0,0,0,0,0,0.0,0.0,0,0,0,0,1,1,0,0,2.0,0.0,0.0,0.0,0,0,0,0,0,0,1,0,2,0,243,228,0,32,0.0,0.0,0.0,0.0,0.0,0.0,0.0,0.0
53508,80,6,439.0,1766.0,439.0,0.0,87.0,194.5469,1766.0,0.0,593.6667,835.0312,1112819.85,2422820.399,5712708.0,99.0,235562.0,53490.0,61118.829,299797.0,249.0,5096438.0,1296869.0,3847025.463,5724760.0,1255.0,0,0,0,0,0.0,1766.0,0,0,0,1,0,0,0,0,1.0,338.5,87.0,593.6667,0,0,0,0,0,0,5,439,3,1766,29200,939,1,32,0.0,0.0,0.0,0.0,0.0,0.0,0.0,0.0
62915,53,17,114.0,184.0,61.0,41.0,57.0,14.2426,108.0,76.0,92.0,20.0,34749374.0,50432162.008,104970801.0,555.0,104000157.0,104000157.0,0.0,104000157.0,104000157.0,105906909.0,105906909.0,0.0,105906909.0,104906909.0,0,0,0,0,41.0,108.0,0,0,0,0,0,0,0,0,1.0,86.25,57.0,92.0,0,0,0,0,0,0,2,114,2,184,-1,-1,1,32,30448.0,0.0,30448.0,30448.0,104970845.0,0.0,104970845.0,104970845.0
53716,443,6,1340.0,41210.0,230.0,0.0,27.7797,22.6823,2836.0,0.0,1162.4647,558.6323,243776.87,1630121.69,10018934.0,0.0,18398749.0,519457.95,2470012.621,10014934.0,4.0,11239503.0,577828.61,1644042.742,10081868.0,1.0,0,0,0,0,0.0,2836.0,0,0,0,1,0,0,0,0,1.0,604.87,27.7797,1162.4647,0,0,0,0,0,0,37,1340,46,41210,29200,366,9,32,319450.0,0.0,319450.0,319450.0,10018974.0,0.0,10018934.0,10018974.0
64533,53,17,92.0,284.0,46.0,46.0,46.0,0.0,142.0,142.0,142.0,0.0,56.0,89.604,154.0,3.0,4.0,4.0,0.0,4.0,4.0,3.0,3.0,0.0,3.0,3.0,0,0,0,0,46.0,142.0,0,0,0,0,0,0,0,0,1.0,105.5,46.0,142.0,0,0,0,0,0,0,2,92,2,284,-1,-1,1,20,0.0,0.0,0.0,0.0,0.0,0.0,0.0,0.0
58614,80,6,12.0,0.0,6.0,6.0,6.0,0.0,0.0,0.0,0.0,0.0,10960.0,0.0,10960.0,10960.0,10960.0,10960.0,0.0,10960.0,10960.0,0.0,0.0,0.0,0.0,0.0,0,0,0,0,6.0,6.0,0,0,0,0,1,0,0,0,0.0,9.0,6.0,0.0,0,0,0,0,0,0,2,12,0,0,256,-1,1,20,0.0,0.0,0.0,0.0,0.0,0.0,0.0,0.0
137,137,17,124.0,0.0,62.0,62.0,62.0,0.0,0.0,0.0,0.0,0.0,3.0,0.0,3.0,3.0,3.0,3.0,0.0,3.0,3.0,0.0,0.0,0.0,0.0,0.0,0,0,0,0,62.0,62.0,0,0,0,0,0,0,0,0,0.0,93.0,62.0,0.0,0,0,0,0,0,0,2,124,0,0,-1,-1,1,32,0.0,0.0,0.0,0.0,0.0,0.0,0.0,0.0
57290,443,6,2780.0,554.0,2510.0,0.0,387.0,869.9225,460.0,0.0,61.7692,131.0644,359411.66,1351143.515,4970963.0,3.0,5272281.0,659779.2,1545875.322,4970963.0,3.0,115971.0,15307.8,12846.332,43416.0,3.0,0,0,0,0,0.0,2510.0,0,0,0,1,0,0,0,0,1.0,273.1667,387.0,61.7692,0,0,0,0,0,0,6,2780,9,554,8192,65,5,20,0.0,0.0,0.0,0.0,0.0,0.0,0.0,0.0
443,50750,6,6.0,6.0,6.0,6.0,6.0,0.0,6.0,6.0,6.0,0.0,33.0,0.0,33.0,33.0,0.0,0.0,0.0,0.0,0.0,0.0,0.0,0.0,0.0,0.0,0,0,0,0,6.0,6.0,0,0,0,0,1,1,0,0,1.0,9.0,6.0,6.0,0,0,0,0,0,0,1,6,1,6,8192,256,0,20,0.0,0.0,0.0,0.0,0.0,0.0,0.0,0.0
55014,443,6,1120.0,23006.0,234.0,0.0,42.5714,58.7031,2896.0,0.0,1018.2706,984.1908,1735207.38,8600509.176,58442817.0,2.0,118649246.0,3694488.33,13862979.156,58442818.0,29.0,118684880.0,3057336.13,10394352.765,58486992.0,2.0,0,0,0,0,0.0,2896.0,0,0,0,1,0,0,0,0,0.0,507.8667,42.5714,1018.2706,0,0,0,0,0,0,36,1120,28,23006,29200,183,8,32,325514.5,408393.91,935661.0,76766.0,58266263.0,364393.182,58442813.0,58121591.0
60786,53,17,93.0,267.0,49.0,42.0,46.5,6.364,185.0,192.0,133.5,45.7763,22857047.33,34402155.243,66465905.0,28341.0,66485619.0,66485619.0,0.0,66485619.0,66485619.0,66414185.0,66414185.0,0.0,66414185.0,66414185.0,0,0,0,0,42.0,185.0,0,0,0,0,0,0,0,0,1.0,103.25,46.5,133.5,0,0,0,0,0,0,2,93,2,267,-1,-1,1,20,58210.0,0.0,58210.0,58210.0,66465907.0,0.0,66465907.0,66465907.0
53560,443,6,12.0,0.0,6.0,6.0,6.0,0.0,0.0,0.0,0.0,0.0,3071.0,0.0,3071.0,3071.0,3071.0,3071.0,0.0,3071.0,3071.0,0.0,0.0,0.0,0.0,0.0,0,0,0,0,6.0,6.0,0,0,0,0,1,0,0,0,0.0,9.0,6.0,0.0,0,0,0,0,0,0,2,12,0,0,16232,-1,1,20,0.0,0.0,0.0,0.0,0.0,0.0,0.0,0.0
443,60154,6,0.0,0.0,0.0,0.0,0.0,0.0,0.0,0.0,0.0,0.0,108.0,0.0,108.0,108.0,0.0,0.0,0.0,0.0,0.0,0.0,0.0,0.0,0.0,0.0,0,0,0,0,0.0,0.0,0,0,0,0,1,0,0,0,1.0,0.0,0.0,0.0,0,0,0,0,0,0,1,0,1,0,349,32832,0,32,0.0,0.0,0.0,0.0,0.0,0.0,0.0,0.0
1264,443,6,1410.0,5479.0,448.0,0.0,61.2857,106.5978,1430.0,0.0,230.5615,455.6572,1622020.44,9131260.581,58899438.0,1.0,62696864.0,3408763.95,13921975.183,58998498.0,39.0,62409004.0,3467366.83,12237189.199,58967826.0,1.0,0,0,0,0,0.0,1430.0,0,0,0,1,0,0,0,0,1.0,168.6111,61.2857,230.5615,0,0,0,0,0,0,14,1410,22,5479,8192,374,13,20,1211707.0,0.0,2211707.0,1211707.0,58899410.0,0.0,58899410.0,58899410.0
443,55306,6,0.0,0.0,0.0,0.0,0.0,0.0,0.0,0.0,0.0,0.0,115.5,153.974,228.0,2.0,4.0,4.0,0.0,4.0,4.0,0.0,0.0,0.0,0.0,0.0,0,0,0,0,0.0,0.0,0,0,0,0,1,1,0,0,0.0,0.0,0.0,0.0,0,0,0,0,0,0,2,0,1,0,357,32832,0,32,0.0,0.0,0.0,0.0,0.0,0.0,0.0,0.0
61459,53,17,54.0,60.0,54.0,54.0,54.0,0.0,60.0,60.0,60.0,0.0,31152.0,0.0,31152.0,31152.0,0.0,0.0,0.0,0.0,0.0,0.0,0.0,0.0,0.0,0.0,0,0,0,0,54.0,60.0,0,0,0,0,0,0,0,0,1.0,84.0,54.0,60.0,0,0,0,0,0,0,1,54,1,60,-1,-1,0,20,0.0,0.0,0.0,0.0,0.0,0.0,0.0,0.0
57914,80,6,12.0,0.0,6.0,6.0,6.0,0.0,0.0,0.0,0.0,0.0,74.0,0.0,74.0,74.0,74.0,74.0,0.0,74.0,74.0,0.0,0.0,0.0,0.0,0.0,0,0,0,0,6.0,6.0,0,0,0,0,1,0,0,0,0.0,9.0,6.0,0.0,0,0,0,0,0,0,2,12,0,0,64035,-1,1,20,0.0,0.0,0.0,0.0,0.0,0.0,0.0,0.0
52442,443,6,817.0,9316.0,511.0,0.0,55.8571,146.2321,3083.0,0.0,855.2143,990.9938,443211.4,2216665.903,9995064.0,3.0,527854.0,56263.0,72035.638,326142.0,171.0,10423178.0,901099.83,2826801.601,9998642.0,3.0,0,0,0,0,0.0,3083.0,0,0,0,1,0,0,0,0,1.0,472.0,55.8571,855.2143,0,0,0,0,0,0,14,817,14,9316,29200,61,3,32,389695.0,0.0,389695.0,389695.0,9995017.0,0.0,9995067.0,9995017.0
443,63454,6,37.0,0.0,37.0,0.0,18.5,26.163,0.0,0.0,0.0,0.0,3.0,0.0,3.0,3.0,3.0,3.0,0.0,3.0,3.0,0.0,0.0,0.0,0.0,0.0,1,0,0,0,0.0,37.0,0,1,0,0,1,0,0,0,0.0,37.0,18.5,0.0,0,0,0,0,0,0,2,37,0,0,119,-1,0,32,0.0,0.0,0.0,0.0,0.0,0.0,0.0,0.0
443,55633,6,0.0,0.0,0.0,0.0,0.0,0.0,0.0,0.0,0.0,0.0,61.0,0.0,61.0,61.0,0.0,0.0,0.0,0.0,0.0,0.0,0.0,0.0,0.0,0.0,0,0,0,0,0.0,0.0,0,0,0,0,1,0,0,0,1.0,0.0,0.0,0.0,0,0,0,0,0,0,1,0,1,0,362,32832,0,32,0.0,0.0,0.0,0.0,0.0,0.0,0.0,0.0
43147,443,6,1688.0,4667.0,1368.0,0.0,129.2727,386.4094,1413.0,0.0,511.4286,633.7024,14394.38,27355.436,101726.0,1.0,282958.0,20365.3,30606.598,121696.0,1.0,187684.0,30454.83,31927.641,92124.0,2.0,0,0,0,0,0.0,1413.0,0,0,0,1,0,0,0,0,0.0,273.8041,129.2727,511.4286,0,0,0,0,0,0,11,1688,7,4667,65535,362,6,32,0.0,0.0,0.0,0.0,0.0,0.0,0.0,0.0
52364,80,6,0.0,0.0,0.0,0.0,0.0,0.0,0.0,0.0,0.0,0.0,302.0,0.0,302.0,302.0,302.0,302.0,0.0,302.0,302.0,0.0,0.0,0.0,0.0,0.0,0,0,0,0,0.0,0.0,0,0,0,0,1,0,0,0,0.0,0.0,0.0,0.0,0,0,0,0,0,0,2,0,0,0,242,-1,0,32,0.0,0.0,0.0,0.0,0.0,0.0,0.0,0.0
62116,53,17,55.0,111.0,55.0,55.0,55.0,0.0,111.0,111.0,111.0,0.0,47743.0,0.0,47743.0,47743.0,0.0,0.0,0.0,0.0,0.0,0.0,0.0,0.0,0.0,0.0,0,0,0,0,55.0,111.0,0,0,0,0,0,0,0,0,1.0,110.5,55.0,111.0,0,0,0,0,0,0,1,55,1,111,-1,-1,0,32,0.0,0.0,0.0,0.0,0.0,0.0,0.0,0.0
4707,443,6,328.0,4023.0,187.0,0.0,37.8,69.6809,1448.0,0.0,880.3333,709.359,384868.23,1342847.494,4998501.0,3.0,5297322.0,649846.55,1773785.566,4998501.0,3.0,359504.0,54762.8,92723.294,373008.0,48.0,0,0,0,0,0.0,1448.0,0,0,0,1,0,0,0,0,0.0,357.9353,37.8,880.3333,0,0,0,0,0,0,10,328,6,4023,29200,119,3,32,0.0,0.0,0.0,0.0,0.0,0.0,0.0,0.0
61679,53,17,50.0,132.0,50.0,50.0,50.0,0.0,132.0,132.0,132.0,0.0,91221.0,0.0,91221.0,91221.0,0.0,0.0,0.0,0.0,0.0,0.0,0.0,0.0,0.0,0.0,0,0,0,0,50.0,132.0,0,0,0,0,0,0,0,0,1.0,116.0,50.0,132.0,0,0,0,0,0,0,1,50,1,132,-1,-1,0,20,0.0,0.0,0.0,0.0,0.0,0.0,0.0,0.0
56040,443,6,1030.0,6542.0,647.0,0.0,103.1429,204.3514,1551.0,0.0,703.2,738.1005,6676854.51,19115262.061,80999980.0,4.0,82162682.0,7120688.0,26185221.773,80999990.0,107.0,11595.0,4101.11,19907.106,47505.0,4.0,0,0,0,0,0.0,1551.0,0,0,0,1,0,0,0,0,0.0,398.6846,103.1429,703.2,0,0,0,0,0,0,7,1030,8,6542,8192,115,6,20,0.0,0.0,0.0,0.0,0.0,0.0,0.0,0.0
51060,443,6,2456.0,669056.0,517.0,0.0,22.3722,70.7553,2860.0,0.0,2034.7495,1004.89,56191.21,625467.624,9381328.0,0.0,6667002.0,105995.96,986894.214,2381320.0,1.0,16664996.0,83950.96,930954.474,9351480.0,1.0,0,0,0,0,0.0,2860.0,0,0,0,1,0,0,0,0,1.0,1158.9805,22.3722,2034.7495,0,0,0,0,0,0,252,2456,359,669056,8192,374,251,20,1880650.0,0.0,1880650.0,1880650.0,9381337.0,0.0,9381337.0,9381337.0
52273,80,6,1445.0,833.0,635.0,0.0,200.8333,330.8136,801.0,0.0,244.0769,408.722,422360.86,1437198.672,5007945.0,4.0,209278.0,39546.6,46231.308,119681.0,415.0,5120575.0,847193.83,2027099.368,5000014.0,4.0,0,0,0,0,0.0,831.0,0,0,0,1,0,0,0,0,1.0,252.0714,200.8333,244.0769,0,0,0,0,0,0,6,1445,7,833,29200,48,3,32,0.0,0.0,0.0,0.0,0.0,0.0,0.0,0.0
62283,443,6,37.0,0.0,37.0,0.0,9.25,18.5,0.0,0.0,0.0,0.0,24006698.33,46568656.066,86004343.0,2000003.0,87014480.0,25008123.66,62154406.62,86004343.0,3.0,0.0,0.0,0.0,0.0,0.0,0,0,0,0,0.0,37.0,0,0,0,0,1,1,0,0,0.0,9.25,9.25,0.0,0,0,0,0,0,0,4,37,0,0,65535,-1,1,32,3.0,0.0,3.0,3.0,86004372.0,0.0,86004342.0,86004372.0
61896,443,6,1255.0,3743.0,741.0,0.0,59.5,168.434,3213.0,0.0,298.8182,730.0147,3198123.28,4674835.571,10019775.0,2.0,115815691.0,6095866.64,4823426.384,10047905.0,2.0,110590883.0,6958886.5,4832337.066,10048349.0,3283.0,0,0,0,0,0.0,3213.0,0,0,0,1,0,0,0,0,0.0,159.6506,59.5,298.8182,0,0,0,0,0,0,20,1255,18,3743,29200,357,4,32,65842.08,65855.345,290388.0,36185.0,10018892.63,8412.143,10019778.0,9999104.0
6708,443,6,1402.0,4774.0,717.0,0.0,118.8,248.8179,1460.0,0.0,555.75,647.3019,339628.15,1294256.522,5045456.0,3.0,8756051.0,898210.44,1691823.378,5045456.0,3.0,680491.0,55363.85,146268.596,322737.0,4.0,0,0,0,0,0.0,1460.0,0,0,0,1,0,0,0,0,0.0,292.726,118.8,555.75,0,0,0,0,0,0,10,1402,8,4774,8192,11250,9,20,258305.0,0.0,258305.0,258305.0,5045488.0,0.0,5045458.0,5045488.0
443,53765,6,0.0,18.0,0.0,0.0,0.0,0.0,6.0,6.0,6.0,0.0,44.66,97.375,177.0,1.0,0.0,0.0,0.0,0.0,0.0,5.0,2.5,1.414,3.0,1.0,0,0,0,0,0.0,6.0,0,0,0,0,1,0,0,0,3.0,4.5,0.0,6.0,0,0,0,0,0,0,1,0,3,18,1120,0,0,32,0.0,0.0,0.0,0.0,0.0,0.0,0.0,0.0
443,37006,6,0.0,0.0,0.0,0.0,0.0,0.0,0.0,0.0,0.0,0.0,53.0,0.0,53.0,53.0,0.0,0.0,0.0,0.0,0.0,0.0,0.0,0.0,0.0,0.0,0,0,0,0,0.0,0.0,0,0,0,0,1,1,0,0,1.0,0.0,0.0,0.0,0,0,0,0,0,0,1,0,1,0,114,223,0,32,0.0,0.0,0.0,0.0,0.0,0.0,0.0,0.0
58443,53,17,62.0,94.0,31.0,31.0,31.0,0.0,47.0,47.0,47.0,0.0,20456.0,35305.484,61362.0,3.0,3.0,3.0,0.0,3.0,3.0,48.0,48.0,0.0,48.0,48.0,0,0,0,0,31.0,47.0,0,0,0,0,0,0,0,0,1.0,46.75,31.0,47.0,0,0,0,0,0,0,2,62,2,94,-1,-1,1,32,0.0,0.0,0.0,0.0,0.0,0.0,0.0,0.0
61769,53,17,42.0,103.0,42.0,42.0,42.0,0.0,103.0,103.0,103.0,0.0,223613.0,0.0,223613.0,223613.0,0.0,0.0,0.0,0.0,0.0,0.0,0.0,0.0,0.0,0.0,0,0,0,0,42.0,103.0,0,0,0,0,0,0,0,0,1.0,93.5,42.0,103.0,0,0,0,0,0,0,1,42,1,103,-1,-1,0,20,0.0,0.0,0.0,0.0,0.0,0.0,0.0,0.0
60496,80,6,503.0,232.0,503.0,0.0,126.5,267.0124,222.0,0.0,66.0,82.6274,749645.29,1826795.807,4899775.0,85.0,111983.0,51997.33,27515.255,56404.0,140.0,5045499.0,1647476.5,2826937.554,4999537.0,44646.0,0,0,0,0,0.0,503.0,0,0,0,1,0,0,0,0,1.0,95.5,126.5,66.0,0,0,0,0,0,0,4,503,3,232,8192,39,3,20,0.0,0.0,0.0,0.0,0.0,0.0,0.0,0.0
44582,443,6,1477.0,17558.0,517.0,0.0,72.5235,167.7777,1796.0,0.0,759.3842,737.2837,1419445.62,3613899.274,10024726.0,3.0,61080135.0,3746233.35,4918663.095,10056056.0,119.0,61247507.0,2408551.45,4804544.721,10052115.0,48.0,0,0,0,0,0.0,1796.0,0,0,0,1,0,0,0,0,1.0,432.973,72.5235,759.3842,0,0,0,0,0,0,17,1477,19,17558,29200,243,4,32,248173.16,240782.679,973801.0,197731.0,10016230.83,10666.116,10024726.0,9998706.0
443,49733,6,12.0,0.0,6.0,6.0,6.0,0.0,0.0,0.0,0.0,0.0,3.0,0.0,3.0,3.0,3.0,3.0,0.0,3.0,3.0,0.0,0.0,0.0,0.0,0.0,0,0,0,0,6.0,6.0,0,0,0,0,1,0,0,0,0.0,9.0,6.0,0.0,0,0,0,0,0,0,2,12,0,0,4972,-1,1,20,0.0,0.0,0.0,0.0,0.0,0.0,0.0,0.0
59419,53,17,110.0,390.0,55.0,55.0,55.0,0.0,195.0,195.0,195.0,0.0,21225.66,36470.189,63620.0,1.0,1.0,1.0,0.0,1.0,1.0,3.0,3.0,0.0,3.0,3.0,0,0,0,0,55.0,195.0,0,0,0,0,0,0,0,0,1.0,148.75,55.0,195.0,0,0,0,0,0,0,2,110,2,390,-1,-1,1,20,0.0,0.0,0.0,0.0,0.0,0.0,0.0,0.0
55678,443,6,12.0,0.0,6.0,6.0,6.0,0.0,0.0,0.0,0.0,0.0,3706875.0,0.0,3806875.0,3706875.0,3806875.0,3806875.0,0.0,3806875.0,3806875.0,0.0,0.0,0.0,0.0,0.0,0,0,0,0,6.0,6.0,0,0,0,0,1,0,0,0,0.0,9.0,6.0,0.0,0,0,0,0,0,0,2,12,0,0,64209,-1,1,20,0.0,0.0,0.0,0.0,0.0,0.0,0.0,0.0
27195,53,17,72.0,146.0,36.0,36.0,36.0,0.0,73.0,73.0,73.0,0.0,55475.66,97095.347,166370.0,3.0,3.0,3.0,0.0,3.0,3.0,3.0,3.0,0.0,3.0,3.0,0,0,0,0,36.0,73.0,0,0,0,0,0,0,0,0,1.0,63.5,36.0,73.0,0,0,0,0,0,0,2,72,2,146,-1,-1,1,32,0.0,0.0,0.0,0.0,0.0,0.0,0.0,0.0
443,64558,6,0.0,0.0,0.0,0.0,0.0,0.0,0.0,0.0,0.0,0.0,41.0,0.0,41.0,41.0,0.0,0.0,0.0,0.0,0.0,0.0,0.0,0.0,0.0,0.0,0,0,0,0,0.0,0.0,0,0,0,0,1,0,0,0,1.0,0.0,0.0,0.0,0,0,0,0,0,0,1,0,1,0,357,32832,0,32,0.0,0.0,0.0,0.0,0.0,0.0,0.0,0.0
60946,53,17,49.0,91.0,49.0,49.0,49.0,0.0,91.0,91.0,91.0,0.0,23530.0,0.0,23530.0,23530.0,0.0,0.0,0.0,0.0,0.0,0.0,0.0,0.0,0.0,0.0,0,0,0,0,49.0,91.0,0,0,0,0,0,0,0,0,1.0,94.5,49.0,91.0,0,0,0,0,0,0,1,49,1,91,-1,-1,0,44,0.0,0.0,0.0,0.0,0.0,0.0,0.0,0.0
60915,53,17,49.0,177.0,49.0,49.0,49.0,0.0,177.0,177.0,177.0,0.0,60323.0,0.0,60323.0,60323.0,0.0,0.0,0.0,0.0,0.0,0.0,0.0,0.0,0.0,0.0,0,0,0,0,49.0,177.0,0,0,0,0,0,0,0,0,1.0,137.5,49.0,177.0,0,0,0,0,0,0,1,49,1,177,-1,-1,0,32,0.0,0.0,0.0,0.0,0.0,0.0,0.0,0.0
60834,53,17,49.0,209.0,49.0,49.0,49.0,0.0,209.0,209.0,209.0,0.0,30684.0,0.0,30684.0,30684.0,0.0,0.0,0.0,0.0,0.0,0.0,0.0,0.0,0.0,0.0,0,0,0,0,49.0,209.0,0,0,0,0,0,0,0,0,1.0,153.5,49.0,209.0,0,0,0,0,0,0,1,49,1,209,-1,-1,0,32,0.0,0.0,0.0,0.0,0.0,0.0,0.0,0.0
61963,53,17,60.0,264.0,30.0,30.0,30.0,0.0,132.0,132.0,132.0,0.0,8280.0,14071.136,24833.0,3.0,3.0,3.0,0.0,3.0,3.0,4.0,4.0,0.0,4.0,4.0,0,0,0,0,30.0,132.0,0,0,0,0,0,0,0,0,1.0,88.5,30.0,132.0,0,0,0,0,0,0,2,60,2,264,-1,-1,1,20,0.0,0.0,0.0,0.0,0.0,0.0,0.0,0.0
443,50332,6,37.0,0.0,37.0,0.0,18.5,26.163,0.0,0.0,0.0,0.0,3.0,0.0,3.0,3.0,3.0,3.0,0.0,3.0,3.0,0.0,0.0,0.0,0.0,0.0,1,0,0,0,0.0,37.0,0,1,0,0,1,0,0,0,0.0,37.0,18.5,0.0,0,0,0,0,0,0,2,37,0,0,1120,-1,0,32,0.0,0.0,0.0,0.0,0.0,0.0,0.0,0.0
51842,53,17,76.0,108.0,38.0,38.0,38.0,0.0,54.0,54.0,54.0,0.0,57.0,91.894,163.0,3.0,3.0,3.0,0.0,3.0,3.0,3.0,3.0,0.0,3.0,3.0,0,0,0,0,38.0,54.0,0,0,0,0,0,0,0,0,1.0,55.5,38.0,54.0,0,0,0,0,0,0,2,76,2,108,-1,-1,1,20,0.0,0.0,0.0,0.0,0.0,0.0,0.0,0.0
22440,53,17,86.0,226.0,43.0,43.0,43.0,0.0,113.0,113.0,113.0,0.0,369.33,649.012,1059.0,3.0,3.0,3.0,0.0,3.0,3.0,49.0,49.0,0.0,49.0,49.0,0,0,0,0,43.0,113.0,0,0,0,0,0,0,0,0,1.0,88.75,43.0,113.0,0,0,0,0,0,0,2,86,2,226,-1,-1,1,32,0.0,0.0,0.0,0.0,0.0,0.0,0.0,0.0
57440,53,17,72.0,328.0,36.0,36.0,36.0,0.0,164.0,164.0,164.0,0.0,7939.66,13755.098,23717.0,3.0,3.0,3.0,0.0,3.0,3.0,4.0,4.0,0.0,4.0,4.0,0,0,0,0,36.0,164.0,0,0,0,0,0,0,0,0,1.0,109.0,36.0,164.0,0,0,0,0,0,0,2,72,2,328,-1,-1,1,40,0.0,0.0,0.0,0.0,0.0,0.0,0.0,0.0
60241,53,17,53.0,113.0,53.0,53.0,53.0,0.0,113.0,113.0,113.0,0.0,592.0,0.0,592.0,592.0,0.0,0.0,0.0,0.0,0.0,0.0,0.0,0.0,0.0,0.0,0,0,0,0,53.0,113.0,0,0,0,0,0,0,0,0,1.0,109.5,53.0,113.0,0,0,0,0,0,0,1,53,1,113,-1,-1,0,32,0.0,0.0,0.0,0.0,0.0,0.0,0.0,0.0
60807,53,17,62.0,130.0,62.0,62.0,62.0,0.0,130.0,130.0,130.0,0.0,123289.0,0.0,123289.0,123289.0,0.0,0.0,0.0,0.0,0.0,0.0,0.0,0.0,0.0,0.0,0,0,0,0,62.0,130.0,0,0,0,0,0,0,0,0,1.0,127.0,62.0,130.0,0,0,0,0,0,0,1,62,1,130,-1,-1,0,20,0.0,0.0,0.0,0.0,0.0,0.0,0.0,0.0
123,123,17,48.0,48.0,48.0,48.0,48.0,0.0,48.0,48.0,48.0,0.0,30257.0,0.0,30257.0,30257.0,0.0,0.0,0.0,0.0,0.0,0.0,0.0,0.0,0.0,0.0,0,0,0,0,48.0,48.0,0,0,0,0,0,0,0,0,1.0,72.0,48.0,48.0,0,0,0,0,0,0,1,48,1,48,-1,-1,0,32,0.0,0.0,0.0,0.0,0.0,0.0,0.0,0.0
49181,443,6,3180.0,4874.0,1448.0,0.0,265.0,552.1183,1430.0,0.0,499.7778,620.3344,648678.75,2516149.594,10059365.0,4.0,10738391.0,1398552.63,3543202.527,10059365.0,4.0,10758502.0,1491013.14,3741431.231,10493535.0,4.0,0,0,0,0,0.0,1430.0,0,0,0,1,0,0,0,0,1.0,372.4905,265.0,499.7778,0,0,0,0,0,0,12,3180,12,4874,8192,7646,11,20,196642.0,100000.0,196642.0,196642.0,10059392.0,0.0,10059392.0,10059392.0
64292,53,17,102.0,134.0,51.0,51.0,51.0,0.0,67.0,67.0,67.0,0.0,48.66,75.255,139.0,3.0,3.0,3.0,0.0,3.0,3.0,3.0,3.0,0.0,3.0,3.0,0,0,0,0,51.0,67.0,0,0,0,0,0,0,0,0,1.0,71.75,51.0,67.0,0,0,0,0,0,0,2,102,2,134,-1,-1,1,32,0.0,0.0,0.0,0.0,0.0,0.0,0.0,0.0
42919,443,6,1311.0,125682.0,717.0,0.0,20.0185,105.5716,4344.0,0.0,1735.0925,880.2197,522916.79,2277712.113,10217513.0,1.0,71459006.0,1029684.88,3199715.585,10240005.0,1.0,75126066.0,798551.93,2896300.472,10240052.0,1.0,0,0,0,0,0.0,4344.0,0,0,0,1,0,0,0,0,2.0,1045.466,20.0185,1735.0925,0,0,0,0,0,0,58,1311,176,125682,29200,1040,5,32,760896.28,1115270.168,1579915.0,115801.0,10181536.0,64771.132,10217519.0,10001747.0
49367,443,6,1225.0,5340.0,742.0,0.0,62.625,192.9991,1460.0,0.0,372.5333,550.6634,1827027.68,3888162.96,9995086.0,48.0,60590110.0,3754347.45,4973217.191,10090165.0,366.0,66424881.0,3841794.62,4401556.431,10080831.0,48.0,0,0,0,0,0.0,1460.0,0,0,0,1,0,0,0,0,1.0,212.1134,62.625,372.5333,0,0,0,0,0,0,16,1225,15,5340,8192,123,15,20,583428.33,1231968.925,4055276.0,50678.0,9997589.33,100426.119,9995085.0,9800594.0
46432,80,6,0.0,0.0,0.0,0.0,0.0,0.0,0.0,0.0,0.0,0.0,1837683.66,3225806.388,5663667.0,52.0,5613967.0,2806983.5,3904751.439,5663667.0,189122.0,0.0,0.0,0.0,0.0,0.0,0,0,0,0,0.0,0.0,0,0,0,1,0,0,0,0,0.0,0.0,0.0,0.0,0,0,0,0,0,0,3,0,1,0,29200,65535,0,32,0.0,0.0,0.0,0.0,0.0,0.0,0.0,0.0
50392,443,6,356.0,3782.0,212.0,0.0,59.3333,89.2248,1460.0,0.0,630.3333,677.2171,23746.27,39559.142,85887.0,37.0,262058.0,52859.6,46143.368,88101.0,735.0,174649.0,34309.8,47675.253,87274.0,49.0,0,0,0,0,0.0,1460.0,0,0,0,1,0,0,0,0,1.0,344.8333,59.3333,630.3333,0,0,0,0,0,0,6,356,6,3782,8192,60,5,20,0.0,0.0,0.0,0.0,0.0,0.0,0.0,0.0
443,49851,6,0.0,0.0,0.0,0.0,0.0,0.0,0.0,0.0,0.0,0.0,65.0,0.0,65.0,65.0,0.0,0.0,0.0,0.0,0.0,0.0,0.0,0.0,0.0,0.0,0,0,0,0,0.0,0.0,0,0,0,0,1,1,0,0,1.0,0.0,0.0,0.0,0,0,0,0,0,0,1,0,1,0,383,454,0,32,0.0,0.0,0.0,0.0,0.0,0.0,0.0,0.0
54197,443,6,29.0,0.0,29.0,0.0,7.25,14.5,0.0,0.0,0.0,0.0,24160.33,41208.288,72375.0,3.0,72309.0,24136.0,40419.716,72375.0,3.0,0.0,0.0,0.0,0.0,0.0,0,0,0,0,0.0,29.0,0,0,0,0,1,0,0,0,0.0,7.25,7.25,0.0,0,0,0,0,0,0,4,29,0,0,33061,-1,1,32,0.0,0.0,0.0,0.0,0.0,0.0,0.0,0.0
52814,443,6,940.0,4154.0,342.0,0.0,58.3846,88.8919,1430.0,0.0,268.1111,496.4492,3062257.02,13068342.646,58741417.0,1.0,117737096.0,6724099.11,18944559.995,58743317.0,3.0,117793117.0,6595329.91,20175970.341,58705839.0,1.0,0,0,0,0,0.0,1430.0,0,0,0,1,0,0,0,0,1.0,165.8943,58.3846,268.1111,0,0,0,0,0,0,13,940,17,4154,8192,360,12,20,568236.5,533945.672,699362.0,81394.0,58372367.0,217508.176,58741412.0,58159298.0
59576,53,17,140.0,172.0,35.0,35.0,35.0,0.0,86.0,86.0,86.0,0.0,14465.6,24916.044,61363.0,3.0,31366.0,10428.33,18287.836,31363.0,3.0,3.0,3.0,0.0,3.0,3.0,0,0,0,0,35.0,86.0,0,0,0,0,0,0,0,0,0.0,58.8333,35.0,86.0,0,0,0,0,0,0,4,140,2,172,-1,-1,3,20,0.0,0.0,0.0,0.0,0.0,0.0,0.0,0.0
52087,443,6,2417.0,252586.0,333.0,0.0,21.7923,61.9301,3469.0,0.0,1398.159,473.0537,647435.68,2464959.958,10145148.0,6.0,115849300.0,1675489.74,3600720.666,10240049.0,48.0,114774308.0,1442258.21,3222985.54,10240024.0,47.0,0,0,0,0,0.0,3469.0,0,0,0,1,0,0,0,0,2.0,1055.992,21.7923,1398.159,0,0,0,0,0,0,124,2417,133,252586,65535,445,25,20,435591.09,1604319.559,5386291.0,80675.0,10118249.45,17479.711,10145148.0,10003003.0
50886,443,6,1985.0,23659.0,1173.0,0.0,98.25,285.6743,2539.0,0.0,1193.9545,834.1054,30461.56,50355.956,831956.0,1.0,1378248.0,48384.5,71051.941,831967.0,1.0,1345790.0,31447.73,79036.955,289114.0,4.0,0,0,0,0,0.0,2539.0,0,0,0,1,0,0,0,0,1.0,661.729,98.25,1193.9545,0,0,0,0,0,0,20,1985,26,23659,65535,164,9,32,0.0,0.0,0.0,0.0,0.0,0.0,0.0,0.0
51501,443,6,983.0,5095.0,469.0,0.0,64.4167,135.7786,1418.0,0.0,649.0909,685.4457,6306.15,10708.169,32203.0,1.0,178813.0,14984.84,11578.286,34347.0,1.0,118218.0,18384.6,24024.41,52888.0,4.0,0,0,0,0,0.0,1418.0,0,0,0,1,0,0,0,0,0.0,292.44,64.4167,649.0909,0,0,0,0,0,0,12,983,9,5095,65535,349,6,32,0.0,0.0,0.0,0.0,0.0,0.0,0.0,0.0
62375,53,17,45.0,61.0,45.0,45.0,45.0,0.0,61.0,61.0,61.0,0.0,53810.0,0.0,53810.0,53810.0,0.0,0.0,0.0,0.0,0.0,0.0,0.0,0.0,0.0,0.0,0,0,0,0,45.0,61.0,0,0,0,0,0,0,0,0,1.0,75.5,45.0,61.0,0,0,0,0,0,0,1,45,1,61,-1,-1,0,32,0.0,0.0,0.0,0.0,0.0,0.0,0.0,0.0
443,52857,6,37.0,0.0,37.0,0.0,18.5,26.163,0.0,0.0,0.0,0.0,4.0,0.0,4.0,4.0,4.0,4.0,0.0,4.0,4.0,0.0,0.0,0.0,0.0,0.0,1,0,0,0,0.0,37.0,0,1,0,0,1,0,0,0,0.0,37.0,18.5,0.0,0,0,0,0,0,0,2,37,0,0,116,-1,0,32,0.0,0.0,0.0,0.0,0.0,0.0,0.0,0.0
48478,443,6,1882.0,4953.0,827.0,0.0,72.2059,218.0785,1458.0,0.0,215.3333,481.0284,2983495.38,4547680.715,10011280.0,4.0,117522012.0,5878339.0,4812453.712,10053920.0,4.0,112004689.0,6991752.97,4978862.69,10055946.0,49.0,0,0,0,0,0.0,1458.0,0,0,0,1,0,0,0,0,0.0,135.025,72.2059,215.3333,0,0,0,0,0,0,21,1882,18,4953,29200,63,5,32,165182.0,546595.614,1914955.0,41903.0,9615410.33,1322702.699,10011285.0,5001017.0
60036,53,17,46.0,62.0,46.0,46.0,46.0,0.0,62.0,62.0,62.0,0.0,31174.0,0.0,31174.0,31174.0,0.0,0.0,0.0,0.0,0.0,0.0,0.0,0.0,0.0,0.0,0,0,0,0,46.0,62.0,0,0,0,0,0,0,0,0,1.0,77.0,46.0,62.0,0,0,0,0,0,0,1,46,1,62,-1,-1,0,20,0.0,0.0,0.0,0.0,0.0,0.0,0.0,0.0
2156,443,6,851.0,4250.0,237.0,0.0,62.1,96.5014,1460.0,0.0,257.1,495.8641,4109398.02,15057980.949,58357964.0,2.0,117541923.0,7313490.05,20729326.009,58356054.0,18.0,117464556.0,9351274.31,22758961.235,58497697.0,2.0,0,0,0,0,0.0,1460.0,0,0,0,1,0,0,0,0,1.0,167.35,62.1,257.1,0,0,0,0,0,0,15,851,15,4250,8192,73,14,20,207133.5,138241.844,372568.0,33249.0,58203389.0,356595.407,58357960.0,58780043.0
50966,53,17,58.0,210.0,29.0,29.0,29.0,0.0,105.0,105.0,105.0,0.0,81.33,139.541,246.0,1.0,3.0,3.0,0.0,3.0,3.0,1.0,1.0,0.0,1.0,1.0,0,0,0,0,29.0,105.0,0,0,0,0,0,0,0,0,1.0,74.25,29.0,105.0,0,0,0,0,0,0,2,58,2,210,-1,-1,1,32,0.0,0.0,0.0,0.0,0.0,0.0,0.0,0.0
49892,443,6,703.0,3950.0,267.0,0.0,78.1111,103.3023,1448.0,0.0,359.0909,569.9183,47470.38,40088.828,142340.0,4.0,759377.0,89299.0,83853.178,144661.0,221.0,662597.0,78536.1,94260.843,292910.0,4.0,0,0,0,0,0.0,1448.0,0,0,0,1,0,0,0,0,1.0,232.8947,78.1111,359.0909,0,0,0,0,0,0,9,703,11,3950,29200,254,4,32,0.0,0.0,0.0,0.0,0.0,0.0,0.0,0.0
443,54914,6,0.0,0.0,0.0,0.0,0.0,0.0,0.0,0.0,0.0,0.0,1218.0,0.0,1218.0,1218.0,218.0,218.0,0.0,218.0,218.0,0.0,0.0,0.0,0.0,0.0,0,0,0,0,0.0,0.0,0,0,0,0,1,0,0,0,0.0,0.0,0.0,0.0,0,0,0,0,0,0,2,0,0,0,362,-1,0,32,0.0,0.0,0.0,0.0,0.0,0.0,0.0,0.0
60849,443,6,386.0,3074.0,226.0,0.0,42.25,92.3833,1460.0,0.0,612.3333,805.657,481690.42,1403275.427,5515983.0,1.0,5750892.0,815978.42,2054668.43,5515983.0,1.0,83924.0,14387.8,19290.417,41005.0,222.0,0,0,0,0,0.0,1460.0,0,0,0,1,0,0,0,0,0.0,293.075,42.25,612.3333,0,0,0,0,0,0,8,386,6,3074,8192,946,7,20,336275.0,0.0,336275.0,336275.0,5515975.0,0.0,5515975.0,5515975.0
443,1918,6,37.0,6.0,31.0,6.0,18.5,17.6777,6.0,6.0,6.0,0.0,86.5,54.948,148.0,48.0,151.0,151.0,0.0,151.0,151.0,0.0,0.0,0.0,0.0,0.0,1,0,0,0,6.0,31.0,0,1,0,0,1,0,0,0,0.0,24.6667,18.5,6.0,0,0,0,0,0,0,2,37,1,6,110,0,1,20,0.0,0.0,0.0,0.0,0.0,0.0,0.0,0.0
443,56835,6,6.0,6.0,6.0,6.0,6.0,0.0,6.0,6.0,6.0,0.0,84.0,0.0,84.0,84.0,0.0,0.0,0.0,0.0,0.0,0.0,0.0,0.0,0.0,0.0,0,0,0,0,6.0,6.0,0,0,0,0,1,1,0,0,1.0,9.0,6.0,6.0,0,0,0,0,0,0,1,6,1,6,32,32850,0,20,0.0,0.0,0.0,0.0,0.0,0.0,0.0,0.0
51003,80,6,720.0,2182.0,353.0,0.0,61.0,138.2177,460.0,0.0,221.7,238.02,3847195.4,4846098.88,10071470.0,31.0,111012517.0,7434957.46,4219728.329,10101976.0,56.0,111456041.0,7972733.5,4221872.558,10104084.0,25542.0,0,0,0,0,0.0,460.0,0,0,0,1,0,0,0,0,0.0,120.3667,61.0,221.7,0,0,0,0,0,0,16,720,16,2182,8192,980,15,20,591813.63,1055182.873,2750601.0,293548.0,9926868.27,11341.419,10071472.0,9994210.0
443,61249,6,0.0,0.0,0.0,0.0,0.0,0.0,0.0,0.0,0.0,0.0,48.0,0.0,48.0,48.0,0.0,0.0,0.0,0.0,0.0,0.0,0.0,0.0,0.0,0.0,0,0,0,0,0.0,0.0,0,0,0,0,1,1,0,0,1.0,0.0,0.0,0.0,0,0,0,0,0,0,1,0,1,0,62,33304,0,32,0.0,0.0,0.0,0.0,0.0,0.0,0.0,0.0
43648,53,17,76.0,154.0,38.0,38.0,38.0,0.0,77.0,77.0,77.0,0.0,53.0,88.147,155.0,3.0,3.0,3.0,0.0,3.0,3.0,3.0,3.0,0.0,3.0,3.0,0,0,0,0,38.0,77.0,0,0,0,0,0,0,0,0,1.0,67.0,38.0,77.0,0,0,0,0,0,0,2,76,2,154,-1,-1,1,20,0.0,0.0,0.0,0.0,0.0,0.0,0.0,0.0
63734,80,6,12.0,0.0,6.0,6.0,6.0,0.0,0.0,0.0,0.0,0.0,62.0,0.0,62.0,62.0,62.0,62.0,0.0,62.0,62.0,0.0,0.0,0.0,0.0,0.0,0,0,0,0,6.0,6.0,0,0,0,0,1,0,0,0,0.0,9.0,6.0,0.0,0,0,0,0,0,0,2,12,0,0,256,-1,1,20,0.0,0.0,0.0,0.0,0.0,0.0,0.0,0.0
33336,443,6,0.0,0.0,0.0,0.0,0.0,0.0,0.0,0.0,0.0,0.0,95882.0,0.0,95882.0,95882.0,0.0,0.0,0.0,0.0,0.0,0.0,0.0,0.0,0.0,0.0,0,0,0,0,0.0,0.0,0,0,0,0,1,1,0,0,1.0,0.0,0.0,0.0,0,0,0,0,0,0,1,0,1,0,449,243,0,32,0.0,0.0,0.0,0.0,0.0,0.0,0.0,0.0
53665,53,17,72.0,284.0,36.0,36.0,36.0,0.0,142.0,142.0,142.0,0.0,10800.33,18748.672,32297.0,3.0,3.0,3.0,0.0,3.0,3.0,3.0,3.0,0.0,3.0,3.0,0,0,0,0,36.0,142.0,0,0,0,0,0,0,0,0,1.0,98.0,36.0,142.0,0,0,0,0,0,0,2,72,2,284,-1,-1,1,32,0.0,0.0,0.0,0.0,0.0,0.0,0.0,0.0
54874,53,17,66.0,122.0,33.0,33.0,33.0,0.0,61.0,61.0,61.0,0.0,94535.66,165512.294,273504.0,4.0,48.0,48.0,0.0,48.0,48.0,4.0,4.0,0.0,4.0,4.0,0,0,0,0,33.0,61.0,0,0,0,0,0,0,0,0,1.0,55.25,33.0,61.0,0,0,0,0,0,0,2,66,2,122,-1,-1,1,20,0.0,0.0,0.0,0.0,0.0,0.0,0.0,0.0
55972,53,17,120.0,264.0,30.0,30.0,30.0,0.0,132.0,132.0,132.0,0.0,10139.2,14316.347,30547.0,3.0,20500.0,100.66,17651.409,20597.0,3.0,4.0,4.0,0.0,4.0,4.0,0,0,0,0,30.0,132.0,0,0,0,0,0,0,0,0,0.0,69.3333,30.0,132.0,0,0,0,0,0,0,4,120,2,264,-1,-1,3,20,0.0,0.0,0.0,0.0,0.0,0.0,0.0,0.0
61841,53,17,50.0,78.0,50.0,50.0,50.0,0.0,78.0,78.0,78.0,0.0,30857.0,0.0,30857.0,30857.0,0.0,0.0,0.0,0.0,0.0,0.0,0.0,0.0,0.0,0.0,0,0,0,0,50.0,78.0,0,0,0,0,0,0,0,0,1.0,89.0,50.0,78.0,0,0,0,0,0,0,1,50,1,78,-1,-1,0,20,0.0,0.0,0.0,0.0,0.0,0.0,0.0,0.0
123,123,17,96.0,96.0,48.0,48.0,48.0,0.0,48.0,48.0,48.0,0.0,21174773.66,36889231.552,63384786.0,23166.0,63304275.0,63304275.0,0.0,63304275.0,63304275.0,63407797.0,63407797.0,0.0,63407797.0,63407797.0,0,0,0,0,48.0,48.0,0,0,0,0,0,0,0,0,1.0,60.0,48.0,48.0,0,0,0,0,0,0,2,96,2,96,-1,-1,1,32,45443.0,0.0,45443.0,45443.0,63384759.0,0.0,63384789.0,63384759.0
64686,443,6,1545.0,36104.0,1107.0,0.0,55.2727,268.6267,2920.0,0.0,1659.5,878.8457,13418.23,57431.768,336152.0,30.0,773669.0,20943.34,71519.431,336152.0,48.0,605223.0,22574.44,80500.666,667130.0,48.0,0,0,0,0,0.0,2920.0,0,0,0,1,0,0,0,0,1.0,882.915,55.2727,1659.5,0,0,0,0,0,0,22,1545,25,36104,65535,32,21,20,0.0,0.0,0.0,0.0,0.0,0.0,0.0,0.0
5187,443,6,2492.0,56885.0,1017.0,0.0,99.2222,214.885,1920.0,0.0,1459.6144,668.541,60832.83,713956.957,5007353.0,4.0,60262.0,4196.79,10272.159,30188.0,61.0,5054819.0,219.44,310464.031,5006881.0,4.0,0,0,0,0,0.0,1920.0,0,0,0,1,0,0,0,0,1.0,973.2261,99.2222,1459.6144,0,0,0,0,0,0,28,2492,46,56885,8192,66,27,20,0.0,0.0,0.0,0.0,0.0,0.0,0.0,0.0
443,58534,6,0.0,24.0,0.0,0.0,0.0,0.0,6.0,6.0,6.0,0.0,18251.25,31119.762,71800.0,1.0,71063.0,71063.0,0.0,71063.0,71063.0,50892.0,15286.0,32036.652,50890.0,1.0,0,0,0,0,0.0,6.0,0,0,0,0,1,0,0,0,2.0,4.0,0.0,6.0,0,0,0,0,0,0,2,0,4,24,120,0,0,32,0.0,0.0,0.0,0.0,0.0,0.0,0.0,0.0
61153,53,17,63.0,137.0,63.0,63.0,63.0,0.0,137.0,137.0,137.0,0.0,100648.0,0.0,100648.0,100648.0,0.0,0.0,0.0,0.0,0.0,0.0,0.0,0.0,0.0,0.0,0,0,0,0,63.0,137.0,0,0,0,0,0,0,0,0,1.0,131.5,63.0,137.0,0,0,0,0,0,0,1,63,1,137,-1,-1,0,20,0.0,0.0,0.0,0.0,0.0,0.0,0.0,0.0
80,53493,6,6.0,6.0,6.0,6.0,6.0,0.0,6.0,6.0,6.0,0.0,35.0,0.0,35.0,35.0,0.0,0.0,0.0,0.0,0.0,0.0,0.0,0.0,0.0,0.0,0,0,0,0,6.0,6.0,0,0,0,0,1,1,0,0,1.0,9.0,6.0,6.0,0,0,0,0,0,0,1,6,1,6,913,256,0,20,0.0,0.0,0.0,0.0,0.0,0.0,0.0,0.0
63513,443,6,12.0,0.0,6.0,6.0,6.0,0.0,0.0,0.0,0.0,0.0,124.0,0.0,124.0,124.0,124.0,124.0,0.0,124.0,124.0,0.0,0.0,0.0,0.0,0.0,0,0,0,0,6.0,6.0,0,0,0,0,1,0,0,0,0.0,9.0,6.0,0.0,0,0,0,0,0,0,2,12,0,0,254,-1,1,20,0.0,0.0,0.0,0.0,0.0,0.0,0.0,0.0
4490,80,6,470.0,29582.0,267.0,0.0,16.1667,68.7323,3891.0,0.0,895.6667,917.5732,2074067.69,3961499.228,10097255.0,7.0,115495063.0,4739896.1,4853862.463,10024300.0,101.0,110254703.0,4025300.62,4946303.882,10031613.0,148.0,0,0,0,0,0.0,3891.0,0,0,0,1,0,0,0,0,1.0,514.45,16.1667,895.6667,0,0,0,0,0,0,24,470,36,29582,8192,946,23,20,41308.72,11574.384,160602.0,22966.0,9987838.27,1574.812,10097255.0,9799962.0
49285,443,6,1134.0,636.0,885.0,0.0,131.2727,295.1983,505.0,0.0,82.2857,141.141,4262639.37,14950927.579,44926155.0,47.0,90150706.0,18407029.66,21271431.41,45086008.0,230.0,90101440.0,11982340.0,20934299.402,45088948.0,223.0,0,0,0,0,0.0,885.0,0,0,0,1,0,0,0,0,0.0,106.9667,131.2727,82.2857,0,0,0,0,0,0,7,1134,7,636,8192,119,6,20,133723.0,150136.07,353153.0,50442.0,44999422.5,35065.67,44926153.0,44972405.0
55517,53,17,56.0,88.0,28.0,28.0,28.0,0.0,44.0,44.0,44.0,0.0,16282.0,28114.883,48893.0,0.0,0.0,0.0,0.0,0.0,0.0,3.0,3.0,0.0,3.0,3.0,0,0,0,0,28.0,44.0,0,0,0,0,0,0,0,0,1.0,43.0,28.0,44.0,0,0,0,0,0,0,2,56,2,88,-1,-1,1,32,0.0,0.0,0.0,0.0,0.0,0.0,0.0,0.0
54360,80,6,12.0,2.0,6.0,0.0,4.0,3.4641,2.0,2.0,2.0,0.0,1722128.33,2920522.692,5148159.0,89.0,5165665.0,2582832.5,3676725.343,5148159.0,29990.0,0.0,0.0,0.0,0.0,0.0,0,0,0,0,0.0,6.0,0,0,0,1,0,0,0,0,0.0,3.5,4.0,2.0,0,0,0,0,0,0,3,12,1,2,8192,8190,2,20,0.0,0.0,0.0,0.0,0.0,0.0,0.0,0.0
51399,53,17,88.0,188.0,44.0,44.0,44.0,0.0,94.0,94.0,94.0,0.0,74.33,40.142,128.0,49.0,49.0,49.0,0.0,49.0,49.0,48.0,48.0,0.0,48.0,48.0,0,0,0,0,44.0,94.0,0,0,0,0,0,0,0,0,1.0,80.0,44.0,94.0,0,0,0,0,0,0,2,88,2,188,-1,-1,1,20,0.0,0.0,0.0,0.0,0.0,0.0,0.0,0.0
443,57173,6,12.0,0.0,6.0,6.0,6.0,0.0,0.0,0.0,0.0,0.0,236.0,0.0,236.0,236.0,236.0,236.0,0.0,236.0,236.0,0.0,0.0,0.0,0.0,0.0,0,0,0,0,6.0,6.0,0,0,0,0,1,0,0,0,0.0,9.0,6.0,0.0,0,0,0,0,0,0,2,12,0,0,5114,-1,1,20,0.0,0.0,0.0,0.0,0.0,0.0,0.0,0.0
56503,53,17,80.0,452.0,40.0,40.0,40.0,0.0,226.0,226.0,226.0,0.0,20366.0,35336.526,61092.0,4.0,49.0,49.0,0.0,49.0,49.0,4.0,4.0,0.0,4.0,4.0,0,0,0,0,40.0,226.0,0,0,0,0,0,0,0,0,1.0,143.0,40.0,226.0,0,0,0,0,0,0,2,80,2,452,-1,-1,1,20,0.0,0.0,0.0,0.0,0.0,0.0,0.0,0.0
443,61244,6,37.0,6.0,31.0,6.0,18.5,17.6777,6.0,6.0,6.0,0.0,117.0,172.326,233.0,33.0,233.0,233.0,0.0,233.0,233.0,0.0,0.0,0.0,0.0,0.0,1,0,0,0,6.0,31.0,0,1,0,0,1,0,0,0,0.0,24.6667,18.5,6.0,0,0,0,0,0,0,2,37,1,6,11129,0,1,20,0.0,0.0,0.0,0.0,0.0,0.0,0.0,0.0
21151,53,17,56.0,88.0,28.0,28.0,28.0,0.0,44.0,44.0,44.0,0.0,210963.0,315765.17,632884.0,3.0,3.0,3.0,0.0,3.0,3.0,3.0,3.0,0.0,3.0,3.0,0,0,0,0,28.0,44.0,0,0,0,0,0,0,0,0,1.0,43.0,28.0,44.0,0,0,0,0,0,0,2,56,2,88,-1,-1,1,20,0.0,0.0,0.0,0.0,0.0,0.0,0.0,0.0
59880,53,17,88.0,472.0,44.0,44.0,44.0,0.0,236.0,236.0,236.0,0.0,66.33,107.578,192.0,3.0,3.0,3.0,0.0,3.0,3.0,3.0,3.0,0.0,3.0,3.0,0,0,0,0,44.0,236.0,0,0,0,0,0,0,0,0,1.0,151.0,44.0,236.0,0,0,0,0,0,0,2,88,2,472,-1,-1,1,32,0.0,0.0,0.0,0.0,0.0,0.0,0.0,0.0
60824,53,17,47.0,112.0,47.0,47.0,47.0,0.0,112.0,112.0,112.0,0.0,60498.0,0.0,60498.0,60498.0,0.0,0.0,0.0,0.0,0.0,0.0,0.0,0.0,0.0,0.0,0,0,0,0,47.0,112.0,0,0,0,0,0,0,0,0,1.0,103.0,47.0,112.0,0,0,0,0,0,0,1,47,1,112,-1,-1,0,20,0.0,0.0,0.0,0.0,0.0,0.0,0.0,0.0
54012,443,6,0.0,0.0,0.0,0.0,0.0,0.0,0.0,0.0,0.0,0.0,4.0,0.0,4.0,4.0,4.0,4.0,0.0,4.0,4.0,0.0,0.0,0.0,0.0,0.0,0,0,0,0,0.0,0.0,0,0,0,0,1,1,0,0,0.0,0.0,0.0,0.0,0,0,0,0,0,0,2,0,0,0,32832,-1,0,32,0.0,0.0,0.0,0.0,0.0,0.0,0.0,0.0
54062,443,6,974.0,7387.0,469.0,0.0,64.9333,134.266,1581.0,0.0,738.7,750.4129,12742.18,24030.712,86421.0,1.0,337259.0,29200.57,29030.776,86521.0,1.0,250467.0,27171.55,38057.117,87423.0,1.0,0,0,0,0,0.0,1581.0,0,0,0,1,0,0,0,0,0.0,334.44,64.9333,738.7,0,0,0,0,0,0,15,974,10,7387,65535,357,6,32,0.0,0.0,0.0,0.0,0.0,0.0,0.0,0.0
34869,80,6,435.0,871.0,435.0,0.0,145.0,252.6264,859.0,0.0,217.75,427.5094,15968.0,24351.045,51294.0,4.0,78228.0,39114.0,18337.411,52271.0,29467.0,71406.0,20135.33,43521.872,71682.0,4.0,0,0,0,0,0.0,859.0,0,0,0,1,0,0,0,0,1.0,186.1429,145.0,217.75,0,0,0,0,0,0,3,435,4,871,29200,31,1,32,0.0,0.0,0.0,0.0,0.0,0.0,0.0,0.0
60364,443,6,713.0,479.0,469.0,0.0,71.3,147.2874,341.0,0.0,95.8,149.5299,5992.28,9608.58,23722.0,3.0,83775.0,9495.77,11487.202,24924.0,3.0,50311.0,12170.75,12717.166,23732.0,211.0,0,0,0,0,0.0,469.0,0,0,0,1,0,0,0,0,0.0,79.4667,71.3,95.8,0,0,0,0,0,0,10,713,5,479,65535,972,5,32,0.0,0.0,0.0,0.0,0.0,0.0,0.0,0.0
63896,53,17,152.0,434.0,38.0,38.0,38.0,0.0,217.0,217.0,217.0,0.0,9729.2,14186.406,30413.0,1.0,30375.0,10125.66,17618.14,30363.0,1.0,3.0,3.0,0.0,3.0,3.0,0,0,0,0,38.0,217.0,0,0,0,0,0,0,0,0,0.0,114.0,38.0,217.0,0,0,0,0,0,0,4,152,2,434,-1,-1,3,20,0.0,0.0,0.0,0.0,0.0,0.0,0.0,0.0
37413,80,6,348.0,7069.0,348.0,0.0,29.5714,89.3356,2896.0,0.0,893.1333,1105.3393,2773268.28,4401571.664,10210532.0,4.0,71084485.0,5124985.14,5311306.29,10240045.0,568.0,76660461.0,5425204.25,4836722.006,10240271.0,49.0,0,0,0,0,0.0,2896.0,0,0,0,1,0,0,0,0,1.0,409.0,29.5714,893.1333,0,0,0,0,0,0,14,348,15,7069,29200,39,1,32,32859.0,42505.4,52933.0,22962.0,10202003.0,58218.996,10210535.0,10009049.0
50581,443,6,1136.0,2240.0,517.0,0.0,148.5714,238.9289,1192.0,0.0,282.75,503.5008,919206.87,3062657.114,10008967.0,50.0,10464675.0,1402052.16,4209494.093,10008967.0,630.0,15338415.0,1906159.0,4589717.528,10105578.0,293.0,0,0,0,0,0.0,1192.0,0,0,0,1,0,0,0,0,1.0,225.6667,148.5714,282.75,0,0,0,0,0,0,7,1136,8,2240,29200,133,6,32,567071.0,0.0,567071.0,567071.0,10008969.0,0.0,10008969.0,10008969.0
443,53956,6,6.0,6.0,6.0,6.0,6.0,0.0,6.0,6.0,6.0,0.0,39.0,0.0,39.0,39.0,0.0,0.0,0.0,0.0,0.0,0.0,0.0,0.0,0.0,0.0,0,0,0,0,6.0,6.0,0,0,0,0,1,1,0,0,1.0,9.0,6.0,6.0,0,0,0,0,0,0,1,6,1,6,73,253,0,20,0.0,0.0,0.0,0.0,0.0,0.0,0.0,0.0
61087,53,17,89.0,210.0,46.0,43.0,44.5,2.1213,123.0,117.0,105.0,1.4654,4206210.33,7178881.995,12638304.0,23750.0,12668650.0,12668650.0,0.0,12668650.0,12668650.0,12690948.0,12690948.0,0.0,12690948.0,12690948.0,0,0,0,0,43.0,123.0,0,0,0,0,0,0,0,0,1.0,92.25,44.5,105.0,0,0,0,0,0,0,2,89,2,210,-1,-1,1,32,30308.0,0.0,30308.0,30308.0,12638395.0,0.0,12638395.0,12638395.0
58406,443,6,0.0,0.0,0.0,0.0,0.0,0.0,0.0,0.0,0.0,0.0,17581.0,25958.051,35789.0,1.0,1.0,1.0,0.0,1.0,1.0,0.0,0.0,0.0,0.0,0.0,0,0,0,0,0.0,0.0,0,0,0,0,1,1,0,0,0.0,0.0,0.0,0.0,0,0,0,0,0,0,2,0,1,0,32832,249,0,32,0.0,0.0,0.0,0.0,0.0,0.0,0.0,0.0
63191,443,6,1646.0,1083.0,1368.0,0.0,139.8182,389.7668,1049.0,0.0,230.6,382.7875,10630.71,14868.933,53394.0,4.0,192892.0,11672.6,21520.76,56330.0,4.0,124499.0,24727.75,26579.37,53771.0,658.0,0,0,0,0,0.0,1368.0,0,0,0,1,0,0,0,0,0.0,177.3174,139.8182,230.6,0,0,0,0,0,0,11,1646,5,1083,65535,362,6,32,0.0,0.0,0.0,0.0,0.0,0.0,0.0,0.0
50465,443,6,1192.0,599.0,917.0,0.0,146.2,306.9287,401.0,0.0,109.8,159.0907,6327.5,8762.283,15103.0,69.0,68519.0,12151.77,6685.797,25904.0,687.0,24611.0,12405.75,7474.734,16508.0,331.0,0,0,0,0,0.0,917.0,0,0,0,1,0,0,0,0,0.0,135.7333,146.2,109.8,0,0,0,0,0,0,5,1192,5,599,65535,32,4,20,0.0,0.0,0.0,0.0,0.0,0.0,0.0,0.0
443,41308,6,0.0,0.0,0.0,0.0,0.0,0.0,0.0,0.0,0.0,0.0,3.0,0.0,3.0,3.0,3.0,3.0,0.0,3.0,3.0,0.0,0.0,0.0,0.0,0.0,0,0,0,0,0.0,0.0,0,0,0,0,1,0,0,0,0.0,0.0,0.0,0.0,0,0,0,0,0,0,2,0,0,0,357,-1,0,32,0.0,0.0,0.0,0.0,0.0,0.0,0.0,0.0
49310,443,6,12.0,0.0,6.0,6.0,6.0,0.0,0.0,0.0,0.0,0.0,4.0,0.0,4.0,4.0,4.0,4.0,0.0,4.0,4.0,0.0,0.0,0.0,0.0,0.0,0,0,0,0,6.0,6.0,1,0,0,0,0,0,0,0,0.0,9.0,6.0,0.0,0,0,0,0,0,0,2,12,0,0,0,-1,1,20,0.0,0.0,0.0,0.0,0.0,0.0,0.0,0.0
58938,53,17,88.0,472.0,44.0,44.0,44.0,0.0,236.0,236.0,236.0,0.0,10504.33,18174.107,31500.0,3.0,3.0,3.0,0.0,3.0,3.0,4.0,4.0,0.0,4.0,4.0,0,0,0,0,44.0,236.0,0,0,0,0,0,0,0,0,1.0,151.0,44.0,236.0,0,0,0,0,0,0,2,88,2,472,-1,-1,1,20,0.0,0.0,0.0,0.0,0.0,0.0,0.0,0.0
59268,443,6,12.0,0.0,6.0,6.0,6.0,0.0,0.0,0.0,0.0,0.0,58.0,0.0,58.0,58.0,58.0,58.0,0.0,58.0,58.0,0.0,0.0,0.0,0.0,0.0,0,0,0,0,6.0,6.0,0,0,0,0,1,0,0,0,0.0,9.0,6.0,0.0,0,0,0,0,0,0,2,12,0,0,252,-1,1,20,0.0,0.0,0.0,0.0,0.0,0.0,0.0,0.0
49388,53,17,82.0,254.0,41.0,41.0,41.0,0.0,127.0,127.0,127.0,0.0,72.0,127.237,214.0,1.0,1.0,1.0,0.0,1.0,1.0,1.0,1.0,0.0,1.0,1.0,0,0,0,0,41.0,127.0,0,0,0,0,0,0,0,0,1.0,94.25,41.0,127.0,0,0,0,0,0,0,2,82,2,254,-1,-1,1,32,0.0,0.0,0.0,0.0,0.0,0.0,0.0,0.0
57859,443,6,1184.0,4894.0,749.0,0.0,119.75,256.3423,1460.0,0.0,433.4545,579.3076,109076.45,550381.689,2932437.0,3.0,3235600.0,273428.14,858679.766,2932434.0,3.0,287485.0,26736.5,34352.337,81353.0,3.0,0,0,0,0,0.0,1460.0,0,0,0,1,0,0,0,0,0.0,254.4383,119.75,433.4545,0,0,0,0,0,0,12,1184,11,4894,8192,8125,11,20,0.0,0.0,0.0,0.0,0.0,0.0,0.0,0.0
45349,443,6,12.0,0.0,6.0,6.0,6.0,0.0,0.0,0.0,0.0,0.0,311.0,0.0,311.0,311.0,311.0,311.0,0.0,311.0,311.0,0.0,0.0,0.0,0.0,0.0,0,0,0,0,6.0,6.0,0,0,0,0,1,0,0,0,0.0,9.0,6.0,0.0,0,0,0,0,0,0,2,12,0,0,349,-1,1,20,0.0,0.0,0.0,0.0,0.0,0.0,0.0,0.0
443,33736,6,0.0,0.0,0.0,0.0,0.0,0.0,0.0,0.0,0.0,0.0,1003.0,0.0,1003.0,1003.0,3.0,3.0,0.0,3.0,3.0,0.0,0.0,0.0,0.0,0.0,0,0,0,0,0.0,0.0,0,0,0,0,1,0,0,0,0.0,0.0,0.0,0.0,0,0,0,0,0,0,2,0,0,0,357,-1,0,32,0.0,0.0,0.0,0.0,0.0,0.0,0.0,0.0
56910,80,6,657.0,358.0,651.0,0.0,239.0,372.1744,356.0,0.0,219.0,216.0882,68306.5,116185.031,201516.0,4.0,201712.0,100856.0,142153.594,201610.0,62.0,206731.0,73913.66,126815.752,206704.0,4.0,0,0,0,0,0.0,651.0,0,0,0,1,0,0,0,0,1.0,209.0,239.0,219.0,0,0,0,0,0,0,3,657,4,358,8192,238,2,20,0.0,0.0,0.0,0.0,0.0,0.0,0.0,0.0
65044,53,17,148.0,394.0,74.0,74.0,74.0,0.0,197.0,197.0,197.0,0.0,67.33,116.585,196.0,3.0,3.0,3.0,0.0,3.0,3.0,4.0,4.0,0.0,4.0,4.0,0,0,0,0,74.0,197.0,0,0,0,0,0,0,0,0,1.0,151.0,74.0,197.0,0,0,0,0,0,0,2,148,2,394,-1,-1,1,20,0.0,0.0,0.0,0.0,0.0,0.0,0.0,0.0
443,49829,6,0.0,0.0,0.0,0.0,0.0,0.0,0.0,0.0,0.0,0.0,3.0,0.0,3.0,3.0,3.0,3.0,0.0,3.0,3.0,0.0,0.0,0.0,0.0,0.0,0,0,0,0,0.0,0.0,0,0,0,0,1,0,0,0,0.0,0.0,0.0,0.0,0,0,0,0,0,0,2,0,0,0,6799,-1,0,32,0.0,0.0,0.0,0.0,0.0,0.0,0.0,0.0
443,60671,6,37.0,6.0,37.0,0.0,18.5,26.163,6.0,6.0,6.0,0.0,105.5,10.707,117.0,71.0,211.0,211.0,0.0,211.0,211.0,0.0,0.0,0.0,0.0,0.0,1,0,0,0,0.0,37.0,0,1,0,0,1,0,0,0,0.0,26.6667,18.5,6.0,0,0,0,0,0,0,2,37,1,6,118,0,0,32,0.0,0.0,0.0,0.0,0.0,0.0,0.0,0.0
38968,80,6,0.0,0.0,0.0,0.0,0.0,0.0,0.0,0.0,0.0,0.0,1983653.33,3386732.805,5502179.0,72.0,5998272.0,2999136.0,4169932.39,5502179.0,296685.0,0.0,0.0,0.0,0.0,0.0,0,0,0,0,0.0,0.0,0,0,0,1,0,0,0,0,0.0,0.0,0.0,0.0,0,0,0,0,0,0,3,0,1,0,29200,42408,0,32,0.0,0.0,0.0,0.0,0.0,0.0,0.0,0.0
49431,53,17,62.0,94.0,31.0,31.0,31.0,0.0,47.0,47.0,47.0,0.0,10434.0,18033.902,31296.0,3.0,3.0,3.0,0.0,3.0,3.0,49.0,49.0,0.0,49.0,49.0,0,0,0,0,31.0,47.0,0,0,0,0,0,0,0,0,1.0,46.75,31.0,47.0,0,0,0,0,0,0,2,62,2,94,-1,-1,1,32,0.0,0.0,0.0,0.0,0.0,0.0,0.0,0.0
51997,443,6,1535.0,32040.0,493.0,0.0,77.2947,113.2235,2920.0,0.0,956.88,934.473,1082174.54,7430934.317,65863145.0,1.0,66658318.0,2173971.47,10669739.463,65863145.0,1.0,6620468.0,1578301.0,9921622.919,6804546.0,1.0,0,0,0,0,0.0,2920.0,0,0,0,1,0,0,0,0,1.0,521.8578,77.2947,956.88,0,0,0,0,0,0,29,1535,30,32040,8192,151,28,20,578219.0,0.0,578219.0,578519.0,65863177.0,0.0,65863137.0,65863177.0
443,56146,6,6.0,6.0,6.0,6.0,6.0,0.0,6.0,6.0,6.0,0.0,72.0,0.0,72.0,72.0,0.0,0.0,0.0,0.0,0.0,0.0,0.0,0.0,0.0,0.0,0,0,0,0,6.0,6.0,0,0,0,0,1,1,0,0,1.0,9.0,6.0,6.0,0,0,0,0,0,0,1,6,1,6,119,16417,0,20,0.0,0.0,0.0,0.0,0.0,0.0,0.0,0.0
55148,49763,6,12.0,0.0,6.0,6.0,6.0,0.0,0.0,0.0,0.0,0.0,3.0,0.0,3.0,3.0,3.0,3.0,0.0,3.0,3.0,0.0,0.0,0.0,0.0,0.0,0,0,0,0,6.0,6.0,1,0,0,0,0,0,0,0,0.0,9.0,6.0,0.0,0,0,0,0,0,0,2,12,0,0,0,-1,1,20,0.0,0.0,0.0,0.0,0.0,0.0,0.0,0.0
38350,443,6,0.0,0.0,0.0,0.0,0.0,0.0,0.0,0.0,0.0,0.0,18066.0,25443.586,36134.0,1.0,1.0,1.0,0.0,1.0,1.0,0.0,0.0,0.0,0.0,0.0,0,0,0,0,0.0,0.0,0,0,0,0,1,1,0,0,0.0,0.0,0.0,0.0,0,0,0,0,0,0,2,0,1,0,343,79,0,32,0.0,0.0,0.0,0.0,0.0,0.0,0.0,0.0
443,6877,6,6.0,6.0,6.0,6.0,6.0,0.0,6.0,6.0,6.0,0.0,62.0,0.0,62.0,62.0,0.0,0.0,0.0,0.0,0.0,0.0,0.0,0.0,0.0,0.0,0,0,0,0,6.0,6.0,0,0,0,0,1,1,0,0,1.0,9.0,6.0,6.0,0,0,0,0,0,0,1,6,1,6,131,255,0,20,0.0,0.0,0.0,0.0,0.0,0.0,0.0,0.0
443,52117,6,0.0,18.0,0.0,0.0,0.0,0.0,6.0,6.0,6.0,0.0,21926.25,43768.015,87502.0,1001.0,87693.0,87693.0,0.0,87693.0,87693.0,87502.0,43201.0,65413.527,87502.0,1.0,0,0,0,0,0.0,6.0,0,0,0,0,1,0,0,0,1.0,3.6,0.0,6.0,0,0,0,0,0,0,2,0,3,18,116,0,0,32,0.0,0.0,0.0,0.0,0.0,0.0,0.0,0.0
443,52962,6,0.0,18.0,0.0,0.0,0.0,0.0,6.0,6.0,6.0,0.0,25.33,44.444,73.0,1.0,0.0,0.0,0.0,0.0,0.0,5.0,2.5,1.126,3.0,1.0,0,0,0,0,0.0,6.0,0,0,0,0,1,0,0,0,3.0,4.5,0.0,6.0,0,0,0,0,0,0,1,0,3,18,974,0,0,32,0.0,0.0,0.0,0.0,0.0,0.0,0.0,0.0
60305,53,17,94.0,212.0,47.0,47.0,47.0,0.0,106.0,106.0,106.0,0.0,20381.0,35162.757,61141.0,4.0,4.0,4.0,0.0,4.0,4.0,4.0,4.0,0.0,4.0,4.0,0,0,0,0,47.0,106.0,0,0,0,0,0,0,0,0,1.0,88.25,47.0,106.0,0,0,0,0,0,0,2,94,2,212,-1,-1,1,32,0.0,0.0,0.0,0.0,0.0,0.0,0.0,0.0
61070,53,17,55.0,342.0,55.0,55.0,55.0,0.0,342.0,342.0,342.0,0.0,855091.0,0.0,855091.0,855091.0,0.0,0.0,0.0,0.0,0.0,0.0,0.0,0.0,0.0,0.0,0,0,0,0,55.0,342.0,0,0,0,0,0,0,0,0,1.0,226.0,55.0,342.0,0,0,0,0,0,0,1,55,1,342,-1,-1,0,20,0.0,0.0,0.0,0.0,0.0,0.0,0.0,0.0
61195,53,17,71.0,189.0,71.0,71.0,71.0,0.0,189.0,189.0,189.0,0.0,60559.0,0.0,60559.0,60559.0,0.0,0.0,0.0,0.0,0.0,0.0,0.0,0.0,0.0,0.0,0,0,0,0,71.0,189.0,0,0,0,0,0,0,0,0,1.0,185.5,71.0,189.0,0,0,0,0,0,0,1,71,1,189,-1,-1,0,32,0.0,0.0,0.0,0.0,0.0,0.0,0.0,0.0
59928,53,17,68.0,158.0,34.0,34.0,34.0,0.0,79.0,79.0,79.0,0.0,65.33,36.444,101.0,48.0,49.0,49.0,0.0,49.0,49.0,48.0,48.0,0.0,48.0,48.0,0,0,0,0,34.0,79.0,0,0,0,0,0,0,0,0,1.0,65.0,34.0,79.0,0,0,0,0,0,0,2,68,2,158,-1,-1,1,32,0.0,0.0,0.0,0.0,0.0,0.0,0.0,0.0
52182,443,6,43.0,0.0,31.0,6.0,14.3333,14.4338,0.0,0.0,0.0,0.0,96.0,114.851,221.0,3.0,192.0,96.0,115.879,191.0,3.0,0.0,0.0,0.0,0.0,0.0,0,0,0,0,6.0,31.0,0,0,0,0,1,0,0,0,0.0,16.3333,14.3333,0.0,0,0,0,0,0,0,3,43,0,0,255,-1,2,20,0.0,0.0,0.0,0.0,0.0,0.0,0.0,0.0
123,123,17,192.0,192.0,48.0,48.0,48.0,0.0,48.0,48.0,48.0,0.0,9762918.25,24534778.245,65986286.0,3.0,66996357.0,25848159.66,38687597.599,66996440.0,3.0,66998599.0,22999399.33,34003845.408,66097763.0,992128.0,0,0,0,0,48.0,48.0,0,0,0,0,0,0,0,0,1.0,54.0,48.0,48.0,0,0,0,0,0,0,4,192,4,192,-1,-1,3,20,432521.0,0.0,432521.0,10432521.0,65986288.0,0.0,65986288.0,65986288.0
443,51543,6,37.0,0.0,37.0,0.0,18.5,26.163,0.0,0.0,0.0,0.0,4.0,0.0,4.0,4.0,4.0,4.0,0.0,4.0,4.0,0.0,0.0,0.0,0.0,0.0,1,0,0,0,0.0,37.0,0,1,0,0,1,0,0,0,0.0,37.0,18.5,0.0,0,0,0,0,0,0,2,37,0,0,114,-1,0,32,0.0,0.0,0.0,0.0,0.0,0.0,0.0,0.0
443,52811,6,37.0,6.0,31.0,6.0,18.5,17.6777,6.0,6.0,6.0,0.0,106.5,92.326,175.0,41.0,213.0,213.0,0.0,213.0,213.0,0.0,0.0,0.0,0.0,0.0,1,0,0,0,6.0,31.0,0,1,0,0,1,0,0,0,0.0,24.6667,18.5,6.0,0,0,0,0,0,0,2,37,1,6,31,0,1,20,0.0,0.0,0.0,0.0,0.0,0.0,0.0,0.0
53953,443,6,995.0,3743.0,453.0,0.0,70.3846,138.294,1903.0,0.0,395.7778,775.7634,2548342.62,4329888.65,10000785.0,75.0,81083677.0,4302771.81,5193204.513,10051599.0,3470.0,81007659.0,5178141.36,5163467.919,10056113.0,219.0,0,0,0,0,0.0,1903.0,0,0,0,1,0,0,0,0,0.0,219.2941,70.3846,395.7778,0,0,0,0,0,0,13,995,13,3743,8192,14220,12,20,279018.25,685221.197,1976989.0,50564.0,9921947.75,2624.809,10000788.0,9812962.0
5216,443,6,1926.0,6908.0,1303.0,0.0,120.8182,398.013,2463.0,0.0,483.6053,698.2196,2768127.54,4415642.744,10000429.0,50.0,115779066.0,5773139.6,4930164.466,10030594.0,75.0,110601220.0,5813104.18,5063405.761,10035678.0,293.0,0,0,0,0,0.0,2463.0,0,0,0,1,0,0,0,0,1.0,292.5,120.8182,483.6053,0,0,0,0,0,0,21,1926,23,6908,8192,7321,20,20,31162.08,30861.305,144075.0,22952.0,9994408.41,70955.555,10000421.0,9925965.0
61536,53,17,68.0,250.0,34.0,34.0,34.0,0.0,125.0,125.0,125.0,0.0,10286.66,17802.235,30854.0,3.0,3.0,3.0,0.0,3.0,3.0,3.0,3.0,0.0,3.0,3.0,0,0,0,0,34.0,125.0,0,0,0,0,0,0,0,0,1.0,88.0,34.0,125.0,0,0,0,0,0,0,2,68,2,250,-1,-1,1,32,0.0,0.0,0.0,0.0,0.0,0.0,0.0,0.0
58235,53,17,60.0,264.0,30.0,30.0,30.0,0.0,132.0,132.0,132.0,0.0,10348.0,17835.732,30999.0,3.0,3.0,3.0,0.0,3.0,3.0,3.0,3.0,0.0,3.0,3.0,0,0,0,0,30.0,132.0,0,0,0,0,0,0,0,0,1.0,88.5,30.0,132.0,0,0,0,0,0,0,2,60,2,264,-1,-1,1,20,0.0,0.0,0.0,0.0,0.0,0.0,0.0,0.0
52798,53,17,88.0,200.0,44.0,44.0,44.0,0.0,100.0,100.0,100.0,0.0,10309.66,17844.89,30867.0,2.0,2.0,2.0,0.0,2.0,2.0,3.0,3.0,0.0,3.0,3.0,0,0,0,0,44.0,100.0,0,0,0,0,0,0,0,0,1.0,83.0,44.0,100.0,0,0,0,0,0,0,2,88,2,200,-1,-1,1,20,0.0,0.0,0.0,0.0,0.0,0.0,0.0,0.0
55759,443,6,1115.0,533.0,901.0,0.0,91.5,280.3419,493.0,0.0,67.6,176.1781,6852.55,8084.475,22149.0,43.0,89111.0,7701.09,12361.988,32100.0,48.0,53344.0,13806.5,7377.57,22218.0,713.0,0,0,0,0,0.0,901.0,0,0,0,1,0,0,0,0,0.0,79.9333,91.5,67.6,0,0,0,0,0,0,12,1115,5,533,65535,62,5,32,0.0,0.0,0.0,0.0,0.0,0.0,0.0,0.0
35821,80,6,0.0,0.0,0.0,0.0,0.0,0.0,0.0,0.0,0.0,0.0,52241.0,0.0,52241.0,52241.0,0.0,0.0,0.0,0.0,0.0,0.0,0.0,0.0,0.0,0.0,0,0,0,0,0.0,0.0,0,0,0,0,1,1,0,0,1.0,0.0,0.0,0.0,0,0,0,0,0,0,1,0,1,0,1324,939,0,32,0.0,0.0,0.0,0.0,0.0,0.0,0.0,0.0
54005,53,17,252.0,544.0,49.0,38.0,38.0,4.1598,147.0,99.0,109.0,49.0568,745497.14,2791049.17,9630349.0,1.0,10433879.0,1658789.4,3454702.626,9733749.0,1.0,10135264.0,1213844.66,3593879.088,9634104.0,1.0,0,0,0,0,38.0,147.0,0,0,0,0,0,0,0,0,1.0,83.25,38.0,109.0,0,0,0,0,0,0,6,252,4,544,-1,-1,5,20,107515.0,0.0,107515.0,107515.0,9630367.0,0.0,9630317.0,9630367.0
50727,53,17,62.0,280.0,31.0,31.0,31.0,0.0,140.0,140.0,140.0,0.0,874479.0,1076627.607,1830525.0,3.0,3.0,3.0,0.0,3.0,3.0,3.0,3.0,0.0,3.0,3.0,0,0,0,0,31.0,140.0,0,0,0,0,0,0,0,0,1.0,93.25,31.0,140.0,0,0,0,0,0,0,2,62,2,280,-1,-1,1,20,0.0,0.0,0.0,0.0,0.0,0.0,0.0,0.0
61490,53,17,47.0,175.0,47.0,47.0,47.0,0.0,175.0,175.0,175.0,0.0,31045.0,0.0,31045.0,31045.0,0.0,0.0,0.0,0.0,0.0,0.0,0.0,0.0,0.0,0.0,0,0,0,0,47.0,175.0,0,0,0,0,0,0,0,0,1.0,134.5,47.0,175.0,0,0,0,0,0,0,1,47,1,175,-1,-1,0,20,0.0,0.0,0.0,0.0,0.0,0.0,0.0,0.0
443,51154,6,0.0,0.0,0.0,0.0,0.0,0.0,0.0,0.0,0.0,0.0,4.0,0.0,4.0,4.0,4.0,4.0,0.0,4.0,4.0,0.0,0.0,0.0,0.0,0.0,0,0,0,0,0.0,0.0,0,0,0,0,1,0,0,0,0.0,0.0,0.0,0.0,0,0,0,0,0,0,2,0,0,0,351,-1,0,32,0.0,0.0,0.0,0.0,0.0,0.0,0.0,0.0
60636,53,17,88.0,120.0,44.0,44.0,44.0,0.0,60.0,60.0,60.0,0.0,46.66,72.668,134.0,3.0,3.0,3.0,0.0,3.0,3.0,3.0,3.0,0.0,3.0,3.0,0,0,0,0,44.0,60.0,0,0,0,0,0,0,0,0,1.0,63.0,44.0,60.0,0,0,0,0,0,0,2,88,2,120,-1,-1,1,32,0.0,0.0,0.0,0.0,0.0,0.0,0.0,0.0
60150,53,17,55.0,118.0,55.0,55.0,55.0,0.0,118.0,118.0,118.0,0.0,47892.0,0.0,47892.0,47892.0,0.0,0.0,0.0,0.0,0.0,0.0,0.0,0.0,0.0,0.0,0,0,0,0,55.0,118.0,0,0,0,0,0,0,0,0,1.0,114.0,55.0,118.0,0,0,0,0,0,0,1,55,1,118,-1,-1,0,32,0.0,0.0,0.0,0.0,0.0,0.0,0.0,0.0
48087,443,6,353.0,3496.0,203.0,0.0,59.75,83.7547,1448.0,0.0,699.6,679.8484,22570.0,38636.438,85221.0,3.0,287295.0,55459.14,55057.234,91395.0,221.0,105365.0,27678.75,41714.87,95940.0,48.0,0,0,0,0,0.0,1448.0,0,0,0,1,0,0,0,0,0.0,323.2571,59.75,699.6,0,0,0,0,0,0,8,353,5,3496,29200,931,3,32,0.0,0.0,0.0,0.0,0.0,0.0,0.0,0.0
63879,443,6,713.0,479.0,469.0,0.0,71.3,147.2874,341.0,0.0,95.8,149.5299,5793.78,9213.387,23904.0,3.0,81123.0,9830.0,11024.997,23735.0,3.0,50532.0,12228.5,12941.141,23477.0,334.0,0,0,0,0,0.0,469.0,0,0,0,1,0,0,0,0,0.0,79.4667,71.3,95.8,0,0,0,0,0,0,10,713,5,479,65535,972,5,32,0.0,0.0,0.0,0.0,0.0,0.0,0.0,0.0
57499,443,6,1045.0,6927.0,565.0,0.0,85.3846,168.3217,1789.0,0.0,746.875,800.7181,11118.3,22020.258,75130.0,1.0,270904.0,17103.16,27788.786,75780.0,1.0,218553.0,30409.85,50985.382,139362.0,1.0,0,0,0,0,0.0,1789.0,0,0,0,1,0,0,0,0,0.0,348.7615,85.3846,746.875,0,0,0,0,0,0,13,1045,8,6927,65535,118,6,32,0.0,0.0,0.0,0.0,0.0,0.0,0.0,0.0
63846,53,17,64.0,532.0,32.0,32.0,32.0,0.0,266.0,266.0,266.0,0.0,8031.0,13944.895,24032.0,4.0,49.0,49.0,0.0,49.0,49.0,4.0,4.0,0.0,4.0,4.0,0,0,0,0,32.0,266.0,0,0,0,0,0,0,0,0,1.0,157.0,32.0,266.0,0,0,0,0,0,0,2,64,2,532,-1,-1,1,20,0.0,0.0,0.0,0.0,0.0,0.0,0.0,0.0
4817,53,17,102.0,224.0,51.0,51.0,51.0,0.0,112.0,112.0,112.0,0.0,65.0,32.122,104.0,48.0,48.0,48.0,0.0,48.0,48.0,49.0,49.0,0.0,49.0,49.0,0,0,0,0,51.0,112.0,0,0,0,0,0,0,0,0,1.0,94.25,51.0,112.0,0,0,0,0,0,0,2,102,2,224,-1,-1,1,32,0.0,0.0,0.0,0.0,0.0,0.0,0.0,0.0
443,52601,6,31.0,0.0,31.0,0.0,10.3333,17.8979,0.0,0.0,0.0,0.0,128.0,190.504,211.0,4.0,254.0,127.0,130.203,211.0,4.0,0.0,0.0,0.0,0.0,0.0,0,0,0,0,0.0,31.0,0,0,0,0,1,0,0,0,0.0,10.3333,10.3333,0.0,0,0,0,0,0,0,3,31,0,0,939,-1,1,32,0.0,0.0,0.0,0.0,0.0,0.0,0.0,0.0
33913,443,6,1270.0,5093.0,965.0,0.0,92.8125,250.7087,1397.0,0.0,581.1818,641.1643,3870.26,5727.099,15590.0,1.0,74083.0,5136.06,7280.359,21543.0,48.0,44541.0,8807.2,8997.835,15356.0,2.0,0,0,0,0,0.0,1397.0,0,0,0,1,0,0,0,0,0.0,287.2313,92.8125,581.1818,0,0,0,0,0,0,16,1270,9,5093,65535,32,15,20,0.0,0.0,0.0,0.0,0.0,0.0,0.0,0.0
80,44702,6,0.0,0.0,0.0,0.0,0.0,0.0,0.0,0.0,0.0,0.0,64.0,0.0,64.0,64.0,0.0,0.0,0.0,0.0,0.0,0.0,0.0,0.0,0.0,0.0,0,0,0,0,0.0,0.0,0,0,0,0,1,1,0,0,1.0,0.0,0.0,0.0,0,0,0,0,0,0,1,0,1,0,903,229,0,32,0.0,0.0,0.0,0.0,0.0,0.0,0.0,0.0
58978,443,6,3939.0,3557.0,1581.0,0.0,366.625,674.5528,1460.0,0.0,429.4444,547.7245,363196.59,1491113.967,5716856.0,3.0,6118089.0,625588.9,1800010.253,6716851.0,35163.0,6846623.0,760241.33,2058949.574,5769634.0,169.0,0,0,0,0,0.0,1581.0,0,0,0,1,0,0,0,0,1.0,421.6811,366.625,429.4444,0,0,0,0,0,0,8,3939,14,3557,8192,6026,7,20,0.0,0.0,0.0,0.0,0.0,0.0,0.0,0.0
32128,53,17,68.0,482.0,34.0,34.0,34.0,0.0,241.0,241.0,241.0,0.0,10375.66,17935.468,31075.0,3.0,3.0,3.0,0.0,3.0,3.0,4.0,4.0,0.0,4.0,4.0,0,0,0,0,34.0,241.0,0,0,0,0,0,0,0,0,1.0,146.0,34.0,241.0,0,0,0,0,0,0,2,68,2,482,-1,-1,1,32,0.0,0.0,0.0,0.0,0.0,0.0,0.0,0.0
45122,443,6,1769.0,3714.0,893.0,0.0,86.1875,249.171,1460.0,0.0,161.0,488.8546,3224280.94,4635731.386,10202973.0,19.0,119966432.0,6484867.46,5030071.58,10240024.0,19.0,115637493.0,7048665.27,4730601.525,10240189.0,48.0,0,0,0,0,0.0,1460.0,0,0,0,1,0,0,0,0,0.0,120.4722,86.1875,161.0,0,0,0,0,0,0,16,1769,17,3714,29200,32,15,20,309506.27,932311.705,3578328.0,36380.0,10188635.18,80170.894,10202973.0,10050911.0
62939,53,17,81.0,163.0,81.0,81.0,81.0,0.0,163.0,163.0,163.0,0.0,33291.0,0.0,33291.0,33291.0,0.0,0.0,0.0,0.0,0.0,0.0,0.0,0.0,0.0,0.0,0,0,0,0,81.0,163.0,0,0,0,0,0,0,0,0,1.0,162.5,81.0,163.0,0,0,0,0,0,0,1,81,1,163,-1,-1,0,32,0.0,0.0,0.0,0.0,0.0,0.0,0.0,0.0
18679,53,17,64.0,120.0,32.0,32.0,32.0,0.0,60.0,60.0,60.0,0.0,16242.66,28127.386,48721.0,3.0,3.0,3.0,0.0,3.0,3.0,3.0,3.0,0.0,3.0,3.0,0,0,0,0,32.0,60.0,0,0,0,0,0,0,0,0,1.0,54.0,32.0,60.0,0,0,0,0,0,0,2,64,2,120,-1,-1,1,40,0.0,0.0,0.0,0.0,0.0,0.0,0.0,0.0
80,50769,6,6.0,6.0,6.0,6.0,6.0,0.0,6.0,6.0,6.0,0.0,61.0,0.0,61.0,61.0,0.0,0.0,0.0,0.0,0.0,0.0,0.0,0.0,0.0,0.0,0,0,0,0,6.0,6.0,0,0,0,0,1,1,0,0,1.0,9.0,6.0,6.0,0,0,0,0,0,0,1,6,1,6,980,253,0,20,0.0,0.0,0.0,0.0,0.0,0.0,0.0,0.0
45668,443,6,12.0,0.0,6.0,6.0,6.0,0.0,0.0,0.0,0.0,0.0,49.0,0.0,49.0,49.0,49.0,49.0,0.0,49.0,49.0,0.0,0.0,0.0,0.0,0.0,0,0,0,0,6.0,6.0,1,0,0,0,0,0,0,0,0.0,9.0,6.0,0.0,0,0,0,0,0,0,2,12,0,0,0,-1,1,20,0.0,0.0,0.0,0.0,0.0,0.0,0.0,0.0
54404,443,6,4180.0,42374.0,1056.0,0.0,171.3647,295.9512,2836.0,0.0,1233.4717,1045.7049,41512.52,123400.661,876032.0,1.0,1968185.0,81698.57,94230.75,871637.0,1.0,1091871.0,52275.61,157714.704,851871.0,2.0,0,0,0,0,0.0,2836.0,0,0,0,1,0,0,0,0,1.0,754.4818,171.3647,1233.4717,0,0,0,0,0,0,39,4180,40,42374,65535,154,7,32,0.0,0.0,0.0,0.0,0.0,0.0,0.0,0.0
49625,443,6,713.0,479.0,469.0,0.0,71.3,147.2874,341.0,0.0,95.8,149.5299,5887.71,9674.47,23586.0,23.0,82170.0,9112.77,10885.443,24710.0,49.0,50905.0,12841.25,13776.052,24515.0,359.0,0,0,0,0,0.0,469.0,0,0,0,1,0,0,0,0,0.0,79.4667,71.3,95.8,0,0,0,0,0,0,10,713,5,479,65535,972,5,32,0.0,0.0,0.0,0.0,0.0,0.0,0.0,0.0
443,63437,6,37.0,0.0,37.0,0.0,18.5,26.163,0.0,0.0,0.0,0.0,3.0,0.0,3.0,3.0,3.0,3.0,0.0,3.0,3.0,0.0,0.0,0.0,0.0,0.0,1,0,0,0,0.0,37.0,0,1,0,0,1,0,0,0,0.0,37.0,18.5,0.0,0,0,0,0,0,0,2,37,0,0,114,-1,0,32,0.0,0.0,0.0,0.0,0.0,0.0,0.0,0.0
60167,53,17,78.0,270.0,78.0,78.0,78.0,0.0,270.0,270.0,270.0,0.0,30527.0,0.0,30527.0,30527.0,0.0,0.0,0.0,0.0,0.0,0.0,0.0,0.0,0.0,0.0,0,0,0,0,78.0,270.0,0,0,0,0,0,0,0,0,1.0,173.0,78.0,270.0,0,0,0,0,0,0,1,78,1,270,-1,-1,0,20,0.0,0.0,0.0,0.0,0.0,0.0,0.0,0.0
80,58370,6,0.0,0.0,0.0,0.0,0.0,0.0,0.0,0.0,0.0,0.0,46.0,0.0,46.0,46.0,0.0,0.0,0.0,0.0,0.0,0.0,0.0,0.0,0.0,0.0,0,0,0,0,0.0,0.0,0,0,0,0,1,1,0,0,1.0,0.0,0.0,0.0,0,0,0,0,0,0,1,0,1,0,6,33304,0,32,0.0,0.0,0.0,0.0,0.0,0.0,0.0,0.0
35260,80,6,0.0,0.0,0.0,0.0,0.0,0.0,0.0,0.0,0.0,0.0,115180.0,0.0,115180.0,115180.0,0.0,0.0,0.0,0.0,0.0,0.0,0.0,0.0,0.0,0.0,0,0,0,0,0.0,0.0,0,0,0,0,1,1,0,0,1.0,0.0,0.0,0.0,0,0,0,0,0,0,1,0,1,0,251,236,0,32,0.0,0.0,0.0,0.0,0.0,0.0,0.0,0.0
62400,53,17,40.0,72.0,40.0,40.0,40.0,0.0,72.0,72.0,72.0,0.0,30374.0,0.0,30374.0,30374.0,0.0,0.0,0.0,0.0,0.0,0.0,0.0,0.0,0.0,0.0,0,0,0,0,40.0,72.0,0,0,0,0,0,0,0,0,1.0,76.0,40.0,72.0,0,0,0,0,0,0,1,40,1,72,-1,-1,0,20,0.0,0.0,0.0,0.0,0.0,0.0,0.0,0.0
60746,53,17,115.0,288.0,65.0,50.0,57.5,7.7782,155.0,122.0,144.0,39.3697,11961438.0,19244645.838,34540987.0,47375.0,34631606.0,34631606.0,0.0,34631606.0,34631606.0,34611474.0,34611474.0,0.0,34611474.0,34611474.0,0,0,0,0,50.0,155.0,0,0,0,0,0,0,0,0,1.0,108.25,57.5,144.0,0,0,0,0,0,0,2,115,2,288,-1,-1,1,20,30990.0,0.0,30990.0,30990.0,34540976.0,0.0,34540986.0,34540976.0
38010,443,6,1915.0,12574.0,659.0,0.0,171.1571,269.3509,2748.0,0.0,957.0909,969.9281,409091.66,1974336.446,8957812.0,3.0,568364.0,32497.62,74632.813,148331.0,245.0,8562118.0,1372273.89,2673619.726,8998263.0,3.0,0,0,0,0,0.0,2748.0,0,0,0,1,0,0,0,0,1.0,616.9295,171.1571,957.0909,0,0,0,0,0,0,14,1915,13,12574,29200,0,5,32,0.0,0.0,0.0,0.0,0.0,0.0,0.0,0.0
62744,53,17,56.0,163.0,56.0,56.0,56.0,0.0,163.0,163.0,163.0,0.0,31016.0,0.0,31016.0,31016.0,0.0,0.0,0.0,0.0,0.0,0.0,0.0,0.0,0.0,0.0,0,0,0,0,56.0,163.0,0,0,0,0,0,0,0,0,1.0,137.5,56.0,163.0,0,0,0,0,0,0,1,56,1,163,-1,-1,0,20,0.0,0.0,0.0,0.0,0.0,0.0,0.0,0.0
60819,53,17,65.0,93.0,65.0,65.0,65.0,0.0,93.0,93.0,93.0,0.0,30400.0,0.0,30400.0,30400.0,0.0,0.0,0.0,0.0,0.0,0.0,0.0,0.0,0.0,0.0,0,0,0,0,65.0,93.0,0,0,0,0,0,0,0,0,1.0,111.5,65.0,93.0,0,0,0,0,0,0,1,65,1,93,-1,-1,0,32,0.0,0.0,0.0,0.0,0.0,0.0,0.0,0.0
56757,53,17,140.0,396.0,70.0,70.0,70.0,0.0,198.0,198.0,198.0,0.0,66.0,109.119,191.0,3.0,3.0,3.0,0.0,3.0,3.0,4.0,4.0,0.0,4.0,4.0,0,0,0,0,70.0,198.0,0,0,0,0,0,0,0,0,1.0,151.5,70.0,198.0,0,0,0,0,0,0,2,140,2,396,-1,-1,1,20,0.0,0.0,0.0,0.0,0.0,0.0,0.0,0.0
55128,80,6,0.0,0.0,0.0,0.0,0.0,0.0,0.0,0.0,0.0,0.0,2015510.33,3340733.138,6075943.0,52.0,6015100.0,3007550.0,4237813.737,6075943.0,50465.0,0.0,0.0,0.0,0.0,0.0,0,0,0,0,0.0,0.0,0,0,0,1,0,0,0,0,0.0,0.0,0.0,0.0,0,0,0,0,0,0,3,0,1,0,29200,28960,0,32,0.0,0.0,0.0,0.0,0.0,0.0,0.0,0.0
443,59535,6,37.0,0.0,31.0,6.0,18.5,17.6777,0.0,0.0,0.0,0.0,3.0,0.0,3.0,3.0,3.0,3.0,0.0,3.0,3.0,0.0,0.0,0.0,0.0,0.0,1,0,0,0,6.0,31.0,0,1,0,0,1,0,0,0,0.0,34.0,18.5,0.0,0,0,0,0,0,0,2,37,0,0,110,-1,1,20,0.0,0.0,0.0,0.0,0.0,0.0,0.0,0.0
6420,53,17,70.0,392.0,35.0,35.0,35.0,0.0,196.0,196.0,196.0,0.0,79390.0,131232.745,239128.0,1.0,1.0,1.0,0.0,1.0,1.0,3.0,3.0,0.0,3.0,3.0,0,0,0,0,35.0,196.0,0,0,0,0,0,0,0,0,1.0,124.25,35.0,196.0,0,0,0,0,0,0,2,70,2,392,-1,-1,1,32,0.0,0.0,0.0,0.0,0.0,0.0,0.0,0.0
22808,53,17,88.0,288.0,44.0,44.0,44.0,0.0,144.0,144.0,144.0,0.0,16237.66,28159.378,48619.0,2.0,3.0,3.0,0.0,3.0,3.0,2.0,2.0,0.0,2.0,2.0,0,0,0,0,44.0,144.0,0,0,0,0,0,0,0,0,1.0,105.0,44.0,144.0,0,0,0,0,0,0,2,88,2,288,-1,-1,1,32,0.0,0.0,0.0,0.0,0.0,0.0,0.0,0.0
54369,443,6,972.0,7387.0,469.0,0.0,64.8,134.266,1581.0,0.0,671.5455,745.9321,14923.42,25926.548,92728.0,1.0,320771.0,20428.35,32337.316,127427.0,1.0,284268.0,31453.7,44744.428,94752.0,2.0,0,0,0,0,0.0,1581.0,0,0,0,1,0,0,0,0,0.0,321.5769,64.8,671.5455,0,0,0,0,0,0,15,972,11,7387,65535,357,6,32,0.0,0.0,0.0,0.0,0.0,0.0,0.0,0.0
31121,443,6,0.0,0.0,0.0,0.0,0.0,0.0,0.0,0.0,0.0,0.0,1731.0,0.0,1731.0,1731.0,1731.0,1731.0,0.0,1731.0,1731.0,0.0,0.0,0.0,0.0,0.0,0,0,0,0,0.0,0.0,0,0,0,0,1,0,0,0,0.0,0.0,0.0,0.0,0,0,0,0,0,0,2,0,0,0,355,-1,0,32,0.0,0.0,0.0,0.0,0.0,0.0,0.0,0.0
60897,53,17,46.0,105.0,46.0,46.0,46.0,0.0,105.0,105.0,105.0,0.0,166086.0,0.0,166086.0,166086.0,0.0,0.0,0.0,0.0,0.0,0.0,0.0,0.0,0.0,0.0,0,0,0,0,46.0,105.0,0,0,0,0,0,0,0,0,1.0,98.5,46.0,105.0,0,0,0,0,0,0,1,46,1,105,-1,-1,0,32,0.0,0.0,0.0,0.0,0.0,0.0,0.0,0.0
56735,443,6,12.0,0.0,6.0,6.0,6.0,0.0,0.0,0.0,0.0,0.0,3.0,0.0,3.0,3.0,3.0,3.0,0.0,3.0,3.0,0.0,0.0,0.0,0.0,0.0,0,0,0,0,6.0,6.0,1,0,0,0,0,0,0,0,0.0,9.0,6.0,0.0,0,0,0,0,0,0,2,12,0,0,0,-1,1,20,0.0,0.0,0.0,0.0,0.0,0.0,0.0,0.0
52252,443,6,1010.0,7685.0,673.0,0.0,118.1111,215.9893,2609.0,0.0,833.7,957.5134,353769.86,1162711.046,5000596.0,70.0,5405269.0,650596.12,1865599.019,5000596.0,222.0,309525.0,83513.88,91259.347,150257.0,188.0,0,0,0,0,0.0,2609.0,0,0,0,1,0,0,0,0,0.0,441.2586,118.1111,833.7,0,0,0,0,0,0,9,1010,8,7685,8192,115,8,20,757218.0,0.0,757218.0,757218.0,5000524.0,0.0,5000594.0,5000524.0
51162,443,6,853.0,5916.0,291.0,0.0,42.8889,78.1267,1418.0,0.0,359.2857,594.8288,25234.9,63241.602,291474.0,1.0,715049.0,42138.35,81727.15,296474.0,3.0,646432.0,43797.92,72968.202,282391.0,1.0,0,0,0,0,0.0,1418.0,0,0,0,1,0,0,0,0,0.0,208.143,42.8889,359.2857,0,0,0,0,0,0,19,853,14,5916,29200,357,7,32,0.0,0.0,0.0,0.0,0.0,0.0,0.0,0.0
53691,53,17,66.0,258.0,33.0,33.0,33.0,0.0,129.0,129.0,129.0,0.0,70.33,33.684,114.0,48.0,48.0,48.0,0.0,48.0,48.0,49.0,49.0,0.0,49.0,49.0,0,0,0,0,33.0,129.0,0,0,0,0,0,0,0,0,1.0,89.25,33.0,129.0,0,0,0,0,0,0,2,66,2,258,-1,-1,1,32,0.0,0.0,0.0,0.0,0.0,0.0,0.0,0.0
55128,443,6,4589.0,4843.0,1448.0,0.0,291.0714,555.4606,1448.0,0.0,502.1667,578.5308,7869.18,14453.83,32166.0,5.0,233280.0,14750.35,16831.323,32131.0,5.0,182064.0,16419.72,25347.994,74112.0,49.0,0,0,0,0,0.0,1448.0,0,0,0,1,0,0,0,0,0.0,382.0,291.0714,502.1667,0,0,0,0,0,0,14,4589,12,4843,65535,1120,7,32,0.0,0.0,0.0,0.0,0.0,0.0,0.0,0.0
2326,443,6,1153.0,4874.0,409.0,0.0,52.8667,110.2286,1430.0,0.0,294.2304,476.5916,3840496.62,14763297.388,58966053.0,1.0,118828983.0,8416383.48,21251498.725,58966258.0,30.0,118886250.0,7343335.94,20137331.258,59003413.0,1.0,0,0,0,0,0.0,1430.0,0,0,0,1,0,0,0,0,1.0,183.8897,52.8667,294.2304,0,0,0,0,0,0,18,1153,19,4874,8192,360,17,20,337906.0,119874.027,595660.0,247864.0,58894240.0,8454.664,58966058.0,58995629.0
53386,53,17,80.0,248.0,40.0,40.0,40.0,0.0,124.0,124.0,124.0,0.0,10794.0,18564.548,32376.0,48.0,48.0,48.0,0.0,48.0,48.0,48.0,48.0,0.0,48.0,48.0,0,0,0,0,40.0,124.0,0,0,0,0,0,0,0,0,1.0,92.0,40.0,124.0,0,0,0,0,0,0,2,80,2,248,-1,-1,1,32,0.0,0.0,0.0,0.0,0.0,0.0,0.0,0.0
61674,53,17,72.0,136.0,36.0,36.0,36.0,0.0,68.0,68.0,68.0,0.0,50.66,82.066,146.0,3.0,4.0,4.0,0.0,4.0,4.0,3.0,3.0,0.0,3.0,3.0,0,0,0,0,36.0,68.0,0,0,0,0,0,0,0,0,1.0,61.0,36.0,68.0,0,0,0,0,0,0,2,72,2,136,-1,-1,1,20,0.0,0.0,0.0,0.0,0.0,0.0,0.0,0.0
443,50401,6,0.0,0.0,0.0,0.0,0.0,0.0,0.0,0.0,0.0,0.0,96.0,0.0,96.0,96.0,0.0,0.0,0.0,0.0,0.0,0.0,0.0,0.0,0.0,0.0,0,0,0,0,0.0,0.0,0,0,0,0,1,1,0,0,1.0,0.0,0.0,0.0,0,0,0,0,0,0,1,0,1,0,362,32832,0,32,0.0,0.0,0.0,0.0,0.0,0.0,0.0,0.0
50734,443,6,24.0,0.0,6.0,6.0,6.0,0.0,0.0,0.0,0.0,0.0,21627.25,43332.964,87226.0,0.0,87350.0,29186.33,50290.471,87250.0,0.0,0.0,0.0,0.0,0.0,0.0,0,0,0,0,0.0,6.0,1,0,0,0,0,0,0,0,0.0,6.0,6.0,0.0,0,0,0,0,0,0,4,24,1,0,0,114,3,20,0.0,0.0,0.0,0.0,0.0,0.0,0.0,0.0
60779,53,17,45.0,211.0,45.0,45.0,45.0,0.0,211.0,211.0,211.0,0.0,135872.0,0.0,135872.0,135872.0,0.0,0.0,0.0,0.0,0.0,0.0,0.0,0.0,0.0,0.0,0,0,0,0,45.0,211.0,0,0,0,0,0,0,0,0,1.0,150.5,45.0,211.0,0,0,0,0,0,0,1,45,1,211,-1,-1,0,20,0.0,0.0,0.0,0.0,0.0,0.0,0.0,0.0
58819,53,17,78.0,204.0,39.0,39.0,39.0,0.0,102.0,102.0,102.0,0.0,19358.33,34794.798,58078.0,3.0,3.0,3.0,0.0,3.0,3.0,3.0,3.0,0.0,3.0,3.0,0,0,0,0,39.0,102.0,0,0,0,0,0,0,0,0,1.0,80.25,39.0,102.0,0,0,0,0,0,0,2,78,2,204,-1,-1,1,32,0.0,0.0,0.0,0.0,0.0,0.0,0.0,0.0
61885,53,17,47.0,143.0,47.0,47.0,47.0,0.0,143.0,143.0,143.0,0.0,31214.0,0.0,31214.0,31214.0,0.0,0.0,0.0,0.0,0.0,0.0,0.0,0.0,0.0,0.0,0,0,0,0,47.0,143.0,0,0,0,0,0,0,0,0,1.0,118.5,47.0,143.0,0,0,0,0,0,0,1,47,1,143,-1,-1,0,32,0.0,0.0,0.0,0.0,0.0,0.0,0.0,0.0
57394,443,6,159.0,46.0,46.0,6.0,27.7143,20.0891,46.0,46.0,46.0,0.0,886108.2,1936542.304,4341917.0,3.0,4418506.0,1174727.0,2179653.259,4341917.0,3.0,0.0,0.0,0.0,0.0,0.0,1,0,0,0,6.0,46.0,0,1,0,0,1,0,0,0,0.0,37.8333,27.7143,46.0,0,0,0,0,0,0,7,159,1,46,16360,360,6,20,0.0,0.0,0.0,0.0,0.0,0.0,0.0,0.0
443,1244,17,48.0,48.0,48.0,48.0,48.0,0.0,48.0,48.0,48.0,0.0,23336.0,0.0,23336.0,23336.0,0.0,0.0,0.0,0.0,0.0,0.0,0.0,0.0,0.0,0.0,0,0,0,0,48.0,48.0,0,0,0,0,0,0,0,0,1.0,72.0,48.0,48.0,0,0,0,0,0,0,1,48,1,48,-1,-1,0,32,0.0,0.0,0.0,0.0,0.0,0.0,0.0,0.0
62275,53,17,64.0,117.0,64.0,64.0,64.0,0.0,117.0,117.0,117.0,0.0,48350.0,0.0,48350.0,48350.0,0.0,0.0,0.0,0.0,0.0,0.0,0.0,0.0,0.0,0.0,0,0,0,0,64.0,117.0,0,0,0,0,0,0,0,0,1.0,122.5,64.0,117.0,0,0,0,0,0,0,1,64,1,117,-1,-1,0,20,0.0,0.0,0.0,0.0,0.0,0.0,0.0,0.0
50199,80,6,0.0,0.0,0.0,0.0,0.0,0.0,0.0,0.0,0.0,0.0,1754544.66,3016438.058,5243104.0,45.0,5262528.0,2631264.0,3695798.165,5249104.0,30094.0,0.0,0.0,0.0,0.0,0.0,0,0,0,0,0.0,0.0,0,0,0,1,0,0,0,0,0.0,0.0,0.0,0.0,0,0,0,0,0,0,3,0,1,0,29200,28960,0,32,0.0,0.0,0.0,0.0,0.0,0.0,0.0,0.0
52071,53,17,66.0,258.0,33.0,33.0,33.0,0.0,129.0,129.0,129.0,0.0,21146.66,36511.836,63434.0,3.0,3.0,3.0,0.0,3.0,3.0,3.0,3.0,0.0,3.0,3.0,0,0,0,0,33.0,129.0,0,0,0,0,0,0,0,0,1.0,89.25,33.0,129.0,0,0,0,0,0,0,2,66,2,258,-1,-1,1,20,0.0,0.0,0.0,0.0,0.0,0.0,0.0,0.0
61238,53,17,44.0,60.0,44.0,44.0,44.0,0.0,60.0,60.0,60.0,0.0,191745.0,0.0,191745.0,191745.0,0.0,0.0,0.0,0.0,0.0,0.0,0.0,0.0,0.0,0.0,0,0,0,0,44.0,60.0,0,0,0,0,0,0,0,0,1.0,74.0,44.0,60.0,0,0,0,0,0,0,1,44,1,60,-1,-1,0,44,0.0,0.0,0.0,0.0,0.0,0.0,0.0,0.0
60682,53,17,106.0,319.0,60.0,46.0,53.0,12.7279,233.0,168.0,159.5,70.7089,7492750.66,12810679.52,23467558.0,30776.0,23438950.0,23438950.0,0.0,23438950.0,23438950.0,23490346.0,23490346.0,0.0,23490346.0,23490346.0,0,0,0,0,46.0,233.0,0,0,0,0,0,0,0,0,1.0,121.25,53.0,159.5,0,0,0,0,0,0,2,106,2,319,-1,-1,1,20,42457.0,0.0,42457.0,42457.0,23467528.0,0.0,23467558.0,23467528.0
60774,53,17,90.0,122.0,45.0,45.0,45.0,0.0,61.0,61.0,61.0,0.0,61.33,20.933,87.0,48.0,48.0,48.0,0.0,48.0,48.0,49.0,49.0,0.0,49.0,49.0,0,0,0,0,45.0,61.0,0,0,0,0,0,0,0,0,1.0,64.25,45.0,61.0,0,0,0,0,0,0,2,90,2,122,-1,-1,1,20,0.0,0.0,0.0,0.0,0.0,0.0,0.0,0.0
443,50168,6,12.0,0.0,6.0,6.0,6.0,0.0,0.0,0.0,0.0,0.0,999708.0,0.0,999708.0,999708.0,999708.0,999708.0,0.0,999708.0,999708.0,0.0,0.0,0.0,0.0,0.0,0,0,0,0,6.0,6.0,0,0,0,0,1,0,0,0,0.0,9.0,6.0,0.0,0,0,0,0,0,0,2,12,0,0,4980,-1,1,20,0.0,0.0,0.0,0.0,0.0,0.0,0.0,0.0
443,42856,6,31.0,0.0,31.0,0.0,15.5,21.9203,0.0,0.0,0.0,0.0,4.0,0.0,4.0,4.0,4.0,4.0,0.0,4.0,4.0,0.0,0.0,0.0,0.0,0.0,1,0,0,0,0.0,31.0,0,1,0,0,1,0,0,0,0.0,31.0,15.5,0.0,0,0,0,0,0,0,2,31,0,0,59,-1,0,32,0.0,0.0,0.0,0.0,0.0,0.0,0.0,0.0
49004,53,17,88.0,174.0,44.0,44.0,44.0,0.0,87.0,87.0,87.0,0.0,16099.33,27813.437,48243.0,3.0,3.0,3.0,0.0,3.0,3.0,4.0,4.0,0.0,4.0,4.0,0,0,0,0,44.0,87.0,0,0,0,0,0,0,0,0,1.0,76.5,44.0,87.0,0,0,0,0,0,0,2,88,2,174,-1,-1,1,20,0.0,0.0,0.0,0.0,0.0,0.0,0.0,0.0
443,50815,6,31.0,0.0,31.0,0.0,10.3333,17.8979,0.0,0.0,0.0,0.0,1021.5,1396.463,3059.0,4.0,3043.0,1521.5,2936.03,3059.0,4.0,0.0,0.0,0.0,0.0,0.0,0,0,0,0,0.0,31.0,0,0,0,0,1,0,0,0,0.0,10.3333,10.3333,0.0,0,0,0,0,0,0,3,31,0,0,59,-1,1,32,0.0,0.0,0.0,0.0,0.0,0.0,0.0,0.0
50781,53,17,76.0,108.0,38.0,38.0,38.0,0.0,54.0,54.0,54.0,0.0,10306.33,17842.733,30910.0,3.0,48.0,48.0,0.0,48.0,48.0,3.0,3.0,0.0,3.0,3.0,0,0,0,0,38.0,54.0,0,0,0,0,0,0,0,0,1.0,55.5,38.0,54.0,0,0,0,0,0,0,2,76,2,108,-1,-1,1,20,0.0,0.0,0.0,0.0,0.0,0.0,0.0,0.0
59601,443,6,896.0,1471.0,645.0,0.0,89.6,201.1032,1333.0,0.0,294.2,583.7732,20386.85,36134.203,87730.0,4.0,296118.0,32769.66,43054.33,98407.0,4.0,191735.0,45472.75,48102.216,87281.0,465.0,0,0,0,0,0.0,1333.0,0,0,0,1,0,0,0,0,0.0,157.8,89.6,294.2,0,0,0,0,0,0,10,896,5,1471,65535,115,5,32,0.0,0.0,0.0,0.0,0.0,0.0,0.0,0.0
80,49780,6,6.0,6.0,6.0,6.0,6.0,0.0,6.0,6.0,6.0,0.0,30.0,0.0,30.0,30.0,0.0,0.0,0.0,0.0,0.0,0.0,0.0,0.0,0.0,0.0,0,0,0,0,6.0,6.0,0,0,0,0,1,1,0,0,1.0,9.0,6.0,6.0,0,0,0,0,0,0,1,6,1,6,343,255,0,20,0.0,0.0,0.0,0.0,0.0,0.0,0.0,0.0
60678,53,17,56.0,280.0,56.0,56.0,56.0,0.0,280.0,280.0,280.0,0.0,158694.0,0.0,158694.0,158694.0,0.0,0.0,0.0,0.0,0.0,0.0,0.0,0.0,0.0,0.0,0,0,0,0,56.0,280.0,0,0,0,0,0,0,0,0,1.0,206.0,56.0,280.0,0,0,0,0,0,0,1,56,1,280,-1,-1,0,32,0.0,0.0,0.0,0.0,0.0,0.0,0.0,0.0
36934,443,6,565.0,3792.0,204.0,0.0,38.1,72.1576,1398.0,0.0,356.0,581.0592,9533.84,15331.527,37043.0,3.0,135461.0,11370.61,19868.576,47646.0,18.0,87386.0,9205.22,18447.682,39264.0,4.0,0,0,0,0,0.0,1398.0,0,0,0,1,0,0,0,0,0.0,161.513,38.1,356.0,0,0,0,0,0,0,15,565,8,3792,29200,5758,4,32,0.0,0.0,0.0,0.0,0.0,0.0,0.0,0.0
1210,80,6,12.0,0.0,6.0,6.0,6.0,0.0,0.0,0.0,0.0,0.0,94.0,0.0,94.0,94.0,94.0,94.0,0.0,94.0,94.0,0.0,0.0,0.0,0.0,0.0,0,0,0,0,6.0,6.0,0,0,0,0,1,0,0,0,0.0,9.0,6.0,0.0,0,0,0,0,0,0,2,12,0,0,16230,-1,1,20,0.0,0.0,0.0,0.0,0.0,0.0,0.0,0.0
443,50150,6,6.0,6.0,6.0,6.0,6.0,0.0,6.0,6.0,6.0,0.0,60.0,0.0,60.0,60.0,0.0,0.0,0.0,0.0,0.0,0.0,0.0,0.0,0.0,0.0,0,0,0,0,6.0,6.0,0,0,0,0,1,1,0,0,1.0,9.0,6.0,6.0,0,0,0,0,0,0,1,6,1,6,32,255,0,20,0.0,0.0,0.0,0.0,0.0,0.0,0.0,0.0
42018,443,6,703.0,3950.0,267.0,0.0,78.1111,103.3023,1448.0,0.0,359.0909,569.4183,45700.78,75517.468,261194.0,4.0,762734.0,85174.25,107178.543,361098.0,225.0,761093.0,82463.6,91128.013,392813.0,4.0,0,0,0,0,0.0,1448.0,0,0,0,1,0,0,0,0,1.0,232.8947,78.1111,359.0909,0,0,0,0,0,0,9,703,11,3950,29200,254,4,32,0.0,0.0,0.0,0.0,0.0,0.0,0.0,0.0
54054,443,6,1130.0,1119.0,885.0,0.0,113.0,275.3613,981.0,0.0,223.8,427.4847,35357.8,77681.32,288163.0,3.0,490811.0,62744.11,105590.864,388263.0,3.0,301537.0,90154.25,95398.371,289273.0,4256.0,0,0,0,0,0.0,981.0,0,0,0,1,0,0,0,0,0.0,150.9333,113.0,223.8,0,0,0,0,0,0,10,1130,5,1119,65535,68,5,32,0.0,0.0,0.0,0.0,0.0,0.0,0.0,0.0
80,60456,6,6.0,0.0,6.0,0.0,3.0,4.2426,0.0,0.0,0.0,0.0,44.0,0.0,44.0,44.0,0.0,0.0,0.0,0.0,0.0,0.0,0.0,0.0,0.0,0.0,0,0,0,0,0.0,6.0,0,0,0,0,1,1,0,0,1.0,3.0,3.0,0.0,0,0,0,0,0,0,1,6,1,0,1026,33304,0,20,0.0,0.0,0.0,0.0,0.0,0.0,0.0,0.0
61714,443,17,1935.0,2604.0,1350.0,38.0,478.6667,757.149,1352.0,20.0,450.0,656.8081,11166.8,15011.73,32449.0,4.0,31749.0,15974.5,18063.406,31765.0,4.0,61413.0,10203.66,16935.344,31426.0,4.0,0,0,0,0,30.0,1350.0,0,0,0,0,0,0,0,0,0.0,572.6429,478.6667,450.0,0,0,0,0,0,0,3,1935,4,2604,-1,-1,2,20,0.0,0.0,0.0,0.0,0.0,0.0,0.0,0.0
123,123,17,48.0,48.0,48.0,48.0,48.0,0.0,48.0,48.0,48.0,0.0,94776.0,0.0,94776.0,94776.0,0.0,0.0,0.0,0.0,0.0,0.0,0.0,0.0,0.0,0.0,0,0,0,0,48.0,48.0,0,0,0,0,0,0,0,0,1.0,72.0,48.0,48.0,0,0,0,0,0,0,1,48,1,48,-1,-1,0,32,0.0,0.0,0.0,0.0,0.0,0.0,0.0,0.0
56964,80,6,403.0,1102.0,391.0,0.0,80.6,131.5678,545.0,0.0,220.4,296.318,588447.25,1557519.396,4716504.0,98.0,574329.0,135882.25,187956.766,353714.0,1155.0,5143949.0,1348329.75,2690267.202,4999738.0,141495.0,0,0,0,0,0.0,545.0,0,0,0,1,0,0,0,0,1.0,150.5,80.6,220.4,0,0,0,0,0,0,5,403,5,1102,8192,60,3,20,0.0,0.0,0.0,0.0,0.0,0.0,0.0,0.0
61381,53,17,99.0,167.0,99.0,99.0,99.0,0.0,167.0,167.0,167.0,0.0,23216.0,0.0,23216.0,23216.0,0.0,0.0,0.0,0.0,0.0,0.0,0.0,0.0,0.0,0.0,0,0,0,0,99.0,167.0,0,0,0,0,0,0,0,0,1.0,182.5,99.0,167.0,0,0,0,0,0,0,1,99,1,167,-1,-1,0,32,0.0,0.0,0.0,0.0,0.0,0.0,0.0,0.0
80,44666,6,0.0,0.0,0.0,0.0,0.0,0.0,0.0,0.0,0.0,0.0,52.0,0.0,52.0,52.0,0.0,0.0,0.0,0.0,0.0,0.0,0.0,0.0,0.0,0.0,0,0,0,0,0.0,0.0,0,0,0,0,1,1,0,0,1.0,0.0,0.0,0.0,0,0,0,0,0,0,1,0,1,0,959,274,0,32,0.0,0.0,0.0,0.0,0.0,0.0,0.0,0.0
48218,53,17,78.0,484.0,39.0,39.0,39.0,0.0,242.0,242.0,242.0,0.0,88.33,147.489,251.0,3.0,3.0,3.0,0.0,3.0,3.0,4.0,4.0,0.0,4.0,4.0,0,0,0,0,39.0,242.0,0,0,0,0,0,0,0,0,1.0,140.25,39.0,242.0,0,0,0,0,0,0,2,78,2,484,-1,-1,1,32,0.0,0.0,0.0,0.0,0.0,0.0,0.0,0.0
443,51406,6,3472.0,12.0,1308.0,0.0,678.0,759.232,6.0,6.0,6.0,0.0,4202.25,8149.476,15445.0,0.0,15714.0,7888.0,9360.633,15445.0,0.0,9594.0,1794.0,0.0,9594.0,9594.0,0,0,0,0,0.0,1308.0,0,0,0,0,1,0,0,0,0.0,480.75,678.0,6.0,0,0,0,0,0,0,4,3472,2,12,115,0,3,32,0.0,0.0,0.0,0.0,0.0,0.0,0.0,0.0
56031,53,17,4.0,106.0,4.0,4.0,4.0,0.0,56.0,56.0,56.0,0.0,30512.0,0.0,30512.0,30512.0,0.0,0.0,0.0,0.0,0.0,0.0,0.0,0.0,0.0,0.0,0,0,0,0,4.0,56.0,0,0,0,0,0,0,0,0,1.0,2.0,4.0,56.0,0,0,0,0,0,0,1,4,1,106,-1,-1,0,32,0.0,0.0,0.0,0.0,0.0,0.0,0.0,0.0
443,53466,6,0.0,0.0,0.0,0.0,0.0,0.0,0.0,0.0,0.0,0.0,48.0,0.0,48.0,48.0,0.0,0.0,0.0,0.0,0.0,0.0,0.0,0.0,0.0,0.0,0,0,0,0,0.0,0.0,0,0,0,0,1,1,0,0,1.0,0.0,0.0,0.0,0,0,0,0,0,0,1,0,1,0,357,32832,0,32,0.0,0.0,0.0,0.0,0.0,0.0,0.0,0.0
60947,53,17,92.0,348.0,46.0,46.0,46.0,0.0,174.0,174.0,174.0,0.0,72.33,127.627,212.0,3.0,3.0,3.0,0.0,3.0,3.0,3.0,3.0,0.0,3.0,3.0,0,0,0,0,46.0,174.0,0,0,0,0,0,0,0,0,1.0,121.5,46.0,174.0,0,0,0,0,0,0,2,92,2,348,-1,-1,1,20,0.0,0.0,0.0,0.0,0.0,0.0,0.0,0.0
443,60837,6,0.0,0.0,0.0,0.0,0.0,0.0,0.0,0.0,0.0,0.0,19014.5,26763.193,37027.0,44.0,36037.0,36037.0,0.0,36037.0,36037.0,0.0,0.0,0.0,0.0,0.0,0,0,0,0,0.0,0.0,0,0,0,0,1,1,0,0,0.0,0.0,0.0,0.0,0,0,0,0,0,0,2,0,1,0,362,32832,0,32,0.0,0.0,0.0,0.0,0.0,0.0,0.0,0.0
62125,53,17,53.0,69.0,53.0,53.0,53.0,0.0,69.0,69.0,69.0,0.0,30544.0,0.0,30544.0,30544.0,0.0,0.0,0.0,0.0,0.0,0.0,0.0,0.0,0.0,0.0,0,0,0,0,53.0,69.0,0,0,0,0,0,0,0,0,1.0,87.5,53.0,69.0,0,0,0,0,0,0,1,53,1,69,-1,-1,0,32,0.0,0.0,0.0,0.0,0.0,0.0,0.0,0.0
51873,53,17,88.0,150.0,44.0,44.0,44.0,0.0,75.0,75.0,75.0,0.0,65.0,23.138,98.0,48.0,48.0,48.0,0.0,48.0,48.0,48.0,48.0,0.0,48.0,48.0,0,0,0,0,44.0,75.0,0,0,0,0,0,0,0,0,1.0,60.5,44.0,75.0,0,0,0,0,0,0,2,88,2,150,-1,-1,1,20,0.0,0.0,0.0,0.0,0.0,0.0,0.0,0.0
53932,443,6,1166.0,3440.0,901.0,0.0,91.3333,246.1616,2045.0,0.0,255.0,540.3306,2475619.56,4237673.308,10187563.0,3.0,60814969.0,4026376.92,5211830.355,10262644.0,367.0,60839142.0,5522397.33,5228721.062,10262079.0,3.0,0,0,0,0,0.0,2045.0,0,0,0,1,0,0,0,0,1.0,164.9505,91.3333,255.0,0,0,0,0,0,0,12,1166,16,3440,29200,127,3,32,71265.33,66037.353,207230.0,50441.0,10086652.66,381601.599,10187569.0,9546434.0
54412,80,6,12.0,0.0,6.0,6.0,6.0,0.0,0.0,0.0,0.0,0.0,51.0,0.0,51.0,51.0,51.0,51.0,0.0,51.0,51.0,0.0,0.0,0.0,0.0,0.0,0,0,0,0,6.0,6.0,0,0,0,0,1,0,0,0,0.0,9.0,6.0,0.0,0,0,0,0,0,0,2,12,0,0,252,-1,1,20,0.0,0.0,0.0,0.0,0.0,0.0,0.0,0.0
51642,443,6,381.0,3716.0,194.0,0.0,42.375,71.7303,1460.0,0.0,623.3333,679.9097,390985.61,1355849.227,4910296.0,3.0,5043702.0,733045.71,1701606.958,4910296.0,3.0,84032.0,14233.4,27130.49,47215.0,48.0,0,0,0,0,0.0,1460.0,0,0,0,1,0,0,0,0,0.0,272.925,42.375,623.3333,0,0,0,0,0,0,8,381,6,3716,8192,119,7,20,0.0,0.0,0.0,0.0,0.0,0.0,0.0,0.0
443,2271,6,6.0,6.0,6.0,6.0,6.0,0.0,6.0,6.0,6.0,0.0,3.0,0.0,3.0,3.0,0.0,0.0,0.0,0.0,0.0,0.0,0.0,0.0,0.0,0.0,0,0,0,0,6.0,6.0,0,0,0,0,1,1,0,0,1.0,9.0,6.0,6.0,0,0,0,0,0,0,1,6,1,6,114,256,0,20,0.0,0.0,0.0,0.0,0.0,0.0,0.0,0.0
23365,53,17,60.0,264.0,30.0,30.0,30.0,0.0,132.0,132.0,132.0,0.0,59.66,94.282,172.0,3.0,3.0,3.0,0.0,3.0,3.0,4.0,4.0,0.0,4.0,4.0,0,0,0,0,30.0,132.0,0,0,0,0,0,0,0,0,1.0,88.5,30.0,132.0,0,0,0,0,0,0,2,60,2,264,-1,-1,1,32,0.0,0.0,0.0,0.0,0.0,0.0,0.0,0.0
60069,53,17,64.0,96.0,32.0,32.0,32.0,0.0,48.0,48.0,48.0,0.0,46.66,72.113,134.0,4.0,4.0,4.0,0.0,4.0,4.0,4.0,4.0,0.0,4.0,4.0,0,0,0,0,32.0,48.0,0,0,0,0,0,0,0,0,1.0,48.0,32.0,48.0,0,0,0,0,0,0,2,64,2,96,-1,-1,1,20,0.0,0.0,0.0,0.0,0.0,0.0,0.0,0.0
60973,443,6,37.0,0.0,31.0,6.0,18.5,17.6777,0.0,0.0,0.0,0.0,19.0,0.0,19.0,19.0,19.0,19.0,0.0,19.0,19.0,0.0,0.0,0.0,0.0,0.0,1,0,0,0,6.0,31.0,0,1,0,0,1,0,0,0,0.0,34.0,18.5,0.0,0,0,0,0,0,0,2,37,0,0,256,-1,1,20,0.0,0.0,0.0,0.0,0.0,0.0,0.0,0.0
80,52301,6,0.0,0.0,0.0,0.0,0.0,0.0,0.0,0.0,0.0,0.0,75.0,0.0,75.0,75.0,0.0,0.0,0.0,0.0,0.0,0.0,0.0,0.0,0.0,0.0,0,0,0,0,0.0,0.0,0,0,0,0,1,1,0,0,1.0,0.0,0.0,0.0,0,0,0,0,0,0,1,0,1,0,129,33304,0,32,0.0,0.0,0.0,0.0,0.0,0.0,0.0,0.0
50928,443,6,74.0,0.0,37.0,37.0,37.0,0.0,0.0,0.0,0.0,0.0,64064987.0,0.0,64064987.0,64064987.0,64064987.0,64064987.0,0.0,64064987.0,64064987.0,0.0,0.0,0.0,0.0,0.0,1,0,0,0,37.0,37.0,0,1,0,0,1,1,0,0,0.0,55.5,37.0,0.0,0,0,0,0,0,0,2,74,0,0,33304,-1,1,32,0.0,0.0,0.0,0.0,0.0,0.0,0.0,0.0
443,52078,6,12.0,6.0,6.0,6.0,6.0,0.0,6.0,6.0,6.0,0.0,35.5,43.534,62.0,3.0,3.0,3.0,0.0,3.0,3.0,0.0,0.0,0.0,0.0,0.0,0,0,0,0,6.0,6.0,0,0,0,0,1,1,0,0,0.0,8.0,6.0,6.0,0,0,0,0,0,0,2,12,1,6,32,32850,1,20,0.0,0.0,0.0,0.0,0.0,0.0,0.0,0.0
443,63513,6,37.0,0.0,37.0,0.0,18.5,26.163,0.0,0.0,0.0,0.0,3.0,0.0,3.0,3.0,3.0,3.0,0.0,3.0,3.0,0.0,0.0,0.0,0.0,0.0,1,0,0,0,0.0,37.0,0,1,0,0,1,0,0,0,0.0,37.0,18.5,0.0,0,0,0,0,0,0,2,37,0,0,118,-1,0,32,0.0,0.0,0.0,0.0,0.0,0.0,0.0,0.0
62419,53,17,68.0,250.0,34.0,34.0,34.0,0.0,125.0,125.0,125.0,0.0,84.66,144.922,241.0,1.0,1.0,1.0,0.0,1.0,1.0,4.0,4.0,0.0,4.0,4.0,0,0,0,0,34.0,125.0,0,0,0,0,0,0,0,0,1.0,88.0,34.0,125.0,0,0,0,0,0,0,2,68,2,250,-1,-1,1,20,0.0,0.0,0.0,0.0,0.0,0.0,0.0,0.0
62357,53,17,168.0,392.0,84.0,84.0,84.0,0.0,196.0,196.0,196.0,0.0,65.0,100.851,189.0,3.0,3.0,3.0,0.0,3.0,3.0,4.0,4.0,0.0,4.0,4.0,0,0,0,0,84.0,196.0,0,0,0,0,0,0,0,0,1.0,161.0,84.0,196.0,0,0,0,0,0,0,2,168,2,392,-1,-1,1,20,0.0,0.0,0.0,0.0,0.0,0.0,0.0,0.0
443,37245,6,0.0,0.0,0.0,0.0,0.0,0.0,0.0,0.0,0.0,0.0,59.0,0.0,59.0,59.0,0.0,0.0,0.0,0.0,0.0,0.0,0.0,0.0,0.0,0.0,0,0,0,0,0.0,0.0,0,0,0,0,1,1,0,0,1.0,0.0,0.0,0.0,0,0,0,0,0,0,1,0,1,0,126,305,0,32,0.0,0.0,0.0,0.0,0.0,0.0,0.0,0.0
49015,443,6,12.0,0.0,6.0,6.0,6.0,0.0,0.0,0.0,0.0,0.0,3.0,0.0,3.0,3.0,3.0,3.0,0.0,3.0,3.0,0.0,0.0,0.0,0.0,0.0,0,0,0,0,6.0,6.0,1,0,0,0,0,0,0,0,0.0,9.0,6.0,0.0,0,0,0,0,0,0,2,12,0,0,0,-1,1,20,0.0,0.0,0.0,0.0,0.0,0.0,0.0,0.0
49278,80,6,6.0,6.0,6.0,6.0,6.0,0.0,6.0,6.0,6.0,0.0,351992.0,0.0,351992.0,351992.0,0.0,0.0,0.0,0.0,0.0,0.0,0.0,0.0,0.0,0.0,0,0,0,0,6.0,6.0,0,0,0,0,1,1,0,0,1.0,9.0,6.0,6.0,0,0,0,0,0,0,1,6,1,6,276,30016,0,20,0.0,0.0,0.0,0.0,0.0,0.0,0.0,0.0
54261,53,17,82.0,114.0,41.0,41.0,41.0,0.0,57.0,57.0,57.0,0.0,47.33,77.955,135.0,3.0,3.0,3.0,0.0,3.0,3.0,3.0,3.0,0.0,3.0,3.0,0,0,0,0,41.0,57.0,0,0,0,0,0,0,0,0,1.0,59.25,41.0,57.0,0,0,0,0,0,0,2,82,2,114,-1,-1,1,32,0.0,0.0,0.0,0.0,0.0,0.0,0.0,0.0
2299,53,17,84.0,148.0,42.0,42.0,42.0,0.0,74.0,74.0,74.0,0.0,20792.66,35961.919,62372.0,1.0,1.0,1.0,0.0,1.0,1.0,4.0,4.0,0.0,4.0,4.0,0,0,0,0,42.0,74.0,0,0,0,0,0,0,0,0,1.0,68.5,42.0,74.0,0,0,0,0,0,0,2,84,2,148,-1,-1,1,32,0.0,0.0,0.0,0.0,0.0,0.0,0.0,0.0
63051,53,17,90.0,196.0,45.0,45.0,45.0,0.0,98.0,98.0,98.0,0.0,10397.33,17933.933,31181.0,3.0,3.0,3.0,0.0,3.0,3.0,4.0,4.0,0.0,4.0,4.0,0,0,0,0,45.0,98.0,0,0,0,0,0,0,0,0,1.0,82.75,45.0,98.0,0,0,0,0,0,0,2,90,2,196,-1,-1,1,32,0.0,0.0,0.0,0.0,0.0,0.0,0.0,0.0
59454,443,6,1198.0,4362.0,845.0,0.0,109.8,267.2313,1448.0,0.0,541.1429,652.0644,9791.76,15868.555,49170.0,0.0,168246.0,16728.77,15273.032,40506.0,0.0,100511.0,16373.83,17496.972,47067.0,46.0,0,0,0,0,0.0,1448.0,0,0,0,1,0,0,0,0,0.0,276.5875,109.8,541.1429,0,0,0,0,0,0,10,1198,7,4362,65535,118,5,32,0.0,0.0,0.0,0.0,0.0,0.0,0.0,0.0
59477,53,17,88.0,472.0,44.0,44.0,44.0,0.0,236.0,236.0,236.0,0.0,66.66,103.823,192.0,3.0,3.0,3.0,0.0,3.0,3.0,4.0,4.0,0.0,4.0,4.0,0,0,0,0,44.0,236.0,0,0,0,0,0,0,0,0,1.0,151.0,44.0,236.0,0,0,0,0,0,0,2,88,2,472,-1,-1,1,20,0.0,0.0,0.0,0.0,0.0,0.0,0.0,0.0
49258,443,6,0.0,0.0,0.0,0.0,0.0,0.0,0.0,0.0,0.0,0.0,94591.0,0.0,94591.0,94591.0,0.0,0.0,0.0,0.0,0.0,0.0,0.0,0.0,0.0,0.0,0,0,0,0,0.0,0.0,0,0,0,0,1,1,0,0,1.0,0.0,0.0,0.0,0,0,0,0,0,0,1,0,1,0,304,252,0,32,0.0,0.0,0.0,0.0,0.0,0.0,0.0,0.0
49266,53,17,82.0,114.0,41.0,41.0,41.0,0.0,57.0,57.0,57.0,0.0,46.33,71.019,133.0,3.0,3.0,3.0,0.0,3.0,3.0,3.0,3.0,0.0,3.0,3.0,0,0,0,0,41.0,57.0,0,0,0,0,0,0,0,0,1.0,59.25,41.0,57.0,0,0,0,0,0,0,2,82,2,114,-1,-1,1,32,0.0,0.0,0.0,0.0,0.0,0.0,0.0,0.0
63957,443,6,1028.0,631.0,517.0,0.0,172.0,242.5274,366.0,0.0,113.5,157.7275,941983.83,2612892.18,7591840.0,3.0,7832338.0,1486309.0,3722891.282,7591840.0,118.0,2735771.0,1789297.14,3311507.697,7750613.0,3.0,0,0,0,0,0.0,517.0,0,0,0,1,0,0,0,0,1.0,130.9114,172.0,113.5,0,0,0,0,0,0,5,1028,8,631,8192,245,4,20,0.0,0.0,0.0,0.0,0.0,0.0,0.0,0.0
62806,53,17,58.0,124.0,58.0,58.0,58.0,0.0,124.0,124.0,124.0,0.0,463.0,0.0,463.0,463.0,0.0,0.0,0.0,0.0,0.0,0.0,0.0,0.0,0.0,0.0,0,0,0,0,58.0,124.0,0,0,0,0,0,0,0,0,1.0,120.0,58.0,124.0,0,0,0,0,0,0,1,58,1,124,-1,-1,0,20,0.0,0.0,0.0,0.0,0.0,0.0,0.0,0.0
56478,443,6,12.0,0.0,6.0,6.0,6.0,0.0,0.0,0.0,0.0,0.0,8891.0,0.0,8891.0,8891.0,8891.0,8891.0,0.0,8891.0,8891.0,0.0,0.0,0.0,0.0,0.0,0,0,0,0,6.0,6.0,0,0,0,0,1,0,0,0,0.0,9.0,6.0,0.0,0,0,0,0,0,0,2,12,0,0,63802,-1,1,20,0.0,0.0,0.0,0.0,0.0,0.0,0.0,0.0
52886,53,17,84.0,282.0,42.0,42.0,42.0,0.0,141.0,141.0,141.0,0.0,31048.0,53784.282,93098.0,3.0,49.0,49.0,0.0,49.0,49.0,3.0,3.0,0.0,3.0,3.0,0,0,0,0,42.0,141.0,0,0,0,0,0,0,0,0,1.0,102.0,42.0,141.0,0,0,0,0,0,0,2,84,2,282,-1,-1,1,20,0.0,0.0,0.0,0.0,0.0,0.0,0.0,0.0
60393,53,17,53.0,116.0,53.0,53.0,53.0,0.0,116.0,116.0,116.0,0.0,414.0,0.0,414.0,414.0,0.0,0.0,0.0,0.0,0.0,0.0,0.0,0.0,0.0,0.0,0,0,0,0,53.0,116.0,0,0,0,0,0,0,0,0,1.0,111.0,53.0,116.0,0,0,0,0,0,0,1,53,1,116,-1,-1,0,32,0.0,0.0,0.0,0.0,0.0,0.0,0.0,0.0
5088,443,6,906.0,7489.0,517.0,0.0,131.8889,202.9238,1589.0,0.0,743.9,749.9428,32334.46,57074.029,162852.0,0.0,420442.0,50014.0,61761.012,142852.0,56.0,336158.0,49156.44,79899.478,192999.0,0.0,0,0,0,0,0.0,1589.0,0,0,0,1,0,0,0,0,1.0,540.1888,131.8889,743.9,0,0,0,0,0,0,9,906,10,7489,8192,4945,8,20,0.0,0.0,0.0,0.0,0.0,0.0,0.0,0.0
60202,53,17,47.0,175.0,47.0,47.0,47.0,0.0,175.0,175.0,175.0,0.0,584.0,0.0,584.0,584.0,0.0,0.0,0.0,0.0,0.0,0.0,0.0,0.0,0.0,0.0,0,0,0,0,47.0,175.0,0,0,0,0,0,0,0,0,1.0,134.5,47.0,175.0,0,0,0,0,0,0,1,47,1,175,-1,-1,0,20,0.0,0.0,0.0,0.0,0.0,0.0,0.0,0.0
53936,443,6,12.0,0.0,6.0,6.0,6.0,0.0,0.0,0.0,0.0,0.0,3.0,0.0,3.0,3.0,3.0,3.0,0.0,3.0,3.0,0.0,0.0,0.0,0.0,0.0,0,0,0,0,6.0,6.0,1,0,0,0,0,0,0,0,0.0,9.0,6.0,0.0,0,0,0,0,0,0,2,12,0,0,0,-1,1,20,0.0,0.0,0.0,0.0,0.0,0.0,0.0,0.0
443,57903,6,37.0,0.0,37.0,0.0,18.5,26.163,0.0,0.0,0.0,0.0,3.0,0.0,3.0,3.0,3.0,3.0,0.0,3.0,3.0,0.0,0.0,0.0,0.0,0.0,1,0,0,0,0.0,37.0,0,1,0,0,1,0,0,0,0.0,37.0,18.5,0.0,0,0,0,0,0,0,2,37,0,0,114,-1,0,32,0.0,0.0,0.0,0.0,0.0,0.0,0.0,0.0
443,63962,6,37.0,0.0,31.0,6.0,18.5,17.6777,0.0,0.0,0.0,0.0,3.0,0.0,3.0,3.0,3.0,3.0,0.0,3.0,3.0,0.0,0.0,0.0,0.0,0.0,1,0,0,0,6.0,31.0,0,1,0,0,1,0,0,0,0.0,34.0,18.5,0.0,0,0,0,0,0,0,2,37,0,0,110,-1,1,20,0.0,0.0,0.0,0.0,0.0,0.0,0.0,0.0
443,57818,6,6.0,6.0,6.0,6.0,6.0,0.0,6.0,6.0,6.0,0.0,1504.0,0.0,1504.0,1504.0,0.0,0.0,0.0,0.0,0.0,0.0,0.0,0.0,0.0,0.0,0,0,0,0,6.0,6.0,0,0,0,0,1,1,0,0,1.0,9.0,6.0,6.0,0,0,0,0,0,0,1,6,1,6,1086,65535,0,20,0.0,0.0,0.0,0.0,0.0,0.0,0.0,0.0
18398,53,17,74.0,230.0,37.0,37.0,37.0,0.0,115.0,115.0,115.0,0.0,20342.0,35231.75,61026.0,48.0,48.0,48.0,0.0,48.0,48.0,48.0,48.0,0.0,48.0,48.0,0,0,0,0,37.0,115.0,0,0,0,0,0,0,0,0,1.0,85.25,37.0,115.0,0,0,0,0,0,0,2,74,2,230,-1,-1,1,32,0.0,0.0,0.0,0.0,0.0,0.0,0.0,0.0
42056,80,6,436.0,746.0,436.0,0.0,147.3333,250.0107,746.0,0.0,149.0,400.0,24921.4,16221.161,29510.0,4.0,40905.0,20452.5,396.841,29691.0,23323.0,41371.0,49471.0,0.0,41371.0,41371.0,0,0,0,0,0.0,746.0,0,0,0,1,0,0,0,0,0.0,140.25,147.3333,149.0,0,0,0,0,0,0,3,436,2,746,29200,35,1,32,0.0,0.0,0.0,0.0,0.0,0.0,0.0,0.0
61017,53,17,43.0,91.0,43.0,43.0,43.0,0.0,91.0,91.0,91.0,0.0,60786.0,0.0,60786.0,60786.0,0.0,0.0,0.0,0.0,0.0,0.0,0.0,0.0,0.0,0.0,0,0,0,0,43.0,91.0,0,0,0,0,0,0,0,0,1.0,88.5,43.0,91.0,0,0,0,0,0,0,1,43,1,91,-1,-1,0,44,0.0,0.0,0.0,0.0,0.0,0.0,0.0,0.0
58408,443,6,991.0,6063.0,453.0,0.0,77.4286,135.8169,2303.0,0.0,504.1,801.5678,9644.0,18871.353,54794.0,3.0,209599.0,12562.91,22133.091,54744.0,3.0,166541.0,22662.85,27575.054,59968.0,3.0,0,0,0,0,0.0,2303.0,0,0,0,1,0,0,0,0,0.0,259.5562,77.4286,504.1,0,0,0,0,0,0,14,991,10,6063,65535,346,6,32,0.0,0.0,0.0,0.0,0.0,0.0,0.0,0.0
49347,53,17,72.0,196.0,36.0,36.0,36.0,0.0,98.0,98.0,98.0,0.0,55.66,97.572,160.0,3.0,3.0,3.0,0.0,3.0,3.0,4.0,4.0,0.0,4.0,4.0,0,0,0,0,36.0,98.0,0,0,0,0,0,0,0,0,1.0,76.0,36.0,98.0,0,0,0,0,0,0,2,72,2,196,-1,-1,1,32,0.0,0.0,0.0,0.0,0.0,0.0,0.0,0.0
27039,53,17,60.0,264.0,30.0,30.0,30.0,0.0,132.0,132.0,132.0,0.0,58.33,62.657,123.0,3.0,3.0,3.0,0.0,3.0,3.0,48.0,48.0,0.0,48.0,48.0,0,0,0,0,30.0,132.0,0,0,0,0,0,0,0,0,1.0,88.5,30.0,132.0,0,0,0,0,0,0,2,60,2,264,-1,-1,1,32,0.0,0.0,0.0,0.0,0.0,0.0,0.0,0.0
80,47245,6,0.0,0.0,0.0,0.0,0.0,0.0,0.0,0.0,0.0,0.0,59.0,0.0,59.0,59.0,0.0,0.0,0.0,0.0,0.0,0.0,0.0,0.0,0.0,0.0,0,0,0,0,0.0,0.0,0,0,0,0,1,1,0,0,1.0,0.0,0.0,0.0,0,0,0,0,0,0,1,0,1,0,1006,241,0,32,0.0,0.0,0.0,0.0,0.0,0.0,0.0,0.0
60696,443,6,1236.0,3620.0,476.0,0.0,124.5556,178.1004,1615.0,2.0,302.0,579.1964,1685368.44,9988799.463,47639599.0,6.0,62808467.0,3523907.32,13071309.838,47639599.0,160.0,62695760.0,3219104.88,14343060.654,47627456.0,214.0,0,0,0,0,0.0,1615.0,0,0,0,1,0,0,0,0,0.0,234.5323,124.5556,302.0,0,0,0,0,0,0,12,1236,10,3620,8192,38788,9,20,554925.0,893671.824,1101001.0,41571.0,31384887.5,17293866.179,47639596.0,16994205.0
63008,443,6,10873.0,3942.0,2741.0,0.0,948.56,1087.518,1172.0,0.0,207.6667,442.714,615383.18,2538749.184,9885716.0,18.0,9042430.0,1220605.0,3437689.688,9885716.0,164.0,10014402.0,1701740.8,3364898.798,9988782.0,221.0,0,0,0,0,0.0,2741.0,0,0,0,1,0,0,0,0,0.0,442.8292,948.56,207.6667,0,0,0,0,0,0,12,10873,6,3942,8192,173,11,20,0.0,0.0,0.0,0.0,0.0,0.0,0.0,0.0
60245,53,17,146.0,649.0,34.0,33.0,34.0,5.3853,137.0,122.0,129.3333,19.4453,5064126.71,14569261.676,25703729.0,30603.0,26138557.0,5062112.33,16981361.574,25736293.0,3.0,25052425.0,18452412.5,17562480.72,25753411.0,3.0,0,0,0,0,33.0,137.0,0,0,0,0,0,0,0,0,1.0,83.6667,34.0,129.3333,0,0,0,0,0,0,4,146,3,649,-1,-1,3,20,41863.66,0.0,41863.0,41863.0,25703782.0,0.0,25703782.0,25703782.0
46352,22,6,0.0,0.0,0.0,0.0,0.0,0.0,0.0,0.0,0.0,0.0,150.0,0.0,150.0,150.0,0.0,0.0,0.0,0.0,0.0,0.0,0.0,0.0,0.0,0.0,0,0,0,0,0.0,0.0,0,0,0,0,1,1,0,0,1.0,0.0,0.0,0.0,0,0,0,0,0,0,1,0,1,0,290,243,0,32,0.0,0.0,0.0,0.0,0.0,0.0,0.0,0.0
63365,53,17,68.0,100.0,34.0,34.0,34.0,0.0,50.0,50.0,50.0,0.0,67.33,72.568,147.0,3.0,4.0,4.0,0.0,4.0,4.0,48.0,48.0,0.0,48.0,48.0,0,0,0,0,34.0,50.0,0,0,0,0,0,0,0,0,1.0,50.5,34.0,50.0,0,0,0,0,0,0,2,68,2,100,-1,-1,1,20,0.0,0.0,0.0,0.0,0.0,0.0,0.0,0.0
49646,443,6,12280.0,85586.0,893.0,0.0,178.8,281.1429,1269.0,0.0,783.9545,662.7909,913352.59,6283652.504,46708241.0,0.0,49095826.0,1779914.05,8861833.224,46708341.0,3.0,9090968.0,99468.2,480209.562,3044229.0,1.0,0,0,0,0,0.0,1269.0,0,0,0,1,0,0,0,0,1.0,1217.8895,178.8,783.9545,0,0,0,0,0,0,75,12280,69,85586,8192,211,174,20,3632115.0,3100000.0,3632115.0,3632115.0,46708294.0,0.0,46708294.0,46708294.0
62834,53,17,65.0,121.0,65.0,65.0,65.0,0.0,121.0,121.0,121.0,0.0,61346.0,0.0,61346.0,61346.0,0.0,0.0,0.0,0.0,0.0,0.0,0.0,0.0,0.0,0.0,0,0,0,0,65.0,121.0,0,0,0,0,0,0,0,0,1.0,125.5,65.0,121.0,0,0,0,0,0,0,1,65,1,121,-1,-1,0,32,0.0,0.0,0.0,0.0,0.0,0.0,0.0,0.0
443,2547,6,37.0,0.0,31.0,6.0,18.5,17.6777,0.0,0.0,0.0,0.0,3.0,0.0,3.0,3.0,3.0,3.0,0.0,3.0,3.0,0.0,0.0,0.0,0.0,0.0,1,0,0,0,6.0,31.0,0,1,0,0,1,0,0,0,0.0,34.0,18.5,0.0,0,0,0,0,0,0,2,37,0,0,946,-1,1,20,0.0,0.0,0.0,0.0,0.0,0.0,0.0,0.0
61152,53,17,82.0,114.0,41.0,41.0,41.0,0.0,57.0,57.0,57.0,0.0,49.0,32.526,94.0,4.0,4.0,4.0,0.0,4.0,4.0,49.0,49.0,0.0,49.0,49.0,0,0,0,0,41.0,57.0,0,0,0,0,0,0,0,0,1.0,59.25,41.0,57.0,0,0,0,0,0,0,2,82,2,114,-1,-1,1,32,0.0,0.0,0.0,0.0,0.0,0.0,0.0,0.0
50244,80,6,431.0,2267.0,431.0,0.0,143.6667,248.838,2267.0,0.0,566.75,1133.5,13392.33,16536.892,32538.0,4.0,32134.0,16567.0,20155.444,32515.0,141.0,30173.0,10084.33,23808.374,39496.0,4.0,0,0,0,0,0.0,2267.0,0,0,0,1,0,0,0,0,1.0,385.4286,143.6667,566.75,0,0,0,0,0,0,3,431,4,2267,29200,235,1,32,0.0,0.0,0.0,0.0,0.0,0.0,0.0,0.0
35402,53,17,92.0,248.0,46.0,46.0,46.0,0.0,124.0,124.0,124.0,0.0,68.0,112.563,202.0,1.0,1.0,1.0,0.0,1.0,1.0,1.0,1.0,0.0,1.0,1.0,0,0,0,0,46.0,124.0,0,0,0,0,0,0,0,0,1.0,96.5,46.0,124.0,0,0,0,0,0,0,2,92,2,248,-1,-1,1,32,0.0,0.0,0.0,0.0,0.0,0.0,0.0,0.0
58235,443,6,18.0,0.0,6.0,6.0,6.0,0.0,0.0,0.0,0.0,0.0,59.33,63.013,123.0,3.0,209.0,104.5,193.67,106.0,3.0,0.0,0.0,0.0,0.0,0.0,0,0,0,0,0.0,6.0,1,0,0,0,0,0,0,0,0.0,6.0,6.0,0.0,0,0,0,0,0,0,3,18,1,0,0,972,2,20,0.0,0.0,0.0,0.0,0.0,0.0,0.0,0.0
52661,53,17,84.0,204.0,42.0,42.0,42.0,0.0,102.0,102.0,102.0,0.0,56.66,94.036,164.0,4.0,4.0,4.0,0.0,4.0,4.0,4.0,4.0,0.0,4.0,4.0,0,0,0,0,42.0,102.0,0,0,0,0,0,0,0,0,1.0,82.5,42.0,102.0,0,0,0,0,0,0,2,84,2,204,-1,-1,1,20,0.0,0.0,0.0,0.0,0.0,0.0,0.0,0.0
52419,53,17,70.0,250.0,35.0,35.0,35.0,0.0,125.0,125.0,125.0,0.0,20181.66,34929.689,60594.0,3.0,3.0,3.0,0.0,3.0,3.0,3.0,3.0,0.0,3.0,3.0,0,0,0,0,35.0,125.0,0,0,0,0,0,0,0,0,1.0,88.75,35.0,125.0,0,0,0,0,0,0,2,70,2,250,-1,-1,1,20,0.0,0.0,0.0,0.0,0.0,0.0,0.0,0.0
58190,53,17,74.0,262.0,37.0,37.0,37.0,0.0,131.0,131.0,131.0,0.0,21305.33,37578.471,63907.0,3.0,3.0,3.0,0.0,3.0,3.0,3.0,3.0,0.0,3.0,3.0,0,0,0,0,37.0,131.0,0,0,0,0,0,0,0,0,1.0,93.25,37.0,131.0,0,0,0,0,0,0,2,74,2,262,-1,-1,1,32,0.0,0.0,0.0,0.0,0.0,0.0,0.0,0.0
443,63803,6,12.0,0.0,6.0,6.0,6.0,0.0,0.0,0.0,0.0,0.0,256.0,0.0,256.0,256.0,256.0,256.0,0.0,256.0,256.0,0.0,0.0,0.0,0.0,0.0,0,0,0,0,6.0,6.0,0,0,0,0,1,0,0,0,0.0,9.0,6.0,0.0,0,0,0,0,0,0,2,12,0,0,30,-1,1,20,0.0,0.0,0.0,0.0,0.0,0.0,0.0,0.0
60643,53,17,54.0,70.0,54.0,54.0,54.0,0.0,70.0,70.0,70.0,0.0,50722.0,0.0,50722.0,50722.0,0.0,0.0,0.0,0.0,0.0,0.0,0.0,0.0,0.0,0.0,0,0,0,0,54.0,70.0,0,0,0,0,0,0,0,0,1.0,89.0,54.0,70.0,0,0,0,0,0,0,1,54,1,70,-1,-1,0,40,0.0,0.0,0.0,0.0,0.0,0.0,0.0,0.0
443,58272,6,0.0,0.0,0.0,0.0,0.0,0.0,0.0,0.0,0.0,0.0,38.0,0.0,38.0,38.0,0.0,0.0,0.0,0.0,0.0,0.0,0.0,0.0,0.0,0.0,0,0,0,0,0.0,0.0,0,0,0,0,1,0,0,0,1.0,0.0,0.0,0.0,0,0,0,0,0,0,1,0,1,0,174,65561,0,32,0.0,0.0,0.0,0.0,0.0,0.0,0.0,0.0
2013,443,6,1276.0,221092.0,1005.0,6.0,18.6181,33.0428,4380.0,6.0,1973.2252,1325.2069,2008.39,6840.57,58999.0,0.0,166107.0,5623.02,7994.205,53819.0,1.0,195463.0,861.89,5096.262,50514.0,1.0,0,0,0,0,6.0,4380.0,0,0,0,0,1,0,0,0,3.0,1150.1067,18.6181,1973.2252,0,0,0,0,0,0,328,1276,123,221092,64243,1292,227,20,0.0,0.0,0.0,0.0,0.0,0.0,0.0,0.0
51234,53,17,84.0,162.0,42.0,42.0,42.0,0.0,81.0,81.0,81.0,0.0,16004.0,27755.936,48005.0,4.0,4.0,4.0,0.0,4.0,4.0,4.0,4.0,0.0,4.0,4.0,0,0,0,0,42.0,81.0,0,0,0,0,0,0,0,0,1.0,72.0,42.0,81.0,0,0,0,0,0,0,2,84,2,162,-1,-1,1,32,0.0,0.0,0.0,0.0,0.0,0.0,0.0,0.0
63441,443,6,4323.0,1858.0,2105.0,0.0,370.8333,809.4678,704.0,0.0,207.3636,301.4393,1560488.17,3516448.318,10000207.0,3.0,30261524.0,2327938.4,4189396.927,10052388.0,50.0,30076548.0,3701523.5,4940592.957,10052198.0,3.0,0,0,0,0,0.0,2105.0,0,0,0,1,0,0,0,0,1.0,334.5,370.8333,207.3636,0,0,0,0,0,0,12,4323,11,1858,8192,1168,11,20,382156.0,545396.25,676933.0,33521.0,9977036.0,27303.171,10000200.0,9791598.0
53613,443,6,1675.0,3634.0,901.0,0.0,347.6667,386.4289,1430.0,0.0,406.1667,634.8559,8557.27,12634.331,36682.0,4.0,56756.0,10722.2,13365.918,38211.0,172.0,51699.0,9573.8,14840.151,26714.0,4.0,0,0,0,0,0.0,1430.0,0,0,0,1,0,0,0,0,1.0,407.375,347.6667,406.1667,0,0,0,0,0,0,6,1675,6,3634,8192,364,5,20,0.0,0.0,0.0,0.0,0.0,0.0,0.0,0.0
443,55809,6,50.0,6.0,38.0,6.0,16.6667,18.4752,6.0,6.0,6.0,0.0,4947.66,7720.075,14894.0,3.0,14993.0,4496.5,9310.539,14998.0,3.0,0.0,0.0,0.0,0.0,0.0,0,0,0,0,6.0,38.0,0,0,0,0,1,0,0,0,0.0,15.5,16.6667,6.0,0,0,0,0,0,0,3,50,1,6,351,0,2,20,0.0,0.0,0.0,0.0,0.0,0.0,0.0,0.0
51626,53,17,74.0,178.0,37.0,37.0,37.0,0.0,89.0,89.0,89.0,0.0,7978.33,13742.63,23939.0,3.0,3.0,3.0,0.0,3.0,3.0,3.0,3.0,0.0,3.0,3.0,0,0,0,0,37.0,89.0,0,0,0,0,0,0,0,0,1.0,72.25,37.0,89.0,0,0,0,0,0,0,2,74,2,178,-1,-1,1,32,0.0,0.0,0.0,0.0,0.0,0.0,0.0,0.0
45028,443,6,1329.0,5353.0,517.0,0.0,85.375,158.4278,1719.0,0.0,339.1429,631.1616,162033.4,721064.984,3999741.0,1.0,123430.0,21483.35,26145.772,67969.0,21.0,4082603.0,313010.52,1027441.462,3999071.0,1.0,0,0,0,0,0.0,1719.0,0,0,0,1,0,0,0,0,1.0,203.6812,85.375,339.1429,0,0,0,0,0,0,16,1329,14,5353,29200,249,7,32,0.0,0.0,0.0,0.0,0.0,0.0,0.0,0.0
60510,53,17,53.0,85.0,53.0,53.0,53.0,0.0,85.0,85.0,85.0,0.0,136949.0,0.0,136949.0,136949.0,0.0,0.0,0.0,0.0,0.0,0.0,0.0,0.0,0.0,0.0,0,0,0,0,53.0,85.0,0,0,0,0,0,0,0,0,1.0,95.5,53.0,85.0,0,0,0,0,0,0,1,53,1,85,-1,-1,0,32,0.0,0.0,0.0,0.0,0.0,0.0,0.0,0.0
60558,53,17,58.0,159.0,58.0,58.0,58.0,0.0,159.0,159.0,159.0,0.0,50548.0,0.0,50548.0,50548.0,0.0,0.0,0.0,0.0,0.0,0.0,0.0,0.0,0.0,0.0,0,0,0,0,58.0,159.0,0,0,0,0,0,0,0,0,1.0,157.5,58.0,159.0,0,0,0,0,0,0,1,58,1,159,-1,-1,0,20,0.0,0.0,0.0,0.0,0.0,0.0,0.0,0.0
443,48321,6,0.0,0.0,0.0,0.0,0.0,0.0,0.0,0.0,0.0,0.0,59.0,0.0,59.0,59.0,0.0,0.0,0.0,0.0,0.0,0.0,0.0,0.0,0.0,0.0,0,0,0,0,0.0,0.0,0,0,0,0,1,1,0,0,1.0,0.0,0.0,0.0,0,0,0,0,0,0,1,0,1,0,357,304,0,32,0.0,0.0,0.0,0.0,0.0,0.0,0.0,0.0
33034,443,17,2007.0,777.0,1516.0,0.0,281.25,604.6434,448.0,0.0,110.4,149.9838,443361.66,1233987.445,4949375.0,3.0,5041882.0,743614.44,1825344.7,4949775.0,177.0,5087061.0,737640.75,1489565.251,4999815.0,3.0,0,0,0,0,0.0,1516.0,0,0,0,1,0,0,0,0,1.0,236.3,281.25,110.4,0,0,0,0,0,0,8,2007,5,777,29200,10297,7,20,0.0,0.0,0.0,0.0,0.0,0.0,0.0,0.0
46707,443,6,12.0,0.0,6.0,6.0,6.0,0.0,0.0,0.0,0.0,0.0,4.0,0.0,4.0,4.0,4.0,4.0,0.0,4.0,4.0,0.0,0.0,0.0,0.0,0.0,0,0,0,0,6.0,6.0,1,0,0,0,0,0,0,0,0.0,9.0,6.0,0.0,0,0,0,0,0,0,2,12,0,0,0,-1,1,20,0.0,0.0,0.0,0.0,0.0,0.0,0.0,0.0
60585,53,17,90.0,199.0,40.0,40.0,45.0,2.8284,112.0,73.0,99.5,26.7703,9504081.66,16320480.928,27756797.0,48553.0,27704624.0,27704624.0,0.0,27704624.0,27704624.0,27745221.0,27745221.0,0.0,27745221.0,27745221.0,0,0,0,0,40.0,112.0,0,0,0,0,0,0,0,0,1.0,89.3333,45.0,99.5,0,0,0,0,0,0,2,90,2,199,-1,-1,1,20,30491.0,0.0,30491.0,30491.0,27756701.0,0.0,27756701.0,27756701.0
34432,80,6,0.0,0.0,0.0,0.0,0.0,0.0,0.0,0.0,0.0,0.0,25086.0,0.0,25086.0,25086.0,0.0,0.0,0.0,0.0,0.0,0.0,0.0,0.0,0.0,0.0,0,0,0,0,0.0,0.0,0,0,0,0,1,1,0,0,1.0,0.0,0.0,0.0,0,0,0,0,0,0,1,0,1,0,416,939,0,32,0.0,0.0,0.0,0.0,0.0,0.0,0.0,0.0
54315,53,17,108.0,216.0,54.0,54.0,54.0,0.0,108.0,108.0,108.0,0.0,46.0,71.983,131.0,4.0,4.0,4.0,0.0,4.0,4.0,4.0,4.0,0.0,4.0,4.0,0,0,0,0,54.0,108.0,0,0,0,0,0,0,0,0,1.0,99.5,54.0,108.0,0,0,0,0,0,0,2,108,2,216,-1,-1,1,20,0.0,0.0,0.0,0.0,0.0,0.0,0.0,0.0
51484,80,6,434.0,2279.0,428.0,0.0,144.6667,244.3322,2267.0,0.0,569.75,1131.5035,11680.25,17119.838,32036.0,4.0,33111.0,16555.5,22059.396,32138.0,187.0,35812.0,11300.33,16937.185,36204.0,4.0,0,0,0,0,0.0,2267.0,0,0,0,1,0,0,0,0,1.0,387.5771,144.6667,569.75,0,0,0,0,0,0,3,434,4,2279,8192,237,2,20,0.0,0.0,0.0,0.0,0.0,0.0,0.0,0.0
63943,53,17,70.0,254.0,35.0,35.0,35.0,0.0,127.0,127.0,127.0,0.0,66.0,109.019,192.0,3.0,3.0,3.0,0.0,3.0,3.0,3.0,3.0,0.0,3.0,3.0,0,0,0,0,35.0,127.0,0,0,0,0,0,0,0,0,1.0,89.75,35.0,127.0,0,0,0,0,0,0,2,70,2,254,-1,-1,1,32,0.0,0.0,0.0,0.0,0.0,0.0,0.0,0.0
61389,53,17,49.0,240.0,49.0,49.0,49.0,0.0,240.0,240.0,240.0,0.0,90566.0,0.0,90566.0,90566.0,0.0,0.0,0.0,0.0,0.0,0.0,0.0,0.0,0.0,0.0,0,0,0,0,49.0,240.0,0,0,0,0,0,0,0,0,1.0,179.0,49.0,240.0,0,0,0,0,0,0,1,49,1,240,-1,-1,0,44,0.0,0.0,0.0,0.0,0.0,0.0,0.0,0.0
56411,443,6,12.0,0.0,6.0,6.0,6.0,0.0,0.0,0.0,0.0,0.0,3.0,0.0,3.0,3.0,3.0,3.0,0.0,3.0,3.0,0.0,0.0,0.0,0.0,0.0,0,0,0,0,6.0,6.0,1,0,0,0,0,0,0,0,0.0,9.0,6.0,0.0,0,0,0,0,0,0,2,12,0,0,0,-1,1,20,0.0,0.0,0.0,0.0,0.0,0.0,0.0,0.0
52146,53,17,90.0,164.0,45.0,45.0,45.0,0.0,82.0,82.0,82.0,0.0,45.0,75.993,134.0,3.0,4.0,4.0,0.0,4.0,4.0,3.0,3.0,0.0,3.0,3.0,0,0,0,0,45.0,82.0,0,0,0,0,0,0,0,0,1.0,74.75,45.0,82.0,0,0,0,0,0,0,2,90,2,164,-1,-1,1,32,0.0,0.0,0.0,0.0,0.0,0.0,0.0,0.0
57740,443,6,713.0,28340.0,359.0,0.0,24.3077,73.1828,1418.0,0.0,1038.3348,558.7055,1997312.57,10734262.743,58910957.0,1.0,118802746.0,4329155.39,14808954.738,58910952.0,16.0,118641737.0,3755422.45,15185859.375,59011156.0,1.0,0,0,0,0,0.0,1418.0,0,0,0,1,0,0,0,0,0.0,576.8429,24.3077,1038.3348,0,0,0,0,0,0,33,713,23,28340,29200,357,5,32,280459.0,234982.77,480081.0,86883.0,58701685.0,30600.358,58910950.0,58974271.0
58963,53,17,148.0,338.0,74.0,74.0,74.0,0.0,169.0,169.0,169.0,0.0,10339.0,17806.331,30910.0,3.0,3.0,3.0,0.0,3.0,3.0,3.0,3.0,0.0,3.0,3.0,0,0,0,0,74.0,169.0,0,0,0,0,0,0,0,0,1.0,130.0,74.0,169.0,0,0,0,0,0,0,2,148,2,338,-1,-1,1,20,0.0,0.0,0.0,0.0,0.0,0.0,0.0,0.0
56598,53,17,84.0,284.0,42.0,42.0,42.0,0.0,142.0,142.0,142.0,0.0,15807.0,27325.728,47417.0,3.0,4.0,4.0,0.0,4.0,4.0,3.0,3.0,0.0,3.0,3.0,0,0,0,0,42.0,142.0,0,0,0,0,0,0,0,0,1.0,102.5,42.0,142.0,0,0,0,0,0,0,2,84,2,284,-1,-1,1,20,0.0,0.0,0.0,0.0,0.0,0.0,0.0,0.0
60882,53,17,58.0,74.0,58.0,58.0,58.0,0.0,74.0,74.0,74.0,0.0,47200.0,0.0,47200.0,47200.0,0.0,0.0,0.0,0.0,0.0,0.0,0.0,0.0,0.0,0.0,0,0,0,0,58.0,74.0,0,0,0,0,0,0,0,0,1.0,95.0,58.0,74.0,0,0,0,0,0,0,1,58,1,74,-1,-1,0,20,0.0,0.0,0.0,0.0,0.0,0.0,0.0,0.0
53632,53,17,68.0,388.0,34.0,34.0,34.0,0.0,194.0,194.0,194.0,0.0,10353.33,17906.924,31002.0,3.0,4.0,4.0,0.0,4.0,4.0,3.0,3.0,0.0,3.0,3.0,0,0,0,0,34.0,194.0,0,0,0,0,0,0,0,0,1.0,122.5,34.0,194.0,0,0,0,0,0,0,2,68,2,388,-1,-1,1,20,0.0,0.0,0.0,0.0,0.0,0.0,0.0,0.0
37845,53,17,46.0,78.0,23.0,23.0,23.0,0.0,39.0,39.0,39.0,0.0,7832.66,13586.113,23559.0,3.0,4.0,4.0,0.0,4.0,4.0,3.0,3.0,0.0,3.0,3.0,0,0,0,0,23.0,39.0,0,0,0,0,0,0,0,0,1.0,36.75,23.0,39.0,0,0,0,0,0,0,2,46,2,78,-1,-1,1,20,0.0,0.0,0.0,0.0,0.0,0.0,0.0,0.0
56242,443,6,18.0,0.0,6.0,6.0,6.0,0.0,0.0,0.0,0.0,0.0,78.33,132.518,231.0,3.0,237.0,118.5,162.478,231.0,3.0,0.0,0.0,0.0,0.0,0.0,0,0,0,0,0.0,6.0,1,0,0,0,0,0,0,0,0.0,6.0,6.0,0.0,0,0,0,0,0,0,3,18,1,0,0,1118,2,20,0.0,0.0,0.0,0.0,0.0,0.0,0.0,0.0
51481,443,6,589.0,4113.0,194.0,0.0,48.4348,72.8295,1430.0,0.0,352.5,593.9978,4947370.26,15471593.642,58933940.0,1.0,117589284.0,9594127.27,22003139.876,58933940.0,639.0,117517682.0,8716718.57,21113655.369,59001376.0,1.0,0,0,0,0,0.0,1430.0,0,0,0,1,0,0,0,0,0.0,198.2383,48.4348,352.5,0,0,0,0,0,0,13,589,12,4113,8192,343,12,20,123728.0,0.0,123728.0,123728.0,158933943.0,0.0,158933943.0,158933943.0
64723,443,6,12.0,0.0,6.0,6.0,6.0,0.0,0.0,0.0,0.0,0.0,139.0,0.0,139.0,139.0,139.0,139.0,0.0,139.0,139.0,0.0,0.0,0.0,0.0,0.0,0,0,0,0,6.0,6.0,0,0,0,0,1,0,0,0,0.0,9.0,6.0,0.0,0,0,0,0,0,0,2,12,0,0,258,-1,1,20,0.0,0.0,0.0,0.0,0.0,0.0,0.0,0.0
44800,443,6,946.0,6025.0,681.0,0.0,88.2222,187.6433,1448.0,0.0,708.75,654.913,36646.25,68298.791,284684.0,3.0,687209.0,67694.8,94513.211,284686.0,3.0,583910.0,61262.44,118191.62,299012.0,50.0,0,0,0,0,0.0,1448.0,0,0,0,1,0,0,0,0,0.0,354.0333,88.2222,708.75,0,0,0,0,0,0,11,946,8,6025,29200,115,3,32,0.0,0.0,0.0,0.0,0.0,0.0,0.0,0.0
80,55156,6,6.0,6.0,6.0,6.0,6.0,0.0,6.0,6.0,6.0,0.0,56.0,0.0,56.0,56.0,0.0,0.0,0.0,0.0,0.0,0.0,0.0,0.0,0.0,0.0,0,0,0,0,6.0,6.0,0,0,0,0,1,1,0,0,1.0,9.0,6.0,6.0,0,0,0,0,0,0,1,6,1,6,913,256,0,20,0.0,0.0,0.0,0.0,0.0,0.0,0.0,0.0
58242,80,6,12.0,0.0,6.0,6.0,6.0,0.0,0.0,0.0,0.0,0.0,196.0,0.0,196.0,196.0,196.0,196.0,0.0,196.0,196.0,0.0,0.0,0.0,0.0,0.0,0,0,0,0,6.0,6.0,0,0,0,0,1,0,0,0,0.0,9.0,6.0,0.0,0,0,0,0,0,0,2,12,0,0,64240,-1,1,20,0.0,0.0,0.0,0.0,0.0,0.0,0.0,0.0
59994,53,17,70.0,226.0,35.0,35.0,35.0,0.0,113.0,113.0,113.0,0.0,64.66,62.293,133.0,4.0,12.0,12.0,0.0,12.0,12.0,48.0,48.0,0.0,48.0,48.0,0,0,0,0,35.0,113.0,0,0,0,0,0,0,0,0,1.0,82.75,35.0,113.0,0,0,0,0,0,0,2,70,2,226,-1,-1,1,20,0.0,0.0,0.0,0.0,0.0,0.0,0.0,0.0
19609,53,17,92.0,248.0,46.0,46.0,46.0,0.0,124.0,124.0,124.0,0.0,99.33,170.191,291.0,1.0,1.0,1.0,0.0,1.0,1.0,1.0,1.0,0.0,1.0,1.0,0,0,0,0,46.0,124.0,0,0,0,0,0,0,0,0,1.0,96.5,46.0,124.0,0,0,0,0,0,0,2,92,2,248,-1,-1,1,32,0.0,0.0,0.0,0.0,0.0,0.0,0.0,0.0
80,50731,6,6.0,6.0,6.0,6.0,6.0,0.0,6.0,6.0,6.0,0.0,91.0,0.0,91.0,91.0,0.0,0.0,0.0,0.0,0.0,0.0,0.0,0.0,0.0,0.0,0,0,0,0,6.0,6.0,0,0,0,0,1,1,0,0,1.0,9.0,6.0,6.0,0,0,0,0,0,0,1,6,1,6,913,16425,0,20,0.0,0.0,0.0,0.0,0.0,0.0,0.0,0.0
62451,53,17,116.0,397.0,64.0,52.0,58.0,7.0711,187.0,160.0,198.5,17.9635,177742.66,107742.769,228067.0,23249.0,297680.0,297680.0,0.0,297680.0,297680.0,269881.0,269881.0,0.0,269881.0,269881.0,0,0,0,0,52.0,187.0,0,0,0,0,0,0,0,0,1.0,155.75,58.0,198.5,0,0,0,0,0,0,2,116,2,397,-1,-1,1,32,0.0,0.0,0.0,0.0,0.0,0.0,0.0,0.0
58760,53,17,78.0,110.0,39.0,39.0,39.0,0.0,55.0,55.0,55.0,0.0,60.66,103.769,189.0,3.0,3.0,3.0,0.0,3.0,3.0,3.0,3.0,0.0,3.0,3.0,0,0,0,0,39.0,55.0,0,0,0,0,0,0,0,0,1.0,56.75,39.0,55.0,0,0,0,0,0,0,2,78,2,110,-1,-1,1,20,0.0,0.0,0.0,0.0,0.0,0.0,0.0,0.0
443,51560,6,37.0,0.0,37.0,0.0,18.5,26.163,0.0,0.0,0.0,0.0,3.0,0.0,3.0,3.0,3.0,3.0,0.0,3.0,3.0,0.0,0.0,0.0,0.0,0.0,1,0,0,0,0.0,37.0,0,1,0,0,1,0,0,0,0.0,37.0,18.5,0.0,0,0,0,0,0,0,2,37,0,0,120,-1,0,32,0.0,0.0,0.0,0.0,0.0,0.0,0.0,0.0
56011,443,6,0.0,0.0,0.0,0.0,0.0,0.0,0.0,0.0,0.0,0.0,91.0,0.0,91.0,91.0,91.0,91.0,0.0,91.0,91.0,0.0,0.0,0.0,0.0,0.0,0,0,0,0,0.0,0.0,0,0,0,0,1,0,0,0,0.0,0.0,0.0,0.0,0,0,0,0,0,0,2,0,0,0,49836,-1,0,32,0.0,0.0,0.0,0.0,0.0,0.0,0.0,0.0
40967,80,6,0.0,0.0,0.0,0.0,0.0,0.0,0.0,0.0,0.0,0.0,1734646.0,2932007.945,5154924.0,62.0,183894.0,183894.0,0.0,183804.0,183894.0,5198906.0,5198906.0,0.0,5198906.0,5198906.0,0,0,0,0,0.0,0.0,0,0,0,1,0,0,0,0,1.0,0.0,0.0,0.0,0,0,0,0,0,0,2,0,2,0,29200,227,0,32,0.0,0.0,0.0,0.0,0.0,0.0,0.0,0.0
55552,443,6,12.0,0.0,6.0,6.0,6.0,0.0,0.0,0.0,0.0,0.0,99.0,0.0,99.0,99.0,99.0,99.0,0.0,99.0,99.0,0.0,0.0,0.0,0.0,0.0,0,0,0,0,6.0,6.0,0,0,0,0,1,0,0,0,0.0,9.0,6.0,0.0,0,0,0,0,0,0,2,12,0,0,254,-1,1,20,0.0,0.0,0.0,0.0,0.0,0.0,0.0,0.0
10840,53,17,96.0,356.0,48.0,48.0,48.0,0.0,178.0,178.0,178.0,0.0,28233.0,49889.936,84690.0,0.0,0.0,0.0,0.0,0.0,0.0,48.0,48.0,0.0,48.0,48.0,0,0,0,0,48.0,178.0,0,0,0,0,0,0,0,0,1.0,125.0,48.0,178.0,0,0,0,0,0,0,2,96,2,356,-1,-1,1,32,0.0,0.0,0.0,0.0,0.0,0.0,0.0,0.0
443,58639,6,0.0,0.0,0.0,0.0,0.0,0.0,0.0,0.0,0.0,0.0,84.0,0.0,84.0,84.0,0.0,0.0,0.0,0.0,0.0,0.0,0.0,0.0,0.0,0.0,0,0,0,0,0.0,0.0,0,0,0,0,1,0,0,0,1.0,0.0,0.0,0.0,0,0,0,0,0,0,1,0,1,0,114,33304,0,32,0.0,0.0,0.0,0.0,0.0,0.0,0.0,0.0
49297,53,17,80.0,112.0,40.0,40.0,40.0,0.0,56.0,56.0,56.0,0.0,57.0,50.345,9122.0,3.0,3.0,3.0,0.0,3.0,3.0,49.0,49.0,0.0,49.0,49.0,0,0,0,0,40.0,56.0,0,0,0,0,0,0,0,0,1.0,58.0,40.0,56.0,0,0,0,0,0,0,2,80,2,112,-1,-1,1,32,0.0,0.0,0.0,0.0,0.0,0.0,0.0,0.0
50727,443,6,1324.0,4137.0,758.0,0.0,161.0,278.9397,1550.0,0.0,516.8333,728.1385,4392922.95,12512828.045,45002336.0,89.0,90258639.0,10029248.12,18028272.947,45021101.0,187.0,90156226.0,11663169.75,17411442.594,45027695.0,220.0,0,0,0,0,0.0,1550.0,0,0,0,1,0,0,0,0,1.0,369.2075,161.0,516.8333,0,0,0,0,0,0,9,1324,9,4137,8192,119,8,20,105034.0,136094.522,274143.0,50610.0,45003194.0,5468.646,45002331.0,45002897.0
443,53734,6,6.0,6.0,6.0,6.0,6.0,0.0,6.0,6.0,6.0,0.0,95.0,0.0,95.0,95.0,0.0,0.0,0.0,0.0,0.0,0.0,0.0,0.0,0.0,0.0,0,0,0,0,6.0,6.0,0,0,0,0,1,0,0,0,1.0,9.0,6.0,6.0,0,0,0,0,0,0,1,6,1,6,32,32850,0,20,0.0,0.0,0.0,0.0,0.0,0.0,0.0,0.0
51029,443,6,2183.0,53691.0,409.0,0.0,55.8913,135.357,4144.0,0.0,1716.7143,1127.1762,1141868.82,8334668.519,58269390.0,0.0,66339022.0,2134706.91,12984181.693,58265600.0,1.0,66088482.0,1052933.3,11828248.876,58202196.0,48.0,0,0,0,0,0.0,4144.0,0,0,0,1,0,0,0,0,1.0,1093.0311,55.8913,1716.7143,0,0,0,0,0,0,63,2183,99,53691,65535,298,16,32,498314.0,0.0,498314.0,498314.0,58269336.0,0.0,58269336.0,58269336.0
59457,443,6,713.0,479.0,469.0,0.0,71.3,147.2874,341.0,0.0,95.8,149.5299,7809.85,11092.137,20677.0,19.0,85912.0,9732.88,11505.711,49376.0,19.0,51129.0,12682.25,13475.387,20036.0,417.0,0,0,0,0,0.0,469.0,0,0,0,1,0,0,0,0,0.0,79.4667,71.3,95.8,0,0,0,0,0,0,10,713,5,479,65535,972,5,32,0.0,0.0,0.0,0.0,0.0,0.0,0.0,0.0
57930,443,6,8031.0,7814.0,613.0,6.0,231.9048,289.359,58.0,6.0,23.2052,17.3169,1291283.96,8073042.4,58749778.0,1.0,72009320.0,2490306.97,10263028.632,58743513.0,268919.0,59017326.0,2523654.14,10074246.89,58716999.0,1.0,1,0,0,0,6.0,613.0,0,1,0,0,1,0,0,0,1.0,106.5291,231.9048,23.2052,0,0,0,0,0,0,46,8031,47,7814,16389,1745,45,20,1060357.0,1141831.574,3077766.0,50616.0,32346965.5,39720725.297,58749775.0,5835705.0
55072,443,6,698.0,5034.0,517.0,0.0,84.4444,179.2718,1460.0,0.0,862.3333,725.2254,332098.35,1215931.276,4960300.0,3.0,5042034.0,732686.75,1766284.801,4960300.0,3.0,92227.0,18758.4,10465.076,34589.0,50.0,0,0,0,0,0.0,1460.0,0,0,0,1,0,0,0,0,0.0,424.3308,84.4444,862.3333,0,0,0,0,0,0,9,698,6,5034,8192,230,7,20,0.0,0.0,0.0,0.0,0.0,0.0,0.0,0.0
1787,53,17,84.0,204.0,42.0,42.0,42.0,0.0,102.0,102.0,102.0,0.0,64.66,65.408,133.0,4.0,4.0,4.0,0.0,4.0,4.0,48.0,48.0,0.0,48.0,48.0,0,0,0,0,42.0,102.0,0,0,0,0,0,0,0,0,1.0,82.5,42.0,102.0,0,0,0,0,0,0,2,84,2,204,-1,-1,1,32,0.0,0.0,0.0,0.0,0.0,0.0,0.0,0.0
50235,443,6,74.0,0.0,37.0,37.0,37.0,0.0,0.0,0.0,0.0,0.0,64054904.0,0.0,64054904.0,64054904.0,64054904.0,64054904.0,0.0,64054904.0,64054904.0,0.0,0.0,0.0,0.0,0.0,1,0,0,0,37.0,37.0,0,1,0,0,1,1,0,0,0.0,55.5,37.0,0.0,0,0,0,0,0,0,2,74,0,0,65535,-1,1,20,0.0,0.0,0.0,0.0,0.0,0.0,0.0,0.0
62935,443,6,890.0,1471.0,645.0,0.0,89.0,201.1032,1333.0,0.0,294.2,583.7732,20475.14,36292.955,87854.0,10.0,283061.0,31278.77,45888.329,88637.0,49.0,188323.0,44030.75,44580.266,88158.0,216.0,0,0,0,0,0.0,1333.0,0,0,0,1,0,0,0,0,0.0,157.8,89.0,294.2,0,0,0,0,0,0,10,890,5,1471,65535,115,5,32,0.0,0.0,0.0,0.0,0.0,0.0,0.0,0.0
443,41636,6,31.0,0.0,31.0,0.0,10.3333,17.8979,0.0,0.0,0.0,0.0,2.0,1.414,3.0,1.0,4.0,2.0,1.414,3.0,1.0,0.0,0.0,0.0,0.0,0.0,0,0,0,0,0.0,31.0,0,0,0,0,1,0,0,0,0.0,10.3333,10.3333,0.0,0,0,0,0,0,0,3,31,0,0,59,-1,1,32,0.0,0.0,0.0,0.0,0.0,0.0,0.0,0.0
4208,80,6,2579.0,911206.0,319.0,0.0,3.8211,21.5764,4190.0,0.0,1768.1853,916.068,76862.9,765224.561,9777278.0,1.0,16222137.0,697734.41,1330702.549,9797270.0,3.0,11945418.0,137303.88,441081.34,9792055.0,1.0,0,0,0,0,0.0,4190.0,0,0,0,1,0,0,0,0,1.0,1116.1298,3.8211,1768.1853,0,0,0,0,0,0,400,2579,291,611206,8192,1678,109,20,2070226.0,0.0,2070226.0,2070226.0,9777213.0,0.0,9777273.0,9777213.0
38434,53,17,68.0,450.0,34.0,34.0,34.0,0.0,225.0,225.0,225.0,0.0,20573.33,35513.423,61714.0,3.0,3.0,3.0,0.0,3.0,3.0,3.0,3.0,0.0,3.0,3.0,0,0,0,0,34.0,225.0,0,0,0,0,0,0,0,0,1.0,138.0,34.0,225.0,0,0,0,0,0,0,2,68,2,450,-1,-1,1,20,0.0,0.0,0.0,0.0,0.0,0.0,0.0,0.0
60823,53,17,54.0,110.0,54.0,54.0,54.0,0.0,110.0,110.0,110.0,0.0,23707.0,0.0,23707.0,23707.0,0.0,0.0,0.0,0.0,0.0,0.0,0.0,0.0,0.0,0.0,0,0,0,0,54.0,110.0,0,0,0,0,0,0,0,0,1.0,109.0,54.0,110.0,0,0,0,0,0,0,1,54,1,110,-1,-1,0,32,0.0,0.0,0.0,0.0,0.0,0.0,0.0,0.0
443,60061,6,6.0,6.0,6.0,6.0,6.0,0.0,6.0,6.0,6.0,0.0,48.0,0.0,48.0,48.0,0.0,0.0,0.0,0.0,0.0,0.0,0.0,0.0,0.0,0.0,0,0,0,0,6.0,6.0,0,0,0,0,1,1,0,0,1.0,9.0,6.0,6.0,0,0,0,0,0,0,1,6,1,6,31,256,0,20,0.0,0.0,0.0,0.0,0.0,0.0,0.0,0.0
60373,53,17,57.0,185.0,57.0,57.0,57.0,0.0,185.0,185.0,185.0,0.0,146915.0,0.0,146915.0,146915.0,0.0,0.0,0.0,0.0,0.0,0.0,0.0,0.0,0.0,0.0,0,0,0,0,57.0,185.0,0,0,0,0,0,0,0,0,1.0,149.5,57.0,185.0,0,0,0,0,0,0,1,57,1,185,-1,-1,0,20,0.0,0.0,0.0,0.0,0.0,0.0,0.0,0.0
60105,53,17,96.0,168.0,53.0,43.0,48.0,4.2426,116.0,78.0,84.0,34.427,9798346.33,14350637.893,29804422.0,572.0,29969399.0,29969399.0,0.0,29969399.0,29969399.0,29045030.0,29045030.0,0.0,29045030.0,29045030.0,0,0,0,0,43.0,116.0,0,0,0,0,0,0,0,0,1.0,87.25,48.0,84.0,0,0,0,0,0,0,2,96,2,168,-1,-1,1,20,77079.0,0.0,77079.0,77079.0,29804478.0,0.0,29804418.0,29804478.0
443,51127,6,6.0,6.0,6.0,6.0,6.0,0.0,6.0,6.0,6.0,0.0,66.0,0.0,66.0,66.0,0.0,0.0,0.0,0.0,0.0,0.0,0.0,0.0,0.0,0.0,0,0,0,0,6.0,6.0,0,0,0,0,1,1,0,0,1.0,9.0,6.0,6.0,0,0,0,0,0,0,1,6,1,6,60,255,0,20,0.0,0.0,0.0,0.0,0.0,0.0,0.0,0.0
58486,443,6,599.0,160.0,517.0,0.0,85.5714,191.3085,160.0,0.0,53.3333,92.376,616193.13,1861181.354,5591413.0,3.0,5760970.0,930029.0,2208957.794,5664139.0,3.0,85532.0,45217.0,29781.105,63587.0,23531.0,0,0,0,0,0.0,517.0,0,0,0,1,0,0,0,0,0.0,75.9,85.5714,53.3333,0,0,0,0,0,0,7,599,3,160,29200,59,3,32,119417.0,0.0,119417.0,119417.0,5591454.0,0.0,5591454.0,5591454.0
60011,53,17,86.0,118.0,43.0,43.0,43.0,0.0,59.0,59.0,59.0,0.0,55.66,83.022,159.0,3.0,3.0,3.0,0.0,3.0,3.0,4.0,4.0,0.0,4.0,4.0,0,0,0,0,43.0,59.0,0,0,0,0,0,0,0,0,1.0,61.75,43.0,59.0,0,0,0,0,0,0,2,86,2,118,-1,-1,1,20,0.0,0.0,0.0,0.0,0.0,0.0,0.0,0.0
443,53355,6,0.0,0.0,0.0,0.0,0.0,0.0,0.0,0.0,0.0,0.0,3.0,0.0,3.0,3.0,3.0,3.0,0.0,3.0,3.0,0.0,0.0,0.0,0.0,0.0,0,0,0,0,0.0,0.0,0,0,0,0,1,0,0,0,0.0,0.0,0.0,0.0,0,0,0,0,0,0,2,0,0,0,357,-1,0,32,0.0,0.0,0.0,0.0,0.0,0.0,0.0,0.0
443,50137,6,37.0,0.0,31.0,6.0,18.5,17.6777,0.0,0.0,0.0,0.0,3.0,0.0,3.0,3.0,3.0,3.0,0.0,3.0,3.0,0.0,0.0,0.0,0.0,0.0,1,0,0,0,6.0,31.0,0,1,0,0,1,0,0,0,0.0,34.0,18.5,0.0,0,0,0,0,0,0,2,37,0,0,76,-1,1,20,0.0,0.0,0.0,0.0,0.0,0.0,0.0,0.0
61386,443,6,12.0,0.0,6.0,6.0,6.0,0.0,0.0,0.0,0.0,0.0,3.0,0.0,3.0,3.0,3.0,3.0,0.0,3.0,3.0,0.0,0.0,0.0,0.0,0.0,0,0,0,0,6.0,6.0,1,0,0,0,0,0,0,0,0.0,9.0,6.0,0.0,0,0,0,0,0,0,2,12,0,0,0,-1,1,20,0.0,0.0,0.0,0.0,0.0,0.0,0.0,0.0
60822,443,6,1123.0,1119.0,885.0,0.0,112.6,275.3613,981.0,0.0,223.8,427.4847,20022.21,36736.805,87473.0,47.0,315511.0,32718.0,42459.072,125718.0,47.0,213591.0,45960.25,47572.814,88746.0,253.0,0,0,0,0,0.0,981.0,0,0,0,1,0,0,0,0,0.0,150.9333,112.6,223.8,0,0,0,0,0,0,10,1123,5,1119,65535,116,5,32,0.0,0.0,0.0,0.0,0.0,0.0,0.0,0.0
55474,53,17,144.0,290.0,36.0,36.0,36.0,0.0,145.0,145.0,145.0,0.0,12112.0,16737.028,30526.0,3.0,30584.0,10121.0,17584.088,30536.0,3.0,3.0,3.0,0.0,3.0,3.0,0,0,0,0,36.0,145.0,0,0,0,0,0,0,0,0,0.0,81.6667,36.0,145.0,0,0,0,0,0,0,4,144,2,290,-1,-1,3,32,0.0,0.0,0.0,0.0,0.0,0.0,0.0,0.0
61561,53,17,45.0,61.0,45.0,45.0,45.0,0.0,61.0,61.0,61.0,0.0,23194.0,0.0,23194.0,23194.0,0.0,0.0,0.0,0.0,0.0,0.0,0.0,0.0,0.0,0.0,0,0,0,0,45.0,61.0,0,0,0,0,0,0,0,0,1.0,75.5,45.0,61.0,0,0,0,0,0,0,1,45,1,61,-1,-1,0,32,0.0,0.0,0.0,0.0,0.0,0.0,0.0,0.0
80,60883,6,0.0,0.0,0.0,0.0,0.0,0.0,0.0,0.0,0.0,0.0,17.0,0.0,17.0,17.0,0.0,0.0,0.0,0.0,0.0,0.0,0.0,0.0,0.0,0.0,0,0,0,0,0.0,0.0,0,0,0,0,1,1,0,0,1.0,0.0,0.0,0.0,0,0,0,0,0,0,1,0,1,0,225,229,0,32,0.0,0.0,0.0,0.0,0.0,0.0,0.0,0.0
54539,443,6,37.0,0.0,31.0,6.0,18.5,17.6777,0.0,0.0,0.0,0.0,3.0,0.0,3.0,3.0,3.0,3.0,0.0,3.0,3.0,0.0,0.0,0.0,0.0,0.0,1,0,0,0,6.0,31.0,0,1,0,0,1,0,0,0,0.0,34.0,18.5,0.0,0,0,0,0,0,0,2,37,0,0,256,-1,1,20,0.0,0.0,0.0,0.0,0.0,0.0,0.0,0.0
54738,443,6,1228.0,5952.0,638.0,0.0,168.5,269.803,1776.0,0.0,702.8571,803.6143,73953.0,113273.36,466791.0,1.0,592707.0,99226.0,160375.722,433594.0,179.0,529117.0,75991.83,118842.574,495710.0,1.0,0,0,0,0,0.0,1776.0,0,0,0,1,0,0,0,0,1.0,420.5629,168.5,702.8571,0,0,0,0,0,0,8,1228,7,5952,8192,247,7,20,0.0,0.0,0.0,0.0,0.0,0.0,0.0,0.0
35162,443,6,798.0,1323.0,544.0,0.0,49.2857,149.9808,1185.0,0.0,95.4444,370.446,2967384.52,4720592.741,10022873.0,3.0,116939168.0,5519205.0,4942878.703,10062094.0,3.0,111868053.0,6180544.43,5091249.626,10065155.0,226.0,0,0,0,0,0.0,1185.0,0,0,0,1,0,0,0,0,0.0,71.5895,49.2857,95.4444,0,0,0,0,0,0,21,798,17,1323,29200,61,4,32,59487.58,76004.426,285285.0,36899.0,10020398.63,15814.249,10022877.0,9998796.0
63467,53,17,78.0,206.0,39.0,39.0,39.0,0.0,103.0,103.0,103.0,0.0,10377.0,17931.588,31023.0,1.0,1.0,1.0,0.0,1.0,1.0,48.0,48.0,0.0,48.0,48.0,0,0,0,0,39.0,103.0,0,0,0,0,0,0,0,0,1.0,80.75,39.0,103.0,0,0,0,0,0,0,2,78,2,206,-1,-1,1,20,0.0,0.0,0.0,0.0,0.0,0.0,0.0,0.0
49631,443,6,2188.0,1566.0,1448.0,0.0,168.4615,430.3173,1029.0,0.0,231.7143,355.4885,5410.56,9014.215,23685.0,3.0,79251.0,4205.07,7757.668,24738.0,3.0,49531.0,7672.83,6731.392,25474.0,366.0,0,0,0,0,0.0,1448.0,0,0,0,1,0,0,0,0,0.0,175.0769,168.4615,231.7143,0,0,0,0,0,0,13,2188,7,1566,65535,1120,7,32,0.0,0.0,0.0,0.0,0.0,0.0,0.0,0.0
443,52198,6,0.0,0.0,0.0,0.0,0.0,0.0,0.0,0.0,0.0,0.0,50.0,0.0,50.0,50.0,0.0,0.0,0.0,0.0,0.0,0.0,0.0,0.0,0.0,0.0,0,0,0,0,0.0,0.0,0,0,0,0,1,0,0,0,1.0,0.0,0.0,0.0,0,0,0,0,0,0,1,0,1,0,179,32832,0,32,0.0,0.0,0.0,0.0,0.0,0.0,0.0,0.0
60641,53,17,62.0,78.0,62.0,62.0,62.0,0.0,78.0,78.0,78.0,0.0,30420.0,0.0,30420.0,30420.0,0.0,0.0,0.0,0.0,0.0,0.0,0.0,0.0,0.0,0.0,0,0,0,0,62.0,78.0,0,0,0,0,0,0,0,0,1.0,101.0,62.0,78.0,0,0,0,0,0,0,1,62,1,78,-1,-1,0,32,0.0,0.0,0.0,0.0,0.0,0.0,0.0,0.0
43040,80,6,0.0,0.0,0.0,0.0,0.0,0.0,0.0,0.0,0.0,0.0,29437.0,0.0,29437.0,29437.0,0.0,0.0,0.0,0.0,0.0,0.0,0.0,0.0,0.0,0.0,0,0,0,0,0.0,0.0,0,0,0,0,1,1,0,0,1.0,0.0,0.0,0.0,0,0,0,0,0,0,1,0,1,0,237,939,0,32,0.0,0.0,0.0,0.0,0.0,0.0,0.0,0.0
51376,53,17,60.0,414.0,30.0,30.0,30.0,0.0,207.0,207.0,207.0,0.0,79.0,139.769,232.0,3.0,3.0,3.0,0.0,3.0,3.0,3.0,3.0,0.0,3.0,3.0,0,0,0,0,30.0,207.0,0,0,0,0,0,0,0,0,1.0,126.0,30.0,207.0,0,0,0,0,0,0,2,60,2,414,-1,-1,1,32,0.0,0.0,0.0,0.0,0.0,0.0,0.0,0.0
19877,53,17,82.0,114.0,41.0,41.0,41.0,0.0,57.0,57.0,57.0,0.0,64.0,20.922,94.0,48.0,49.0,49.0,0.0,49.0,49.0,48.0,48.0,0.0,48.0,48.0,0,0,0,0,41.0,57.0,0,0,0,0,0,0,0,0,1.0,59.25,41.0,57.0,0,0,0,0,0,0,2,82,2,114,-1,-1,1,32,0.0,0.0,0.0,0.0,0.0,0.0,0.0,0.0
57401,443,6,1033.0,6556.0,751.0,0.0,103.1818,210.3651,2920.0,0.0,669.0,911.4768,653321.7,2442284.362,9960839.0,2.0,10171070.0,1231691.0,3481163.402,9960839.0,142.0,16067922.0,1263330.71,3069956.357,10028005.0,2.0,0,0,0,0,0.0,2920.0,0,0,0,1,0,0,0,0,0.0,398.0,103.1818,669.0,0,0,0,0,0,0,11,1033,10,6556,29200,68,3,32,736264.5,882179.402,1974413.0,200757.0,7960423.5,3941042.447,9960836.0,5672828.0
64676,53,17,140.0,174.0,35.0,35.0,35.0,0.0,87.0,87.0,87.0,0.0,6295.2,13201.028,30259.0,3.0,30293.0,10097.33,17499.639,30299.0,3.0,3.0,3.0,0.0,3.0,3.0,0,0,0,0,35.0,87.0,0,0,0,0,0,0,0,0,0.0,59.5,35.0,87.0,0,0,0,0,0,0,4,140,2,174,-1,-1,3,32,0.0,0.0,0.0,0.0,0.0,0.0,0.0,0.0
37432,53,17,70.0,102.0,35.0,35.0,35.0,0.0,51.0,51.0,51.0,0.0,67.33,34.345,100.0,49.0,49.0,49.0,0.0,49.0,49.0,49.0,49.0,0.0,49.0,49.0,0,0,0,0,35.0,51.0,0,0,0,0,0,0,0,0,1.0,51.75,35.0,51.0,0,0,0,0,0,0,2,70,2,102,-1,-1,1,20,0.0,0.0,0.0,0.0,0.0,0.0,0.0,0.0
52068,443,6,558.0,6787.0,191.0,0.0,55.8,71.6742,1860.0,0.0,929.875,833.756,21893.26,33628.027,84094.0,3.0,307344.0,37969.11,41659.388,121744.0,3.0,184620.0,25957.71,47649.269,95099.0,3.0,0,0,0,0,0.0,1860.0,0,0,0,1,0,0,0,0,1.0,519.1474,55.8,929.875,0,0,0,0,0,0,10,558,8,6787,8192,60,9,20,0.0,0.0,0.0,0.0,0.0,0.0,0.0,0.0
56236,53,17,66.0,278.0,33.0,33.0,33.0,0.0,139.0,139.0,139.0,0.0,57.0,94.58,164.0,3.0,4.0,4.0,0.0,4.0,4.0,3.0,3.0,0.0,3.0,3.0,0,0,0,0,33.0,139.0,0,0,0,0,0,0,0,0,1.0,94.25,33.0,139.0,0,0,0,0,0,0,2,66,2,278,-1,-1,1,32,0.0,0.0,0.0,0.0,0.0,0.0,0.0,0.0
56644,443,6,895.0,3653.0,645.0,0.0,81.5,191.663,1482.0,0.0,460.7143,642.0025,3378510.8,10491177.99,44962303.0,43.0,60212331.0,6804607.77,15153958.337,44962303.0,47.0,65105064.0,8896466.0,14424988.629,45053424.0,222.0,0,0,0,0,0.0,1482.0,0,0,0,1,0,0,0,0,0.0,243.8813,81.5,460.7143,0,0,0,0,0,0,10,895,7,3653,65535,115,5,32,174348.5,91994.105,133773.0,41296.0,30056395.0,21138492.79,44962307.0,15017404.0
52287,80,6,462.0,1789.0,430.0,0.0,56.4444,148.9298,1773.0,0.0,193.8,556.4653,2455901.29,4250610.775,10298380.0,43.0,21779746.0,4159830.0,5207053.271,10336009.0,72347.0,25026159.0,5201471.14,5046754.216,10230043.0,1533.0,0,0,0,0,0.0,1773.0,0,0,0,1,0,0,0,0,1.0,130.8333,56.4444,193.8,0,0,0,0,0,0,9,462,8,1789,29200,939,1,32,29310.0,11688.734,46896.0,23641.0,10184399.33,38311.789,10298389.0,10297976.0
49564,443,6,74.0,0.0,37.0,37.0,37.0,0.0,0.0,0.0,0.0,0.0,64077826.0,0.0,64077826.0,64077826.0,64077826.0,64077826.0,0.0,64077826.0,64077826.0,0.0,0.0,0.0,0.0,0.0,1,0,0,0,37.0,37.0,0,1,0,0,1,1,0,0,0.0,55.5,37.0,0.0,0,0,0,0,0,0,2,74,0,0,32854,-1,1,32,0.0,0.0,0.0,0.0,0.0,0.0,0.0,0.0
57528,80,6,339.0,1815.0,339.0,0.0,66.8333,153.4899,1815.0,0.0,691.0,989.9033,1053984.33,3364859.949,9956957.0,4.0,319763.0,69996.6,27147.803,225672.0,4.0,10053029.0,3370376.75,4974503.796,9951862.0,4.0,0,0,0,0,0.0,1815.0,0,0,0,1,0,0,0,0,1.0,356.7,66.8333,691.0,0,0,0,0,0,0,6,339,5,1815,29200,35,1,32,0.0,0.0,0.0,0.0,0.0,0.0,0.0,0.0
62111,443,6,18.0,0.0,6.0,6.0,6.0,0.0,0.0,0.0,0.0,0.0,7837.33,12623.236,23361.0,3.0,23473.0,11736.5,16197.859,23360.0,3.0,0.0,0.0,0.0,0.0,0.0,0,0,0,0,0.0,6.0,1,0,0,0,0,0,0,0,0.0,6.0,6.0,0.0,0,0,0,0,0,0,3,18,1,0,0,38,2,20,0.0,0.0,0.0,0.0,0.0,0.0,0.0,0.0
80,53664,6,6.0,6.0,6.0,6.0,6.0,0.0,6.0,6.0,6.0,0.0,49.0,0.0,49.0,49.0,0.0,0.0,0.0,0.0,0.0,0.0,0.0,0.0,0.0,0.0,0,0,0,0,6.0,6.0,0,0,0,0,1,1,0,0,1.0,9.0,6.0,6.0,0,0,0,0,0,0,1,6,1,6,58,256,0,20,0.0,0.0,0.0,0.0,0.0,0.0,0.0,0.0
55372,53,17,92.0,124.0,46.0,46.0,46.0,0.0,62.0,62.0,62.0,0.0,56.33,97.779,163.0,3.0,3.0,3.0,0.0,3.0,3.0,3.0,3.0,0.0,3.0,3.0,0,0,0,0,46.0,62.0,0,0,0,0,0,0,0,0,1.0,65.5,46.0,62.0,0,0,0,0,0,0,2,92,2,124,-1,-1,1,32,0.0,0.0,0.0,0.0,0.0,0.0,0.0,0.0
58588,80,6,12.0,0.0,6.0,0.0,4.0,3.4641,0.0,0.0,0.0,0.0,1756143.33,3023706.0,5380293.0,5642.0,5370547.0,2685273.5,3773094.486,5380293.0,106836.0,0.0,0.0,0.0,0.0,0.0,0,0,0,0,0.0,6.0,0,0,0,1,0,0,0,0,0.0,3.0,4.0,0.0,0,0,0,0,0,0,3,12,1,0,8192,65535,2,20,0.0,0.0,0.0,0.0,0.0,0.0,0.0,0.0
443,57236,6,6.0,6.0,6.0,6.0,6.0,0.0,6.0,6.0,6.0,0.0,12.0,0.0,12.0,12.0,0.0,0.0,0.0,0.0,0.0,0.0,0.0,0.0,0.0,0.0,0,0,0,0,6.0,6.0,0,0,0,0,1,1,0,0,1.0,9.0,6.0,6.0,0,0,0,0,0,0,1,6,1,6,119,251,0,20,0.0,0.0,0.0,0.0,0.0,0.0,0.0,0.0
53953,443,6,10032.0,344732.0,2616.0,0.0,30.0045,272.4198,4380.0,0.0,1753.2341,876.9869,39446.0,248918.11,4795898.0,1.0,5840983.0,56593.32,342932.859,4795193.0,1.0,741982.0,5057.86,17323.487,470487.0,1.0,0,0,0,0,0.0,4386.0,0,0,0,1,0,0,0,0,1.0,1027.5933,30.0045,1753.2341,0,0,0,0,0,0,152,10032,222,344732,8192,269,355,20,0.0,0.0,0.0,0.0,0.0,0.0,0.0,0.0
61162,53,17,43.0,199.0,43.0,43.0,43.0,0.0,199.0,199.0,199.0,0.0,32971.0,0.0,32971.0,32971.0,0.0,0.0,0.0,0.0,0.0,0.0,0.0,0.0,0.0,0.0,0,0,0,0,43.0,199.0,0,0,0,0,0,0,0,0,1.0,142.5,43.0,199.0,0,0,0,0,0,0,1,43,1,199,-1,-1,0,32,0.0,0.0,0.0,0.0,0.0,0.0,0.0,0.0
443,5445,6,43.0,0.0,31.0,6.0,14.3333,14.4338,0.0,0.0,0.0,0.0,153.0,192.326,213.0,3.0,206.0,103.0,113.687,203.0,3.0,0.0,0.0,0.0,0.0,0.0,0,0,0,0,6.0,31.0,0,0,0,0,1,0,0,0,0.0,16.3333,14.3333,0.0,0,0,0,0,0,0,3,43,0,0,116,-1,2,20,0.0,0.0,0.0,0.0,0.0,0.0,0.0,0.0
54473,53,17,92.0,124.0,46.0,46.0,46.0,0.0,62.0,62.0,62.0,0.0,60.66,66.927,138.0,4.0,4.0,4.0,0.0,4.0,4.0,48.0,48.0,0.0,48.0,48.0,0,0,0,0,46.0,62.0,0,0,0,0,0,0,0,0,1.0,65.5,46.0,62.0,0,0,0,0,0,0,2,92,2,124,-1,-1,1,32,0.0,0.0,0.0,0.0,0.0,0.0,0.0,0.0
35480,443,6,117.0,41.0,45.0,0.0,23.4,21.9613,41.0,41.0,41.0,0.0,738196.4,1559189.515,3807141.0,4.0,3907241.0,951220.25,1969426.657,3807141.0,4.0,0.0,0.0,0.0,0.0,0.0,1,0,0,0,0.0,45.0,0,1,0,0,1,0,0,0,0.0,33.1667,23.4,41.0,0,0,0,0,0,0,5,117,1,41,868,126,2,32,0.0,0.0,0.0,0.0,0.0,0.0,0.0,0.0
62804,53,17,53.0,140.0,53.0,53.0,53.0,0.0,140.0,140.0,140.0,0.0,30419.0,0.0,30419.0,30419.0,0.0,0.0,0.0,0.0,0.0,0.0,0.0,0.0,0.0,0.0,0,0,0,0,53.0,140.0,0,0,0,0,0,0,0,0,1.0,123.0,53.0,140.0,0,0,0,0,0,0,1,53,1,140,-1,-1,0,32,0.0,0.0,0.0,0.0,0.0,0.0,0.0,0.0
61272,53,17,63.0,121.0,63.0,63.0,63.0,0.0,121.0,121.0,121.0,0.0,60305.0,0.0,60305.0,60305.0,0.0,0.0,0.0,0.0,0.0,0.0,0.0,0.0,0.0,0.0,0,0,0,0,63.0,121.0,0,0,0,0,0,0,0,0,1.0,123.5,63.0,121.0,0,0,0,0,0,0,1,63,1,121,-1,-1,0,32,0.0,0.0,0.0,0.0,0.0,0.0,0.0,0.0
1571,80,6,12.0,0.0,6.0,6.0,6.0,0.0,0.0,0.0,0.0,0.0,101.0,0.0,101.0,101.0,101.0,101.0,0.0,101.0,101.0,0.0,0.0,0.0,0.0,0.0,0,0,0,0,6.0,6.0,0,0,0,0,1,0,0,0,0.0,9.0,6.0,0.0,0,0,0,0,0,0,2,12,0,0,253,-1,1,20,0.0,0.0,0.0,0.0,0.0,0.0,0.0,0.0
57536,443,6,24.0,0.0,6.0,6.0,6.0,0.0,0.0,0.0,0.0,0.0,22963.5,45762.509,88480.0,0.0,86562.0,28820.33,50712.352,88576.0,0.0,0.0,0.0,0.0,0.0,0.0,0,0,0,0,0.0,6.0,1,0,0,0,0,0,0,0,0.0,6.0,6.0,0.0,0,0,0,0,0,0,4,24,1,0,0,117,3,20,0.0,0.0,0.0,0.0,0.0,0.0,0.0,0.0
51212,443,6,851.0,5423.0,581.0,0.0,110.875,198.2986,1951.0,0.0,918.8333,787.1754,1033746.63,3174496.561,10091473.0,45.0,725918.0,67607.57,94670.683,55257.0,251.0,10658327.0,2265583.87,4453912.295,10001980.0,48.0,0,0,0,0,0.0,1951.0,0,0,0,1,0,0,0,0,1.0,503.2125,110.875,918.8333,0,0,0,0,0,0,8,851,9,5423,29200,5462,3,32,270553.0,0.0,270553.0,270553.0,10091493.0,0.0,10091473.0,10091493.0
57631,443,6,382.0,5278.0,201.0,0.0,47.75,74.7967,1460.0,2.0,929.3333,685.4791,537691.61,1836079.321,6598251.0,3.0,6057019.0,848702.28,2081438.636,6598251.0,3.0,255614.0,59068.8,56359.248,118459.0,48.0,0,0,0,0,0.0,1460.0,0,0,0,1,0,0,0,0,0.0,442.225,47.75,929.3333,0,0,0,0,0,0,8,382,6,5278,8192,30016,7,20,0.0,0.0,0.0,0.0,0.0,0.0,0.0,0.0
54567,53,17,62.0,94.0,31.0,31.0,31.0,0.0,47.0,47.0,47.0,0.0,10225.66,17776.14,30676.0,3.0,3.0,3.0,0.0,3.0,3.0,4.0,4.0,0.0,4.0,4.0,0,0,0,0,31.0,47.0,0,0,0,0,0,0,0,0,1.0,46.75,31.0,47.0,0,0,0,0,0,0,2,62,2,94,-1,-1,1,20,0.0,0.0,0.0,0.0,0.0,0.0,0.0,0.0
80,51225,6,6.0,6.0,6.0,6.0,6.0,0.0,6.0,6.0,6.0,0.0,27.0,0.0,27.0,27.0,0.0,0.0,0.0,0.0,0.0,0.0,0.0,0.0,0.0,0.0,0,0,0,0,6.0,6.0,0,0,0,0,1,1,0,0,1.0,9.0,6.0,6.0,0,0,0,0,0,0,1,6,1,6,335,258,0,20,0.0,0.0,0.0,0.0,0.0,0.0,0.0,0.0
51666,21,6,6.0,12.0,6.0,6.0,6.0,0.0,6.0,6.0,6.0,0.0,32.5,24.747,49.0,15.0,0.0,0.0,0.0,0.0,0.0,48.0,48.0,0.0,48.0,48.0,0,0,0,0,6.0,6.0,0,0,0,0,1,1,0,0,2.0,8.0,6.0,6.0,0,0,0,0,0,0,1,6,2,12,255,229,0,20,0.0,0.0,0.0,0.0,0.0,0.0,0.0,0.0
46571,443,6,18.0,6.0,6.0,6.0,6.0,0.0,6.0,6.0,6.0,0.0,15088.33,26587.378,45123.0,1.0,196.0,98.0,120.418,193.0,1.0,87707.0,87707.0,0.0,87707.0,87707.0,0,0,0,0,6.0,6.0,1,0,0,0,0,0,0,0,0.0,7.5,6.0,6.0,0,0,0,0,0,0,3,18,2,6,2853,290,2,20,0.0,0.0,0.0,0.0,0.0,0.0,0.0,0.0
60996,53,17,46.0,195.0,46.0,46.0,46.0,0.0,195.0,195.0,195.0,0.0,61773.0,0.0,61773.0,61773.0,0.0,0.0,0.0,0.0,0.0,0.0,0.0,0.0,0.0,0.0,0,0,0,0,46.0,195.0,0,0,0,0,0,0,0,0,1.0,143.5,46.0,195.0,0,0,0,0,0,0,1,46,1,195,-1,-1,0,40,0.0,0.0,0.0,0.0,0.0,0.0,0.0,0.0
56800,53,17,68.0,168.0,34.0,34.0,34.0,0.0,84.0,84.0,84.0,0.0,10519.33,18201.854,31558.0,1.0,3.0,3.0,0.0,3.0,3.0,48.0,48.0,0.0,48.0,48.0,0,0,0,0,34.0,84.0,0,0,0,0,0,0,0,0,1.0,67.5,34.0,84.0,0,0,0,0,0,0,2,68,2,168,-1,-1,1,20,0.0,0.0,0.0,0.0,0.0,0.0,0.0,0.0
65794,53,17,116.0,190.0,29.0,29.0,29.0,0.0,95.0,95.0,95.0,0.0,12240.8,16836.819,30192.0,1.0,30102.0,10034.33,17915.3,30199.0,1.0,3.0,3.0,0.0,3.0,3.0,0,0,0,0,29.0,95.0,0,0,0,0,0,0,0,0,0.0,59.1667,29.0,95.0,0,0,0,0,0,0,4,116,2,190,-1,-1,3,20,0.0,0.0,0.0,0.0,0.0,0.0,0.0,0.0
63611,443,6,29.0,0.0,29.0,0.0,5.8,12.9692,0.0,0.0,0.0,0.0,11904.25,23518.013,55959.0,1.0,56311.0,19577.25,25831.956,55959.0,1.0,0.0,0.0,0.0,0.0,0.0,0,0,0,0,0.0,29.0,0,0,0,0,1,0,0,0,0.0,5.8,5.8,0.0,0,0,0,0,0,0,5,29,0,0,33061,-1,1,32,0.0,0.0,0.0,0.0,0.0,0.0,0.0,0.0
54278,53,17,296.0,268.0,74.0,74.0,74.0,0.0,134.0,134.0,134.0,0.0,6227.6,13519.111,30600.0,4.0,30627.0,10209.33,17687.834,30620.0,4.0,54.0,14.0,0.0,54.0,54.0,0,0,0,0,74.0,134.0,0,0,0,0,0,0,0,0,0.0,102.3333,74.0,134.0,0,0,0,0,0,0,4,296,2,268,-1,-1,3,20,0.0,0.0,0.0,0.0,0.0,0.0,0.0,0.0
61142,53,17,46.0,126.0,46.0,46.0,46.0,0.0,126.0,126.0,126.0,0.0,72855.0,0.0,72855.0,72855.0,0.0,0.0,0.0,0.0,0.0,0.0,0.0,0.0,0.0,0.0,0,0,0,0,46.0,126.0,0,0,0,0,0,0,0,0,1.0,109.0,46.0,126.0,0,0,0,0,0,0,1,46,1,126,-1,-1,0,20,0.0,0.0,0.0,0.0,0.0,0.0,0.0,0.0
55828,443,6,1211.0,447.0,965.0,0.0,120.7143,313.4805,299.0,0.0,89.1667,107.1413,8943.14,15111.065,32337.0,40.0,106291.0,10359.16,15854.395,33192.0,48.0,69596.0,16098.4,20332.611,35871.0,237.0,0,0,0,0,0.0,965.0,0,0,0,1,0,0,0,0,0.0,112.2,120.7143,89.1667,0,0,0,0,0,0,14,1211,6,447,65535,362,7,32,0.0,0.0,0.0,0.0,0.0,0.0,0.0,0.0
50759,443,6,1451.0,3345.0,1141.0,0.0,165.0,388.4343,1448.0,0.0,560.75,742.5942,11052.3,15567.49,34141.0,19.0,144170.0,16470.0,20545.211,36791.0,175.0,103278.0,20812.66,24275.389,46139.0,229.0,0,0,0,0,0.0,1448.0,0,0,0,1,0,0,0,0,0.0,339.2,165.0,560.75,0,0,0,0,0,0,9,1451,4,3345,65535,63,3,32,0.0,0.0,0.0,0.0,0.0,0.0,0.0,0.0
123,123,17,48.0,48.0,48.0,48.0,48.0,0.0,48.0,48.0,48.0,0.0,26826.0,0.0,26826.0,26826.0,0.0,0.0,0.0,0.0,0.0,0.0,0.0,0.0,0.0,0.0,0,0,0,0,48.0,48.0,0,0,0,0,0,0,0,0,1.0,72.0,48.0,48.0,0,0,0,0,0,0,1,48,1,48,-1,-1,0,20,0.0,0.0,0.0,0.0,0.0,0.0,0.0,0.0
62575,53,17,65.0,187.0,65.0,65.0,65.0,0.0,187.0,187.0,187.0,0.0,60523.0,0.0,60523.0,60523.0,0.0,0.0,0.0,0.0,0.0,0.0,0.0,0.0,0.0,0.0,0,0,0,0,65.0,187.0,0,0,0,0,0,0,0,0,1.0,158.5,65.0,187.0,0,0,0,0,0,0,1,65,1,187,-1,-1,0,32,0.0,0.0,0.0,0.0,0.0,0.0,0.0,0.0
80,53784,6,6.0,6.0,6.0,6.0,6.0,0.0,6.0,6.0,6.0,0.0,63.0,0.0,63.0,63.0,0.0,0.0,0.0,0.0,0.0,0.0,0.0,0.0,0.0,0.0,0,0,0,0,6.0,6.0,0,0,0,0,1,1,0,0,1.0,9.0,6.0,6.0,0,0,0,0,0,0,1,6,1,6,913,256,0,20,0.0,0.0,0.0,0.0,0.0,0.0,0.0,0.0
56171,443,6,597.0,184.0,517.0,0.0,85.5714,191.3085,172.0,0.0,32.0,76.0,548903.33,1655766.483,5220777.0,48.0,5370314.0,870754.33,2191576.317,5299908.0,48.0,90946.0,30475.0,30894.281,63964.0,24954.0,0,0,0,0,0.0,517.0,0,0,0,1,0,0,0,0,0.0,67.9,85.5714,32.0,0,0,0,0,0,0,7,597,4,184,29200,930,3,32,104750.0,0.0,104750.0,104750.0,5220797.0,0.0,5220797.0,5220797.0
56374,443,6,1650.0,622.0,660.0,0.0,90.0,196.7263,59.0,0.0,5.6,17.0648,2115257.73,4093888.938,10038740.0,3.0,51276084.0,3899076.94,4937177.545,10112039.0,155.0,61283963.0,4658307.08,5185949.258,10110269.0,3.0,0,0,0,0,0.0,660.0,0,0,0,1,0,0,0,0,0.0,53.6429,90.0,5.6,0,0,0,0,0,0,17,1650,15,622,29200,257,4,32,216028.66,470218.217,1371502.0,50881.0,10011989.0,20403.597,10038747.0,9961168.0
443,52296,6,0.0,0.0,0.0,0.0,0.0,0.0,0.0,0.0,0.0,0.0,3.0,0.0,3.0,3.0,3.0,3.0,0.0,3.0,3.0,0.0,0.0,0.0,0.0,0.0,0,0,0,0,0.0,0.0,0,0,0,0,1,0,0,0,0.0,0.0,0.0,0.0,0,0,0,0,0,0,2,0,0,0,5107,-1,0,32,0.0,0.0,0.0,0.0,0.0,0.0,0.0,0.0
443,59698,6,12.0,0.0,6.0,6.0,6.0,0.0,0.0,0.0,0.0,0.0,249.0,0.0,249.0,249.0,249.0,249.0,0.0,249.0,249.0,0.0,0.0,0.0,0.0,0.0,0,0,0,0,6.0,6.0,0,0,0,0,1,0,0,0,0.0,9.0,6.0,0.0,0,0,0,0,0,0,2,12,0,0,6424,-1,1,20,0.0,0.0,0.0,0.0,0.0,0.0,0.0,0.0
53846,443,6,890.0,383.0,645.0,0.0,89.0,199.1832,245.0,0.0,70.6,90.8993,2315474.84,4284581.571,10028454.0,3.0,30523263.0,4696381.11,5230307.019,10080003.0,90.0,30591143.0,5512835.25,5498996.864,10080518.0,3.0,0,0,0,0,0.0,645.0,0,0,0,1,0,0,0,0,0.0,88.8938,89.0,70.6,0,0,0,0,0,0,10,890,10,383,29200,115,3,32,159056.0,200772.004,317602.0,50242.0,10013567.0,14305.503,10028458.0,9959658.0
443,52468,6,12.0,0.0,6.0,6.0,6.0,0.0,0.0,0.0,0.0,0.0,1.0,0.0,1.0,1.0,1.0,1.0,0.0,1.0,1.0,0.0,0.0,0.0,0.0,0.0,0,0,0,0,6.0,6.0,0,0,0,0,1,0,0,0,0.0,9.0,6.0,0.0,0,0,0,0,0,0,2,12,0,0,4956,-1,1,20,0.0,0.0,0.0,0.0,0.0,0.0,0.0,0.0
55301,53,17,84.0,256.0,42.0,42.0,42.0,0.0,128.0,128.0,128.0,0.0,76.33,128.372,224.0,1.0,1.0,1.0,0.0,1.0,1.0,1.0,1.0,0.0,1.0,1.0,0,0,0,0,42.0,128.0,0,0,0,0,0,0,0,0,1.0,95.5,42.0,128.0,0,0,0,0,0,0,2,84,2,256,-1,-1,1,32,0.0,0.0,0.0,0.0,0.0,0.0,0.0,0.0
52361,443,6,2481.0,6081.0,1073.0,0.0,108.4615,272.8478,1460.0,0.0,380.0769,536.9482,2763962.12,4331237.666,10005032.0,89.0,111652279.0,5890424.35,5097171.428,10031373.0,1089.0,111657073.0,5492459.58,5021368.4,10130336.0,150.0,0,0,0,0,0.0,1460.0,0,0,0,1,0,0,0,0,0.0,210.975,108.4615,380.0769,0,0,0,0,0,0,21,2481,22,6081,8192,5129,20,20,167686.27,209618.995,954211.0,28265.0,9921885.36,5925.419,10005038.0,9948928.0
61504,53,17,47.0,108.0,47.0,47.0,47.0,0.0,108.0,108.0,108.0,0.0,47266.0,0.0,47266.0,47266.0,0.0,0.0,0.0,0.0,0.0,0.0,0.0,0.0,0.0,0.0,0,0,0,0,47.0,108.0,0,0,0,0,0,0,0,0,1.0,101.0,47.0,108.0,0,0,0,0,0,0,1,47,1,108,-1,-1,0,32,0.0,0.0,0.0,0.0,0.0,0.0,0.0,0.0
59037,80,6,12.0,0.0,6.0,6.0,6.0,0.0,0.0,0.0,0.0,0.0,90.0,0.0,90.0,90.0,90.0,90.0,0.0,90.0,90.0,0.0,0.0,0.0,0.0,0.0,0,0,0,0,6.0,6.0,0,0,0,0,1,0,0,0,0.0,9.0,6.0,0.0,0,0,0,0,0,0,2,12,0,0,255,-1,1,20,0.0,0.0,0.0,0.0,0.0,0.0,0.0,0.0
46258,443,6,599.0,160.0,517.0,0.0,85.5714,191.3085,160.0,0.0,53.3333,92.376,638819.9,1884619.558,5526302.0,3.0,5752492.0,925831.33,2213939.001,5679943.0,3.0,147278.0,48479.0,49115.28,87441.0,23951.0,0,0,0,0,0.0,517.0,0,0,0,1,0,0,0,0,0.0,75.9,85.5714,53.3333,0,0,0,0,0,0,7,599,3,160,29200,59,3,32,111760.0,0.0,111760.0,111760.0,5526332.0,0.0,5526332.0,5526332.0
48933,53,17,58.0,190.0,29.0,29.0,29.0,0.0,95.0,95.0,95.0,0.0,67.0,118.523,205.0,3.0,3.0,3.0,0.0,3.0,3.0,4.0,4.0,0.0,4.0,4.0,0,0,0,0,29.0,95.0,0,0,0,0,0,0,0,0,1.0,69.25,29.0,95.0,0,0,0,0,0,0,2,58,2,190,-1,-1,1,32,0.0,0.0,0.0,0.0,0.0,0.0,0.0,0.0
62711,53,17,74.0,276.0,37.0,37.0,37.0,0.0,138.0,138.0,138.0,0.0,64.33,98.821,170.0,3.0,4.0,4.0,0.0,4.0,4.0,3.0,3.0,0.0,3.0,3.0,0,0,0,0,37.0,138.0,0,0,0,0,0,0,0,0,1.0,96.75,37.0,138.0,0,0,0,0,0,0,2,74,2,276,-1,-1,1,32,0.0,0.0,0.0,0.0,0.0,0.0,0.0,0.0
53653,53,17,60.0,264.0,30.0,30.0,30.0,0.0,132.0,132.0,132.0,0.0,52.66,84.892,151.0,3.0,3.0,3.0,0.0,3.0,3.0,4.0,4.0,0.0,4.0,4.0,0,0,0,0,30.0,132.0,0,0,0,0,0,0,0,0,1.0,88.5,30.0,132.0,0,0,0,0,0,0,2,60,2,264,-1,-1,1,44,0.0,0.0,0.0,0.0,0.0,0.0,0.0,0.0
443,58157,6,0.0,0.0,0.0,0.0,0.0,0.0,0.0,0.0,0.0,0.0,51.0,0.0,51.0,51.0,0.0,0.0,0.0,0.0,0.0,0.0,0.0,0.0,0.0,0.0,0,0,0,0,0.0,0.0,0,0,0,0,1,1,0,0,1.0,0.0,0.0,0.0,0,0,0,0,0,0,1,0,1,0,357,32832,0,32,0.0,0.0,0.0,0.0,0.0,0.0,0.0,0.0
59756,53,17,72.0,328.0,36.0,36.0,36.0,0.0,164.0,164.0,164.0,0.0,81.66,130.633,249.0,3.0,3.0,3.0,0.0,3.0,3.0,3.0,3.0,0.0,3.0,3.0,0,0,0,0,36.0,164.0,0,0,0,0,0,0,0,0,1.0,109.0,36.0,164.0,0,0,0,0,0,0,2,72,2,328,-1,-1,1,20,0.0,0.0,0.0,0.0,0.0,0.0,0.0,0.0
61617,53,17,54.0,116.0,54.0,54.0,54.0,0.0,116.0,116.0,116.0,0.0,541.0,0.0,541.0,541.0,0.0,0.0,0.0,0.0,0.0,0.0,0.0,0.0,0.0,0.0,0,0,0,0,54.0,116.0,0,0,0,0,0,0,0,0,1.0,112.0,54.0,116.0,0,0,0,0,0,0,1,54,1,116,-1,-1,0,32,0.0,0.0,0.0,0.0,0.0,0.0,0.0,0.0
37774,53,17,92.0,254.0,46.0,46.0,46.0,0.0,127.0,127.0,127.0,0.0,64.66,103.305,188.0,1.0,1.0,1.0,0.0,1.0,1.0,1.0,1.0,0.0,1.0,1.0,0,0,0,0,46.0,127.0,0,0,0,0,0,0,0,0,1.0,98.0,46.0,127.0,0,0,0,0,0,0,2,92,2,254,-1,-1,1,20,0.0,0.0,0.0,0.0,0.0,0.0,0.0,0.0
53998,80,6,319.0,1097.0,309.0,0.0,61.8,132.1313,1097.0,0.0,299.8333,563.3673,6825.28,10585.548,23311.0,26.0,47135.0,11711.25,13066.777,24743.0,349.0,24974.0,12994.0,13269.673,23215.0,396.0,0,0,0,0,0.0,1097.0,0,0,0,1,0,0,0,0,0.0,130.75,61.8,299.8333,0,0,0,0,0,0,5,319,3,1097,65535,939,1,32,0.0,0.0,0.0,0.0,0.0,0.0,0.0,0.0
22266,53,17,46.0,46.0,23.0,23.0,23.0,0.0,23.0,23.0,23.0,0.0,10349.33,17909.197,31032.0,1.0,1.0,1.0,0.0,1.0,1.0,48.0,48.0,0.0,48.0,48.0,0,0,0,0,23.0,23.0,0,0,0,0,0,0,0,0,1.0,28.75,23.0,23.0,0,0,0,0,0,0,2,46,2,46,-1,-1,1,32,0.0,0.0,0.0,0.0,0.0,0.0,0.0,0.0
61997,53,17,42.0,213.0,42.0,42.0,42.0,0.0,213.0,213.0,213.0,0.0,60896.0,0.0,60896.0,60896.0,0.0,0.0,0.0,0.0,0.0,0.0,0.0,0.0,0.0,0.0,0,0,0,0,42.0,213.0,0,0,0,0,0,0,0,0,1.0,148.5,42.0,213.0,0,0,0,0,0,0,1,42,1,213,-1,-1,0,20,0.0,0.0,0.0,0.0,0.0,0.0,0.0,0.0
443,60198,6,37.0,0.0,31.0,6.0,18.5,17.6777,0.0,0.0,0.0,0.0,3.0,0.0,3.0,3.0,3.0,3.0,0.0,3.0,3.0,0.0,0.0,0.0,0.0,0.0,1,0,0,0,6.0,31.0,0,1,0,0,1,0,0,0,0.0,34.0,18.5,0.0,0,0,0,0,0,0,2,37,0,0,114,-1,1,20,0.0,0.0,0.0,0.0,0.0,0.0,0.0,0.0
443,63885,6,0.0,18.0,0.0,0.0,0.0,0.0,6.0,6.0,6.0,0.0,20.33,30.916,60.0,1.0,0.0,0.0,0.0,0.0,0.0,4.0,2.0,1.414,3.0,1.0,0,0,0,0,0.0,6.0,0,0,0,0,1,0,0,0,3.0,4.5,0.0,6.0,0,0,0,0,0,0,1,0,3,18,972,0,0,32,0.0,0.0,0.0,0.0,0.0,0.0,0.0,0.0
64038,80,6,426.0,2796.0,420.0,0.0,142.0,240.7738,2266.0,0.0,599.5,1130.0035,11135.75,15574.544,32664.0,4.0,32023.0,16011.5,23483.958,32628.0,2629.0,32387.0,17191.66,20689.743,32405.0,4.0,0,0,0,0,0.0,2266.0,0,0,0,1,0,0,0,0,1.0,386.1429,142.0,599.5,0,0,0,0,0,0,3,426,4,2796,8192,237,2,20,0.0,0.0,0.0,0.0,0.0,0.0,0.0,0.0
2915,53,17,84.0,116.0,42.0,42.0,42.0,0.0,58.0,58.0,58.0,0.0,105.0,177.097,312.0,1.0,1.0,1.0,0.0,1.0,1.0,2.0,2.0,0.0,2.0,2.0,0,0,0,0,42.0,58.0,0,0,0,0,0,0,0,0,1.0,60.5,42.0,58.0,0,0,0,0,0,0,2,84,2,116,-1,-1,1,32,0.0,0.0,0.0,0.0,0.0,0.0,0.0,0.0
61673,53,17,41.0,112.0,41.0,41.0,41.0,0.0,112.0,112.0,112.0,0.0,30315.0,0.0,30315.0,30315.0,0.0,0.0,0.0,0.0,0.0,0.0,0.0,0.0,0.0,0.0,0,0,0,0,41.0,112.0,0,0,0,0,0,0,0,0,1.0,97.0,41.0,112.0,0,0,0,0,0,0,1,41,1,112,-1,-1,0,20,0.0,0.0,0.0,0.0,0.0,0.0,0.0,0.0
443,64124,6,0.0,0.0,0.0,0.0,0.0,0.0,0.0,0.0,0.0,0.0,71.0,0.0,71.0,71.0,0.0,0.0,0.0,0.0,0.0,0.0,0.0,0.0,0.0,0.0,0,0,0,0,0.0,0.0,0,0,0,0,1,0,0,0,1.0,0.0,0.0,0.0,0,0,0,0,0,0,1,0,1,0,357,32832,0,32,0.0,0.0,0.0,0.0,0.0,0.0,0.0,0.0
57357,443,6,356.0,3782.0,212.0,0.0,59.3333,89.2248,1460.0,0.0,630.3333,677.2171,24258.54,39635.782,86912.0,26.0,264588.0,52714.6,49886.127,88064.0,182.0,176637.0,35465.4,47007.215,89469.0,49.0,0,0,0,0,0.0,1460.0,0,0,0,1,0,0,0,0,1.0,344.8333,59.3333,630.3333,0,0,0,0,0,0,6,356,6,3782,8192,60,5,20,0.0,0.0,0.0,0.0,0.0,0.0,0.0,0.0
49902,443,6,974.0,7387.0,469.0,0.0,64.9333,134.266,3831.0,0.0,820.7,1020.4129,19432.86,43455.684,143160.0,1.0,402263.0,33876.72,48331.889,143110.0,1.0,400235.0,40029.77,62817.536,193204.0,2.0,0,0,0,0,0.0,3831.0,0,0,0,1,0,0,0,0,0.0,334.44,64.9333,820.7,0,0,0,0,0,0,15,974,10,7387,65535,357,6,32,0.0,0.0,0.0,0.0,0.0,0.0,0.0,0.0
51412,80,6,12.0,0.0,6.0,0.0,4.0,3.4641,0.0,0.0,0.0,0.0,1712592.0,3077942.23,5217198.0,51.0,5237189.0,2618594.5,3686673.953,5217198.0,50604.0,0.0,0.0,0.0,0.0,0.0,0,0,0,0,0.0,6.0,0,0,0,1,0,0,0,0,0.0,3.0,4.0,0.0,0,0,0,0,0,0,3,12,1,0,8192,65535,2,20,0.0,0.0,0.0,0.0,0.0,0.0,0.0,0.0
80,49560,6,0.0,0.0,0.0,0.0,0.0,0.0,0.0,0.0,0.0,0.0,51.0,0.0,51.0,51.0,0.0,0.0,0.0,0.0,0.0,0.0,0.0,0.0,0.0,0.0,0,0,0,0,0.0,0.0,0,0,0,0,1,1,0,0,1.0,0.0,0.0,0.0,0,0,0,0,0,0,1,0,1,0,939,33304,0,32,0.0,0.0,0.0,0.0,0.0,0.0,0.0,0.0
443,55719,6,37.0,6.0,37.0,0.0,18.5,26.163,6.0,6.0,6.0,0.0,106.5,42.826,119.0,99.0,213.0,213.0,0.0,213.0,213.0,0.0,0.0,0.0,0.0,0.0,1,0,0,0,0.0,37.0,0,1,0,0,1,0,0,0,0.0,26.6667,18.5,6.0,0,0,0,0,0,0,2,37,1,6,117,0,0,32,0.0,0.0,0.0,0.0,0.0,0.0,0.0,0.0
62345,53,17,55.0,110.0,55.0,55.0,55.0,0.0,110.0,110.0,110.0,0.0,30747.0,0.0,30747.0,30747.0,0.0,0.0,0.0,0.0,0.0,0.0,0.0,0.0,0.0,0.0,0,0,0,0,55.0,110.0,0,0,0,0,0,0,0,0,1.0,110.0,55.0,110.0,0,0,0,0,0,0,1,55,1,110,-1,-1,0,20,0.0,0.0,0.0,0.0,0.0,0.0,0.0,0.0
51475,80,6,463.0,321.0,453.0,0.0,96.6,205.9342,311.0,0.0,107.1667,160.0263,1702105.81,3880527.085,9867212.0,141.0,10129031.0,2564752.75,4974243.285,9867212.0,973.0,11928167.0,3986068.4,4973386.558,10198765.0,2825.0,0,0,0,0,0.0,453.0,0,0,0,1,0,0,0,0,1.0,99.75,96.6,107.1667,0,0,0,0,0,0,5,463,6,321,8192,62,4,20,326587.0,0.0,326587.0,326587.0,9867283.0,0.0,9867213.0,9867283.0
58825,53,17,88.0,168.0,44.0,44.0,44.0,0.0,84.0,84.0,84.0,0.0,51.66,81.628,149.0,4.0,4.0,4.0,0.0,4.0,4.0,4.0,4.0,0.0,4.0,4.0,0,0,0,0,44.0,84.0,0,0,0,0,0,0,0,0,1.0,75.0,44.0,84.0,0,0,0,0,0,0,2,88,2,168,-1,-1,1,32,0.0,0.0,0.0,0.0,0.0,0.0,0.0,0.0
6764,443,6,1319.0,6742.0,735.0,0.0,98.5385,207.5328,1430.0,0.0,408.3333,545.0445,77371.1,480864.193,2006896.0,1.0,2652503.0,156794.06,686656.092,2481896.0,4.0,1410325.0,128280.65,212456.63,969592.0,1.0,0,0,0,0,0.0,1430.0,0,0,0,1,0,0,0,0,1.0,264.56,98.5385,408.3333,0,0,0,0,0,0,13,1319,15,6742,8192,368,12,20,0.0,0.0,0.0,0.0,0.0,0.0,0.0,0.0
65256,53,17,88.0,188.0,44.0,44.0,44.0,0.0,94.0,94.0,94.0,0.0,55.33,97.272,160.0,3.0,3.0,3.0,0.0,3.0,3.0,3.0,3.0,0.0,3.0,3.0,0,0,0,0,44.0,94.0,0,0,0,0,0,0,0,0,1.0,80.0,44.0,94.0,0,0,0,0,0,0,2,88,2,188,-1,-1,1,32,0.0,0.0,0.0,0.0,0.0,0.0,0.0,0.0
60597,53,17,55.0,115.0,55.0,55.0,55.0,0.0,115.0,115.0,115.0,0.0,23404.0,0.0,23404.0,23404.0,0.0,0.0,0.0,0.0,0.0,0.0,0.0,0.0,0.0,0.0,0,0,0,0,55.0,115.0,0,0,0,0,0,0,0,0,1.0,112.5,55.0,115.0,0,0,0,0,0,0,1,55,1,115,-1,-1,0,20,0.0,0.0,0.0,0.0,0.0,0.0,0.0,0.0
53286,53,17,74.0,262.0,37.0,37.0,37.0,0.0,131.0,131.0,131.0,0.0,47.33,75.555,136.0,3.0,3.0,3.0,0.0,3.0,3.0,4.0,4.0,0.0,4.0,4.0,0,0,0,0,37.0,131.0,0,0,0,0,0,0,0,0,1.0,93.25,37.0,131.0,0,0,0,0,0,0,2,74,2,262,-1,-1,1,20,0.0,0.0,0.0,0.0,0.0,0.0,0.0,0.0
64996,53,17,66.0,258.0,33.0,33.0,33.0,0.0,129.0,129.0,129.0,0.0,56.0,93.934,162.0,3.0,3.0,3.0,0.0,3.0,3.0,4.0,4.0,0.0,4.0,4.0,0,0,0,0,33.0,129.0,0,0,0,0,0,0,0,0,1.0,89.25,33.0,129.0,0,0,0,0,0,0,2,66,2,258,-1,-1,1,32,0.0,0.0,0.0,0.0,0.0,0.0,0.0,0.0
46927,443,6,5146.0,11621.0,1368.0,0.0,219.5455,379.5224,1418.0,0.0,690.2353,617.9085,1467908.74,9539905.673,58019338.0,1.0,62303725.0,2607244.95,13354536.114,58079348.0,1.0,62402884.0,2026506.8,7492306.959,58166557.0,1.0,0,0,0,0,0.0,1418.0,0,0,0,1,0,0,0,0,0.0,462.8567,219.5455,690.2353,0,0,0,0,0,0,36,5146,24,11621,29200,438,15,32,3635500.0,606119.927,2138023.0,5086857.0,30644528.5,37646429.825,58019333.0,9963048.0
51741,443,6,135.0,46.0,46.0,6.0,27.0,20.1246,46.0,46.0,46.0,0.0,822401.2,1743762.547,3958776.0,3.0,4123781.0,1030940.25,1939443.421,3958776.0,3.0,0.0,0.0,0.0,0.0,0.0,1,0,0,0,6.0,46.0,0,1,0,0,1,0,0,0,0.0,37.8333,27.0,46.0,0,0,0,0,0,0,5,135,1,46,52154,427,4,20,0.0,0.0,0.0,0.0,0.0,0.0,0.0,0.0
56822,53,17,98.0,310.0,49.0,49.0,49.0,0.0,155.0,155.0,155.0,0.0,20758.66,35894.667,62260.0,3.0,4.0,4.0,0.0,4.0,4.0,3.0,3.0,0.0,3.0,3.0,0,0,0,0,49.0,155.0,0,0,0,0,0,0,0,0,1.0,114.25,49.0,155.0,0,0,0,0,0,0,2,98,2,310,-1,-1,1,32,0.0,0.0,0.0,0.0,0.0,0.0,0.0,0.0
443,56770,6,0.0,0.0,0.0,0.0,0.0,0.0,0.0,0.0,0.0,0.0,24.0,35.452,46.0,3.0,3.0,3.0,0.0,3.0,3.0,0.0,0.0,0.0,0.0,0.0,0,0,0,0,0.0,0.0,0,0,0,0,1,1,0,0,0.0,0.0,0.0,0.0,0,0,0,0,0,0,2,0,1,0,349,32832,0,32,0.0,0.0,0.0,0.0,0.0,0.0,0.0,0.0
123,123,17,96.0,96.0,48.0,48.0,48.0,0.0,48.0,48.0,48.0,0.0,22674051.0,39198921.678,67988519.0,22994.0,68998436.0,68998436.0,0.0,68998436.0,68998436.0,67999473.0,67999473.0,0.0,67999473.0,67999473.0,0,0,0,0,48.0,48.0,0,0,0,0,0,0,0,0,1.0,60.0,48.0,48.0,0,0,0,0,0,0,2,96,2,96,-1,-1,1,20,38870.0,0.0,38870.0,38870.0,67988585.0,0.0,67988585.0,67988585.0
56962,443,6,12.0,0.0,6.0,6.0,6.0,0.0,0.0,0.0,0.0,0.0,9783.0,0.0,9783.0,9783.0,9783.0,9783.0,0.0,9783.0,9783.0,0.0,0.0,0.0,0.0,0.0,0,0,0,0,6.0,6.0,0,0,0,0,1,0,0,0,0.0,9.0,6.0,0.0,0,0,0,0,0,0,2,12,0,0,16234,-1,1,20,0.0,0.0,0.0,0.0,0.0,0.0,0.0,0.0
55193,53,17,72.0,328.0,36.0,36.0,36.0,0.0,164.0,164.0,164.0,0.0,8024.0,13879.521,24061.0,1.0,1.0,1.0,0.0,1.0,1.0,3.0,3.0,0.0,3.0,3.0,0,0,0,0,36.0,164.0,0,0,0,0,0,0,0,0,1.0,109.0,36.0,164.0,0,0,0,0,0,0,2,72,2,328,-1,-1,1,32,0.0,0.0,0.0,0.0,0.0,0.0,0.0,0.0
443,41567,6,0.0,0.0,0.0,0.0,0.0,0.0,0.0,0.0,0.0,0.0,74.0,0.0,74.0,74.0,0.0,0.0,0.0,0.0,0.0,0.0,0.0,0.0,0.0,0.0,0,0,0,0,0.0,0.0,0,0,0,0,1,1,0,0,1.0,0.0,0.0,0.0,0,0,0,0,0,0,1,0,1,0,370,317,0,32,0.0,0.0,0.0,0.0,0.0,0.0,0.0,0.0
443,60757,6,0.0,0.0,0.0,0.0,0.0,0.0,0.0,0.0,0.0,0.0,38.0,0.0,38.0,38.0,0.0,0.0,0.0,0.0,0.0,0.0,0.0,0.0,0.0,0.0,0,0,0,0,0.0,0.0,0,0,0,0,1,0,0,0,1.0,0.0,0.0,0.0,0,0,0,0,0,0,1,0,1,0,349,32832,0,32,0.0,0.0,0.0,0.0,0.0,0.0,0.0,0.0
35418,80,6,7308.0,7647.0,2935.0,0.0,426.3846,1026.9733,1527.0,0.0,403.3636,600.2396,1511636.2,3612736.651,10186565.0,11.0,63486659.0,3755964.8,4656464.864,10330017.0,233.0,63372237.0,3358052.67,4835540.197,10325742.0,249.0,0,0,0,0,0.0,2935.0,0,0,0,1,0,0,0,0,1.0,541.7889,426.3846,403.3636,0,0,0,0,0,0,13,7308,19,7647,29200,162,15,32,482303.16,1208721.903,3851509.0,51902.0,10104208.83,106705.155,10186565.0,9611480.0
54191,80,6,586.0,295.0,566.0,0.0,197.6667,325.4839,285.0,2.0,145.5,200.1136,6481104.83,19874770.94,31737762.0,89.0,30525912.0,10562956.0,12895514.798,31737762.0,249.0,37738.0,39738.0,0.0,37738.0,37738.0,0,0,0,0,0.0,566.0,0,0,0,1,0,0,0,0,0.0,179.0,197.6667,145.5,0,0,0,0,0,0,3,586,2,295,8192,64919,2,20,0.0,0.0,0.0,0.0,0.0,0.0,0.0,0.0
62073,53,17,40.0,153.0,40.0,40.0,40.0,0.0,153.0,153.0,153.0,0.0,120995.0,0.0,120995.0,120995.0,0.0,0.0,0.0,0.0,0.0,0.0,0.0,0.0,0.0,0.0,0,0,0,0,40.0,153.0,0,0,0,0,0,0,0,0,1.0,116.5,40.0,153.0,0,0,0,0,0,0,1,40,1,153,-1,-1,0,20,0.0,0.0,0.0,0.0,0.0,0.0,0.0,0.0
4021,443,6,376.0,3639.0,195.0,0.0,37.0,73.0303,1418.0,0.0,609.4286,687.1558,333845.42,1278978.048,4790505.0,8.0,5127877.0,642224.85,1625028.274,4790505.0,49.0,207583.0,50303.16,82051.983,192724.0,48.0,0,0,0,0,0.0,1418.0,0,0,0,1,0,0,0,0,0.0,270.3,37.0,609.4286,0,0,0,0,0,0,8,376,7,3639,29200,349,3,32,0.0,0.0,0.0,0.0,0.0,0.0,0.0,0.0
61542,443,6,1783.0,4063.0,1109.0,0.0,294.625,556.8528,1460.0,0.0,630.1667,658.0849,11530.52,16867.154,35438.0,101.0,105269.0,16137.85,25288.102,36933.0,244.0,78745.0,13930.0,21297.651,42670.0,1.0,0,0,0,0,0.0,1460.0,0,0,0,1,0,0,0,0,1.0,556.7154,294.625,630.1667,0,0,0,0,0,0,8,1783,6,4063,8192,13,7,20,0.0,0.0,0.0,0.0,0.0,0.0,0.0,0.0
61801,53,17,44.0,98.0,44.0,44.0,44.0,0.0,98.0,98.0,98.0,0.0,30673.0,0.0,30673.0,30673.0,0.0,0.0,0.0,0.0,0.0,0.0,0.0,0.0,0.0,0.0,0,0,0,0,44.0,98.0,0,0,0,0,0,0,0,0,1.0,93.0,44.0,98.0,0,0,0,0,0,0,1,44,1,98,-1,-1,0,20,0.0,0.0,0.0,0.0,0.0,0.0,0.0,0.0
49287,389,17,104.0,178.0,52.0,52.0,52.0,0.0,89.0,89.0,89.0,0.0,75.33,129.95,220.0,3.0,4.0,4.0,0.0,4.0,4.0,3.0,3.0,0.0,3.0,3.0,0,0,0,0,52.0,89.0,0,0,0,0,0,0,0,0,1.0,83.5,52.0,89.0,0,0,0,0,0,0,2,104,2,178,-1,-1,1,32,0.0,0.0,0.0,0.0,0.0,0.0,0.0,0.0
5778,53,17,94.0,220.0,47.0,47.0,47.0,0.0,110.0,110.0,110.0,0.0,83.66,100.027,197.0,1.0,1.0,1.0,0.0,1.0,1.0,48.0,48.0,0.0,48.0,48.0,0,0,0,0,47.0,110.0,0,0,0,0,0,0,0,0,1.0,90.25,47.0,110.0,0,0,0,0,0,0,2,94,2,220,-1,-1,1,32,0.0,0.0,0.0,0.0,0.0,0.0,0.0,0.0
60354,53,17,49.0,225.0,49.0,49.0,49.0,0.0,225.0,225.0,225.0,0.0,184885.0,0.0,184885.0,184885.0,0.0,0.0,0.0,0.0,0.0,0.0,0.0,0.0,0.0,0.0,0,0,0,0,49.0,225.0,0,0,0,0,0,0,0,0,1.0,161.5,49.0,225.0,0,0,0,0,0,0,1,49,1,225,-1,-1,0,20,0.0,0.0,0.0,0.0,0.0,0.0,0.0,0.0
80,51189,6,6.0,6.0,6.0,6.0,6.0,0.0,6.0,6.0,6.0,0.0,26.0,0.0,26.0,26.0,0.0,0.0,0.0,0.0,0.0,0.0,0.0,0.0,0.0,0.0,0,0,0,0,6.0,6.0,0,0,0,0,1,1,0,0,1.0,9.0,6.0,6.0,0,0,0,0,0,0,1,6,1,6,946,16242,0,20,0.0,0.0,0.0,0.0,0.0,0.0,0.0,0.0
48521,53,17,64.0,158.0,32.0,32.0,32.0,0.0,79.0,79.0,79.0,0.0,10255.66,17736.096,30751.0,1.0,1.0,1.0,0.0,1.0,1.0,48.0,48.0,0.0,48.0,48.0,0,0,0,0,32.0,79.0,0,0,0,0,0,0,0,0,1.0,63.5,32.0,79.0,0,0,0,0,0,0,2,64,2,158,-1,-1,1,32,0.0,0.0,0.0,0.0,0.0,0.0,0.0,0.0
57336,53,17,86.0,204.0,43.0,43.0,43.0,0.0,102.0,102.0,102.0,0.0,54.66,81.593,158.0,3.0,4.0,4.0,0.0,4.0,4.0,3.0,3.0,0.0,3.0,3.0,0,0,0,0,43.0,102.0,0,0,0,0,0,0,0,0,1.0,83.25,43.0,102.0,0,0,0,0,0,0,2,86,2,204,-1,-1,1,20,0.0,0.0,0.0,0.0,0.0,0.0,0.0,0.0
62185,53,17,93.0,127.0,93.0,93.0,93.0,0.0,127.0,127.0,127.0,0.0,30604.0,0.0,30604.0,30604.0,0.0,0.0,0.0,0.0,0.0,0.0,0.0,0.0,0.0,0.0,0,0,0,0,93.0,127.0,0,0,0,0,0,0,0,0,1.0,156.5,93.0,127.0,0,0,0,0,0,0,1,93,1,127,-1,-1,0,32,0.0,0.0,0.0,0.0,0.0,0.0,0.0,0.0
43845,53,17,84.0,360.0,42.0,42.0,42.0,0.0,180.0,180.0,180.0,0.0,10585.0,18215.655,31746.0,3.0,3.0,3.0,0.0,3.0,3.0,48.0,48.0,0.0,48.0,48.0,0,0,0,0,42.0,180.0,0,0,0,0,0,0,0,0,1.0,121.5,42.0,180.0,0,0,0,0,0,0,2,84,2,360,-1,-1,1,20,0.0,0.0,0.0,0.0,0.0,0.0,0.0,0.0
49752,443,6,867.0,8379.0,592.0,0.0,128.875,208.8821,1881.0,0.0,863.375,834.9802,88647.64,825462.991,2837047.0,4.0,2090861.0,256832.85,1257676.754,2837027.0,227.0,2079475.0,111094.14,330557.212,2949443.0,4.0,0,0,0,0,0.0,1881.0,0,0,0,1,0,0,0,0,1.0,615.0,128.875,863.375,0,0,0,0,0,0,8,867,8,8379,8192,31,7,20,0.0,0.0,0.0,0.0,0.0,0.0,0.0,0.0
53250,53,17,90.0,210.0,45.0,45.0,45.0,0.0,105.0,105.0,105.0,0.0,16281.33,28108.665,48834.0,4.0,49.0,49.0,0.0,49.0,49.0,4.0,4.0,0.0,4.0,4.0,0,0,0,0,45.0,105.0,0,0,0,0,0,0,0,0,1.0,86.25,45.0,105.0,0,0,0,0,0,0,2,90,2,210,-1,-1,1,20,0.0,0.0,0.0,0.0,0.0,0.0,0.0,0.0
63474,53,17,84.0,278.0,42.0,42.0,42.0,0.0,139.0,139.0,139.0,0.0,58.33,96.727,170.0,3.0,3.0,3.0,0.0,3.0,3.0,4.0,4.0,0.0,4.0,4.0,0,0,0,0,42.0,139.0,0,0,0,0,0,0,0,0,1.0,101.0,42.0,139.0,0,0,0,0,0,0,2,84,2,278,-1,-1,1,20,0.0,0.0,0.0,0.0,0.0,0.0,0.0,0.0
56034,443,6,12.0,0.0,6.0,6.0,6.0,0.0,0.0,0.0,0.0,0.0,3.0,0.0,3.0,3.0,3.0,3.0,0.0,3.0,3.0,0.0,0.0,0.0,0.0,0.0,0,0,0,0,6.0,6.0,1,0,0,0,0,0,0,0,0.0,9.0,6.0,0.0,0,0,0,0,0,0,2,12,0,0,0,-1,1,20,0.0,0.0,0.0,0.0,0.0,0.0,0.0,0.0
61995,443,6,1402.0,120850.0,337.0,0.0,27.8182,70.2423,4380.0,0.0,1909.7077,1046.7006,259475.22,1533415.31,10164895.0,1.0,25342468.0,374114.52,2794046.039,10264002.0,1.0,15632262.0,325642.57,634985.246,10286959.0,1.0,0,0,0,0,0.0,4380.0,0,0,0,1,0,0,0,0,2.0,1154.1074,27.8182,1909.7077,0,0,0,0,0,0,59,1402,110,120850,8192,13,58,20,619946.66,753833.999,1604270.0,117093.0,10023308.33,35453.199,10164892.0,10023517.0
52493,443,6,974.0,7387.0,469.0,0.0,64.9333,134.266,1581.0,0.0,671.5455,745.9321,15782.63,25263.519,98610.0,1.0,384768.0,24395.35,31412.893,98861.0,1.0,220204.0,25030.4,44273.753,90824.0,2.0,0,0,0,0,0.0,1581.0,0,0,0,1,0,0,0,0,0.0,321.5769,64.9333,671.5455,0,0,0,0,0,0,15,974,11,7387,65535,357,6,32,0.0,0.0,0.0,0.0,0.0,0.0,0.0,0.0
60494,53,17,59.0,158.0,59.0,59.0,59.0,0.0,158.0,158.0,158.0,0.0,65501.0,0.0,65501.0,65501.0,0.0,0.0,0.0,0.0,0.0,0.0,0.0,0.0,0.0,0.0,0,0,0,0,59.0,158.0,0,0,0,0,0,0,0,0,1.0,158.0,59.0,158.0,0,0,0,0,0,0,1,59,1,158,-1,-1,0,32,0.0,0.0,0.0,0.0,0.0,0.0,0.0,0.0
443,61896,6,37.0,0.0,37.0,0.0,18.5,26.163,0.0,0.0,0.0,0.0,3.0,0.0,3.0,3.0,3.0,3.0,0.0,3.0,3.0,0.0,0.0,0.0,0.0,0.0,1,0,0,0,0.0,37.0,0,1,0,0,1,0,0,0,0.0,37.0,18.5,0.0,0,0,0,0,0,0,2,37,0,0,118,-1,0,32,0.0,0.0,0.0,0.0,0.0,0.0,0.0,0.0
61368,53,17,99.0,191.0,51.0,48.0,49.5,3.5355,111.0,75.0,95.5,18.6979,27751456.33,45618498.147,81256876.0,30839.0,81389660.0,81389660.0,0.0,81389660.0,81389660.0,81328610.0,81328610.0,0.0,81328610.0,81328610.0,0,0,0,0,48.0,111.0,0,0,0,0,0,0,0,0,1.0,83.75,49.5,95.5,0,0,0,0,0,0,2,99,2,191,-1,-1,1,20,48796.0,0.0,48796.0,48796.0,81256871.0,0.0,81256871.0,81256871.0
443,57886,6,0.0,0.0,0.0,0.0,0.0,0.0,0.0,0.0,0.0,0.0,37.0,0.0,37.0,37.0,0.0,0.0,0.0,0.0,0.0,0.0,0.0,0.0,0.0,0.0,0,0,0,0,0.0,0.0,0,0,0,0,1,0,0,0,1.0,0.0,0.0,0.0,0,0,0,0,0,0,1,0,1,0,5118,33304,0,32,0.0,0.0,0.0,0.0,0.0,0.0,0.0,0.0
53811,443,6,780.0,3143.0,570.0,0.0,89.0,159.2428,1505.0,0.0,368.6,676.9983,3253824.13,10961599.926,44965481.0,3.0,60622110.0,6645564.55,15178667.836,44965481.0,150.0,65310678.0,6698678.0,15809335.084,45043013.0,185.0,0,0,0,0,0.0,1505.0,0,0,0,1,0,0,0,0,1.0,235.3186,89.0,368.6,0,0,0,0,0,0,5,780,10,3143,8192,114,4,20,187695.0,102139.961,263649.0,41114.0,30208955.0,20025067.227,44965480.0,15006899.0
49544,443,6,617.0,164.0,517.0,0.0,88.1429,189.989,152.0,0.0,41.0,74.054,555094.7,1706846.256,5432237.0,2.0,5540561.0,920126.16,2214898.058,5569753.0,2.0,81991.0,27567.66,32535.282,69517.0,4938.0,0,0,0,0,0.0,517.0,0,0,0,1,0,0,0,0,0.0,71.0,88.1429,41.0,0,0,0,0,0,0,7,617,4,164,29200,30,6,20,101477.0,0.0,101477.0,101477.0,5432299.0,0.0,5432239.0,5432299.0
53327,443,6,808.0,608.0,485.0,0.0,132.3333,192.3976,405.0,0.0,77.25,144.8119,94021.26,267213.948,970151.0,4.0,258180.0,55666.0,41114.885,113438.0,35782.0,1155768.0,161309.85,326937.308,1000794.0,4.0,0,0,0,0,0.0,485.0,0,0,0,1,0,0,0,0,1.0,107.8554,132.3333,77.25,0,0,0,0,0,0,6,808,8,608,8192,5168,5,20,0.0,0.0,0.0,0.0,0.0,0.0,0.0,0.0
49083,53,17,82.0,362.0,41.0,41.0,41.0,0.0,181.0,181.0,181.0,0.0,78.66,92.523,185.0,3.0,49.0,49.0,0.0,49.0,49.0,3.0,3.0,0.0,3.0,3.0,0,0,0,0,41.0,181.0,0,0,0,0,0,0,0,0,1.0,121.25,41.0,181.0,0,0,0,0,0,0,2,82,2,362,-1,-1,1,32,0.0,0.0,0.0,0.0,0.0,0.0,0.0,0.0
443,49197,6,37.0,6.0,31.0,6.0,18.5,17.6777,6.0,6.0,6.0,0.0,108.5,79.193,156.0,53.0,215.0,215.0,0.0,215.0,215.0,0.0,0.0,0.0,0.0,0.0,1,0,0,0,6.0,31.0,0,1,0,0,1,0,0,0,0.0,24.6667,18.5,6.0,0,0,0,0,0,0,2,37,1,6,119,0,1,20,0.0,0.0,0.0,0.0,0.0,0.0,0.0,0.0
443,61110,6,37.0,0.0,31.0,6.0,18.5,17.6777,0.0,0.0,0.0,0.0,1.0,0.0,1.0,1.0,1.0,1.0,0.0,1.0,1.0,0.0,0.0,0.0,0.0,0.0,1,0,0,0,6.0,31.0,0,1,0,0,1,0,0,0,0.0,34.0,18.5,0.0,0,0,0,0,0,0,2,37,0,0,62,-1,1,20,0.0,0.0,0.0,0.0,0.0,0.0,0.0,0.0
80,63492,6,0.0,0.0,0.0,0.0,0.0,0.0,0.0,0.0,0.0,0.0,90.0,0.0,90.0,90.0,0.0,0.0,0.0,0.0,0.0,0.0,0.0,0.0,0.0,0.0,0,0,0,0,0.0,0.0,0,0,0,0,1,1,0,0,1.0,0.0,0.0,0.0,0,0,0,0,0,0,1,0,1,0,940,33304,0,32,0.0,0.0,0.0,0.0,0.0,0.0,0.0,0.0
60549,53,17,92.0,284.0,46.0,46.0,46.0,0.0,142.0,142.0,142.0,0.0,51.33,88.244,157.0,3.0,4.0,4.0,0.0,4.0,4.0,3.0,3.0,0.0,3.0,3.0,0,0,0,0,46.0,142.0,0,0,0,0,0,0,0,0,1.0,105.5,46.0,142.0,0,0,0,0,0,0,2,92,2,284,-1,-1,1,32,0.0,0.0,0.0,0.0,0.0,0.0,0.0,0.0
52658,80,6,0.0,0.0,0.0,0.0,0.0,0.0,0.0,0.0,0.0,0.0,2337715.5,3574713.359,5641016.0,610.0,6613165.0,3806582.5,4090094.877,5641016.0,23232.0,0.0,0.0,0.0,0.0,0.0,0,0,0,0,0.0,0.0,0,0,0,1,0,0,0,0,0.0,0.0,0.0,0.0,0,0,0,0,0,0,3,0,1,0,29200,28960,0,32,0.0,0.0,0.0,0.0,0.0,0.0,0.0,0.0
61225,53,17,48.0,64.0,48.0,48.0,48.0,0.0,64.0,64.0,64.0,0.0,114090.0,0.0,114090.0,114090.0,0.0,0.0,0.0,0.0,0.0,0.0,0.0,0.0,0.0,0.0,0,0,0,0,48.0,64.0,0,0,0,0,0,0,0,0,1.0,80.0,48.0,64.0,0,0,0,0,0,0,1,48,1,64,-1,-1,0,20,0.0,0.0,0.0,0.0,0.0,0.0,0.0,0.0
65569,53,17,58.0,166.0,29.0,29.0,29.0,0.0,83.0,83.0,83.0,0.0,60.33,99.211,174.0,3.0,3.0,3.0,0.0,3.0,3.0,3.0,3.0,0.0,3.0,3.0,0,0,0,0,29.0,83.0,0,0,0,0,0,0,0,0,1.0,63.25,29.0,83.0,0,0,0,0,0,0,2,58,2,166,-1,-1,1,20,0.0,0.0,0.0,0.0,0.0,0.0,0.0,0.0
62433,53,17,52.0,110.0,52.0,52.0,52.0,0.0,110.0,110.0,110.0,0.0,59937.0,0.0,59937.0,59937.0,0.0,0.0,0.0,0.0,0.0,0.0,0.0,0.0,0.0,0.0,0,0,0,0,52.0,110.0,0,0,0,0,0,0,0,0,1.0,107.0,52.0,110.0,0,0,0,0,0,0,1,52,1,110,-1,-1,0,32,0.0,0.0,0.0,0.0,0.0,0.0,0.0,0.0
64516,443,6,751.0,3950.0,267.0,0.0,75.1,99.8704,1448.0,0.0,395.0,587.4831,54390.83,84514.334,396266.0,4.0,805486.0,93417.0,114101.877,396366.0,222.0,853301.0,93435.66,138702.336,399174.0,4.0,0,0,0,0,0.0,1448.0,0,0,0,1,0,0,0,0,1.0,240.65,75.1,395.0,0,0,0,0,0,0,10,751,10,3950,29200,254,5,32,0.0,0.0,0.0,0.0,0.0,0.0,0.0,0.0
61664,53,17,116.0,434.0,29.0,29.0,29.0,0.0,217.0,217.0,217.0,0.0,6285.0,13861.189,30278.0,3.0,30208.0,10062.33,17426.376,30208.0,3.0,3.0,3.0,0.0,3.0,3.0,0,0,0,0,29.0,217.0,0,0,0,0,0,0,0,0,0.0,97.1667,29.0,217.0,0,0,0,0,0,0,4,116,2,434,-1,-1,3,20,0.0,0.0,0.0,0.0,0.0,0.0,0.0,0.0
50749,80,6,966.0,1492.0,424.0,0.0,61.0,130.5073,746.0,0.0,99.4,269.3099,3602273.01,4869403.422,10011198.0,42.0,117271903.0,7856047.76,4423615.612,10047998.0,102.0,112786247.0,7945052.46,4159243.343,10048283.0,10694.0,0,0,0,0,0.0,746.0,0,0,0,1,0,0,0,0,0.0,76.5377,61.0,99.4,0,0,0,0,0,0,19,966,15,1492,29200,343,2,32,122487.09,408442.567,1790599.0,22994.0,10019977.45,9077.034,10011190.0,10002333.0
23631,53,17,72.0,166.0,36.0,36.0,36.0,0.0,83.0,83.0,83.0,0.0,30701.66,53002.579,92090.0,3.0,3.0,3.0,0.0,3.0,3.0,4.0,4.0,0.0,4.0,4.0,0,0,0,0,36.0,83.0,0,0,0,0,0,0,0,0,1.0,63.5,36.0,83.0,0,0,0,0,0,0,2,72,2,166,-1,-1,1,20,0.0,0.0,0.0,0.0,0.0,0.0,0.0,0.0
50626,443,6,846.0,7182.0,356.0,0.0,22.5714,87.2051,2896.0,0.0,495.3333,866.6026,2965405.68,4597195.501,10028800.0,1.0,115546746.0,5708675.76,4981781.047,10051906.0,1.0,110952589.0,6164040.56,5048977.751,10051376.0,48.0,0,0,0,0,0.0,2896.0,0,0,0,1,0,0,0,0,0.0,224.9667,22.5714,495.3333,0,0,0,0,0,0,26,846,19,7182,29200,106,4,32,34104.08,36975.959,123179.0,21983.0,10012474.72,7193.676,10028800.0,9998220.0
20180,53,17,68.0,196.0,34.0,34.0,34.0,0.0,98.0,98.0,98.0,0.0,10377.66,17992.912,31126.0,0.0,0.0,0.0,0.0,0.0,0.0,3.0,3.0,0.0,3.0,3.0,0,0,0,0,34.0,98.0,0,0,0,0,0,0,0,0,1.0,74.5,34.0,98.0,0,0,0,0,0,0,2,68,2,196,-1,-1,1,40,0.0,0.0,0.0,0.0,0.0,0.0,0.0,0.0
12903,53,17,70.0,178.0,35.0,35.0,35.0,0.0,89.0,89.0,89.0,0.0,65.66,111.151,191.0,0.0,0.0,0.0,0.0,0.0,0.0,4.0,4.0,0.0,4.0,4.0,0,0,0,0,35.0,89.0,0,0,0,0,0,0,0,0,1.0,70.75,35.0,89.0,0,0,0,0,0,0,2,70,2,178,-1,-1,1,40,0.0,0.0,0.0,0.0,0.0,0.0,0.0,0.0
57215,53,17,64.0,128.0,32.0,32.0,32.0,0.0,64.0,64.0,64.0,0.0,49.66,80.252,142.0,3.0,4.0,4.0,0.0,4.0,4.0,3.0,3.0,0.0,3.0,3.0,0,0,0,0,32.0,64.0,0,0,0,0,0,0,0,0,1.0,56.0,32.0,64.0,0,0,0,0,0,0,2,64,2,128,-1,-1,1,32,0.0,0.0,0.0,0.0,0.0,0.0,0.0,0.0
443,52734,6,12.0,0.0,6.0,6.0,6.0,0.0,0.0,0.0,0.0,0.0,440.0,0.0,440.0,440.0,440.0,440.0,0.0,440.0,440.0,0.0,0.0,0.0,0.0,0.0,0,0,0,0,6.0,6.0,0,0,0,0,1,0,0,0,0.0,9.0,6.0,0.0,0,0,0,0,0,0,2,12,0,0,431,-1,1,20,0.0,0.0,0.0,0.0,0.0,0.0,0.0,0.0
2335,53,17,62.0,264.0,31.0,31.0,31.0,0.0,132.0,132.0,132.0,0.0,61.33,91.796,176.0,3.0,3.0,3.0,0.0,3.0,3.0,4.0,4.0,0.0,4.0,4.0,0,0,0,0,31.0,132.0,0,0,0,0,0,0,0,0,1.0,89.25,31.0,132.0,0,0,0,0,0,0,2,62,2,264,-1,-1,1,32,0.0,0.0,0.0,0.0,0.0,0.0,0.0,0.0
56409,80,6,673.0,532.0,567.0,0.0,84.6,229.6072,522.0,0.0,106.4,243.4912,1259817.11,3268761.453,10001815.0,25.0,10364186.0,2556291.0,4924005.417,10001815.0,505.0,18262978.0,2582299.0,4691828.038,10020510.0,1024.0,0,0,0,0,0.0,527.0,0,0,0,1,0,0,0,0,1.0,99.0,84.6,106.4,0,0,0,0,0,0,10,673,10,532,8192,946,9,20,160697.0,0.0,160697.0,160697.0,10001882.0,0.0,10001812.0,10001882.0
443,48794,6,0.0,0.0,0.0,0.0,0.0,0.0,0.0,0.0,0.0,0.0,62.0,0.0,62.0,62.0,0.0,0.0,0.0,0.0,0.0,0.0,0.0,0.0,0.0,0.0,0,0,0,0,0.0,0.0,0,0,0,0,1,1,0,0,1.0,0.0,0.0,0.0,0,0,0,0,0,0,1,0,1,0,355,265,0,32,0.0,0.0,0.0,0.0,0.0,0.0,0.0,0.0
53325,443,6,0.0,0.0,0.0,0.0,0.0,0.0,0.0,0.0,0.0,0.0,36704.5,17521.906,33702.0,36452.0,0.0,0.0,0.0,0.0,0.0,0.0,0.0,0.0,0.0,0.0,0,0,0,0,0.0,0.0,0,0,0,0,1,0,0,0,1.0,0.0,0.0,0.0,0,0,0,0,0,0,1,0,1,0,32832,379,0,32,0.0,0.0,0.0,0.0,0.0,0.0,0.0,0.0
5687,22,6,6.0,6.0,6.0,6.0,6.0,0.0,6.0,6.0,6.0,0.0,160.0,0.0,160.0,160.0,0.0,0.0,0.0,0.0,0.0,0.0,0.0,0.0,0.0,0.0,0,0,0,0,6.0,6.0,0,0,0,0,1,1,0,0,1.0,9.0,6.0,6.0,0,0,0,0,0,0,1,6,1,6,256,245,0,20,0.0,0.0,0.0,0.0,0.0,0.0,0.0,0.0
58856,443,6,1176.0,1119.0,885.0,0.0,113.6,275.3613,981.0,0.0,223.8,393.4847,21741.06,35472.991,87475.0,41.0,398771.0,30541.22,43577.075,101728.0,48.0,225106.0,56301.0,43500.77,88388.0,313.0,0,0,0,0,0.0,981.0,0,0,0,1,0,0,0,0,0.0,150.3333,113.6,223.8,0,0,0,0,0,0,10,1176,5,1119,65535,116,5,32,0.0,0.0,0.0,0.0,0.0,0.0,0.0,0.0
5475,80,6,662.0,1970.0,642.0,0.0,216.0,320.8251,1953.0,0.0,637.5,777.0014,638294.66,1460951.129,4094689.0,78.0,33685.0,16892.5,15844.042,32480.0,695.0,5024620.0,1282270.66,2858993.878,4000114.0,950.0,0,0,0,0,0.0,1953.0,0,0,0,1,0,0,0,0,1.0,401.7571,216.0,637.5,0,0,0,0,0,0,3,662,4,1970,8192,23,2,20,0.0,0.0,0.0,0.0,0.0,0.0,0.0,0.0
50754,443,6,12.0,0.0,6.0,6.0,6.0,0.0,0.0,0.0,0.0,0.0,153.0,0.0,153.0,153.0,153.0,153.0,0.0,153.0,153.0,0.0,0.0,0.0,0.0,0.0,0,0,0,0,6.0,6.0,0,0,0,0,1,0,0,0,0.0,9.0,6.0,0.0,0,0,0,0,0,0,2,12,0,0,254,-1,1,20,0.0,0.0,0.0,0.0,0.0,0.0,0.0,0.0
5006,53,17,72.0,136.0,36.0,36.0,36.0,0.0,68.0,68.0,68.0,0.0,45.0,75.232,130.0,3.0,3.0,3.0,0.0,3.0,3.0,3.0,3.0,0.0,3.0,3.0,0,0,0,0,36.0,68.0,0,0,0,0,0,0,0,0,1.0,61.0,36.0,68.0,0,0,0,0,0,0,2,72,2,136,-1,-1,1,32,0.0,0.0,0.0,0.0,0.0,0.0,0.0,0.0
49716,443,6,21098.0,261171.0,577.0,0.0,64.5692,154.8825,4380.0,0.0,2052.2769,1275.8036,99714.69,917506.179,10018222.0,1.0,42026224.0,229886.95,1470466.509,10220411.0,1.0,48024860.0,160096.62,1377736.376,10231410.0,1.0,0,0,0,0,0.0,4380.0,0,0,0,1,0,0,0,0,1.0,1068.8178,64.5692,2052.2769,0,0,0,0,0,0,153,21098,284,1261171,8192,2052,352,20,2449196.75,2383283.031,12827597.0,19829.0,9998008.5,1169126.423,10018226.0,5012910.0
17134,53,17,70.0,150.0,35.0,35.0,35.0,0.0,75.0,75.0,75.0,0.0,54088.66,95781.119,162260.0,3.0,49.0,49.0,0.0,49.0,49.0,3.0,3.0,0.0,3.0,3.0,0,0,0,0,35.0,75.0,0,0,0,0,0,0,0,0,1.0,63.75,35.0,75.0,0,0,0,0,0,0,2,70,2,150,-1,-1,1,32,0.0,0.0,0.0,0.0,0.0,0.0,0.0,0.0
38722,443,6,909.0,3714.0,517.0,0.0,161.0,212.0157,1448.0,0.0,745.8,715.6868,76283.36,101298.635,257906.0,2.0,573098.0,197529.6,181847.063,257901.0,202.0,529146.0,77561.33,122590.843,253898.0,2.0,0,0,0,0,0.0,1448.0,0,0,0,1,0,0,0,0,1.0,403.7818,161.0,745.8,0,0,0,0,0,0,6,909,7,3714,29200,243,3,32,0.0,0.0,0.0,0.0,0.0,0.0,0.0,0.0
443,6566,6,43.0,6.0,37.0,6.0,21.5,21.9203,6.0,6.0,6.0,0.0,143.5,4.143,145.0,146.0,201.0,201.0,0.0,201.0,201.0,0.0,0.0,0.0,0.0,0.0,0,0,0,0,6.0,37.0,0,0,0,0,1,0,0,0,0.0,28.6667,21.5,6.0,0,0,0,0,0,0,2,43,1,6,958,0,1,20,0.0,0.0,0.0,0.0,0.0,0.0,0.0,0.0
54696,80,6,356.0,23658.0,332.0,0.0,10.8286,69.9855,2896.0,0.0,890.8238,818.5258,1074474.09,3054107.636,10021135.0,7.0,50718798.0,1351039.3,3961470.235,10047982.0,137.0,60021513.0,1008858.53,4683049.681,10048461.0,49.0,0,0,0,0,0.0,2896.0,0,0,0,1,0,0,0,0,1.0,591.5333,10.8286,890.8238,0,0,0,0,0,0,21,356,29,23658,29200,118,1,32,88997.33,85499.982,235334.0,22703.0,10013655.5,6349.817,10021137.0,9999320.0
59892,443,6,517.0,0.0,517.0,0.0,129.25,258.5,0.0,0.0,0.0,0.0,36204.16,89422.777,133438.0,39.0,273609.0,64506.33,113244.902,133438.0,122.0,0.0,0.0,0.0,0.0,0.0,0,0,0,0,0.0,517.0,0,0,0,1,0,0,0,0,0.0,103.4,129.25,0.0,0,0,0,0,0,0,4,517,1,0,29200,28960,1,32,0.0,0.0,0.0,0.0,0.0,0.0,0.0,0.0
57080,443,6,53.0,0.0,53.0,0.0,13.25,26.5,0.0,0.0,0.0,0.0,3493319.66,4793980.005,10003835.0,33.0,14993086.0,7894392.66,4145730.837,10003847.0,79.0,10000000.0,10000000.0,0.0,10000000.0,10000000.0,0,0,0,0,0.0,53.0,0,0,0,0,1,0,0,0,0.0,13.25,13.25,0.0,0,0,0,0,0,0,4,53,0,0,41225,-1,1,32,32667.0,0.0,32667.0,32667.0,10003885.0,0.0,10003835.0,10003685.0
443,60650,6,43.0,0.0,31.0,6.0,14.3333,14.4338,0.0,0.0,0.0,0.0,10119.0,17895.283,20317.0,4.0,20428.0,10214.0,17046.569,20417.0,4.0,0.0,0.0,0.0,0.0,0.0,0,0,0,0,6.0,31.0,0,0,0,0,1,0,0,0,0.0,16.3333,14.3333,0.0,0,0,0,0,0,0,3,43,0,0,64,-1,2,20,0.0,0.0,0.0,0.0,0.0,0.0,0.0,0.0
34230,443,6,1141.0,3976.0,465.0,0.0,60.6818,117.4134,1418.0,0.0,294.3333,506.2027,3022363.52,13204696.062,58780140.0,1.0,118716525.0,6924370.5,20592329.85,58780140.0,1.0,118702099.0,6994464.72,19432049.694,59001748.0,1.0,0,0,0,0,0.0,1418.0,0,0,0,1,0,0,0,0,1.0,170.1415,60.6818,294.3333,0,0,0,0,0,0,19,1141,15,3976,29200,357,8,32,710500.0,662491.271,700309.0,79229.0,58482217.5,59098.641,58780149.0,58259105.0
40142,443,6,610.0,4105.0,192.0,0.0,45.0,70.0,1418.0,0.0,353.6667,576.2283,4146397.22,15080465.613,58706316.0,1.0,117352872.0,9786406.91,22807593.643,58778316.0,218.0,117605681.0,9110245.15,22770106.236,58727995.0,1.0,0,0,0,0,0.0,1418.0,0,0,0,1,0,0,0,0,1.0,206.5,45.0,353.6667,0,0,0,0,0,0,14,610,12,4105,29200,349,6,32,197723.5,210005.739,337547.0,77969.0,58442035.5,139119.559,58706314.0,58484129.0
64524,53,17,80.0,112.0,40.0,40.0,40.0,0.0,56.0,56.0,56.0,0.0,58.66,64.757,129.0,3.0,3.0,3.0,0.0,3.0,3.0,50.0,50.0,0.0,50.0,50.0,0,0,0,0,40.0,56.0,0,0,0,0,0,0,0,0,1.0,58.0,40.0,56.0,0,0,0,0,0,0,2,80,2,112,-1,-1,1,20,0.0,0.0,0.0,0.0,0.0,0.0,0.0,0.0
51091,53,17,70.0,166.0,35.0,35.0,35.0,0.0,83.0,83.0,83.0,0.0,57.33,96.417,165.0,3.0,4.0,4.0,0.0,4.0,4.0,3.0,3.0,0.0,3.0,3.0,0,0,0,0,35.0,83.0,0,0,0,0,0,0,0,0,1.0,67.75,35.0,83.0,0,0,0,0,0,0,2,70,2,166,-1,-1,1,20,0.0,0.0,0.0,0.0,0.0,0.0,0.0,0.0
443,55778,6,12.0,0.0,6.0,6.0,6.0,0.0,0.0,0.0,0.0,0.0,4.0,0.0,4.0,4.0,4.0,4.0,0.0,4.0,4.0,0.0,0.0,0.0,0.0,0.0,0,0,0,0,6.0,6.0,0,0,0,0,1,0,0,0,0.0,9.0,6.0,0.0,0,0,0,0,0,0,2,12,0,0,142,-1,1,20,0.0,0.0,0.0,0.0,0.0,0.0,0.0,0.0
63054,53,17,94.0,206.0,47.0,47.0,47.0,0.0,103.0,103.0,103.0,0.0,54.33,87.17,155.0,3.0,3.0,3.0,0.0,3.0,3.0,3.0,3.0,0.0,3.0,3.0,0,0,0,0,47.0,103.0,0,0,0,0,0,0,0,0,1.0,86.75,47.0,103.0,0,0,0,0,0,0,2,94,2,206,-1,-1,1,32,0.0,0.0,0.0,0.0,0.0,0.0,0.0,0.0
59156,8353,17,66.0,98.0,33.0,33.0,33.0,0.0,49.0,49.0,49.0,0.0,59.66,69.291,128.0,4.0,4.0,4.0,0.0,4.0,4.0,47.0,47.0,0.0,47.0,47.0,0,0,0,0,33.0,49.0,0,0,0,0,0,0,0,0,1.0,49.25,33.0,49.0,0,0,0,0,0,0,2,66,2,98,-1,-1,1,20,0.0,0.0,0.0,0.0,0.0,0.0,0.0,0.0
61290,53,17,55.0,119.0,55.0,55.0,55.0,0.0,119.0,119.0,119.0,0.0,30545.0,0.0,30545.0,30545.0,0.0,0.0,0.0,0.0,0.0,0.0,0.0,0.0,0.0,0.0,0,0,0,0,55.0,119.0,0,0,0,0,0,0,0,0,1.0,114.5,55.0,119.0,0,0,0,0,0,0,1,55,1,119,-1,-1,0,20,0.0,0.0,0.0,0.0,0.0,0.0,0.0,0.0
1109,80,6,42.0,0.0,6.0,6.0,6.0,0.0,0.0,0.0,0.0,0.0,4591508.21,4981749.15,9998473.0,23481.0,65916754.0,9165681.0,2186359.709,10020649.0,5561185.0,50939183.0,10056066.0,327.33,10028957.0,10939734.0,0,0,0,0,0.0,6.0,0,0,0,0,1,0,0,0,0.0,3.6923,6.0,0.0,0,0,0,0,0,0,7,42,9,0,252,302,6,20,34292.0,17.695,34995.0,34179.0,9998472.0,51.676,9998472.0,9996115.0
61873,53,17,55.0,183.0,55.0,55.0,55.0,0.0,183.0,183.0,183.0,0.0,61184.0,0.0,61184.0,61184.0,0.0,0.0,0.0,0.0,0.0,0.0,0.0,0.0,0.0,0.0,0,0,0,0,55.0,183.0,0,0,0,0,0,0,0,0,1.0,146.5,55.0,183.0,0,0,0,0,0,0,1,55,1,183,-1,-1,0,32,0.0,0.0,0.0,0.0,0.0,0.0,0.0,0.0
51201,443,6,674.0,1387.0,437.0,0.0,67.4,137.2334,1181.0,0.0,298.4,517.7732,19936.07,35355.566,88582.0,49.0,274960.0,30413.33,45712.448,105058.0,49.0,180024.0,45003.0,50673.746,95948.0,319.0,0,0,0,0,0.0,1181.0,0,0,0,1,0,0,0,0,0.0,135.4,67.4,298.4,0,0,0,0,0,0,10,674,5,1387,65535,123,5,32,0.0,0.0,0.0,0.0,0.0,0.0,0.0,0.0
40959,443,6,355.0,3020.0,198.0,0.0,39.8889,71.7294,1714.0,0.0,605.0,801.5004,413973.92,1421147.586,5394026.0,4.0,5431994.0,652561.0,1865755.47,5394026.0,4.0,94593.0,28178.25,21805.212,57712.0,156.0,0,0,0,0,0.0,1714.0,0,0,0,1,0,0,0,0,0.0,248.4286,39.8889,605.0,0,0,0,0,0,0,9,355,5,3020,29200,349,3,32,171895.0,0.0,171895.0,171895.0,5394009.0,0.0,5394009.0,5394009.0
53453,53,17,162.0,276.0,41.0,41.0,41.0,0.0,138.0,138.0,138.0,0.0,24420.2,38070.638,75263.0,4.0,30877.0,10255.66,17836.941,30860.0,4.0,4.0,4.0,0.0,4.0,4.0,0,0,0,0,41.0,138.0,0,0,0,0,0,0,0,0,0.0,86.8333,41.0,138.0,0,0,0,0,0,0,4,162,2,276,-1,-1,3,32,0.0,0.0,0.0,0.0,0.0,0.0,0.0,0.0
51888,443,6,12.0,0.0,6.0,6.0,6.0,0.0,0.0,0.0,0.0,0.0,6879332.0,0.0,6879332.0,6879332.0,6879332.0,6879332.0,0.0,6879332.0,6879332.0,0.0,0.0,0.0,0.0,0.0,0,0,0,0,6.0,6.0,0,0,0,0,1,0,0,0,0.0,9.0,6.0,0.0,0,0,0,0,0,0,2,12,0,0,16232,-1,1,20,0.0,0.0,0.0,0.0,0.0,0.0,0.0,0.0
49107,443,6,0.0,0.0,0.0,0.0,0.0,0.0,0.0,0.0,0.0,0.0,185.0,0.0,185.0,185.0,185.0,185.0,0.0,185.0,185.0,0.0,0.0,0.0,0.0,0.0,0,0,0,0,0.0,0.0,0,0,0,0,1,0,0,0,0.0,0.0,0.0,0.0,0,0,0,0,0,0,2,0,0,0,305,-1,0,32,0.0,0.0,0.0,0.0,0.0,0.0,0.0,0.0
16712,53,17,84.0,310.0,42.0,42.0,42.0,0.0,155.0,155.0,155.0,0.0,21081.66,36385.688,63237.0,1.0,1.0,1.0,0.0,1.0,1.0,3.0,3.0,0.0,3.0,3.0,0,0,0,0,42.0,155.0,0,0,0,0,0,0,0,0,1.0,109.0,42.0,155.0,0,0,0,0,0,0,2,84,2,310,-1,-1,1,32,0.0,0.0,0.0,0.0,0.0,0.0,0.0,0.0
56552,443,6,18.0,0.0,6.0,6.0,6.0,0.0,0.0,0.0,0.0,0.0,164.33,248.504,469.0,16.0,400.0,250.0,360.301,438.0,48.0,0.0,0.0,0.0,0.0,0.0,0,0,0,0,0.0,6.0,1,0,0,0,0,0,0,0,0.0,6.0,6.0,0.0,0,0,0,0,0,0,3,18,1,0,0,972,2,20,0.0,0.0,0.0,0.0,0.0,0.0,0.0,0.0
53216,443,6,1739.0,11183.0,1368.0,0.0,101.2625,350.6429,1413.0,0.0,1093.8,623.4479,4258.32,8997.38,37924.0,3.0,128895.0,5069.15,11844.509,32591.0,3.0,88878.0,4862.0,7703.494,40640.0,4.0,0,0,0,0,0.0,1413.0,0,0,0,1,0,0,0,0,0.0,469.6857,101.2625,1093.8,0,0,0,0,0,0,16,1739,10,11183,65535,362,6,32,0.0,0.0,0.0,0.0,0.0,0.0,0.0,0.0
61459,443,6,1825.0,8402.0,853.0,0.0,255.625,371.42,1651.0,0.0,793.0,696.7203,70767.06,112658.546,342947.0,1.0,808932.0,121588.85,256622.562,843447.0,181.0,805886.0,60919.3,124659.638,459249.0,1.0,0,0,0,0,0.0,1651.0,0,0,0,1,0,0,0,0,1.0,563.0923,255.625,793.0,0,0,0,0,0,0,8,1825,11,8402,8192,6252,7,20,0.0,0.0,0.0,0.0,0.0,0.0,0.0,0.0
30490,443,6,703.0,11426.0,422.0,0.0,30.1364,85.5142,1778.0,0.0,504.6,709.1715,2782877.4,4433818.028,10029048.0,3.0,115146830.0,5287516.2,5001050.08,10049916.0,3.0,110680632.0,5895154.57,5027240.718,10049205.0,49.0,0,0,0,0,0.0,1778.0,0,0,0,1,0,0,0,0,0.0,258.1823,30.1364,504.6,0,0,0,0,0,0,22,703,25,11426,29200,129,4,32,41887.54,72081.063,282109.0,30926.0,10022742.36,4675.287,10029047.0,9996646.0
49262,53,17,94.0,220.0,47.0,47.0,47.0,0.0,110.0,110.0,110.0,0.0,71.66,85.562,169.0,3.0,47.0,47.0,0.0,47.0,47.0,3.0,3.0,0.0,3.0,3.0,0,0,0,0,47.0,110.0,0,0,0,0,0,0,0,0,1.0,90.25,47.0,110.0,0,0,0,0,0,0,2,94,2,220,-1,-1,1,20,0.0,0.0,0.0,0.0,0.0,0.0,0.0,0.0
58539,80,6,0.0,0.0,0.0,0.0,0.0,0.0,0.0,0.0,0.0,0.0,118463.0,0.0,118463.0,118463.0,0.0,0.0,0.0,0.0,0.0,0.0,0.0,0.0,0.0,0.0,0,0,0,0,0.0,0.0,0,0,0,0,1,1,0,0,1.0,0.0,0.0,0.0,0,0,0,0,0,0,1,0,1,0,329,129,0,32,0.0,0.0,0.0,0.0,0.0,0.0,0.0,0.0
443,38397,6,43.0,0.0,31.0,6.0,14.3333,14.4338,0.0,0.0,0.0,0.0,189.0,222.605,316.0,1.0,339.0,169.5,242.447,316.0,1.0,0.0,0.0,0.0,0.0,0.0,0,0,0,0,6.0,31.0,0,0,0,0,1,0,0,0,0.0,16.3333,14.3333,0.0,0,0,0,0,0,0,3,43,0,0,3136,-1,2,20,0.0,0.0,0.0,0.0,0.0,0.0,0.0,0.0
9233,443,6,8284.0,164200.0,442.0,0.0,76.9163,132.9449,2830.0,0.0,1479.2657,604.8173,603199.58,2429590.946,10829946.0,2.0,117374437.0,1117874.31,3505570.168,10245910.0,3.0,111325612.0,1021946.77,3163033.972,10248967.0,2.0,0,0,0,0,0.0,2830.0,0,0,0,1,0,0,0,0,1.0,997.1146,76.9163,1479.2657,0,0,0,0,0,0,102,8284,94,164200,8192,431,100,20,580296.33,1975016.529,5368183.0,35680.0,9629699.83,1337792.734,10829949.0,5845073.0
49268,53,17,64.0,120.0,32.0,32.0,32.0,0.0,60.0,60.0,60.0,0.0,16671.0,28743.478,49905.0,1.0,1.0,1.0,0.0,1.0,1.0,4.0,4.0,0.0,4.0,4.0,0,0,0,0,32.0,60.0,0,0,0,0,0,0,0,0,1.0,54.0,32.0,60.0,0,0,0,0,0,0,2,64,2,120,-1,-1,1,32,0.0,0.0,0.0,0.0,0.0,0.0,0.0,0.0
65062,443,6,382.0,5007.0,201.0,0.0,47.75,74.6409,1460.0,0.0,701.8333,705.5265,450774.06,1629524.295,5608058.0,4.0,5801780.0,850593.71,2141527.056,5608058.0,4.0,178616.0,27463.2,40809.97,86699.0,47.0,0,0,0,0,0.0,1460.0,0,0,0,1,0,0,0,0,0.0,348.0,47.75,701.8333,0,0,0,0,0,0,8,382,6,5007,8192,119,7,20,550821.0,0.0,550821.0,550821.0,5608030.0,0.0,5608050.0,5608030.0
62995,53,17,45.0,63.0,45.0,45.0,45.0,0.0,63.0,63.0,63.0,0.0,30499.0,0.0,30499.0,30499.0,0.0,0.0,0.0,0.0,0.0,0.0,0.0,0.0,0.0,0.0,0,0,0,0,45.0,63.0,0,0,0,0,0,0,0,0,1.0,76.5,45.0,63.0,0,0,0,0,0,0,1,45,1,63,-1,-1,0,44,0.0,0.0,0.0,0.0,0.0,0.0,0.0,0.0
45589,80,6,0.0,0.0,0.0,0.0,0.0,0.0,0.0,0.0,0.0,0.0,1730883.6,2969010.836,5157785.0,77.0,5191767.0,2595883.5,3605585.009,5157785.0,32217.0,0.0,0.0,0.0,0.0,0.0,0,0,0,0,0.0,0.0,0,0,0,1,0,0,0,0,0.0,0.0,0.0,0.0,0,0,0,0,0,0,3,0,1,0,29200,65535,0,32,0.0,0.0,0.0,0.0,0.0,0.0,0.0,0.0
5549,53,17,76.0,140.0,38.0,38.0,38.0,0.0,70.0,70.0,70.0,0.0,10371.0,17975.3,31107.0,3.0,3.0,3.0,0.0,3.0,3.0,4.0,4.0,0.0,4.0,4.0,0,0,0,0,38.0,70.0,0,0,0,0,0,0,0,0,1.0,63.5,38.0,70.0,0,0,0,0,0,0,2,76,2,140,-1,-1,1,32,0.0,0.0,0.0,0.0,0.0,0.0,0.0,0.0
51261,80,6,830.0,1038.0,800.0,0.0,207.5,387.0412,835.0,0.0,215.5,391.0309,589540.9,557089.171,362090.0,50.0,760541.0,137310.66,154847.836,495908.0,3423.0,1164331.0,743605.0,870346.034,798961.0,419.0,0,0,0,0,0.0,835.0,0,0,0,1,0,0,0,0,1.0,211.9,207.5,215.5,0,0,0,0,0,0,4,830,4,1038,8192,68,3,20,0.0,0.0,0.0,0.0,0.0,0.0,0.0,0.0
443,50477,6,12.0,0.0,6.0,6.0,6.0,0.0,0.0,0.0,0.0,0.0,1623.0,0.0,1623.0,1623.0,1623.0,1623.0,0.0,1623.0,1623.0,0.0,0.0,0.0,0.0,0.0,0,0,0,0,6.0,6.0,0,0,0,0,1,0,0,0,0.0,9.0,6.0,0.0,0,0,0,0,0,0,2,12,0,0,5214,-1,1,20,0.0,0.0,0.0,0.0,0.0,0.0,0.0,0.0
62442,53,17,138.0,504.0,37.0,37.0,37.0,0.0,121.0,121.0,121.0,0.0,14724.71,23141.79,65654.0,1.0,30758.0,10252.66,17733.37,30750.0,3.0,4.0,4.0,0.0,4.0,4.0,0,0,0,0,37.0,121.0,0,0,0,0,0,0,0,0,0.0,84.5,37.0,121.0,0,0,0,0,0,0,4,138,2,504,-1,-1,3,20,0.0,0.0,0.0,0.0,0.0,0.0,0.0,0.0
60223,53,17,45.0,77.0,45.0,45.0,45.0,0.0,77.0,77.0,77.0,0.0,30588.0,0.0,30588.0,30588.0,0.0,0.0,0.0,0.0,0.0,0.0,0.0,0.0,0.0,0.0,0,0,0,0,45.0,77.0,0,0,0,0,0,0,0,0,1.0,83.5,45.0,77.0,0,0,0,0,0,0,1,45,1,77,-1,-1,0,32,0.0,0.0,0.0,0.0,0.0,0.0,0.0,0.0
443,62913,6,37.0,6.0,31.0,6.0,18.5,17.6777,6.0,6.0,6.0,0.0,106.5,48.387,137.0,77.0,215.0,215.0,0.0,215.0,215.0,0.0,0.0,0.0,0.0,0.0,1,0,0,0,6.0,31.0,0,1,0,0,1,0,0,0,0.0,24.6667,18.5,6.0,0,0,0,0,0,0,2,37,1,6,105,0,1,20,0.0,0.0,0.0,0.0,0.0,0.0,0.0,0.0
33037,443,6,356.0,3782.0,212.0,0.0,59.3333,89.2248,1460.0,0.0,630.3333,677.2171,25055.0,38753.36,86757.0,17.0,266276.0,56468.2,46441.781,81354.0,160.0,176777.0,35323.4,47557.618,87862.0,187.0,0,0,0,0,0.0,1460.0,0,0,0,1,0,0,0,0,1.0,344.8333,59.3333,630.3333,0,0,0,0,0,0,6,356,6,3782,29200,60,5,20,0.0,0.0,0.0,0.0,0.0,0.0,0.0,0.0
60613,53,17,42.0,100.0,42.0,42.0,42.0,0.0,100.0,100.0,100.0,0.0,23557.0,0.0,23557.0,23557.0,0.0,0.0,0.0,0.0,0.0,0.0,0.0,0.0,0.0,0.0,0,0,0,0,42.0,100.0,0,0,0,0,0,0,0,0,1.0,92.0,42.0,100.0,0,0,0,0,0,0,1,42,1,100,-1,-1,0,20,0.0,0.0,0.0,0.0,0.0,0.0,0.0,0.0
60581,53,17,42.0,58.0,42.0,42.0,42.0,0.0,58.0,58.0,58.0,0.0,30745.0,0.0,30745.0,30745.0,0.0,0.0,0.0,0.0,0.0,0.0,0.0,0.0,0.0,0.0,0,0,0,0,42.0,58.0,0,0,0,0,0,0,0,0,1.0,71.0,42.0,58.0,0,0,0,0,0,0,1,42,1,58,-1,-1,0,32,0.0,0.0,0.0,0.0,0.0,0.0,0.0,0.0
52151,443,6,997.0,4340.0,485.0,0.0,76.8125,143.8856,1448.0,0.0,414.1538,574.7604,14797.59,21953.439,63330.0,1.0,341516.0,21374.1,28643.113,63330.0,1.0,210628.0,35764.12,40191.986,106649.0,3.0,0,0,0,0,0.0,1448.0,0,0,0,1,0,0,0,0,0.0,209.8077,76.8125,414.1538,0,0,0,0,0,0,16,997,9,4340,65535,972,6,32,0.0,0.0,0.0,0.0,0.0,0.0,0.0,0.0
443,64756,6,0.0,0.0,0.0,0.0,0.0,0.0,0.0,0.0,0.0,0.0,58.0,0.0,58.0,58.0,0.0,0.0,0.0,0.0,0.0,0.0,0.0,0.0,0.0,0.0,0,0,0,0,0.0,0.0,0,0,0,0,1,0,0,0,1.0,0.0,0.0,0.0,0,0,0,0,0,0,1,0,1,0,179,32832,0,32,0.0,0.0,0.0,0.0,0.0,0.0,0.0,0.0
50755,53,17,76.0,652.0,38.0,38.0,38.0,0.0,326.0,326.0,326.0,0.0,20553.33,35643.738,61604.0,3.0,3.0,3.0,0.0,3.0,3.0,4.0,4.0,0.0,4.0,4.0,0,0,0,0,38.0,326.0,0,0,0,0,0,0,0,0,1.0,191.5,38.0,326.0,0,0,0,0,0,0,2,76,2,652,-1,-1,1,20,0.0,0.0,0.0,0.0,0.0,0.0,0.0,0.0
49676,80,6,12.0,6.0,6.0,0.0,4.0,3.4641,6.0,0.0,2.0,3.4641,1871527.33,2935116.067,5002553.0,20.0,5122173.0,2561086.5,3537657.744,5002553.0,22728.0,0.0,0.0,0.0,0.0,0.0,0,0,0,0,0.0,6.0,0,0,0,1,0,0,0,0,0.0,3.5,4.0,2.0,0,0,0,0,0,0,3,12,1,6,8192,5020,2,20,0.0,0.0,0.0,0.0,0.0,0.0,0.0,0.0
53002,80,6,435.0,417.0,435.0,0.0,87.0,199.98,417.0,0.0,139.0,248.3555,10947.85,14431.666,36431.0,44.0,63101.0,16375.25,18244.705,36940.0,561.0,36208.0,18514.0,21411.817,36116.0,1727.0,0,0,0,0,0.0,435.0,0,0,0,1,0,0,0,0,0.0,107.4,87.0,139.0,0,0,0,0,0,0,5,435,3,417,65535,118,1,32,0.0,0.0,0.0,0.0,0.0,0.0,0.0,0.0
61925,53,17,51.0,99.0,51.0,51.0,51.0,0.0,99.0,99.0,99.0,0.0,183852.0,0.0,183852.0,183852.0,0.0,0.0,0.0,0.0,0.0,0.0,0.0,0.0,0.0,0.0,0,0,0,0,51.0,99.0,0,0,0,0,0,0,0,0,1.0,100.5,51.0,99.0,0,0,0,0,0,0,1,51,1,99,-1,-1,0,20,0.0,0.0,0.0,0.0,0.0,0.0,0.0,0.0
443,54915,6,12.0,0.0,6.0,6.0,6.0,0.0,0.0,0.0,0.0,0.0,285.0,0.0,285.0,285.0,285.0,285.0,0.0,285.0,285.0,0.0,0.0,0.0,0.0,0.0,0,0,0,0,6.0,6.0,0,0,0,0,1,0,0,0,0.0,9.0,6.0,0.0,0,0,0,0,0,0,2,12,0,0,35114,-1,1,20,0.0,0.0,0.0,0.0,0.0,0.0,0.0,0.0
49358,443,6,739.0,799.0,485.0,0.0,73.9,152.6765,661.0,0.0,159.8,286.4807,11995.28,16318.199,36373.0,4.0,147944.0,16891.11,20547.985,52605.0,4.0,96306.0,24051.0,17588.277,36462.0,220.0,0,0,0,0,0.0,661.0,0,0,0,1,0,0,0,0,0.0,102.5333,73.9,159.8,0,0,0,0,0,0,10,739,5,799,65535,357,5,32,0.0,0.0,0.0,0.0,0.0,0.0,0.0,0.0
53149,443,6,12.0,0.0,6.0,6.0,6.0,0.0,0.0,0.0,0.0,0.0,167.0,0.0,167.0,167.0,167.0,167.0,0.0,167.0,167.0,0.0,0.0,0.0,0.0,0.0,0,0,0,0,6.0,6.0,0,0,0,0,1,0,0,0,0.0,9.0,6.0,0.0,0,0,0,0,0,0,2,12,0,0,16080,-1,1,20,0.0,0.0,0.0,0.0,0.0,0.0,0.0,0.0
443,53127,6,0.0,0.0,0.0,0.0,0.0,0.0,0.0,0.0,0.0,0.0,93.0,0.0,93.0,93.0,0.0,0.0,0.0,0.0,0.0,0.0,0.0,0.0,0.0,0.0,0,0,0,0,0.0,0.0,0,0,0,0,1,0,0,0,1.0,0.0,0.0,0.0,0,0,0,0,0,0,1,0,1,0,121,33304,0,32,0.0,0.0,0.0,0.0,0.0,0.0,0.0,0.0
61049,53,17,49.0,108.0,49.0,49.0,49.0,0.0,108.0,108.0,108.0,0.0,61466.0,0.0,61466.0,61466.0,0.0,0.0,0.0,0.0,0.0,0.0,0.0,0.0,0.0,0.0,0,0,0,0,49.0,108.0,0,0,0,0,0,0,0,0,1.0,103.0,49.0,108.0,0,0,0,0,0,0,1,49,1,108,-1,-1,0,32,0.0,0.0,0.0,0.0,0.0,0.0,0.0,0.0
54596,443,6,12.0,0.0,6.0,6.0,6.0,0.0,0.0,0.0,0.0,0.0,195040.0,0.0,195040.0,195040.0,195040.0,195040.0,0.0,195040.0,195040.0,0.0,0.0,0.0,0.0,0.0,0,0,0,0,6.0,6.0,0,0,0,0,1,0,0,0,0.0,9.0,6.0,0.0,0,0,0,0,0,0,2,12,0,0,63868,-1,1,20,0.0,0.0,0.0,0.0,0.0,0.0,0.0,0.0
54032,53,17,66.0,184.0,33.0,33.0,33.0,0.0,92.0,92.0,92.0,0.0,10433.0,18035.587,31292.0,1.0,1.0,1.0,0.0,1.0,1.0,3.0,3.0,0.0,3.0,3.0,0,0,0,0,33.0,92.0,0,0,0,0,0,0,0,0,1.0,70.75,33.0,92.0,0,0,0,0,0,0,2,66,2,184,-1,-1,1,20,0.0,0.0,0.0,0.0,0.0,0.0,0.0,0.0
443,51620,6,6.0,6.0,6.0,6.0,6.0,0.0,6.0,6.0,6.0,0.0,49.0,0.0,49.0,49.0,0.0,0.0,0.0,0.0,0.0,0.0,0.0,0.0,0.0,0.0,0,0,0,0,6.0,6.0,0,0,0,0,1,1,0,0,1.0,9.0,6.0,6.0,0,0,0,0,0,0,1,6,1,6,30060,252,0,20,0.0,0.0,0.0,0.0,0.0,0.0,0.0,0.0
50530,53,17,56.0,88.0,28.0,28.0,28.0,0.0,44.0,44.0,44.0,0.0,7997.33,13828.067,23995.0,3.0,3.0,3.0,0.0,3.0,3.0,4.0,4.0,0.0,4.0,4.0,0,0,0,0,28.0,44.0,0,0,0,0,0,0,0,0,1.0,43.0,28.0,44.0,0,0,0,0,0,0,2,56,2,88,-1,-1,1,32,0.0,0.0,0.0,0.0,0.0,0.0,0.0,0.0
60785,53,17,58.0,282.0,58.0,58.0,58.0,0.0,282.0,282.0,282.0,0.0,30722.0,0.0,30722.0,30722.0,0.0,0.0,0.0,0.0,0.0,0.0,0.0,0.0,0.0,0.0,0,0,0,0,58.0,282.0,0,0,0,0,0,0,0,0,1.0,209.0,58.0,282.0,0,0,0,0,0,0,1,58,1,282,-1,-1,0,20,0.0,0.0,0.0,0.0,0.0,0.0,0.0,0.0
53696,53,17,152.0,664.0,38.0,38.0,38.0,0.0,332.0,332.0,332.0,0.0,143350.0,266716.033,575607.0,3.0,30693.0,10237.66,17684.032,30692.0,3.0,4.0,4.0,0.0,4.0,4.0,0,0,0,0,38.0,332.0,0,0,0,0,0,0,0,0,0.0,149.0,38.0,332.0,0,0,0,0,0,0,4,152,2,664,-1,-1,3,20,0.0,0.0,0.0,0.0,0.0,0.0,0.0,0.0
54981,53,17,124.0,186.0,31.0,31.0,31.0,0.0,93.0,93.0,93.0,0.0,22107.4,36288.84,71720.0,1.0,31737.0,10542.0,18720.822,31720.0,1.0,3.0,3.0,0.0,3.0,3.0,0,0,0,0,31.0,93.0,0,0,0,0,0,0,0,0,0.0,55.8333,31.0,93.0,0,0,0,0,0,0,4,124,2,186,-1,-1,3,20,0.0,0.0,0.0,0.0,0.0,0.0,0.0,0.0
61405,53,17,155.0,242.0,56.0,59.0,52.5,3.5355,60.0,54.0,60.0,8.7774,527609.66,803146.562,1599928.0,46135.0,1602629.0,1602629.0,0.0,1602629.0,1602629.0,1649633.0,1649633.0,0.0,1649633.0,1649633.0,0,0,0,0,59.0,60.0,0,0,0,0,0,0,0,0,1.0,72.0,52.5,60.0,0,0,0,0,0,0,2,155,2,242,-1,-1,1,20,0.0,0.0,0.0,0.0,0.0,0.0,0.0,0.0
443,51928,6,0.0,0.0,0.0,0.0,0.0,0.0,0.0,0.0,0.0,0.0,30.0,35.533,57.0,3.0,3.0,3.0,0.0,3.0,3.0,0.0,0.0,0.0,0.0,0.0,0,0,0,0,0.0,0.0,0,0,0,0,1,1,0,0,0.0,0.0,0.0,0.0,0,0,0,0,0,0,2,0,1,0,379,32832,0,32,0.0,0.0,0.0,0.0,0.0,0.0,0.0,0.0
443,34603,6,0.0,0.0,0.0,0.0,0.0,0.0,0.0,0.0,0.0,0.0,59.0,0.0,59.0,59.0,0.0,0.0,0.0,0.0,0.0,0.0,0.0,0.0,0.0,0.0,0,0,0,0,0.0,0.0,0,0,0,0,1,0,0,0,1.0,0.0,0.0,0.0,0,0,0,0,0,0,1,0,1,0,357,376,0,32,0.0,0.0,0.0,0.0,0.0,0.0,0.0,0.0
61457,53,17,118.0,472.0,69.0,59.0,59.0,1.4142,322.0,110.0,237.0,145.9543,29228937.0,55665117.314,88733697.0,60421.0,88723483.0,88723483.0,0.0,88723483.0,88723483.0,88763241.0,88763241.0,0.0,88763241.0,88763241.0,0,0,0,0,59.0,322.0,0,0,0,0,0,0,0,0,1.0,150.5,59.0,237.0,0,0,0,0,0,0,2,118,2,472,-1,-1,1,20,30634.0,0.0,30634.0,30634.0,88733625.0,0.0,88733695.0,88733625.0
443,45365,6,0.0,18.0,0.0,0.0,0.0,0.0,6.0,6.0,6.0,0.0,77921.0,183477.04,478822.0,1.0,479962.0,279962.0,0.0,479962.0,479962.0,4.0,2.0,1.414,3.0,1.0,0,0,0,0,0.0,6.0,0,0,0,0,1,0,0,0,1.0,3.6,0.0,6.0,0,0,0,0,0,0,2,0,3,18,114,0,0,32,0.0,0.0,0.0,0.0,0.0,0.0,0.0,0.0
22837,53,17,76.0,484.0,38.0,38.0,38.0,0.0,242.0,242.0,242.0,0.0,80.33,136.913,235.0,3.0,3.0,3.0,0.0,3.0,3.0,3.0,3.0,0.0,3.0,3.0,0,0,0,0,38.0,242.0,0,0,0,0,0,0,0,0,1.0,149.5,38.0,242.0,0,0,0,0,0,0,2,76,2,484,-1,-1,1,20,0.0,0.0,0.0,0.0,0.0,0.0,0.0,0.0
55874,443,6,356.0,3782.0,212.0,0.0,59.3333,89.2248,1460.0,0.0,630.3333,677.2171,24020.27,39626.551,86167.0,48.0,263620.0,52524.0,46283.98,96516.0,163.0,175086.0,35245.2,47720.361,87686.0,48.0,0,0,0,0,0.0,1460.0,0,0,0,1,0,0,0,0,1.0,344.8333,59.3333,630.3333,0,0,0,0,0,0,6,356,6,3782,8192,60,5,20,0.0,0.0,0.0,0.0,0.0,0.0,0.0,0.0
58631,443,6,1397.0,8940.0,938.0,0.0,126.1667,280.3397,1794.0,0.0,640.8333,794.9825,346451.88,1482172.359,7918738.0,1.0,575903.0,91900.28,57143.017,238628.0,55.0,7377539.0,617418.09,1945308.997,7901114.0,4.0,0,0,0,0,0.0,1794.0,0,0,0,1,0,0,0,0,1.0,401.42,126.1667,640.8333,0,0,0,0,0,0,15,1397,12,8940,29200,1247,3,32,0.0,0.0,0.0,0.0,0.0,0.0,0.0,0.0
61181,53,17,58.0,114.0,58.0,58.0,58.0,0.0,114.0,114.0,114.0,0.0,31185.0,0.0,31185.0,31185.0,0.0,0.0,0.0,0.0,0.0,0.0,0.0,0.0,0.0,0.0,0,0,0,0,58.0,114.0,0,0,0,0,0,0,0,0,1.0,115.0,58.0,114.0,0,0,0,0,0,0,1,58,1,114,-1,-1,0,32,0.0,0.0,0.0,0.0,0.0,0.0,0.0,0.0
61447,53,17,55.0,113.0,55.0,55.0,55.0,0.0,113.0,113.0,113.0,0.0,60363.0,0.0,60363.0,60363.0,0.0,0.0,0.0,0.0,0.0,0.0,0.0,0.0,0.0,0.0,0,0,0,0,55.0,113.0,0,0,0,0,0,0,0,0,1.0,111.5,55.0,113.0,0,0,0,0,0,0,1,55,1,113,-1,-1,0,20,0.0,0.0,0.0,0.0,0.0,0.0,0.0,0.0
39368,443,6,581.0,3954.0,194.0,0.0,56.1,73.7344,1410.0,0.0,599.8889,656.4621,17374.8,62852.643,338194.0,4.0,405016.0,36951.55,37753.445,338194.0,4.0,105228.0,13865.66,20639.084,51301.0,4.0,0,0,0,0,0.0,1410.0,0,0,0,1,0,0,0,0,0.0,281.35,56.1,599.8889,0,0,0,0,0,0,10,581,7,3954,29200,340,9,32,0.0,0.0,0.0,0.0,0.0,0.0,0.0,0.0
58173,53,17,72.0,136.0,36.0,36.0,36.0,0.0,68.0,68.0,68.0,0.0,66.0,74.952,147.0,3.0,3.0,3.0,0.0,3.0,3.0,48.0,48.0,0.0,48.0,48.0,0,0,0,0,36.0,68.0,0,0,0,0,0,0,0,0,1.0,61.0,36.0,68.0,0,0,0,0,0,0,2,72,2,136,-1,-1,1,32,0.0,0.0,0.0,0.0,0.0,0.0,0.0,0.0
443,60218,6,37.0,0.0,31.0,6.0,18.5,17.6777,0.0,0.0,0.0,0.0,3.0,0.0,3.0,3.0,3.0,3.0,0.0,3.0,3.0,0.0,0.0,0.0,0.0,0.0,1,0,0,0,6.0,31.0,0,1,0,0,1,0,0,0,0.0,34.0,18.5,0.0,0,0,0,0,0,0,2,37,0,0,946,-1,1,20,0.0,0.0,0.0,0.0,0.0,0.0,0.0,0.0
60868,53,17,105.0,145.0,55.0,48.0,52.5,4.9497,133.0,72.0,92.5,47.619,39255188.33,62189693.922,108877544.0,30890.0,108878465.0,108878465.0,0.0,108878465.0,108878465.0,108927589.0,108927589.0,0.0,108927589.0,108927589.0,0,0,0,0,48.0,133.0,0,0,0,0,0,0,0,0,1.0,80.75,52.5,92.5,0,0,0,0,0,0,2,105,2,145,-1,-1,1,40,32870.0,0.0,32870.0,32870.0,108877539.0,0.0,108877539.0,108877539.0
60586,53,17,143.0,219.0,91.0,52.0,66.5,32.364,119.0,72.0,109.5,7.1209,19232138.0,32758861.694,59720832.0,30280.0,59844380.0,59844380.0,0.0,59844380.0,59844380.0,59750201.0,59750201.0,0.0,59750201.0,59750201.0,0,0,0,0,52.0,119.0,0,0,0,0,0,0,0,0,1.0,102.25,66.5,109.5,0,0,0,0,0,0,2,143,2,219,-1,-1,1,32,30463.0,0.0,30463.0,30463.0,59720835.0,0.0,59720835.0,59720835.0
7198,53,17,86.0,204.0,43.0,43.0,43.0,0.0,102.0,102.0,102.0,0.0,359.33,685.982,1072.0,3.0,3.0,3.0,0.0,3.0,3.0,3.0,3.0,0.0,3.0,3.0,0,0,0,0,43.0,102.0,0,0,0,0,0,0,0,0,1.0,83.25,43.0,102.0,0,0,0,0,0,0,2,86,2,204,-1,-1,1,20,0.0,0.0,0.0,0.0,0.0,0.0,0.0,0.0
55117,53,17,172.0,210.0,43.0,43.0,43.0,0.0,105.0,105.0,105.0,0.0,9603.6,14603.671,30523.0,3.0,30566.0,10188.33,17656.791,30563.0,3.0,4.0,4.0,0.0,4.0,4.0,0,0,0,0,43.0,105.0,0,0,0,0,0,0,0,0,0.0,75.8333,43.0,105.0,0,0,0,0,0,0,4,172,2,210,-1,-1,3,20,0.0,0.0,0.0,0.0,0.0,0.0,0.0,0.0
56249,443,6,1438.0,1167.0,1155.0,0.0,241.25,488.5663,1029.0,0.0,233.4,448.5703,763145.42,1759838.987,5821426.0,49.0,6066854.0,1632669.42,2319073.108,5821426.0,49.0,161620.0,65405.0,34847.913,60092.0,3392.0,0,0,0,0,0.0,1155.0,0,0,0,1,0,0,0,0,0.0,220.4,241.25,233.4,0,0,0,0,0,0,8,1438,5,1167,8192,74,7,20,0.0,0.0,0.0,0.0,0.0,0.0,0.0,0.0
443,54950,6,37.0,0.0,37.0,0.0,18.5,26.163,0.0,0.0,0.0,0.0,3.0,0.0,3.0,3.0,3.0,3.0,0.0,3.0,3.0,0.0,0.0,0.0,0.0,0.0,1,0,0,0,0.0,37.0,0,1,0,0,1,0,0,0,0.0,37.0,18.5,0.0,0,0,0,0,0,0,2,37,0,0,972,-1,0,32,0.0,0.0,0.0,0.0,0.0,0.0,0.0,0.0
60186,53,17,53.0,83.0,53.0,53.0,53.0,0.0,83.0,83.0,83.0,0.0,30813.0,0.0,30813.0,30813.0,0.0,0.0,0.0,0.0,0.0,0.0,0.0,0.0,0.0,0.0,0,0,0,0,53.0,83.0,0,0,0,0,0,0,0,0,1.0,94.5,53.0,83.0,0,0,0,0,0,0,1,53,1,83,-1,-1,0,20,0.0,0.0,0.0,0.0,0.0,0.0,0.0,0.0
443,57587,6,0.0,0.0,0.0,0.0,0.0,0.0,0.0,0.0,0.0,0.0,2844.0,0.0,2844.0,2844.0,2844.0,2844.0,0.0,2844.0,2844.0,0.0,0.0,0.0,0.0,0.0,0,0,0,0,0.0,0.0,0,0,0,0,1,0,0,0,0.0,0.0,0.0,0.0,0,0,0,0,0,0,2,0,0,0,470,-1,0,32,0.0,0.0,0.0,0.0,0.0,0.0,0.0,0.0
61097,53,17,146.0,382.0,91.0,50.0,74.0,22.6279,197.0,155.0,191.0,6.2855,702971.0,1322651.989,2046262.0,30474.0,2116624.0,2116624.0,0.0,2116624.0,2116624.0,2116518.0,2116518.0,0.0,2116518.0,2116518.0,0,0,0,0,50.0,197.0,0,0,0,0,0,0,0,0,1.0,147.5,74.0,191.0,0,0,0,0,0,0,2,146,2,382,-1,-1,1,20,0.0,0.0,0.0,0.0,0.0,0.0,0.0,0.0
49802,53,17,70.0,254.0,35.0,35.0,35.0,0.0,127.0,127.0,127.0,0.0,69.0,37.526,112.0,48.0,48.0,48.0,0.0,48.0,48.0,49.0,49.0,0.0,49.0,49.0,0,0,0,0,35.0,127.0,0,0,0,0,0,0,0,0,1.0,89.75,35.0,127.0,0,0,0,0,0,0,2,70,2,254,-1,-1,1,32,0.0,0.0,0.0,0.0,0.0,0.0,0.0,0.0
443,63408,6,37.0,0.0,37.0,0.0,18.5,26.163,0.0,0.0,0.0,0.0,3.0,0.0,3.0,3.0,3.0,3.0,0.0,3.0,3.0,0.0,0.0,0.0,0.0,0.0,1,0,0,0,0.0,37.0,0,1,0,0,1,0,0,0,0.0,37.0,18.5,0.0,0,0,0,0,0,0,2,37,0,0,61,-1,0,32,0.0,0.0,0.0,0.0,0.0,0.0,0.0,0.0
58639,53,17,80.0,112.0,40.0,40.0,40.0,0.0,56.0,56.0,56.0,0.0,55.66,95.952,160.0,3.0,3.0,3.0,0.0,3.0,3.0,3.0,3.0,0.0,3.0,3.0,0,0,0,0,40.0,56.0,0,0,0,0,0,0,0,0,1.0,58.0,40.0,56.0,0,0,0,0,0,0,2,80,2,112,-1,-1,1,32,0.0,0.0,0.0,0.0,0.0,0.0,0.0,0.0
15303,53,17,66.0,500.0,33.0,33.0,33.0,0.0,250.0,250.0,250.0,0.0,87.33,142.78,252.0,4.0,4.0,4.0,0.0,4.0,4.0,4.0,4.0,0.0,4.0,4.0,0,0,0,0,33.0,250.0,0,0,0,0,0,0,0,0,1.0,149.75,33.0,250.0,0,0,0,0,0,0,2,66,2,500,-1,-1,1,40,0.0,0.0,0.0,0.0,0.0,0.0,0.0,0.0
62268,53,17,54.0,82.0,54.0,54.0,54.0,0.0,82.0,82.0,82.0,0.0,31087.0,0.0,31087.0,31087.0,0.0,0.0,0.0,0.0,0.0,0.0,0.0,0.0,0.0,0.0,0,0,0,0,54.0,82.0,0,0,0,0,0,0,0,0,1.0,95.0,54.0,82.0,0,0,0,0,0,0,1,54,1,82,-1,-1,0,20,0.0,0.0,0.0,0.0,0.0,0.0,0.0,0.0
443,43141,6,31.0,0.0,31.0,0.0,15.5,21.9203,0.0,0.0,0.0,0.0,3.0,0.0,3.0,3.0,3.0,3.0,0.0,3.0,3.0,0.0,0.0,0.0,0.0,0.0,1,0,0,0,0.0,31.0,0,1,0,0,1,0,0,0,0.0,31.0,15.5,0.0,0,0,0,0,0,0,2,31,0,0,939,-1,0,32,0.0,0.0,0.0,0.0,0.0,0.0,0.0,0.0
443,56987,6,37.0,0.0,31.0,6.0,18.5,17.6777,0.0,0.0,0.0,0.0,4.0,0.0,4.0,4.0,4.0,4.0,0.0,4.0,4.0,0.0,0.0,0.0,0.0,0.0,1,0,0,0,6.0,31.0,0,1,0,0,1,0,0,0,0.0,34.0,18.5,0.0,0,0,0,0,0,0,2,37,0,0,1129,-1,1,20,0.0,0.0,0.0,0.0,0.0,0.0,0.0,0.0
443,59311,6,0.0,0.0,0.0,0.0,0.0,0.0,0.0,0.0,0.0,0.0,24.0,35.962,41.0,3.0,3.0,3.0,0.0,3.0,3.0,0.0,0.0,0.0,0.0,0.0,0,0,0,0,0.0,0.0,0,0,0,0,1,1,0,0,0.0,0.0,0.0,0.0,0,0,0,0,0,0,2,0,1,0,349,32832,0,32,0.0,0.0,0.0,0.0,0.0,0.0,0.0,0.0
41792,443,6,2486.0,5245.0,1276.0,0.0,201.2,470.9556,1713.0,0.0,458.0833,626.7914,1596521.61,3534091.227,9998835.0,3.0,20409526.0,2539820.6,4474190.136,10020615.0,248.0,30415521.0,4439461.36,5052425.166,10023967.0,3.0,0,0,0,0,0.0,1713.0,0,0,0,1,0,0,0,0,1.0,389.8148,201.2,458.0833,0,0,0,0,0,0,15,2486,12,5245,29200,71,4,32,101444.66,103085.17,405657.0,34754.0,9812465.55,334001.808,9998835.0,9949970.0
39709,443,6,4404.0,719181.0,793.0,0.0,73.1077,174.8279,4380.0,0.0,1850.4732,1048.6642,428799.8,1988005.622,10014267.0,0.0,116182876.0,1155263.69,3005890.246,10048026.0,0.0,116164990.0,828395.97,2575308.582,10039245.0,1.0,0,0,0,0,0.0,4380.0,0,0,0,1,0,0,0,0,1.0,1006.7845,73.1077,1850.4732,0,0,0,0,0,0,512,4404,533,419181,29200,295,108,20,118918.45,373970.498,1247201.0,22164.0,9612030.33,1363141.684,10014261.0,5403276.0
60653,53,17,52.0,113.0,52.0,52.0,52.0,0.0,113.0,113.0,113.0,0.0,526.0,0.0,526.0,526.0,0.0,0.0,0.0,0.0,0.0,0.0,0.0,0.0,0.0,0.0,0,0,0,0,52.0,113.0,0,0,0,0,0,0,0,0,1.0,108.5,52.0,113.0,0,0,0,0,0,0,1,52,1,113,-1,-1,0,32,0.0,0.0,0.0,0.0,0.0,0.0,0.0,0.0
60297,53,17,57.0,118.0,57.0,57.0,57.0,0.0,118.0,118.0,118.0,0.0,31030.0,0.0,31030.0,31030.0,0.0,0.0,0.0,0.0,0.0,0.0,0.0,0.0,0.0,0.0,0,0,0,0,57.0,118.0,0,0,0,0,0,0,0,0,1.0,116.0,57.0,118.0,0,0,0,0,0,0,1,57,1,118,-1,-1,0,20,0.0,0.0,0.0,0.0,0.0,0.0,0.0,0.0
53211,443,6,352.0,3782.0,208.0,0.0,58.6667,87.8605,1460.0,0.0,630.3333,677.2171,23728.63,39455.526,85341.0,15.0,261213.0,52826.6,46685.468,90509.0,113.0,176357.0,35369.4,46663.507,87236.0,49.0,0,0,0,0,0.0,1460.0,0,0,0,1,0,0,0,0,1.0,344.5,58.6667,630.3333,0,0,0,0,0,0,6,352,6,3782,8192,60,5,20,0.0,0.0,0.0,0.0,0.0,0.0,0.0,0.0
47994,80,6,431.0,2267.0,431.0,0.0,143.6667,248.838,2267.0,0.0,566.75,1133.5,10059.33,14901.058,39418.0,3.0,39398.0,19699.0,21449.663,39839.0,2085.0,30369.0,10189.33,16851.438,39655.0,3.0,0,0,0,0,0.0,2267.0,0,0,0,1,0,0,0,0,1.0,385.4286,143.6667,566.75,0,0,0,0,0,0,3,431,4,2267,29200,237,1,32,0.0,0.0,0.0,0.0,0.0,0.0,0.0,0.0
36107,80,6,549.0,1971.0,435.0,0.0,30.9167,101.2252,979.0,0.0,135.6429,321.0398,3718161.88,4884195.872,10207158.0,46.0,115808426.0,7743284.47,4401718.184,10240014.0,36731.0,112460852.0,8039234.46,4359835.377,10240500.0,20791.0,0,0,0,0,0.0,979.0,0,0,0,1,0,0,0,0,0.0,74.7333,30.9167,135.6429,0,0,0,0,0,0,17,549,14,1971,29200,939,1,32,303321.54,5641.314,387063.0,14965.0,10201613.36,42262.251,10207154.0,10002664.0
59353,443,6,3264.0,6705.0,1448.0,0.0,247.375,554.1668,2273.0,0.0,891.0769,874.223,19972.81,41337.767,149835.0,3.0,599691.0,58936.0,68318.317,142455.0,3.0,449792.0,44935.87,61942.734,140943.0,3.0,0,0,0,0,0.0,2273.0,0,0,0,1,0,0,0,0,0.0,580.0238,247.375,891.0769,0,0,0,0,0,0,16,3264,9,6705,65535,1133,7,32,0.0,0.0,0.0,0.0,0.0,0.0,0.0,0.0
58623,80,6,0.0,0.0,0.0,0.0,0.0,0.0,0.0,0.0,0.0,0.0,109.0,0.0,109.0,109.0,109.0,109.0,0.0,109.0,109.0,0.0,0.0,0.0,0.0,0.0,0,0,0,0,0.0,0.0,0,0,0,0,1,0,0,0,0.0,0.0,0.0,0.0,0,0,0,0,0,0,2,0,0,0,264,-1,0,32,0.0,0.0,0.0,0.0,0.0,0.0,0.0,0.0
1488,443,6,884.0,19006.0,405.0,0.0,48.4286,103.0371,2860.0,0.0,761.8,960.6753,2824610.65,4436374.76,10099679.0,3.0,115284833.0,5480830.85,4990436.646,10026772.0,3.0,110210411.0,5854013.95,5052956.846,10124716.0,48.0,0,0,0,0,0.0,2860.0,0,0,0,1,0,0,0,0,0.0,382.2866,48.4286,761.8,0,0,0,0,0,0,28,884,20,19006,8192,980,27,20,18407.41,62098.628,298444.0,22471.0,10003358.27,2066.603,10099679.0,9999900.0
443,57043,6,37.0,0.0,31.0,6.0,18.5,17.6777,0.0,0.0,0.0,0.0,3.0,0.0,3.0,3.0,3.0,3.0,0.0,3.0,3.0,0.0,0.0,0.0,0.0,0.0,1,0,0,0,6.0,31.0,0,1,0,0,1,0,0,0,0.0,34.0,18.5,0.0,0,0,0,0,0,0,2,37,0,0,63,-1,1,20,0.0,0.0,0.0,0.0,0.0,0.0,0.0,0.0
1301,53,17,66.0,386.0,33.0,33.0,33.0,0.0,193.0,193.0,193.0,0.0,71.33,117.48,203.0,3.0,3.0,3.0,0.0,3.0,3.0,4.0,4.0,0.0,4.0,4.0,0,0,0,0,33.0,193.0,0,0,0,0,0,0,0,0,1.0,121.25,33.0,193.0,0,0,0,0,0,0,2,66,2,386,-1,-1,1,20,0.0,0.0,0.0,0.0,0.0,0.0,0.0,0.0
54636,443,6,1136.0,1119.0,885.0,0.0,113.6,275.3613,1081.0,0.0,186.5,417.1187,37284.53,56492.214,123434.0,4.0,317128.0,32934.55,53199.492,125204.0,4.0,217814.0,77456.8,95393.069,106918.0,256.0,0,0,0,0,0.0,1081.0,0,0,0,1,0,0,0,0,0.0,140.9375,113.6,186.5,0,0,0,0,0,0,10,1136,6,1119,65535,116,5,32,0.0,0.0,0.0,0.0,0.0,0.0,0.0,0.0
18010,53,17,72.0,266.0,36.0,36.0,36.0,0.0,133.0,133.0,133.0,0.0,79.0,139.641,238.0,1.0,1.0,1.0,0.0,1.0,1.0,1.0,1.0,0.0,1.0,1.0,0,0,0,0,36.0,133.0,0,0,0,0,0,0,0,0,1.0,93.5,36.0,133.0,0,0,0,0,0,0,2,72,2,266,-1,-1,1,32,0.0,0.0,0.0,0.0,0.0,0.0,0.0,0.0
53244,80,6,12.0,0.0,6.0,6.0,6.0,0.0,0.0,0.0,0.0,0.0,9226.0,0.0,9226.0,9226.0,9226.0,9226.0,0.0,9226.0,9226.0,0.0,0.0,0.0,0.0,0.0,0,0,0,0,6.0,6.0,0,0,0,0,1,0,0,0,0.0,9.0,6.0,0.0,0,0,0,0,0,0,2,12,0,0,63668,-1,1,20,0.0,0.0,0.0,0.0,0.0,0.0,0.0,0.0
50562,80,6,12.0,0.0,6.0,6.0,6.0,0.0,0.0,0.0,0.0,0.0,56.0,0.0,56.0,56.0,56.0,56.0,0.0,56.0,56.0,0.0,0.0,0.0,0.0,0.0,0,0,0,0,6.0,6.0,0,0,0,0,1,0,0,0,0.0,9.0,6.0,0.0,0,0,0,0,0,0,2,12,0,0,256,-1,1,20,0.0,0.0,0.0,0.0,0.0,0.0,0.0,0.0
443,62790,6,0.0,0.0,0.0,0.0,0.0,0.0,0.0,0.0,0.0,0.0,69.0,0.0,69.0,69.0,0.0,0.0,0.0,0.0,0.0,0.0,0.0,0.0,0.0,0.0,0,0,0,0,0.0,0.0,0,0,0,0,1,0,0,0,1.0,0.0,0.0,0.0,0,0,0,0,0,0,1,0,1,0,362,32832,0,32,0.0,0.0,0.0,0.0,0.0,0.0,0.0,0.0
3954,80,6,12.0,0.0,6.0,0.0,4.0,3.4641,0.0,0.0,0.0,0.0,1953166.0,3395525.859,5711544.0,58.0,5753596.0,2876798.0,4055753.93,5711544.0,151654.0,0.0,0.0,0.0,0.0,0.0,0,0,0,0,0.0,6.0,0,0,0,1,0,0,0,0,0.0,3.0,4.0,0.0,0,0,0,0,0,0,3,12,1,0,8192,29200,2,20,0.0,0.0,0.0,0.0,0.0,0.0,0.0,0.0
55799,443,6,18.0,0.0,6.0,6.0,6.0,0.0,0.0,0.0,0.0,0.0,161.0,237.978,416.0,3.0,485.0,242.5,307.301,485.0,3.0,0.0,0.0,0.0,0.0,0.0,0,0,0,0,0.0,6.0,1,0,0,0,0,0,0,0,0.0,6.0,6.0,0.0,0,0,0,0,0,0,3,18,1,0,0,972,2,20,0.0,0.0,0.0,0.0,0.0,0.0,0.0,0.0
443,59161,6,0.0,18.0,0.0,0.0,0.0,0.0,6.0,6.0,6.0,0.0,9.33,6.167,15.0,1.0,0.0,0.0,0.0,0.0,0.0,50.0,25.0,30.0,49.0,1.0,0,0,0,0,0.0,6.0,0,0,0,0,1,0,0,0,3.0,4.5,0.0,6.0,0,0,0,0,0,0,1,0,3,18,972,0,0,32,0.0,0.0,0.0,0.0,0.0,0.0,0.0,0.0
49216,53,17,84.0,228.0,42.0,42.0,42.0,0.0,114.0,114.0,114.0,0.0,68.33,74.375,152.0,1.0,47.0,47.0,0.0,47.0,47.0,1.0,1.0,0.0,1.0,1.0,0,0,0,0,42.0,114.0,0,0,0,0,0,0,0,0,1.0,88.5,42.0,114.0,0,0,0,0,0,0,2,84,2,228,-1,-1,1,32,0.0,0.0,0.0,0.0,0.0,0.0,0.0,0.0
47544,53,17,76.0,410.0,38.0,38.0,38.0,0.0,205.0,205.0,205.0,0.0,10568.66,18264.555,31600.0,3.0,3.0,3.0,0.0,3.0,3.0,49.0,49.0,0.0,49.0,49.0,0,0,0,0,38.0,205.0,0,0,0,0,0,0,0,0,1.0,131.0,38.0,205.0,0,0,0,0,0,0,2,76,2,410,-1,-1,1,32,0.0,0.0,0.0,0.0,0.0,0.0,0.0,0.0
56933,443,6,704.0,1327.0,453.0,0.0,70.4,142.9399,1189.0,0.0,265.4,519.7546,22302.76,36202.547,88956.0,3.0,586756.0,40402.44,44452.387,96909.0,3.0,380450.0,73082.0,61258.798,168202.0,462.0,0,0,0,0,0.0,1189.0,0,0,0,1,0,0,0,0,0.0,135.4,70.4,265.4,0,0,0,0,0,0,10,704,5,1327,65535,65,5,32,0.0,0.0,0.0,0.0,0.0,0.0,0.0,0.0
443,61421,6,6.0,6.0,6.0,6.0,6.0,0.0,6.0,6.0,6.0,0.0,286.0,0.0,286.0,286.0,0.0,0.0,0.0,0.0,0.0,0.0,0.0,0.0,0.0,0.0,0,0,0,0,6.0,6.0,0,0,0,0,1,1,0,0,1.0,9.0,6.0,6.0,0,0,0,0,0,0,1,6,1,6,8192,256,0,20,0.0,0.0,0.0,0.0,0.0,0.0,0.0,0.0
50114,53,17,62.0,368.0,31.0,31.0,31.0,0.0,184.0,184.0,184.0,0.0,77.0,98.109,185.0,4.0,4.0,4.0,0.0,4.0,4.0,49.0,49.0,0.0,49.0,49.0,0,0,0,0,31.0,184.0,0,0,0,0,0,0,0,0,1.0,115.25,31.0,184.0,0,0,0,0,0,0,2,62,2,368,-1,-1,1,32,0.0,0.0,0.0,0.0,0.0,0.0,0.0,0.0
443,51949,6,0.0,18.0,0.0,0.0,0.0,0.0,6.0,6.0,6.0,0.0,43808.25,86183.577,173346.0,1.0,173457.0,173457.0,0.0,173457.0,173457.0,4.0,2.0,1.414,3.0,1.0,0,0,0,0,0.0,6.0,0,0,0,0,1,0,0,0,1.0,3.6,0.0,6.0,0,0,0,0,0,0,2,0,3,18,114,0,0,32,0.0,0.0,0.0,0.0,0.0,0.0,0.0,0.0
62618,53,17,84.0,310.0,42.0,42.0,42.0,0.0,155.0,155.0,155.0,0.0,10232.66,17713.72,30742.0,3.0,3.0,3.0,0.0,3.0,3.0,4.0,4.0,0.0,4.0,4.0,0,0,0,0,42.0,155.0,0,0,0,0,0,0,0,0,1.0,109.0,42.0,155.0,0,0,0,0,0,0,2,84,2,310,-1,-1,1,32,0.0,0.0,0.0,0.0,0.0,0.0,0.0,0.0
64388,53,17,76.0,160.0,38.0,38.0,38.0,0.0,80.0,80.0,80.0,0.0,62.66,101.336,182.0,3.0,4.0,4.0,0.0,4.0,4.0,3.0,3.0,0.0,3.0,3.0,0,0,0,0,38.0,80.0,0,0,0,0,0,0,0,0,1.0,68.5,38.0,80.0,0,0,0,0,0,0,2,76,2,160,-1,-1,1,40,0.0,0.0,0.0,0.0,0.0,0.0,0.0,0.0
55640,443,6,890.0,11470.0,297.0,0.0,50.675,84.1099,2920.0,0.0,643.3913,995.3414,2758376.75,12695332.573,58939562.0,2.0,118024237.0,5334644.04,17453810.352,58936562.0,13.0,118739821.0,5824156.0,15973703.013,59003333.0,4.0,0,0,0,0,0.0,2920.0,0,0,0,1,0,0,0,0,1.0,369.4562,50.675,643.3913,0,0,0,0,0,0,16,890,18,11470,8192,127,15,20,496469.0,822466.231,652239.0,79889.0,58578013.5,23847.742,58939564.0,58680636.0
50509,53,17,90.0,146.0,45.0,45.0,45.0,0.0,73.0,73.0,73.0,0.0,21679.0,37396.454,64932.0,3.0,3.0,3.0,0.0,3.0,3.0,3.0,3.0,0.0,3.0,3.0,0,0,0,0,45.0,73.0,0,0,0,0,0,0,0,0,1.0,70.25,45.0,73.0,0,0,0,0,0,0,2,90,2,146,-1,-1,1,20,0.0,0.0,0.0,0.0,0.0,0.0,0.0,0.0
38406,53,17,80.0,336.0,40.0,40.0,40.0,0.0,168.0,168.0,168.0,0.0,119.33,192.066,255.0,0.0,0.0,0.0,0.0,0.0,0.0,1.0,1.0,0.0,1.0,1.0,0,0,0,0,40.0,168.0,0,0,0,0,0,0,0,0,1.0,114.0,40.0,168.0,0,0,0,0,0,0,2,80,2,336,-1,-1,1,32,0.0,0.0,0.0,0.0,0.0,0.0,0.0,0.0
50559,53,17,148.0,208.0,37.0,37.0,37.0,0.0,104.0,104.0,104.0,0.0,13075.2,13696.499,34229.0,3.0,35137.0,11072.33,14428.825,35120.0,3.0,3.0,3.0,0.0,3.0,3.0,0,0,0,0,37.0,104.0,0,0,0,0,0,0,0,0,0.0,64.5,37.0,104.0,0,0,0,0,0,0,4,148,2,208,-1,-1,3,20,0.0,0.0,0.0,0.0,0.0,0.0,0.0,0.0
61561,53,17,55.0,111.0,55.0,55.0,55.0,0.0,111.0,111.0,111.0,0.0,47589.0,0.0,47589.0,47589.0,0.0,0.0,0.0,0.0,0.0,0.0,0.0,0.0,0.0,0.0,0,0,0,0,55.0,111.0,0,0,0,0,0,0,0,0,1.0,110.5,55.0,111.0,0,0,0,0,0,0,1,55,1,111,-1,-1,0,32,0.0,0.0,0.0,0.0,0.0,0.0,0.0,0.0
50901,443,6,759.0,6515.0,331.0,0.0,35.9765,82.3865,1502.0,0.0,382.25,608.0865,2284361.3,4195339.344,10024517.0,40.0,91360279.0,4318979.42,5121400.892,10048016.0,380.0,91209402.0,4770827.79,4966104.473,10048251.0,50.0,0,0,0,0,0.0,1502.0,0,0,0,1,0,0,0,0,0.0,205.2789,35.9765,382.25,0,0,0,0,0,0,17,759,12,6515,29200,972,3,32,122140.4,234993.521,770462.0,23121.0,10011764.0,10698.6,10024513.0,9999519.0
443,60912,6,37.0,0.0,37.0,0.0,12.3333,21.362,0.0,0.0,0.0,0.0,2.0,1.414,3.0,1.0,4.0,2.0,1.414,3.0,1.0,0.0,0.0,0.0,0.0,0.0,0,0,0,0,0.0,37.0,0,0,0,0,1,0,0,0,0.0,12.3333,12.3333,0.0,0,0,0,0,0,0,3,37,0,0,116,-1,1,32,0.0,0.0,0.0,0.0,0.0,0.0,0.0,0.0
50296,80,6,1678.0,3058.0,1448.0,0.0,128.8571,380.6031,746.0,0.0,139.8571,300.7222,3954418.65,4866497.893,10024169.0,66.0,116060916.0,7715872.66,4156473.38,10031771.0,199.0,110522838.0,8507137.69,3761382.707,10050754.0,20953.0,0,0,0,0,0.0,1448.0,0,0,0,1,0,0,0,0,0.0,138.897,128.8571,139.8571,0,0,0,0,0,0,14,1678,14,3058,29200,362,2,32,35230.81,19635.499,97914.0,22908.0,10012086.54,5268.985,10024162.0,9997965.0
443,52296,6,0.0,0.0,0.0,0.0,0.0,0.0,0.0,0.0,0.0,0.0,3.0,0.0,3.0,3.0,3.0,3.0,0.0,3.0,3.0,0.0,0.0,0.0,0.0,0.0,0,0,0,0,0.0,0.0,0,0,0,0,1,0,0,0,0.0,0.0,0.0,0.0,0,0,0,0,0,0,2,0,0,0,362,-1,0,32,0.0,0.0,0.0,0.0,0.0,0.0,0.0,0.0
53601,53,17,90.0,172.0,45.0,45.0,45.0,0.0,86.0,86.0,86.0,0.0,64.66,62.004,138.0,3.0,3.0,3.0,0.0,3.0,3.0,49.0,49.0,0.0,49.0,49.0,0,0,0,0,45.0,86.0,0,0,0,0,0,0,0,0,1.0,76.75,45.0,86.0,0,0,0,0,0,0,2,90,2,172,-1,-1,1,32,0.0,0.0,0.0,0.0,0.0,0.0,0.0,0.0
443,58896,6,6.0,6.0,6.0,6.0,6.0,0.0,6.0,6.0,6.0,0.0,100.0,0.0,100.0,100.0,0.0,0.0,0.0,0.0,0.0,0.0,0.0,0.0,0.0,0.0,0,0,0,0,6.0,6.0,0,0,0,0,1,1,0,0,1.0,9.0,6.0,6.0,0,0,0,0,0,0,1,6,1,6,357,254,0,20,0.0,0.0,0.0,0.0,0.0,0.0,0.0,0.0
443,56804,6,12.0,0.0,6.0,6.0,6.0,0.0,0.0,0.0,0.0,0.0,1000003.0,0.0,1000003.0,1000003.0,1000003.0,1000003.0,0.0,1000003.0,1000003.0,0.0,0.0,0.0,0.0,0.0,0,0,0,0,6.0,6.0,0,0,0,0,1,0,0,0,0.0,9.0,6.0,0.0,0,0,0,0,0,0,2,12,0,0,5737,-1,1,20,0.0,0.0,0.0,0.0,0.0,0.0,0.0,0.0
40999,80,6,432.0,1778.0,432.0,0.0,10.0,57.6,1778.0,0.0,226.4615,621.0314,3987330.04,4975844.702,10212983.0,33.0,115737180.0,7719651.0,4358294.058,10240092.0,3763.0,112470085.0,8040060.68,3839492.161,10240224.0,15063.0,0,0,0,0,0.0,1778.0,0,0,0,1,0,0,0,0,0.0,122.3667,10.0,226.4615,0,0,0,0,0,0,16,432,17,1778,29200,939,1,32,23052.45,7325.416,44714.0,23695.0,10200069.36,54661.281,10212989.0,10005953.0
58519,443,6,800.0,698.0,485.0,0.0,133.3333,192.9971,501.0,0.0,87.25,176.542,94141.11,279844.725,968911.0,1.0,246349.0,51307.8,49024.889,134569.0,154.0,1155246.0,165845.66,390568.522,1008782.0,1.0,0,0,0,0,0.0,501.0,0,0,0,1,0,0,0,0,1.0,107.0,133.3333,87.25,0,0,0,0,0,0,6,800,7,698,8192,5168,5,20,0.0,0.0,0.0,0.0,0.0,0.0,0.0,0.0
53347,443,6,356.0,3782.0,212.0,0.0,59.3333,89.2248,1460.0,0.0,630.3333,677.2171,23725.27,39109.38,85144.0,47.0,261181.0,52292.2,46294.287,90898.0,166.0,175830.0,37644.0,48412.822,87321.0,49.0,0,0,0,0,0.0,1460.0,0,0,0,1,0,0,0,0,1.0,344.8333,59.3333,630.3333,0,0,0,0,0,0,6,356,6,3782,8192,60,5,20,0.0,0.0,0.0,0.0,0.0,0.0,0.0,0.0
53008,80,6,599.0,23928.0,591.0,0.0,25.619,101.1081,4344.0,0.0,1501.7222,957.7381,892530.18,2774111.473,10020113.0,3.0,40335448.0,2542276.04,4222965.689,10042017.0,57.0,46337941.0,1725127.84,2726255.127,10047197.0,3.0,0,0,0,0,0.0,4344.0,0,0,0,1,0,0,0,0,1.0,852.3666,25.619,1501.7222,0,0,0,0,0,0,22,599,27,23928,29200,59,1,32,86535.5,75852.757,156368.0,23062.0,10013166.0,8707.518,10020112.0,9996024.0
443,49054,6,0.0,0.0,0.0,0.0,0.0,0.0,0.0,0.0,0.0,0.0,51.0,0.0,51.0,51.0,0.0,0.0,0.0,0.0,0.0,0.0,0.0,0.0,0.0,0.0,0,0,0,0,0.0,0.0,0,0,0,0,1,1,0,0,1.0,0.0,0.0,0.0,0,0,0,0,0,0,1,0,1,0,126,1482,0,32,0.0,0.0,0.0,0.0,0.0,0.0,0.0,0.0
50260,443,6,1974.0,9350.0,1317.0,0.0,147.6364,409.4251,1448.0,0.0,493.5833,684.2794,626785.73,3384472.393,10029125.0,3.0,2430501.0,265000.27,940588.986,116010.0,264.0,12323088.0,1267198.5,4452337.945,10113147.0,3.0,0,0,0,0,0.0,1448.0,0,0,0,1,0,0,0,0,1.0,346.2718,147.6364,493.5833,0,0,0,0,0,0,12,1974,24,9350,29200,66,3,32,2376810.0,0.0,2376810.0,2376810.0,10009175.0,0.0,10029125.0,10009175.0
57659,53,17,78.0,160.0,39.0,39.0,39.0,0.0,80.0,80.0,80.0,0.0,20247.33,35098.554,60738.0,4.0,4.0,4.0,0.0,4.0,4.0,4.0,4.0,0.0,4.0,4.0,0,0,0,0,39.0,80.0,0,0,0,0,0,0,0,0,1.0,69.25,39.0,80.0,0,0,0,0,0,0,2,78,2,160,-1,-1,1,20,0.0,0.0,0.0,0.0,0.0,0.0,0.0,0.0
54757,53,17,160.0,188.0,40.0,40.0,40.0,0.0,94.0,94.0,94.0,0.0,6282.2,11496.622,30170.0,2.0,30156.0,10085.0,17815.066,30140.0,2.0,3.0,3.0,0.0,3.0,3.0,0,0,0,0,40.0,94.0,0,0,0,0,0,0,0,0,0.0,69.3333,40.0,94.0,0,0,0,0,0,0,4,160,2,188,-1,-1,3,20,0.0,0.0,0.0,0.0,0.0,0.0,0.0,0.0
443,62978,6,0.0,0.0,0.0,0.0,0.0,0.0,0.0,0.0,0.0,0.0,46.0,0.0,46.0,46.0,0.0,0.0,0.0,0.0,0.0,0.0,0.0,0.0,0.0,0.0,0,0,0,0,0.0,0.0,0,0,0,0,1,1,0,0,1.0,0.0,0.0,0.0,0,0,0,0,0,0,1,0,1,0,357,32832,0,32,0.0,0.0,0.0,0.0,0.0,0.0,0.0,0.0
62173,53,17,52.0,68.0,52.0,52.0,52.0,0.0,68.0,68.0,68.0,0.0,23487.0,0.0,23487.0,23487.0,0.0,0.0,0.0,0.0,0.0,0.0,0.0,0.0,0.0,0.0,0,0,0,0,52.0,68.0,0,0,0,0,0,0,0,0,1.0,86.0,52.0,68.0,0,0,0,0,0,0,1,52,1,68,-1,-1,0,20,0.0,0.0,0.0,0.0,0.0,0.0,0.0,0.0
443,49468,6,0.0,0.0,0.0,0.0,0.0,0.0,0.0,0.0,0.0,0.0,4.0,0.0,4.0,4.0,4.0,4.0,0.0,4.0,4.0,0.0,0.0,0.0,0.0,0.0,0,0,0,0,0.0,0.0,0,0,0,0,1,0,0,0,0.0,0.0,0.0,0.0,0,0,0,0,0,0,2,0,0,0,5514,-1,0,32,0.0,0.0,0.0,0.0,0.0,0.0,0.0,0.0
443,51831,6,12.0,0.0,6.0,6.0,6.0,0.0,0.0,0.0,0.0,0.0,214.0,0.0,214.0,214.0,214.0,214.0,0.0,214.0,214.0,0.0,0.0,0.0,0.0,0.0,0,0,0,0,6.0,6.0,0,0,0,0,1,0,0,0,0.0,9.0,6.0,0.0,0,0,0,0,0,0,2,12,0,0,5114,-1,1,20,0.0,0.0,0.0,0.0,0.0,0.0,0.0,0.0
443,55729,6,12.0,0.0,6.0,6.0,6.0,0.0,0.0,0.0,0.0,0.0,999818.0,0.0,999818.0,999818.0,999818.0,999818.0,0.0,999818.0,999818.0,0.0,0.0,0.0,0.0,0.0,0,0,0,0,6.0,6.0,0,0,0,0,1,0,0,0,0.0,9.0,6.0,0.0,0,0,0,0,0,0,2,12,0,0,6660,-1,1,20,0.0,0.0,0.0,0.0,0.0,0.0,0.0,0.0
38901,53,17,74.0,414.0,37.0,37.0,37.0,0.0,207.0,207.0,207.0,0.0,74.33,86.627,178.0,4.0,48.0,48.0,0.0,48.0,48.0,4.0,4.0,0.0,4.0,4.0,0,0,0,0,37.0,207.0,0,0,0,0,0,0,0,0,1.0,131.25,37.0,207.0,0,0,0,0,0,0,2,74,2,414,-1,-1,1,20,0.0,0.0,0.0,0.0,0.0,0.0,0.0,0.0
49820,443,6,12.0,0.0,6.0,0.0,4.0,3.4641,0.0,0.0,0.0,0.0,2027496.66,3350403.046,5947861.0,3.0,6046986.0,3023493.0,4183623.873,5947861.0,15003.0,0.0,0.0,0.0,0.0,0.0,0,0,0,0,0.0,6.0,0,0,0,1,0,0,0,0,0.0,3.0,4.0,0.0,0,0,0,0,0,0,3,12,1,0,8192,65535,2,20,0.0,0.0,0.0,0.0,0.0,0.0,0.0,0.0
64404,53,17,66.0,206.0,33.0,33.0,33.0,0.0,103.0,103.0,103.0,0.0,86.33,107.047,201.0,1.0,48.0,48.0,0.0,48.0,48.0,1.0,1.0,0.0,1.0,1.0,0,0,0,0,33.0,103.0,0,0,0,0,0,0,0,0,1.0,76.25,33.0,103.0,0,0,0,0,0,0,2,66,2,206,-1,-1,1,20,0.0,0.0,0.0,0.0,0.0,0.0,0.0,0.0
51865,53,17,140.0,404.0,35.0,35.0,35.0,0.0,101.0,101.0,101.0,0.0,5500.14,11610.58,31423.0,3.0,34765.0,11288.33,26773.24,34753.0,3.0,9885.0,3295.66,3540.048,1801.0,3.0,0,0,0,0,35.0,101.0,0,0,0,0,0,0,0,0,1.0,74.125,35.0,101.0,0,0,0,0,0,0,4,140,4,404,-1,-1,3,20,0.0,0.0,0.0,0.0,0.0,0.0,0.0,0.0
60872,53,17,43.0,201.0,43.0,43.0,43.0,0.0,201.0,201.0,201.0,0.0,108443.0,0.0,108443.0,108443.0,0.0,0.0,0.0,0.0,0.0,0.0,0.0,0.0,0.0,0.0,0,0,0,0,43.0,201.0,0,0,0,0,0,0,0,0,1.0,143.5,43.0,201.0,0,0,0,0,0,0,1,43,1,201,-1,-1,0,44,0.0,0.0,0.0,0.0,0.0,0.0,0.0,0.0
57878,443,6,6.0,12.0,6.0,6.0,6.0,0.0,6.0,6.0,6.0,0.0,0.0,8.474,8.0,3.0,0.0,0.0,0.0,0.0,0.0,3.0,3.0,0.0,3.0,3.0,0,0,0,0,6.0,6.0,0,0,0,0,1,0,0,0,2.0,8.0,6.0,6.0,0,0,0,0,0,0,1,6,2,12,16800,292,0,20,0.0,0.0,0.0,0.0,0.0,0.0,0.0,0.0
59607,80,6,0.0,0.0,0.0,0.0,0.0,0.0,0.0,0.0,0.0,0.0,1710384.0,2938778.083,5100989.0,74.0,5130766.0,2565383.0,3656898.81,5100989.0,23927.0,0.0,0.0,0.0,0.0,0.0,0,0,0,0,0.0,0.0,0,0,0,1,0,0,0,0,0.0,0.0,0.0,0.0,0,0,0,0,0,0,3,0,1,0,29200,42408,0,32,0.0,0.0,0.0,0.0,0.0,0.0,0.0,0.0
36811,389,17,104.0,188.0,52.0,52.0,52.0,0.0,94.0,94.0,94.0,0.0,68.33,114.027,199.0,1.0,1.0,1.0,0.0,1.0,1.0,1.0,1.0,0.0,1.0,1.0,0,0,0,0,52.0,94.0,0,0,0,0,0,0,0,0,1.0,86.0,52.0,94.0,0,0,0,0,0,0,2,104,2,188,-1,-1,1,20,0.0,0.0,0.0,0.0,0.0,0.0,0.0,0.0
61639,443,6,1249.0,66664.0,426.0,0.0,35.3546,109.6094,2920.0,0.0,1595.2581,968.8906,123441.13,1053704.514,9953877.0,1.0,730706.0,24258.5,78910.334,173874.0,3.0,10795936.0,180251.29,1171445.249,9999374.0,1.0,0,0,0,0,0.0,2920.0,0,0,0,1,0,0,0,0,1.0,864.9333,35.3546,1595.2581,0,0,0,0,0,0,31,1249,44,66664,65535,32,30,20,379112.0,0.0,379112.0,379112.0,9953830.0,0.0,9953870.0,9953830.0
123,123,17,96.0,96.0,48.0,48.0,48.0,0.0,48.0,48.0,48.0,0.0,22339571.0,38656217.23,66907756.0,92849.0,66999215.0,66999215.0,0.0,66999215.0,66999215.0,66997947.0,66997947.0,0.0,66997947.0,66997947.0,0,0,0,0,48.0,48.0,0,0,0,0,0,0,0,0,1.0,60.0,48.0,48.0,0,0,0,0,0,0,2,96,2,96,-1,-1,1,20,28171.0,0.0,28171.0,28171.0,66907758.0,0.0,66907758.0,66907758.0
65300,53,17,90.0,172.0,45.0,45.0,45.0,0.0,86.0,86.0,86.0,0.0,62.66,106.324,182.0,3.0,3.0,3.0,0.0,3.0,3.0,3.0,3.0,0.0,3.0,3.0,0,0,0,0,45.0,86.0,0,0,0,0,0,0,0,0,1.0,76.75,45.0,86.0,0,0,0,0,0,0,2,90,2,172,-1,-1,1,20,0.0,0.0,0.0,0.0,0.0,0.0,0.0,0.0
61937,53,17,39.0,55.0,39.0,39.0,39.0,0.0,55.0,55.0,55.0,0.0,31315.0,0.0,31315.0,31315.0,0.0,0.0,0.0,0.0,0.0,0.0,0.0,0.0,0.0,0.0,0,0,0,0,39.0,55.0,0,0,0,0,0,0,0,0,1.0,66.5,39.0,55.0,0,0,0,0,0,0,1,39,1,55,-1,-1,0,32,0.0,0.0,0.0,0.0,0.0,0.0,0.0,0.0
60222,443,6,74.0,0.0,37.0,37.0,37.0,0.0,0.0,0.0,0.0,0.0,64065668.0,0.0,64065668.0,64065668.0,64065668.0,64065668.0,0.0,64065668.0,64065668.0,0.0,0.0,0.0,0.0,0.0,1,0,0,0,37.0,37.0,0,1,0,0,1,1,0,0,0.0,55.5,37.0,0.0,0,0,0,0,0,0,2,74,0,0,33304,-1,1,32,0.0,0.0,0.0,0.0,0.0,0.0,0.0,0.0
65660,80,6,420.0,484.0,420.0,0.0,30.0,113.7536,474.0,0.0,57.4286,128.1658,3969334.88,4870239.069,10005115.0,23254.0,115804161.0,7727099.06,4141314.482,10046559.0,12372.0,110375085.0,8491261.15,3758050.921,10048973.0,1651.0,0,0,0,0,0.0,470.0,0,0,0,1,0,0,0,0,0.0,36.7667,30.0,57.4286,0,0,0,0,0,0,16,420,14,484,8192,110,15,20,47179.63,5005.379,51737.0,49004.0,9995106.09,10322.025,10005117.0,9950540.0
48156,443,6,1140.0,4266.0,702.0,0.0,106.6364,223.8222,1460.0,0.0,570.2857,628.3311,216718.64,780995.57,3999914.0,1.0,3081505.0,437021.5,1314816.749,3899914.0,132.0,71789.0,18958.83,15555.13,35240.0,1.0,0,0,0,0,0.0,1460.0,0,0,0,1,0,0,0,0,0.0,305.8,106.6364,570.2857,0,0,0,0,0,0,11,1140,7,4266,29200,61,10,20,0.0,0.0,0.0,0.0,0.0,0.0,0.0,0.0
443,39245,6,31.0,0.0,31.0,0.0,10.3333,17.8979,0.0,0.0,0.0,0.0,28.5,33.834,54.0,1.0,55.0,27.5,13.239,54.0,1.0,0.0,0.0,0.0,0.0,0.0,0,0,0,0,0.0,31.0,0,0,0,0,1,0,0,0,0.0,10.3333,10.3333,0.0,0,0,0,0,0,0,3,31,0,0,59,-1,1,32,0.0,0.0,0.0,0.0,0.0,0.0,0.0,0.0
443,61560,6,0.0,0.0,0.0,0.0,0.0,0.0,0.0,0.0,0.0,0.0,92.0,0.0,92.0,92.0,0.0,0.0,0.0,0.0,0.0,0.0,0.0,0.0,0.0,0.0,0,0,0,0,0.0,0.0,0,0,0,0,1,1,0,0,1.0,0.0,0.0,0.0,0,0,0,0,0,0,1,0,1,0,79,33304,0,32,0.0,0.0,0.0,0.0,0.0,0.0,0.0,0.0
50224,443,6,3050.0,468.0,1543.0,0.0,280.0909,589.5836,261.0,0.0,42.7143,98.1706,693411.95,2098258.175,9971942.0,3.0,10196735.0,1191277.55,3441551.336,9979942.0,3.0,10184331.0,1620283.16,3796244.227,9997406.0,3.0,0,0,0,0,0.0,1543.0,0,0,0,1,0,0,0,0,0.0,183.65,280.0909,42.7143,0,0,0,0,0,0,11,3050,7,468,8192,75,10,20,379985.0,0.0,379985.0,379985.0,9971994.0,0.0,9971944.0,9971994.0
55912,443,6,833.0,779.0,581.0,6.0,84.3,180.3871,661.0,0.0,135.8,263.4299,9484.85,15258.275,36462.0,39.0,179064.0,14307.11,20394.443,53092.0,49.0,96013.0,23803.75,19362.96,37180.0,281.0,0,0,0,0,0.0,661.0,0,0,0,1,0,0,0,0,0.0,106.5333,84.3,135.8,0,0,0,0,0,0,10,833,5,779,65535,1120,4,20,0.0,0.0,0.0,0.0,0.0,0.0,0.0,0.0
31616,53,17,70.0,358.0,35.0,35.0,35.0,0.0,179.0,179.0,179.0,0.0,90.33,110.595,229.0,3.0,48.0,48.0,0.0,48.0,48.0,3.0,3.0,0.0,3.0,3.0,0,0,0,0,35.0,179.0,0,0,0,0,0,0,0,0,1.0,115.75,35.0,179.0,0,0,0,0,0,0,2,70,2,358,-1,-1,1,32,0.0,0.0,0.0,0.0,0.0,0.0,0.0,0.0
32012,53,17,102.0,224.0,51.0,51.0,51.0,0.0,112.0,112.0,112.0,0.0,87.66,104.105,210.0,1.0,1.0,1.0,0.0,1.0,1.0,48.0,48.0,0.0,48.0,48.0,0,0,0,0,51.0,112.0,0,0,0,0,0,0,0,0,1.0,94.25,51.0,112.0,0,0,0,0,0,0,2,102,2,224,-1,-1,1,32,0.0,0.0,0.0,0.0,0.0,0.0,0.0,0.0
55181,53,17,176.0,214.0,44.0,44.0,44.0,0.0,107.0,107.0,107.0,0.0,21650.0,37141.031,72441.0,3.0,32506.0,10868.0,18154.341,32590.0,3.0,3.0,3.0,0.0,3.0,3.0,0,0,0,0,44.0,107.0,0,0,0,0,0,0,0,0,0.0,72.3333,44.0,107.0,0,0,0,0,0,0,4,176,2,214,-1,-1,3,32,0.0,0.0,0.0,0.0,0.0,0.0,0.0,0.0
56086,53,17,88.0,472.0,44.0,44.0,44.0,0.0,236.0,236.0,236.0,0.0,64.66,108.335,189.0,4.0,4.0,4.0,0.0,4.0,4.0,4.0,4.0,0.0,4.0,4.0,0,0,0,0,44.0,236.0,0,0,0,0,0,0,0,0,1.0,151.0,44.0,236.0,0,0,0,0,0,0,2,88,2,472,-1,-1,1,32,0.0,0.0,0.0,0.0,0.0,0.0,0.0,0.0
443,2770,6,37.0,0.0,31.0,6.0,18.5,17.6777,0.0,0.0,0.0,0.0,3.0,0.0,3.0,3.0,3.0,3.0,0.0,3.0,3.0,0.0,0.0,0.0,0.0,0.0,1,0,0,0,6.0,31.0,0,1,0,0,1,0,0,0,0.0,34.0,18.5,0.0,0,0,0,0,0,0,2,37,0,0,32960,-1,1,20,0.0,0.0,0.0,0.0,0.0,0.0,0.0,0.0
55010,443,6,342.0,3782.0,208.0,0.0,58.6667,87.8605,1460.0,0.0,630.3333,677.2171,11990.54,19364.956,41384.0,48.0,137621.0,25608.2,20078.378,46361.0,50.0,86017.0,15603.4,22123.393,42204.0,48.0,0,0,0,0,0.0,1460.0,0,0,0,1,0,0,0,0,1.0,344.5,58.6667,630.3333,0,0,0,0,0,0,6,342,6,3782,8192,60,5,20,0.0,0.0,0.0,0.0,0.0,0.0,0.0,0.0
31315,443,6,0.0,0.0,0.0,0.0,0.0,0.0,0.0,0.0,0.0,0.0,367.0,0.0,367.0,367.0,367.0,367.0,0.0,367.0,367.0,0.0,0.0,0.0,0.0,0.0,0,0,0,0,0.0,0.0,0,0,0,0,1,0,0,0,0.0,0.0,0.0,0.0,0,0,0,0,0,0,2,0,0,0,316,-1,0,32,0.0,0.0,0.0,0.0,0.0,0.0,0.0,0.0
61232,53,17,51.0,67.0,51.0,51.0,51.0,0.0,67.0,67.0,67.0,0.0,59105.0,0.0,59105.0,59105.0,0.0,0.0,0.0,0.0,0.0,0.0,0.0,0.0,0.0,0.0,0,0,0,0,51.0,67.0,0,0,0,0,0,0,0,0,1.0,84.5,51.0,67.0,0,0,0,0,0,0,1,51,1,67,-1,-1,0,40,0.0,0.0,0.0,0.0,0.0,0.0,0.0,0.0
61842,53,17,88.0,120.0,44.0,44.0,44.0,0.0,60.0,60.0,60.0,0.0,58.66,60.738,120.0,2.0,3.0,3.0,0.0,3.0,3.0,48.0,48.0,0.0,48.0,48.0,0,0,0,0,44.0,60.0,0,0,0,0,0,0,0,0,1.0,63.0,44.0,60.0,0,0,0,0,0,0,2,88,2,120,-1,-1,1,32,0.0,0.0,0.0,0.0,0.0,0.0,0.0,0.0
36218,80,6,0.0,0.0,0.0,0.0,0.0,0.0,0.0,0.0,0.0,0.0,23606.0,0.0,23606.0,23606.0,0.0,0.0,0.0,0.0,0.0,0.0,0.0,0.0,0.0,0.0,0,0,0,0,0.0,0.0,0,0,0,0,1,1,0,0,1.0,0.0,0.0,0.0,0,0,0,0,0,0,1,0,1,0,237,939,0,32,0.0,0.0,0.0,0.0,0.0,0.0,0.0,0.0
19172,53,17,108.0,228.0,54.0,54.0,54.0,0.0,114.0,114.0,114.0,0.0,57.66,90.356,166.0,3.0,3.0,3.0,0.0,3.0,3.0,4.0,4.0,0.0,4.0,4.0,0,0,0,0,54.0,114.0,0,0,0,0,0,0,0,0,1.0,90.5,54.0,114.0,0,0,0,0,0,0,2,108,2,228,-1,-1,1,32,0.0,0.0,0.0,0.0,0.0,0.0,0.0,0.0
56760,443,6,664.0,463.0,421.0,0.0,66.4,132.9053,325.0,0.0,77.6,133.3993,5766.78,9892.337,23843.0,3.0,81692.0,9588.55,11184.324,24405.0,3.0,50764.0,7341.0,12171.01,23102.0,439.0,0,0,0,0,0.0,421.0,0,0,0,1,0,0,0,0,0.0,67.4667,66.4,77.6,0,0,0,0,0,0,10,664,5,463,65535,32,5,32,0.0,0.0,0.0,0.0,0.0,0.0,0.0,0.0
51292,443,6,974.0,7387.0,469.0,0.0,64.9333,134.266,1581.0,0.0,671.5455,745.9321,13235.72,25050.556,93748.0,0.0,363342.0,25754.92,34720.877,95747.0,0.0,233364.0,29866.3,41125.861,93972.0,3.0,0,0,0,0,0.0,1581.0,0,0,0,1,0,0,0,0,0.0,321.5769,64.9333,671.5455,0,0,0,0,0,0,15,974,11,7387,65535,179,6,32,0.0,0.0,0.0,0.0,0.0,0.0,0.0,0.0
443,51524,6,12.0,0.0,6.0,6.0,6.0,0.0,0.0,0.0,0.0,0.0,241.0,0.0,241.0,241.0,241.0,241.0,0.0,241.0,241.0,0.0,0.0,0.0,0.0,0.0,0,0,0,0,6.0,6.0,0,0,0,0,1,0,0,0,0.0,9.0,6.0,0.0,0,0,0,0,0,0,2,12,0,0,12130,-1,1,20,0.0,0.0,0.0,0.0,0.0,0.0,0.0,0.0
58159,53,17,74.0,522.0,37.0,37.0,37.0,0.0,261.0,261.0,261.0,0.0,84.0,135.999,242.0,3.0,3.0,3.0,0.0,3.0,3.0,3.0,3.0,0.0,3.0,3.0,0,0,0,0,37.0,261.0,0,0,0,0,0,0,0,0,1.0,158.25,37.0,261.0,0,0,0,0,0,0,2,74,2,522,-1,-1,1,20,0.0,0.0,0.0,0.0,0.0,0.0,0.0,0.0
443,57436,6,12.0,6.0,6.0,6.0,6.0,0.0,6.0,6.0,6.0,0.0,6217.0,9296.317,12324.0,29.0,12428.0,12428.0,0.0,12428.0,12428.0,0.0,0.0,0.0,0.0,0.0,0,0,0,0,6.0,6.0,0,0,0,0,1,0,0,0,0.0,8.0,6.0,6.0,0,0,0,0,0,0,2,12,1,6,8745,65535,1,20,0.0,0.0,0.0,0.0,0.0,0.0,0.0,0.0
59854,80,6,1344.0,470.0,1448.0,0.0,341.6667,636.2755,474.0,0.0,105.0,235.9804,7955.0,11662.291,23699.0,1.0,22716.0,11358.0,10634.636,24925.0,218.0,26033.0,8014.66,12268.96,24185.0,1.0,0,0,0,0,0.0,1448.0,0,0,0,1,0,0,0,0,1.0,235.2,341.6667,105.0,0,0,0,0,0,0,3,1344,4,470,65535,5057,2,32,0.0,0.0,0.0,0.0,0.0,0.0,0.0,0.0
44289,443,6,12.0,0.0,6.0,6.0,6.0,0.0,0.0,0.0,0.0,0.0,8927.0,0.0,8927.0,8927.0,8927.0,8927.0,0.0,8927.0,8927.0,0.0,0.0,0.0,0.0,0.0,0,0,0,0,6.0,6.0,0,0,0,0,1,0,0,0,0.0,9.0,6.0,0.0,0,0,0,0,0,0,2,12,0,0,255,-1,1,20,0.0,0.0,0.0,0.0,0.0,0.0,0.0,0.0
443,59798,6,0.0,0.0,0.0,0.0,0.0,0.0,0.0,0.0,0.0,0.0,171.0,0.0,171.0,171.0,0.0,0.0,0.0,0.0,0.0,0.0,0.0,0.0,0.0,0.0,0,0,0,0,0.0,0.0,0,0,0,0,1,0,0,0,1.0,0.0,0.0,0.0,0,0,0,0,0,0,1,0,1,0,5526,33304,0,32,0.0,0.0,0.0,0.0,0.0,0.0,0.0,0.0
57255,53,17,156.0,312.0,39.0,39.0,39.0,0.0,73.0,73.0,73.0,0.0,15509.57,24849.568,76493.0,3.0,75527.0,25175.66,46394.913,75518.0,3.0,45594.0,13864.0,21352.695,45585.0,3.0,0,0,0,0,39.0,73.0,0,0,0,0,0,0,0,0,1.0,69.625,39.0,73.0,0,0,0,0,0,0,4,156,4,312,-1,-1,3,20,0.0,0.0,0.0,0.0,0.0,0.0,0.0,0.0
57379,443,6,1266.0,20956.0,224.0,0.0,50.5,71.5421,2920.0,0.0,681.8462,998.2383,2099665.22,10639227.883,58954196.0,1.0,119566521.0,4063974.47,16047271.169,58954197.0,211.0,119730011.0,3655136.74,13947648.719,59001904.0,1.0,0,0,0,0,0.0,2920.0,0,0,0,1,0,0,0,0,1.0,568.2114,50.5,681.8462,0,0,0,0,0,0,22,1266,27,20956,8192,34,21,20,313741.0,113607.348,663169.0,96832.0,58760527.0,64770.914,58954199.0,58213450.0
443,58018,6,37.0,0.0,37.0,0.0,18.5,26.163,0.0,0.0,0.0,0.0,4.0,0.0,4.0,4.0,4.0,4.0,0.0,4.0,4.0,0.0,0.0,0.0,0.0,0.0,1,0,0,0,0.0,37.0,0,1,0,0,1,0,0,0,0.0,37.0,18.5,0.0,0,0,0,0,0,0,2,37,0,0,114,-1,0,32,0.0,0.0,0.0,0.0,0.0,0.0,0.0,0.0
54728,443,6,974.0,7387.0,469.0,0.0,64.9333,134.266,1581.0,0.0,738.7,750.4129,11877.37,23710.48,86412.0,2.0,308662.0,23433.42,34414.594,124592.0,3.0,220176.0,25219.33,45026.191,103773.0,2.0,0,0,0,0,0.0,1581.0,0,0,0,1,0,0,0,0,0.0,334.44,64.9333,738.7,0,0,0,0,0,0,15,974,10,7387,65535,179,6,32,0.0,0.0,0.0,0.0,0.0,0.0,0.0,0.0
36908,443,6,951.0,35141.0,517.0,0.0,33.6706,123.2856,4218.0,0.0,1998.25,1032.5251,1412807.42,3587695.745,10021252.0,3.0,51433552.0,3892992.16,4741742.512,10248033.0,166.0,61432720.0,2427250.91,4588522.925,10248315.0,49.0,0,0,0,0,0.0,4218.0,0,0,0,1,0,0,0,0,1.0,682.1923,33.6706,1998.25,0,0,0,0,0,0,27,951,30,35141,29200,61,3,32,94101.0,100257.928,299150.0,50504.0,9872587.5,230208.677,10021258.0,9387688.0
60624,53,17,42.0,133.0,42.0,42.0,42.0,0.0,133.0,133.0,133.0,0.0,60303.0,0.0,60303.0,60303.0,0.0,0.0,0.0,0.0,0.0,0.0,0.0,0.0,0.0,0.0,0,0,0,0,42.0,133.0,0,0,0,0,0,0,0,0,1.0,108.5,42.0,133.0,0,0,0,0,0,0,1,42,1,133,-1,-1,0,32,0.0,0.0,0.0,0.0,0.0,0.0,0.0,0.0
7931,53,17,64.0,188.0,32.0,32.0,32.0,0.0,94.0,94.0,94.0,0.0,66.33,78.511,149.0,1.0,1.0,1.0,0.0,1.0,1.0,49.0,49.0,0.0,49.0,49.0,0,0,0,0,32.0,94.0,0,0,0,0,0,0,0,0,1.0,71.0,32.0,94.0,0,0,0,0,0,0,2,64,2,188,-1,-1,1,20,0.0,0.0,0.0,0.0,0.0,0.0,0.0,0.0
45524,80,6,0.0,0.0,0.0,0.0,0.0,0.0,0.0,0.0,0.0,0.0,59092.0,0.0,59092.0,59092.0,0.0,0.0,0.0,0.0,0.0,0.0,0.0,0.0,0.0,0.0,0,0,0,0,0.0,0.0,0,0,0,0,1,1,0,0,1.0,0.0,0.0,0.0,0,0,0,0,0,0,1,0,1,0,256,110,0,32,0.0,0.0,0.0,0.0,0.0,0.0,0.0,0.0
60819,53,17,47.0,63.0,47.0,47.0,47.0,0.0,63.0,63.0,63.0,0.0,53356.0,0.0,53356.0,53356.0,0.0,0.0,0.0,0.0,0.0,0.0,0.0,0.0,0.0,0.0,0,0,0,0,47.0,63.0,0,0,0,0,0,0,0,0,1.0,78.5,47.0,63.0,0,0,0,0,0,0,1,47,1,63,-1,-1,0,20,0.0,0.0,0.0,0.0,0.0,0.0,0.0,0.0
41714,443,6,12.0,0.0,6.0,6.0,6.0,0.0,0.0,0.0,0.0,0.0,3.0,0.0,3.0,3.0,3.0,3.0,0.0,3.0,3.0,0.0,0.0,0.0,0.0,0.0,0,0,0,0,6.0,6.0,1,0,0,0,0,0,0,0,0.0,9.0,6.0,0.0,0,0,0,0,0,0,2,12,0,0,0,-1,1,20,0.0,0.0,0.0,0.0,0.0,0.0,0.0,0.0
62585,53,17,49.0,177.0,49.0,49.0,49.0,0.0,177.0,177.0,177.0,0.0,30560.0,0.0,30560.0,30560.0,0.0,0.0,0.0,0.0,0.0,0.0,0.0,0.0,0.0,0.0,0,0,0,0,49.0,177.0,0,0,0,0,0,0,0,0,1.0,137.5,49.0,177.0,0,0,0,0,0,0,1,49,1,177,-1,-1,0,32,0.0,0.0,0.0,0.0,0.0,0.0,0.0,0.0
60169,53,17,42.0,114.0,42.0,42.0,42.0,0.0,114.0,114.0,114.0,0.0,47908.0,0.0,47908.0,47908.0,0.0,0.0,0.0,0.0,0.0,0.0,0.0,0.0,0.0,0.0,0,0,0,0,42.0,114.0,0,0,0,0,0,0,0,0,1.0,99.0,42.0,114.0,0,0,0,0,0,0,1,42,1,114,-1,-1,0,20,0.0,0.0,0.0,0.0,0.0,0.0,0.0,0.0
55457,443,6,12.0,0.0,6.0,6.0,6.0,0.0,0.0,0.0,0.0,0.0,3.0,0.0,3.0,3.0,3.0,3.0,0.0,3.0,3.0,0.0,0.0,0.0,0.0,0.0,0,0,0,0,6.0,6.0,1,0,0,0,0,0,0,0,0.0,9.0,6.0,0.0,0,0,0,0,0,0,2,12,0,0,0,-1,1,20,0.0,0.0,0.0,0.0,0.0,0.0,0.0,0.0
54591,53,17,68.0,182.0,34.0,34.0,34.0,0.0,91.0,91.0,91.0,0.0,52.0,86.402,150.0,3.0,3.0,3.0,0.0,3.0,3.0,3.0,3.0,0.0,3.0,3.0,0,0,0,0,34.0,91.0,0,0,0,0,0,0,0,0,1.0,71.0,34.0,91.0,0,0,0,0,0,0,2,68,2,182,-1,-1,1,20,0.0,0.0,0.0,0.0,0.0,0.0,0.0,0.0
443,50119,6,43.0,6.0,31.0,6.0,14.3333,14.4338,6.0,6.0,6.0,0.0,31.33,52.728,91.0,3.0,49.0,24.5,37.114,41.0,3.0,0.0,0.0,0.0,0.0,0.0,0,0,0,0,6.0,31.0,0,0,0,0,1,0,0,0,0.0,13.75,14.3333,6.0,0,0,0,0,0,0,3,43,1,6,980,0,2,20,0.0,0.0,0.0,0.0,0.0,0.0,0.0,0.0
57405,53,17,68.0,500.0,34.0,34.0,34.0,0.0,250.0,250.0,250.0,0.0,101.33,179.261,308.0,4.0,4.0,4.0,0.0,4.0,4.0,4.0,4.0,0.0,4.0,4.0,0,0,0,0,34.0,250.0,0,0,0,0,0,0,0,0,1.0,140.5,34.0,250.0,0,0,0,0,0,0,2,68,2,500,-1,-1,1,20,0.0,0.0,0.0,0.0,0.0,0.0,0.0,0.0
80,52262,6,6.0,6.0,6.0,6.0,6.0,0.0,6.0,6.0,6.0,0.0,124.0,0.0,124.0,124.0,0.0,0.0,0.0,0.0,0.0,0.0,0.0,0.0,0.0,0.0,0,0,0,0,6.0,6.0,0,0,0,0,1,1,0,0,1.0,9.0,6.0,6.0,0,0,0,0,0,0,1,6,1,6,913,16384,0,20,0.0,0.0,0.0,0.0,0.0,0.0,0.0,0.0
51478,443,6,894.0,118910.0,441.0,0.0,10.7143,45.4191,2836.0,0.0,1567.0438,961.9588,3599.85,8722.845,81285.0,1.0,278070.0,6666.76,10365.929,87797.0,1.0,235014.0,5174.17,12402.153,80009.0,2.0,0,0,0,0,0.0,2836.0,0,0,0,1,0,0,0,0,1.0,978.8394,10.7143,1567.0438,0,0,0,0,0,0,43,894,126,118910,65535,167,6,32,0.0,0.0,0.0,0.0,0.0,0.0,0.0,0.0
64426,53,17,78.0,110.0,39.0,39.0,39.0,0.0,55.0,55.0,55.0,0.0,10297.33,17838.965,30886.0,3.0,4.0,4.0,0.0,4.0,4.0,3.0,3.0,0.0,3.0,3.0,0,0,0,0,39.0,55.0,0,0,0,0,0,0,0,0,1.0,56.75,39.0,55.0,0,0,0,0,0,0,2,78,2,110,-1,-1,1,20,0.0,0.0,0.0,0.0,0.0,0.0,0.0,0.0
45246,443,6,1186.0,27588.0,417.0,0.0,44.3529,126.9852,2896.0,0.0,1218.5385,710.2945,76708.24,575351.717,5178822.0,5.0,6045852.0,103492.92,798361.599,5264621.0,18.0,6892565.0,165040.41,498672.607,5193998.0,48.0,0,0,0,0,0.0,2896.0,0,0,0,1,0,0,0,0,1.0,712.4233,44.3529,1218.5385,0,0,0,0,0,0,29,1186,22,27588,29200,32,4,32,0.0,0.0,0.0,0.0,0.0,0.0,0.0,0.0
11052,53,17,78.0,174.0,39.0,39.0,39.0,0.0,87.0,87.0,87.0,0.0,10327.0,17864.744,30983.0,4.0,4.0,4.0,0.0,4.0,4.0,4.0,4.0,0.0,4.0,4.0,0,0,0,0,39.0,87.0,0,0,0,0,0,0,0,0,1.0,72.75,39.0,87.0,0,0,0,0,0,0,2,78,2,174,-1,-1,1,32,0.0,0.0,0.0,0.0,0.0,0.0,0.0,0.0
47120,443,6,996.0,9598.0,501.0,0.0,49.7778,110.9731,1448.0,0.0,409.7059,598.0902,2123999.78,4096140.623,10020794.0,4.0,60584855.0,4722053.72,5079517.075,10111938.0,1270.0,60559459.0,4695162.69,5127457.044,10113529.0,4.0,0,0,0,0,0.0,1448.0,0,0,0,1,0,0,0,0,1.0,223.3578,49.7778,409.7059,0,0,0,0,0,0,18,996,24,9598,29200,123,3,32,82155.83,86787.675,282811.0,50954.0,10020494.33,15114.241,10020792.0,9959292.0
50201,443,6,874.0,7387.0,288.0,0.0,53.7,81.9913,2836.0,0.0,722.7143,1019.7746,33752.89,58805.405,294821.0,1.0,749649.0,58404.07,61590.478,294921.0,1.0,572300.0,54850.37,134308.343,224413.0,1.0,0,0,0,0,0.0,2836.0,0,0,0,1,0,0,0,0,0.0,362.7186,53.7,722.7143,0,0,0,0,0,0,15,874,14,7387,29200,979,7,32,0.0,0.0,0.0,0.0,0.0,0.0,0.0,0.0
57722,443,17,7148.0,2265.0,3350.0,32.0,1374.0,1003.908,1350.0,27.0,236.8571,446.1725,580864.83,1193375.051,4813663.0,4.0,5904504.0,824900.88,1539383.823,4819603.0,46.0,5897672.0,1231268.33,2480384.859,5816618.0,4.0,0,0,0,0,27.0,3350.0,0,0,0,0,0,0,0,0,0.0,632.5,1374.0,236.8571,0,0,0,0,0,0,8,7148,7,2265,-1,-1,7,20,0.0,0.0,0.0,0.0,0.0,0.0,0.0,0.0
80,52779,6,0.0,0.0,0.0,0.0,0.0,0.0,0.0,0.0,0.0,0.0,70.0,0.0,70.0,70.0,0.0,0.0,0.0,0.0,0.0,0.0,0.0,0.0,0.0,0.0,0,0,0,0,0.0,0.0,0,0,0,0,1,1,0,0,1.0,0.0,0.0,0.0,0,0,0,0,0,0,1,0,1,0,115,229,0,32,0.0,0.0,0.0,0.0,0.0,0.0,0.0,0.0
52929,53,17,70.0,166.0,35.0,35.0,35.0,0.0,83.0,83.0,83.0,0.0,53.66,84.098,154.0,3.0,3.0,3.0,0.0,3.0,3.0,3.0,3.0,0.0,3.0,3.0,0,0,0,0,35.0,83.0,0,0,0,0,0,0,0,0,1.0,67.75,35.0,83.0,0,0,0,0,0,0,2,70,2,166,-1,-1,1,20,0.0,0.0,0.0,0.0,0.0,0.0,0.0,0.0
80,54192,6,6.0,6.0,6.0,6.0,6.0,0.0,6.0,6.0,6.0,0.0,85.0,0.0,85.0,85.0,0.0,0.0,0.0,0.0,0.0,0.0,0.0,0.0,0.0,0.0,0,0,0,0,6.0,6.0,0,0,0,0,1,1,0,0,1.0,9.0,6.0,6.0,0,0,0,0,0,0,1,6,1,6,913,257,0,20,0.0,0.0,0.0,0.0,0.0,0.0,0.0,0.0
58256,53,17,86.0,118.0,43.0,43.0,43.0,0.0,59.0,59.0,59.0,0.0,47.0,75.16,135.0,3.0,3.0,3.0,0.0,3.0,3.0,3.0,3.0,0.0,3.0,3.0,0,0,0,0,43.0,59.0,0,0,0,0,0,0,0,0,1.0,61.75,43.0,59.0,0,0,0,0,0,0,2,86,2,118,-1,-1,1,20,0.0,0.0,0.0,0.0,0.0,0.0,0.0,0.0
54398,443,6,341.0,4869.0,188.0,0.0,38.875,68.6205,1460.0,0.0,645.8,653.5143,363713.73,1306034.941,5292464.0,3.0,5669465.0,682369.14,1786691.603,5292464.0,3.0,376976.0,79794.0,96431.86,267870.0,48.0,0,0,0,0,0.0,1460.0,0,0,0,1,0,0,0,0,0.0,308.3667,38.875,645.8,0,0,0,0,0,0,8,341,5,4869,8192,230,7,20,203501.0,0.0,203501.0,203501.0,5292460.0,0.0,5292460.0,5292460.0
57188,53,17,138.0,234.0,69.0,69.0,69.0,0.0,117.0,117.0,117.0,0.0,49.0,72.159,139.0,3.0,3.0,3.0,0.0,3.0,3.0,4.0,4.0,0.0,4.0,4.0,0,0,0,0,69.0,117.0,0,0,0,0,0,0,0,0,1.0,110.25,69.0,117.0,0,0,0,0,0,0,2,138,2,234,-1,-1,1,20,0.0,0.0,0.0,0.0,0.0,0.0,0.0,0.0
43224,443,6,555.0,3499.0,198.0,0.0,51.0714,73.8661,1730.0,0.0,464.9091,732.6016,7634.0,13253.507,37269.0,1.0,120269.0,12099.87,15402.802,37389.0,3.0,83729.0,16987.6,22626.094,57264.0,1.0,0,0,0,0,0.0,1730.0,0,0,0,1,0,0,0,0,0.0,227.425,51.0714,464.9091,0,0,0,0,0,0,9,555,11,3499,29200,340,4,32,0.0,0.0,0.0,0.0,0.0,0.0,0.0,0.0
45896,443,6,693.0,6061.0,342.0,0.0,37.5,88.6127,1448.0,0.0,393.3529,593.2573,2902846.08,4582819.163,10200059.0,1.0,115908297.0,5713581.35,5096552.216,10240013.0,17.0,112645047.0,5646339.63,5112825.926,10240233.0,2.0,0,0,0,0,0.0,1448.0,0,0,0,1,0,0,0,0,0.0,200.225,37.5,393.3529,0,0,0,0,0,0,22,693,19,6061,29200,112,4,32,40258.18,14572.724,168396.0,22931.0,10184309.18,52008.451,10200050.0,10159781.0
52700,443,6,745.0,5178.0,421.0,0.0,65.0,130.7451,2736.0,0.0,613.7,937.2282,15292.93,27702.555,85279.0,1.0,298156.0,23012.85,27758.439,85237.0,1.0,151810.0,15332.55,22500.515,56837.0,50.0,0,0,0,0,0.0,2736.0,0,0,0,1,0,0,0,0,0.0,279.375,65.0,613.7,0,0,0,0,0,0,13,745,8,5178,65535,972,6,32,0.0,0.0,0.0,0.0,0.0,0.0,0.0,0.0
55072,53,17,92.0,248.0,46.0,46.0,46.0,0.0,124.0,124.0,124.0,0.0,121.0,218.991,366.0,1.0,1.0,1.0,0.0,1.0,1.0,1.0,1.0,0.0,1.0,1.0,0,0,0,0,46.0,124.0,0,0,0,0,0,0,0,0,1.0,96.5,46.0,124.0,0,0,0,0,0,0,2,92,2,248,-1,-1,1,20,0.0,0.0,0.0,0.0,0.0,0.0,0.0,0.0
52868,443,6,656.0,2719.0,342.0,0.0,79.0,126.4914,1451.0,0.0,543.8,714.8859,449254.0,1483880.998,5291670.0,1.0,5429604.0,798686.25,1939120.577,5291670.0,1.0,72284.0,17047.5,17675.774,34827.0,184.0,0,0,0,0,0.0,1451.0,0,0,0,1,0,0,0,0,0.0,265.4857,79.0,543.8,0,0,0,0,0,0,8,656,5,2719,29200,17884,3,20,175171.0,0.0,175171.0,175171.0,5291659.0,0.0,5291679.0,5291659.0
443,63122,6,6.0,6.0,6.0,6.0,6.0,0.0,6.0,6.0,6.0,0.0,68.0,0.0,68.0,68.0,0.0,0.0,0.0,0.0,0.0,0.0,0.0,0.0,0.0,0.0,0,0,0,0,6.0,6.0,0,0,0,0,1,1,0,0,1.0,9.0,6.0,6.0,0,0,0,0,0,0,1,6,1,6,32,32850,0,20,0.0,0.0,0.0,0.0,0.0,0.0,0.0,0.0
443,55398,6,12.0,0.0,6.0,6.0,6.0,0.0,0.0,0.0,0.0,0.0,204.0,0.0,204.0,204.0,204.0,204.0,0.0,204.0,204.0,0.0,0.0,0.0,0.0,0.0,0,0,0,0,6.0,6.0,0,0,0,0,1,0,0,0,0.0,9.0,6.0,0.0,0,0,0,0,0,0,2,12,0,0,380,-1,1,20,0.0,0.0,0.0,0.0,0.0,0.0,0.0,0.0
6118,80,6,505.0,1988.0,485.0,0.0,61.75,167.5253,1978.0,0.0,499.6667,884.9,2232362.59,4208000.616,9999225.0,97.0,30435519.0,4251516.0,5168372.861,10190555.0,413.0,39591824.0,4648926.8,5113737.603,10117239.0,1030.0,0,0,0,0,0.0,1978.0,0,0,0,1,0,0,0,0,1.0,276.25,61.75,499.6667,0,0,0,0,0,0,8,505,6,1988,8192,946,7,20,253322.5,215812.645,919483.0,182872.0,9920365.16,30996.863,9999225.0,9987449.0
50761,53,17,76.0,264.0,38.0,38.0,38.0,0.0,132.0,132.0,132.0,0.0,63.66,102.866,184.0,3.0,3.0,3.0,0.0,3.0,3.0,4.0,4.0,0.0,4.0,4.0,0,0,0,0,38.0,132.0,0,0,0,0,0,0,0,0,1.0,94.5,38.0,132.0,0,0,0,0,0,0,2,76,2,264,-1,-1,1,40,0.0,0.0,0.0,0.0,0.0,0.0,0.0,0.0
61777,443,6,901.0,4148.0,326.0,0.0,71.5385,90.6276,1418.0,0.0,528.0,616.7201,9897.53,15488.475,52298.0,1.0,234733.0,15331.91,20605.608,52492.0,1.0,130418.0,16137.71,25072.853,56150.0,49.0,0,0,0,0,0.0,1418.0,0,0,0,1,0,0,0,0,0.0,257.85,71.5385,528.0,0,0,0,0,0,0,13,901,8,4148,65535,349,6,32,0.0,0.0,0.0,0.0,0.0,0.0,0.0,0.0
54487,443,6,1392.0,1359.0,1081.0,0.0,119.2,280.323,1221.0,0.0,279.8,562.6836,10120.57,14048.565,36702.0,3.0,142106.0,15170.0,15581.113,58315.0,3.0,102508.0,26157.5,17558.934,37554.0,564.0,0,0,0,0,0.0,1221.0,0,0,0,1,0,0,0,0,0.0,176.9333,119.2,279.8,0,0,0,0,0,0,10,1392,5,1359,65535,362,5,32,0.0,0.0,0.0,0.0,0.0,0.0,0.0,0.0
49420,443,6,0.0,0.0,0.0,0.0,0.0,0.0,0.0,0.0,0.0,0.0,121614.0,0.0,121614.0,121614.0,0.0,0.0,0.0,0.0,0.0,0.0,0.0,0.0,0.0,0.0,0,0,0,0,0.0,0.0,0,0,0,0,1,1,0,0,1.0,0.0,0.0,0.0,0,0,0,0,0,0,1,0,1,0,509,254,0,32,0.0,0.0,0.0,0.0,0.0,0.0,0.0,0.0
443,61584,6,0.0,0.0,0.0,0.0,0.0,0.0,0.0,0.0,0.0,0.0,45.0,0.0,45.0,45.0,0.0,0.0,0.0,0.0,0.0,0.0,0.0,0.0,0.0,0.0,0,0,0,0,0.0,0.0,0,0,0,0,1,0,0,0,1.0,0.0,0.0,0.0,0,0,0,0,0,0,1,0,1,0,383,32832,0,32,0.0,0.0,0.0,0.0,0.0,0.0,0.0,0.0
43043,443,6,12.0,0.0,6.0,6.0,6.0,0.0,0.0,0.0,0.0,0.0,48.0,0.0,48.0,48.0,48.0,48.0,0.0,48.0,48.0,0.0,0.0,0.0,0.0,0.0,0,0,0,0,6.0,6.0,1,0,0,0,0,0,0,0,0.0,9.0,6.0,0.0,0,0,0,0,0,0,2,12,0,0,0,-1,1,20,0.0,0.0,0.0,0.0,0.0,0.0,0.0,0.0
51792,443,6,974.0,7387.0,469.0,0.0,64.9333,134.266,1581.0,0.0,671.5455,745.9321,14180.05,25537.009,93109.0,0.0,383582.0,27019.71,43609.302,129229.0,0.0,242021.0,28051.1,42411.343,104230.0,2.0,0,0,0,0,0.0,1581.0,0,0,0,1,0,0,0,0,0.0,321.5769,64.9333,671.5455,0,0,0,0,0,0,15,974,11,7387,65535,357,6,32,0.0,0.0,0.0,0.0,0.0,0.0,0.0,0.0
65145,53,17,70.0,188.0,35.0,35.0,35.0,0.0,94.0,94.0,94.0,0.0,65.66,76.81,140.0,2.0,48.0,48.0,0.0,48.0,48.0,2.0,2.0,0.0,2.0,2.0,0,0,0,0,35.0,94.0,0,0,0,0,0,0,0,0,1.0,73.25,35.0,94.0,0,0,0,0,0,0,2,70,2,188,-1,-1,1,32,0.0,0.0,0.0,0.0,0.0,0.0,0.0,0.0
443,58384,6,31.0,0.0,31.0,0.0,15.5,21.9203,0.0,0.0,0.0,0.0,3.0,0.0,3.0,3.0,3.0,3.0,0.0,3.0,3.0,0.0,0.0,0.0,0.0,0.0,1,0,0,0,0.0,31.0,0,1,0,0,1,0,0,0,0.0,31.0,15.5,0.0,0,0,0,0,0,0,2,31,0,0,118,-1,0,32,0.0,0.0,0.0,0.0,0.0,0.0,0.0,0.0
65420,443,6,3796.0,2874.0,1448.0,0.0,261.9091,531.5148,1060.0,0.0,378.0,433.4444,12199.97,19984.95,141181.0,1.0,372697.0,24794.78,67150.75,143181.0,1.0,247101.0,31410.28,42945.218,141127.0,1.0,0,0,0,0,0.0,1460.0,0,0,0,1,0,0,0,0,0.0,282.7,261.9091,378.0,0,0,0,0,0,0,11,3796,12,2874,65535,1120,7,32,0.0,0.0,0.0,0.0,0.0,0.0,0.0,0.0
46209,443,6,123.0,46.0,46.0,0.0,24.6,23.2766,46.0,46.0,46.0,0.0,810208.4,1990687.859,4262837.0,78.0,4213334.0,1017883.0,2189439.191,4262837.0,79.0,0.0,0.0,0.0,0.0,0.0,1,0,0,0,0.0,46.0,0,1,0,0,1,0,0,0,0.0,35.8333,24.6,46.0,0,0,0,0,0,0,5,123,1,46,322,357,2,32,0.0,0.0,0.0,0.0,0.0,0.0,0.0,0.0
63260,53,17,80.0,144.0,40.0,40.0,40.0,0.0,72.0,72.0,72.0,0.0,56.66,96.791,163.0,3.0,3.0,3.0,0.0,3.0,3.0,4.0,4.0,0.0,4.0,4.0,0,0,0,0,40.0,72.0,0,0,0,0,0,0,0,0,1.0,66.0,40.0,72.0,0,0,0,0,0,0,2,80,2,144,-1,-1,1,20,0.0,0.0,0.0,0.0,0.0,0.0,0.0,0.0
443,60600,6,37.0,0.0,31.0,6.0,18.5,17.6777,0.0,0.0,0.0,0.0,4.0,0.0,4.0,4.0,4.0,4.0,0.0,4.0,4.0,0.0,0.0,0.0,0.0,0.0,1,0,0,0,6.0,31.0,0,1,0,0,1,0,0,0,0.0,34.0,18.5,0.0,0,0,0,0,0,0,2,37,0,0,110,-1,1,20,0.0,0.0,0.0,0.0,0.0,0.0,0.0,0.0
59962,53,17,80.0,202.0,40.0,40.0,40.0,0.0,101.0,101.0,101.0,0.0,10245.33,17709.757,30720.0,3.0,3.0,3.0,0.0,3.0,3.0,3.0,3.0,0.0,3.0,3.0,0,0,0,0,40.0,101.0,0,0,0,0,0,0,0,0,1.0,80.5,40.0,101.0,0,0,0,0,0,0,2,80,2,202,-1,-1,1,20,0.0,0.0,0.0,0.0,0.0,0.0,0.0,0.0
443,55224,6,43.0,6.0,31.0,6.0,14.3333,14.4338,6.0,6.0,6.0,0.0,30.66,46.561,66.0,1.0,4.0,2.0,1.0,3.0,1.0,0.0,0.0,0.0,0.0,0.0,0,0,0,0,6.0,31.0,0,0,0,0,1,0,0,0,0.0,13.75,14.3333,6.0,0,0,0,0,0,0,3,43,1,6,980,0,2,20,0.0,0.0,0.0,0.0,0.0,0.0,0.0,0.0
27375,53,17,60.0,264.0,30.0,30.0,30.0,0.0,132.0,132.0,132.0,0.0,55.0,92.466,169.0,3.0,4.0,4.0,0.0,4.0,4.0,3.0,3.0,0.0,3.0,3.0,0,0,0,0,30.0,132.0,0,0,0,0,0,0,0,0,1.0,88.5,30.0,132.0,0,0,0,0,0,0,2,60,2,264,-1,-1,1,20,0.0,0.0,0.0,0.0,0.0,0.0,0.0,0.0
63614,443,6,12.0,0.0,6.0,6.0,6.0,0.0,0.0,0.0,0.0,0.0,48.0,0.0,48.0,48.0,48.0,48.0,0.0,48.0,48.0,0.0,0.0,0.0,0.0,0.0,0,0,0,0,6.0,6.0,1,0,0,0,0,0,0,0,0.0,9.0,6.0,0.0,0,0,0,0,0,0,2,12,0,0,0,-1,1,20,0.0,0.0,0.0,0.0,0.0,0.0,0.0,0.0
56703,443,6,2412.0,126611.0,554.0,0.0,43.7703,125.8649,3169.0,0.0,1706.5905,694.4689,344879.34,1754813.215,10004562.0,1.0,36287997.0,859624.46,2852959.027,10007738.0,1.0,30946963.0,611790.36,2389555.698,10098236.0,1.0,0,0,0,0,0.0,3169.0,0,0,0,1,0,0,0,0,1.0,1112.5974,43.7703,1706.5905,0,0,0,0,0,0,52,2412,112,126611,29200,406,9,32,60608.5,62483.218,293022.0,14915.0,9679930.83,1342786.696,10004564.0,6266259.0
49917,443,6,18.0,0.0,6.0,6.0,6.0,0.0,0.0,0.0,0.0,0.0,18010256.6,24631269.186,45000923.0,15024.0,90036608.0,45018304.0,1461.564,45011296.0,45019070.0,90055902.0,45026450.0,6482.025,45024996.0,45085558.0,0,0,0,0,0.0,6.0,0,0,0,0,1,0,0,0,1.0,4.0,6.0,0.0,0,0,0,0,0,0,3,18,3,0,253,66,2,20,10904.0,149.942,10949.0,10845.0,45009997.5,3028.681,45000926.0,44990083.0
52300,53,17,68.0,412.0,34.0,34.0,34.0,0.0,206.0,206.0,206.0,0.0,8222.0,14596.535,24664.0,3.0,3.0,3.0,0.0,3.0,3.0,3.0,3.0,0.0,3.0,3.0,0,0,0,0,34.0,206.0,0,0,0,0,0,0,0,0,1.0,128.5,34.0,206.0,0,0,0,0,0,0,2,68,2,412,-1,-1,1,20,0.0,0.0,0.0,0.0,0.0,0.0,0.0,0.0
65427,443,6,974.0,7419.0,469.0,0.0,64.9333,134.266,1581.0,0.0,741.9,747.3777,13274.04,24421.819,92666.0,2.0,338092.0,27804.71,39119.846,92456.0,4.0,295332.0,25072.28,38064.389,94881.0,2.0,0,0,0,0,0.0,1581.0,0,0,0,1,0,0,0,0,0.0,335.72,64.9333,741.9,0,0,0,0,0,0,15,974,10,7419,65535,357,6,32,0.0,0.0,0.0,0.0,0.0,0.0,0.0,0.0
443,57880,6,0.0,18.0,0.0,0.0,0.0,0.0,6.0,6.0,6.0,0.0,43404.25,86620.822,173367.0,1.0,173612.0,173612.0,0.0,173612.0,173612.0,4.0,2.0,1.414,3.0,1.0,0,0,0,0,0.0,6.0,0,0,0,0,1,0,0,0,1.0,3.6,0.0,6.0,0,0,0,0,0,0,2,0,3,18,118,0,0,32,0.0,0.0,0.0,0.0,0.0,0.0,0.0,0.0
443,54913,6,0.0,0.0,0.0,0.0,0.0,0.0,0.0,0.0,0.0,0.0,17752.0,24432.731,35533.0,126.0,35506.0,35506.0,0.0,35506.0,35506.0,0.0,0.0,0.0,0.0,0.0,0,0,0,0,0.0,0.0,0,0,0,0,1,0,0,0,0.0,0.0,0.0,0.0,0,0,0,0,0,0,2,0,1,0,362,32832,0,32,0.0,0.0,0.0,0.0,0.0,0.0,0.0,0.0
443,54421,6,0.0,0.0,0.0,0.0,0.0,0.0,0.0,0.0,0.0,0.0,39.0,0.0,39.0,39.0,0.0,0.0,0.0,0.0,0.0,0.0,0.0,0.0,0.0,0.0,0,0,0,0,0.0,0.0,0,0,0,0,1,0,0,0,1.0,0.0,0.0,0.0,0,0,0,0,0,0,1,0,1,0,362,32832,0,32,0.0,0.0,0.0,0.0,0.0,0.0,0.0,0.0
36572,80,6,760.0,716.0,708.0,0.0,140.0,339.293,714.0,0.0,262.2,376.7785,15308.71,24359.934,43622.0,40.0,82305.0,20772.75,24049.725,49741.0,416.0,51105.0,20321.33,36314.608,44510.0,1565.0,0,0,0,0,0.0,704.0,0,0,0,1,0,0,0,0,0.0,192.375,140.0,262.2,0,0,0,0,0,0,5,760,4,716,29200,223,1,32,0.0,0.0,0.0,0.0,0.0,0.0,0.0,0.0
29297,53,17,82.0,104.0,41.0,41.0,41.0,0.0,52.0,52.0,52.0,0.0,75512.66,137074.708,216585.0,4.0,4.0,4.0,0.0,4.0,4.0,4.0,4.0,0.0,4.0,4.0,0,0,0,0,41.0,52.0,0,0,0,0,0,0,0,0,1.0,56.75,41.0,52.0,0,0,0,0,0,0,2,82,2,104,-1,-1,1,32,0.0,0.0,0.0,0.0,0.0,0.0,0.0,0.0
60648,53,17,48.0,149.0,48.0,48.0,48.0,0.0,149.0,149.0,149.0,0.0,30798.0,0.0,30798.0,30798.0,0.0,0.0,0.0,0.0,0.0,0.0,0.0,0.0,0.0,0.0,0,0,0,0,48.0,149.0,0,0,0,0,0,0,0,0,1.0,122.5,48.0,149.0,0,0,0,0,0,0,1,48,1,149,-1,-1,0,32,0.0,0.0,0.0,0.0,0.0,0.0,0.0,0.0
52008,53,17,62.0,244.0,31.0,31.0,31.0,0.0,122.0,122.0,122.0,0.0,61.66,61.354,133.0,3.0,48.0,48.0,0.0,48.0,48.0,3.0,3.0,0.0,3.0,3.0,0,0,0,0,31.0,122.0,0,0,0,0,0,0,0,0,1.0,84.25,31.0,122.0,0,0,0,0,0,0,2,62,2,244,-1,-1,1,32,0.0,0.0,0.0,0.0,0.0,0.0,0.0,0.0
5478,443,6,6556.0,853.0,502.0,0.0,296.28,257.8233,221.0,0.0,14.3478,26.5576,2008207.14,3729517.242,10007426.0,3.0,114175243.0,3155176.24,4624787.454,10043966.0,3.0,114076053.0,3384395.25,3780961.447,10045510.0,3.0,0,0,0,0,0.0,502.0,0,0,0,1,0,0,0,0,0.0,119.6352,296.28,14.3478,0,0,0,0,0,0,25,6556,29,853,8192,1389,21,20,733541.91,1513198.784,5232008.0,53277.0,9988296.63,60262.978,10007420.0,9755162.0
443,1175,6,12.0,0.0,6.0,6.0,6.0,0.0,0.0,0.0,0.0,0.0,3.0,0.0,3.0,3.0,3.0,3.0,0.0,3.0,3.0,0.0,0.0,0.0,0.0,0.0,0,0,0,0,6.0,6.0,0,0,0,0,1,0,0,0,0.0,9.0,6.0,0.0,0,0,0,0,0,0,2,12,0,0,927,-1,1,20,0.0,0.0,0.0,0.0,0.0,0.0,0.0,0.0
49162,443,6,944.0,46189.0,469.0,0.0,26.1905,83.6133,3896.0,0.0,1686.4522,1009.7915,2368.31,4905.287,24096.0,1.0,181004.0,4804.47,7013.083,24971.0,3.0,179717.0,3602.4,4353.645,49252.0,2.0,0,0,0,0,0.0,3896.0,0,0,0,1,0,0,0,0,1.0,811.129,26.1905,1686.4522,0,0,0,0,0,0,37,944,33,46189,65535,63,6,32,0.0,0.0,0.0,0.0,0.0,0.0,0.0,0.0
19688,53,17,88.0,188.0,44.0,44.0,44.0,0.0,94.0,94.0,94.0,0.0,52.0,87.16,154.0,1.0,1.0,1.0,0.0,1.0,1.0,4.0,4.0,0.0,4.0,4.0,0,0,0,0,44.0,94.0,0,0,0,0,0,0,0,0,1.0,80.0,44.0,94.0,0,0,0,0,0,0,2,88,2,188,-1,-1,1,32,0.0,0.0,0.0,0.0,0.0,0.0,0.0,0.0
61951,53,17,42.0,170.0,42.0,42.0,42.0,0.0,170.0,170.0,170.0,0.0,30412.0,0.0,30412.0,30412.0,0.0,0.0,0.0,0.0,0.0,0.0,0.0,0.0,0.0,0.0,0,0,0,0,42.0,170.0,0,0,0,0,0,0,0,0,1.0,127.0,42.0,170.0,0,0,0,0,0,0,1,42,1,170,-1,-1,0,32,0.0,0.0,0.0,0.0,0.0,0.0,0.0,0.0
80,52833,6,6.0,6.0,6.0,6.0,6.0,0.0,6.0,6.0,6.0,0.0,32.0,0.0,32.0,32.0,0.0,0.0,0.0,0.0,0.0,0.0,0.0,0.0,0.0,0.0,0,0,0,0,6.0,6.0,0,0,0,0,1,1,0,0,1.0,9.0,6.0,6.0,0,0,0,0,0,0,1,6,1,6,913,256,0,20,0.0,0.0,0.0,0.0,0.0,0.0,0.0,0.0
52550,80,6,854.0,492.0,428.0,0.0,58.2222,156.8105,456.0,0.0,33.4667,110.8055,3680080.68,4867049.766,10011152.0,45.0,116354293.0,6705045.93,4686346.382,10031923.0,6986.0,110558296.0,7899459.18,4128619.105,10052188.0,761.0,0,0,0,0,0.0,458.0,0,0,0,1,0,0,0,0,0.0,34.8667,58.2222,33.4667,0,0,0,0,0,0,18,854,15,492,29200,349,2,32,59035.54,72157.174,224592.0,36242.0,10005017.45,6558.775,10011159.0,9999997.0
38118,53,17,66.0,180.0,33.0,33.0,33.0,0.0,90.0,90.0,90.0,0.0,57.66,95.16,166.0,3.0,4.0,4.0,0.0,4.0,4.0,3.0,3.0,0.0,3.0,3.0,0,0,0,0,33.0,90.0,0,0,0,0,0,0,0,0,1.0,69.75,33.0,90.0,0,0,0,0,0,0,2,66,2,180,-1,-1,1,32,0.0,0.0,0.0,0.0,0.0,0.0,0.0,0.0
53656,80,6,12.0,0.0,6.0,6.0,6.0,0.0,0.0,0.0,0.0,0.0,68.0,0.0,68.0,68.0,68.0,68.0,0.0,68.0,68.0,0.0,0.0,0.0,0.0,0.0,0,0,0,0,6.0,6.0,0,0,0,0,1,0,0,0,0.0,9.0,6.0,0.0,0,0,0,0,0,0,2,12,0,0,256,-1,1,20,0.0,0.0,0.0,0.0,0.0,0.0,0.0,0.0
55991,443,6,12.0,0.0,6.0,6.0,6.0,0.0,0.0,0.0,0.0,0.0,48.0,0.0,48.0,48.0,48.0,48.0,0.0,48.0,48.0,0.0,0.0,0.0,0.0,0.0,0,0,0,0,6.0,6.0,1,0,0,0,0,0,0,0,0.0,9.0,6.0,0.0,0,0,0,0,0,0,2,12,0,0,0,-1,1,20,0.0,0.0,0.0,0.0,0.0,0.0,0.0,0.0
55480,443,6,12.0,0.0,6.0,6.0,6.0,0.0,0.0,0.0,0.0,0.0,3.0,0.0,3.0,3.0,3.0,3.0,0.0,3.0,3.0,0.0,0.0,0.0,0.0,0.0,0,0,0,0,6.0,6.0,1,0,0,0,0,0,0,0,0.0,9.0,6.0,0.0,0,0,0,0,0,0,2,12,0,0,0,-1,1,20,0.0,0.0,0.0,0.0,0.0,0.0,0.0,0.0
27986,53,17,68.0,100.0,34.0,34.0,34.0,0.0,50.0,50.0,50.0,0.0,49.66,83.4,142.0,3.0,4.0,4.0,0.0,4.0,4.0,3.0,3.0,0.0,3.0,3.0,0,0,0,0,34.0,50.0,0,0,0,0,0,0,0,0,1.0,50.5,34.0,50.0,0,0,0,0,0,0,2,68,2,100,-1,-1,1,32,0.0,0.0,0.0,0.0,0.0,0.0,0.0,0.0
49483,53,17,72.0,200.0,36.0,36.0,36.0,0.0,100.0,100.0,100.0,0.0,57.66,98.42,175.0,4.0,4.0,4.0,0.0,4.0,4.0,4.0,4.0,0.0,4.0,4.0,0,0,0,0,36.0,100.0,0,0,0,0,0,0,0,0,1.0,77.0,36.0,100.0,0,0,0,0,0,0,2,72,2,200,-1,-1,1,32,0.0,0.0,0.0,0.0,0.0,0.0,0.0,0.0
52463,53,17,74.0,160.0,37.0,37.0,37.0,0.0,80.0,80.0,80.0,0.0,16149.66,27956.651,48443.0,3.0,3.0,3.0,0.0,3.0,3.0,4.0,4.0,0.0,4.0,4.0,0,0,0,0,37.0,80.0,0,0,0,0,0,0,0,0,1.0,67.75,37.0,80.0,0,0,0,0,0,0,2,74,2,160,-1,-1,1,20,0.0,0.0,0.0,0.0,0.0,0.0,0.0,0.0
80,44192,6,0.0,0.0,0.0,0.0,0.0,0.0,0.0,0.0,0.0,0.0,57.0,0.0,57.0,57.0,0.0,0.0,0.0,0.0,0.0,0.0,0.0,0.0,0.0,0.0,0,0,0,0,0.0,0.0,0,0,0,0,1,1,0,0,1.0,0.0,0.0,0.0,0,0,0,0,0,0,1,0,1,0,905,229,0,32,0.0,0.0,0.0,0.0,0.0,0.0,0.0,0.0
62054,53,17,80.0,336.0,40.0,40.0,40.0,0.0,168.0,168.0,168.0,0.0,62.33,101.903,179.0,4.0,4.0,4.0,0.0,4.0,4.0,4.0,4.0,0.0,4.0,4.0,0,0,0,0,40.0,168.0,0,0,0,0,0,0,0,0,1.0,114.0,40.0,168.0,0,0,0,0,0,0,2,80,2,336,-1,-1,1,32,0.0,0.0,0.0,0.0,0.0,0.0,0.0,0.0
48899,353,17,192.0,242.0,48.0,48.0,48.0,0.0,121.0,121.0,121.0,0.0,9908.8,13780.886,30434.0,3.0,30469.0,10189.0,17534.027,30454.0,3.0,3.0,3.0,0.0,3.0,3.0,0,0,0,0,48.0,121.0,0,0,0,0,0,0,0,0,0.0,79.3333,48.0,121.0,0,0,0,0,0,0,4,192,2,242,-1,-1,3,32,0.0,0.0,0.0,0.0,0.0,0.0,0.0,0.0
54379,443,6,3027.0,4182.0,3089.0,0.0,607.4286,1034.5753,1421.0,0.0,482.0,649.1057,176953.0,593974.644,1137327.0,68.0,513110.0,72394.0,66605.365,254103.0,182.0,2580370.0,220162.28,964745.693,1209193.0,81.0,0,0,0,0,0.0,3089.0,0,0,0,1,0,0,0,0,1.0,430.7384,607.4286,482.0,0,0,0,0,0,0,7,3027,8,4182,8192,6302,6,20,0.0,0.0,0.0,0.0,0.0,0.0,0.0,0.0
55748,80,6,426.0,2278.0,420.0,0.0,142.0,240.7738,2266.0,0.0,569.5,1131.0035,22717.83,35051.313,68951.0,4.0,89748.0,44874.0,50981.002,68178.0,29589.0,80137.0,23049.0,86464.314,89335.0,4.0,0,0,0,0,0.0,2266.0,0,0,0,1,0,0,0,0,1.0,386.1429,142.0,569.5,0,0,0,0,0,0,3,426,4,2278,8192,237,2,20,0.0,0.0,0.0,0.0,0.0,0.0,0.0,0.0
55320,443,6,1015.0,3756.0,517.0,0.0,137.0,208.2278,1460.0,0.0,461.7273,653.0161,4101733.29,15246615.993,45008596.0,40.0,90101693.0,10010622.0,20012352.288,45182342.0,145.0,90111076.0,8660517.66,21830805.627,45003760.0,48.0,0,0,0,0,0.0,1460.0,0,0,0,1,0,0,0,0,1.0,305.4238,137.0,461.7273,0,0,0,0,0,0,7,1015,7,3756,8192,8754,6,20,175196.0,130891.873,277350.0,59110.0,44992153.0,1839.006,45008592.0,44994964.0
61804,53,17,46.0,98.0,46.0,46.0,46.0,0.0,98.0,98.0,98.0,0.0,46848.0,0.0,46848.0,46848.0,0.0,0.0,0.0,0.0,0.0,0.0,0.0,0.0,0.0,0.0,0,0,0,0,46.0,98.0,0,0,0,0,0,0,0,0,1.0,95.0,46.0,98.0,0,0,0,0,0,0,1,46,1,98,-1,-1,0,40,0.0,0.0,0.0,0.0,0.0,0.0,0.0,0.0
443,53964,6,6.0,6.0,6.0,6.0,6.0,0.0,6.0,6.0,6.0,0.0,37.0,0.0,37.0,37.0,0.0,0.0,0.0,0.0,0.0,0.0,0.0,0.0,0.0,0.0,0,0,0,0,6.0,6.0,0,0,0,0,1,1,0,0,1.0,9.0,6.0,6.0,0,0,0,0,0,0,1,6,1,6,8192,256,0,20,0.0,0.0,0.0,0.0,0.0,0.0,0.0,0.0
61136,53,17,48.0,80.0,48.0,48.0,48.0,0.0,80.0,80.0,80.0,0.0,49108.0,0.0,49108.0,49108.0,0.0,0.0,0.0,0.0,0.0,0.0,0.0,0.0,0.0,0.0,0,0,0,0,48.0,80.0,0,0,0,0,0,0,0,0,1.0,88.0,48.0,80.0,0,0,0,0,0,0,1,48,1,80,-1,-1,0,32,0.0,0.0,0.0,0.0,0.0,0.0,0.0,0.0
51785,53,17,80.0,112.0,40.0,40.0,40.0,0.0,56.0,56.0,56.0,0.0,64.66,65.482,136.0,3.0,49.0,49.0,0.0,49.0,49.0,3.0,3.0,0.0,3.0,3.0,0,0,0,0,40.0,56.0,0,0,0,0,0,0,0,0,1.0,58.0,40.0,56.0,0,0,0,0,0,0,2,80,2,112,-1,-1,1,20,0.0,0.0,0.0,0.0,0.0,0.0,0.0,0.0
53673,443,6,599.0,152.0,517.0,0.0,85.5714,191.3085,152.0,0.0,38.0,76.0,530946.5,1712896.337,5406961.0,52.0,5602647.0,920967.16,2208317.138,5627384.0,87.0,119744.0,39944.33,38827.108,79389.0,217.0,0,0,0,0,0.0,517.0,0,0,0,1,0,0,0,0,0.0,68.2727,85.5714,38.0,0,0,0,0,0,0,7,599,4,152,29200,939,3,32,199650.0,0.0,199650.0,199650.0,5406962.0,0.0,5406962.0,5406962.0
443,42669,6,12.0,0.0,6.0,6.0,6.0,0.0,0.0,0.0,0.0,0.0,899770.0,0.0,899770.0,899770.0,899770.0,899770.0,0.0,899770.0,899770.0,0.0,0.0,0.0,0.0,0.0,0,0,0,0,6.0,6.0,0,0,0,0,1,0,0,0,0.0,9.0,6.0,0.0,0,0,0,0,0,0,2,12,0,0,373,-1,1,20,0.0,0.0,0.0,0.0,0.0,0.0,0.0,0.0
61969,53,17,46.0,230.0,46.0,46.0,46.0,0.0,230.0,230.0,230.0,0.0,90658.0,0.0,90658.0,90658.0,0.0,0.0,0.0,0.0,0.0,0.0,0.0,0.0,0.0,0.0,0,0,0,0,46.0,230.0,0,0,0,0,0,0,0,0,1.0,161.0,46.0,230.0,0,0,0,0,0,0,1,46,1,230,-1,-1,0,20,0.0,0.0,0.0,0.0,0.0,0.0,0.0,0.0
58571,53,17,140.0,404.0,35.0,35.0,35.0,0.0,202.0,202.0,202.0,0.0,12174.0,16664.445,35308.0,3.0,38326.0,12142.0,16397.836,38329.0,3.0,4.0,4.0,0.0,4.0,4.0,0,0,0,0,35.0,202.0,0,0,0,0,0,0,0,0,0.0,99.8333,35.0,202.0,0,0,0,0,0,0,4,140,2,404,-1,-1,3,20,0.0,0.0,0.0,0.0,0.0,0.0,0.0,0.0
80,50727,6,0.0,0.0,0.0,0.0,0.0,0.0,0.0,0.0,0.0,0.0,33.0,0.0,33.0,33.0,0.0,0.0,0.0,0.0,0.0,0.0,0.0,0.0,0.0,0.0,0,0,0,0,0.0,0.0,0,0,0,0,1,1,0,0,1.0,0.0,0.0,0.0,0,0,0,0,0,0,1,0,1,0,357,245,0,32,0.0,0.0,0.0,0.0,0.0,0.0,0.0,0.0
56807,53,17,58.0,166.0,29.0,29.0,29.0,0.0,83.0,83.0,83.0,0.0,16334.66,28385.882,50993.0,2.0,48.0,48.0,0.0,48.0,48.0,2.0,2.0,0.0,2.0,2.0,0,0,0,0,29.0,83.0,0,0,0,0,0,0,0,0,1.0,63.25,29.0,83.0,0,0,0,0,0,0,2,58,2,166,-1,-1,1,32,0.0,0.0,0.0,0.0,0.0,0.0,0.0,0.0
50723,443,6,4987.0,66382.0,561.0,0.0,150.4714,227.6766,4380.0,0.0,1527.2038,1053.5737,1502241.72,7346105.179,58463419.0,0.0,116818673.0,3130728.08,11888455.382,58463413.0,1.0,116851097.0,2213730.79,10818307.074,58639939.0,1.0,0,0,0,0,0.0,4380.0,0,0,0,1,0,0,0,0,1.0,996.1115,150.4714,1527.2038,0,0,0,0,0,0,45,4987,56,66382,8192,94,44,20,111377.0,105748.654,192109.0,23227.0,58330196.5,310003.351,58463419.0,58845296.0
61400,53,17,47.0,192.0,47.0,47.0,47.0,0.0,192.0,192.0,192.0,0.0,60590.0,0.0,60590.0,60590.0,0.0,0.0,0.0,0.0,0.0,0.0,0.0,0.0,0.0,0.0,0,0,0,0,47.0,192.0,0,0,0,0,0,0,0,0,1.0,143.0,47.0,192.0,0,0,0,0,0,0,1,47,1,192,-1,-1,0,32,0.0,0.0,0.0,0.0,0.0,0.0,0.0,0.0
60642,53,17,74.0,266.0,37.0,37.0,37.0,0.0,133.0,133.0,133.0,0.0,117161.33,170899.723,351474.0,3.0,4.0,4.0,0.0,4.0,4.0,3.0,3.0,0.0,3.0,3.0,0,0,0,0,37.0,133.0,0,0,0,0,0,0,0,0,1.0,94.25,37.0,133.0,0,0,0,0,0,0,2,74,2,266,-1,-1,1,32,0.0,0.0,0.0,0.0,0.0,0.0,0.0,0.0
23080,53,17,92.0,284.0,46.0,46.0,46.0,0.0,142.0,142.0,142.0,0.0,8027.0,13891.796,24074.0,3.0,4.0,4.0,0.0,4.0,4.0,3.0,3.0,0.0,3.0,3.0,0,0,0,0,46.0,142.0,0,0,0,0,0,0,0,0,1.0,105.5,46.0,142.0,0,0,0,0,0,0,2,92,2,284,-1,-1,1,32,0.0,0.0,0.0,0.0,0.0,0.0,0.0,0.0
443,52792,6,12.0,0.0,6.0,6.0,6.0,0.0,0.0,0.0,0.0,0.0,3.0,0.0,3.0,3.0,3.0,3.0,0.0,3.0,3.0,0.0,0.0,0.0,0.0,0.0,0,0,0,0,6.0,6.0,0,0,0,0,1,0,0,0,0.0,9.0,6.0,0.0,0,0,0,0,0,0,2,12,0,0,371,-1,1,20,0.0,0.0,0.0,0.0,0.0,0.0,0.0,0.0
60536,443,6,892.0,45286.0,453.0,0.0,53.1739,113.3391,4344.0,0.0,1737.4778,1239.475,15608.57,49035.032,208527.0,1.0,523315.0,26401.46,72618.108,208420.0,1.0,589062.0,29282.85,74620.818,336606.0,12.0,0,0,0,0,0.0,4344.0,0,0,0,1,0,0,0,0,1.0,1083.5044,53.1739,1737.4778,0,0,0,0,0,0,17,892,21,45286,65535,118,6,32,0.0,0.0,0.0,0.0,0.0,0.0,0.0,0.0
45966,443,6,2669.0,8036.0,432.0,0.0,61.2757,117.2702,3104.0,0.0,131.5385,518.5797,1849541.95,3896631.351,10028023.0,3.0,116936889.0,3190491.8,4774460.636,10043936.0,3.0,111406389.0,3441944.27,4761596.065,10040197.0,219.0,0,0,0,0,0.0,3104.0,0,0,0,1,0,0,0,0,0.0,98.1837,61.2757,131.5385,0,0,0,0,0,0,59,2669,43,8036,29200,1035,6,32,175294.72,488140.6,1920222.0,23449.0,9616638.27,1330445.203,10028024.0,5356958.0
49006,443,6,1119.0,4504.0,638.0,0.0,137.8889,228.1174,1460.0,0.0,591.4,678.157,559186.23,2334115.797,8480890.0,3.0,8843964.0,963333.33,2542461.347,8480790.0,86.0,174559.0,21518.14,22993.657,46000.0,3.0,0,0,0,0,0.0,1460.0,0,0,0,1,0,0,0,0,1.0,386.8833,137.8889,591.4,0,0,0,0,0,0,7,1119,10,4504,8192,115,6,20,0.0,0.0,0.0,0.0,0.0,0.0,0.0,0.0
57458,80,6,2028.0,925.0,1448.0,0.0,281.0,595.0,920.0,0.0,245.0,400.0,1122529.8,3001089.851,9997600.0,3.0,10254754.0,1673143.14,4068802.074,9997600.0,3.0,10103748.0,2500542.66,4950185.028,9999983.0,3.0,0,0,0,0,0.0,1448.0,0,0,0,1,0,0,0,0,0.0,262.3,281.0,245.0,0,0,0,0,0,0,8,2028,4,925,29200,1121,2,32,250255.0,0.0,250255.0,250255.0,9997641.0,0.0,9997601.0,9997641.0
58865,53,17,116.0,844.0,29.0,29.0,29.0,0.0,212.0,212.0,212.0,0.0,8176.42,26836.098,60089.0,3.0,61069.0,20323.0,35210.037,61063.0,3.0,4.0,4.0,0.0,4.0,4.0,0,0,0,0,29.0,212.0,0,0,0,0,0,0,0,0,0.0,127.5,29.0,212.0,0,0,0,0,0,0,4,116,2,844,-1,-1,3,20,0.0,0.0,0.0,0.0,0.0,0.0,0.0,0.0
61761,53,17,59.0,111.0,59.0,59.0,59.0,0.0,111.0,111.0,111.0,0.0,124389.0,0.0,124389.0,124389.0,0.0,0.0,0.0,0.0,0.0,0.0,0.0,0.0,0.0,0.0,0,0,0,0,59.0,111.0,0,0,0,0,0,0,0,0,1.0,114.5,59.0,111.0,0,0,0,0,0,0,1,59,1,111,-1,-1,0,32,0.0,0.0,0.0,0.0,0.0,0.0,0.0,0.0
60419,53,17,55.0,342.0,55.0,55.0,55.0,0.0,342.0,342.0,342.0,0.0,30968.0,0.0,30968.0,30968.0,0.0,0.0,0.0,0.0,0.0,0.0,0.0,0.0,0.0,0.0,0,0,0,0,55.0,342.0,0,0,0,0,0,0,0,0,1.0,226.0,55.0,342.0,0,0,0,0,0,0,1,55,1,342,-1,-1,0,20,0.0,0.0,0.0,0.0,0.0,0.0,0.0,0.0
443,59931,6,37.0,0.0,37.0,0.0,18.5,26.163,0.0,0.0,0.0,0.0,4.0,0.0,4.0,4.0,4.0,4.0,0.0,4.0,4.0,0.0,0.0,0.0,0.0,0.0,1,0,0,0,0.0,37.0,0,1,0,0,1,0,0,0,0.0,37.0,18.5,0.0,0,0,0,0,0,0,2,37,0,0,1020,-1,0,32,0.0,0.0,0.0,0.0,0.0,0.0,0.0,0.0
58330,53,17,86.0,118.0,43.0,43.0,43.0,0.0,59.0,59.0,59.0,0.0,49.33,36.76,91.0,3.0,3.0,3.0,0.0,3.0,3.0,3.0,3.0,0.0,3.0,3.0,0,0,0,0,43.0,59.0,0,0,0,0,0,0,0,0,1.0,61.75,43.0,59.0,0,0,0,0,0,0,2,86,2,118,-1,-1,1,32,0.0,0.0,0.0,0.0,0.0,0.0,0.0,0.0
56203,443,6,713.0,479.0,469.0,0.0,71.3,147.2874,341.0,0.0,95.8,149.5299,6934.21,9373.851,23279.0,3.0,83578.0,9092.22,11533.785,25719.0,3.0,50077.0,12894.75,13345.091,25035.0,551.0,0,0,0,0,0.0,469.0,0,0,0,1,0,0,0,0,0.0,79.4667,71.3,95.8,0,0,0,0,0,0,10,713,5,479,65535,972,5,32,0.0,0.0,0.0,0.0,0.0,0.0,0.0,0.0
16526,53,17,66.0,164.0,33.0,33.0,33.0,0.0,82.0,82.0,82.0,0.0,109.0,185.189,322.0,3.0,3.0,3.0,0.0,3.0,3.0,3.0,3.0,0.0,3.0,3.0,0,0,0,0,33.0,82.0,0,0,0,0,0,0,0,0,1.0,65.75,33.0,82.0,0,0,0,0,0,0,2,66,2,164,-1,-1,1,32,0.0,0.0,0.0,0.0,0.0,0.0,0.0,0.0
61432,443,6,980.0,975.0,789.0,0.0,98.0,246.171,837.0,0.0,195.0,363.8296,11617.14,15168.092,36236.0,3.0,148009.0,16377.77,20064.716,52007.0,3.0,108011.0,26007.25,17915.123,37312.0,500.0,0,0,0,0,0.0,837.0,0,0,0,1,0,0,0,0,0.0,121.8667,98.0,195.0,0,0,0,0,0,0,10,980,5,975,65535,61,5,32,0.0,0.0,0.0,0.0,0.0,0.0,0.0,0.0
56216,80,6,12.0,0.0,6.0,6.0,6.0,0.0,0.0,0.0,0.0,0.0,316.0,0.0,316.0,316.0,316.0,316.0,0.0,316.0,316.0,0.0,0.0,0.0,0.0,0.0,0,0,0,0,6.0,6.0,0,0,0,0,1,0,0,0,0.0,9.0,6.0,0.0,0,0,0,0,0,0,2,12,0,0,256,-1,1,20,0.0,0.0,0.0,0.0,0.0,0.0,0.0,0.0
58643,53,17,76.0,254.0,38.0,38.0,38.0,0.0,127.0,127.0,127.0,0.0,20353.0,35269.53,61051.0,3.0,3.0,3.0,0.0,3.0,3.0,3.0,3.0,0.0,3.0,3.0,0,0,0,0,38.0,127.0,0,0,0,0,0,0,0,0,1.0,87.0,38.0,127.0,0,0,0,0,0,0,2,76,2,254,-1,-1,1,20,0.0,0.0,0.0,0.0,0.0,0.0,0.0,0.0
443,64910,6,0.0,0.0,0.0,0.0,0.0,0.0,0.0,0.0,0.0,0.0,26485.0,37302.807,52806.0,53.0,52861.0,52861.0,0.0,52861.0,52861.0,0.0,0.0,0.0,0.0,0.0,0,0,0,0,0.0,0.0,0,0,0,0,1,0,0,0,0.0,0.0,0.0,0.0,0,0,0,0,0,0,2,0,1,0,357,32832,0,32,0.0,0.0,0.0,0.0,0.0,0.0,0.0,0.0
53699,443,6,18.0,0.0,6.0,6.0,6.0,0.0,0.0,0.0,0.0,0.0,18004022.8,24551518.955,45008068.0,84295.0,90022265.0,45011132.5,5095.744,45024615.0,45031123.0,90028784.0,45014792.0,7732.348,45022535.0,45028869.0,0,0,0,0,0.0,6.0,0,0,0,0,1,0,0,0,1.0,4.0,6.0,0.0,0,0,0,0,0,0,3,18,3,0,256,300,2,20,75172.0,40.854,75174.0,75170.0,45008283.5,1913.515,45008063.0,44998494.0
58464,443,6,1550.0,5545.0,941.0,0.0,121.1667,288.8823,1419.0,0.0,454.6125,648.9792,12321.23,21602.313,93563.0,2.0,312418.0,29491.64,29579.905,93563.0,3.0,233561.0,29055.3,37428.01,86638.0,2.0,0,0,0,0,0.0,1419.0,0,0,0,1,0,0,0,0,0.0,297.94,121.1667,454.6125,0,0,0,0,0,0,15,1550,11,5545,65535,370,6,32,0.0,0.0,0.0,0.0,0.0,0.0,0.0,0.0
61107,53,17,110.0,229.0,58.0,52.0,55.0,8.4853,137.0,66.0,114.5,37.4057,9427871.66,16964485.989,27612607.0,30981.0,27633792.0,27633792.0,0.0,27633792.0,27633792.0,27742036.0,27742036.0,0.0,27742036.0,27742036.0,0,0,0,0,52.0,137.0,0,0,0,0,0,0,0,0,1.0,103.75,55.0,114.5,0,0,0,0,0,0,2,110,2,229,-1,-1,1,20,30378.0,0.0,30378.0,30378.0,27612606.0,0.0,27612606.0,27612606.0
53217,80,6,4250.0,1375.0,735.0,0.0,174.0625,332.0161,346.0,0.0,95.5714,123.5862,2808005.95,4489758.288,10027670.0,58.0,110504135.0,5232453.8,4902024.398,10040013.0,129.0,110409442.0,6184295.93,5052494.382,10048367.0,1514.0,0,0,0,0,0.0,735.0,0,0,0,1,0,0,0,0,0.0,151.8295,174.0625,95.5714,0,0,0,0,0,0,26,4250,22,1375,29200,492,5,32,95669.81,280059.952,755627.0,22862.0,10015616.72,15624.594,10027673.0,9998133.0
60509,443,6,1350.0,5763.0,905.0,0.0,74.0,236.594,1460.0,0.0,387.7143,581.4674,2653199.87,4304093.694,10006121.0,4.0,70377857.0,5656574.65,5157763.834,10055364.0,6045.0,70286514.0,5448582.9,5106900.31,10056657.0,4.0,0,0,0,0,0.0,1460.0,0,0,0,1,0,0,0,0,1.0,229.3173,74.0,387.7143,0,0,0,0,0,0,18,1350,22,5763,8192,64,17,20,82477.0,18951.189,169949.0,22956.0,9995376.87,60480.464,10006126.0,9993476.0
62122,53,17,91.0,131.0,91.0,91.0,91.0,0.0,131.0,131.0,131.0,0.0,24016.0,0.0,24016.0,24016.0,0.0,0.0,0.0,0.0,0.0,0.0,0.0,0.0,0.0,0.0,0,0,0,0,91.0,131.0,0,0,0,0,0,0,0,0,1.0,166.5,91.0,131.0,0,0,0,0,0,0,1,91,1,131,-1,-1,0,32,0.0,0.0,0.0,0.0,0.0,0.0,0.0,0.0
55311,443,6,720.0,1295.0,469.0,0.0,72.0,147.7084,1157.0,0.0,259.0,505.5413,19237.21,36297.225,88720.0,4.0,274677.0,30974.88,43285.573,90346.0,4.0,180069.0,45087.75,49509.886,85877.0,204.0,0,0,0,0,0.0,1157.0,0,0,0,1,0,0,0,0,0.0,134.3333,72.0,259.0,0,0,0,0,0,0,10,720,5,1295,65535,65,5,32,0.0,0.0,0.0,0.0,0.0,0.0,0.0,0.0
54986,443,6,43.0,0.0,31.0,6.0,14.3333,14.4338,0.0,0.0,0.0,0.0,182.5,284.522,315.0,3.0,365.0,182.5,210.848,315.0,3.0,0.0,0.0,0.0,0.0,0.0,0,0,0,0,6.0,31.0,0,0,0,0,1,0,0,0,0.0,16.3333,14.3333,0.0,0,0,0,0,0,0,3,43,0,0,351,-1,2,20,0.0,0.0,0.0,0.0,0.0,0.0,0.0,0.0
443,61881,6,0.0,0.0,0.0,0.0,0.0,0.0,0.0,0.0,0.0,0.0,39.0,0.0,39.0,39.0,0.0,0.0,0.0,0.0,0.0,0.0,0.0,0.0,0.0,0.0,0,0,0,0,0.0,0.0,0,0,0,0,1,0,0,0,1.0,0.0,0.0,0.0,0,0,0,0,0,0,1,0,1,0,349,32832,0,32,0.0,0.0,0.0,0.0,0.0,0.0,0.0,0.0
63443,443,6,729.0,799.0,469.0,0.0,72.9,147.7084,661.0,0.0,159.8,286.4807,19148.78,38878.905,106205.0,4.0,277729.0,30975.11,40684.574,104435.0,4.0,184478.0,49099.0,49149.166,99591.0,4.0,0,0,0,0,0.0,661.0,0,0,0,1,0,0,0,0,0.0,102.9333,72.9,159.8,0,0,0,0,0,0,10,729,5,799,65535,349,5,32,0.0,0.0,0.0,0.0,0.0,0.0,0.0,0.0
56333,443,6,0.0,0.0,0.0,0.0,0.0,0.0,0.0,0.0,0.0,0.0,123.0,0.0,123.0,123.0,123.0,123.0,0.0,123.0,123.0,0.0,0.0,0.0,0.0,0.0,0,0,0,0,0.0,0.0,0,0,0,0,1,0,0,0,0.0,0.0,0.0,0.0,0,0,0,0,0,0,2,0,0,0,342,-1,0,32,0.0,0.0,0.0,0.0,0.0,0.0,0.0,0.0
45238,443,6,33334.0,48087.0,1897.0,0.0,290.4961,772.1443,3448.0,0.0,697.6804,915.503,723943.87,2572303.557,10210349.0,0.0,116420182.0,1737301.27,3003903.435,10240041.0,4.0,113174822.0,1648845.76,3597162.595,10240219.0,0.0,0,0,0,0,0.0,3448.0,0,0,0,1,0,0,0,0,1.0,500.4076,290.4961,697.6804,0,0,0,0,0,0,62,33334,56,48087,29200,2816,17,32,53856.63,194613.427,10634892.0,23285.0,10003067.63,498250.635,10210342.0,9866740.0
62294,53,17,39.0,35.0,39.0,39.0,39.0,0.0,35.0,35.0,35.0,0.0,148604.0,0.0,148604.0,148604.0,0.0,0.0,0.0,0.0,0.0,0.0,0.0,0.0,0.0,0.0,0,0,0,0,39.0,35.0,0,0,0,0,0,0,0,0,1.0,56.5,39.0,35.0,0,0,0,0,0,0,1,39,1,35,-1,-1,0,32,0.0,0.0,0.0,0.0,0.0,0.0,0.0,0.0
39007,443,6,886.0,11574.0,325.0,0.0,38.2727,99.2159,2099.0,0.0,478.6667,687.4099,2149860.07,4084503.009,10036184.0,0.0,115592198.0,4167842.53,4921586.551,10112006.0,3.0,110571948.0,3948916.18,5032566.778,10112253.0,53.0,0,0,0,0,0.0,2099.0,0,0,0,1,0,0,0,0,0.0,209.3761,38.2727,478.6667,0,0,0,0,0,0,22,886,25,11574,29200,126,5,32,52482.16,33388.048,178293.0,29277.0,9612208.83,1426728.994,10036137.0,5349790.0
443,57769,6,37.0,0.0,31.0,6.0,18.5,17.6777,0.0,0.0,0.0,0.0,3.0,0.0,3.0,3.0,3.0,3.0,0.0,3.0,3.0,0.0,0.0,0.0,0.0,0.0,1,0,0,0,6.0,31.0,0,1,0,0,1,0,0,0,0.0,34.0,18.5,0.0,0,0,0,0,0,0,2,37,0,0,80,-1,1,20,0.0,0.0,0.0,0.0,0.0,0.0,0.0,0.0
53221,443,6,12.0,0.0,6.0,6.0,6.0,0.0,0.0,0.0,0.0,0.0,3.0,0.0,3.0,3.0,3.0,3.0,0.0,3.0,3.0,0.0,0.0,0.0,0.0,0.0,0,0,0,0,6.0,6.0,1,0,0,0,0,0,0,0,0.0,9.0,6.0,0.0,0,0,0,0,0,0,2,12,0,0,0,-1,1,20,0.0,0.0,0.0,0.0,0.0,0.0,0.0,0.0
55601,80,6,0.0,0.0,0.0,0.0,0.0,0.0,0.0,0.0,0.0,0.0,19024.0,0.0,19024.0,19024.0,0.0,0.0,0.0,0.0,0.0,0.0,0.0,0.0,0.0,0.0,0,0,0,0,0.0,0.0,0,0,0,0,1,1,0,0,1.0,0.0,0.0,0.0,0,0,0,0,0,0,1,0,1,0,329,129,0,32,0.0,0.0,0.0,0.0,0.0,0.0,0.0,0.0
64163,80,6,462.0,387.0,452.0,0.0,92.4,208.8348,385.0,0.0,126.6667,203.8529,7319.66,12225.153,28563.0,25.0,49739.0,12989.75,13965.637,29010.0,389.0,21191.0,10295.5,15150.233,21684.0,581.0,0,0,0,0,0.0,452.0,0,0,0,1,0,0,0,0,0.0,107.375,92.4,126.6667,0,0,0,0,0,0,5,462,3,387,65535,559,1,32,0.0,0.0,0.0,0.0,0.0,0.0,0.0,0.0
443,58270,6,6.0,6.0,6.0,6.0,6.0,0.0,6.0,6.0,6.0,0.0,25.0,0.0,25.0,25.0,0.0,0.0,0.0,0.0,0.0,0.0,0.0,0.0,0.0,0.0,0,0,0,0,6.0,6.0,0,0,0,0,1,1,0,0,1.0,9.0,6.0,6.0,0,0,0,0,0,0,1,6,1,6,31256,256,0,20,0.0,0.0,0.0,0.0,0.0,0.0,0.0,0.0
54357,53,17,66.0,450.0,33.0,33.0,33.0,0.0,225.0,225.0,225.0,0.0,29370.0,50032.136,87114.0,47.0,47.0,47.0,0.0,47.0,47.0,47.0,47.0,0.0,47.0,47.0,0,0,0,0,33.0,225.0,0,0,0,0,0,0,0,0,1.0,137.25,33.0,225.0,0,0,0,0,0,0,2,66,2,450,-1,-1,1,20,0.0,0.0,0.0,0.0,0.0,0.0,0.0,0.0
59073,53,17,66.0,386.0,33.0,33.0,33.0,0.0,193.0,193.0,193.0,0.0,72.0,120.598,213.0,1.0,1.0,1.0,0.0,1.0,1.0,4.0,4.0,0.0,4.0,4.0,0,0,0,0,33.0,193.0,0,0,0,0,0,0,0,0,1.0,121.25,33.0,193.0,0,0,0,0,0,0,2,66,2,386,-1,-1,1,20,0.0,0.0,0.0,0.0,0.0,0.0,0.0,0.0
56686,443,6,1375.0,6536.0,773.0,0.0,99.0,216.7015,1418.0,0.0,644.0,678.4408,24161.56,40851.026,256800.0,2.0,544350.0,49204.27,87001.978,256807.0,2.0,417295.0,57069.3,63717.945,347467.0,2.0,0,0,0,0,0.0,1418.0,0,0,0,1,0,0,0,0,0.0,326.819,99.0,644.0,0,0,0,0,0,0,15,1375,14,6536,65535,352,7,32,0.0,0.0,0.0,0.0,0.0,0.0,0.0,0.0
54429,443,6,959.0,5127.0,789.0,0.0,73.0667,184.5603,1839.0,0.0,640.125,803.1942,11579.52,20310.046,40514.0,1.0,265194.0,18229.78,24065.081,72048.0,1.0,200377.0,27174.85,41571.726,107756.0,1.0,0,0,0,0,0.0,1839.0,0,0,0,1,0,0,0,0,0.0,297.44,73.0667,640.125,0,0,0,0,0,0,15,959,8,5127,65535,115,6,32,0.0,0.0,0.0,0.0,0.0,0.0,0.0,0.0
80,50808,6,6.0,6.0,6.0,6.0,6.0,0.0,6.0,6.0,6.0,0.0,64.0,0.0,64.0,64.0,0.0,0.0,0.0,0.0,0.0,0.0,0.0,0.0,0.0,0.0,0,0,0,0,6.0,6.0,0,0,0,0,1,1,0,0,1.0,9.0,6.0,6.0,0,0,0,0,0,0,1,6,1,6,386,258,0,20,0.0,0.0,0.0,0.0,0.0,0.0,0.0,0.0
52274,80,6,0.0,0.0,0.0,0.0,0.0,0.0,0.0,0.0,0.0,0.0,81540.0,0.0,81540.0,81540.0,0.0,0.0,0.0,0.0,0.0,0.0,0.0,0.0,0.0,0.0,0,0,0,0,0.0,0.0,0,0,0,0,1,1,0,0,1.0,0.0,0.0,0.0,0,0,0,0,0,0,1,0,1,0,237,939,0,32,0.0,0.0,0.0,0.0,0.0,0.0,0.0,0.0
60778,53,17,91.0,173.0,49.0,44.0,45.5,2.1213,105.0,62.0,86.5,16.975,10961711.0,19485352.127,31647612.0,23595.0,31607345.0,31607345.0,0.0,31607345.0,31607345.0,31655944.0,31655944.0,0.0,31655944.0,31655944.0,0,0,0,0,44.0,105.0,0,0,0,0,0,0,0,0,1.0,70.75,45.5,86.5,0,0,0,0,0,0,2,91,2,173,-1,-1,1,20,217.0,0.0,217.0,217.0,31647655.0,0.0,31647655.0,31647655.0
58708,53,17,60.0,264.0,30.0,30.0,30.0,0.0,132.0,132.0,132.0,0.0,83.66,101.829,205.0,3.0,4.0,4.0,0.0,4.0,4.0,47.0,47.0,0.0,47.0,47.0,0,0,0,0,30.0,132.0,0,0,0,0,0,0,0,0,1.0,88.5,30.0,132.0,0,0,0,0,0,0,2,60,2,264,-1,-1,1,40,0.0,0.0,0.0,0.0,0.0,0.0,0.0,0.0
52710,443,6,673.0,50632.0,437.0,0.0,10.625,68.8003,4244.0,0.0,1780.4545,954.8623,24406.44,145943.76,542614.0,1.0,1110873.0,83677.8,167269.143,542614.0,1.0,1589238.0,162557.23,148429.291,579729.0,48.0,0,0,0,0,0.0,4244.0,0,0,0,1,0,0,0,0,1.0,940.8936,10.625,1780.4545,0,0,0,0,0,0,36,673,49,50632,65535,122,5,32,0.0,0.0,0.0,0.0,0.0,0.0,0.0,0.0
50809,53,17,76.0,108.0,38.0,38.0,38.0,0.0,54.0,54.0,54.0,0.0,43.66,65.768,125.0,3.0,3.0,3.0,0.0,3.0,3.0,3.0,3.0,0.0,3.0,3.0,0,0,0,0,38.0,54.0,0,0,0,0,0,0,0,0,1.0,55.5,38.0,54.0,0,0,0,0,0,0,2,76,2,108,-1,-1,1,32,0.0,0.0,0.0,0.0,0.0,0.0,0.0,0.0
80,44382,6,0.0,0.0,0.0,0.0,0.0,0.0,0.0,0.0,0.0,0.0,78.0,0.0,78.0,78.0,0.0,0.0,0.0,0.0,0.0,0.0,0.0,0.0,0.0,0.0,0,0,0,0,0.0,0.0,0,0,0,0,1,1,0,0,1.0,0.0,0.0,0.0,0,0,0,0,0,0,1,0,1,0,59,33304,0,32,0.0,0.0,0.0,0.0,0.0,0.0,0.0,0.0
49426,443,6,580.0,152.0,517.0,0.0,116.0,225.1011,146.0,0.0,38.6667,78.0556,1091616.87,2775976.712,9863717.0,49.0,477141.0,44365.25,45863.377,118808.0,411.0,5156111.0,3187620.5,4996872.862,9962119.0,57.0,0,0,0,0,0.0,517.0,0,0,0,1,0,0,0,0,1.0,81.7718,116.0,38.6667,0,0,0,0,0,0,5,580,3,152,8192,119,4,20,0.0,0.0,0.0,0.0,0.0,0.0,0.0,0.0
62875,53,17,49.0,196.0,49.0,49.0,49.0,0.0,196.0,196.0,196.0,0.0,124757.0,0.0,124757.0,124757.0,0.0,0.0,0.0,0.0,0.0,0.0,0.0,0.0,0.0,0.0,0,0,0,0,49.0,196.0,0,0,0,0,0,0,0,0,1.0,147.0,49.0,196.0,0,0,0,0,0,0,1,49,1,196,-1,-1,0,32,0.0,0.0,0.0,0.0,0.0,0.0,0.0,0.0
13410,53,17,90.0,196.0,45.0,45.0,45.0,0.0,98.0,98.0,98.0,0.0,61.66,98.345,178.0,3.0,4.0,4.0,0.0,4.0,4.0,3.0,3.0,0.0,3.0,3.0,0,0,0,0,45.0,98.0,0,0,0,0,0,0,0,0,1.0,82.75,45.0,98.0,0,0,0,0,0,0,2,90,2,196,-1,-1,1,32,0.0,0.0,0.0,0.0,0.0,0.0,0.0,0.0
62268,53,17,64.0,117.0,64.0,64.0,64.0,0.0,117.0,117.0,117.0,0.0,46660.0,0.0,46660.0,46660.0,0.0,0.0,0.0,0.0,0.0,0.0,0.0,0.0,0.0,0.0,0,0,0,0,64.0,117.0,0,0,0,0,0,0,0,0,1.0,122.5,64.0,117.0,0,0,0,0,0,0,1,64,1,117,-1,-1,0,32,0.0,0.0,0.0,0.0,0.0,0.0,0.0,0.0
37605,80,6,0.0,0.0,0.0,0.0,0.0,0.0,0.0,0.0,0.0,0.0,1948192.66,3293241.939,5607164.0,59.0,5623204.0,2811602.0,3945210.544,5607164.0,23121.0,0.0,0.0,0.0,0.0,0.0,0,0,0,0,0.0,0.0,0,0,0,1,0,0,0,0,0.0,0.0,0.0,0.0,0,0,0,0,0,0,3,0,1,0,29200,26847,0,32,0.0,0.0,0.0,0.0,0.0,0.0,0.0,0.0
60672,53,17,87.0,240.0,44.0,43.0,48.5,2.1213,152.0,98.0,120.0,62.1217,35632907.33,61154751.535,107897518.0,30587.0,107807678.0,107807678.0,0.0,107807678.0,107807678.0,107867877.0,107867877.0,0.0,107867877.0,107867877.0,0,0,0,0,43.0,152.0,0,0,0,0,0,0,0,0,1.0,94.0,48.5,120.0,0,0,0,0,0,0,2,87,2,240,-1,-1,1,20,41461.0,0.0,41461.0,41461.0,107897548.0,0.0,107897518.0,107897548.0
62454,53,17,116.0,204.0,58.0,58.0,58.0,0.0,102.0,102.0,102.0,0.0,60.66,94.508,175.0,3.0,4.0,4.0,0.0,4.0,4.0,3.0,3.0,0.0,3.0,3.0,0,0,0,0,58.0,102.0,0,0,0,0,0,0,0,0,1.0,99.5,58.0,102.0,0,0,0,0,0,0,2,116,2,204,-1,-1,1,32,0.0,0.0,0.0,0.0,0.0,0.0,0.0,0.0
24198,53,17,66.0,98.0,33.0,33.0,33.0,0.0,49.0,49.0,49.0,0.0,52.66,80.651,142.0,3.0,3.0,3.0,0.0,3.0,3.0,4.0,4.0,0.0,4.0,4.0,0,0,0,0,33.0,49.0,0,0,0,0,0,0,0,0,1.0,49.25,33.0,49.0,0,0,0,0,0,0,2,66,2,98,-1,-1,1,20,0.0,0.0,0.0,0.0,0.0,0.0,0.0,0.0
123,123,17,96.0,96.0,48.0,48.0,48.0,0.0,48.0,48.0,48.0,0.0,48.33,77.502,139.0,3.0,4.0,4.0,0.0,4.0,4.0,3.0,3.0,0.0,3.0,3.0,0,0,0,0,48.0,48.0,0,0,0,0,0,0,0,0,1.0,60.0,48.0,48.0,0,0,0,0,0,0,2,96,2,96,-1,-1,1,20,0.0,0.0,0.0,0.0,0.0,0.0,0.0,0.0
443,6047,6,12.0,0.0,6.0,6.0,6.0,0.0,0.0,0.0,0.0,0.0,3.0,0.0,3.0,3.0,3.0,3.0,0.0,3.0,3.0,0.0,0.0,0.0,0.0,0.0,0,0,0,0,6.0,6.0,0,0,0,0,1,0,0,0,0.0,9.0,6.0,0.0,0,0,0,0,0,0,2,12,0,0,4968,-1,1,20,0.0,0.0,0.0,0.0,0.0,0.0,0.0,0.0
443,51584,6,6.0,6.0,6.0,6.0,6.0,0.0,6.0,6.0,6.0,0.0,31.0,0.0,31.0,31.0,0.0,0.0,0.0,0.0,0.0,0.0,0.0,0.0,0.0,0.0,0,0,0,0,6.0,6.0,0,0,0,0,1,1,0,0,1.0,9.0,6.0,6.0,0,0,0,0,0,0,1,6,1,6,31662,63393,0,20,0.0,0.0,0.0,0.0,0.0,0.0,0.0,0.0
56494,80,6,1638.0,2790.0,1510.0,0.0,548.0,728.3434,2920.0,2.0,572.0,1055.8635,133509.33,254769.385,719065.0,51.0,810623.0,105705.2,224572.795,712615.0,388.0,815242.0,208707.0,328035.191,719164.0,183.0,0,0,0,0,0.0,2920.0,0,0,0,1,0,0,0,0,1.0,581.8571,548.0,572.0,0,0,0,0,0,0,3,1638,5,2790,8192,35016,2,20,0.0,0.0,0.0,0.0,0.0,0.0,0.0,0.0
23590,53,17,88.0,188.0,44.0,44.0,44.0,0.0,94.0,94.0,94.0,0.0,51.33,87.779,148.0,3.0,4.0,4.0,0.0,4.0,4.0,3.0,3.0,0.0,3.0,3.0,0,0,0,0,44.0,94.0,0,0,0,0,0,0,0,0,1.0,80.0,44.0,94.0,0,0,0,0,0,0,2,88,2,188,-1,-1,1,20,0.0,0.0,0.0,0.0,0.0,0.0,0.0,0.0
53547,53,17,60.0,344.0,30.0,30.0,30.0,0.0,172.0,172.0,172.0,0.0,60.66,91.616,175.0,3.0,3.0,3.0,0.0,3.0,3.0,3.0,3.0,0.0,3.0,3.0,0,0,0,0,30.0,172.0,0,0,0,0,0,0,0,0,1.0,108.5,30.0,172.0,0,0,0,0,0,0,2,60,2,344,-1,-1,1,32,0.0,0.0,0.0,0.0,0.0,0.0,0.0,0.0
32379,80,6,0.0,0.0,0.0,0.0,0.0,0.0,0.0,0.0,0.0,0.0,183614.0,0.0,183614.0,183614.0,0.0,0.0,0.0,0.0,0.0,0.0,0.0,0.0,0.0,0.0,0,0,0,0,0.0,0.0,0,0,0,0,1,1,0,0,1.0,0.0,0.0,0.0,0,0,0,0,0,0,1,0,1,0,237,939,0,32,0.0,0.0,0.0,0.0,0.0,0.0,0.0,0.0
58634,53,17,60.0,264.0,30.0,30.0,30.0,0.0,132.0,132.0,132.0,0.0,64.0,109.802,185.0,3.0,3.0,3.0,0.0,3.0,3.0,4.0,4.0,0.0,4.0,4.0,0,0,0,0,30.0,132.0,0,0,0,0,0,0,0,0,1.0,88.5,30.0,132.0,0,0,0,0,0,0,2,60,2,264,-1,-1,1,20,0.0,0.0,0.0,0.0,0.0,0.0,0.0,0.0
55494,137,17,650.0,0.0,50.0,50.0,50.0,0.0,0.0,0.0,0.0,0.0,1.75,1.445,6.0,1.0,22.0,1.25,1.435,6.0,1.0,0.0,0.0,0.0,0.0,0.0,0,0,0,0,50.0,50.0,0,0,0,0,0,0,0,0,0.0,53.8462,50.0,0.0,0,0,0,0,0,0,13,650,0,0,-1,-1,12,40,0.0,0.0,0.0,0.0,0.0,0.0,0.0,0.0
55817,443,6,626.0,4195.0,342.0,0.0,74.5,126.2348,1460.0,2.0,538.2857,718.0104,341487.13,1253497.46,4970223.0,3.0,5216476.0,741035.44,1840850.439,4970283.0,3.0,531295.0,76773.16,107874.01,221877.0,48.0,0,0,0,0,0.0,1460.0,0,0,0,1,0,0,0,0,0.0,316.5,74.5,538.2857,0,0,0,0,0,0,8,626,7,4195,8192,34968,6,20,0.0,0.0,0.0,0.0,0.0,0.0,0.0,0.0
443,53903,6,247.0,6.0,216.0,31.0,123.5,130.8148,6.0,6.0,6.0,0.0,137.0,2.428,135.0,131.0,232.0,232.0,0.0,232.0,232.0,0.0,0.0,0.0,0.0,0.0,1,0,0,0,6.0,216.0,0,1,0,0,1,0,0,0,0.0,231.3333,123.5,6.0,0,0,0,0,0,0,2,247,1,6,33,0,1,20,0.0,0.0,0.0,0.0,0.0,0.0,0.0,0.0
53321,443,6,947.0,4391.0,640.0,0.0,64.9333,177.6761,1821.0,0.0,285.6429,504.7911,2577308.46,4304107.071,9998920.0,29.0,60141080.0,4575740.09,5139788.565,10051641.0,159.0,60142827.0,5012445.43,5221253.728,10051490.0,49.0,0,0,0,0,0.0,1821.0,0,0,0,1,0,0,0,0,0.0,169.6471,64.9333,285.6429,0,0,0,0,0,0,15,947,14,4391,8192,115,14,20,93435.5,101567.632,376240.0,50875.0,9964068.83,83718.769,9998926.0,9794908.0
2339,443,6,6264.0,4440.0,3509.0,0.0,620.6429,1098.8628,2213.0,0.0,462.3,684.2689,48470.94,292607.595,998386.0,6.0,1563187.0,110723.0,398366.78,1910989.0,16.0,617991.0,76324.0,99405.623,203634.0,49.0,0,0,0,0,0.0,3509.0,0,0,0,1,0,0,0,0,1.0,503.1124,620.6429,462.3,0,0,0,0,0,0,7,6264,10,4440,8192,24200,6,20,0.0,0.0,0.0,0.0,0.0,0.0,0.0,0.0
60746,53,17,126.0,233.0,73.0,51.0,63.0,15.5563,158.0,87.0,116.5,78.2695,15626422.33,28265801.645,46716262.0,30683.0,46816186.0,46816186.0,0.0,46816186.0,46816186.0,46828580.0,46828580.0,0.0,46828580.0,46828580.0,0,0,0,0,51.0,158.0,0,0,0,0,0,0,0,0,1.0,106.25,63.0,116.5,0,0,0,0,0,0,2,126,2,233,-1,-1,1,20,31298.0,0.0,31298.0,31298.0,46716299.0,0.0,46716269.0,46716299.0
443,60539,6,6.0,6.0,6.0,6.0,6.0,0.0,6.0,6.0,6.0,0.0,74.0,0.0,74.0,74.0,0.0,0.0,0.0,0.0,0.0,0.0,0.0,0.0,0.0,0.0,0,0,0,0,6.0,6.0,0,0,0,0,1,0,0,0,1.0,9.0,6.0,6.0,0,0,0,0,0,0,1,6,1,6,119,256,0,20,0.0,0.0,0.0,0.0,0.0,0.0,0.0,0.0
443,52032,6,12.0,0.0,6.0,6.0,6.0,0.0,0.0,0.0,0.0,0.0,2788.0,0.0,2788.0,2788.0,2788.0,2788.0,0.0,2788.0,2788.0,0.0,0.0,0.0,0.0,0.0,0,0,0,0,6.0,6.0,0,0,0,0,1,0,0,0,0.0,9.0,6.0,0.0,0,0,0,0,0,0,2,12,0,0,32,-1,1,20,0.0,0.0,0.0,0.0,0.0,0.0,0.0,0.0
62405,53,17,68.0,222.0,34.0,34.0,34.0,0.0,111.0,111.0,111.0,0.0,10366.0,17928.272,31043.0,2.0,49.0,49.0,0.0,49.0,49.0,2.0,2.0,0.0,2.0,2.0,0,0,0,0,34.0,111.0,0,0,0,0,0,0,0,0,1.0,81.0,34.0,111.0,0,0,0,0,0,0,2,68,2,222,-1,-1,1,32,0.0,0.0,0.0,0.0,0.0,0.0,0.0,0.0
56018,443,6,6.0,6.0,6.0,6.0,6.0,0.0,6.0,6.0,6.0,0.0,8.0,0.0,8.0,8.0,0.0,0.0,0.0,0.0,0.0,0.0,0.0,0.0,0.0,0.0,0,0,0,0,6.0,6.0,0,0,0,0,1,0,0,0,1.0,9.0,6.0,6.0,0,0,0,0,0,0,1,6,1,6,256,8192,0,20,0.0,0.0,0.0,0.0,0.0,0.0,0.0,0.0
443,43458,6,31.0,0.0,31.0,0.0,10.3333,17.8979,0.0,0.0,0.0,0.0,134.5,190.1,229.0,3.0,279.0,139.5,150.317,229.0,3.0,0.0,0.0,0.0,0.0,0.0,0,0,0,0,0.0,31.0,0,0,0,0,1,0,0,0,0.0,10.3333,10.3333,0.0,0,0,0,0,0,0,3,31,0,0,59,-1,1,32,0.0,0.0,0.0,0.0,0.0,0.0,0.0,0.0
53789,443,6,352.0,3782.0,208.0,0.0,58.6667,87.8605,1460.0,0.0,630.3333,677.2171,23949.66,39985.096,85841.0,3.0,260215.0,52225.0,47292.825,90810.0,86.0,175862.0,35092.4,46604.567,87623.0,48.0,0,0,0,0,0.0,1460.0,0,0,0,1,0,0,0,0,1.0,344.5,58.6667,630.3333,0,0,0,0,0,0,6,352,6,3782,8192,60,5,20,0.0,0.0,0.0,0.0,0.0,0.0,0.0,0.0
62321,53,17,76.0,420.0,38.0,38.0,38.0,0.0,210.0,210.0,210.0,0.0,20573.0,35639.048,61712.0,3.0,3.0,3.0,0.0,3.0,3.0,3.0,3.0,0.0,3.0,3.0,0,0,0,0,38.0,210.0,0,0,0,0,0,0,0,0,1.0,133.5,38.0,210.0,0,0,0,0,0,0,2,76,2,420,-1,-1,1,20,0.0,0.0,0.0,0.0,0.0,0.0,0.0,0.0
63135,3980,6,12.0,0.0,6.0,6.0,6.0,0.0,0.0,0.0,0.0,0.0,19.0,0.0,19.0,19.0,19.0,19.0,0.0,19.0,19.0,0.0,0.0,0.0,0.0,0.0,0,0,0,0,6.0,6.0,0,0,0,0,1,0,0,0,0.0,9.0,6.0,0.0,0,0,0,0,0,0,2,12,0,0,256,-1,1,20,0.0,0.0,0.0,0.0,0.0,0.0,0.0,0.0
123,123,17,96.0,96.0,48.0,48.0,48.0,0.0,48.0,48.0,48.0,0.0,22006550.66,37951900.924,65955107.0,46828.0,65999905.0,65999905.0,0.0,65999905.0,65999905.0,65999757.0,65999757.0,0.0,65999757.0,65999757.0,0,0,0,0,48.0,48.0,0,0,0,0,0,0,0,0,1.0,60.0,48.0,48.0,0,0,0,0,0,0,2,96,2,96,-1,-1,1,20,16545.0,0.0,16545.0,16545.0,65955142.0,0.0,65955142.0,65955142.0
443,57526,6,0.0,0.0,0.0,0.0,0.0,0.0,0.0,0.0,0.0,0.0,34.0,0.0,34.0,34.0,0.0,0.0,0.0,0.0,0.0,0.0,0.0,0.0,0.0,0.0,0,0,0,0,0.0,0.0,0,0,0,0,1,1,0,0,1.0,0.0,0.0,0.0,0,0,0,0,0,0,1,0,1,0,122,33304,0,32,0.0,0.0,0.0,0.0,0.0,0.0,0.0,0.0
55727,80,6,0.0,0.0,0.0,0.0,0.0,0.0,0.0,0.0,0.0,0.0,1755005.0,2996970.231,5146789.0,22.0,5131300.0,2565650.0,3582750.507,5146789.0,23399.0,0.0,0.0,0.0,0.0,0.0,0,0,0,0,0.0,0.0,0,0,0,1,0,0,0,0,0.0,0.0,0.0,0.0,0,0,0,0,0,0,2,0,1,0,29200,28960,0,32,0.0,0.0,0.0,0.0,0.0,0.0,0.0,0.0
61935,53,17,64.0,130.0,64.0,64.0,64.0,0.0,130.0,130.0,130.0,0.0,109680.0,0.0,109680.0,109680.0,0.0,0.0,0.0,0.0,0.0,0.0,0.0,0.0,0.0,0.0,0,0,0,0,64.0,130.0,0,0,0,0,0,0,0,0,1.0,129.0,64.0,130.0,0,0,0,0,0,0,1,64,1,130,-1,-1,0,20,0.0,0.0,0.0,0.0,0.0,0.0,0.0,0.0
57556,443,6,1136.0,1119.0,885.0,0.0,113.6,275.3613,981.0,0.0,223.8,427.4847,30706.78,40876.611,160981.0,48.0,411796.0,32643.55,60551.765,344784.0,48.0,311747.0,75364.25,58633.258,101463.0,415.0,0,0,0,0,0.0,981.0,0,0,0,1,0,0,0,0,0.0,150.3333,113.6,223.8,0,0,0,0,0,0,10,1136,5,1119,65535,116,5,32,0.0,0.0,0.0,0.0,0.0,0.0,0.0,0.0
62325,53,17,47.0,125.0,47.0,47.0,47.0,0.0,125.0,125.0,125.0,0.0,30472.0,0.0,30472.0,30472.0,0.0,0.0,0.0,0.0,0.0,0.0,0.0,0.0,0.0,0.0,0,0,0,0,47.0,125.0,0,0,0,0,0,0,0,0,1.0,109.5,47.0,125.0,0,0,0,0,0,0,1,47,1,125,-1,-1,0,20,0.0,0.0,0.0,0.0,0.0,0.0,0.0,0.0
443,57028,6,37.0,0.0,31.0,6.0,18.5,17.6777,0.0,0.0,0.0,0.0,4.0,0.0,4.0,4.0,4.0,4.0,0.0,4.0,4.0,0.0,0.0,0.0,0.0,0.0,1,0,0,0,6.0,31.0,0,1,0,0,1,0,0,0,0.0,34.0,18.5,0.0,0,0,0,0,0,0,2,37,0,0,110,-1,1,20,0.0,0.0,0.0,0.0,0.0,0.0,0.0,0.0
60807,53,17,48.0,238.0,48.0,48.0,48.0,0.0,238.0,238.0,238.0,0.0,180814.0,0.0,180814.0,180814.0,0.0,0.0,0.0,0.0,0.0,0.0,0.0,0.0,0.0,0.0,0,0,0,0,48.0,238.0,0,0,0,0,0,0,0,0,1.0,167.0,48.0,238.0,0,0,0,0,0,0,1,48,1,238,-1,-1,0,20,0.0,0.0,0.0,0.0,0.0,0.0,0.0,0.0
41332,443,6,1069.0,454.0,517.0,0.0,96.3571,198.1884,296.0,0.0,59.5833,109.8886,5535597.62,16119944.829,58755825.0,1.0,116177694.0,8112668.3,21924503.366,58755825.0,11.0,116976394.0,10719167.28,25547127.217,58805700.0,1.0,0,0,0,0,0.0,517.0,0,0,0,1,0,0,0,0,0.0,79.1833,96.3571,59.5833,0,0,0,0,0,0,14,1069,12,454,29200,249,13,32,276566.5,200913.757,386610.0,213243.0,58616124.5,213030.095,58755827.0,58411114.0
60322,53,17,142.0,262.0,81.0,41.0,61.0,22.8284,152.0,85.0,131.0,53.0988,1218476.66,2044306.381,4629187.0,64627.0,4623858.0,4623858.0,0.0,4623858.0,4623858.0,4780022.0,4780022.0,0.0,4780022.0,4780022.0,0,0,0,0,41.0,152.0,0,0,0,0,0,0,0,0,1.0,109.25,61.0,131.0,0,0,0,0,0,0,2,142,2,262,-1,-1,1,20,0.0,0.0,0.0,0.0,0.0,0.0,0.0,0.0
12058,53,17,62.0,94.0,31.0,31.0,31.0,0.0,47.0,47.0,47.0,0.0,78.66,97.474,189.0,3.0,3.0,3.0,0.0,3.0,3.0,49.0,49.0,0.0,49.0,49.0,0,0,0,0,31.0,47.0,0,0,0,0,0,0,0,0,1.0,46.75,31.0,47.0,0,0,0,0,0,0,2,62,2,94,-1,-1,1,32,0.0,0.0,0.0,0.0,0.0,0.0,0.0,0.0
52101,53,17,72.0,104.0,36.0,36.0,36.0,0.0,52.0,52.0,52.0,0.0,59.33,69.307,129.0,3.0,48.0,48.0,0.0,48.0,48.0,3.0,3.0,0.0,3.0,3.0,0,0,0,0,36.0,52.0,0,0,0,0,0,0,0,0,1.0,53.0,36.0,52.0,0,0,0,0,0,0,2,72,2,104,-1,-1,1,32,0.0,0.0,0.0,0.0,0.0,0.0,0.0,0.0
443,51318,6,12.0,0.0,6.0,6.0,6.0,0.0,0.0,0.0,0.0,0.0,3599.0,0.0,3599.0,3599.0,3599.0,3599.0,0.0,3599.0,3599.0,0.0,0.0,0.0,0.0,0.0,0,0,0,0,6.0,6.0,0,0,0,0,1,0,0,0,0.0,9.0,6.0,0.0,0,0,0,0,0,0,2,12,0,0,4768,-1,1,20,0.0,0.0,0.0,0.0,0.0,0.0,0.0,0.0
443,44704,6,31.0,0.0,31.0,0.0,15.5,21.9203,0.0,0.0,0.0,0.0,4.0,0.0,4.0,4.0,4.0,4.0,0.0,4.0,4.0,0.0,0.0,0.0,0.0,0.0,1,0,0,0,0.0,31.0,0,1,0,0,1,0,0,0,0.0,31.0,15.5,0.0,0,0,0,0,0,0,2,31,0,0,63,-1,0,32,0.0,0.0,0.0,0.0,0.0,0.0,0.0,0.0
61944,53,17,95.0,177.0,53.0,40.0,47.5,7.7782,117.0,79.0,88.5,33.435,12164760.0,21113832.098,37212518.0,37001.0,37253271.0,36253271.0,0.0,37253271.0,37253271.0,37257078.0,37257078.0,0.0,37257078.0,37257078.0,0,0,0,0,40.0,117.0,0,0,0,0,0,0,0,0,1.0,86.75,47.5,88.5,0,0,0,0,0,0,2,95,2,177,-1,-1,1,20,256.0,0.0,256.0,256.0,37212587.0,0.0,37212587.0,37212587.0
51029,443,6,720.0,1151.0,469.0,0.0,72.0,147.7084,1013.0,0.0,191.8333,406.0573,29761.23,41523.738,103379.0,4.0,428804.0,42473.11,80779.583,213666.0,49.0,328545.0,79861.0,67011.59,187112.0,418.0,0,0,0,0,0.0,1013.0,0,0,0,1,0,0,0,0,0.0,116.9375,72.0,191.8333,0,0,0,0,0,0,10,720,6,1151,65535,114,5,32,0.0,0.0,0.0,0.0,0.0,0.0,0.0,0.0
443,57745,6,12.0,12.0,6.0,6.0,6.0,0.0,6.0,6.0,6.0,0.0,59.0,61.019,116.0,3.0,3.0,3.0,0.0,3.0,3.0,48.0,48.0,0.0,48.0,48.0,0,0,0,0,6.0,6.0,0,0,0,0,1,1,0,0,1.0,8.0,6.0,6.0,0,0,0,0,0,0,2,12,2,12,489,250,1,20,0.0,0.0,0.0,0.0,0.0,0.0,0.0,0.0
4814,80,6,12.0,0.0,6.0,6.0,6.0,0.0,0.0,0.0,0.0,0.0,72.0,0.0,72.0,72.0,72.0,72.0,0.0,72.0,72.0,0.0,0.0,0.0,0.0,0.0,0,0,0,0,6.0,6.0,0,0,0,0,1,0,0,0,0.0,9.0,6.0,0.0,0,0,0,0,0,0,2,12,0,0,256,-1,1,20,0.0,0.0,0.0,0.0,0.0,0.0,0.0,0.0
48052,443,6,0.0,0.0,0.0,0.0,0.0,0.0,0.0,0.0,0.0,0.0,95187.0,0.0,95187.0,95187.0,0.0,0.0,0.0,0.0,0.0,0.0,0.0,0.0,0.0,0.0,0,0,0,0,0.0,0.0,0,0,0,0,1,1,0,0,1.0,0.0,0.0,0.0,0,0,0,0,0,0,1,0,1,0,304,254,0,32,0.0,0.0,0.0,0.0,0.0,0.0,0.0,0.0
49855,443,6,123.0,46.0,46.0,0.0,24.6,23.2766,46.0,46.0,46.0,0.0,816813.2,1782013.577,4039683.0,18.0,4072799.0,1016437.25,2003742.762,4039683.0,18.0,0.0,0.0,0.0,0.0,0.0,1,0,0,0,0.0,46.0,0,1,0,0,1,0,0,0,0.0,35.8333,24.6,46.0,0,0,0,0,0,0,5,123,1,46,324,349,2,32,0.0,0.0,0.0,0.0,0.0,0.0,0.0,0.0
42767,53,17,90.0,196.0,45.0,45.0,45.0,0.0,98.0,98.0,98.0,0.0,66.0,33.918,107.0,49.0,49.0,49.0,0.0,49.0,49.0,49.0,49.0,0.0,49.0,49.0,0,0,0,0,45.0,98.0,0,0,0,0,0,0,0,0,1.0,82.75,45.0,98.0,0,0,0,0,0,0,2,90,2,196,-1,-1,1,32,0.0,0.0,0.0,0.0,0.0,0.0,0.0,0.0
61649,53,17,70.0,102.0,35.0,35.0,35.0,0.0,51.0,51.0,51.0,0.0,60.0,62.041,129.0,4.0,49.0,49.0,0.0,49.0,49.0,4.0,4.0,0.0,4.0,4.0,0,0,0,0,35.0,51.0,0,0,0,0,0,0,0,0,1.0,51.75,35.0,51.0,0,0,0,0,0,0,2,70,2,102,-1,-1,1,20,0.0,0.0,0.0,0.0,0.0,0.0,0.0,0.0
58844,443,6,12.0,0.0,6.0,6.0,6.0,0.0,0.0,0.0,0.0,0.0,3.0,0.0,3.0,3.0,3.0,3.0,0.0,3.0,3.0,0.0,0.0,0.0,0.0,0.0,0,0,0,0,6.0,6.0,1,0,0,0,0,0,0,0,0.0,9.0,6.0,0.0,0,0,0,0,0,0,2,12,0,0,0,-1,1,20,0.0,0.0,0.0,0.0,0.0,0.0,0.0,0.0
41848,53,17,84.0,168.0,42.0,42.0,42.0,0.0,84.0,84.0,84.0,0.0,72380.33,128509.467,227139.0,0.0,0.0,0.0,0.0,0.0,0.0,4.0,4.0,0.0,4.0,4.0,0,0,0,0,42.0,84.0,0,0,0,0,0,0,0,0,1.0,73.5,42.0,84.0,0,0,0,0,0,0,2,84,2,168,-1,-1,1,40,0.0,0.0,0.0,0.0,0.0,0.0,0.0,0.0
443,39872,6,31.0,0.0,31.0,0.0,15.5,21.9203,0.0,0.0,0.0,0.0,3.0,0.0,3.0,3.0,3.0,3.0,0.0,3.0,3.0,0.0,0.0,0.0,0.0,0.0,1,0,0,0,0.0,31.0,0,1,0,0,1,0,0,0,0.0,31.0,15.5,0.0,0,0,0,0,0,0,2,31,0,0,63,-1,0,32,0.0,0.0,0.0,0.0,0.0,0.0,0.0,0.0
43842,443,6,1478.0,7454.0,310.0,0.0,109.6875,138.6779,1460.0,0.0,650.8,633.6619,60009.63,107444.05,340922.0,1.0,1439781.0,139097.66,156224.454,340992.0,88.0,1382343.0,189906.66,285096.799,331717.0,1.0,0,0,0,0,0.0,1460.0,0,0,0,1,0,0,0,0,1.0,389.2381,109.6875,650.8,0,0,0,0,0,0,16,1478,20,7454,29200,34,15,20,0.0,0.0,0.0,0.0,0.0,0.0,0.0,0.0
80,43576,6,0.0,0.0,0.0,0.0,0.0,0.0,0.0,0.0,0.0,0.0,52.0,0.0,52.0,52.0,0.0,0.0,0.0,0.0,0.0,0.0,0.0,0.0,0.0,0.0,0,0,0,0,0.0,0.0,0,0,0,0,1,1,0,0,1.0,0.0,0.0,0.0,0,0,0,0,0,0,1,0,1,0,285,237,0,32,0.0,0.0,0.0,0.0,0.0,0.0,0.0,0.0
53084,443,6,482.0,644.0,322.0,0.0,80.3333,133.2031,485.0,0.0,72.0,169.684,25485.27,30592.287,81987.0,1.0,293511.0,58386.2,19822.206,81788.0,17951.0,294842.0,43211.42,45607.492,131406.0,1.0,0,0,0,0,0.0,485.0,0,0,0,1,0,0,0,0,1.0,86.6154,80.3333,72.0,0,0,0,0,0,0,6,482,8,644,65535,114,3,32,0.0,0.0,0.0,0.0,0.0,0.0,0.0,0.0
61736,53,17,62.0,238.0,31.0,31.0,31.0,0.0,119.0,119.0,119.0,0.0,57.66,90.956,166.0,3.0,3.0,3.0,0.0,3.0,3.0,3.0,3.0,0.0,3.0,3.0,0,0,0,0,31.0,119.0,0,0,0,0,0,0,0,0,1.0,82.75,31.0,119.0,0,0,0,0,0,0,2,62,2,238,-1,-1,1,32,0.0,0.0,0.0,0.0,0.0,0.0,0.0,0.0
46840,443,6,1234.0,7522.0,646.0,0.0,108.7778,221.3487,2399.0,0.0,796.6667,958.7271,42721.51,80549.286,251242.0,8.0,968260.0,80716.0,108293.862,351742.0,16.0,555806.0,96783.9,103917.891,303458.0,49.0,0,0,0,0,0.0,2399.0,0,0,0,1,0,0,0,0,0.0,420.5095,108.7778,796.6667,0,0,0,0,0,0,9,1234,12,7522,29200,68,5,32,0.0,0.0,0.0,0.0,0.0,0.0,0.0,0.0
51728,53,17,64.0,484.0,32.0,32.0,32.0,0.0,242.0,242.0,242.0,0.0,10333.33,17861.905,30993.0,3.0,4.0,4.0,0.0,4.0,4.0,3.0,3.0,0.0,3.0,3.0,0,0,0,0,32.0,242.0,0,0,0,0,0,0,0,0,1.0,145.0,32.0,242.0,0,0,0,0,0,0,2,64,2,484,-1,-1,1,20,0.0,0.0,0.0,0.0,0.0,0.0,0.0,0.0
56939,443,6,945.0,27608.0,299.0,0.0,44.28,72.4185,2345.0,0.0,1598.6691,871.3174,15454.45,17016.175,86722.0,1.0,422374.0,28027.84,26709.63,86722.0,1.0,291138.0,15678.14,40497.163,88491.0,49.0,0,0,0,0,0.0,2345.0,0,0,0,1,0,0,0,0,1.0,907.0864,44.28,1598.6691,0,0,0,0,0,0,25,945,28,27608,65535,252,6,32,0.0,0.0,0.0,0.0,0.0,0.0,0.0,0.0
60518,53,17,138.0,242.0,79.0,59.0,69.0,14.5426,179.0,108.0,121.0,21.2144,2206545.0,3979867.769,8550352.0,30538.0,8580680.0,8580680.0,0.0,8580680.0,8580680.0,8504430.0,4504430.0,0.0,8504430.0,8504430.0,0,0,0,0,59.0,179.0,0,0,0,0,0,0,0,0,1.0,121.25,69.0,121.0,0,0,0,0,0,0,2,138,2,242,-1,-1,1,20,0.0,0.0,0.0,0.0,0.0,0.0,0.0,0.0
443,51452,6,0.0,0.0,0.0,0.0,0.0,0.0,0.0,0.0,0.0,0.0,3.0,0.0,3.0,3.0,3.0,3.0,0.0,3.0,3.0,0.0,0.0,0.0,0.0,0.0,0,0,0,0,0.0,0.0,0,0,0,0,1,0,0,0,0.0,0.0,0.0,0.0,0,0,0,0,0,0,2,0,0,0,357,-1,0,32,0.0,0.0,0.0,0.0,0.0,0.0,0.0,0.0
59201,53,17,184.0,428.0,46.0,46.0,46.0,0.0,107.0,107.0,107.0,0.0,4404.42,11456.307,30607.0,1.0,42696.0,13995.66,22695.758,42690.0,1.0,10448.0,5049.66,18842.759,10212.0,1.0,0,0,0,0,46.0,107.0,0,0,0,0,0,0,0,0,1.0,85.75,46.0,107.0,0,0,0,0,0,0,4,184,4,428,-1,-1,3,20,0.0,0.0,0.0,0.0,0.0,0.0,0.0,0.0
51286,443,6,525.0,4838.0,196.0,0.0,56.3333,79.4914,1430.0,0.0,542.7,631.8691,22067.07,45778.741,169540.0,1.0,554125.0,43251.05,50918.785,169554.0,12.0,412302.0,58614.0,77833.611,162660.0,1.0,0,0,0,0,0.0,1430.0,0,0,0,1,0,0,0,0,1.0,304.4667,56.3333,542.7,0,0,0,0,0,0,9,525,10,4838,8192,343,8,20,0.0,0.0,0.0,0.0,0.0,0.0,0.0,0.0
43078,443,6,710.0,5883.0,478.0,0.0,59.5556,121.7477,1448.0,0.0,498.75,612.4233,1797305.62,3795187.336,10224262.0,1.0,60877464.0,3970511.16,5088432.844,10379914.0,229.0,60196253.0,4022051.11,5106128.865,10472772.0,3.0,0,0,0,0,0.0,1448.0,0,0,0,1,0,0,0,0,1.0,282.6455,59.5556,498.75,0,0,0,0,0,0,18,710,12,5883,29200,123,3,32,169214.66,155042.752,477557.0,84648.0,10103387.83,81243.599,10224263.0,9440079.0
61869,53,17,92.0,284.0,46.0,46.0,46.0,0.0,142.0,142.0,142.0,0.0,50.66,81.315,145.0,3.0,3.0,3.0,0.0,3.0,3.0,4.0,4.0,0.0,4.0,4.0,0,0,0,0,46.0,142.0,0,0,0,0,0,0,0,0,1.0,105.5,46.0,142.0,0,0,0,0,0,0,2,92,2,284,-1,-1,1,20,0.0,0.0,0.0,0.0,0.0,0.0,0.0,0.0
443,57344,6,43.0,0.0,31.0,6.0,14.3333,14.4338,0.0,0.0,0.0,0.0,24.5,36.261,47.0,1.0,49.0,24.5,36.448,47.0,1.0,0.0,0.0,0.0,0.0,0.0,0,0,0,0,6.0,31.0,0,0,0,0,1,0,0,0,0.0,16.3333,14.3333,0.0,0,0,0,0,0,0,3,43,0,0,292,-1,2,20,0.0,0.0,0.0,0.0,0.0,0.0,0.0,0.0
62069,53,17,70.0,166.0,35.0,35.0,35.0,0.0,83.0,83.0,83.0,0.0,67.33,32.223,105.0,47.0,48.0,48.0,0.0,48.0,48.0,48.0,48.0,0.0,48.0,48.0,0,0,0,0,35.0,83.0,0,0,0,0,0,0,0,0,1.0,67.75,35.0,83.0,0,0,0,0,0,0,2,70,2,166,-1,-1,1,32,0.0,0.0,0.0,0.0,0.0,0.0,0.0,0.0
62372,80,6,0.0,0.0,0.0,0.0,0.0,0.0,0.0,0.0,0.0,0.0,2005166.33,3413793.898,5893607.0,66.0,6015688.0,3007844.0,4014193.54,5893607.0,199216.0,0.0,0.0,0.0,0.0,0.0,0,0,0,0,0.0,0.0,0,0,0,1,0,0,0,0,0.0,0.0,0.0,0.0,0,0,0,0,0,0,3,0,1,0,29200,28960,0,32,0.0,0.0,0.0,0.0,0.0,0.0,0.0,0.0
57505,443,6,611.0,168.0,517.0,0.0,101.8333,204.3051,156.0,0.0,42.0,76.0526,665559.55,1857335.883,5628082.0,2.0,5791917.0,1182152.4,2699367.702,5771086.0,2.0,99962.0,36987.33,37964.078,63559.0,367.0,0,0,0,0,0.0,517.0,0,0,0,1,0,0,0,0,0.0,77.9,101.8333,42.0,0,0,0,0,0,0,6,611,4,168,8192,119,5,20,250464.0,0.0,250464.0,250464.0,5628057.0,0.0,5628087.0,5628057.0
56885,53,17,74.0,106.0,37.0,37.0,37.0,0.0,53.0,53.0,53.0,0.0,49.33,73.81,133.0,3.0,3.0,3.0,0.0,3.0,3.0,3.0,3.0,0.0,3.0,3.0,0,0,0,0,37.0,53.0,0,0,0,0,0,0,0,0,1.0,54.25,37.0,53.0,0,0,0,0,0,0,2,74,2,106,-1,-1,1,32,0.0,0.0,0.0,0.0,0.0,0.0,0.0,0.0
40036,53,17,68.0,484.0,34.0,34.0,34.0,0.0,242.0,242.0,242.0,0.0,10382.0,17984.695,31140.0,3.0,4.0,4.0,0.0,4.0,4.0,3.0,3.0,0.0,3.0,3.0,0,0,0,0,34.0,242.0,0,0,0,0,0,0,0,0,1.0,146.5,34.0,242.0,0,0,0,0,0,0,2,68,2,484,-1,-1,1,32,0.0,0.0,0.0,0.0,0.0,0.0,0.0,0.0
1408,443,6,6.0,97.0,6.0,6.0,6.0,0.0,97.0,97.0,97.0,0.0,206.0,0.0,206.0,206.0,0.0,0.0,0.0,0.0,0.0,0.0,0.0,0.0,0.0,0.0,0,0,0,0,6.0,97.0,0,0,0,0,1,0,0,0,1.0,94.5,6.0,97.0,0,0,0,0,0,0,1,6,1,97,0,65,0,20,0.0,0.0,0.0,0.0,0.0,0.0,0.0,0.0
12379,53,17,60.0,150.0,30.0,30.0,30.0,0.0,75.0,75.0,75.0,0.0,79.0,137.526,231.0,1.0,1.0,1.0,0.0,1.0,1.0,1.0,1.0,0.0,1.0,1.0,0,0,0,0,30.0,75.0,0,0,0,0,0,0,0,0,1.0,60.0,30.0,75.0,0,0,0,0,0,0,2,60,2,150,-1,-1,1,32,0.0,0.0,0.0,0.0,0.0,0.0,0.0,0.0
52748,443,6,12.0,0.0,6.0,6.0,6.0,0.0,0.0,0.0,0.0,0.0,140530.0,0.0,140530.0,140530.0,140530.0,140530.0,0.0,140530.0,140530.0,0.0,0.0,0.0,0.0,0.0,0,0,0,0,6.0,6.0,0,0,0,0,1,0,0,0,0.0,9.0,6.0,0.0,0,0,0,0,0,0,2,12,0,0,254,-1,1,20,0.0,0.0,0.0,0.0,0.0,0.0,0.0,0.0
30618,53,17,94.0,196.0,47.0,47.0,47.0,0.0,98.0,98.0,98.0,0.0,112.66,191.788,333.0,2.0,50.0,50.0,0.0,50.0,50.0,2.0,2.0,0.0,2.0,2.0,0,0,0,0,47.0,98.0,0,0,0,0,0,0,0,0,1.0,84.25,47.0,98.0,0,0,0,0,0,0,2,94,2,196,-1,-1,1,32,0.0,0.0,0.0,0.0,0.0,0.0,0.0,0.0
60836,53,17,103.0,172.0,64.0,49.0,51.5,12.0208,101.0,61.0,86.0,25.7201,36020553.66,65983909.945,116081302.0,30700.0,116000929.0,116000929.0,0.0,116000929.0,116000929.0,116067255.0,116067255.0,0.0,116067255.0,116067255.0,0,0,0,0,49.0,101.0,0,0,0,0,0,0,0,0,1.0,75.75,51.5,86.0,0,0,0,0,0,0,2,103,2,172,-1,-1,1,20,23830.0,0.0,23830.0,23830.0,116081380.0,0.0,116081380.0,116081380.0
58560,80,6,12.0,0.0,6.0,0.0,4.0,3.4641,0.0,0.0,0.0,0.0,1971325.0,3384503.414,5771649.0,66.0,5722542.0,2861271.0,4012314.412,5771649.0,37306.0,0.0,0.0,0.0,0.0,0.0,0,0,0,0,0.0,6.0,0,0,0,1,0,0,0,0,0.0,3.0,4.0,0.0,0,0,0,0,0,0,3,12,1,0,8192,42780,2,20,0.0,0.0,0.0,0.0,0.0,0.0,0.0,0.0
54778,443,6,2717.0,16397.0,720.0,0.0,168.2381,287.0564,1600.0,0.0,774.3,616.7046,1385364.04,3347803.349,10000491.0,20.0,22193354.0,2634763.47,4336710.017,10065501.0,193.0,32938677.0,2762500.04,4286323.424,10050886.0,220.0,0,0,0,0,0.0,1600.0,0,0,0,1,0,0,0,0,1.0,467.7589,168.2381,774.3,0,0,0,0,0,0,23,2717,20,16397,8192,135,12,20,279211.33,521951.457,2308985.0,32975.0,9961092.85,21769.263,10000499.0,9608643.0
57840,443,6,0.0,0.0,0.0,0.0,0.0,0.0,0.0,0.0,0.0,0.0,1008.0,0.0,1008.0,1008.0,1008.0,1008.0,0.0,1008.0,1008.0,0.0,0.0,0.0,0.0,0.0,0,0,0,0,0.0,0.0,0,0,0,0,1,1,0,0,0.0,0.0,0.0,0.0,0,0,0,0,0,0,2,0,0,0,32832,-1,0,32,0.0,0.0,0.0,0.0,0.0,0.0,0.0,0.0
443,50734,6,12.0,0.0,6.0,6.0,6.0,0.0,0.0,0.0,0.0,0.0,217.0,0.0,217.0,217.0,217.0,217.0,0.0,217.0,217.0,0.0,0.0,0.0,0.0,0.0,0,0,0,0,6.0,6.0,0,0,0,0,1,0,0,0,0.0,9.0,6.0,0.0,0,0,0,0,0,0,2,12,0,0,18760,-1,1,20,0.0,0.0,0.0,0.0,0.0,0.0,0.0,0.0
53913,443,6,617.0,164.0,517.0,0.0,88.1429,189.989,152.0,0.0,41.0,73.054,504055.1,1553700.747,4935250.0,3.0,5046160.0,840424.33,2032747.464,5007618.0,3.0,89050.0,26610.33,30372.512,69508.0,211.0,0,0,0,0,0.0,517.0,0,0,0,1,0,0,0,0,0.0,71.0,88.1429,41.0,0,0,0,0,0,0,7,617,4,164,29200,30,6,20,0.0,0.0,0.0,0.0,0.0,0.0,0.0,0.0
61491,53,17,53.0,187.0,53.0,53.0,53.0,0.0,187.0,187.0,187.0,0.0,61831.0,0.0,61831.0,61831.0,0.0,0.0,0.0,0.0,0.0,0.0,0.0,0.0,0.0,0.0,0,0,0,0,53.0,187.0,0,0,0,0,0,0,0,0,1.0,156.5,53.0,187.0,0,0,0,0,0,0,1,53,1,187,-1,-1,0,32,0.0,0.0,0.0,0.0,0.0,0.0,0.0,0.0
49883,443,6,885.0,3643.0,749.0,0.0,65.3846,191.5961,1448.0,0.0,310.25,569.3671,2052900.62,4072244.24,10180721.0,2.0,60815516.0,4369949.68,5198525.56,10240016.0,2.0,60772658.0,4329282.73,5179355.132,10240077.0,2.0,0,0,0,0,0.0,1448.0,0,0,0,1,0,0,0,0,0.0,161.78,65.3846,310.25,0,0,0,0,0,0,13,885,12,3643,29200,124,3,32,164285.66,277089.083,887085.0,50653.0,10060485.16,354730.169,10180729.0,9001822.0
54407,53,17,70.0,190.0,35.0,35.0,35.0,0.0,95.0,95.0,95.0,0.0,61.66,60.366,132.0,4.0,4.0,4.0,0.0,4.0,4.0,48.0,48.0,0.0,48.0,48.0,0,0,0,0,35.0,95.0,0,0,0,0,0,0,0,0,1.0,73.75,35.0,95.0,0,0,0,0,0,0,2,70,2,190,-1,-1,1,20,0.0,0.0,0.0,0.0,0.0,0.0,0.0,0.0
41718,443,6,12.0,0.0,6.0,6.0,6.0,0.0,0.0,0.0,0.0,0.0,9693734.0,0.0,9693734.0,9693734.0,9693734.0,9693734.0,0.0,9693734.0,9693734.0,0.0,0.0,0.0,0.0,0.0,0,0,0,0,6.0,6.0,0,0,0,0,1,0,0,0,0.0,9.0,6.0,0.0,0,0,0,0,0,0,2,12,0,0,256,-1,1,20,0.0,0.0,0.0,0.0,0.0,0.0,0.0,0.0
41237,443,6,12.0,0.0,6.0,6.0,6.0,0.0,0.0,0.0,0.0,0.0,143.0,0.0,143.0,143.0,143.0,143.0,0.0,143.0,143.0,0.0,0.0,0.0,0.0,0.0,0,0,0,0,6.0,6.0,0,0,0,0,1,0,0,0,0.0,9.0,6.0,0.0,0,0,0,0,0,0,2,12,0,0,253,-1,1,20,0.0,0.0,0.0,0.0,0.0,0.0,0.0,0.0
50112,443,6,1247.0,6450.0,533.0,0.0,65.5,160.6412,1448.0,0.0,395.2105,597.5575,2889634.09,4427389.013,10215944.0,3.0,115990940.0,5528477.64,5158296.933,10240012.0,3.0,112804402.0,6266418.46,5283972.872,10240116.0,49.0,0,0,0,0,0.0,1448.0,0,0,0,1,0,0,0,0,0.0,208.8078,65.5,395.2105,0,0,0,0,0,0,24,1247,19,6450,29200,62,5,32,48347.09,65441.674,216554.0,85423.0,10192097.54,58102.6,10215946.0,10000609.0
123,123,17,96.0,96.0,48.0,48.0,48.0,0.0,48.0,48.0,48.0,0.0,47.0,76.6,131.0,3.0,3.0,3.0,0.0,3.0,3.0,3.0,3.0,0.0,3.0,3.0,0,0,0,0,48.0,48.0,0,0,0,0,0,0,0,0,1.0,60.0,48.0,48.0,0,0,0,0,0,0,2,96,2,96,-1,-1,1,20,0.0,0.0,0.0,0.0,0.0,0.0,0.0,0.0
443,34873,6,53.0,6.0,53.0,0.0,26.5,37.4767,6.0,6.0,6.0,0.0,101.0,46.872,141.0,73.0,203.0,203.0,0.0,203.0,203.0,0.0,0.0,0.0,0.0,0.0,1,0,0,0,0.0,53.0,0,1,0,0,1,0,0,0,0.0,37.3333,26.5,6.0,0,0,0,0,0,0,2,53,1,6,1013,0,0,32,0.0,0.0,0.0,0.0,0.0,0.0,0.0,0.0
61989,53,17,49.0,165.0,49.0,49.0,49.0,0.0,165.0,165.0,165.0,0.0,60454.0,0.0,60454.0,60454.0,0.0,0.0,0.0,0.0,0.0,0.0,0.0,0.0,0.0,0.0,0,0,0,0,49.0,165.0,0,0,0,0,0,0,0,0,1.0,131.5,49.0,165.0,0,0,0,0,0,0,1,49,1,165,-1,-1,0,20,0.0,0.0,0.0,0.0,0.0,0.0,0.0,0.0
80,57120,6,0.0,0.0,0.0,0.0,0.0,0.0,0.0,0.0,0.0,0.0,86.0,0.0,86.0,86.0,0.0,0.0,0.0,0.0,0.0,0.0,0.0,0.0,0.0,0.0,0,0,0,0,0.0,0.0,0,0,0,0,1,1,0,0,1.0,0.0,0.0,0.0,0,0,0,0,0,0,1,0,1,0,122,33304,0,32,0.0,0.0,0.0,0.0,0.0,0.0,0.0,0.0
59597,53,17,68.0,690.0,34.0,34.0,34.0,0.0,345.0,345.0,345.0,0.0,8053.33,13911.388,24158.0,3.0,3.0,3.0,0.0,3.0,3.0,3.0,3.0,0.0,3.0,3.0,0,0,0,0,34.0,345.0,0,0,0,0,0,0,0,0,1.0,198.0,34.0,345.0,0,0,0,0,0,0,2,68,2,690,-1,-1,1,44,0.0,0.0,0.0,0.0,0.0,0.0,0.0,0.0
443,54105,6,12.0,0.0,6.0,6.0,6.0,0.0,0.0,0.0,0.0,0.0,230.0,0.0,230.0,230.0,230.0,230.0,0.0,230.0,230.0,0.0,0.0,0.0,0.0,0.0,0,0,0,0,6.0,6.0,0,0,0,0,1,0,0,0,0.0,9.0,6.0,0.0,0,0,0,0,0,0,2,12,0,0,10030,-1,1,20,0.0,0.0,0.0,0.0,0.0,0.0,0.0,0.0
62177,53,17,43.0,146.0,43.0,43.0,43.0,0.0,146.0,146.0,146.0,0.0,94296.0,0.0,94296.0,94296.0,0.0,0.0,0.0,0.0,0.0,0.0,0.0,0.0,0.0,0.0,0,0,0,0,43.0,146.0,0,0,0,0,0,0,0,0,1.0,116.0,43.0,146.0,0,0,0,0,0,0,1,43,1,146,-1,-1,0,20,0.0,0.0,0.0,0.0,0.0,0.0,0.0,0.0
63013,53,17,94.0,220.0,47.0,47.0,47.0,0.0,110.0,110.0,110.0,0.0,47.33,72.945,136.0,3.0,3.0,3.0,0.0,3.0,3.0,3.0,3.0,0.0,3.0,3.0,0,0,0,0,47.0,110.0,0,0,0,0,0,0,0,0,1.0,90.25,47.0,110.0,0,0,0,0,0,0,2,94,2,220,-1,-1,1,32,0.0,0.0,0.0,0.0,0.0,0.0,0.0,0.0
61224,53,17,120.0,516.0,30.0,30.0,30.0,0.0,254.0,254.0,254.0,0.0,28130.4,38358.585,93565.0,3.0,32363.0,10787.33,18698.938,32365.0,3.0,4.0,4.0,0.0,4.0,4.0,0,0,0,0,30.0,254.0,0,0,0,0,0,0,0,0,0.0,105.0,30.0,254.0,0,0,0,0,0,0,4,120,2,516,-1,-1,3,20,0.0,0.0,0.0,0.0,0.0,0.0,0.0,0.0
51616,53,17,78.0,160.0,39.0,39.0,39.0,0.0,80.0,80.0,80.0,0.0,53.33,87.279,152.0,3.0,3.0,3.0,0.0,3.0,3.0,4.0,4.0,0.0,4.0,4.0,0,0,0,0,39.0,80.0,0,0,0,0,0,0,0,0,1.0,69.25,39.0,80.0,0,0,0,0,0,0,2,78,2,160,-1,-1,1,32,0.0,0.0,0.0,0.0,0.0,0.0,0.0,0.0
47661,443,6,3549.0,7893.0,1053.0,0.0,224.8889,377.8959,1601.0,0.0,499.1,673.599,2455639.93,11910050.13,80037938.0,4.0,85852876.0,4282766.69,13174696.349,80076935.0,235.0,85870911.0,4687701.21,15118586.844,80073386.0,4.0,0,0,0,0,0.0,1601.0,0,0,0,1,0,0,0,0,0.0,366.5194,224.8889,499.1,0,0,0,0,0,0,18,3549,10,7893,29200,59,15,32,248122.5,274981.732,411315.0,23242.0,44984419.5,273324.547,80037934.0,84966632.0
57130,443,6,974.0,22975.0,351.0,0.0,48.8462,86.3446,1418.0,0.0,985.68,686.1366,3969.9,8317.721,32383.0,1.0,152964.0,7623.1,10024.206,36794.0,1.0,112546.0,2378.75,10187.385,42761.0,2.0,0,0,0,0,0.0,1418.0,0,0,0,1,0,0,0,0,0.0,457.2088,48.8462,985.68,0,0,0,0,0,0,26,974,21,22975,65535,349,6,32,0.0,0.0,0.0,0.0,0.0,0.0,0.0,0.0
52257,53,17,140.0,466.0,35.0,35.0,35.0,0.0,113.0,113.0,113.0,0.0,4418.0,11660.591,30975.0,1.0,30959.0,10386.66,17832.599,30953.0,1.0,432.0,110.33,957.997,480.0,1.0,0,0,0,0,35.0,113.0,0,0,0,0,0,0,0,0,1.0,77.625,35.0,113.0,0,0,0,0,0,0,4,140,4,466,-1,-1,3,32,0.0,0.0,0.0,0.0,0.0,0.0,0.0,0.0
443,38919,6,0.0,0.0,0.0,0.0,0.0,0.0,0.0,0.0,0.0,0.0,66.0,0.0,66.0,66.0,0.0,0.0,0.0,0.0,0.0,0.0,0.0,0.0,0.0,0.0,0,0,0,0,0.0,0.0,0,0,0,0,1,1,0,0,1.0,0.0,0.0,0.0,0,0,0,0,0,0,1,0,1,0,494,483,0,32,0.0,0.0,0.0,0.0,0.0,0.0,0.0,0.0
44599,443,6,123.0,46.0,46.0,0.0,24.6,23.2766,46.0,46.0,46.0,0.0,921505.0,2001876.65,4351909.0,48.0,4308210.0,1024525.0,2276260.481,4351909.0,48.0,0.0,0.0,0.0,0.0,0.0,1,0,0,0,0.0,46.0,0,1,0,0,1,0,0,0,0.0,35.8333,24.6,46.0,0,0,0,0,0,0,5,123,1,46,554,157,2,32,0.0,0.0,0.0,0.0,0.0,0.0,0.0,0.0
62291,53,17,53.0,208.0,53.0,53.0,53.0,0.0,208.0,208.0,208.0,0.0,30661.0,0.0,30661.0,30661.0,0.0,0.0,0.0,0.0,0.0,0.0,0.0,0.0,0.0,0.0,0,0,0,0,53.0,208.0,0,0,0,0,0,0,0,0,1.0,157.0,53.0,208.0,0,0,0,0,0,0,1,53,1,208,-1,-1,0,20,0.0,0.0,0.0,0.0,0.0,0.0,0.0,0.0
123,123,17,48.0,48.0,48.0,48.0,48.0,0.0,48.0,48.0,48.0,0.0,94259.0,0.0,94259.0,94259.0,0.0,0.0,0.0,0.0,0.0,0.0,0.0,0.0,0.0,0.0,0,0,0,0,48.0,48.0,0,0,0,0,0,0,0,0,1.0,72.0,48.0,48.0,0,0,0,0,0,0,1,48,1,48,-1,-1,0,20,0.0,0.0,0.0,0.0,0.0,0.0,0.0,0.0
80,64837,6,6.0,6.0,6.0,6.0,6.0,0.0,6.0,6.0,6.0,0.0,62.0,0.0,62.0,62.0,0.0,0.0,0.0,0.0,0.0,0.0,0.0,0.0,0.0,0.0,0,0,0,0,6.0,6.0,0,0,0,0,1,1,0,0,1.0,9.0,6.0,6.0,0,0,0,0,0,0,1,6,1,6,913,256,0,20,0.0,0.0,0.0,0.0,0.0,0.0,0.0,0.0
62777,443,6,0.0,0.0,0.0,0.0,0.0,0.0,0.0,0.0,0.0,0.0,51.0,0.0,51.0,51.0,51.0,51.0,0.0,51.0,51.0,0.0,0.0,0.0,0.0,0.0,0,0,0,0,0.0,0.0,0,0,0,0,1,0,0,0,0.0,0.0,0.0,0.0,0,0,0,0,0,0,2,0,0,0,469,-1,0,32,0.0,0.0,0.0,0.0,0.0,0.0,0.0,0.0
17531,62316,6,6.0,12.0,6.0,6.0,6.0,0.0,6.0,6.0,6.0,0.0,32.5,26.573,49.0,18.0,0.0,0.0,0.0,0.0,0.0,48.0,48.0,0.0,48.0,48.0,0,0,0,0,6.0,6.0,0,0,0,0,1,1,0,0,2.0,8.0,6.0,6.0,0,0,0,0,0,0,1,6,2,12,2169,256,0,20,0.0,0.0,0.0,0.0,0.0,0.0,0.0,0.0
60362,53,17,55.0,110.0,55.0,55.0,55.0,0.0,110.0,110.0,110.0,0.0,49509.0,0.0,49509.0,49509.0,0.0,0.0,0.0,0.0,0.0,0.0,0.0,0.0,0.0,0.0,0,0,0,0,55.0,110.0,0,0,0,0,0,0,0,0,1.0,110.0,55.0,110.0,0,0,0,0,0,0,1,55,1,110,-1,-1,0,20,0.0,0.0,0.0,0.0,0.0,0.0,0.0,0.0
443,51696,6,6.0,6.0,6.0,6.0,6.0,0.0,6.0,6.0,6.0,0.0,269.0,0.0,269.0,269.0,0.0,0.0,0.0,0.0,0.0,0.0,0.0,0.0,0.0,0.0,0,0,0,0,6.0,6.0,0,0,0,0,1,0,0,0,1.0,9.0,6.0,6.0,0,0,0,0,0,0,1,6,1,6,32,32850,0,20,0.0,0.0,0.0,0.0,0.0,0.0,0.0,0.0
27781,53,17,46.0,46.0,23.0,23.0,23.0,0.0,23.0,23.0,23.0,0.0,8078.33,13917.884,24223.0,2.0,2.0,2.0,0.0,2.0,2.0,4.0,4.0,0.0,4.0,4.0,0,0,0,0,23.0,23.0,0,0,0,0,0,0,0,0,1.0,28.75,23.0,23.0,0,0,0,0,0,0,2,46,2,46,-1,-1,1,32,0.0,0.0,0.0,0.0,0.0,0.0,0.0,0.0
62971,53,17,160.0,438.0,40.0,40.0,40.0,0.0,109.0,109.0,109.0,0.0,39979.57,64665.649,154560.0,3.0,194056.0,54652.33,90639.945,194040.0,3.0,195538.0,95576.33,109121.604,195515.0,3.0,0,0,0,0,40.0,109.0,0,0,0,0,0,0,0,0,1.0,84.5,40.0,109.0,0,0,0,0,0,0,4,160,4,438,-1,-1,3,20,0.0,0.0,0.0,0.0,0.0,0.0,0.0,0.0
62573,53,17,45.0,125.0,45.0,45.0,45.0,0.0,125.0,125.0,125.0,0.0,61057.0,0.0,61057.0,61057.0,0.0,0.0,0.0,0.0,0.0,0.0,0.0,0.0,0.0,0.0,0,0,0,0,45.0,125.0,0,0,0,0,0,0,0,0,1.0,107.5,45.0,125.0,0,0,0,0,0,0,1,45,1,125,-1,-1,0,32,0.0,0.0,0.0,0.0,0.0,0.0,0.0,0.0
63688,443,6,12.0,6.0,6.0,6.0,6.0,0.0,6.0,6.0,6.0,0.0,22318269.5,38673832.34,66994450.0,36495.0,66824029.0,66824029.0,0.0,66924029.0,66824029.0,0.0,0.0,0.0,0.0,0.0,0,0,0,0,6.0,6.0,0,0,0,0,1,1,0,0,0.0,8.0,6.0,6.0,0,0,0,0,0,0,2,12,1,6,256,292,1,20,0.0,0.0,0.0,0.0,0.0,0.0,0.0,0.0
53126,443,6,12.0,0.0,6.0,6.0,6.0,0.0,0.0,0.0,0.0,0.0,4.0,0.0,4.0,4.0,4.0,4.0,0.0,4.0,4.0,0.0,0.0,0.0,0.0,0.0,0,0,0,0,6.0,6.0,1,0,0,0,0,0,0,0,0.0,9.0,6.0,0.0,0,0,0,0,0,0,2,12,0,0,0,-1,1,20,0.0,0.0,0.0,0.0,0.0,0.0,0.0,0.0
42164,80,6,6.0,6.0,6.0,6.0,6.0,0.0,6.0,6.0,6.0,0.0,150.0,0.0,150.0,150.0,0.0,0.0,0.0,0.0,0.0,0.0,0.0,0.0,0.0,0.0,0,0,0,0,6.0,6.0,0,0,0,0,1,1,0,0,1.0,9.0,6.0,6.0,0,0,0,0,0,0,1,6,1,6,278,30,0,20,0.0,0.0,0.0,0.0,0.0,0.0,0.0,0.0
50708,80,6,435.0,746.0,435.0,0.0,27.1875,108.75,746.0,0.0,53.2857,199.3769,3988345.88,4876189.302,10043182.0,66.0,115658281.0,7701537.13,4106037.179,10066889.0,769.0,110564304.0,8503082.41,3767487.242,10066777.0,23387.0,0,0,0,0,0.0,746.0,0,0,0,1,0,0,0,0,0.0,39.1333,27.1875,53.2857,0,0,0,0,0,0,16,435,14,746,29200,340,1,32,27199.09,15605.229,47068.0,23731.0,10016682.63,5248.81,10043180.0,9998328.0
61007,53,17,49.0,197.0,49.0,49.0,49.0,0.0,197.0,197.0,197.0,0.0,154140.0,0.0,154140.0,154140.0,0.0,0.0,0.0,0.0,0.0,0.0,0.0,0.0,0.0,0.0,0,0,0,0,49.0,197.0,0,0,0,0,0,0,0,0,1.0,157.5,49.0,197.0,0,0,0,0,0,0,1,49,1,197,-1,-1,0,20,0.0,0.0,0.0,0.0,0.0,0.0,0.0,0.0
51093,53,17,62.0,186.0,31.0,31.0,31.0,0.0,93.0,93.0,93.0,0.0,10460.66,18078.551,31374.0,3.0,3.0,3.0,0.0,3.0,3.0,49.0,49.0,0.0,49.0,49.0,0,0,0,0,31.0,93.0,0,0,0,0,0,0,0,0,1.0,69.75,31.0,93.0,0,0,0,0,0,0,2,62,2,186,-1,-1,1,32,0.0,0.0,0.0,0.0,0.0,0.0,0.0,0.0
57357,80,6,1319.0,57661.0,338.0,0.0,31.878,97.3122,2920.0,0.0,1471.088,552.704,407687.82,1890439.041,10046102.0,1.0,43344716.0,1020531.86,2690480.79,10046507.0,1.0,47460126.0,602657.95,2550632.668,10048542.0,1.0,0,0,0,0,0.0,2920.0,0,0,0,1,0,0,0,0,1.0,786.6544,31.878,1471.088,0,0,0,0,0,0,40,1319,45,57661,8192,32,48,20,288580.25,624664.887,2099587.0,23010.0,9656075.33,1389276.087,10046103.0,5760557.0
443,58255,6,0.0,18.0,0.0,0.0,0.0,0.0,6.0,6.0,6.0,0.0,25423.75,51570.916,102979.0,1.0,102947.0,102947.0,0.0,102947.0,102947.0,4.0,2.0,1.414,3.0,1.0,0,0,0,0,0.0,6.0,0,0,0,0,1,0,0,0,1.0,3.6,0.0,6.0,0,0,0,0,0,0,2,0,3,18,111,0,0,32,0.0,0.0,0.0,0.0,0.0,0.0,0.0,0.0
9590,53,17,46.0,46.0,23.0,23.0,23.0,0.0,23.0,23.0,23.0,0.0,57.66,96.307,176.0,2.0,2.0,2.0,0.0,2.0,2.0,4.0,4.0,0.0,4.0,4.0,0,0,0,0,23.0,23.0,0,0,0,0,0,0,0,0,1.0,28.75,23.0,23.0,0,0,0,0,0,0,2,46,2,46,-1,-1,1,32,0.0,0.0,0.0,0.0,0.0,0.0,0.0,0.0
61976,53,17,45.0,115.0,45.0,45.0,45.0,0.0,115.0,115.0,115.0,0.0,46357.0,0.0,46357.0,46357.0,0.0,0.0,0.0,0.0,0.0,0.0,0.0,0.0,0.0,0.0,0,0,0,0,45.0,115.0,0,0,0,0,0,0,0,0,1.0,102.5,45.0,115.0,0,0,0,0,0,0,1,45,1,115,-1,-1,0,32,0.0,0.0,0.0,0.0,0.0,0.0,0.0,0.0
62403,443,6,18.0,0.0,6.0,6.0,6.0,0.0,0.0,0.0,0.0,0.0,9.0,1.414,5.0,3.0,3.0,1.5,1.414,0.0,3.0,0.0,0.0,0.0,0.0,0.0,0,0,0,0,6.0,6.0,1,0,0,0,0,0,0,0,0.0,8.0,6.0,0.0,0,0,0,0,0,0,3,18,0,0,0,-1,2,20,0.0,0.0,0.0,0.0,0.0,0.0,0.0,0.0
60463,53,17,51.0,105.0,51.0,51.0,51.0,0.0,105.0,105.0,105.0,0.0,31283.0,0.0,31283.0,31283.0,0.0,0.0,0.0,0.0,0.0,0.0,0.0,0.0,0.0,0.0,0,0,0,0,51.0,105.0,0,0,0,0,0,0,0,0,1.0,103.5,51.0,105.0,0,0,0,0,0,0,1,51,1,105,-1,-1,0,32,0.0,0.0,0.0,0.0,0.0,0.0,0.0,0.0
62147,53,17,49.0,182.0,49.0,49.0,49.0,0.0,182.0,182.0,182.0,0.0,121662.0,0.0,121662.0,121662.0,0.0,0.0,0.0,0.0,0.0,0.0,0.0,0.0,0.0,0.0,0,0,0,0,49.0,182.0,0,0,0,0,0,0,0,0,1.0,140.0,49.0,182.0,0,0,0,0,0,0,1,49,1,182,-1,-1,0,32,0.0,0.0,0.0,0.0,0.0,0.0,0.0,0.0
53802,443,6,933.0,11728.0,341.0,0.0,38.0,88.7127,2836.0,0.0,530.3636,734.4197,2171083.36,11251802.083,58258769.0,1.0,117411323.0,4303150.65,16975376.176,58258769.0,1.0,116450724.0,4275274.77,15217477.162,58230948.0,1.0,0,0,0,0,0.0,2836.0,0,0,0,1,0,0,0,0,1.0,312.1667,38.0,530.3636,0,0,0,0,0,0,25,933,26,11728,29200,357,8,32,250437.5,82434.314,284984.0,279700.0,58114212.5,68385.381,58258765.0,57901731.0
41134,443,6,0.0,0.0,0.0,0.0,0.0,0.0,0.0,0.0,0.0,0.0,30823.0,0.0,30823.0,30823.0,0.0,0.0,0.0,0.0,0.0,0.0,0.0,0.0,0.0,0.0,0,0,0,0,0.0,0.0,0,0,0,0,1,1,0,0,1.0,0.0,0.0,0.0,0,0,0,0,0,0,1,0,1,0,354,64,0,32,0.0,0.0,0.0,0.0,0.0,0.0,0.0,0.0
54075,443,6,12.0,0.0,6.0,6.0,6.0,0.0,0.0,0.0,0.0,0.0,16788047.0,0.0,16788047.0,16788047.0,16788047.0,16788047.0,0.0,16788047.0,16788047.0,0.0,0.0,0.0,0.0,0.0,0,0,0,0,6.0,6.0,0,0,0,0,1,0,0,0,0.0,9.0,6.0,0.0,0,0,0,0,0,0,2,12,0,0,256,-1,1,20,0.0,0.0,0.0,0.0,0.0,0.0,0.0,0.0
443,57080,6,0.0,0.0,0.0,0.0,0.0,0.0,0.0,0.0,0.0,0.0,44.0,74.193,127.0,4.0,4.0,4.0,0.0,4.0,4.0,0.0,0.0,0.0,0.0,0.0,0,0,0,0,0.0,0.0,0,0,0,0,1,1,0,0,0.0,0.0,0.0,0.0,0,0,0,0,0,0,2,0,1,0,362,32832,0,32,0.0,0.0,0.0,0.0,0.0,0.0,0.0,0.0
39546,443,6,0.0,0.0,0.0,0.0,0.0,0.0,0.0,0.0,0.0,0.0,17037.0,0.0,17037.0,17037.0,17037.0,17037.0,0.0,17037.0,17037.0,0.0,0.0,0.0,0.0,0.0,0,0,0,0,0.0,0.0,0,0,0,0,1,0,0,0,0.0,0.0,0.0,0.0,0,0,0,0,0,0,2,0,0,0,1324,-1,0,32,0.0,0.0,0.0,0.0,0.0,0.0,0.0,0.0
60005,53,17,66.0,114.0,66.0,66.0,66.0,0.0,114.0,114.0,114.0,0.0,32205.0,0.0,32205.0,32205.0,0.0,0.0,0.0,0.0,0.0,0.0,0.0,0.0,0.0,0.0,0,0,0,0,66.0,114.0,0,0,0,0,0,0,0,0,1.0,123.0,66.0,114.0,0,0,0,0,0,0,1,66,1,114,-1,-1,0,20,0.0,0.0,0.0,0.0,0.0,0.0,0.0,0.0
55633,443,6,12.0,0.0,6.0,6.0,6.0,0.0,0.0,0.0,0.0,0.0,3.0,0.0,3.0,3.0,3.0,3.0,0.0,3.0,3.0,0.0,0.0,0.0,0.0,0.0,0,0,0,0,6.0,6.0,1,0,0,0,0,0,0,0,0.0,9.0,6.0,0.0,0,0,0,0,0,0,2,12,0,0,0,-1,1,20,0.0,0.0,0.0,0.0,0.0,0.0,0.0,0.0
62621,53,17,180.0,400.0,45.0,45.0,45.0,0.0,100.0,100.0,100.0,0.0,18500061.57,34086347.676,49647547.0,3.0,49807245.0,49202418.0,51564633.301,49707248.0,3.0,49805040.0,19331540.0,78277.533,49607052.0,48.0,0,0,0,0,45.0,100.0,0,0,0,0,0,0,0,0,1.0,73.125,45.0,100.0,0,0,0,0,0,0,4,180,4,400,-1,-1,3,20,117.0,0.0,117.0,117.0,49647525.0,0.0,49647545.0,49647525.0
59411,53,17,64.0,240.0,32.0,32.0,32.0,0.0,120.0,120.0,120.0,0.0,7966.66,13833.218,23893.0,3.0,3.0,3.0,0.0,3.0,3.0,4.0,4.0,0.0,4.0,4.0,0,0,0,0,32.0,120.0,0,0,0,0,0,0,0,0,1.0,84.0,32.0,120.0,0,0,0,0,0,0,2,64,2,240,-1,-1,1,32,0.0,0.0,0.0,0.0,0.0,0.0,0.0,0.0
60329,53,17,88.0,290.0,44.0,44.0,44.0,0.0,145.0,145.0,145.0,0.0,15569.33,26493.006,46601.0,3.0,3.0,3.0,0.0,3.0,3.0,3.0,3.0,0.0,3.0,3.0,0,0,0,0,44.0,145.0,0,0,0,0,0,0,0,0,1.0,105.5,44.0,145.0,0,0,0,0,0,0,2,88,2,290,-1,-1,1,20,0.0,0.0,0.0,0.0,0.0,0.0,0.0,0.0
55872,443,6,947.0,7987.0,469.0,0.0,75.9333,147.276,1581.0,0.0,671.5455,745.9321,11554.78,22406.682,94631.0,1.0,346879.0,20028.78,39948.927,107976.0,4.0,288497.0,24794.9,46956.435,123870.0,2.0,0,0,0,0,0.0,1581.0,0,0,0,1,0,0,0,0,0.0,321.5769,75.9333,671.5455,0,0,0,0,0,0,15,947,11,7987,65535,357,6,32,0.0,0.0,0.0,0.0,0.0,0.0,0.0,0.0
43841,443,6,726.0,3885.0,315.0,0.0,35.6923,80.7968,1460.0,0.0,162.5556,444.9012,2693627.5,4341640.086,10181525.0,3.0,115729101.0,5521259.23,5158273.868,10240641.0,44.0,112463542.0,5895246.77,5130791.224,10240576.0,47.0,0,0,0,0,0.0,1460.0,0,0,0,1,0,0,0,0,0.0,101.0621,35.6923,162.5556,0,0,0,0,0,0,23,726,22,3885,29200,120,22,20,41045.54,58116.874,265645.0,22948.0,10039044.36,72466.987,10181523.0,10022907.0
57005,80,6,0.0,0.0,0.0,0.0,0.0,0.0,0.0,0.0,0.0,0.0,70130.0,0.0,70130.0,70130.0,70000.0,70000.0,0.0,70000.0,70000.0,0.0,0.0,0.0,0.0,0.0,0,0,0,0,0.0,0.0,0,0,0,0,1,1,0,0,1.0,0.0,0.0,0.0,0,0,0,0,0,0,1,0,1,0,237,1039,0,32,0.0,0.0,0.0,0.0,0.0,0.0,0.0,0.0
53903,443,6,18.0,0.0,6.0,6.0,6.0,0.0,0.0,0.0,0.0,0.0,85.66,100.74,190.0,3.0,271.0,135.5,187.075,270.0,51.0,0.0,0.0,0.0,0.0,0.0,0,0,0,0,0.0,6.0,1,0,0,0,0,0,0,0,0.0,6.0,6.0,0.0,0,0,0,0,0,0,3,18,1,0,0,1020,2,20,0.0,0.0,0.0,0.0,0.0,0.0,0.0,0.0
80,38256,6,0.0,0.0,0.0,0.0,0.0,0.0,0.0,0.0,0.0,0.0,4.0,0.0,4.0,4.0,4.0,4.0,0.0,4.0,4.0,0.0,0.0,0.0,0.0,0.0,0,0,0,0,0.0,0.0,0,0,0,0,1,0,0,0,0.0,0.0,0.0,0.0,0,0,0,0,0,0,2,0,0,0,5222,-1,0,32,0.0,0.0,0.0,0.0,0.0,0.0,0.0,0.0
60123,53,17,48.0,110.0,48.0,48.0,48.0,0.0,110.0,110.0,110.0,0.0,117940.0,0.0,117940.0,117940.0,0.0,0.0,0.0,0.0,0.0,0.0,0.0,0.0,0.0,0.0,0,0,0,0,48.0,110.0,0,0,0,0,0,0,0,0,1.0,103.0,48.0,110.0,0,0,0,0,0,0,1,48,1,110,-1,-1,0,32,0.0,0.0,0.0,0.0,0.0,0.0,0.0,0.0
52407,53,17,136.0,392.0,68.0,68.0,68.0,0.0,196.0,196.0,196.0,0.0,64.33,102.191,187.0,3.0,3.0,3.0,0.0,3.0,3.0,3.0,3.0,0.0,3.0,3.0,0,0,0,0,68.0,196.0,0,0,0,0,0,0,0,0,1.0,149.0,68.0,196.0,0,0,0,0,0,0,2,136,2,392,-1,-1,1,20,0.0,0.0,0.0,0.0,0.0,0.0,0.0,0.0
55786,53,17,64.0,204.0,32.0,32.0,32.0,0.0,102.0,102.0,102.0,0.0,15839.33,27478.232,47416.0,3.0,3.0,3.0,0.0,3.0,3.0,4.0,4.0,0.0,4.0,4.0,0,0,0,0,32.0,102.0,0,0,0,0,0,0,0,0,1.0,75.0,32.0,102.0,0,0,0,0,0,0,2,64,2,204,-1,-1,1,20,0.0,0.0,0.0,0.0,0.0,0.0,0.0,0.0
61348,53,17,55.0,71.0,55.0,55.0,55.0,0.0,71.0,71.0,71.0,0.0,23717.0,0.0,23717.0,23717.0,0.0,0.0,0.0,0.0,0.0,0.0,0.0,0.0,0.0,0.0,0,0,0,0,55.0,71.0,0,0,0,0,0,0,0,0,1.0,90.5,55.0,71.0,0,0,0,0,0,0,1,55,1,71,-1,-1,0,32,0.0,0.0,0.0,0.0,0.0,0.0,0.0,0.0
80,57719,6,6.0,6.0,6.0,6.0,6.0,0.0,6.0,6.0,6.0,0.0,20.0,0.0,20.0,20.0,0.0,0.0,0.0,0.0,0.0,0.0,0.0,0.0,0.0,0.0,0,0,0,0,6.0,6.0,0,0,0,0,1,1,0,0,1.0,9.0,6.0,6.0,0,0,0,0,0,0,1,6,1,6,58,16562,0,20,0.0,0.0,0.0,0.0,0.0,0.0,0.0,0.0
62195,53,17,54.0,108.0,54.0,54.0,54.0,0.0,108.0,108.0,108.0,0.0,52056.0,0.0,52056.0,52056.0,0.0,0.0,0.0,0.0,0.0,0.0,0.0,0.0,0.0,0.0,0,0,0,0,54.0,108.0,0,0,0,0,0,0,0,0,1.0,108.0,54.0,108.0,0,0,0,0,0,0,1,54,1,108,-1,-1,0,20,0.0,0.0,0.0,0.0,0.0,0.0,0.0,0.0
64247,53,17,172.0,304.0,43.0,43.0,43.0,0.0,72.0,72.0,72.0,0.0,4504.57,11563.231,30836.0,1.0,30838.0,10219.0,17796.681,30836.0,1.0,353.0,197.0,195.415,204.0,3.0,0,0,0,0,43.0,72.0,0,0,0,0,0,0,0,0,1.0,68.125,43.0,72.0,0,0,0,0,0,0,4,172,4,304,-1,-1,3,20,0.0,0.0,0.0,0.0,0.0,0.0,0.0,0.0
55704,53,17,106.0,212.0,53.0,53.0,53.0,0.0,106.0,106.0,106.0,0.0,53.0,52.317,101.0,4.0,4.0,4.0,0.0,4.0,4.0,48.0,48.0,0.0,48.0,48.0,0,0,0,0,53.0,106.0,0,0,0,0,0,0,0,0,1.0,90.75,53.0,106.0,0,0,0,0,0,0,2,106,2,212,-1,-1,1,20,0.0,0.0,0.0,0.0,0.0,0.0,0.0,0.0
61638,443,6,961.0,22307.0,373.0,0.0,37.9762,95.4304,2896.0,0.0,1431.0556,1150.464,6208.49,10487.873,41090.0,0.0,148221.0,13527.08,12963.568,66220.0,0.0,184138.0,6166.29,12589.69,41807.0,4.0,0,0,0,0,0.0,2896.0,0,0,0,1,0,0,0,0,1.0,763.7624,37.9762,1431.0556,0,0,0,0,0,0,21,961,28,22307,65535,122,6,32,0.0,0.0,0.0,0.0,0.0,0.0,0.0,0.0
443,57079,6,12.0,6.0,6.0,6.0,6.0,0.0,6.0,6.0,6.0,0.0,66.5,83.62,179.0,3.0,3.0,3.0,0.0,3.0,3.0,0.0,0.0,0.0,0.0,0.0,0,0,0,0,6.0,6.0,0,0,0,0,1,1,0,0,0.0,8.0,6.0,6.0,0,0,0,0,0,0,2,12,1,6,32,32850,1,20,0.0,0.0,0.0,0.0,0.0,0.0,0.0,0.0
443,58252,6,0.0,0.0,0.0,0.0,0.0,0.0,0.0,0.0,0.0,0.0,28.0,31.712,44.0,3.0,3.0,3.0,0.0,3.0,3.0,0.0,0.0,0.0,0.0,0.0,0,0,0,0,0.0,0.0,0,0,0,0,1,1,0,0,0.0,0.0,0.0,0.0,0,0,0,0,0,0,2,0,1,0,349,32832,0,32,0.0,0.0,0.0,0.0,0.0,0.0,0.0,0.0
49265,443,6,0.0,0.0,0.0,0.0,0.0,0.0,0.0,0.0,0.0,0.0,3437.0,0.0,3437.0,3437.0,3437.0,3437.0,0.0,3437.0,3437.0,0.0,0.0,0.0,0.0,0.0,0,0,0,0,0.0,0.0,0,0,0,0,1,0,0,0,0.0,0.0,0.0,0.0,0,0,0,0,0,0,2,0,0,0,447,-1,0,32,0.0,0.0,0.0,0.0,0.0,0.0,0.0,0.0
443,53463,6,12.0,6.0,6.0,6.0,6.0,0.0,6.0,6.0,6.0,0.0,21659.5,21677.562,45104.0,1.0,45127.0,45127.0,0.0,45127.0,45127.0,0.0,0.0,0.0,0.0,0.0,0,0,0,0,6.0,6.0,0,0,0,0,1,1,0,0,0.0,8.0,6.0,6.0,0,0,0,0,0,0,2,12,1,6,32,32850,1,20,0.0,0.0,0.0,0.0,0.0,0.0,0.0,0.0
52133,443,6,12.0,0.0,6.0,6.0,6.0,0.0,0.0,0.0,0.0,0.0,7697592.0,0.0,7697592.0,7697592.0,7697592.0,7697592.0,0.0,7697592.0,7697592.0,0.0,0.0,0.0,0.0,0.0,0,0,0,0,6.0,6.0,0,0,0,0,1,0,0,0,0.0,9.0,6.0,0.0,0,0,0,0,0,0,2,12,0,0,253,-1,1,20,0.0,0.0,0.0,0.0,0.0,0.0,0.0,0.0
59567,53,17,84.0,278.0,42.0,42.0,42.0,0.0,139.0,139.0,139.0,0.0,10390.33,18002.089,31115.0,3.0,3.0,3.0,0.0,3.0,3.0,4.0,4.0,0.0,4.0,4.0,0,0,0,0,42.0,139.0,0,0,0,0,0,0,0,0,1.0,101.0,42.0,139.0,0,0,0,0,0,0,2,84,2,278,-1,-1,1,20,0.0,0.0,0.0,0.0,0.0,0.0,0.0,0.0
59216,53,17,92.0,348.0,46.0,46.0,46.0,0.0,174.0,174.0,174.0,0.0,63.33,105.277,183.0,3.0,3.0,3.0,0.0,3.0,3.0,4.0,4.0,0.0,4.0,4.0,0,0,0,0,46.0,174.0,0,0,0,0,0,0,0,0,1.0,121.5,46.0,174.0,0,0,0,0,0,0,2,92,2,348,-1,-1,1,32,0.0,0.0,0.0,0.0,0.0,0.0,0.0,0.0
56570,443,6,369.0,3353.0,212.0,0.0,41.875,78.1361,2920.0,0.0,901.2,1229.3193,1396997.5,3154405.153,10063130.0,1.0,10549909.0,2686955.37,5080248.523,10063130.0,123.0,95121.0,32213.25,20359.081,51855.0,321.0,0,0,0,0,0.0,2920.0,0,0,0,1,0,0,0,0,0.0,372.3,41.875,901.2,0,0,0,0,0,0,8,369,5,3353,8192,110,7,20,0.0,0.0,0.0,0.0,0.0,0.0,0.0,0.0
52115,443,6,12.0,0.0,6.0,6.0,6.0,0.0,0.0,0.0,0.0,0.0,87.0,103.238,195.0,1.0,164.0,164.0,0.0,164.0,164.0,0.0,0.0,0.0,0.0,0.0,0,0,0,0,0.0,6.0,1,0,0,0,0,0,0,0,0.0,6.0,6.0,0.0,0,0,0,0,0,0,2,12,1,0,0,972,1,20,0.0,0.0,0.0,0.0,0.0,0.0,0.0,0.0
33432,443,6,1745.0,3992.0,1101.0,0.0,228.2857,487.0033,1613.0,2.0,596.6667,701.9313,43584.55,79054.106,184035.0,3.0,679602.0,89944.0,97964.949,182021.0,65.0,508266.0,78917.2,89819.56,284075.0,3.0,0,0,0,0,0.0,1613.0,0,0,0,1,0,0,0,0,1.0,428.3154,228.2857,596.6667,0,0,0,0,0,0,7,1745,6,3992,29200,31088,6,32,0.0,0.0,0.0,0.0,0.0,0.0,0.0,0.0
60723,53,17,92.0,245.0,92.0,92.0,92.0,0.0,245.0,245.0,245.0,0.0,4459.0,0.0,4459.0,4459.0,0.0,0.0,0.0,0.0,0.0,0.0,0.0,0.0,0.0,0.0,0,0,0,0,92.0,245.0,0,0,0,0,0,0,0,0,1.0,204.5,92.0,245.0,0,0,0,0,0,0,1,92,1,245,-1,-1,0,32,0.0,0.0,0.0,0.0,0.0,0.0,0.0,0.0
55722,443,6,909.0,27863.0,421.0,0.0,16.2308,71.403,4344.0,0.0,1286.1416,950.4187,19636.05,143975.311,763158.0,0.0,1579228.0,49478.16,162559.222,761688.0,0.0,455175.0,21795.88,70419.629,197708.0,1.0,0,0,0,0,0.0,4344.0,0,0,0,1,0,0,0,0,1.0,760.5862,16.2308,1286.1416,0,0,0,0,0,0,39,909,38,27863,65535,131,6,32,0.0,0.0,0.0,0.0,0.0,0.0,0.0,0.0
55349,443,6,135.0,46.0,46.0,6.0,27.0,20.1246,46.0,46.0,46.0,0.0,1059904.2,2197787.966,4851664.0,3.0,5168835.0,1259413.25,2377056.988,4851664.0,3.0,0.0,0.0,0.0,0.0,0.0,1,0,0,0,6.0,46.0,0,1,0,0,1,0,0,0,0.0,37.8333,27.0,46.0,0,0,0,0,0,0,5,135,1,46,16358,360,4,20,0.0,0.0,0.0,0.0,0.0,0.0,0.0,0.0
80,54553,6,0.0,0.0,0.0,0.0,0.0,0.0,0.0,0.0,0.0,0.0,206.0,0.0,206.0,206.0,0.0,0.0,0.0,0.0,0.0,0.0,0.0,0.0,0.0,0.0,0,0,0,0,0.0,0.0,0,0,0,0,1,1,0,0,1.0,0.0,0.0,0.0,0,0,0,0,0,0,1,0,1,0,340,32832,0,32,0.0,0.0,0.0,0.0,0.0,0.0,0.0,0.0
52353,443,6,1606.0,7182.0,1230.0,0.0,140.0,357.6587,1460.0,2.0,659.3571,678.3808,4486822.42,15474966.406,58910900.0,1.0,117839326.0,11915286.21,22180773.566,58910906.0,37.0,117850682.0,9800751.66,22721491.447,59000032.0,1.0,0,0,0,0,0.0,1460.0,0,0,0,1,0,0,0,0,1.0,421.6697,140.0,659.3571,0,0,0,0,0,0,14,1606,14,7182,8192,40958,13,20,780376.5,1801708.214,1712308.0,83242.0,58581343.5,19762.619,58910902.0,57982630.0
32058,443,6,861.0,5927.0,212.0,0.0,50.1,78.7075,1448.0,0.0,402.4545,599.5341,17661.17,84245.562,231649.0,2.0,425556.0,38514.22,92275.214,231649.0,18.0,482697.0,33953.3,78946.51,260719.0,2.0,0,0,0,0,0.0,1448.0,0,0,0,1,0,0,0,0,0.0,230.2,50.1,402.4545,0,0,0,0,0,0,15,861,11,5927,29200,5291,13,32,0.0,0.0,0.0,0.0,0.0,0.0,0.0,0.0
56530,53,17,70.0,102.0,35.0,35.0,35.0,0.0,51.0,51.0,51.0,0.0,55.33,53.409,116.0,3.0,3.0,3.0,0.0,3.0,3.0,49.0,49.0,0.0,49.0,49.0,0,0,0,0,35.0,51.0,0,0,0,0,0,0,0,0,1.0,51.75,35.0,51.0,0,0,0,0,0,0,2,70,2,102,-1,-1,1,20,0.0,0.0,0.0,0.0,0.0,0.0,0.0,0.0
54737,443,6,0.0,18.0,0.0,0.0,0.0,0.0,6.0,6.0,6.0,0.0,245591.0,152872.202,502283.0,200.0,1171426.0,585713.0,4573.745,599229.0,695468.0,1177421.0,582465.5,2228.496,777458.0,578276.0,0,0,0,0,0.0,6.0,0,0,0,1,0,0,0,0,1.0,3.0,0.0,6.0,0,0,0,0,0,0,3,0,3,18,8192,0,0,28,0.0,0.0,0.0,0.0,0.0,0.0,0.0,0.0
62340,53,17,42.0,74.0,42.0,42.0,42.0,0.0,74.0,74.0,74.0,0.0,48380.0,0.0,48380.0,48380.0,0.0,0.0,0.0,0.0,0.0,0.0,0.0,0.0,0.0,0.0,0,0,0,0,42.0,74.0,0,0,0,0,0,0,0,0,1.0,79.0,42.0,74.0,0,0,0,0,0,0,1,42,1,74,-1,-1,0,32,0.0,0.0,0.0,0.0,0.0,0.0,0.0,0.0
443,54319,6,37.0,0.0,31.0,6.0,18.5,17.6777,0.0,0.0,0.0,0.0,1.0,0.0,1.0,1.0,1.0,1.0,0.0,1.0,1.0,0.0,0.0,0.0,0.0,0.0,1,0,0,0,6.0,31.0,0,1,0,0,1,0,0,0,0.0,34.0,18.5,0.0,0,0,0,0,0,0,2,37,0,0,110,-1,1,20,0.0,0.0,0.0,0.0,0.0,0.0,0.0,0.0
57327,80,6,12.0,0.0,6.0,6.0,6.0,0.0,0.0,0.0,0.0,0.0,98.0,0.0,98.0,98.0,98.0,98.0,0.0,98.0,98.0,0.0,0.0,0.0,0.0,0.0,0,0,0,0,6.0,6.0,0,0,0,0,1,0,0,0,0.0,9.0,6.0,0.0,0,0,0,0,0,0,2,12,0,0,16425,-1,1,20,0.0,0.0,0.0,0.0,0.0,0.0,0.0,0.0
53526,443,6,1230.0,5739.0,873.0,0.0,91.1538,241.2262,1895.0,0.0,647.875,798.4969,17775.79,44076.286,135834.0,2.0,310774.0,20019.0,67005.47,131898.0,2.0,256533.0,30781.33,53731.042,166421.0,50.0,0,0,0,0,0.0,1895.0,0,0,0,1,0,0,0,0,0.0,328.9667,91.1538,647.875,0,0,0,0,0,0,13,1230,8,5739,65535,116,6,32,0.0,0.0,0.0,0.0,0.0,0.0,0.0,0.0
62182,53,17,56.0,117.0,56.0,56.0,56.0,0.0,117.0,117.0,117.0,0.0,30522.0,0.0,30522.0,30522.0,0.0,0.0,0.0,0.0,0.0,0.0,0.0,0.0,0.0,0.0,0,0,0,0,56.0,117.0,0,0,0,0,0,0,0,0,1.0,114.5,56.0,117.0,0,0,0,0,0,0,1,56,1,117,-1,-1,0,20,0.0,0.0,0.0,0.0,0.0,0.0,0.0,0.0
45673,443,6,12.0,0.0,6.0,6.0,6.0,0.0,0.0,0.0,0.0,0.0,1.0,0.0,1.0,1.0,1.0,1.0,0.0,1.0,1.0,0.0,0.0,0.0,0.0,0.0,0,0,0,0,6.0,6.0,1,0,0,0,0,0,0,0,0.0,9.0,6.0,0.0,0,0,0,0,0,0,2,12,0,0,0,-1,1,20,0.0,0.0,0.0,0.0,0.0,0.0,0.0,0.0
61860,53,17,76.0,108.0,38.0,38.0,38.0,0.0,54.0,54.0,54.0,0.0,52.0,47.768,103.0,3.0,3.0,3.0,0.0,3.0,3.0,48.0,48.0,0.0,48.0,48.0,0,0,0,0,38.0,54.0,0,0,0,0,0,0,0,0,1.0,55.5,38.0,54.0,0,0,0,0,0,0,2,76,2,108,-1,-1,1,32,0.0,0.0,0.0,0.0,0.0,0.0,0.0,0.0
52032,443,6,580.0,164.0,517.0,0.0,116.0,225.1011,152.0,0.0,41.0,74.054,1413438.25,3544774.368,10619881.0,94.0,10783429.0,2740609.75,5970115.492,10718001.0,98.0,88610.0,29805.66,30653.427,63968.0,225.0,0,0,0,0,0.0,517.0,0,0,0,1,0,0,0,0,0.0,82.6667,116.0,41.0,0,0,0,0,0,0,5,580,4,164,8192,946,4,20,0.0,0.0,0.0,0.0,0.0,0.0,0.0,0.0
61384,53,17,69.0,131.0,69.0,69.0,69.0,0.0,131.0,131.0,131.0,0.0,23521.0,0.0,23521.0,23521.0,0.0,0.0,0.0,0.0,0.0,0.0,0.0,0.0,0.0,0.0,0,0,0,0,69.0,131.0,0,0,0,0,0,0,0,0,1.0,134.5,69.0,131.0,0,0,0,0,0,0,1,69,1,131,-1,-1,0,20,0.0,0.0,0.0,0.0,0.0,0.0,0.0,0.0
53093,443,6,65.0,0.0,53.0,6.0,21.6667,27.1355,0.0,0.0,0.0,0.0,26.5,32.025,47.0,3.0,43.0,21.5,32.881,47.0,3.0,0.0,0.0,0.0,0.0,0.0,0,0,0,0,6.0,53.0,0,0,0,0,1,0,0,0,0.0,23.6667,21.6667,0.0,0,0,0,0,0,0,3,65,0,0,19202,-1,2,20,0.0,0.0,0.0,0.0,0.0,0.0,0.0,0.0
1708,443,6,611.0,168.0,517.0,0.0,101.8333,204.3051,156.0,0.0,42.0,76.0526,677369.66,1933099.23,5892839.0,3.0,6197939.0,1039697.8,2652672.256,5994807.0,3.0,176475.0,55491.0,43590.591,94804.0,346.0,0,0,0,0,0.0,517.0,0,0,0,1,0,0,0,0,0.0,77.0,101.8333,42.0,0,0,0,0,0,0,6,611,4,168,8192,116,5,20,110359.0,0.0,110359.0,110359.0,5892828.0,0.0,5892838.0,5892828.0
42841,53,17,66.0,220.0,33.0,33.0,33.0,0.0,110.0,110.0,110.0,0.0,108.0,184.112,329.0,1.0,1.0,1.0,0.0,1.0,1.0,1.0,1.0,0.0,1.0,1.0,0,0,0,0,33.0,110.0,0,0,0,0,0,0,0,0,1.0,89.75,33.0,110.0,0,0,0,0,0,0,2,66,2,220,-1,-1,1,32,0.0,0.0,0.0,0.0,0.0,0.0,0.0,0.0
50989,443,6,12.0,0.0,6.0,6.0,6.0,0.0,0.0,0.0,0.0,0.0,3.0,0.0,3.0,3.0,3.0,3.0,0.0,3.0,3.0,0.0,0.0,0.0,0.0,0.0,0,0,0,0,6.0,6.0,1,0,0,0,0,0,0,0,0.0,9.0,6.0,0.0,0,0,0,0,0,0,2,12,0,0,0,-1,1,20,0.0,0.0,0.0,0.0,0.0,0.0,0.0,0.0
50950,53,17,66.0,98.0,33.0,33.0,33.0,0.0,49.0,49.0,49.0,0.0,61.0,62.741,134.0,3.0,3.0,3.0,0.0,3.0,3.0,48.0,48.0,0.0,48.0,48.0,0,0,0,0,33.0,49.0,0,0,0,0,0,0,0,0,1.0,49.25,33.0,49.0,0,0,0,0,0,0,2,66,2,98,-1,-1,1,20,0.0,0.0,0.0,0.0,0.0,0.0,0.0,0.0
55391,443,6,4112.0,4010.0,2448.0,0.0,346.5556,849.0162,1460.0,0.0,335.0,557.3945,307880.46,1260459.288,5105005.0,3.0,5113481.0,554900.5,508831.588,5105005.0,3.0,1080660.0,131234.66,359973.208,1009912.0,3.0,0,0,0,0,0.0,2448.0,0,0,0,1,0,0,0,0,1.0,316.1403,346.5556,335.0,0,0,0,0,0,0,14,4112,13,4010,8192,71,12,20,0.0,0.0,0.0,0.0,0.0,0.0,0.0,0.0
43046,443,6,6.0,6.0,6.0,6.0,6.0,0.0,6.0,6.0,6.0,0.0,34511.0,0.0,34511.0,34511.0,0.0,0.0,0.0,0.0,0.0,0.0,0.0,0.0,0.0,0.0,0,0,0,0,6.0,6.0,1,0,0,0,1,0,0,0,1.0,9.0,6.0,6.0,0,0,0,0,0,0,1,6,1,6,0,0,0,20,0.0,0.0,0.0,0.0,0.0,0.0,0.0,0.0
57286,443,6,865.0,221.0,517.0,0.0,95.8824,192.414,164.0,0.0,65.1429,81.0754,10713.22,15416.367,32702.0,4.0,146474.0,16062.8,21604.468,65742.0,4.0,102275.0,14069.16,19572.618,37779.0,4.0,0,0,0,0,0.0,517.0,0,0,0,1,0,0,0,0,0.0,81.5294,95.8824,65.1429,0,0,0,0,0,0,9,865,7,221,29200,349,4,32,0.0,0.0,0.0,0.0,0.0,0.0,0.0,0.0
51994,443,6,12.0,0.0,6.0,6.0,6.0,0.0,0.0,0.0,0.0,0.0,600003.0,0.0,600003.0,600003.0,600003.0,600003.0,0.0,600003.0,600003.0,0.0,0.0,0.0,0.0,0.0,0,0,0,0,6.0,6.0,1,0,0,0,0,0,0,0,0.0,9.0,6.0,0.0,0,0,0,0,0,0,2,12,0,0,0,-1,1,20,0.0,0.0,0.0,0.0,0.0,0.0,0.0,0.0
443,57543,6,0.0,0.0,0.0,0.0,0.0,0.0,0.0,0.0,0.0,0.0,163.0,0.0,163.0,163.0,0.0,0.0,0.0,0.0,0.0,0.0,0.0,0.0,0.0,0.0,0,0,0,0,0.0,0.0,0,0,0,0,1,0,0,0,1.0,0.0,0.0,0.0,0,0,0,0,0,0,1,0,1,0,62,33304,0,32,0.0,0.0,0.0,0.0,0.0,0.0,0.0,0.0
3224,80,6,12.0,0.0,6.0,6.0,6.0,0.0,0.0,0.0,0.0,0.0,2760.0,0.0,2760.0,2760.0,2760.0,2760.0,0.0,2760.0,2760.0,0.0,0.0,0.0,0.0,0.0,0,0,0,0,6.0,6.0,0,0,0,0,1,0,0,0,0.0,9.0,6.0,0.0,0,0,0,0,0,0,2,12,0,0,251,-1,1,20,0.0,0.0,0.0,0.0,0.0,0.0,0.0,0.0
15494,53,17,64.0,96.0,32.0,32.0,32.0,0.0,48.0,48.0,48.0,0.0,55.66,52.553,105.0,3.0,3.0,3.0,0.0,3.0,3.0,49.0,49.0,0.0,49.0,49.0,0,0,0,0,32.0,48.0,0,0,0,0,0,0,0,0,1.0,48.0,32.0,48.0,0,0,0,0,0,0,2,64,2,96,-1,-1,1,32,0.0,0.0,0.0,0.0,0.0,0.0,0.0,0.0
6188,53,17,74.0,926.0,37.0,37.0,37.0,0.0,463.0,463.0,463.0,0.0,73.66,120.456,212.0,3.0,3.0,3.0,0.0,3.0,3.0,3.0,3.0,0.0,3.0,3.0,0,0,0,0,37.0,463.0,0,0,0,0,0,0,0,0,1.0,269.25,37.0,463.0,0,0,0,0,0,0,2,74,2,926,-1,-1,1,32,0.0,0.0,0.0,0.0,0.0,0.0,0.0,0.0
39412,443,6,0.0,18.0,0.0,0.0,0.0,0.0,6.0,6.0,6.0,0.0,745801.2,1115223.22,2212331.0,123508.0,1241417.0,840708.5,1000183.075,1216894.0,690008.0,3247753.0,1646511.5,590389.192,2212657.0,247368.0,0,0,0,0,0.0,6.0,0,0,0,1,0,0,0,0,1.0,3.0,0.0,6.0,0,0,0,0,0,0,3,0,3,18,29200,0,0,32,0.0,0.0,0.0,0.0,0.0,0.0,0.0,0.0
60533,53,17,46.0,112.0,46.0,46.0,46.0,0.0,112.0,112.0,112.0,0.0,61397.0,0.0,61397.0,61397.0,0.0,0.0,0.0,0.0,0.0,0.0,0.0,0.0,0.0,0.0,0,0,0,0,46.0,112.0,0,0,0,0,0,0,0,0,1.0,102.0,46.0,112.0,0,0,0,0,0,0,1,46,1,112,-1,-1,0,32,0.0,0.0,0.0,0.0,0.0,0.0,0.0,0.0
38946,443,6,960.0,20501.0,529.0,0.0,34.4615,123.2345,2896.0,0.0,876.1429,921.2351,1883738.98,4019956.517,10211236.0,4.0,115858817.0,3710785.4,4903314.34,10240000.0,42.0,112628118.0,3121751.55,5066902.443,10240255.0,48.0,0,0,0,0,0.0,2896.0,0,0,0,1,0,0,0,0,0.0,488.7167,34.4615,876.1429,0,0,0,0,0,0,33,960,28,20501,29200,122,4,32,32638.83,58952.315,292490.0,23053.0,10199630.0,69400.111,10211238.0,10001097.0
443,50854,6,37.0,0.0,37.0,0.0,18.5,26.163,0.0,0.0,0.0,0.0,3.0,0.0,3.0,3.0,3.0,3.0,0.0,3.0,3.0,0.0,0.0,0.0,0.0,0.0,1,0,0,0,0.0,37.0,0,1,0,0,1,0,0,0,0.0,37.0,18.5,0.0,0,0,0,0,0,0,2,37,0,0,972,-1,0,32,0.0,0.0,0.0,0.0,0.0,0.0,0.0,0.0
80,47890,6,12.0,0.0,6.0,6.0,6.0,0.0,0.0,0.0,0.0,0.0,3804.0,0.0,3804.0,3804.0,3804.0,3804.0,0.0,3804.0,3804.0,0.0,0.0,0.0,0.0,0.0,0,0,0,0,6.0,6.0,0,0,0,0,1,0,0,0,0.0,9.0,6.0,0.0,0,0,0,0,0,0,2,12,0,0,913,-1,1,20,0.0,0.0,0.0,0.0,0.0,0.0,0.0,0.0
443,57615,6,6.0,6.0,6.0,6.0,6.0,0.0,6.0,6.0,6.0,0.0,87.0,0.0,87.0,87.0,0.0,0.0,0.0,0.0,0.0,0.0,0.0,0.0,0.0,0.0,0,0,0,0,6.0,6.0,0,0,0,0,1,1,0,0,1.0,9.0,6.0,6.0,0,0,0,0,0,0,1,6,1,6,60,255,0,20,0.0,0.0,0.0,0.0,0.0,0.0,0.0,0.0
50793,53,17,148.0,202.0,37.0,37.0,37.0,0.0,101.0,101.0,101.0,0.0,25183.0,41984.918,130336.0,4.0,30867.0,10229.33,17751.704,30866.0,4.0,48.0,48.0,0.0,48.0,48.0,0,0,0,0,37.0,101.0,0,0,0,0,0,0,0,0,0.0,64.5,37.0,101.0,0,0,0,0,0,0,4,148,2,202,-1,-1,3,20,0.0,0.0,0.0,0.0,0.0,0.0,0.0,0.0
51845,22,6,2622.0,7038.0,408.0,0.0,74.9143,105.281,976.0,0.0,167.5217,317.1548,11227.81,104952.295,954312.0,14.0,1589456.0,38838.83,178365.343,997332.0,8.0,540779.0,18361.22,31838.89,194311.0,71.0,0,0,0,0,0.0,976.0,0,0,0,1,0,0,0,0,1.0,125.4567,74.9143,167.5217,0,0,0,0,0,0,35,2622,46,7038,8192,245,33,20,0.0,0.0,0.0,0.0,0.0,0.0,0.0,0.0
443,39527,6,6.0,6.0,6.0,6.0,6.0,0.0,6.0,6.0,6.0,0.0,23.0,0.0,23.0,23.0,0.0,0.0,0.0,0.0,0.0,0.0,0.0,0.0,0.0,0.0,0,0,0,0,6.0,6.0,0,0,0,0,1,1,0,0,1.0,9.0,6.0,6.0,0,0,0,0,0,0,1,6,1,6,60,255,0,20,0.0,0.0,0.0,0.0,0.0,0.0,0.0,0.0
7406,443,6,1111.0,19208.0,340.0,0.0,49.8421,76.7671,1418.0,0.0,748.7353,687.5961,1827789.57,3757240.131,10014117.0,3.0,115345946.0,3796810.85,4811510.819,10047993.0,3.0,110668381.0,3205635.53,4868892.583,10049529.0,4.0,0,0,0,0,0.0,1418.0,0,0,0,1,0,0,0,0,1.0,417.5124,49.8421,748.7353,0,0,0,0,0,0,39,1111,35,19208,29200,349,4,32,68313.9,90303.445,341094.0,36879.0,10016799.0,4258.473,10014118.0,9996080.0
33396,53,17,88.0,188.0,44.0,44.0,44.0,0.0,94.0,94.0,94.0,0.0,69.33,111.996,207.0,2.0,2.0,2.0,0.0,2.0,2.0,4.0,4.0,0.0,4.0,4.0,0,0,0,0,44.0,94.0,0,0,0,0,0,0,0,0,1.0,80.0,44.0,94.0,0,0,0,0,0,0,2,88,2,188,-1,-1,1,32,0.0,0.0,0.0,0.0,0.0,0.0,0.0,0.0
57244,443,6,18.0,6.0,6.0,6.0,6.0,0.0,6.0,6.0,6.0,0.0,112.0,163.648,325.0,38.0,34.0,17.0,1.414,34.0,48.0,0.0,0.0,0.0,0.0,0.0,0,0,0,0,6.0,6.0,1,0,0,0,0,0,0,0,0.0,7.5,6.0,6.0,0,0,0,0,0,0,3,18,1,6,0,0,2,20,0.0,0.0,0.0,0.0,0.0,0.0,0.0,0.0
55472,53,17,98.0,316.0,49.0,49.0,49.0,0.0,158.0,158.0,158.0,0.0,20654.33,35799.013,62958.0,3.0,4.0,4.0,0.0,4.0,4.0,3.0,3.0,0.0,3.0,3.0,0,0,0,0,49.0,158.0,0,0,0,0,0,0,0,0,1.0,115.75,49.0,158.0,0,0,0,0,0,0,2,98,2,316,-1,-1,1,32,0.0,0.0,0.0,0.0,0.0,0.0,0.0,0.0
60209,53,17,68.0,132.0,34.0,34.0,34.0,0.0,66.0,66.0,66.0,0.0,43.66,73.323,123.0,3.0,3.0,3.0,0.0,3.0,3.0,3.0,3.0,0.0,3.0,3.0,0,0,0,0,34.0,66.0,0,0,0,0,0,0,0,0,1.0,58.5,34.0,66.0,0,0,0,0,0,0,2,68,2,132,-1,-1,1,20,0.0,0.0,0.0,0.0,0.0,0.0,0.0,0.0
54142,53,17,68.0,332.0,34.0,34.0,34.0,0.0,166.0,166.0,166.0,0.0,79.66,131.149,233.0,3.0,3.0,3.0,0.0,3.0,3.0,4.0,4.0,0.0,4.0,4.0,0,0,0,0,34.0,166.0,0,0,0,0,0,0,0,0,1.0,108.5,34.0,166.0,0,0,0,0,0,0,2,68,2,332,-1,-1,1,20,0.0,0.0,0.0,0.0,0.0,0.0,0.0,0.0
62102,53,17,62.0,90.0,31.0,31.0,31.0,0.0,45.0,45.0,45.0,0.0,7929.33,13603.782,23732.0,10.0,10.0,10.0,0.0,10.0,10.0,47.0,47.0,0.0,47.0,47.0,0,0,0,0,31.0,45.0,0,0,0,0,0,0,0,0,1.0,45.75,31.0,45.0,0,0,0,0,0,0,2,62,2,90,-1,-1,1,20,0.0,0.0,0.0,0.0,0.0,0.0,0.0,0.0
443,57090,6,31.0,0.0,31.0,0.0,10.3333,17.8979,0.0,0.0,0.0,0.0,1030.0,1480.201,2068.0,3.0,2060.0,1030.0,1440.007,2068.0,3.0,0.0,0.0,0.0,0.0,0.0,0,0,0,0,0.0,31.0,0,0,0,0,1,0,0,0,0.0,10.3333,10.3333,0.0,0,0,0,0,0,0,3,31,0,0,290,-1,1,32,0.0,0.0,0.0,0.0,0.0,0.0,0.0,0.0
60803,53,17,67.0,157.0,67.0,67.0,67.0,0.0,157.0,157.0,157.0,0.0,453.0,0.0,453.0,453.0,0.0,0.0,0.0,0.0,0.0,0.0,0.0,0.0,0.0,0.0,0,0,0,0,67.0,157.0,0,0,0,0,0,0,0,0,1.0,145.5,67.0,157.0,0,0,0,0,0,0,1,67,1,157,-1,-1,0,20,0.0,0.0,0.0,0.0,0.0,0.0,0.0,0.0
61599,53,17,51.0,112.0,51.0,51.0,51.0,0.0,112.0,112.0,112.0,0.0,31900.0,0.0,31900.0,31900.0,0.0,0.0,0.0,0.0,0.0,0.0,0.0,0.0,0.0,0.0,0,0,0,0,51.0,112.0,0,0,0,0,0,0,0,0,1.0,107.0,51.0,112.0,0,0,0,0,0,0,1,51,1,112,-1,-1,0,40,0.0,0.0,0.0,0.0,0.0,0.0,0.0,0.0
443,57940,6,0.0,0.0,0.0,0.0,0.0,0.0,0.0,0.0,0.0,0.0,31.5,43.934,60.0,3.0,3.0,3.0,0.0,3.0,3.0,0.0,0.0,0.0,0.0,0.0,0,0,0,0,0.0,0.0,0,0,0,0,1,1,0,0,0.0,0.0,0.0,0.0,0,0,0,0,0,0,2,0,1,0,357,32832,0,32,0.0,0.0,0.0,0.0,0.0,0.0,0.0,0.0
55664,443,6,6.0,6.0,6.0,6.0,6.0,0.0,6.0,6.0,6.0,0.0,9.0,0.0,9.0,9.0,0.0,0.0,0.0,0.0,0.0,0.0,0.0,0.0,0.0,0.0,0,0,0,0,6.0,6.0,0,0,0,0,1,0,0,0,1.0,9.0,6.0,6.0,0,0,0,0,0,0,1,6,1,6,238,980,0,20,0.0,0.0,0.0,0.0,0.0,0.0,0.0,0.0
60665,53,17,51.0,112.0,51.0,51.0,51.0,0.0,112.0,112.0,112.0,0.0,90377.0,0.0,90377.0,90377.0,0.0,0.0,0.0,0.0,0.0,0.0,0.0,0.0,0.0,0.0,0,0,0,0,51.0,112.0,0,0,0,0,0,0,0,0,1.0,107.0,51.0,112.0,0,0,0,0,0,0,1,51,1,112,-1,-1,0,32,0.0,0.0,0.0,0.0,0.0,0.0,0.0,0.0
59581,53,17,128.0,392.0,32.0,32.0,32.0,0.0,98.0,98.0,98.0,0.0,6355.0,13220.515,30876.0,1.0,30855.0,10218.0,17811.885,30842.0,1.0,49.0,49.0,0.0,49.0,49.0,0,0,0,0,32.0,98.0,0,0,0,0,0,0,0,0,0.0,68.6667,32.0,98.0,0,0,0,0,0,0,4,128,2,392,-1,-1,3,20,0.0,0.0,0.0,0.0,0.0,0.0,0.0,0.0
443,61027,6,0.0,0.0,0.0,0.0,0.0,0.0,0.0,0.0,0.0,0.0,12137.0,21173.987,36238.0,44.0,36273.0,36273.0,0.0,36273.0,36273.0,0.0,0.0,0.0,0.0,0.0,0,0,0,0,0.0,0.0,0,0,0,0,1,1,0,0,0.0,0.0,0.0,0.0,0,0,0,0,0,0,2,0,1,0,131,33832,0,32,0.0,0.0,0.0,0.0,0.0,0.0,0.0,0.0
61639,53,17,72.0,146.0,36.0,36.0,36.0,0.0,73.0,73.0,73.0,0.0,10409.66,18016.912,31128.0,3.0,48.0,48.0,0.0,48.0,48.0,3.0,3.0,0.0,3.0,3.0,0,0,0,0,36.0,73.0,0,0,0,0,0,0,0,0,1.0,63.5,36.0,73.0,0,0,0,0,0,0,2,72,2,146,-1,-1,1,20,0.0,0.0,0.0,0.0,0.0,0.0,0.0,0.0
62083,53,17,51.0,67.0,51.0,51.0,51.0,0.0,67.0,67.0,67.0,0.0,30617.0,0.0,30617.0,30617.0,0.0,0.0,0.0,0.0,0.0,0.0,0.0,0.0,0.0,0.0,0,0,0,0,51.0,67.0,0,0,0,0,0,0,0,0,1.0,84.5,51.0,67.0,0,0,0,0,0,0,1,51,1,67,-1,-1,0,32,0.0,0.0,0.0,0.0,0.0,0.0,0.0,0.0
80,58423,6,6.0,0.0,6.0,0.0,3.0,4.2426,0.0,0.0,0.0,0.0,50515.0,0.0,50515.0,50515.0,0.0,0.0,0.0,0.0,0.0,0.0,0.0,0.0,0.0,0.0,0,0,0,0,0.0,6.0,0,0,0,0,1,1,0,0,1.0,3.0,3.0,0.0,0,0,0,0,0,0,1,6,1,0,515,33304,0,20,0.0,0.0,0.0,0.0,0.0,0.0,0.0,0.0
62353,53,17,48.0,112.0,48.0,48.0,48.0,0.0,112.0,112.0,112.0,0.0,61170.0,0.0,61170.0,61170.0,0.0,0.0,0.0,0.0,0.0,0.0,0.0,0.0,0.0,0.0,0,0,0,0,48.0,112.0,0,0,0,0,0,0,0,0,1.0,104.0,48.0,112.0,0,0,0,0,0,0,1,48,1,112,-1,-1,0,20,0.0,0.0,0.0,0.0,0.0,0.0,0.0,0.0
62278,443,6,0.0,6.0,0.0,0.0,0.0,0.0,6.0,6.0,6.0,0.0,166967.0,0.0,166967.0,166967.0,0.0,0.0,0.0,0.0,0.0,0.0,0.0,0.0,0.0,0.0,0,0,0,0,0.0,6.0,0,0,0,1,0,0,0,0,1.0,3.0,0.0,6.0,0,0,0,0,0,0,1,0,1,6,29200,0,0,40,0.0,0.0,0.0,0.0,0.0,0.0,0.0,0.0
61884,53,17,61.0,77.0,61.0,61.0,61.0,0.0,77.0,77.0,77.0,0.0,30659.0,0.0,30659.0,30659.0,0.0,0.0,0.0,0.0,0.0,0.0,0.0,0.0,0.0,0.0,0,0,0,0,61.0,77.0,0,0,0,0,0,0,0,0,1.0,99.5,61.0,77.0,0,0,0,0,0,0,1,61,1,77,-1,-1,0,20,0.0,0.0,0.0,0.0,0.0,0.0,0.0,0.0
443,56301,6,37.0,0.0,37.0,0.0,18.5,26.163,0.0,0.0,0.0,0.0,3.0,0.0,3.0,3.0,3.0,3.0,0.0,3.0,3.0,0.0,0.0,0.0,0.0,0.0,1,0,0,0,0.0,37.0,0,1,0,0,1,0,0,0,0.0,37.0,18.5,0.0,0,0,0,0,0,0,2,37,0,0,1120,-1,0,32,0.0,0.0,0.0,0.0,0.0,0.0,0.0,0.0
49267,443,6,891.0,4641.0,229.0,0.0,52.8571,72.5975,1480.0,0.0,314.2308,547.8904,4153079.88,15540835.751,58311860.0,3.0,117384405.0,8310840.8,21494910.773,58311860.0,4.0,117556338.0,9156495.03,22637209.864,58375824.0,3.0,0,0,0,0,0.0,1480.0,0,0,0,1,0,0,0,0,0.0,173.5538,52.8571,314.2308,0,0,0,0,0,0,14,891,13,4641,8192,123,13,20,326632.0,132425.896,374509.0,215733.0,58974727.0,36577.514,58311865.0,58251803.0
29281,53,17,82.0,176.0,41.0,41.0,41.0,0.0,88.0,88.0,88.0,0.0,20421.0,35398.563,61250.0,3.0,3.0,3.0,0.0,3.0,3.0,3.0,3.0,0.0,3.0,3.0,0,0,0,0,41.0,88.0,0,0,0,0,0,0,0,0,1.0,74.75,41.0,88.0,0,0,0,0,0,0,2,82,2,176,-1,-1,1,20,0.0,0.0,0.0,0.0,0.0,0.0,0.0,0.0
443,52343,6,0.0,18.0,0.0,0.0,0.0,0.0,6.0,6.0,6.0,0.0,16.66,29.568,48.0,1.0,0.0,0.0,0.0,0.0,0.0,4.0,2.0,1.414,3.0,1.0,0,0,0,0,0.0,6.0,0,0,0,0,1,0,0,0,3.0,4.5,0.0,6.0,0,0,0,0,0,0,1,0,3,18,972,0,0,32,0.0,0.0,0.0,0.0,0.0,0.0,0.0,0.0
8859,80,6,1045.0,239.0,445.0,0.0,85.3846,184.1813,133.0,0.0,15.0,67.0382,3273596.03,13809635.017,58794981.0,8.0,54512292.0,6979796.0,18493352.689,58999281.0,37.0,77325.0,15701.25,15111.293,21442.0,1048.0,0,0,0,0,0.0,445.0,0,0,0,1,0,0,0,0,0.0,61.0,85.3846,15.0,0,0,0,0,0,0,13,1045,5,239,8192,2078,12,20,0.0,0.0,0.0,0.0,0.0,0.0,0.0,0.0
59720,53,17,78.0,110.0,39.0,39.0,39.0,0.0,55.0,55.0,55.0,0.0,47.33,78.583,135.0,3.0,3.0,3.0,0.0,3.0,3.0,3.0,3.0,0.0,3.0,3.0,0,0,0,0,39.0,55.0,0,0,0,0,0,0,0,0,1.0,56.75,39.0,55.0,0,0,0,0,0,0,2,78,2,110,-1,-1,1,32,0.0,0.0,0.0,0.0,0.0,0.0,0.0,0.0
55514,80,6,1042.0,1182.0,1062.0,0.0,212.75,475.1925,1182.0,0.0,298.5,577.0,745536.0,1879268.427,5007679.0,77.0,230587.0,76869.0,62660.519,110480.0,311.0,5118441.0,1754710.0,2894460.34,5000574.0,158683.0,0,0,0,0,0.0,1162.0,0,0,0,1,0,0,0,0,1.0,256.0,212.75,298.5,0,0,0,0,0,0,4,1042,4,1182,8192,5758,3,20,0.0,0.0,0.0,0.0,0.0,0.0,0.0,0.0
62109,53,17,39.0,124.0,39.0,39.0,39.0,0.0,124.0,124.0,124.0,0.0,80929.0,0.0,80929.0,80929.0,0.0,0.0,0.0,0.0,0.0,0.0,0.0,0.0,0.0,0.0,0,0,0,0,39.0,124.0,0,0,0,0,0,0,0,0,1.0,91.0,39.0,124.0,0,0,0,0,0,0,1,39,1,124,-1,-1,0,20,0.0,0.0,0.0,0.0,0.0,0.0,0.0,0.0
56781,443,6,37.0,0.0,37.0,0.0,9.25,18.5,0.0,0.0,0.0,0.0,3114695.66,4889397.473,10210580.0,48.0,10230770.0,5910223.33,5157644.181,10246580.0,48.0,10000000.0,10000000.0,0.0,10000000.0,10000000.0,0,0,0,0,0.0,37.0,0,0,0,0,1,0,0,0,0.0,9.25,9.25,0.0,0,0,0,0,0,0,4,37,0,0,33285,-1,1,32,23146.0,0.0,23146.0,23146.0,10210576.0,0.0,10210586.0,10210576.0
443,44449,6,0.0,0.0,0.0,0.0,0.0,0.0,0.0,0.0,0.0,0.0,4.0,0.0,4.0,4.0,4.0,4.0,0.0,4.0,4.0,0.0,0.0,0.0,0.0,0.0,0,0,0,0,0.0,0.0,0,0,0,0,1,0,0,0,0.0,0.0,0.0,0.0,0,0,0,0,0,0,2,0,0,0,79,-1,0,32,0.0,0.0,0.0,0.0,0.0,0.0,0.0,0.0
58784,53,17,68.0,100.0,34.0,34.0,34.0,0.0,50.0,50.0,50.0,0.0,10358.66,17998.591,31070.0,3.0,3.0,3.0,0.0,3.0,3.0,3.0,3.0,0.0,3.0,3.0,0,0,0,0,34.0,50.0,0,0,0,0,0,0,0,0,1.0,50.5,34.0,50.0,0,0,0,0,0,0,2,68,2,100,-1,-1,1,20,0.0,0.0,0.0,0.0,0.0,0.0,0.0,0.0
56763,53,17,66.0,98.0,33.0,33.0,33.0,0.0,49.0,49.0,49.0,0.0,65.33,78.399,145.0,3.0,46.0,46.0,0.0,46.0,46.0,3.0,3.0,0.0,3.0,3.0,0,0,0,0,33.0,49.0,0,0,0,0,0,0,0,0,1.0,49.25,33.0,49.0,0,0,0,0,0,0,2,66,2,98,-1,-1,1,40,0.0,0.0,0.0,0.0,0.0,0.0,0.0,0.0
443,63664,6,0.0,12.0,0.0,0.0,0.0,0.0,6.0,6.0,6.0,0.0,27.5,30.505,79.0,1.0,1.0,1.0,0.0,1.0,1.0,3.0,3.0,0.0,3.0,3.0,0,0,0,0,0.0,6.0,0,0,0,0,1,0,0,0,1.0,4.0,0.0,6.0,0,0,0,0,0,0,2,0,2,12,1272,0,0,32,0.0,0.0,0.0,0.0,0.0,0.0,0.0,0.0
443,65177,6,0.0,0.0,0.0,0.0,0.0,0.0,0.0,0.0,0.0,0.0,339.0,42.233,379.0,385.0,379.0,379.0,0.0,379.0,379.0,0.0,0.0,0.0,0.0,0.0,0,0,0,0,0.0,0.0,0,0,0,0,1,1,0,0,0.0,0.0,0.0,0.0,0,0,0,0,0,0,2,0,1,0,383,32832,0,32,0.0,0.0,0.0,0.0,0.0,0.0,0.0,0.0
443,53013,6,0.0,18.0,0.0,0.0,0.0,0.0,6.0,6.0,6.0,0.0,43350.25,86464.919,173473.0,1.0,173112.0,173112.0,0.0,173112.0,173112.0,4.0,2.0,1.414,3.0,1.0,0,0,0,0,0.0,6.0,0,0,0,0,1,0,0,0,1.0,3.6,0.0,6.0,0,0,0,0,0,0,2,0,3,18,118,0,0,32,0.0,0.0,0.0,0.0,0.0,0.0,0.0,0.0
62133,53,17,180.0,356.0,45.0,45.0,45.0,0.0,178.0,178.0,178.0,0.0,6655.0,13081.262,30706.0,3.0,30746.0,10242.33,17798.28,30746.0,3.0,3.0,3.0,0.0,3.0,3.0,0,0,0,0,45.0,178.0,0,0,0,0,0,0,0,0,0.0,80.5,45.0,178.0,0,0,0,0,0,0,4,180,2,356,-1,-1,3,20,0.0,0.0,0.0,0.0,0.0,0.0,0.0,0.0
62746,53,17,58.0,222.0,58.0,58.0,58.0,0.0,222.0,222.0,222.0,0.0,62677.0,0.0,62677.0,62677.0,0.0,0.0,0.0,0.0,0.0,0.0,0.0,0.0,0.0,0.0,0,0,0,0,58.0,222.0,0,0,0,0,0,0,0,0,1.0,169.0,58.0,222.0,0,0,0,0,0,0,1,58,1,222,-1,-1,0,44,0.0,0.0,0.0,0.0,0.0,0.0,0.0,0.0
42405,53,17,82.0,152.0,41.0,41.0,41.0,0.0,76.0,76.0,76.0,0.0,58.33,98.429,170.0,3.0,3.0,3.0,0.0,3.0,3.0,3.0,3.0,0.0,3.0,3.0,0,0,0,0,41.0,76.0,0,0,0,0,0,0,0,0,1.0,68.75,41.0,76.0,0,0,0,0,0,0,2,82,2,152,-1,-1,1,20,0.0,0.0,0.0,0.0,0.0,0.0,0.0,0.0
58641,443,6,611.0,2773.0,342.0,0.0,86.2,141.0521,1460.0,0.0,555.3333,724.9982,406561.14,1330233.569,4845216.0,2.0,5103275.0,748290.25,1853533.859,4845216.0,3.0,111766.0,35391.2,27905.348,60558.0,2.0,0,0,0,0,0.0,1460.0,0,0,0,1,0,0,0,0,1.0,341.5,86.2,555.3333,0,0,0,0,0,0,5,611,6,2773,8192,4956,4,20,0.0,0.0,0.0,0.0,0.0,0.0,0.0,0.0
19385,53,17,76.0,154.0,38.0,38.0,38.0,0.0,77.0,77.0,77.0,0.0,66.0,106.727,181.0,3.0,3.0,3.0,0.0,3.0,3.0,3.0,3.0,0.0,3.0,3.0,0,0,0,0,38.0,77.0,0,0,0,0,0,0,0,0,1.0,67.0,38.0,77.0,0,0,0,0,0,0,2,76,2,154,-1,-1,1,32,0.0,0.0,0.0,0.0,0.0,0.0,0.0,0.0
443,57370,6,12.0,0.0,6.0,6.0,6.0,0.0,0.0,0.0,0.0,0.0,3.0,0.0,3.0,3.0,3.0,3.0,0.0,3.0,3.0,0.0,0.0,0.0,0.0,0.0,0,0,0,0,6.0,6.0,0,0,0,0,1,0,0,0,0.0,9.0,6.0,0.0,0,0,0,0,0,0,2,12,0,0,11028,-1,1,20,0.0,0.0,0.0,0.0,0.0,0.0,0.0,0.0
58662,53,17,102.0,134.0,51.0,51.0,51.0,0.0,67.0,67.0,67.0,0.0,51.0,81.119,147.0,3.0,3.0,3.0,0.0,3.0,3.0,3.0,3.0,0.0,3.0,3.0,0,0,0,0,51.0,67.0,0,0,0,0,0,0,0,0,1.0,71.75,51.0,67.0,0,0,0,0,0,0,2,102,2,134,-1,-1,1,20,0.0,0.0,0.0,0.0,0.0,0.0,0.0,0.0
31402,443,6,959.0,997.0,660.0,0.0,62.1429,189.6595,821.0,0.0,90.6364,278.1021,2667566.02,4360890.349,10020568.0,47.0,61220425.0,5011526.0,5156751.81,10080071.0,31827.0,61240521.0,6075048.33,5194840.493,10080016.0,214.0,0,0,0,0,0.0,821.0,0,0,0,1,0,0,0,0,0.0,74.0952,62.1429,90.6364,0,0,0,0,0,0,14,959,13,997,29200,124,3,32,220951.2,389043.013,957105.0,50449.0,9931600.33,100733.68,10020561.0,9859646.0
443,57147,6,0.0,0.0,0.0,0.0,0.0,0.0,0.0,0.0,0.0,0.0,1.0,0.0,1.0,1.0,1.0,1.0,0.0,1.0,1.0,0.0,0.0,0.0,0.0,0.0,0,0,0,0,0.0,0.0,0,0,0,0,1,0,0,0,0.0,0.0,0.0,0.0,0,0,0,0,0,0,2,0,0,0,5862,-1,0,32,0.0,0.0,0.0,0.0,0.0,0.0,0.0,0.0
51418,53,17,80.0,610.0,40.0,40.0,40.0,0.0,305.0,305.0,305.0,0.0,25667.0,44553.431,76995.0,4.0,4.0,4.0,0.0,4.0,4.0,4.0,4.0,0.0,4.0,4.0,0,0,0,0,40.0,305.0,0,0,0,0,0,0,0,0,1.0,182.5,40.0,305.0,0,0,0,0,0,0,2,80,2,610,-1,-1,1,20,0.0,0.0,0.0,0.0,0.0,0.0,0.0,0.0
60539,53,17,50.0,66.0,50.0,50.0,50.0,0.0,66.0,66.0,66.0,0.0,106072.0,0.0,106072.0,106072.0,0.0,0.0,0.0,0.0,0.0,0.0,0.0,0.0,0.0,0.0,0,0,0,0,50.0,66.0,0,0,0,0,0,0,0,0,1.0,83.0,50.0,66.0,0,0,0,0,0,0,1,50,1,66,-1,-1,0,20,0.0,0.0,0.0,0.0,0.0,0.0,0.0,0.0
49318,443,6,123.0,46.0,46.0,0.0,24.6,23.2766,46.0,46.0,46.0,0.0,707582.8,1685644.282,3498682.0,17.0,4517655.0,1129968.75,1975697.238,3498682.0,17.0,0.0,0.0,0.0,0.0,0.0,1,0,0,0,0.0,46.0,0,1,0,0,1,0,0,0,0.0,35.8333,24.6,46.0,0,0,0,0,0,0,5,123,1,46,320,357,2,32,0.0,0.0,0.0,0.0,0.0,0.0,0.0,0.0
50540,443,6,43.0,0.0,37.0,6.0,21.5,21.9203,0.0,0.0,0.0,0.0,118.0,0.0,118.0,118.0,118.0,118.0,0.0,118.0,118.0,0.0,0.0,0.0,0.0,0.0,1,0,0,0,6.0,37.0,0,1,0,0,1,0,0,0,0.0,40.5,21.5,0.0,0,0,0,0,0,0,2,43,0,0,32850,-1,1,20,0.0,0.0,0.0,0.0,0.0,0.0,0.0,0.0
64597,80,6,1315.0,6362.0,431.0,0.0,69.25,156.7664,1902.0,0.0,421.2,823.2075,3562440.56,4792052.826,10019259.0,128.0,113966381.0,6997862.73,4899380.924,10032568.0,7994.0,112346977.0,7035545.0,4312363.145,10032271.0,188.0,0,0,0,0,0.0,1902.0,0,0,0,1,0,0,0,0,0.0,236.5878,69.25,421.2,0,0,0,0,0,0,20,1315,15,6362,8192,1000,19,20,77872.72,62758.788,214109.0,23831.0,10002070.54,7954.875,10019257.0,9997597.0
62833,53,17,60.0,264.0,30.0,30.0,30.0,0.0,132.0,132.0,132.0,0.0,65.66,73.428,146.0,4.0,50.0,50.0,0.0,50.0,50.0,11.0,11.0,0.0,11.0,11.0,0,0,0,0,30.0,132.0,0,0,0,0,0,0,0,0,1.0,88.5,30.0,132.0,0,0,0,0,0,0,2,60,2,264,-1,-1,1,20,0.0,0.0,0.0,0.0,0.0,0.0,0.0,0.0
49947,53,17,66.0,538.0,33.0,33.0,33.0,0.0,269.0,269.0,269.0,0.0,30624.33,53091.489,101863.0,3.0,3.0,3.0,0.0,3.0,3.0,3.0,3.0,0.0,3.0,3.0,0,0,0,0,33.0,269.0,0,0,0,0,0,0,0,0,1.0,159.25,33.0,269.0,0,0,0,0,0,0,2,66,2,538,-1,-1,1,32,0.0,0.0,0.0,0.0,0.0,0.0,0.0,0.0
443,59202,6,0.0,18.0,0.0,0.0,0.0,0.0,6.0,6.0,6.0,0.0,29.0,49.19,88.0,1.0,0.0,0.0,0.0,0.0,0.0,4.0,2.0,1.414,3.0,1.0,0,0,0,0,0.0,6.0,0,0,0,0,1,0,0,0,3.0,4.5,0.0,6.0,0,0,0,0,0,0,1,0,3,18,972,0,0,32,0.0,0.0,0.0,0.0,0.0,0.0,0.0,0.0
60461,80,6,646.0,1211.0,666.0,0.0,128.6,295.6335,1211.0,2.0,253.2,532.758,707967.28,1775062.511,4824439.0,32.0,493058.0,128719.5,180298.808,322982.0,164.0,5124681.0,1712860.75,2864909.884,4955745.0,300856.0,0,0,0,0,0.0,1211.0,0,0,0,1,0,0,0,0,1.0,211.4,128.6,253.2,0,0,0,0,0,0,5,646,5,1211,8192,16384,4,20,0.0,0.0,0.0,0.0,0.0,0.0,0.0,0.0
52111,22,6,6.0,6.0,6.0,6.0,6.0,0.0,6.0,6.0,6.0,0.0,181.0,0.0,181.0,181.0,0.0,0.0,0.0,0.0,0.0,0.0,0.0,0.0,0.0,0.0,0,0,0,0,6.0,6.0,0,0,0,0,1,1,0,0,1.0,9.0,6.0,6.0,0,0,0,0,0,0,1,6,1,6,250,245,0,20,0.0,0.0,0.0,0.0,0.0,0.0,0.0,0.0
62248,80,6,12.0,0.0,6.0,6.0,6.0,0.0,0.0,0.0,0.0,0.0,53.0,0.0,53.0,53.0,53.0,53.0,0.0,53.0,53.0,0.0,0.0,0.0,0.0,0.0,0,0,0,0,6.0,6.0,0,0,0,0,1,0,0,0,0.0,9.0,6.0,0.0,0,0,0,0,0,0,2,12,0,0,253,-1,1,20,0.0,0.0,0.0,0.0,0.0,0.0,0.0,0.0
57631,443,6,1665.0,5430.0,1365.0,0.0,135.2727,354.9227,1413.0,0.0,485.0,573.3874,11134.61,21886.561,78323.0,1.0,213457.0,20626.92,26570.444,75580.0,1.0,195679.0,23969.08,37360.338,99874.0,2.0,0,0,0,0,0.0,1413.0,0,0,0,1,0,0,0,0,0.0,269.9243,135.2727,485.0,0,0,0,0,0,0,18,1665,10,5430,65535,362,5,32,0.0,0.0,0.0,0.0,0.0,0.0,0.0,0.0
443,64494,6,83.0,0.0,46.0,6.0,27.6667,20.2073,0.0,0.0,0.0,0.0,2.0,1.414,3.0,1.0,4.0,2.0,1.414,3.0,1.0,0.0,0.0,0.0,0.0,0.0,1,0,0,0,6.0,46.0,0,1,0,0,1,0,0,0,0.0,43.0,27.6667,0.0,0,0,0,0,0,0,3,83,0,0,143,-1,2,20,0.0,0.0,0.0,0.0,0.0,0.0,0.0,0.0
123,123,17,48.0,48.0,48.0,48.0,48.0,0.0,48.0,48.0,48.0,0.0,94112.0,0.0,94112.0,94112.0,0.0,0.0,0.0,0.0,0.0,0.0,0.0,0.0,0.0,0.0,0,0,0,0,48.0,48.0,0,0,0,0,0,0,0,0,1.0,72.0,48.0,48.0,0,0,0,0,0,0,1,48,1,48,-1,-1,0,32,0.0,0.0,0.0,0.0,0.0,0.0,0.0,0.0
51873,53,17,80.0,112.0,40.0,40.0,40.0,0.0,56.0,56.0,56.0,0.0,69.66,77.868,158.0,3.0,47.0,47.0,0.0,47.0,47.0,3.0,3.0,0.0,3.0,3.0,0,0,0,0,40.0,56.0,0,0,0,0,0,0,0,0,1.0,58.0,40.0,56.0,0,0,0,0,0,0,2,80,2,112,-1,-1,1,20,0.0,0.0,0.0,0.0,0.0,0.0,0.0,0.0
61947,53,17,50.0,113.0,50.0,50.0,50.0,0.0,113.0,113.0,113.0,0.0,463.0,0.0,463.0,463.0,0.0,0.0,0.0,0.0,0.0,0.0,0.0,0.0,0.0,0.0,0,0,0,0,50.0,113.0,0,0,0,0,0,0,0,0,1.0,106.5,50.0,113.0,0,0,0,0,0,0,1,50,1,113,-1,-1,0,32,0.0,0.0,0.0,0.0,0.0,0.0,0.0,0.0
443,39236,6,0.0,0.0,0.0,0.0,0.0,0.0,0.0,0.0,0.0,0.0,0.0,0.0,0.0,0.0,0.0,0.0,0.0,0.0,0.0,0.0,0.0,0.0,0.0,0.0,0,0,0,0,0.0,0.0,0,0,0,0,1,0,0,0,1.0,0.0,0.0,0.0,0,0,0,0,0,0,1,0,1,0,362,32832,0,32,0.0,0.0,0.0,0.0,0.0,0.0,0.0,0.0
64234,443,6,1534.0,765.0,1389.0,0.0,143.6,410.8481,529.0,0.0,153.75,262.92,10306.0,15111.435,36434.0,33.0,148584.0,12750.77,20126.871,53286.0,49.0,104123.0,24880.85,18397.916,37844.0,566.0,0,0,0,0,0.0,1389.0,0,0,0,1,0,0,0,0,0.0,154.5667,143.6,153.75,0,0,0,0,0,0,10,1534,8,765,65535,362,5,32,0.0,0.0,0.0,0.0,0.0,0.0,0.0,0.0
50521,3389,17,114.0,0.0,57.0,57.0,57.0,0.0,0.0,0.0,0.0,0.0,2000049.0,80.111,2000149.0,2000003.0,2000003.0,2000003.0,0.0,2000003.0,2000003.0,0.0,0.0,0.0,0.0,0.0,0,0,0,0,57.0,57.0,0,0,0,0,0,0,0,0,0.0,87.75,57.0,0.0,0,0,0,0,0,0,2,114,0,0,-1,-1,1,32,0.0,0.0,0.0,0.0,0.0,0.0,0.0,0.0
60070,53,17,56.0,72.0,56.0,56.0,56.0,0.0,72.0,72.0,72.0,0.0,30428.0,0.0,30428.0,30428.0,0.0,0.0,0.0,0.0,0.0,0.0,0.0,0.0,0.0,0.0,0,0,0,0,56.0,72.0,0,0,0,0,0,0,0,0,1.0,92.0,56.0,72.0,0,0,0,0,0,0,1,56,1,72,-1,-1,0,40,0.0,0.0,0.0,0.0,0.0,0.0,0.0,0.0
80,57112,6,0.0,0.0,0.0,0.0,0.0,0.0,0.0,0.0,0.0,0.0,60.0,0.0,60.0,60.0,0.0,0.0,0.0,0.0,0.0,0.0,0.0,0.0,0.0,0.0,0,0,0,0,0.0,0.0,0,0,0,0,1,1,0,0,1.0,0.0,0.0,0.0,0,0,0,0,0,0,1,0,1,0,283,229,0,32,0.0,0.0,0.0,0.0,0.0,0.0,0.0,0.0
80,57049,6,6.0,6.0,6.0,6.0,6.0,0.0,6.0,6.0,6.0,0.0,99.0,0.0,99.0,99.0,0.0,0.0,0.0,0.0,0.0,0.0,0.0,0.0,0.0,0.0,0,0,0,0,6.0,6.0,0,0,0,0,1,1,0,0,1.0,9.0,6.0,6.0,0,0,0,0,0,0,1,6,1,6,58,256,0,20,0.0,0.0,0.0,0.0,0.0,0.0,0.0,0.0
54617,443,6,1318.0,1169.0,1077.0,0.0,132.8,335.2958,1021.0,0.0,235.8,449.5296,19727.71,36091.11,87792.0,4.0,270210.0,30726.88,43607.835,90863.0,4.0,179852.0,44983.5,49026.048,88081.0,4.0,0,0,0,0,0.0,1077.0,0,0,0,1,0,0,0,0,0.0,176.1333,132.8,235.8,0,0,0,0,0,0,10,1318,5,1169,65535,118,5,32,0.0,0.0,0.0,0.0,0.0,0.0,0.0,0.0
12773,53,17,70.0,166.0,35.0,35.0,35.0,0.0,83.0,83.0,83.0,0.0,62.33,100.728,179.0,3.0,3.0,3.0,0.0,3.0,3.0,3.0,3.0,0.0,3.0,3.0,0,0,0,0,35.0,83.0,0,0,0,0,0,0,0,0,1.0,67.75,35.0,83.0,0,0,0,0,0,0,2,70,2,166,-1,-1,1,32,0.0,0.0,0.0,0.0,0.0,0.0,0.0,0.0
2106,443,6,135.0,46.0,46.0,6.0,27.0,20.1246,46.0,46.0,46.0,0.0,827644.6,1797621.591,3982254.0,4.0,4292849.0,1046407.75,1956488.664,3182254.0,4.0,0.0,0.0,0.0,0.0,0.0,1,0,0,0,6.0,46.0,0,1,0,0,1,0,0,0,0.0,37.8333,27.0,46.0,0,0,0,0,0,0,5,135,1,46,253,360,4,20,0.0,0.0,0.0,0.0,0.0,0.0,0.0,0.0
50873,53,17,60.0,264.0,30.0,30.0,30.0,0.0,132.0,132.0,132.0,0.0,59.66,67.552,125.0,3.0,3.0,3.0,0.0,3.0,3.0,49.0,49.0,0.0,49.0,49.0,0,0,0,0,30.0,132.0,0,0,0,0,0,0,0,0,1.0,88.5,30.0,132.0,0,0,0,0,0,0,2,60,2,264,-1,-1,1,32,0.0,0.0,0.0,0.0,0.0,0.0,0.0,0.0
443,52786,6,6.0,6.0,6.0,6.0,6.0,0.0,6.0,6.0,6.0,0.0,58.0,0.0,58.0,58.0,0.0,0.0,0.0,0.0,0.0,0.0,0.0,0.0,0.0,0.0,0,0,0,0,6.0,6.0,0,0,0,0,1,1,0,0,1.0,9.0,6.0,6.0,0,0,0,0,0,0,1,6,1,6,119,256,0,20,0.0,0.0,0.0,0.0,0.0,0.0,0.0,0.0
51703,443,6,1575.0,694.0,1301.0,0.0,129.0667,350.5589,409.0,0.0,111.4444,179.2795,2907115.08,4454165.447,10031790.0,40.0,60308582.0,5025693.27,5155400.203,10171724.0,49.0,60426921.0,6040901.5,5231134.671,10113196.0,3857.0,0,0,0,0,0.0,1301.0,0,0,0,1,0,0,0,0,0.0,124.5849,129.0667,111.4444,0,0,0,0,0,0,15,1575,13,694,29200,118,3,32,112923.33,89560.188,385827.0,89522.0,9977418.33,202261.304,10031792.0,9769508.0
65633,443,6,24.0,0.0,6.0,6.0,6.0,0.0,0.0,0.0,0.0,0.0,12396.5,25594.249,50982.0,1.0,51981.0,17693.33,29353.374,51989.0,1.0,0.0,0.0,0.0,0.0,0.0,0,0,0,0,0.0,6.0,1,0,0,0,0,0,0,0,0.0,6.0,6.0,0.0,0,0,0,0,0,0,4,24,1,0,0,118,3,20,0.0,0.0,0.0,0.0,0.0,0.0,0.0,0.0
52839,80,6,50.0,0.0,0.0,0.0,0.0,0.0,0.0,0.0,0.0,0.0,2417946.2,4803817.627,10010276.0,23413.0,13251753.0,4725376.33,5011867.642,10046296.0,2937703.0,10000000.0,0.0,0.0,10000000.0,10000000.0,0,0,0,0,0.0,0.0,0,0,0,0,1,0,0,0,0.0,0.0,0.0,0.0,0,0,0,0,0,0,4,50,0,0,304,-1,0,32,39942.0,0.0,39942.0,39942.0,10010293.0,0.0,10010273.0,10010293.0
9692,53,17,70.0,102.0,35.0,35.0,35.0,0.0,51.0,51.0,51.0,0.0,46.66,45.179,95.0,3.0,3.0,3.0,0.0,3.0,3.0,48.0,48.0,0.0,48.0,48.0,0,0,0,0,35.0,51.0,0,0,0,0,0,0,0,0,1.0,51.75,35.0,51.0,0,0,0,0,0,0,2,70,2,102,-1,-1,1,32,0.0,0.0,0.0,0.0,0.0,0.0,0.0,0.0
57936,80,6,975.0,2952.0,433.0,0.0,122.125,184.6,1460.0,0.0,396.75,680.8116,692552.21,2173513.697,7631765.0,45.0,371266.0,142670.0,251172.381,17061.0,745.0,7629596.0,1123772.42,3361308.929,7636329.0,120.0,0,0,0,0,0.0,1460.0,0,0,0,1,0,0,0,0,1.0,295.3306,122.125,396.75,0,0,0,0,0,0,8,975,8,2952,8192,5462,7,20,0.0,0.0,0.0,0.0,0.0,0.0,0.0,0.0
31386,443,6,46.0,36.0,46.0,6.0,26.0,20.0,36.0,36.0,36.0,0.0,875926.0,1539554.273,3830489.0,3.0,0.0,0.0,0.0,0.0,0.0,2.0,2.0,0.0,2.0,2.0,1,0,0,0,6.0,36.0,0,1,0,0,1,0,0,0,2.0,34.0,26.0,36.0,0,0,0,0,0,0,1,46,2,36,16245,34223,0,20,0.0,0.0,0.0,0.0,0.0,0.0,0.0,0.0
56100,80,6,445.0,746.0,445.0,0.0,27.2857,108.7522,746.0,0.0,53.2857,199.3369,3980709.21,4889247.278,10001160.0,43.0,115248217.0,7684065.86,4153597.068,10036428.0,392.0,110521661.0,8503650.53,3772445.717,10036286.0,20506.0,0,0,0,0,0.0,746.0,0,0,0,1,0,0,0,0,0.0,39.7667,27.2857,53.2857,0,0,0,0,0,0,16,445,14,746,8192,343,15,20,47172.54,22768.081,94826.0,32943.0,10000097.63,8886.278,10001161.0,9996721.0
443,53737,6,6.0,6.0,6.0,6.0,6.0,0.0,6.0,6.0,6.0,0.0,24.0,0.0,24.0,24.0,0.0,0.0,0.0,0.0,0.0,0.0,0.0,0.0,0.0,0.0,0,0,0,0,6.0,6.0,0,0,0,0,1,1,0,0,1.0,9.0,6.0,6.0,0,0,0,0,0,0,1,6,1,6,60,255,0,20,0.0,0.0,0.0,0.0,0.0,0.0,0.0,0.0
49296,80,6,12.0,0.0,6.0,0.0,4.0,3.4641,0.0,0.0,0.0,0.0,1961814.33,3434622.933,5975492.0,36.0,5909741.0,2954870.5,4144656.889,5975492.0,32882.0,0.0,0.0,0.0,0.0,0.0,0,0,0,0,0.0,6.0,0,0,0,1,0,0,0,0,0.0,3.0,4.0,0.0,0,0,0,0,0,0,3,12,1,0,8192,29200,2,20,0.0,0.0,0.0,0.0,0.0,0.0,0.0,0.0
62339,53,17,98.0,154.0,51.0,47.0,49.0,7.0711,148.0,66.0,77.0,49.4945,14990132.0,21270335.647,44776706.0,61455.0,44708206.0,44708206.0,0.0,44808206.0,44708206.0,44747766.0,44747766.0,0.0,44747766.0,44747766.0,0,0,0,0,47.0,148.0,0,0,0,0,0,0,0,0,1.0,75.5,49.0,77.0,0,0,0,0,0,0,2,98,2,154,-1,-1,1,20,31026.0,0.0,31026.0,31026.0,44776715.0,0.0,44776715.0,44776715.0
61129,53,17,176.0,254.0,44.0,44.0,44.0,0.0,127.0,127.0,127.0,0.0,23592.8,38161.654,87170.0,4.0,39687.0,16829.0,10281.964,39670.0,4.0,4.0,4.0,0.0,4.0,4.0,0,0,0,0,44.0,127.0,0,0,0,0,0,0,0,0,0.0,72.3333,44.0,127.0,0,0,0,0,0,0,4,176,2,254,-1,-1,3,20,0.0,0.0,0.0,0.0,0.0,0.0,0.0,0.0
43344,53,17,68.0,182.0,34.0,34.0,34.0,0.0,91.0,91.0,91.0,0.0,20075.66,34631.626,60226.0,3.0,3.0,3.0,0.0,3.0,3.0,3.0,3.0,0.0,3.0,3.0,0,0,0,0,34.0,91.0,0,0,0,0,0,0,0,0,1.0,71.0,34.0,91.0,0,0,0,0,0,0,2,68,2,182,-1,-1,1,32,0.0,0.0,0.0,0.0,0.0,0.0,0.0,0.0
53946,53,17,76.0,154.0,38.0,38.0,38.0,0.0,77.0,77.0,77.0,0.0,64.0,104.27,186.0,3.0,3.0,3.0,0.0,3.0,3.0,3.0,3.0,0.0,3.0,3.0,0,0,0,0,38.0,77.0,0,0,0,0,0,0,0,0,1.0,67.0,38.0,77.0,0,0,0,0,0,0,2,76,2,154,-1,-1,1,20,0.0,0.0,0.0,0.0,0.0,0.0,0.0,0.0
48351,443,6,953.0,11216.0,258.0,0.0,41.0714,82.2679,1418.0,0.0,451.75,681.9396,2559173.04,12277999.8,58225189.0,2.0,117178519.0,5565899.01,19459037.337,58225180.0,19.0,117096063.0,4027570.4,15801886.97,58323434.0,3.0,0,0,0,0,0.0,1418.0,0,0,0,1,0,0,0,0,1.0,268.6814,41.0714,451.75,0,0,0,0,0,0,21,953,26,11216,29200,357,8,32,120571.5,166948.736,250977.0,62880.0,58636278.0,561374.993,58225182.0,58160808.0
60566,53,17,53.0,123.0,53.0,53.0,53.0,0.0,123.0,123.0,123.0,0.0,463.0,0.0,463.0,463.0,0.0,0.0,0.0,0.0,0.0,0.0,0.0,0.0,0.0,0.0,0,0,0,0,53.0,123.0,0,0,0,0,0,0,0,0,1.0,114.5,53.0,123.0,0,0,0,0,0,0,1,53,1,123,-1,-1,0,32,0.0,0.0,0.0,0.0,0.0,0.0,0.0,0.0
54316,80,6,1031.0,796.0,1091.0,0.0,308.8333,586.4932,796.0,0.0,158.2,306.5646,799835.0,1886161.872,5005559.0,4.0,40037.0,10013.5,17604.588,22369.0,242.0,5045600.0,1603300.0,2897490.454,5005603.0,23404.0,0,0,0,0,0.0,1091.0,0,0,0,1,0,0,0,0,1.0,230.1429,308.8333,158.2,0,0,0,0,0,0,3,1031,5,796,29200,63,1,32,0.0,0.0,0.0,0.0,0.0,0.0,0.0,0.0
50662,443,6,31.0,0.0,31.0,0.0,15.5,21.9203,0.0,0.0,0.0,0.0,95.0,0.0,95.0,95.0,95.0,95.0,0.0,95.0,95.0,0.0,0.0,0.0,0.0,0.0,1,0,0,0,0.0,31.0,0,1,0,0,1,0,0,0,0.0,31.0,15.5,0.0,0,0,0,0,0,0,2,31,0,0,1320,-1,0,32,0.0,0.0,0.0,0.0,0.0,0.0,0.0,0.0
34958,443,6,2278.0,20659.0,1499.0,0.0,114.9286,376.4201,3891.0,0.0,732.2105,1044.9082,2521973.12,4376111.292,9997216.0,6.0,116146112.0,5774275.2,4946526.655,10020710.0,49.0,110357934.0,5572151.11,5087523.584,10020296.0,187.0,0,0,0,0,0.0,3891.0,0,0,0,1,0,0,0,0,1.0,1049.2293,114.9286,732.2105,0,0,0,0,0,0,28,2278,27,20659,29200,1133,3,32,41942.18,39095.793,126578.0,23169.0,9587605.25,1403239.716,9997214.0,5386844.0
56951,443,6,1119.0,23446.0,565.0,0.0,51.6154,130.8901,3295.0,0.0,1502.76,1297.6633,141399.4,957320.35,4999233.0,8.0,1159847.0,27809.46,33355.372,540317.0,118.0,6068949.0,247536.53,1058367.77,4999363.0,48.0,0,0,0,0,0.0,3295.0,0,0,0,1,0,0,0,0,1.0,866.783,51.6154,1502.76,0,0,0,0,0,0,13,1119,25,23446,29200,972,4,32,0.0,0.0,0.0,0.0,0.0,0.0,0.0,0.0
443,51681,6,6.0,6.0,6.0,6.0,6.0,0.0,6.0,6.0,6.0,0.0,11.0,0.0,11.0,11.0,0.0,0.0,0.0,0.0,0.0,0.0,0.0,0.0,0.0,0.0,0,0,0,0,6.0,6.0,0,0,0,0,1,1,0,0,1.0,9.0,6.0,6.0,0,0,0,0,0,0,1,6,1,6,137,253,0,20,0.0,0.0,0.0,0.0,0.0,0.0,0.0,0.0
50443,443,6,1331.0,30670.0,517.0,0.0,52.913,139.536,2920.0,0.0,1113.5748,885.5408,1889695.17,9884996.382,58508282.0,4.0,60557745.0,3683521.48,13606132.768,58515251.0,160.0,60516645.0,3666647.11,16820583.964,58542863.0,4.0,0,0,0,0,0.0,2920.0,0,0,0,1,0,0,0,0,1.0,625.9522,52.913,1113.5748,0,0,0,0,0,0,27,1331,35,30670,8192,262,26,20,149751.0,27278.704,181770.0,101544.0,33242269.0,31000313.894,58508281.0,15128435.0
38846,53,17,66.0,98.0,33.0,33.0,33.0,0.0,49.0,49.0,49.0,0.0,10247.0,17782.565,30735.0,3.0,3.0,3.0,0.0,3.0,3.0,3.0,3.0,0.0,3.0,3.0,0,0,0,0,33.0,49.0,0,0,0,0,0,0,0,0,1.0,49.25,33.0,49.0,0,0,0,0,0,0,2,66,2,98,-1,-1,1,32,0.0,0.0,0.0,0.0,0.0,0.0,0.0,0.0
49949,53,17,132.0,234.0,33.0,33.0,33.0,0.0,117.0,117.0,117.0,0.0,36399.2,68045.738,126887.0,3.0,126594.0,52564.0,74054.295,126588.0,3.0,3.0,3.0,0.0,3.0,3.0,0,0,0,0,33.0,117.0,0,0,0,0,0,0,0,0,0.0,61.1667,33.0,117.0,0,0,0,0,0,0,4,132,2,234,-1,-1,3,20,0.0,0.0,0.0,0.0,0.0,0.0,0.0,0.0
63437,53,17,86.0,118.0,43.0,43.0,43.0,0.0,59.0,59.0,59.0,0.0,59.33,64.777,127.0,3.0,4.0,4.0,0.0,4.0,4.0,49.0,49.0,0.0,49.0,49.0,0,0,0,0,43.0,59.0,0,0,0,0,0,0,0,0,1.0,61.75,43.0,59.0,0,0,0,0,0,0,2,86,2,118,-1,-1,1,20,0.0,0.0,0.0,0.0,0.0,0.0,0.0,0.0
62101,53,17,49.0,137.0,49.0,49.0,49.0,0.0,137.0,137.0,137.0,0.0,130551.0,0.0,130551.0,130551.0,0.0,0.0,0.0,0.0,0.0,0.0,0.0,0.0,0.0,0.0,0,0,0,0,49.0,137.0,0,0,0,0,0,0,0,0,1.0,117.5,49.0,137.0,0,0,0,0,0,0,1,49,1,137,-1,-1,0,20,0.0,0.0,0.0,0.0,0.0,0.0,0.0,0.0
63663,53,17,72.0,104.0,36.0,36.0,36.0,0.0,52.0,52.0,52.0,0.0,50.66,80.82,145.0,3.0,4.0,4.0,0.0,4.0,4.0,3.0,3.0,0.0,3.0,3.0,0,0,0,0,36.0,52.0,0,0,0,0,0,0,0,0,1.0,53.0,36.0,52.0,0,0,0,0,0,0,2,72,2,104,-1,-1,1,32,0.0,0.0,0.0,0.0,0.0,0.0,0.0,0.0
4875,443,6,781.0,4677.0,392.0,0.0,90.1,141.6526,1460.0,0.0,396.125,543.6837,3529829.55,11126374.857,44766629.0,53.0,60278879.0,6281814.88,15001622.298,44766629.0,8918.0,65551889.0,7525971.62,15235192.699,45016146.0,48.0,0,0,0,0,0.0,1460.0,0,0,0,1,0,0,0,0,1.0,285.6226,90.1,396.125,0,0,0,0,0,0,10,781,14,4677,8192,123,9,20,171553.0,167698.912,284046.0,48079.0,30263367.5,20280402.198,44766629.0,15425498.0
61215,53,17,51.0,67.0,51.0,51.0,51.0,0.0,67.0,67.0,67.0,0.0,30718.0,0.0,30718.0,30718.0,0.0,0.0,0.0,0.0,0.0,0.0,0.0,0.0,0.0,0.0,0,0,0,0,51.0,67.0,0,0,0,0,0,0,0,0,1.0,84.5,51.0,67.0,0,0,0,0,0,0,1,51,1,67,-1,-1,0,32,0.0,0.0,0.0,0.0,0.0,0.0,0.0,0.0
49584,443,6,6.0,6.0,6.0,6.0,6.0,0.0,6.0,6.0,6.0,0.0,3.0,0.0,3.0,3.0,0.0,0.0,0.0,0.0,0.0,0.0,0.0,0.0,0.0,0.0,0,0,0,0,6.0,6.0,0,0,0,0,1,0,0,0,1.0,9.0,6.0,6.0,0,0,0,0,0,0,1,6,1,6,354,374,0,20,0.0,0.0,0.0,0.0,0.0,0.0,0.0,0.0
80,4194,6,6.0,6.0,6.0,6.0,6.0,0.0,6.0,6.0,6.0,0.0,186.0,0.0,186.0,186.0,0.0,0.0,0.0,0.0,0.0,0.0,0.0,0.0,0.0,0.0,0,0,0,0,6.0,6.0,0,0,0,0,1,1,0,0,1.0,9.0,6.0,6.0,0,0,0,0,0,0,1,6,1,6,913,253,0,20,0.0,0.0,0.0,0.0,0.0,0.0,0.0,0.0
55374,443,6,704.0,1327.0,453.0,0.0,70.4,142.9399,1189.0,0.0,265.4,519.7546,20909.92,36992.221,87559.0,1.0,287627.0,31209.33,45826.781,88168.0,1.0,180804.0,45263.0,44632.802,88153.0,315.0,0,0,0,0,0.0,1189.0,0,0,0,1,0,0,0,0,0.0,135.4,70.4,265.4,0,0,0,0,0,0,10,704,5,1327,65535,114,5,32,0.0,0.0,0.0,0.0,0.0,0.0,0.0,0.0
65143,443,6,18.0,6.0,6.0,6.0,6.0,0.0,6.0,6.0,6.0,0.0,61.66,89.693,153.0,3.0,198.0,99.0,132.244,190.0,3.0,0.0,0.0,0.0,0.0,0.0,0,0,0,0,6.0,6.0,1,0,0,0,0,0,0,0,0.0,7.5,6.0,6.0,0,0,0,0,0,0,3,18,1,6,0,292,2,20,0.0,0.0,0.0,0.0,0.0,0.0,0.0,0.0
55134,53,17,70.0,264.0,35.0,35.0,35.0,0.0,132.0,132.0,132.0,0.0,70921.33,136005.197,222755.0,1.0,1.0,1.0,0.0,1.0,1.0,4.0,4.0,0.0,4.0,4.0,0,0,0,0,35.0,132.0,0,0,0,0,0,0,0,0,1.0,92.25,35.0,132.0,0,0,0,0,0,0,2,70,2,264,-1,-1,1,40,0.0,0.0,0.0,0.0,0.0,0.0,0.0,0.0
51156,443,6,37.0,0.0,37.0,0.0,18.5,26.163,0.0,0.0,0.0,0.0,62.0,0.0,62.0,62.0,62.0,62.0,0.0,62.0,62.0,0.0,0.0,0.0,0.0,0.0,1,0,0,0,0.0,37.0,0,1,0,0,1,0,0,0,0.0,37.0,18.5,0.0,0,0,0,0,0,0,2,37,0,0,65535,-1,0,32,0.0,0.0,0.0,0.0,0.0,0.0,0.0,0.0
40870,443,6,12907.0,81210.0,253.0,0.0,162.1648,129.5524,2836.0,0.0,1292.1273,518.5446,710943.53,1813765.129,10015549.0,1.0,98725966.0,1170686.5,2099657.676,12038022.0,3.0,93782301.0,1866378.39,2100894.413,10035249.0,1.0,0,0,0,0,0.0,2836.0,0,0,0,1,0,0,0,0,1.0,757.9521,162.1648,1292.1273,0,0,0,0,0,0,144,12907,171,81210,29200,656,10,32,495216.66,1671207.548,4541547.0,59313.0,10010151.9,4207.792,10015546.0,10001779.0
59106,53,17,64.0,276.0,32.0,32.0,32.0,0.0,138.0,138.0,138.0,0.0,35992.33,54860.086,97969.0,3.0,3.0,3.0,0.0,3.0,3.0,3.0,3.0,0.0,3.0,3.0,0,0,0,0,32.0,138.0,0,0,0,0,0,0,0,0,1.0,93.0,32.0,138.0,0,0,0,0,0,0,2,64,2,276,-1,-1,1,20,0.0,0.0,0.0,0.0,0.0,0.0,0.0,0.0
50460,443,6,707.0,3049.0,469.0,0.0,58.9167,135.742,1413.0,0.0,481.0909,636.0547,16952.18,30221.575,91129.0,1.0,302625.0,29669.08,45814.675,101588.0,1.0,207275.0,26565.8,45230.423,102189.0,4.0,0,0,0,0,0.0,1413.0,0,0,0,1,0,0,0,0,0.0,207.8077,58.9167,481.0909,0,0,0,0,0,0,12,707,9,3049,65535,349,5,32,0.0,0.0,0.0,0.0,0.0,0.0,0.0,0.0
50471,443,6,6.0,6.0,6.0,6.0,6.0,0.0,6.0,6.0,6.0,0.0,23652.0,0.0,23652.0,23652.0,0.0,0.0,0.0,0.0,0.0,0.0,0.0,0.0,0.0,0.0,0,0,0,0,6.0,6.0,1,0,0,0,1,0,0,0,1.0,9.0,6.0,6.0,0,0,0,0,0,0,1,6,1,6,0,0,0,20,0.0,0.0,0.0,0.0,0.0,0.0,0.0,0.0
27424,53,17,68.0,424.0,34.0,34.0,34.0,0.0,212.0,212.0,212.0,0.0,20386.33,35294.056,61153.0,1.0,1.0,1.0,0.0,1.0,1.0,3.0,3.0,0.0,3.0,3.0,0,0,0,0,34.0,212.0,0,0,0,0,0,0,0,0,1.0,131.5,34.0,212.0,0,0,0,0,0,0,2,68,2,424,-1,-1,1,32,0.0,0.0,0.0,0.0,0.0,0.0,0.0,0.0
63030,53,17,60.0,188.0,30.0,30.0,30.0,0.0,94.0,94.0,94.0,0.0,58.0,95.662,168.0,3.0,3.0,3.0,0.0,3.0,3.0,3.0,3.0,0.0,3.0,3.0,0,0,0,0,30.0,94.0,0,0,0,0,0,0,0,0,1.0,69.5,30.0,94.0,0,0,0,0,0,0,2,60,2,188,-1,-1,1,20,0.0,0.0,0.0,0.0,0.0,0.0,0.0,0.0
443,59768,6,6.0,6.0,6.0,6.0,6.0,0.0,6.0,6.0,6.0,0.0,32.0,0.0,32.0,32.0,0.0,0.0,0.0,0.0,0.0,0.0,0.0,0.0,0.0,0.0,0,0,0,0,6.0,6.0,0,0,0,0,1,1,0,0,1.0,9.0,6.0,6.0,0,0,0,0,0,0,1,6,1,6,60,255,0,20,0.0,0.0,0.0,0.0,0.0,0.0,0.0,0.0
443,60396,6,37.0,0.0,37.0,0.0,18.5,26.163,0.0,0.0,0.0,0.0,4.0,0.0,4.0,4.0,4.0,4.0,0.0,4.0,4.0,0.0,0.0,0.0,0.0,0.0,1,0,0,0,0.0,37.0,0,1,0,0,1,0,0,0,0.0,37.0,18.5,0.0,0,0,0,0,0,0,2,37,0,0,974,-1,0,32,0.0,0.0,0.0,0.0,0.0,0.0,0.0,0.0
58238,443,6,5272.0,26465.0,614.0,0.0,274.5455,239.219,1760.0,0.0,724.7778,685.9206,2674331.44,11683311.023,74663796.0,3.0,77766461.0,4642630.1,14221459.183,74663796.0,3.0,1740450.0,55253.71,101358.314,762694.0,3.0,0,0,0,0,0.0,1760.0,0,0,0,1,0,0,0,0,1.0,539.5104,274.5455,724.7778,0,0,0,0,0,0,24,5272,29,26465,8192,169,23,20,2580736.5,3000000.0,2580736.0,2580736.0,74663717.0,0.0,74663797.0,74663717.0
53907,53,17,78.0,230.0,39.0,39.0,39.0,0.0,115.0,115.0,115.0,0.0,7801.66,13690.131,23353.0,3.0,3.0,3.0,0.0,3.0,3.0,4.0,4.0,0.0,4.0,4.0,0,0,0,0,39.0,115.0,0,0,0,0,0,0,0,0,1.0,86.75,39.0,115.0,0,0,0,0,0,0,2,78,2,230,-1,-1,1,20,0.0,0.0,0.0,0.0,0.0,0.0,0.0,0.0
443,58436,6,6.0,6.0,6.0,6.0,6.0,0.0,6.0,6.0,6.0,0.0,3.0,0.0,3.0,3.0,0.0,0.0,0.0,0.0,0.0,0.0,0.0,0.0,0.0,0.0,0,0,0,0,6.0,6.0,0,0,0,0,1,1,0,0,1.0,9.0,6.0,6.0,0,0,0,0,0,0,1,6,1,6,60,255,0,20,0.0,0.0,0.0,0.0,0.0,0.0,0.0,0.0
80,52498,6,0.0,0.0,0.0,0.0,0.0,0.0,0.0,0.0,0.0,0.0,3.0,0.0,3.0,3.0,3.0,3.0,0.0,3.0,3.0,0.0,0.0,0.0,0.0,0.0,0,0,0,0,0.0,0.0,0,0,0,0,1,0,0,0,0.0,0.0,0.0,0.0,0,0,0,0,0,0,2,0,0,0,4340,-1,0,32,0.0,0.0,0.0,0.0,0.0,0.0,0.0,0.0
53438,443,6,12.0,0.0,6.0,6.0,6.0,0.0,0.0,0.0,0.0,0.0,100.0,0.0,100.0,100.0,100.0,100.0,0.0,100.0,100.0,0.0,0.0,0.0,0.0,0.0,0,0,0,0,6.0,6.0,0,0,0,0,1,0,0,0,0.0,9.0,6.0,0.0,0,0,0,0,0,0,2,12,0,0,256,-1,1,20,0.0,0.0,0.0,0.0,0.0,0.0,0.0,0.0
443,2519,6,6.0,6.0,6.0,6.0,6.0,0.0,6.0,6.0,6.0,0.0,95.0,0.0,95.0,95.0,0.0,0.0,0.0,0.0,0.0,0.0,0.0,0.0,0.0,0.0,0,0,0,0,6.0,6.0,0,0,0,0,1,1,0,0,1.0,9.0,6.0,6.0,0,0,0,0,0,0,1,6,1,6,114,256,0,20,0.0,0.0,0.0,0.0,0.0,0.0,0.0,0.0
137,137,17,124.0,0.0,62.0,62.0,62.0,0.0,0.0,0.0,0.0,0.0,4.0,0.0,4.0,4.0,4.0,4.0,0.0,4.0,4.0,0.0,0.0,0.0,0.0,0.0,0,0,0,0,62.0,62.0,0,0,0,0,0,0,0,0,0.0,93.0,62.0,0.0,0,0,0,0,0,0,2,124,0,0,-1,-1,1,32,0.0,0.0,0.0,0.0,0.0,0.0,0.0,0.0
443,64266,6,37.0,0.0,37.0,0.0,18.5,26.163,0.0,0.0,0.0,0.0,4.0,0.0,4.0,4.0,4.0,4.0,0.0,4.0,4.0,0.0,0.0,0.0,0.0,0.0,1,0,0,0,0.0,37.0,0,1,0,0,1,0,0,0,0.0,37.0,18.5,0.0,0,0,0,0,0,0,2,37,0,0,114,-1,0,32,0.0,0.0,0.0,0.0,0.0,0.0,0.0,0.0
49560,443,6,617.0,164.0,517.0,0.0,88.1429,189.989,152.0,0.0,41.0,74.054,504059.4,1551069.679,4943992.0,3.0,5049338.0,841309.66,2032930.891,4903779.0,3.0,89493.0,26434.33,30044.12,68142.0,204.0,0,0,0,0,0.0,517.0,0,0,0,1,0,0,0,0,0.0,71.0,88.1429,41.0,0,0,0,0,0,0,7,617,4,164,29200,30,6,20,0.0,0.0,0.0,0.0,0.0,0.0,0.0,0.0
50241,443,6,387.0,5807.0,190.0,0.0,42.5556,77.8056,1722.0,0.0,833.5,762.6775,419183.93,1478724.504,5459015.0,1.0,5583108.0,710314.0,1948935.962,5459015.0,3.0,88854.0,16604.75,28811.677,42241.0,180.0,0,0,0,0,0.0,1722.0,0,0,0,1,0,0,0,0,0.0,398.9238,42.5556,833.5,0,0,0,0,0,0,9,387,8,5807,8192,119,8,20,107876.0,0.0,107876.0,107876.0,5459094.0,0.0,5459014.0,5459094.0
54874,443,6,53.0,0.0,53.0,0.0,7.6,13.5449,0.0,0.0,0.0,0.0,3162.5,4355.685,6267.0,3.0,6205.0,3056.25,2125.379,6267.0,3.0,0.0,0.0,0.0,0.0,0.0,0,0,0,0,0.0,53.0,0,0,0,0,1,0,0,0,0.0,7.25,7.6,0.0,0,0,0,0,0,0,5,53,0,0,33213,-1,1,32,0.0,0.0,0.0,0.0,0.0,0.0,0.0,0.0
65175,80,6,442.0,871.0,436.0,0.0,147.3333,250.588,859.0,0.0,217.75,427.5094,7811.5,11888.684,23396.0,2.0,23321.0,11660.5,16363.409,23192.0,169.0,24073.0,8011.0,13974.291,23040.0,2.0,0,0,0,0,0.0,859.0,0,0,0,1,0,0,0,0,1.0,187.5714,147.3333,217.75,0,0,0,0,0,0,3,442,4,871,8192,31,2,20,0.0,0.0,0.0,0.0,0.0,0.0,0.0,0.0
63266,80,6,12.0,0.0,6.0,0.0,4.0,3.4641,0.0,0.0,0.0,0.0,1849899.33,3185412.241,5546635.0,64.0,5577788.0,2738894.0,3822677.678,5546635.0,23064.0,0.0,0.0,0.0,0.0,0.0,0,0,0,0,0.0,6.0,0,0,0,1,0,0,0,0,0.0,3.0,4.0,0.0,0,0,0,0,0,0,3,12,1,0,8192,29200,2,20,0.0,0.0,0.0,0.0,0.0,0.0,0.0,0.0
59613,53,17,180.0,306.0,90.0,90.0,90.0,0.0,153.0,153.0,153.0,0.0,16012.33,27734.297,48031.0,3.0,3.0,3.0,0.0,3.0,3.0,3.0,3.0,0.0,3.0,3.0,0,0,0,0,90.0,153.0,0,0,0,0,0,0,0,0,1.0,141.0,90.0,153.0,0,0,0,0,0,0,2,180,2,306,-1,-1,1,20,0.0,0.0,0.0,0.0,0.0,0.0,0.0,0.0
50021,47954,6,6.0,18.0,6.0,6.0,6.0,0.0,6.0,6.0,6.0,0.0,40.0,61.612,73.0,1.0,0.0,0.0,0.0,0.0,0.0,4.0,2.0,1.414,3.0,1.0,0,0,0,0,6.0,6.0,0,0,0,0,1,1,0,0,3.0,7.5,6.0,6.0,0,0,0,0,0,0,1,6,3,18,16060,16387,0,20,0.0,0.0,0.0,0.0,0.0,0.0,0.0,0.0
60726,53,17,55.0,113.0,55.0,55.0,55.0,0.0,113.0,113.0,113.0,0.0,48050.0,0.0,48050.0,48050.0,0.0,0.0,0.0,0.0,0.0,0.0,0.0,0.0,0.0,0.0,0,0,0,0,55.0,113.0,0,0,0,0,0,0,0,0,1.0,111.5,55.0,113.0,0,0,0,0,0,0,1,55,1,113,-1,-1,0,32,0.0,0.0,0.0,0.0,0.0,0.0,0.0,0.0
61229,53,17,45.0,100.0,45.0,45.0,45.0,0.0,100.0,100.0,100.0,0.0,30435.0,0.0,30435.0,30435.0,0.0,0.0,0.0,0.0,0.0,0.0,0.0,0.0,0.0,0.0,0,0,0,0,45.0,100.0,0,0,0,0,0,0,0,0,1.0,95.0,45.0,100.0,0,0,0,0,0,0,1,45,1,100,-1,-1,0,20,0.0,0.0,0.0,0.0,0.0,0.0,0.0,0.0
50958,443,6,0.0,0.0,0.0,0.0,0.0,0.0,0.0,0.0,0.0,0.0,106.0,0.0,106.0,106.0,106.0,106.0,0.0,106.0,106.0,0.0,0.0,0.0,0.0,0.0,0,0,0,0,0.0,0.0,0,0,0,0,1,0,0,0,0.0,0.0,0.0,0.0,0,0,0,0,0,0,2,0,0,0,649,-1,0,32,0.0,0.0,0.0,0.0,0.0,0.0,0.0,0.0
60739,53,17,45.0,136.0,45.0,45.0,45.0,0.0,136.0,136.0,136.0,0.0,30900.0,0.0,30900.0,30900.0,0.0,0.0,0.0,0.0,0.0,0.0,0.0,0.0,0.0,0.0,0,0,0,0,45.0,136.0,0,0,0,0,0,0,0,0,1.0,113.0,45.0,136.0,0,0,0,0,0,0,1,45,1,136,-1,-1,0,20,0.0,0.0,0.0,0.0,0.0,0.0,0.0,0.0
61715,53,17,82.0,208.0,41.0,41.0,41.0,0.0,104.0,104.0,104.0,0.0,16175.33,27935.007,48514.0,3.0,3.0,3.0,0.0,3.0,3.0,4.0,4.0,0.0,4.0,4.0,0,0,0,0,41.0,104.0,0,0,0,0,0,0,0,0,1.0,82.75,41.0,104.0,0,0,0,0,0,0,2,82,2,208,-1,-1,1,32,0.0,0.0,0.0,0.0,0.0,0.0,0.0,0.0
49064,53,17,86.0,218.0,43.0,43.0,43.0,0.0,109.0,109.0,109.0,0.0,10276.33,17783.149,30823.0,2.0,2.0,2.0,0.0,2.0,2.0,3.0,3.0,0.0,3.0,3.0,0,0,0,0,43.0,109.0,0,0,0,0,0,0,0,0,1.0,86.75,43.0,109.0,0,0,0,0,0,0,2,86,2,218,-1,-1,1,32,0.0,0.0,0.0,0.0,0.0,0.0,0.0,0.0
43411,53,17,58.0,154.0,29.0,29.0,29.0,0.0,77.0,77.0,77.0,0.0,7978.66,13799.073,23930.0,1.0,1.0,1.0,0.0,1.0,1.0,3.0,3.0,0.0,3.0,3.0,0,0,0,0,29.0,77.0,0,0,0,0,0,0,0,0,1.0,60.25,29.0,77.0,0,0,0,0,0,0,2,58,2,154,-1,-1,1,32,0.0,0.0,0.0,0.0,0.0,0.0,0.0,0.0
61599,53,17,43.0,209.0,43.0,43.0,43.0,0.0,209.0,209.0,209.0,0.0,116671.0,0.0,116671.0,116671.0,0.0,0.0,0.0,0.0,0.0,0.0,0.0,0.0,0.0,0.0,0,0,0,0,43.0,209.0,0,0,0,0,0,0,0,0,1.0,147.5,43.0,209.0,0,0,0,0,0,0,1,43,1,209,-1,-1,0,32,0.0,0.0,0.0,0.0,0.0,0.0,0.0,0.0
57092,443,6,474.0,644.0,314.0,0.0,79.0,130.3089,485.0,0.0,92.0,169.684,24261.41,39702.909,86264.0,3.0,221073.0,43177.6,26122.688,86265.0,36774.0,270500.0,35100.0,49826.877,136679.0,3.0,0,0,0,0,0.0,485.0,0,0,0,1,0,0,0,0,1.0,86.0,79.0,92.0,0,0,0,0,0,0,6,474,7,644,65535,114,3,32,0.0,0.0,0.0,0.0,0.0,0.0,0.0,0.0
62983,53,17,50.0,249.0,50.0,50.0,50.0,0.0,249.0,249.0,249.0,0.0,262172.0,0.0,262172.0,262172.0,0.0,0.0,0.0,0.0,0.0,0.0,0.0,0.0,0.0,0.0,0,0,0,0,50.0,249.0,0,0,0,0,0,0,0,0,1.0,174.5,50.0,249.0,0,0,0,0,0,0,1,50,1,249,-1,-1,0,40,0.0,0.0,0.0,0.0,0.0,0.0,0.0,0.0
55987,443,6,31.0,0.0,31.0,0.0,10.3333,17.8979,0.0,0.0,0.0,0.0,16401354.5,25660583.777,46183668.0,58.0,96213669.0,46256834.5,8920583.387,46183668.0,46236992.0,90013157.0,40013058.5,150.353,46013872.0,40015507.0,0,0,0,0,0.0,31.0,0,0,0,0,1,0,0,0,0.0,7.7,10.3333,0.0,0,0,0,0,0,0,3,31,3,0,336,1480,1,32,133889.0,0.0,133889.0,133889.0,46183636.0,0.0,46183666.0,46183636.0
64683,53,17,88.0,662.0,44.0,44.0,44.0,0.0,331.0,331.0,331.0,0.0,10626.33,18487.195,31823.0,3.0,49.0,49.0,0.0,49.0,49.0,3.0,3.0,0.0,3.0,3.0,0,0,0,0,44.0,331.0,0,0,0,0,0,0,0,0,1.0,198.5,44.0,331.0,0,0,0,0,0,0,2,88,2,662,-1,-1,1,32,0.0,0.0,0.0,0.0,0.0,0.0,0.0,0.0
61207,53,17,58.0,186.0,58.0,58.0,58.0,0.0,186.0,186.0,186.0,0.0,31509.0,0.0,31509.0,31509.0,0.0,0.0,0.0,0.0,0.0,0.0,0.0,0.0,0.0,0.0,0,0,0,0,58.0,186.0,0,0,0,0,0,0,0,0,1.0,151.0,58.0,186.0,0,0,0,0,0,0,1,58,1,186,-1,-1,0,40,0.0,0.0,0.0,0.0,0.0,0.0,0.0,0.0
59607,443,6,976.0,7408.0,469.0,0.0,65.0667,134.3489,1586.0,0.0,740.8,749.5048,15709.82,26251.113,93957.0,2.0,311360.0,29598.2,30581.83,105994.0,2.0,254206.0,24651.0,38045.138,94602.0,2.0,0,0,0,0,0.0,1586.0,0,0,0,1,0,0,0,0,0.0,335.3619,65.0667,740.8,0,0,0,0,0,0,15,976,10,7408,65535,357,6,32,0.0,0.0,0.0,0.0,0.0,0.0,0.0,0.0
53745,443,6,1148.0,3369.0,901.0,0.0,106.8,266.3683,3507.0,0.0,596.5,1398.3732,28234.92,53579.931,102052.0,4.0,461843.0,35487.44,78639.382,100654.0,4.0,305182.0,70873.4,70421.344,152886.0,20417.0,0,0,0,0,0.0,3507.0,0,0,0,1,0,0,0,0,0.0,271.9375,106.8,596.5,0,0,0,0,0,0,10,1148,6,3369,65535,68,5,32,0.0,0.0,0.0,0.0,0.0,0.0,0.0,0.0
65703,53,17,64.0,158.0,32.0,32.0,32.0,0.0,79.0,79.0,79.0,0.0,10289.66,17808.699,30861.0,3.0,3.0,3.0,0.0,3.0,3.0,3.0,3.0,0.0,3.0,3.0,0,0,0,0,32.0,79.0,0,0,0,0,0,0,0,0,1.0,63.5,32.0,79.0,0,0,0,0,0,0,2,64,2,158,-1,-1,1,20,0.0,0.0,0.0,0.0,0.0,0.0,0.0,0.0
443,43015,6,0.0,0.0,0.0,0.0,0.0,0.0,0.0,0.0,0.0,0.0,122.0,0.0,122.0,122.0,0.0,0.0,0.0,0.0,0.0,0.0,0.0,0.0,0.0,0.0,0,0,0,0,0.0,0.0,0,0,0,0,1,1,0,0,1.0,0.0,0.0,0.0,0,0,0,0,0,0,1,0,1,0,369,260,0,32,0.0,0.0,0.0,0.0,0.0,0.0,0.0,0.0
61426,53,17,55.0,111.0,55.0,55.0,55.0,0.0,111.0,111.0,111.0,0.0,23964.0,0.0,23964.0,23964.0,0.0,0.0,0.0,0.0,0.0,0.0,0.0,0.0,0.0,0.0,0,0,0,0,55.0,111.0,0,0,0,0,0,0,0,0,1.0,110.5,55.0,111.0,0,0,0,0,0,0,1,55,1,111,-1,-1,0,20,0.0,0.0,0.0,0.0,0.0,0.0,0.0,0.0
56516,53,17,68.0,422.0,34.0,34.0,34.0,0.0,211.0,211.0,211.0,0.0,21541.0,37204.649,64614.0,3.0,3.0,3.0,0.0,3.0,3.0,4.0,4.0,0.0,4.0,4.0,0,0,0,0,34.0,211.0,0,0,0,0,0,0,0,0,1.0,131.0,34.0,211.0,0,0,0,0,0,0,2,68,2,422,-1,-1,1,32,0.0,0.0,0.0,0.0,0.0,0.0,0.0,0.0
50634,53,17,98.0,222.0,49.0,49.0,49.0,0.0,111.0,111.0,111.0,0.0,97.66,164.74,280.0,1.0,1.0,1.0,0.0,1.0,1.0,1.0,1.0,0.0,1.0,1.0,0,0,0,0,49.0,111.0,0,0,0,0,0,0,0,0,1.0,94.25,49.0,111.0,0,0,0,0,0,0,2,98,2,222,-1,-1,1,40,0.0,0.0,0.0,0.0,0.0,0.0,0.0,0.0
56119,53,17,64.0,162.0,32.0,32.0,32.0,0.0,81.0,81.0,81.0,0.0,10274.33,17731.367,30715.0,3.0,3.0,3.0,0.0,3.0,3.0,4.0,4.0,0.0,4.0,4.0,0,0,0,0,32.0,81.0,0,0,0,0,0,0,0,0,1.0,64.5,32.0,81.0,0,0,0,0,0,0,2,64,2,162,-1,-1,1,20,0.0,0.0,0.0,0.0,0.0,0.0,0.0,0.0
55133,80,6,3154.0,33309.0,652.0,0.0,155.5824,232.2659,2920.0,0.0,1171.8556,1159.2626,1648967.77,3689525.89,9999482.0,8.0,50090172.0,2099849.6,4730438.054,10025509.0,194.0,65081249.0,3072837.01,4889973.39,10021402.0,48.0,0,0,0,0,0.0,2920.0,0,0,0,1,0,0,0,0,1.0,708.2438,155.5824,1171.8556,0,0,0,0,0,0,26,3154,28,33309,8192,63,25,20,378819.5,618977.511,1709517.0,50374.0,9950488.0,202576.33,9999489.0,9990562.0
60580,80,6,460.0,872.0,420.0,0.0,140.0,240.01,850.0,0.0,218.0,428.0094,21977.5,17017.515,35985.0,4.0,65420.0,32710.0,8073.725,35085.0,23646.0,77964.0,39464.33,52801.098,77030.0,4.0,0,0,0,0,0.0,850.0,0,0,0,1,0,0,0,0,1.0,187.2857,140.0,218.0,0,0,0,0,0,0,3,460,4,872,8192,31,2,20,0.0,0.0,0.0,0.0,0.0,0.0,0.0,0.0
6566,443,6,12.0,0.0,6.0,6.0,6.0,0.0,0.0,0.0,0.0,0.0,39790.0,0.0,39790.0,39790.0,39790.0,39790.0,0.0,39790.0,39790.0,0.0,0.0,0.0,0.0,0.0,0,0,0,0,6.0,6.0,0,0,0,0,1,0,0,0,0.0,9.0,6.0,0.0,0,0,0,0,0,0,2,12,0,0,63572,-1,1,20,0.0,0.0,0.0,0.0,0.0,0.0,0.0,0.0
45856,80,6,3322.0,3577.0,424.0,0.0,74.975,154.9578,796.0,0.0,283.5789,378.769,2840420.3,4203059.874,10211246.0,20.0,117154128.0,5350179.0,5004020.747,10240004.0,50120.0,113156191.0,7653867.75,4499523.682,10241272.0,745.0,0,0,0,0,0.0,796.0,0,0,0,1,0,0,0,0,0.0,160.0357,74.975,283.5789,0,0,0,0,0,0,26,3322,19,3577,29200,294,6,32,143063.81,656489.473,2574454.0,23409.0,10176023.0,59563.52,10211249.0,10000315.0
39590,443,6,32871.0,47124.0,2830.0,0.0,487.8462,862.9805,1261.0,2.0,663.4625,607.6582,387309.38,3751328.948,30004034.0,1.0,31763464.0,1037636.4,3902206.968,30514034.0,1.0,91656706.0,621642.59,2136886.001,30012442.0,1.0,0,0,0,0,0.0,2830.0,0,0,0,1,0,0,0,0,1.0,524.3753,487.8462,663.4625,0,0,0,0,0,0,61,32871,164,47124,29200,14020,29,20,1894395.0,1196337.389,10373133.0,50604.0,20008138.66,22812330.674,30004037.0,9951004.0
56492,53,17,64.0,120.0,32.0,32.0,32.0,0.0,60.0,60.0,60.0,0.0,63.33,23.388,93.0,48.0,49.0,49.0,0.0,49.0,49.0,48.0,48.0,0.0,48.0,48.0,0,0,0,0,32.0,60.0,0,0,0,0,0,0,0,0,1.0,54.0,32.0,60.0,0,0,0,0,0,0,2,64,2,120,-1,-1,1,40,0.0,0.0,0.0,0.0,0.0,0.0,0.0,0.0
62222,53,17,43.0,100.0,43.0,43.0,43.0,0.0,100.0,100.0,100.0,0.0,61475.0,0.0,61475.0,61475.0,0.0,0.0,0.0,0.0,0.0,0.0,0.0,0.0,0.0,0.0,0,0,0,0,43.0,100.0,0,0,0,0,0,0,0,0,1.0,93.0,43.0,100.0,0,0,0,0,0,0,1,43,1,100,-1,-1,0,20,0.0,0.0,0.0,0.0,0.0,0.0,0.0,0.0
443,49321,6,0.0,0.0,0.0,0.0,0.0,0.0,0.0,0.0,0.0,0.0,78.0,0.0,78.0,78.0,0.0,0.0,0.0,0.0,0.0,0.0,0.0,0.0,0.0,0.0,0,0,0,0,0.0,0.0,0,0,0,0,1,0,0,0,1.0,0.0,0.0,0.0,0,0,0,0,0,0,1,0,1,0,357,32832,0,32,0.0,0.0,0.0,0.0,0.0,0.0,0.0,0.0
61831,53,17,67.0,128.0,67.0,67.0,67.0,0.0,128.0,128.0,128.0,0.0,465.0,0.0,465.0,465.0,0.0,0.0,0.0,0.0,0.0,0.0,0.0,0.0,0.0,0.0,0,0,0,0,67.0,128.0,0,0,0,0,0,0,0,0,1.0,121.0,67.0,128.0,0,0,0,0,0,0,1,67,1,128,-1,-1,0,32,0.0,0.0,0.0,0.0,0.0,0.0,0.0,0.0
80,49029,6,6.0,6.0,6.0,6.0,6.0,0.0,6.0,6.0,6.0,0.0,9.0,0.0,9.0,9.0,0.0,0.0,0.0,0.0,0.0,0.0,0.0,0.0,0.0,0.0,0,0,0,0,6.0,6.0,0,0,0,0,1,1,0,0,1.0,9.0,6.0,6.0,0,0,0,0,0,0,1,6,1,6,335,255,0,20,0.0,0.0,0.0,0.0,0.0,0.0,0.0,0.0
61967,53,17,132.0,236.0,33.0,33.0,33.0,0.0,118.0,118.0,118.0,0.0,13679.6,18265.975,33011.0,3.0,35011.0,15077.66,24327.476,35011.0,3.0,4.0,4.0,0.0,4.0,4.0,0,0,0,0,33.0,118.0,0,0,0,0,0,0,0,0,0.0,61.1667,33.0,118.0,0,0,0,0,0,0,4,132,2,236,-1,-1,3,20,0.0,0.0,0.0,0.0,0.0,0.0,0.0,0.0
47102,53,17,66.0,130.0,33.0,33.0,33.0,0.0,65.0,65.0,65.0,0.0,12767.66,21057.764,38297.0,3.0,3.0,3.0,0.0,3.0,3.0,48.0,48.0,0.0,48.0,48.0,0,0,0,0,33.0,65.0,0,0,0,0,0,0,0,0,1.0,57.25,33.0,65.0,0,0,0,0,0,0,2,66,2,130,-1,-1,1,20,0.0,0.0,0.0,0.0,0.0,0.0,0.0,0.0
443,61592,6,6.0,6.0,6.0,6.0,6.0,0.0,6.0,6.0,6.0,0.0,57.0,0.0,57.0,57.0,0.0,0.0,0.0,0.0,0.0,0.0,0.0,0.0,0.0,0.0,0,0,0,0,6.0,6.0,0,0,0,0,1,1,0,0,1.0,9.0,6.0,6.0,0,0,0,0,0,0,1,6,1,6,290,254,0,20,0.0,0.0,0.0,0.0,0.0,0.0,0.0,0.0
16937,53,17,60.0,344.0,30.0,30.0,30.0,0.0,172.0,172.0,172.0,0.0,72.66,84.406,167.0,1.0,48.0,48.0,0.0,48.0,48.0,1.0,1.0,0.0,1.0,1.0,0,0,0,0,30.0,172.0,0,0,0,0,0,0,0,0,1.0,108.5,30.0,172.0,0,0,0,0,0,0,2,60,2,344,-1,-1,1,32,0.0,0.0,0.0,0.0,0.0,0.0,0.0,0.0
51471,443,6,7439.0,926549.0,373.0,0.0,12.3403,34.8113,4380.0,0.0,1732.3524,723.4972,78276.45,867965.822,9992538.0,0.0,11572276.0,51457.27,1052587.268,9992624.0,192.0,11450663.0,36558.69,280740.66,9999271.0,2.0,0,0,0,0,0.0,4380.0,0,0,0,1,0,0,0,0,3.0,1263.9563,12.3403,1732.3524,0,0,0,0,0,0,524,7439,300,426549,8192,1428,227,20,1002000.0,0.0,1002000.0,1002000.0,0.0,0.0,0.0,0.0
62588,53,17,51.0,67.0,51.0,51.0,51.0,0.0,67.0,67.0,67.0,0.0,23651.0,0.0,23651.0,23651.0,0.0,0.0,0.0,0.0,0.0,0.0,0.0,0.0,0.0,0.0,0,0,0,0,51.0,67.0,0,0,0,0,0,0,0,0,1.0,84.5,51.0,67.0,0,0,0,0,0,0,1,51,1,67,-1,-1,0,32,0.0,0.0,0.0,0.0,0.0,0.0,0.0,0.0
58602,53,17,70.0,178.0,35.0,35.0,35.0,0.0,89.0,89.0,89.0,0.0,67.33,119.673,197.0,3.0,3.0,3.0,0.0,3.0,3.0,3.0,3.0,0.0,3.0,3.0,0,0,0,0,35.0,89.0,0,0,0,0,0,0,0,0,1.0,70.75,35.0,89.0,0,0,0,0,0,0,2,70,2,178,-1,-1,1,20,0.0,0.0,0.0,0.0,0.0,0.0,0.0,0.0
443,65564,6,37.0,0.0,31.0,6.0,18.5,17.6777,0.0,0.0,0.0,0.0,43.0,0.0,43.0,43.0,43.0,43.0,0.0,43.0,43.0,0.0,0.0,0.0,0.0,0.0,1,0,0,0,6.0,31.0,0,1,0,0,1,0,0,0,0.0,34.0,18.5,0.0,0,0,0,0,0,0,2,37,0,0,30063,-1,1,20,0.0,0.0,0.0,0.0,0.0,0.0,0.0,0.0
51957,443,6,1203.0,3461.0,605.0,0.0,92.8182,174.7208,1448.0,0.0,463.9444,646.4841,17706.33,30753.5,89816.0,1.0,300827.0,26198.1,64012.075,89911.0,1.0,253948.0,36997.3,59302.75,109849.0,3.0,0,0,0,0,0.0,1448.0,0,0,0,1,0,0,0,0,0.0,224.5667,92.8182,463.9444,0,0,0,0,0,0,11,1203,9,3461,65535,71,6,32,0.0,0.0,0.0,0.0,0.0,0.0,0.0,0.0
56271,53,17,68.0,100.0,34.0,34.0,34.0,0.0,50.0,50.0,50.0,0.0,53.66,55.153,118.0,3.0,3.0,3.0,0.0,3.0,3.0,48.0,48.0,0.0,48.0,48.0,0,0,0,0,34.0,50.0,0,0,0,0,0,0,0,0,1.0,50.5,34.0,50.0,0,0,0,0,0,0,2,68,2,100,-1,-1,1,20,0.0,0.0,0.0,0.0,0.0,0.0,0.0,0.0
443,57984,6,0.0,0.0,0.0,0.0,0.0,0.0,0.0,0.0,0.0,0.0,35.0,46.266,60.0,3.0,3.0,3.0,0.0,3.0,3.0,0.0,0.0,0.0,0.0,0.0,0,0,0,0,0.0,0.0,0,0,0,0,1,1,0,0,0.0,0.0,0.0,0.0,0,0,0,0,0,0,2,0,1,0,349,32832,0,32,0.0,0.0,0.0,0.0,0.0,0.0,0.0,0.0
37347,53,17,72.0,222.0,36.0,36.0,36.0,0.0,111.0,111.0,111.0,0.0,10346.33,17914.888,31034.0,3.0,4.0,4.0,0.0,4.0,4.0,3.0,3.0,0.0,3.0,3.0,0,0,0,0,36.0,111.0,0,0,0,0,0,0,0,0,1.0,82.5,36.0,111.0,0,0,0,0,0,0,2,72,2,222,-1,-1,1,20,0.0,0.0,0.0,0.0,0.0,0.0,0.0,0.0
443,55126,6,31.0,0.0,31.0,0.0,10.3333,17.8979,0.0,0.0,0.0,0.0,888.5,1715.747,1624.0,3.0,1647.0,873.5,1645.336,1624.0,3.0,0.0,0.0,0.0,0.0,0.0,0,0,0,0,0.0,31.0,0,0,0,0,1,0,0,0,0.0,10.3333,10.3333,0.0,0,0,0,0,0,0,3,31,0,0,59,-1,1,32,0.0,0.0,0.0,0.0,0.0,0.0,0.0,0.0
55259,443,6,800.0,5240.0,448.0,0.0,52.8,117.9062,1681.0,0.0,386.0,777.1076,2308739.2,4250341.809,9999162.0,28.0,60566065.0,4687016.5,5131384.784,10080619.0,41.0,65416207.0,4671041.7,5061255.672,10080451.0,49.0,0,0,0,0,0.0,1681.0,0,0,0,1,0,0,0,0,0.0,202.8412,52.8,386.0,0,0,0,0,0,0,15,800,12,5240,8192,114,14,20,76770.16,112427.347,375595.0,50494.0,9978150.5,120766.938,9999167.0,9800646.0
42455,53,17,76.0,172.0,38.0,38.0,38.0,0.0,86.0,86.0,86.0,0.0,20023.0,34345.794,60068.0,3.0,3.0,3.0,0.0,3.0,3.0,3.0,3.0,0.0,3.0,3.0,0,0,0,0,38.0,86.0,0,0,0,0,0,0,0,0,1.0,71.5,38.0,86.0,0,0,0,0,0,0,2,76,2,172,-1,-1,1,20,0.0,0.0,0.0,0.0,0.0,0.0,0.0,0.0
60631,53,17,163.0,363.0,64.0,49.0,56.6667,4.0427,117.0,65.0,111.0,21.5613,14055916.0,25085156.287,44101496.0,23653.0,94258022.0,44229011.0,544061.035,45159428.0,44239824.0,94138258.0,44752869.5,25600491.653,45132982.0,44135348.0,0,0,0,0,49.0,117.0,0,0,0,0,0,0,0,0,1.0,100.5,56.6667,111.0,0,0,0,0,0,0,3,163,3,363,-1,-1,2,20,1332675.0,1689868.915,4466713.0,30025.0,44977118.5,23943.713,44101492.0,44696011.0
443,52266,6,37.0,0.0,31.0,6.0,18.5,17.6777,0.0,0.0,0.0,0.0,3.0,0.0,3.0,3.0,3.0,3.0,0.0,3.0,3.0,0.0,0.0,0.0,0.0,0.0,1,0,0,0,6.0,31.0,0,1,0,0,1,0,0,0,0.0,34.0,18.5,0.0,0,0,0,0,0,0,2,37,0,0,110,-1,1,20,0.0,0.0,0.0,0.0,0.0,0.0,0.0,0.0
443,58655,6,37.0,0.0,37.0,0.0,18.5,26.163,0.0,0.0,0.0,0.0,3.0,0.0,3.0,3.0,3.0,3.0,0.0,3.0,3.0,0.0,0.0,0.0,0.0,0.0,1,0,0,0,0.0,37.0,0,1,0,0,1,0,0,0,0.0,37.0,18.5,0.0,0,0,0,0,0,0,2,37,0,0,972,-1,0,32,0.0,0.0,0.0,0.0,0.0,0.0,0.0,0.0
56566,443,6,1553.0,6155.0,944.0,0.0,97.3478,234.1013,1448.0,0.0,594.6111,625.4395,6425.32,13370.483,32110.0,2.0,112470.0,17987.68,11090.047,36840.0,3.0,191556.0,12774.76,26861.588,65661.0,2.0,0,0,0,0,0.0,1448.0,0,0,0,1,0,0,0,0,0.0,288.4042,97.3478,594.6111,0,0,0,0,0,0,19,1553,13,6155,65535,79,6,32,0.0,0.0,0.0,0.0,0.0,0.0,0.0,0.0
56042,443,6,12.0,0.0,6.0,6.0,6.0,0.0,0.0,0.0,0.0,0.0,4.0,0.0,4.0,4.0,4.0,4.0,0.0,4.0,4.0,0.0,0.0,0.0,0.0,0.0,0,0,0,0,6.0,6.0,1,0,0,0,0,0,0,0,0.0,9.0,6.0,0.0,0,0,0,0,0,0,2,12,0,0,0,-1,1,20,0.0,0.0,0.0,0.0,0.0,0.0,0.0,0.0
52117,53,17,94.0,196.0,47.0,47.0,47.0,0.0,98.0,98.0,98.0,0.0,57.33,99.594,170.0,3.0,3.0,3.0,0.0,3.0,3.0,4.0,4.0,0.0,4.0,4.0,0,0,0,0,47.0,98.0,0,0,0,0,0,0,0,0,1.0,84.25,47.0,98.0,0,0,0,0,0,0,2,94,2,196,-1,-1,1,20,0.0,0.0,0.0,0.0,0.0,0.0,0.0,0.0
6879,443,6,1016.0,4832.0,569.0,0.0,157.8571,226.5629,1821.0,0.0,544.3333,772.6556,72144.63,133149.762,445855.0,4.0,719911.0,134986.16,259464.0,415853.0,216.0,436423.0,87235.12,194942.199,595436.0,4.0,0,0,0,0,0.0,1821.0,0,0,0,1,0,0,0,0,1.0,383.3769,157.8571,544.3333,0,0,0,0,0,0,7,1016,9,4832,8192,31,6,20,0.0,0.0,0.0,0.0,0.0,0.0,0.0,0.0
443,64350,6,0.0,18.0,0.0,0.0,0.0,0.0,6.0,6.0,6.0,0.0,29.66,23.368,49.0,1.0,0.0,0.0,0.0,0.0,0.0,4.0,2.0,1.414,3.0,1.0,0,0,0,0,0.0,6.0,0,0,0,0,1,0,0,0,3.0,4.5,0.0,6.0,0,0,0,0,0,0,1,0,3,18,1120,0,0,32,0.0,0.0,0.0,0.0,0.0,0.0,0.0,0.0
59559,443,6,135.0,46.0,46.0,6.0,27.0,20.1246,46.0,46.0,46.0,0.0,1027617.0,2211107.041,4840671.0,3.0,5145646.0,1286466.0,2355327.225,4840671.0,4.0,0.0,0.0,0.0,0.0,0.0,1,0,0,0,6.0,46.0,0,1,0,0,1,0,0,0,0.0,37.8333,27.0,46.0,0,0,0,0,0,0,5,135,1,46,254,360,4,20,0.0,0.0,0.0,0.0,0.0,0.0,0.0,0.0
60950,53,17,46.0,74.0,46.0,46.0,46.0,0.0,74.0,74.0,74.0,0.0,30626.0,0.0,30626.0,30626.0,0.0,0.0,0.0,0.0,0.0,0.0,0.0,0.0,0.0,0.0,0,0,0,0,46.0,74.0,0,0,0,0,0,0,0,0,1.0,83.0,46.0,74.0,0,0,0,0,0,0,1,46,1,74,-1,-1,0,20,0.0,0.0,0.0,0.0,0.0,0.0,0.0,0.0
46668,443,6,2564.0,10633.0,612.0,0.0,193.1667,315.8129,8250.0,0.0,583.9167,826.1834,3329842.7,10866567.967,45001106.0,4.0,90944186.0,6289262.9,14455926.42,45058421.0,95.0,90845697.0,7967189.29,14686166.105,45054976.0,4.0,0,0,0,0,0.0,5250.0,0,0,0,1,0,0,0,0,1.0,445.1953,193.1667,583.9167,0,0,0,0,0,0,15,2564,12,10633,8192,168,14,20,555769.0,1070915.02,529350.0,30775.0,42384574.0,164220.414,45001108.0,44927539.0
52294,443,6,934.0,7419.0,469.0,0.0,64.9333,134.266,1581.0,0.0,674.4545,743.4742,15851.25,27299.842,92705.0,1.0,473403.0,25019.07,30240.665,94333.0,1.0,323092.0,34652.8,57093.635,124552.0,2.0,0,0,0,0,0.0,1581.0,0,0,0,1,0,0,0,0,0.0,322.8077,64.9333,674.4545,0,0,0,0,0,0,15,934,11,7419,65535,357,6,32,0.0,0.0,0.0,0.0,0.0,0.0,0.0,0.0
52270,53,17,82.0,254.0,41.0,41.0,41.0,0.0,127.0,127.0,127.0,0.0,68.0,113.923,198.0,3.0,3.0,3.0,0.0,3.0,3.0,3.0,3.0,0.0,3.0,3.0,0,0,0,0,41.0,127.0,0,0,0,0,0,0,0,0,1.0,94.25,41.0,127.0,0,0,0,0,0,0,2,82,2,254,-1,-1,1,20,0.0,0.0,0.0,0.0,0.0,0.0,0.0,0.0
59023,53,17,72.0,146.0,36.0,36.0,36.0,0.0,73.0,73.0,73.0,0.0,60.66,91.908,176.0,3.0,3.0,3.0,0.0,3.0,3.0,3.0,3.0,0.0,3.0,3.0,0,0,0,0,36.0,73.0,0,0,0,0,0,0,0,0,1.0,63.5,36.0,73.0,0,0,0,0,0,0,2,72,2,146,-1,-1,1,20,0.0,0.0,0.0,0.0,0.0,0.0,0.0,0.0
51980,443,6,1310.0,9965.0,606.0,0.0,74.5556,177.3495,1430.0,0.0,458.1818,568.2091,1975024.89,10969650.919,58569506.0,1.0,98205089.0,3377786.12,15885783.708,58549707.0,217.0,98308420.0,4675535.0,13070214.253,58624172.0,1.0,0,0,0,0,0.0,1430.0,0,0,0,1,0,0,0,0,1.0,273.5631,74.5556,458.1818,0,0,0,0,0,0,18,1310,21,9965,8192,360,17,20,311362.5,434447.461,598174.0,136648.0,44480693.0,37131244.562,58569500.0,27950787.0
443,64357,6,0.0,0.0,0.0,0.0,0.0,0.0,0.0,0.0,0.0,0.0,46.0,0.0,46.0,46.0,0.0,0.0,0.0,0.0,0.0,0.0,0.0,0.0,0.0,0.0,0,0,0,0,0.0,0.0,0,0,0,0,1,0,0,0,1.0,0.0,0.0,0.0,0,0,0,0,0,0,1,0,1,0,118,33304,0,32,0.0,0.0,0.0,0.0,0.0,0.0,0.0,0.0
80,49978,6,0.0,0.0,0.0,0.0,0.0,0.0,0.0,0.0,0.0,0.0,3.0,0.0,3.0,3.0,3.0,3.0,0.0,3.0,3.0,0.0,0.0,0.0,0.0,0.0,0,0,0,0,0.0,0.0,0,0,0,0,1,0,0,0,0.0,0.0,0.0,0.0,0,0,0,0,0,0,2,0,0,0,6304,-1,0,32,0.0,0.0,0.0,0.0,0.0,0.0,0.0,0.0
443,55556,6,37.0,0.0,37.0,0.0,18.5,26.163,0.0,0.0,0.0,0.0,3.0,0.0,3.0,3.0,3.0,3.0,0.0,3.0,3.0,0.0,0.0,0.0,0.0,0.0,1,0,0,0,0.0,37.0,0,1,0,0,1,0,0,0,0.0,37.0,18.5,0.0,0,0,0,0,0,0,2,37,0,0,116,-1,0,32,0.0,0.0,0.0,0.0,0.0,0.0,0.0,0.0
52665,443,6,793.0,6383.0,464.0,0.0,39.0375,110.2501,1873.0,0.0,332.1667,675.1587,2969265.04,4412824.118,10008322.0,38.0,115404703.0,5787610.58,4985288.992,10031464.0,63.0,110409958.0,6415539.49,4945914.75,10032775.0,179.0,0,0,0,0,0.0,1873.0,0,0,0,1,0,0,0,0,0.0,168.3,39.0375,332.1667,0,0,0,0,0,0,22,793,18,6383,8192,123,21,20,34646.0,34430.474,113578.0,29499.0,10009723.36,8571.71,10008328.0,9999785.0
61968,53,17,43.0,116.0,43.0,43.0,43.0,0.0,116.0,116.0,116.0,0.0,80521.0,0.0,80521.0,80521.0,0.0,0.0,0.0,0.0,0.0,0.0,0.0,0.0,0.0,0.0,0,0,0,0,43.0,116.0,0,0,0,0,0,0,0,0,1.0,91.0,43.0,116.0,0,0,0,0,0,0,1,43,1,116,-1,-1,0,32,0.0,0.0,0.0,0.0,0.0,0.0,0.0,0.0
62296,53,17,44.0,154.0,44.0,44.0,44.0,0.0,154.0,154.0,154.0,0.0,60508.0,0.0,60508.0,60508.0,0.0,0.0,0.0,0.0,0.0,0.0,0.0,0.0,0.0,0.0,0,0,0,0,44.0,154.0,0,0,0,0,0,0,0,0,1.0,121.0,44.0,154.0,0,0,0,0,0,0,1,44,1,154,-1,-1,0,20,0.0,0.0,0.0,0.0,0.0,0.0,0.0,0.0
443,58087,6,0.0,0.0,0.0,0.0,0.0,0.0,0.0,0.0,0.0,0.0,83.0,0.0,83.0,83.0,0.0,0.0,0.0,0.0,0.0,0.0,0.0,0.0,0.0,0.0,0,0,0,0,0.0,0.0,0,0,0,0,1,1,0,0,1.0,0.0,0.0,0.0,0,0,0,0,0,0,1,0,1,0,137,33304,0,32,0.0,0.0,0.0,0.0,0.0,0.0,0.0,0.0
50922,443,6,713.0,479.0,469.0,0.0,71.3,147.2874,341.0,0.0,95.8,149.5299,5909.5,9440.804,23417.0,3.0,91212.0,9079.55,10649.825,27878.0,3.0,27638.0,12722.0,12791.789,24089.0,378.0,0,0,0,0,0.0,469.0,0,0,0,1,0,0,0,0,0.0,79.4667,71.3,95.8,0,0,0,0,0,0,10,713,5,479,65535,972,5,32,0.0,0.0,0.0,0.0,0.0,0.0,0.0,0.0
443,55732,6,0.0,0.0,0.0,0.0,0.0,0.0,0.0,0.0,0.0,0.0,65.0,0.0,65.0,65.0,0.0,0.0,0.0,0.0,0.0,0.0,0.0,0.0,0.0,0.0,0,0,0,0,0.0,0.0,0,0,0,0,1,1,0,0,1.0,0.0,0.0,0.0,0,0,0,0,0,0,1,0,1,0,383,32832,0,32,0.0,0.0,0.0,0.0,0.0,0.0,0.0,0.0
61994,53,17,72.0,186.0,36.0,36.0,36.0,0.0,93.0,93.0,93.0,0.0,10290.33,17829.841,30825.0,2.0,48.0,48.0,0.0,48.0,48.0,2.0,2.0,0.0,2.0,2.0,0,0,0,0,36.0,93.0,0,0,0,0,0,0,0,0,1.0,73.5,36.0,93.0,0,0,0,0,0,0,2,72,2,186,-1,-1,1,32,0.0,0.0,0.0,0.0,0.0,0.0,0.0,0.0
34775,443,6,657.0,166.0,517.0,0.0,88.1429,189.989,166.0,0.0,53.2,84.3761,556582.7,1717848.163,5402441.0,4.0,5592106.0,984283.0,2271265.821,5543721.0,4.0,98287.0,39697.33,35706.146,70814.0,20217.0,0,0,0,0,0.0,517.0,0,0,0,1,0,0,0,0,0.0,73.0,88.1429,53.2,0,0,0,0,0,0,7,657,4,166,29200,39,6,32,99302.0,0.0,99302.0,99302.0,5402418.0,0.0,5402448.0,5402418.0
52193,443,6,635.0,157.0,517.0,0.0,90.7143,190.7072,157.0,0.0,39.25,78.5,506158.2,1557596.668,4949757.0,3.0,5045386.0,841559.33,2035508.533,5000414.0,3.0,96926.0,32348.66,31974.614,60264.0,881.0,0,0,0,0,0.0,517.0,0,0,0,1,0,0,0,0,0.0,72.0,90.7143,39.25,0,0,0,0,0,0,7,635,4,157,29200,118,3,32,0.0,0.0,0.0,0.0,0.0,0.0,0.0,0.0
443,63957,6,0.0,0.0,0.0,0.0,0.0,0.0,0.0,0.0,0.0,0.0,18295.0,25473.141,34535.0,52.0,34599.0,34599.0,0.0,34599.0,34599.0,0.0,0.0,0.0,0.0,0.0,0,0,0,0,0.0,0.0,0,0,0,0,1,0,0,0,0.0,0.0,0.0,0.0,0,0,0,0,0,0,2,0,1,0,257,32832,0,32,0.0,0.0,0.0,0.0,0.0,0.0,0.0,0.0
443,62584,6,37.0,0.0,37.0,0.0,18.5,26.163,0.0,0.0,0.0,0.0,1.0,0.0,1.0,1.0,1.0,1.0,0.0,1.0,1.0,0.0,0.0,0.0,0.0,0.0,1,0,0,0,0.0,37.0,0,1,0,0,1,0,0,0,0.0,37.0,18.5,0.0,0,0,0,0,0,0,2,37,0,0,61,-1,0,32,0.0,0.0,0.0,0.0,0.0,0.0,0.0,0.0
80,55437,6,0.0,0.0,0.0,0.0,0.0,0.0,0.0,0.0,0.0,0.0,33.0,0.0,33.0,33.0,0.0,0.0,0.0,0.0,0.0,0.0,0.0,0.0,0.0,0.0,0,0,0,0,0.0,0.0,0,0,0,0,1,1,0,0,1.0,0.0,0.0,0.0,0,0,0,0,0,0,1,0,1,0,975,296,0,32,0.0,0.0,0.0,0.0,0.0,0.0,0.0,0.0
53920,53,17,88.0,204.0,44.0,44.0,44.0,0.0,102.0,102.0,102.0,0.0,56.33,99.004,163.0,3.0,3.0,3.0,0.0,3.0,3.0,3.0,3.0,0.0,3.0,3.0,0,0,0,0,44.0,102.0,0,0,0,0,0,0,0,0,1.0,84.0,44.0,102.0,0,0,0,0,0,0,2,88,2,204,-1,-1,1,32,0.0,0.0,0.0,0.0,0.0,0.0,0.0,0.0
61939,53,17,65.0,136.0,65.0,65.0,65.0,0.0,136.0,136.0,136.0,0.0,110532.0,0.0,110532.0,110532.0,0.0,0.0,0.0,0.0,0.0,0.0,0.0,0.0,0.0,0.0,0,0,0,0,65.0,136.0,0,0,0,0,0,0,0,0,1.0,123.0,65.0,136.0,0,0,0,0,0,0,1,65,1,136,-1,-1,0,32,0.0,0.0,0.0,0.0,0.0,0.0,0.0,0.0
62315,53,17,51.0,112.0,51.0,51.0,51.0,0.0,112.0,112.0,112.0,0.0,588.0,0.0,588.0,588.0,0.0,0.0,0.0,0.0,0.0,0.0,0.0,0.0,0.0,0.0,0,0,0,0,51.0,112.0,0,0,0,0,0,0,0,0,1.0,107.0,51.0,112.0,0,0,0,0,0,0,1,51,1,112,-1,-1,0,32,0.0,0.0,0.0,0.0,0.0,0.0,0.0,0.0
17770,53,17,76.0,122.0,38.0,38.0,38.0,0.0,61.0,61.0,61.0,0.0,10393.0,17988.492,31174.0,3.0,3.0,3.0,0.0,3.0,3.0,3.0,3.0,0.0,3.0,3.0,0,0,0,0,38.0,61.0,0,0,0,0,0,0,0,0,1.0,59.0,38.0,61.0,0,0,0,0,0,0,2,76,2,122,-1,-1,1,20,0.0,0.0,0.0,0.0,0.0,0.0,0.0,0.0
443,63147,6,0.0,18.0,0.0,0.0,0.0,0.0,6.0,6.0,6.0,0.0,43376.25,86364.405,184632.0,1.0,184601.0,184601.0,0.0,184601.0,184601.0,4.0,2.0,1.414,3.0,1.0,0,0,0,0,0.0,6.0,0,0,0,0,1,0,0,0,1.0,3.6,0.0,6.0,0,0,0,0,0,0,2,0,3,18,61,0,0,32,0.0,0.0,0.0,0.0,0.0,0.0,0.0,0.0
443,57563,6,0.0,18.0,0.0,0.0,0.0,0.0,6.0,6.0,6.0,0.0,27.0,48.284,81.0,1.0,0.0,0.0,0.0,0.0,0.0,4.0,2.0,1.414,3.0,1.0,0,0,0,0,0.0,6.0,0,0,0,0,1,0,0,0,3.0,4.5,0.0,6.0,0,0,0,0,0,0,1,0,3,18,972,0,0,32,0.0,0.0,0.0,0.0,0.0,0.0,0.0,0.0
62446,53,17,39.0,105.0,39.0,39.0,39.0,0.0,105.0,105.0,105.0,0.0,30773.0,0.0,30773.0,30773.0,0.0,0.0,0.0,0.0,0.0,0.0,0.0,0.0,0.0,0.0,0,0,0,0,39.0,105.0,0,0,0,0,0,0,0,0,1.0,91.5,39.0,105.0,0,0,0,0,0,0,1,39,1,105,-1,-1,0,32,0.0,0.0,0.0,0.0,0.0,0.0,0.0,0.0
80,52034,6,6.0,6.0,6.0,6.0,6.0,0.0,6.0,6.0,6.0,0.0,29.0,0.0,29.0,29.0,0.0,0.0,0.0,0.0,0.0,0.0,0.0,0.0,0.0,0.0,0,0,0,0,6.0,6.0,0,0,0,0,1,1,0,0,1.0,9.0,6.0,6.0,0,0,0,0,0,0,1,6,1,6,343,258,0,20,0.0,0.0,0.0,0.0,0.0,0.0,0.0,0.0
443,56686,6,0.0,18.0,0.0,0.0,0.0,0.0,6.0,6.0,6.0,0.0,23.66,31.402,64.0,1.0,0.0,0.0,0.0,0.0,0.0,4.0,2.0,1.414,3.0,1.0,0,0,0,0,0.0,6.0,0,0,0,0,1,0,0,0,3.0,4.5,0.0,6.0,0,0,0,0,0,0,1,0,3,18,972,0,0,32,0.0,0.0,0.0,0.0,0.0,0.0,0.0,0.0
51935,443,6,915.0,4819.0,540.0,0.0,116.9091,173.017,1460.0,0.0,442.8182,610.7526,246880.78,989605.913,3816738.0,48.0,4727174.0,687699.25,1200732.061,3816738.0,126.0,508326.0,54579.75,69277.101,252527.0,248.0,0,0,0,0,0.0,1460.0,0,0,0,1,0,0,0,0,1.0,312.9333,116.9091,442.8182,0,0,0,0,0,0,9,915,9,4819,8192,133,8,20,0.0,0.0,0.0,0.0,0.0,0.0,0.0,0.0
443,62043,6,37.0,0.0,37.0,0.0,18.5,26.163,0.0,0.0,0.0,0.0,4.0,0.0,4.0,4.0,4.0,4.0,0.0,4.0,4.0,0.0,0.0,0.0,0.0,0.0,1,0,0,0,0.0,37.0,0,1,0,0,1,0,0,0,0.0,37.0,18.5,0.0,0,0,0,0,0,0,2,37,0,0,1120,-1,0,32,0.0,0.0,0.0,0.0,0.0,0.0,0.0,0.0
62178,53,17,88.0,188.0,44.0,44.0,44.0,0.0,94.0,94.0,94.0,0.0,78.66,97.357,184.0,2.0,48.0,48.0,0.0,48.0,48.0,2.0,2.0,0.0,2.0,2.0,0,0,0,0,44.0,94.0,0,0,0,0,0,0,0,0,1.0,80.0,44.0,94.0,0,0,0,0,0,0,2,88,2,188,-1,-1,1,20,0.0,0.0,0.0,0.0,0.0,0.0,0.0,0.0
53168,53,17,88.0,214.0,44.0,44.0,44.0,0.0,107.0,107.0,107.0,0.0,10266.33,17780.981,30891.0,4.0,4.0,4.0,0.0,4.0,4.0,4.0,4.0,0.0,4.0,4.0,0,0,0,0,44.0,107.0,0,0,0,0,0,0,0,0,1.0,86.5,44.0,107.0,0,0,0,0,0,0,2,88,2,214,-1,-1,1,20,0.0,0.0,0.0,0.0,0.0,0.0,0.0,0.0
62236,53,17,61.0,121.0,61.0,61.0,61.0,0.0,121.0,121.0,121.0,0.0,540.0,0.0,540.0,540.0,0.0,0.0,0.0,0.0,0.0,0.0,0.0,0.0,0.0,0.0,0,0,0,0,61.0,121.0,0,0,0,0,0,0,0,0,1.0,121.5,61.0,121.0,0,0,0,0,0,0,1,61,1,121,-1,-1,0,32,0.0,0.0,0.0,0.0,0.0,0.0,0.0,0.0
65461,443,6,12.0,0.0,6.0,6.0,6.0,0.0,0.0,0.0,0.0,0.0,37785.0,0.0,37785.0,37785.0,37785.0,37785.0,0.0,37785.0,37785.0,0.0,0.0,0.0,0.0,0.0,0,0,0,0,6.0,6.0,0,0,0,0,1,0,0,0,0.0,9.0,6.0,0.0,0,0,0,0,0,0,2,12,0,0,63947,-1,1,20,0.0,0.0,0.0,0.0,0.0,0.0,0.0,0.0
443,52964,6,37.0,0.0,31.0,6.0,18.5,17.6777,0.0,0.0,0.0,0.0,3.0,0.0,3.0,3.0,3.0,3.0,0.0,3.0,3.0,0.0,0.0,0.0,0.0,0.0,1,0,0,0,6.0,31.0,0,1,0,0,1,0,0,0,0.0,34.0,18.5,0.0,0,0,0,0,0,0,2,37,0,0,110,-1,1,20,0.0,0.0,0.0,0.0,0.0,0.0,0.0,0.0
56848,53,17,68.0,100.0,34.0,34.0,34.0,0.0,50.0,50.0,50.0,0.0,47.33,77.685,136.0,3.0,3.0,3.0,0.0,3.0,3.0,3.0,3.0,0.0,3.0,3.0,0,0,0,0,34.0,50.0,0,0,0,0,0,0,0,0,1.0,50.5,34.0,50.0,0,0,0,0,0,0,2,68,2,100,-1,-1,1,20,0.0,0.0,0.0,0.0,0.0,0.0,0.0,0.0
61853,53,17,64.0,194.0,32.0,32.0,32.0,0.0,97.0,97.0,97.0,0.0,57.33,94.483,165.0,3.0,4.0,4.0,0.0,4.0,4.0,3.0,3.0,0.0,3.0,3.0,0,0,0,0,32.0,97.0,0,0,0,0,0,0,0,0,1.0,72.5,32.0,97.0,0,0,0,0,0,0,2,64,2,194,-1,-1,1,32,0.0,0.0,0.0,0.0,0.0,0.0,0.0,0.0
54079,443,6,74.0,0.0,37.0,37.0,37.0,0.0,0.0,0.0,0.0,0.0,64060660.0,0.0,64060660.0,64060660.0,64060660.0,64060660.0,0.0,64060660.0,64060660.0,0.0,0.0,0.0,0.0,0.0,1,0,0,0,37.0,37.0,0,1,0,0,1,1,0,0,0.0,55.5,37.0,0.0,0,0,0,0,0,0,2,74,0,0,33304,-1,1,32,0.0,0.0,0.0,0.0,0.0,0.0,0.0,0.0
443,64427,6,37.0,0.0,37.0,0.0,18.5,26.163,0.0,0.0,0.0,0.0,1.0,0.0,1.0,1.0,1.0,1.0,0.0,1.0,1.0,0.0,0.0,0.0,0.0,0.0,1,0,0,0,0.0,37.0,0,1,0,0,1,0,0,0,0.0,37.0,18.5,0.0,0,0,0,0,0,0,2,37,0,0,114,-1,0,32,0.0,0.0,0.0,0.0,0.0,0.0,0.0,0.0
60954,443,6,2993.0,3495.0,1428.0,0.0,309.625,606.3116,1348.0,0.0,599.8333,663.0095,758262.27,2545369.27,9999414.0,4.0,86320.0,8034.0,19983.251,28248.0,279.0,10053159.0,1258791.87,3508656.524,9999242.0,4.0,0,0,0,0,0.0,1448.0,0,0,0,1,0,0,0,0,1.0,413.2056,309.625,599.8333,0,0,0,0,0,0,8,2993,12,3495,65535,1135,3,32,194433.0,0.0,194433.0,194433.0,9999459.0,0.0,9999459.0,9999459.0
34350,443,6,8669.0,1320.0,4245.0,0.0,619.1111,1199.2959,743.0,0.0,184.7143,344.83,7538.05,16600.688,40985.0,4.0,145917.0,14620.7,12935.914,47975.0,4.0,114444.0,10879.12,17284.778,40006.0,4.0,0,0,0,0,0.0,4245.0,0,0,0,1,0,0,0,0,0.0,470.0667,619.1111,184.7143,0,0,0,0,0,0,11,8669,9,1320,29200,155,4,32,0.0,0.0,0.0,0.0,0.0,0.0,0.0,0.0
61415,53,17,52.0,116.0,52.0,52.0,52.0,0.0,116.0,116.0,116.0,0.0,23371.0,0.0,23371.0,23371.0,0.0,0.0,0.0,0.0,0.0,0.0,0.0,0.0,0.0,0.0,0,0,0,0,52.0,116.0,0,0,0,0,0,0,0,0,1.0,110.0,52.0,116.0,0,0,0,0,0,0,1,52,1,116,-1,-1,0,32,0.0,0.0,0.0,0.0,0.0,0.0,0.0,0.0
52155,80,6,12.0,0.0,6.0,6.0,6.0,0.0,0.0,0.0,0.0,0.0,98.0,0.0,98.0,98.0,98.0,98.0,0.0,98.0,98.0,0.0,0.0,0.0,0.0,0.0,0,0,0,0,6.0,6.0,0,0,0,0,1,0,0,0,0.0,9.0,6.0,0.0,0,0,0,0,0,0,2,12,0,0,16425,-1,1,20,0.0,0.0,0.0,0.0,0.0,0.0,0.0,0.0
49876,80,6,432.0,2202.0,426.0,0.0,144.0,244.2376,2202.0,2.0,572.0,1130.0,19772.66,14491.04,29141.0,5.0,39259.0,19629.5,20563.711,29331.0,2205.0,31275.0,11025.33,16544.104,30502.0,5.0,0,0,0,0,0.0,2202.0,0,0,0,1,0,0,0,0,1.0,387.5714,144.0,572.0,0,0,0,0,0,0,3,432,4,2202,8192,16380,2,20,0.0,0.0,0.0,0.0,0.0,0.0,0.0,0.0
51583,443,6,2847.0,5903.0,468.0,0.0,110.875,158.1949,1460.0,0.0,335.1538,447.608,1848455.61,3782717.779,10005692.0,20.0,69612018.0,3912009.04,4832042.742,10077941.0,4244.0,61437582.0,4083807.8,4930187.169,10050321.0,47.0,0,0,0,0,0.0,1460.0,0,0,0,1,0,0,0,0,0.0,216.2693,110.875,335.1538,0,0,0,0,0,0,24,2847,19,5903,8192,5136,23,20,331230.83,1604475.417,3202369.0,50708.0,9999213.66,6820.077,10005699.0,9959612.0
59385,389,6,5172.0,154.0,1693.0,0.0,291.75,612.5543,77.0,77.0,77.0,0.0,3011338.16,19591831.402,101611531.0,2.0,111865046.0,5625309.88,25794400.647,101611531.0,2.0,111038158.0,9539014.8,674803.725,101002567.0,3.0,1,0,0,0,0.0,1693.0,0,1,0,0,1,0,0,0,0.0,190.7222,291.75,77.0,0,0,0,0,0,0,20,5172,12,154,295,2000,19,32,365.0,0.0,365.0,365.0,101611577.0,0.0,101611537.0,101611577.0
52999,80,6,439.0,858.0,439.0,0.0,146.3333,253.4568,858.0,0.0,214.5,429.0,7954.0,11658.955,23480.0,4.0,23819.0,11909.5,16245.15,23530.0,224.0,23195.0,7035.66,13427.684,23815.0,4.0,0,0,0,0,0.0,858.0,0,0,0,1,0,0,0,0,1.0,185.4286,146.3333,214.5,0,0,0,0,0,0,3,439,4,858,29200,31,1,32,0.0,0.0,0.0,0.0,0.0,0.0,0.0,0.0
61105,53,17,50.0,66.0,50.0,50.0,50.0,0.0,66.0,66.0,66.0,0.0,30488.0,0.0,30488.0,30488.0,0.0,0.0,0.0,0.0,0.0,0.0,0.0,0.0,0.0,0.0,0,0,0,0,50.0,66.0,0,0,0,0,0,0,0,0,1.0,83.0,50.0,66.0,0,0,0,0,0,0,1,50,1,66,-1,-1,0,32,0.0,0.0,0.0,0.0,0.0,0.0,0.0,0.0
51859,443,6,12.0,0.0,6.0,6.0,6.0,0.0,0.0,0.0,0.0,0.0,74.0,0.0,74.0,74.0,74.0,74.0,0.0,74.0,74.0,0.0,0.0,0.0,0.0,0.0,0,0,0,0,6.0,6.0,0,0,0,0,1,0,0,0,0.0,9.0,6.0,0.0,0,0,0,0,0,0,2,12,0,0,255,-1,1,20,0.0,0.0,0.0,0.0,0.0,0.0,0.0,0.0
59089,443,6,323.0,4476.0,196.0,0.0,52.1429,74.3185,1460.0,0.0,736.3333,775.931,628120.81,1709879.097,5429908.0,49.0,5563912.0,837322.33,2030504.972,5429908.0,168.0,104811.0,22225.2,23536.398,53714.0,49.0,0,0,0,0,0.0,1460.0,0,0,0,1,0,0,0,0,0.0,366.7333,52.1429,736.3333,0,0,0,0,0,0,7,323,6,4476,8192,31,6,20,261012.0,0.0,261012.0,261012.0,5429908.0,0.0,5429908.0,5429908.0
58527,80,6,12.0,0.0,6.0,6.0,6.0,0.0,0.0,0.0,0.0,0.0,119.0,0.0,119.0,119.0,119.0,119.0,0.0,119.0,119.0,0.0,0.0,0.0,0.0,0.0,0,0,0,0,6.0,6.0,0,0,0,0,1,0,0,0,0.0,9.0,6.0,0.0,0,0,0,0,0,0,2,12,0,0,16325,-1,1,20,0.0,0.0,0.0,0.0,0.0,0.0,0.0,0.0
8804,53,17,78.0,152.0,39.0,39.0,39.0,0.0,76.0,76.0,76.0,0.0,91450.0,199975.514,294344.0,2.0,49.0,49.0,0.0,49.0,49.0,2.0,2.0,0.0,2.0,2.0,0,0,0,0,39.0,76.0,0,0,0,0,0,0,0,0,1.0,67.25,39.0,76.0,0,0,0,0,0,0,2,78,2,152,-1,-1,1,32,0.0,0.0,0.0,0.0,0.0,0.0,0.0,0.0
39259,80,6,0.0,0.0,0.0,0.0,0.0,0.0,0.0,0.0,0.0,0.0,1862394.66,3175621.063,5524526.0,53.0,5537593.0,2768796.5,3868689.836,5524526.0,24335.0,0.0,0.0,0.0,0.0,0.0,0,0,0,0,0.0,0.0,0,0,0,1,0,0,0,0,0.0,0.0,0.0,0.0,0,0,0,0,0,0,3,0,1,0,29200,65535,0,32,0.0,0.0,0.0,0.0,0.0,0.0,0.0,0.0
43988,443,6,909.0,997.0,697.0,0.0,87.9,196.7648,757.0,0.0,99.6364,267.752,2627189.0,4438415.302,10226538.0,58.0,60896104.0,4952813.0,5280042.381,10270019.0,191.0,60613723.0,6095310.9,5140342.66,10272061.0,369.0,0,0,0,0,0.0,797.0,0,0,0,1,0,0,0,0,0.0,89.0,87.9,99.6364,0,0,0,0,0,0,10,909,11,997,29200,124,3,32,88510.0,95467.15,251794.0,50470.0,10024951.66,303953.827,10226530.0,9629000.0
80,51703,6,6.0,6.0,6.0,6.0,6.0,0.0,6.0,6.0,6.0,0.0,33.0,0.0,33.0,33.0,0.0,0.0,0.0,0.0,0.0,0.0,0.0,0.0,0.0,0.0,0,0,0,0,6.0,6.0,0,0,0,0,1,1,0,0,1.0,9.0,6.0,6.0,0,0,0,0,0,0,1,6,1,6,343,258,0,20,0.0,0.0,0.0,0.0,0.0,0.0,0.0,0.0
37955,53,17,62.0,368.0,31.0,31.0,31.0,0.0,184.0,184.0,184.0,0.0,30424.33,52739.868,91261.0,3.0,48.0,48.0,0.0,48.0,48.0,3.0,3.0,0.0,3.0,3.0,0,0,0,0,31.0,184.0,0,0,0,0,0,0,0,0,1.0,115.25,31.0,184.0,0,0,0,0,0,0,2,62,2,368,-1,-1,1,32,0.0,0.0,0.0,0.0,0.0,0.0,0.0,0.0
59606,53,17,78.0,110.0,39.0,39.0,39.0,0.0,55.0,55.0,55.0,0.0,10288.33,17884.642,30868.0,3.0,3.0,3.0,0.0,3.0,3.0,4.0,4.0,0.0,4.0,4.0,0,0,0,0,39.0,55.0,0,0,0,0,0,0,0,0,1.0,56.75,39.0,55.0,0,0,0,0,0,0,2,78,2,110,-1,-1,1,20,0.0,0.0,0.0,0.0,0.0,0.0,0.0,0.0
443,64464,6,37.0,0.0,37.0,0.0,18.5,26.163,0.0,0.0,0.0,0.0,3.0,0.0,3.0,3.0,3.0,3.0,0.0,3.0,3.0,0.0,0.0,0.0,0.0,0.0,1,0,0,0,0.0,37.0,0,1,0,0,1,0,0,0,0.0,37.0,18.5,0.0,0,0,0,0,0,0,2,37,0,0,61,-1,0,32,0.0,0.0,0.0,0.0,0.0,0.0,0.0,0.0
443,64221,6,37.0,0.0,37.0,0.0,18.5,26.163,0.0,0.0,0.0,0.0,3.0,0.0,3.0,3.0,3.0,3.0,0.0,3.0,3.0,0.0,0.0,0.0,0.0,0.0,1,0,0,0,0.0,37.0,0,1,0,0,1,0,0,0,0.0,37.0,18.5,0.0,0,0,0,0,0,0,2,37,0,0,116,-1,0,32,0.0,0.0,0.0,0.0,0.0,0.0,0.0,0.0
51669,443,6,1613.0,10884.0,432.0,0.0,73.6522,122.7119,2896.0,0.0,659.6667,954.2974,1510145.84,3584430.121,10029940.0,2.0,65976695.0,3341399.95,4835665.969,10111923.0,134.0,65380691.0,2526023.36,4946319.814,10112327.0,1.0,0,0,0,0,0.0,2896.0,0,0,0,1,0,0,0,0,1.0,372.7471,73.6522,659.6667,0,0,0,0,0,0,19,1613,22,10884,29200,139,5,32,548712.0,1198269.243,1300267.0,50667.0,10025444.83,16339.332,10029943.0,9960577.0
443,50764,6,6.0,6.0,6.0,6.0,6.0,0.0,6.0,6.0,6.0,0.0,34.0,0.0,34.0,34.0,0.0,0.0,0.0,0.0,0.0,0.0,0.0,0.0,0.0,0.0,0,0,0,0,6.0,6.0,0,0,0,0,1,1,0,0,1.0,9.0,6.0,6.0,0,0,0,0,0,0,1,6,1,6,23,253,0,20,0.0,0.0,0.0,0.0,0.0,0.0,0.0,0.0
63829,53,17,68.0,212.0,34.0,34.0,34.0,0.0,106.0,106.0,106.0,0.0,7924.33,13754.724,23769.0,4.0,4.0,4.0,0.0,4.0,4.0,4.0,4.0,0.0,4.0,4.0,0,0,0,0,34.0,106.0,0,0,0,0,0,0,0,0,1.0,78.5,34.0,106.0,0,0,0,0,0,0,2,68,2,212,-1,-1,1,20,0.0,0.0,0.0,0.0,0.0,0.0,0.0,0.0
39363,443,6,2712.0,9323.0,841.0,0.0,114.25,220.6953,1097.0,0.0,691.6194,553.182,1609314.2,3691706.885,10181978.0,2.0,60322687.0,3584972.88,4621864.173,10240002.0,188.0,60553133.0,3633856.36,4999793.049,10240143.0,4.0,0,0,0,0,0.0,1097.0,0,0,0,1,0,0,0,0,0.0,397.2598,114.25,691.6194,0,0,0,0,0,0,20,2712,19,9323,29200,131,5,32,101309.33,149220.43,484921.0,83359.0,10035566.83,358804.188,10181975.0,9399801.0
51241,443,6,18.0,0.0,6.0,6.0,6.0,0.0,0.0,0.0,0.0,0.0,18021901.8,24624393.569,45003698.0,36855.0,90056305.0,45028152.5,3311.276,45038682.0,45023485.0,90057021.0,45024380.5,3249.505,45024907.0,45020989.0,0,0,0,0,0.0,6.0,0,0,0,0,1,0,0,0,1.0,4.0,6.0,0.0,0,0,0,0,0,0,3,18,3,0,251,114,2,20,23100.0,116.611,23309.0,23002.0,45003790.0,1328.38,45003691.0,45002529.0
57147,443,6,327.0,145.0,225.0,0.0,45.2857,85.387,145.0,0.0,36.25,72.5,588645.6,1643581.506,5248672.0,3.0,5463620.0,995944.33,2167129.118,5337438.0,3.0,91512.0,30142.33,35921.429,77922.0,1412.0,0,0,0,0,0.0,225.0,0,0,0,1,0,0,0,0,0.0,42.4667,45.2857,36.25,0,0,0,0,0,0,7,327,4,145,29200,4788,3,32,217611.0,0.0,217611.0,217611.0,5248615.0,0.0,5248675.0,5248615.0
50945,53,17,74.0,106.0,37.0,37.0,37.0,0.0,53.0,53.0,53.0,0.0,51.33,83.543,148.0,3.0,3.0,3.0,0.0,3.0,3.0,3.0,3.0,0.0,3.0,3.0,0,0,0,0,37.0,53.0,0,0,0,0,0,0,0,0,1.0,54.25,37.0,53.0,0,0,0,0,0,0,2,74,2,106,-1,-1,1,32,0.0,0.0,0.0,0.0,0.0,0.0,0.0,0.0
63750,443,6,508.0,4452.0,204.0,0.0,47.7778,78.9025,1418.0,0.0,358.6667,576.5955,19272.21,77429.718,389989.0,1.0,435483.0,39940.69,68227.442,379989.0,1.0,192907.0,23086.64,37115.172,89869.0,1.0,0,0,0,0,0.0,1418.0,0,0,0,1,0,0,0,0,0.0,171.3667,47.7778,358.6667,0,0,0,0,0,0,18,508,12,4452,29200,349,4,32,0.0,0.0,0.0,0.0,0.0,0.0,0.0,0.0
49499,53,17,46.0,46.0,23.0,23.0,23.0,0.0,23.0,23.0,23.0,0.0,10.33,21.614,20.0,1.0,1.0,1.0,0.0,1.0,1.0,1.0,1.0,0.0,1.0,1.0,0,0,0,0,23.0,23.0,0,0,0,0,0,0,0,0,1.0,28.75,23.0,23.0,0,0,0,0,0,0,2,46,2,46,-1,-1,1,32,0.0,0.0,0.0,0.0,0.0,0.0,0.0,0.0
443,53756,6,6.0,6.0,6.0,6.0,6.0,0.0,6.0,6.0,6.0,0.0,35.0,0.0,35.0,35.0,0.0,0.0,0.0,0.0,0.0,0.0,0.0,0.0,0.0,0.0,0,0,0,0,6.0,6.0,0,0,0,0,1,1,0,0,1.0,9.0,6.0,6.0,0,0,0,0,0,0,1,6,1,6,60,255,0,20,0.0,0.0,0.0,0.0,0.0,0.0,0.0,0.0
52158,80,6,455.0,816.0,445.0,0.0,116.0,225.546,814.0,0.0,264.0,447.4795,7578.71,11056.919,23322.0,3.0,41765.0,10882.25,13534.625,23299.0,374.0,21596.0,8598.66,16688.528,23340.0,3.0,0,0,0,0,0.0,814.0,0,0,0,1,0,0,0,0,1.0,183.1286,116.0,264.0,0,0,0,0,0,0,5,455,4,816,65535,59,1,32,0.0,0.0,0.0,0.0,0.0,0.0,0.0,0.0
60916,443,6,1167.0,6861.0,917.0,0.0,94.8182,254.1006,1590.0,0.0,686.125,757.7868,3448.57,5506.899,15031.0,1.0,61676.0,7798.1,9763.763,21740.0,1.0,45306.0,6080.28,5544.842,15971.0,2.0,0,0,0,0,0.0,1590.0,0,0,0,1,0,0,0,0,0.0,329.7471,94.8182,686.125,0,0,0,0,0,0,11,1167,16,6861,65535,32,10,20,0.0,0.0,0.0,0.0,0.0,0.0,0.0,0.0
41728,443,6,2964.0,7705.0,789.0,0.0,141.875,299.0745,1685.0,2.0,435.95,631.7365,1413238.94,7286734.589,44997102.0,40.0,60886067.0,3678064.33,10005962.043,44997174.0,90.0,65781780.0,3982657.8,12847147.352,45042081.0,207.0,0,0,0,0,0.0,1685.0,0,0,0,1,0,0,0,0,0.0,284.9116,141.875,435.95,0,0,0,0,0,0,16,2964,12,7705,29200,40938,15,20,340289.0,547214.146,677246.0,53191.0,30268069.5,20047844.168,44997102.0,15629959.0
61198,53,17,38.0,54.0,38.0,38.0,38.0,0.0,54.0,54.0,54.0,0.0,31092.0,0.0,31092.0,31092.0,0.0,0.0,0.0,0.0,0.0,0.0,0.0,0.0,0.0,0.0,0,0,0,0,38.0,54.0,0,0,0,0,0,0,0,0,1.0,65.0,38.0,54.0,0,0,0,0,0,0,1,38,1,54,-1,-1,0,20,0.0,0.0,0.0,0.0,0.0,0.0,0.0,0.0
62257,53,17,52.0,113.0,52.0,52.0,52.0,0.0,113.0,113.0,113.0,0.0,48200.0,0.0,48200.0,48200.0,0.0,0.0,0.0,0.0,0.0,0.0,0.0,0.0,0.0,0.0,0,0,0,0,52.0,113.0,0,0,0,0,0,0,0,0,1.0,108.5,52.0,113.0,0,0,0,0,0,0,1,52,1,113,-1,-1,0,20,0.0,0.0,0.0,0.0,0.0,0.0,0.0,0.0
61362,53,17,52.0,84.0,52.0,52.0,52.0,0.0,84.0,84.0,84.0,0.0,23209.0,0.0,23209.0,23209.0,0.0,0.0,0.0,0.0,0.0,0.0,0.0,0.0,0.0,0.0,0,0,0,0,52.0,84.0,0,0,0,0,0,0,0,0,1.0,94.0,52.0,84.0,0,0,0,0,0,0,1,52,1,84,-1,-1,0,32,0.0,0.0,0.0,0.0,0.0,0.0,0.0,0.0
43812,443,6,1211.0,8217.0,432.0,0.0,92.2,156.4263,1418.0,0.0,384.7,581.235,1972443.54,8009574.637,58362692.0,1.0,63648008.0,3956454.07,11494753.38,58315092.0,116.0,63101437.0,2975298.36,11100131.844,58643854.0,1.0,0,0,0,0,0.0,1418.0,0,0,0,1,0,0,0,0,1.0,241.5289,92.2,384.7,0,0,0,0,0,0,15,1211,20,8217,29200,366,5,32,2078299.0,3469627.668,2087134.0,1072742.0,31855316.5,37972772.893,58362696.0,16979037.0
61021,53,17,88.0,120.0,44.0,44.0,44.0,0.0,60.0,60.0,60.0,0.0,51.33,80.747,148.0,3.0,3.0,3.0,0.0,3.0,3.0,3.0,3.0,0.0,3.0,3.0,0,0,0,0,44.0,60.0,0,0,0,0,0,0,0,0,1.0,63.0,44.0,60.0,0,0,0,0,0,0,2,88,2,120,-1,-1,1,20,0.0,0.0,0.0,0.0,0.0,0.0,0.0,0.0
123,123,17,48.0,48.0,48.0,48.0,48.0,0.0,48.0,48.0,48.0,0.0,16294.0,0.0,16294.0,16294.0,0.0,0.0,0.0,0.0,0.0,0.0,0.0,0.0,0.0,0.0,0,0,0,0,48.0,48.0,0,0,0,0,0,0,0,0,1.0,72.0,48.0,48.0,0,0,0,0,0,0,1,48,1,48,-1,-1,0,20,0.0,0.0,0.0,0.0,0.0,0.0,0.0,0.0
33329,53,17,102.0,224.0,51.0,51.0,51.0,0.0,112.0,112.0,112.0,0.0,66.66,117.385,204.0,1.0,1.0,1.0,0.0,1.0,1.0,1.0,1.0,0.0,1.0,1.0,0,0,0,0,51.0,112.0,0,0,0,0,0,0,0,0,1.0,94.25,51.0,112.0,0,0,0,0,0,0,2,102,2,224,-1,-1,1,20,0.0,0.0,0.0,0.0,0.0,0.0,0.0,0.0
443,53384,6,0.0,0.0,0.0,0.0,0.0,0.0,0.0,0.0,0.0,0.0,60.0,0.0,60.0,60.0,0.0,0.0,0.0,0.0,0.0,0.0,0.0,0.0,0.0,0.0,0,0,0,0,0.0,0.0,0,0,0,0,1,1,0,0,1.0,0.0,0.0,0.0,0,0,0,0,0,0,1,0,1,0,357,32832,0,32,0.0,0.0,0.0,0.0,0.0,0.0,0.0,0.0
49886,53,17,80.0,112.0,40.0,40.0,40.0,0.0,56.0,56.0,56.0,0.0,46.66,78.604,134.0,3.0,3.0,3.0,0.0,3.0,3.0,4.0,4.0,0.0,4.0,4.0,0,0,0,0,40.0,56.0,0,0,0,0,0,0,0,0,1.0,58.0,40.0,56.0,0,0,0,0,0,0,2,80,2,112,-1,-1,1,20,0.0,0.0,0.0,0.0,0.0,0.0,0.0,0.0
51483,443,6,1287.0,15122.0,465.0,0.0,68.3333,107.7222,1430.0,0.0,559.7333,634.5361,2542482.71,11384305.484,58812434.0,1.0,116159425.0,5089545.55,18986813.964,58812434.0,17.0,116059047.0,4933898.05,16906612.995,58917121.0,1.0,0,0,0,0,0.0,1430.0,0,0,0,1,0,0,0,0,1.0,316.9667,68.3333,559.7333,0,0,0,0,0,0,25,1287,28,15122,8192,360,24,20,185150.5,218847.027,297686.0,68262.0,58303838.5,121566.726,58812433.0,57552470.0
60052,53,17,91.0,226.0,91.0,91.0,91.0,0.0,226.0,226.0,226.0,0.0,48384.0,0.0,48384.0,48384.0,0.0,0.0,0.0,0.0,0.0,0.0,0.0,0.0,0.0,0.0,0,0,0,0,91.0,226.0,0,0,0,0,0,0,0,0,1.0,204.0,91.0,226.0,0,0,0,0,0,0,1,91,1,226,-1,-1,0,20,0.0,0.0,0.0,0.0,0.0,0.0,0.0,0.0
80,52515,6,6.0,6.0,6.0,6.0,6.0,0.0,6.0,6.0,6.0,0.0,90.0,0.0,90.0,90.0,0.0,0.0,0.0,0.0,0.0,0.0,0.0,0.0,0.0,0.0,0,0,0,0,6.0,6.0,0,0,0,0,1,1,0,0,1.0,9.0,6.0,6.0,0,0,0,0,0,0,1,6,1,6,913,256,0,20,0.0,0.0,0.0,0.0,0.0,0.0,0.0,0.0
443,50445,6,0.0,0.0,0.0,0.0,0.0,0.0,0.0,0.0,0.0,0.0,34.0,0.0,34.0,34.0,0.0,0.0,0.0,0.0,0.0,0.0,0.0,0.0,0.0,0.0,0,0,0,0,0.0,0.0,0,0,0,0,1,0,0,0,1.0,0.0,0.0,0.0,0,0,0,0,0,0,1,0,1,0,5128,33304,0,32,0.0,0.0,0.0,0.0,0.0,0.0,0.0,0.0
137,137,17,750.0,0.0,50.0,50.0,50.0,0.0,0.0,0.0,0.0,0.0,5.0,1.412,8.0,1.0,26.0,6.6,1.441,8.0,1.0,0.0,0.0,0.0,0.0,0.0,0,0,0,0,50.0,50.0,0,0,0,0,0,0,0,0,0.0,53.8462,50.0,0.0,0,0,0,0,0,0,13,750,0,0,-1,-1,12,20,0.0,0.0,0.0,0.0,0.0,0.0,0.0,0.0
61338,53,17,43.0,129.0,43.0,43.0,43.0,0.0,129.0,129.0,129.0,0.0,1030402.0,0.0,1030402.0,1030402.0,0.0,0.0,0.0,0.0,0.0,0.0,0.0,0.0,0.0,0.0,0,0,0,0,43.0,129.0,0,0,0,0,0,0,0,0,1.0,107.5,43.0,129.0,0,0,0,0,0,0,1,43,1,129,-1,-1,0,20,0.0,0.0,0.0,0.0,0.0,0.0,0.0,0.0
62191,53,17,59.0,165.0,59.0,59.0,59.0,0.0,165.0,165.0,165.0,0.0,65417.0,0.0,65417.0,65417.0,0.0,0.0,0.0,0.0,0.0,0.0,0.0,0.0,0.0,0.0,0,0,0,0,59.0,165.0,0,0,0,0,0,0,0,0,1.0,131.5,59.0,165.0,0,0,0,0,0,0,1,59,1,165,-1,-1,0,32,0.0,0.0,0.0,0.0,0.0,0.0,0.0,0.0
443,56494,6,0.0,0.0,0.0,0.0,0.0,0.0,0.0,0.0,0.0,0.0,50.0,0.0,50.0,50.0,0.0,0.0,0.0,0.0,0.0,0.0,0.0,0.0,0.0,0.0,0,0,0,0,0.0,0.0,0,0,0,0,1,1,0,0,1.0,0.0,0.0,0.0,0,0,0,0,0,0,1,0,1,0,122,33304,0,32,0.0,0.0,0.0,0.0,0.0,0.0,0.0,0.0
59026,443,6,772.0,4371.0,451.0,0.0,97.4,168.1487,1460.0,0.0,571.0714,692.6487,3068252.57,10486619.168,49900731.0,19.0,60157921.0,6730895.77,14243429.384,49900731.0,1349.0,60102732.0,8516548.66,15374844.389,49933705.0,48.0,0,0,0,0,0.0,1460.0,0,0,0,1,0,0,0,0,1.0,338.9444,97.4,571.0714,0,0,0,0,0,0,10,772,7,4371,8192,63,9,20,94042.0,94534.018,108022.0,50901.0,39957195.5,20033530.471,49900738.0,19941432.0
57390,53,17,120.0,264.0,30.0,30.0,30.0,0.0,132.0,132.0,132.0,0.0,12261.6,16634.441,30589.0,3.0,30609.0,10203.66,17694.644,30502.0,3.0,3.0,3.0,0.0,3.0,3.0,0,0,0,0,30.0,132.0,0,0,0,0,0,0,0,0,0.0,69.0,30.0,132.0,0,0,0,0,0,0,4,120,2,264,-1,-1,3,20,0.0,0.0,0.0,0.0,0.0,0.0,0.0,0.0
60580,53,17,51.0,93.0,51.0,51.0,51.0,0.0,93.0,93.0,93.0,0.0,30731.0,0.0,30731.0,30731.0,0.0,0.0,0.0,0.0,0.0,0.0,0.0,0.0,0.0,0.0,0,0,0,0,51.0,93.0,0,0,0,0,0,0,0,0,1.0,97.5,51.0,93.0,0,0,0,0,0,0,1,51,1,93,-1,-1,0,20,0.0,0.0,0.0,0.0,0.0,0.0,0.0,0.0
57562,443,6,1203.0,1002.0,747.0,0.0,282.8571,389.0286,401.0,0.0,100.2,196.486,1085671.83,2890024.1,9862092.0,58.0,9114034.0,1552004.0,3569396.183,9862092.0,409.0,52299.0,11094.25,18609.857,22401.0,6400.0,0,0,0,0,0.0,747.0,0,0,0,1,0,0,0,0,0.0,216.8571,282.8571,100.2,0,0,0,0,0,0,7,1203,5,1002,8192,62,6,20,0.0,0.0,0.0,0.0,0.0,0.0,0.0,0.0
62934,443,6,994.0,5268.0,549.0,0.0,61.5385,143.1664,1448.0,0.0,539.8,697.2265,4066655.7,15085665.291,58924104.0,0.0,117807746.0,7339847.05,20934129.902,58924104.0,1.0,117889497.0,9088436.91,22036716.491,59003115.0,1.0,0,0,0,0,0.0,1448.0,0,0,0,1,0,0,0,0,0.0,259.947,61.5385,539.8,0,0,0,0,0,0,13,994,15,5268,29200,70,8,32,300527.0,356920.058,561525.0,46896.0,58421666.0,511889.647,58924109.0,58468995.0
60538,53,17,115.0,220.0,54.0,51.0,57.5,0.7071,118.0,107.0,110.0,0.0,4254539.0,7656672.69,13783911.0,646.0,13703377.0,13703377.0,0.0,14703377.0,13703377.0,13705080.0,13703080.0,0.0,13705080.0,13705080.0,0,0,0,0,51.0,118.0,0,0,0,0,0,0,0,0,1.0,96.75,57.5,110.0,0,0,0,0,0,0,2,115,2,220,-1,-1,1,20,61435.0,0.0,61435.0,61435.0,13783950.0,0.0,13783950.0,13783950.0
80,53355,6,6.0,6.0,6.0,6.0,6.0,0.0,6.0,6.0,6.0,0.0,31.0,0.0,31.0,31.0,0.0,0.0,0.0,0.0,0.0,0.0,0.0,0.0,0.0,0.0,0,0,0,0,6.0,6.0,0,0,0,0,1,1,0,0,1.0,9.0,6.0,6.0,0,0,0,0,0,0,1,6,1,6,335,258,0,20,0.0,0.0,0.0,0.0,0.0,0.0,0.0,0.0
50238,443,6,1542.0,4156.0,517.0,0.0,112.4444,190.3989,1448.0,0.0,361.8889,448.783,1183397.77,2978056.515,10998406.0,3.0,21479733.0,2406041.32,3785344.481,10119914.0,203.0,37216783.0,2332666.41,4685297.05,10111256.0,3.0,0,0,0,0,0.0,1448.0,0,0,0,1,0,0,0,0,0.0,230.408,112.4444,361.8889,0,0,0,0,0,0,18,1542,13,4156,29200,69,4,32,478375.66,897031.289,1814511.0,23512.0,9998793.16,333910.052,10998406.0,9809486.0
61047,53,17,52.0,68.0,52.0,52.0,52.0,0.0,68.0,68.0,68.0,0.0,30804.0,0.0,30804.0,30804.0,0.0,0.0,0.0,0.0,0.0,0.0,0.0,0.0,0.0,0.0,0,0,0,0,52.0,68.0,0,0,0,0,0,0,0,0,1.0,86.0,52.0,68.0,0,0,0,0,0,0,1,52,1,68,-1,-1,0,20,0.0,0.0,0.0,0.0,0.0,0.0,0.0,0.0
80,53246,6,6.0,6.0,6.0,6.0,6.0,0.0,6.0,6.0,6.0,0.0,35.0,0.0,35.0,35.0,0.0,0.0,0.0,0.0,0.0,0.0,0.0,0.0,0.0,0.0,0,0,0,0,6.0,6.0,0,0,0,0,1,1,0,0,1.0,9.0,6.0,6.0,0,0,0,0,0,0,1,6,1,6,913,256,0,20,0.0,0.0,0.0,0.0,0.0,0.0,0.0,0.0
1114,53,17,92.0,248.0,46.0,46.0,46.0,0.0,124.0,124.0,124.0,0.0,67.33,111.223,195.0,1.0,1.0,1.0,0.0,1.0,1.0,1.0,1.0,0.0,1.0,1.0,0,0,0,0,46.0,124.0,0,0,0,0,0,0,0,0,1.0,96.5,46.0,124.0,0,0,0,0,0,0,2,92,2,248,-1,-1,1,32,0.0,0.0,0.0,0.0,0.0,0.0,0.0,0.0
61612,53,17,68.0,480.0,34.0,34.0,34.0,0.0,240.0,240.0,240.0,0.0,81.66,137.422,239.0,3.0,3.0,3.0,0.0,3.0,3.0,4.0,4.0,0.0,4.0,4.0,0,0,0,0,34.0,240.0,0,0,0,0,0,0,0,0,1.0,140.5,34.0,240.0,0,0,0,0,0,0,2,68,2,480,-1,-1,1,32,0.0,0.0,0.0,0.0,0.0,0.0,0.0,0.0
62407,53,17,144.0,416.0,36.0,36.0,36.0,0.0,109.0,109.0,109.0,0.0,4964.14,12052.166,30655.0,0.0,30322.0,10108.33,17452.078,30315.0,0.0,204.0,31.0,0.0,204.0,204.0,0,0,0,0,36.0,109.0,0,0,0,0,0,0,0,0,0.0,77.3333,36.0,109.0,0,0,0,0,0,0,4,144,2,416,-1,-1,3,20,0.0,0.0,0.0,0.0,0.0,0.0,0.0,0.0
80,64395,6,6.0,6.0,6.0,6.0,6.0,0.0,6.0,6.0,6.0,0.0,27.0,0.0,27.0,27.0,0.0,0.0,0.0,0.0,0.0,0.0,0.0,0.0,0.0,0.0,0,0,0,0,6.0,6.0,0,0,0,0,1,1,0,0,1.0,9.0,6.0,6.0,0,0,0,0,0,0,1,6,1,6,913,256,0,20,0.0,0.0,0.0,0.0,0.0,0.0,0.0,0.0
52782,80,6,533.0,3247.0,433.0,0.0,36.0556,115.6136,1771.0,0.0,121.7727,478.7369,3659888.83,4780564.133,9995507.0,60.0,115501462.0,7085594.58,4287696.545,10010642.0,165.0,110561093.0,7891116.61,4217549.221,10013752.0,1540.0,0,0,0,0,0.0,1771.0,0,0,0,1,0,0,0,0,0.0,74.1511,36.0556,121.7727,0,0,0,0,0,0,18,533,14,3247,8192,946,17,20,26781.0,9593.024,48059.0,22980.0,9993099.9,8593.769,9995500.0,9997541.0
62759,53,17,70.0,102.0,35.0,35.0,35.0,0.0,51.0,51.0,51.0,0.0,49.66,81.029,143.0,3.0,3.0,3.0,0.0,3.0,3.0,4.0,4.0,0.0,4.0,4.0,0,0,0,0,35.0,51.0,0,0,0,0,0,0,0,0,1.0,51.75,35.0,51.0,0,0,0,0,0,0,2,70,2,102,-1,-1,1,20,0.0,0.0,0.0,0.0,0.0,0.0,0.0,0.0
137,137,17,650.0,0.0,50.0,50.0,50.0,0.0,0.0,0.0,0.0,0.0,1.66,1.422,7.0,1.0,20.0,1.66,1.723,7.0,1.0,0.0,0.0,0.0,0.0,0.0,0,0,0,0,50.0,50.0,0,0,0,0,0,0,0,0,0.0,53.8462,50.0,0.0,0,0,0,0,0,0,13,650,0,0,-1,-1,12,32,0.0,0.0,0.0,0.0,0.0,0.0,0.0,0.0
51265,80,6,812.0,1498.0,800.0,0.0,122.0,309.7,1448.0,0.0,279.5,548.0,15760.42,25279.225,83769.0,6.0,150398.0,30044.66,28935.589,83055.0,251.0,42263.0,17637.66,23221.675,43554.0,1010.0,0,0,0,0,0.0,1448.0,0,0,0,1,0,0,0,0,1.0,216.575,122.0,279.5,0,0,0,0,0,0,4,812,4,1498,65535,50,1,32,0.0,0.0,0.0,0.0,0.0,0.0,0.0,0.0
80,52571,6,6.0,6.0,6.0,6.0,6.0,0.0,6.0,6.0,6.0,0.0,164.0,0.0,164.0,164.0,0.0,0.0,0.0,0.0,0.0,0.0,0.0,0.0,0.0,0.0,0,0,0,0,6.0,6.0,0,0,0,0,1,1,0,0,1.0,9.0,6.0,6.0,0,0,0,0,0,0,1,6,1,6,913,256,0,20,0.0,0.0,0.0,0.0,0.0,0.0,0.0,0.0
48060,443,6,123.0,46.0,46.0,0.0,24.6,23.2766,46.0,46.0,46.0,0.0,819229.2,1828564.405,4032651.0,11.0,4058375.0,1014093.75,2044154.106,4032651.0,19.0,0.0,0.0,0.0,0.0,0.0,1,0,0,0,0.0,46.0,0,1,0,0,1,0,0,0,0.0,35.8333,24.6,46.0,0,0,0,0,0,0,5,123,1,46,2682,357,2,32,0.0,0.0,0.0,0.0,0.0,0.0,0.0,0.0
60518,53,17,62.0,136.0,62.0,62.0,62.0,0.0,136.0,136.0,136.0,0.0,47517.0,0.0,47517.0,47517.0,0.0,0.0,0.0,0.0,0.0,0.0,0.0,0.0,0.0,0.0,0,0,0,0,62.0,136.0,0,0,0,0,0,0,0,0,1.0,130.0,62.0,136.0,0,0,0,0,0,0,1,62,1,136,-1,-1,0,32,0.0,0.0,0.0,0.0,0.0,0.0,0.0,0.0
123,123,17,96.0,96.0,48.0,48.0,48.0,0.0,48.0,48.0,48.0,0.0,21645926.66,37429936.763,64972305.0,28060.0,64000069.0,64000069.0,0.0,64000069.0,64000069.0,64998152.0,64998152.0,0.0,64998152.0,64998152.0,0,0,0,0,48.0,48.0,0,0,0,0,0,0,0,0,1.0,60.0,48.0,48.0,0,0,0,0,0,0,2,96,2,96,-1,-1,1,32,23734.0,0.0,23734.0,23734.0,64972305.0,0.0,64972305.0,64972305.0
123,123,17,48.0,48.0,48.0,48.0,48.0,0.0,48.0,48.0,48.0,0.0,94966.0,0.0,94966.0,94966.0,0.0,0.0,0.0,0.0,0.0,0.0,0.0,0.0,0.0,0.0,0,0,0,0,48.0,48.0,0,0,0,0,0,0,0,0,1.0,72.0,48.0,48.0,0,0,0,0,0,0,1,48,1,48,-1,-1,0,20,0.0,0.0,0.0,0.0,0.0,0.0,0.0,0.0
58131,53,17,90.0,196.0,45.0,45.0,45.0,0.0,98.0,98.0,98.0,0.0,62.0,102.493,180.0,3.0,3.0,3.0,0.0,3.0,3.0,3.0,3.0,0.0,3.0,3.0,0,0,0,0,45.0,98.0,0,0,0,0,0,0,0,0,1.0,82.75,45.0,98.0,0,0,0,0,0,0,2,90,2,196,-1,-1,1,32,0.0,0.0,0.0,0.0,0.0,0.0,0.0,0.0
60644,53,17,43.0,110.0,43.0,43.0,43.0,0.0,110.0,110.0,110.0,0.0,71965.0,0.0,71965.0,71965.0,0.0,0.0,0.0,0.0,0.0,0.0,0.0,0.0,0.0,0.0,0,0,0,0,43.0,110.0,0,0,0,0,0,0,0,0,1.0,108.0,43.0,110.0,0,0,0,0,0,0,1,43,1,110,-1,-1,0,40,0.0,0.0,0.0,0.0,0.0,0.0,0.0,0.0
33696,443,6,4805.0,3820.0,1126.0,6.0,210.4545,374.2839,608.0,0.0,128.0556,273.2469,2567098.72,4236821.588,10224510.0,1.0,113955095.0,4068688.41,5089156.954,10340022.0,3859.0,113870257.0,5219063.7,5625828.961,10340257.0,1.0,1,0,0,0,0.0,1126.0,0,1,0,0,1,0,0,0,0.0,244.3294,210.4545,128.0556,0,0,0,0,0,0,22,4805,21,3820,251,8178,21,20,488771.18,1681400.405,4725986.0,43179.0,10035083.27,349924.027,10224515.0,10007250.0
443,64039,6,6.0,6.0,6.0,6.0,6.0,0.0,6.0,6.0,6.0,0.0,30.0,0.0,30.0,30.0,0.0,0.0,0.0,0.0,0.0,0.0,0.0,0.0,0.0,0.0,0,0,0,0,6.0,6.0,0,0,0,0,1,1,0,0,1.0,9.0,6.0,6.0,0,0,0,0,0,0,1,6,1,6,8192,257,0,20,0.0,0.0,0.0,0.0,0.0,0.0,0.0,0.0
443,37839,6,0.0,0.0,0.0,0.0,0.0,0.0,0.0,0.0,0.0,0.0,51.0,0.0,51.0,51.0,0.0,0.0,0.0,0.0,0.0,0.0,0.0,0.0,0.0,0.0,0,0,0,0,0.0,0.0,0,0,0,0,1,1,0,0,1.0,0.0,0.0,0.0,0,0,0,0,0,0,1,0,1,0,115,253,0,32,0.0,0.0,0.0,0.0,0.0,0.0,0.0,0.0
443,53282,6,6.0,6.0,6.0,6.0,6.0,0.0,6.0,6.0,6.0,0.0,29.0,0.0,29.0,29.0,0.0,0.0,0.0,0.0,0.0,0.0,0.0,0.0,0.0,0.0,0,0,0,0,6.0,6.0,0,0,0,0,1,1,0,0,1.0,9.0,6.0,6.0,0,0,0,0,0,0,1,6,1,6,60,255,0,20,0.0,0.0,0.0,0.0,0.0,0.0,0.0,0.0
61979,53,17,43.0,143.0,43.0,43.0,43.0,0.0,143.0,143.0,143.0,0.0,30899.0,0.0,30899.0,30899.0,0.0,0.0,0.0,0.0,0.0,0.0,0.0,0.0,0.0,0.0,0,0,0,0,43.0,143.0,0,0,0,0,0,0,0,0,1.0,114.5,43.0,143.0,0,0,0,0,0,0,1,43,1,143,-1,-1,0,32,0.0,0.0,0.0,0.0,0.0,0.0,0.0,0.0
49561,54608,6,217.0,0.0,217.0,0.0,109.25,139.5,0.0,0.0,0.0,0.0,108.25,152.661,314.0,47.0,317.0,139.66,172.557,314.0,47.0,0.0,0.0,0.0,0.0,0.0,0,0,0,0,0.0,217.0,0,0,0,1,0,0,0,0,0.0,156.4,109.25,0.0,0,0,0,0,0,0,4,217,0,0,29200,-1,1,32,0.0,0.0,0.0,0.0,0.0,0.0,0.0,0.0
51039,443,6,12.0,0.0,6.0,6.0,6.0,0.0,0.0,0.0,0.0,0.0,6635.0,0.0,6635.0,6635.0,6635.0,6635.0,0.0,6635.0,6635.0,0.0,0.0,0.0,0.0,0.0,0,0,0,0,6.0,6.0,0,0,0,0,1,0,0,0,0.0,9.0,6.0,0.0,0,0,0,0,0,0,2,12,0,0,64209,-1,1,20,0.0,0.0,0.0,0.0,0.0,0.0,0.0,0.0
443,50819,6,6.0,6.0,6.0,6.0,6.0,0.0,6.0,6.0,6.0,0.0,115.0,0.0,115.0,115.0,0.0,0.0,0.0,0.0,0.0,0.0,0.0,0.0,0.0,0.0,0,0,0,0,6.0,6.0,0,0,0,0,1,1,0,0,1.0,9.0,6.0,6.0,0,0,0,0,0,0,1,6,1,6,60,355,0,20,0.0,0.0,0.0,0.0,0.0,0.0,0.0,0.0
54670,443,6,611.0,164.0,517.0,0.0,101.8333,204.3051,152.0,0.0,41.0,74.054,619047.66,1775529.72,5307670.0,3.0,5451974.0,1190397.8,2561411.977,5464452.0,3.0,86272.0,28724.33,30705.602,63048.0,312.0,0,0,0,0,0.0,517.0,0,0,0,1,0,0,0,0,0.0,77.5,101.8333,41.0,0,0,0,0,0,0,6,611,4,164,8192,946,5,20,107641.0,0.0,107641.0,107641.0,5307650.0,0.0,5307650.0,5307650.0
49427,80,6,2269.0,17260.0,433.0,0.0,100.0375,193.4586,2896.0,0.0,785.5789,902.8432,2733318.7,4457665.14,10024676.0,37.0,118067902.0,5411854.73,4942288.411,10047918.0,131.0,113563633.0,5755464.19,5078274.584,10048263.0,177.0,0,0,0,0,0.0,2896.0,0,0,0,1,0,0,0,0,0.0,453.831,100.0375,785.5789,0,0,0,0,0,0,26,2269,22,17260,29200,276,5,32,444161.0,1528918.774,4907008.0,23168.0,10016746.54,4253.173,10024672.0,9993204.0
52799,53,17,76.0,108.0,38.0,38.0,38.0,0.0,54.0,54.0,54.0,0.0,62.66,26.154,97.0,48.0,48.0,48.0,0.0,48.0,48.0,48.0,48.0,0.0,48.0,48.0,0,0,0,0,38.0,54.0,0,0,0,0,0,0,0,0,1.0,55.5,38.0,54.0,0,0,0,0,0,0,2,76,2,108,-1,-1,1,20,0.0,0.0,0.0,0.0,0.0,0.0,0.0,0.0
62428,443,6,1250.0,687.0,965.0,0.0,121.1818,300.4727,549.0,0.0,137.4,237.7276,29177.64,55504.674,216945.0,3.0,308453.0,36871.5,80786.896,212045.0,3.0,342179.0,62839.25,108524.325,216686.0,4.0,0,0,0,0,0.0,965.0,0,0,0,1,0,0,0,0,0.0,116.5375,121.1818,137.4,0,0,0,0,0,0,11,1250,5,687,65535,362,6,32,0.0,0.0,0.0,0.0,0.0,0.0,0.0,0.0
61715,53,17,45.0,101.0,45.0,45.0,45.0,0.0,101.0,101.0,101.0,0.0,47405.0,0.0,47405.0,47405.0,0.0,0.0,0.0,0.0,0.0,0.0,0.0,0.0,0.0,0.0,0,0,0,0,45.0,101.0,0,0,0,0,0,0,0,0,1.0,95.5,45.0,101.0,0,0,0,0,0,0,1,45,1,101,-1,-1,0,20,0.0,0.0,0.0,0.0,0.0,0.0,0.0,0.0
443,53139,6,0.0,0.0,0.0,0.0,0.0,0.0,0.0,0.0,0.0,0.0,193.0,0.0,193.0,193.0,0.0,0.0,0.0,0.0,0.0,0.0,0.0,0.0,0.0,0.0,0,0,0,0,0.0,0.0,0,0,0,0,1,0,0,0,1.0,0.0,0.0,0.0,0,0,0,0,0,0,1,0,1,0,122,33304,0,32,0.0,0.0,0.0,0.0,0.0,0.0,0.0,0.0
80,46144,6,0.0,0.0,0.0,0.0,0.0,0.0,0.0,0.0,0.0,0.0,46.0,0.0,46.0,46.0,0.0,0.0,0.0,0.0,0.0,0.0,0.0,0.0,0.0,0.0,0,0,0,0,0.0,0.0,0,0,0,0,1,1,0,0,1.0,0.0,0.0,0.0,0,0,0,0,0,0,1,0,1,0,939,229,0,32,0.0,0.0,0.0,0.0,0.0,0.0,0.0,0.0
49584,443,6,43.0,0.0,31.0,6.0,14.3333,14.4338,0.0,0.0,0.0,0.0,183.0,227.09,378.0,3.0,373.0,186.5,283.476,378.0,3.0,0.0,0.0,0.0,0.0,0.0,0,0,0,0,6.0,31.0,0,0,0,0,1,0,0,0,0.0,16.3333,14.3333,0.0,0,0,0,0,0,0,3,43,0,0,145,-1,2,20,0.0,0.0,0.0,0.0,0.0,0.0,0.0,0.0
443,54025,6,12.0,0.0,6.0,6.0,6.0,0.0,0.0,0.0,0.0,0.0,226.0,0.0,226.0,226.0,226.0,226.0,0.0,226.0,226.0,0.0,0.0,0.0,0.0,0.0,0,0,0,0,6.0,6.0,0,0,0,0,1,0,0,0,0.0,9.0,6.0,0.0,0,0,0,0,0,0,2,12,0,0,30115,-1,1,20,0.0,0.0,0.0,0.0,0.0,0.0,0.0,0.0
59467,53,17,164.0,666.0,41.0,41.0,41.0,0.0,163.0,163.0,163.0,0.0,4524.85,11725.675,31510.0,2.0,54211.0,18770.66,39727.175,54216.0,3.0,70937.0,13379.66,16714.902,30850.0,2.0,0,0,0,0,41.0,163.0,0,0,0,0,0,0,0,0,1.0,105.625,41.0,163.0,0,0,0,0,0,0,4,164,4,666,-1,-1,3,32,0.0,0.0,0.0,0.0,0.0,0.0,0.0,0.0
56307,443,6,12.0,0.0,6.0,6.0,6.0,0.0,0.0,0.0,0.0,0.0,1.0,0.0,1.0,1.0,1.0,1.0,0.0,1.0,1.0,0.0,0.0,0.0,0.0,0.0,0,0,0,0,6.0,6.0,1,0,0,0,0,0,0,0,0.0,9.0,6.0,0.0,0,0,0,0,0,0,2,12,0,0,0,-1,1,20,0.0,0.0,0.0,0.0,0.0,0.0,0.0,0.0
52156,53,17,110.0,196.0,55.0,55.0,55.0,0.0,98.0,98.0,98.0,0.0,16229.66,28086.779,48687.0,3.0,3.0,3.0,0.0,3.0,3.0,4.0,4.0,0.0,4.0,4.0,0,0,0,0,55.0,98.0,0,0,0,0,0,0,0,0,1.0,82.25,55.0,98.0,0,0,0,0,0,0,2,110,2,196,-1,-1,1,32,0.0,0.0,0.0,0.0,0.0,0.0,0.0,0.0
58544,53,17,88.0,120.0,44.0,44.0,44.0,0.0,60.0,60.0,60.0,0.0,45.66,77.652,132.0,3.0,4.0,4.0,0.0,4.0,4.0,3.0,3.0,0.0,3.0,3.0,0,0,0,0,44.0,60.0,0,0,0,0,0,0,0,0,1.0,63.0,44.0,60.0,0,0,0,0,0,0,2,88,2,120,-1,-1,1,32,0.0,0.0,0.0,0.0,0.0,0.0,0.0,0.0
46142,53,17,64.0,96.0,32.0,32.0,32.0,0.0,48.0,48.0,48.0,0.0,59.0,60.628,126.0,3.0,3.0,3.0,0.0,3.0,3.0,48.0,48.0,0.0,48.0,48.0,0,0,0,0,32.0,48.0,0,0,0,0,0,0,0,0,1.0,48.0,32.0,48.0,0,0,0,0,0,0,2,64,2,96,-1,-1,1,32,0.0,0.0,0.0,0.0,0.0,0.0,0.0,0.0
43176,443,6,1466.0,3538.0,831.0,0.0,168.6,341.8528,1611.0,0.0,653.5714,724.4221,14858.88,28062.0,59319.0,2.0,198210.0,26315.77,25002.651,53995.0,349.0,198076.0,39003.66,34892.283,68537.0,2.0,0,0,0,0,0.0,1611.0,0,0,0,1,0,0,0,0,1.0,412.9286,168.6,653.5714,0,0,0,0,0,0,5,1466,7,3538,29200,63,4,32,0.0,0.0,0.0,0.0,0.0,0.0,0.0,0.0
22,50902,6,0.0,0.0,0.0,0.0,0.0,0.0,0.0,0.0,0.0,0.0,59.0,0.0,59.0,59.0,0.0,0.0,0.0,0.0,0.0,0.0,0.0,0.0,0.0,0.0,0,0,0,0,0.0,0.0,0,0,0,0,1,1,0,0,1.0,0.0,0.0,0.0,0,0,0,0,0,0,1,0,1,0,227,290,0,32,0.0,0.0,0.0,0.0,0.0,0.0,0.0,0.0
123,123,17,96.0,96.0,48.0,48.0,48.0,0.0,48.0,48.0,48.0,0.0,22380135.33,38617813.191,67970229.0,23536.0,68000156.0,68000156.0,0.0,68000156.0,68000156.0,68990821.0,68990821.0,0.0,68990821.0,68990821.0,0,0,0,0,48.0,48.0,0,0,0,0,0,0,0,0,1.0,60.0,48.0,48.0,0,0,0,0,0,0,2,96,2,96,-1,-1,1,20,61404.0,0.0,61404.0,61404.0,67970210.0,0.0,67970220.0,67970210.0
443,6548,6,37.0,6.0,31.0,6.0,18.5,17.6777,6.0,6.0,6.0,0.0,138.0,49.594,123.0,27.0,267.0,267.0,0.0,267.0,267.0,0.0,0.0,0.0,0.0,0.0,1,0,0,0,6.0,31.0,0,1,0,0,1,0,0,0,0.0,24.6667,18.5,6.0,0,0,0,0,0,0,2,37,1,6,110,0,1,20,0.0,0.0,0.0,0.0,0.0,0.0,0.0,0.0
54299,443,6,707.0,3049.0,469.0,0.0,58.9167,135.742,1413.0,0.0,381.8571,636.4305,17586.56,27369.318,81686.0,1.0,234450.0,26849.57,33497.751,85001.0,1.0,282176.0,31539.5,47841.032,136808.0,1.0,0,0,0,0,0.0,1413.0,0,0,0,1,0,0,0,0,0.0,187.8,58.9167,381.8571,0,0,0,0,0,0,12,707,7,3049,65535,349,5,32,0.0,0.0,0.0,0.0,0.0,0.0,0.0,0.0
60313,53,17,88.0,472.0,44.0,44.0,44.0,0.0,236.0,236.0,236.0,0.0,10605.66,18308.614,31815.0,3.0,3.0,3.0,0.0,3.0,3.0,3.0,3.0,0.0,3.0,3.0,0,0,0,0,44.0,236.0,0,0,0,0,0,0,0,0,1.0,151.0,44.0,236.0,0,0,0,0,0,0,2,88,2,472,-1,-1,1,32,0.0,0.0,0.0,0.0,0.0,0.0,0.0,0.0
49424,80,6,438.0,796.0,438.0,0.0,27.0,109.0,796.0,0.0,56.8571,212.7399,3989204.4,4979228.551,10227496.0,16.0,115126867.0,7692300.6,4479505.311,10240046.0,19.0,112510311.0,8678654.0,3862822.659,10240232.0,543.0,0,0,0,0,0.0,796.0,0,0,0,1,0,0,0,0,0.0,41.1667,27.0,56.8571,0,0,0,0,0,0,16,438,14,796,29200,285,1,32,42424.0,16549.598,94845.0,22950.0,10206595.9,10295.897,10227498.0,10076542.0
22,47704,6,0.0,0.0,0.0,0.0,0.0,0.0,0.0,0.0,0.0,0.0,40.0,0.0,40.0,40.0,0.0,0.0,0.0,0.0,0.0,0.0,0.0,0.0,0.0,0.0,0,0,0,0,0.0,0.0,0,0,0,0,1,1,0,0,1.0,0.0,0.0,0.0,0,0,0,0,0,0,1,0,1,0,227,240,0,32,0.0,0.0,0.0,0.0,0.0,0.0,0.0,0.0
54287,443,6,199.0,0.0,199.0,0.0,69.8,106.8084,0.0,0.0,0.0,0.0,7802.25,10981.937,23166.0,4.0,23321.0,7580.75,13968.013,23166.0,4.0,0.0,0.0,0.0,0.0,0.0,0,0,0,0,0.0,199.0,0,0,0,1,0,0,0,0,0.0,44.8,69.8,0.0,0,0,0,0,0,0,5,199,1,0,65535,1061,1,32,0.0,0.0,0.0,0.0,0.0,0.0,0.0,0.0
63106,53,17,72.0,104.0,36.0,36.0,36.0,0.0,52.0,52.0,52.0,0.0,46.66,73.393,133.0,3.0,3.0,3.0,0.0,3.0,3.0,3.0,3.0,0.0,3.0,3.0,0,0,0,0,36.0,52.0,0,0,0,0,0,0,0,0,1.0,53.0,36.0,52.0,0,0,0,0,0,0,2,72,2,104,-1,-1,1,32,0.0,0.0,0.0,0.0,0.0,0.0,0.0,0.0
35854,443,6,3756.0,2784.0,645.0,0.0,204.7692,318.6323,746.0,0.0,208.6,320.7276,2236963.83,8248167.862,31961640.0,1.0,32013859.0,3348614.91,9218991.079,31961640.0,195.0,2072797.0,68499.08,47943.494,1918896.0,1.0,0,0,0,0,0.0,746.0,0,0,0,1,0,0,0,0,1.0,226.2333,204.7692,208.6,0,0,0,0,0,0,19,3756,15,2784,29200,312,7,32,1630203.0,0.0,1630203.0,1630203.0,31961693.0,0.0,31961643.0,31961693.0
443,52982,6,83.0,6.0,46.0,6.0,27.6667,20.2073,6.0,6.0,6.0,0.0,33.33,72.827,167.0,3.0,3.0,1.5,2.128,0.0,3.0,0.0,0.0,0.0,0.0,0.0,1,0,0,0,6.0,46.0,0,1,0,0,1,0,0,0,0.0,33.75,27.6667,6.0,0,0,0,0,0,0,3,83,1,6,123,0,2,20,0.0,0.0,0.0,0.0,0.0,0.0,0.0,0.0
55516,53,17,120.0,264.0,30.0,30.0,30.0,0.0,132.0,132.0,132.0,0.0,9379.0,13825.513,30806.0,4.0,30847.0,10212.66,17707.477,30849.0,4.0,48.0,48.0,0.0,48.0,48.0,0,0,0,0,30.0,132.0,0,0,0,0,0,0,0,0,0.0,69.0,30.0,132.0,0,0,0,0,0,0,4,120,2,264,-1,-1,3,32,0.0,0.0,0.0,0.0,0.0,0.0,0.0,0.0
443,57377,6,37.0,6.0,31.0,6.0,18.5,17.6777,6.0,6.0,6.0,0.0,103.5,170.902,203.0,34.0,207.0,207.0,0.0,207.0,207.0,0.0,0.0,0.0,0.0,0.0,1,0,0,0,6.0,31.0,0,1,0,0,1,0,0,0,0.0,24.6667,18.5,6.0,0,0,0,0,0,0,2,37,1,6,110,0,1,20,0.0,0.0,0.0,0.0,0.0,0.0,0.0,0.0
0,3408,6,6.0,6.0,6.0,6.0,6.0,0.0,6.0,6.0,6.0,0.0,28.0,0.0,28.0,28.0,0.0,0.0,0.0,0.0,0.0,0.0,0.0,0.0,0.0,0.0,0,0,0,0,6.0,6.0,0,0,0,0,1,1,0,0,1.0,9.0,6.0,6.0,0,0,0,0,0,0,1,6,1,6,913,256,0,20,0.0,0.0,0.0,0.0,0.0,0.0,0.0,0.0
57788,53,17,132.0,878.0,33.0,33.0,33.0,0.0,219.0,219.0,219.0,0.0,4499.8,11688.319,30835.0,1.0,30996.0,10362.0,17818.919,30985.0,3.0,28.0,6.66,38.904,28.0,1.0,0,0,0,0,33.0,219.0,0,0,0,0,0,0,0,0,1.0,133.875,33.0,219.0,0,0,0,0,0,0,4,132,4,878,-1,-1,3,20,0.0,0.0,0.0,0.0,0.0,0.0,0.0,0.0
46744,443,6,1452.0,10784.0,787.0,0.0,104.7273,257.6594,1478.0,0.0,812.55,689.6324,9333.25,25031.601,87148.0,7.0,227175.0,14625.53,28160.418,80197.0,61.0,180082.0,12004.85,20316.212,42296.0,48.0,0,0,0,0,0.0,1478.0,0,0,0,1,0,0,0,0,0.0,424.2162,104.7273,812.55,0,0,0,0,0,0,14,1452,12,10784,29200,63,7,32,0.0,0.0,0.0,0.0,0.0,0.0,0.0,0.0
443,56777,6,37.0,0.0,37.0,0.0,18.5,26.163,0.0,0.0,0.0,0.0,3.0,0.0,3.0,3.0,3.0,3.0,0.0,3.0,3.0,0.0,0.0,0.0,0.0,0.0,1,0,0,0,0.0,37.0,0,1,0,0,1,0,0,0,0.0,37.0,18.5,0.0,0,0,0,0,0,0,2,37,0,0,70,-1,0,32,0.0,0.0,0.0,0.0,0.0,0.0,0.0,0.0
59581,53,17,70.0,126.0,35.0,35.0,35.0,0.0,63.0,63.0,63.0,0.0,60.0,63.211,129.0,4.0,49.0,49.0,0.0,49.0,49.0,4.0,4.0,0.0,4.0,4.0,0,0,0,0,35.0,63.0,0,0,0,0,0,0,0,0,1.0,57.75,35.0,63.0,0,0,0,0,0,0,2,70,2,126,-1,-1,1,20,0.0,0.0,0.0,0.0,0.0,0.0,0.0,0.0
59057,443,6,784.0,5535.0,485.0,0.0,72.4286,148.3311,1855.0,2.0,783.75,790.6912,1188028.69,3470338.903,10005312.0,4.0,30573522.0,2053573.33,4469529.839,10039541.0,404.0,30535262.0,2389552.28,4427703.959,10037219.0,50.0,0,0,0,0,0.0,1855.0,0,0,0,1,0,0,0,0,0.0,369.2882,72.4286,783.75,0,0,0,0,0,0,7,784,8,5535,65535,31088,6,20,152682.0,258779.789,437708.0,23151.0,9998308.0,114722.185,10005317.0,9999499.0
80,58577,6,0.0,0.0,0.0,0.0,0.0,0.0,0.0,0.0,0.0,0.0,70.0,0.0,70.0,70.0,0.0,0.0,0.0,0.0,0.0,0.0,0.0,0.0,0.0,0.0,0,0,0,0,0.0,0.0,0,0,0,0,1,1,0,0,1.0,0.0,0.0,0.0,0,0,0,0,0,0,1,0,1,0,939,33304,0,32,0.0,0.0,0.0,0.0,0.0,0.0,0.0,0.0
57726,443,6,2208.0,8821.0,1413.0,0.0,93.7778,348.0643,1647.0,2.0,467.8462,641.9823,2212317.93,4123274.278,10021503.0,3.0,116819353.0,4451140.52,4994710.922,10047914.0,3.0,110676765.0,4619190.25,5077829.617,10048266.0,48.0,0,0,0,0,0.0,1643.0,0,0,0,1,0,0,0,0,0.0,260.8,93.7778,467.8462,0,0,0,0,0,0,28,2208,21,8821,29200,40958,27,20,68655.41,67233.669,255117.0,31801.0,10026812.45,17943.27,10021501.0,9992295.0
61942,53,17,52.0,68.0,52.0,52.0,52.0,0.0,68.0,68.0,68.0,0.0,276861.0,0.0,276861.0,276861.0,0.0,0.0,0.0,0.0,0.0,0.0,0.0,0.0,0.0,0.0,0,0,0,0,52.0,68.0,0,0,0,0,0,0,0,0,1.0,86.0,52.0,68.0,0,0,0,0,0,0,1,52,1,68,-1,-1,0,32,0.0,0.0,0.0,0.0,0.0,0.0,0.0,0.0
80,44631,6,0.0,0.0,0.0,0.0,0.0,0.0,0.0,0.0,0.0,0.0,4.0,0.0,4.0,4.0,4.0,4.0,0.0,4.0,4.0,0.0,0.0,0.0,0.0,0.0,0,0,0,0,0.0,0.0,0,0,0,0,1,0,0,0,0.0,0.0,0.0,0.0,0,0,0,0,0,0,2,0,0,0,1088,-1,0,32,0.0,0.0,0.0,0.0,0.0,0.0,0.0,0.0
59602,443,6,12.0,0.0,6.0,6.0,6.0,0.0,0.0,0.0,0.0,0.0,6703.0,10643.131,13003.0,3.0,3.0,3.0,0.0,3.0,3.0,0.0,0.0,0.0,0.0,0.0,0,0,0,0,0.0,6.0,0,0,0,0,1,1,0,0,0.0,6.0,6.0,0.0,0,0,0,0,0,0,2,12,1,0,32850,32,1,20,0.0,0.0,0.0,0.0,0.0,0.0,0.0,0.0
59466,443,6,1223.0,10481.0,973.0,0.0,61.4,200.3435,1397.0,0.0,917.9091,668.1688,2603.29,4808.075,15218.0,1.0,60486.0,4060.78,6179.046,24396.0,1.0,47291.0,2360.43,9026.86,16413.0,1.0,0,0,0,0,0.0,1397.0,0,0,0,1,0,0,0,0,0.0,485.6836,61.4,917.9091,0,0,0,0,0,0,20,1223,17,10481,65535,32,19,20,0.0,0.0,0.0,0.0,0.0,0.0,0.0,0.0
52284,443,6,1033.0,799.0,517.0,0.0,73.5625,161.415,621.0,0.0,119.4167,256.3061,3027474.8,4504267.895,10037107.0,75.0,90715812.0,5785336.16,5017681.291,10173908.0,129.0,90264403.0,6431102.55,5013600.703,10116989.0,1877.0,0,0,0,0,0.0,621.0,0,0,0,1,0,0,0,0,0.0,89.1827,73.5625,119.4167,0,0,0,0,0,0,16,1033,12,799,8192,123,15,20,38939.25,32580.864,105307.0,50835.0,9981129.16,17154.367,10037101.0,9814484.0
49880,443,6,6035.0,5287.0,1798.0,0.0,566.8333,637.4968,2920.0,0.0,529.4714,1021.0018,561569.37,1980906.503,9994701.0,3.0,1955739.0,113434.9,171848.302,667517.0,175.0,11021050.0,1004030.5,2894230.593,9999128.0,3.0,0,0,0,0,0.0,2920.0,0,0,0,1,0,0,0,0,1.0,617.541,566.8333,529.4714,0,0,0,0,0,0,9,6035,11,5287,8192,9,8,20,1737492.0,0.0,1737492.0,1737492.0,9994777.0,0.0,9994707.0,9994777.0
46426,443,6,635.0,168.0,517.0,0.0,90.7143,190.7072,168.0,0.0,42.0,84.0,542863.1,1552630.565,4999143.0,3.0,5200387.0,850062.83,2045254.44,4952875.0,3.0,110659.0,36653.0,30904.28,75209.0,482.0,0,0,0,0,0.0,517.0,0,0,0,1,0,0,0,0,0.0,73.0,90.7143,42.0,0,0,0,0,0,0,7,635,4,168,29200,340,3,32,0.0,0.0,0.0,0.0,0.0,0.0,0.0,0.0
59425,53,17,140.0,298.0,35.0,35.0,35.0,0.0,79.0,79.0,79.0,0.0,8243.57,18786.29,44140.0,1.0,45223.0,14471.66,24266.656,45210.0,1.0,15574.0,5521.66,8073.589,15521.0,1.0,0,0,0,0,35.0,79.0,0,0,0,0,0,0,0,0,1.0,53.125,35.0,79.0,0,0,0,0,0,0,4,140,4,298,-1,-1,3,20,0.0,0.0,0.0,0.0,0.0,0.0,0.0,0.0
54426,53,17,82.0,114.0,41.0,41.0,41.0,0.0,57.0,57.0,57.0,0.0,54.0,81.406,154.0,4.0,4.0,4.0,0.0,4.0,4.0,4.0,4.0,0.0,4.0,4.0,0,0,0,0,41.0,57.0,0,0,0,0,0,0,0,0,1.0,59.25,41.0,57.0,0,0,0,0,0,0,2,82,2,114,-1,-1,1,20,0.0,0.0,0.0,0.0,0.0,0.0,0.0,0.0
443,62117,6,0.0,0.0,0.0,0.0,0.0,0.0,0.0,0.0,0.0,0.0,3.0,0.0,3.0,3.0,3.0,3.0,0.0,3.0,3.0,0.0,0.0,0.0,0.0,0.0,0,0,0,0,0.0,0.0,0,0,0,0,1,0,0,0,0.0,0.0,0.0,0.0,0,0,0,0,0,0,2,0,0,0,349,-1,0,32,0.0,0.0,0.0,0.0,0.0,0.0,0.0,0.0
55967,53,17,86.0,198.0,43.0,43.0,43.0,0.0,99.0,99.0,99.0,0.0,16350.0,28387.18,49005.0,3.0,49.0,49.0,0.0,49.0,49.0,3.0,3.0,0.0,3.0,3.0,0,0,0,0,43.0,99.0,0,0,0,0,0,0,0,0,1.0,81.75,43.0,99.0,0,0,0,0,0,0,2,86,2,198,-1,-1,1,32,0.0,0.0,0.0,0.0,0.0,0.0,0.0,0.0
62745,53,17,74.0,202.0,37.0,37.0,37.0,0.0,101.0,101.0,101.0,0.0,34780.33,64228.484,104336.0,3.0,3.0,3.0,0.0,3.0,3.0,4.0,4.0,0.0,4.0,4.0,0,0,0,0,37.0,101.0,0,0,0,0,0,0,0,0,1.0,78.25,37.0,101.0,0,0,0,0,0,0,2,74,2,202,-1,-1,1,32,0.0,0.0,0.0,0.0,0.0,0.0,0.0,0.0
57822,10443,6,1301.0,2288.0,629.0,0.0,192.4444,308.2107,2210.0,0.0,548.1667,1068.5346,2270069.54,9953436.338,29743100.0,4.0,120527.0,23131.5,26062.669,87978.0,830.0,30086669.0,4621951.8,5842804.453,20088793.0,4.0,0,0,0,0,0.0,2210.0,0,0,0,1,0,0,0,0,1.0,389.8333,192.4444,548.1667,0,0,0,0,0,0,7,1301,6,2288,8192,32,6,20,0.0,0.0,0.0,0.0,0.0,0.0,0.0,0.0
49936,443,6,12.0,0.0,6.0,6.0,6.0,0.0,0.0,0.0,0.0,0.0,695.0,0.0,695.0,695.0,695.0,695.0,0.0,695.0,695.0,0.0,0.0,0.0,0.0,0.0,0,0,0,0,6.0,6.0,0,0,0,0,1,0,0,0,0.0,9.0,6.0,0.0,0,0,0,0,0,0,2,12,0,0,255,-1,1,20,0.0,0.0,0.0,0.0,0.0,0.0,0.0,0.0
51660,80,6,437.0,796.0,437.0,0.0,27.3125,109.25,796.0,0.0,56.8571,212.7399,4023957.8,4981200.713,10024183.0,45.0,115384377.0,7680666.13,4163282.741,10048007.0,93.0,110595729.0,8506376.38,3763549.237,10048248.0,2978.0,0,0,0,0,0.0,796.0,0,0,0,1,0,0,0,0,0.0,41.1,27.3125,56.8571,0,0,0,0,0,0,16,437,14,796,29200,285,1,32,46465.09,7768.921,43804.0,36230.0,10019193.63,4059.665,10024180.0,9997789.0
443,50811,6,0.0,0.0,0.0,0.0,0.0,0.0,0.0,0.0,0.0,0.0,22.0,0.0,22.0,22.0,0.0,0.0,0.0,0.0,0.0,0.0,0.0,0.0,0.0,0.0,0,0,0,0,0.0,0.0,0,0,0,0,1,1,0,0,1.0,0.0,0.0,0.0,0,0,0,0,0,0,1,0,1,0,62,33304,0,32,0.0,0.0,0.0,0.0,0.0,0.0,0.0,0.0
443,52009,6,37.0,0.0,31.0,6.0,18.5,17.6777,0.0,0.0,0.0,0.0,3.0,0.0,3.0,3.0,3.0,3.0,0.0,3.0,3.0,0.0,0.0,0.0,0.0,0.0,1,0,0,0,6.0,31.0,0,1,0,0,1,0,0,0,0.0,34.0,18.5,0.0,0,0,0,0,0,0,2,37,0,0,114,-1,1,20,0.0,0.0,0.0,0.0,0.0,0.0,0.0,0.0
59414,443,6,644.0,2775.0,342.0,0.0,84.8889,130.8593,1460.0,0.0,570.8333,733.0968,834051.46,3061792.538,10009519.0,23.0,10270734.0,1765138.0,4068966.035,10009519.0,370.0,270744.0,55106.8,85492.026,80480.0,49.0,0,0,0,0,0.0,1460.0,0,0,0,1,0,0,0,0,0.0,277.4,84.8889,570.8333,0,0,0,0,0,0,7,644,6,2775,8192,8117,6,20,0.0,0.0,0.0,0.0,0.0,0.0,0.0,0.0
41701,443,6,703.0,3950.0,267.0,0.0,78.1111,103.3023,1448.0,0.0,395.0,587.4831,54331.92,74385.843,297771.0,5.0,837945.0,99819.87,139385.235,297058.0,37.0,885043.0,92644.71,143522.481,398540.0,49.0,0,0,0,0,0.0,1448.0,0,0,0,1,0,0,0,0,1.0,244.8947,78.1111,395.0,0,0,0,0,0,0,9,703,10,3950,29200,254,4,32,0.0,0.0,0.0,0.0,0.0,0.0,0.0,0.0
49859,443,6,12.0,0.0,6.0,6.0,6.0,0.0,0.0,0.0,0.0,0.0,4.0,0.0,4.0,4.0,4.0,4.0,0.0,4.0,4.0,0.0,0.0,0.0,0.0,0.0,0,0,0,0,6.0,6.0,1,0,0,0,0,0,0,0,0.0,9.0,6.0,0.0,0,0,0,0,0,0,2,12,0,0,0,-1,1,20,0.0,0.0,0.0,0.0,0.0,0.0,0.0,0.0
58781,80,6,677.0,692.0,671.0,0.0,134.25,294.5187,690.0,0.0,322.0,476.0704,786094.77,1814183.86,5002680.0,26.0,211796.0,57565.0,16065.239,115673.0,29.0,5216582.0,1704522.33,2896711.135,5000297.0,1265.0,0,0,0,0,0.0,691.0,0,0,0,1,0,0,0,0,1.0,246.125,134.25,322.0,0,0,0,0,0,0,4,677,4,692,65535,31,1,32,0.0,0.0,0.0,0.0,0.0,0.0,0.0,0.0
2165,443,6,1730.0,1533.0,1172.0,0.0,224.5714,473.4005,1393.0,0.0,319.25,561.1881,6650254.91,13776206.879,45000513.0,51.0,90232548.0,11015225.66,18997100.688,45031791.0,128.0,90307821.0,12716463.71,17314227.411,45031886.0,345.0,0,0,0,0,0.0,1392.0,0,0,0,1,0,0,0,0,1.0,306.0848,224.5714,319.25,0,0,0,0,0,0,7,1730,8,1533,8192,64,6,20,78960.5,78358.341,120908.0,24926.0,44232380.5,1264.284,45000511.0,44993365.0
49739,80,6,477.0,792.0,471.0,0.0,67.4,184.9168,796.0,0.0,299.4,402.4818,2525549.75,4381467.545,10029606.0,65.0,21406502.0,4094084.11,5323015.027,10212036.0,281.0,21192385.0,5351773.25,5252374.938,10215731.0,2421.0,0,0,0,0,0.0,796.0,0,0,0,1,0,0,0,0,1.0,179.0333,67.4,299.4,0,0,0,0,0,0,10,477,10,792,29200,285,1,32,51198.2,11875.84,167709.0,22898.0,10017974.66,9225.344,10029601.0,9998912.0
443,55334,6,37.0,0.0,37.0,0.0,18.5,26.163,0.0,0.0,0.0,0.0,43.0,0.0,43.0,43.0,43.0,43.0,0.0,43.0,43.0,0.0,0.0,0.0,0.0,0.0,1,0,0,0,0.0,37.0,0,1,0,0,1,0,0,0,0.0,37.0,18.5,0.0,0,0,0,0,0,0,2,37,0,0,1120,-1,0,32,0.0,0.0,0.0,0.0,0.0,0.0,0.0,0.0
37270,53,17,64.0,96.0,32.0,32.0,32.0,0.0,48.0,48.0,48.0,0.0,61.66,109.489,190.0,3.0,3.0,3.0,0.0,3.0,3.0,4.0,4.0,0.0,4.0,4.0,0,0,0,0,32.0,48.0,0,0,0,0,0,0,0,0,1.0,48.0,32.0,48.0,0,0,0,0,0,0,2,64,2,96,-1,-1,1,32,0.0,0.0,0.0,0.0,0.0,0.0,0.0,0.0
57557,443,6,2858.0,97530.0,665.0,0.0,48.3106,152.5821,3566.0,0.0,1662.4585,941.2775,124105.35,1287803.846,10214645.0,1.0,18042039.0,472366.5,1131458.298,10214642.0,1.0,18605214.0,647769.34,1847125.348,10318157.0,2.0,0,0,0,0,0.0,3566.0,0,0,0,1,0,0,0,0,1.0,1032.9378,48.3106,1662.4585,0,0,0,0,0,0,91,2858,122,97530,29200,64,10,32,618590.0,1000000.0,1618590.0,618590.0,10214614.0,0.0,10214614.0,10214614.0
51433,443,6,18.0,0.0,6.0,6.0,6.0,0.0,0.0,0.0,0.0,0.0,78.33,101.16,185.0,3.0,227.0,113.5,141.863,224.0,3.0,0.0,0.0,0.0,0.0,0.0,0,0,0,0,0.0,6.0,1,0,0,0,0,0,0,0,0.0,6.0,6.0,0.0,0,0,0,0,0,0,3,18,1,0,0,972,2,20,0.0,0.0,0.0,0.0,0.0,0.0,0.0,0.0
58324,443,6,12.0,0.0,6.0,6.0,6.0,0.0,0.0,0.0,0.0,0.0,100.0,0.0,100.0,100.0,100.0,100.0,0.0,100.0,100.0,0.0,0.0,0.0,0.0,0.0,0,0,0,0,6.0,6.0,0,0,0,0,1,0,0,0,0.0,9.0,6.0,0.0,0,0,0,0,0,0,2,12,0,0,254,-1,1,20,0.0,0.0,0.0,0.0,0.0,0.0,0.0,0.0
443,65410,6,0.0,18.0,0.0,0.0,0.0,0.0,6.0,6.0,6.0,0.0,21373.75,43690.816,86164.0,1.0,86669.0,86669.0,0.0,86669.0,86669.0,86598.0,43899.5,61742.141,86592.0,1.0,0,0,0,0,0.0,6.0,0,0,0,0,1,0,0,0,1.0,3.6,0.0,6.0,0,0,0,0,0,0,2,0,3,18,116,0,0,32,0.0,0.0,0.0,0.0,0.0,0.0,0.0,0.0
443,43648,6,0.0,18.0,0.0,0.0,0.0,0.0,6.0,6.0,6.0,0.0,26.66,39.191,79.0,1.0,0.0,0.0,0.0,0.0,0.0,5.0,2.5,2.128,4.0,1.0,0,0,0,0,0.0,6.0,0,0,0,0,1,0,0,0,3.0,4.5,0.0,6.0,0,0,0,0,0,0,1,0,3,18,1120,0,0,32,0.0,0.0,0.0,0.0,0.0,0.0,0.0,0.0
51596,443,6,955.0,4798.0,553.0,0.0,79.9286,164.8929,1448.0,0.0,556.1429,638.913,34602.51,52705.747,158513.0,1.0,624247.0,65077.16,73774.906,159539.0,1.0,596863.0,63744.16,62204.279,159264.0,1.0,0,0,0,0,0.0,1448.0,0,0,0,1,0,0,0,0,0.0,252.1947,79.9286,556.1429,0,0,0,0,0,0,14,955,7,4798,65535,114,6,32,0.0,0.0,0.0,0.0,0.0,0.0,0.0,0.0
61095,53,17,55.0,110.0,55.0,55.0,55.0,0.0,110.0,110.0,110.0,0.0,30728.0,0.0,30728.0,30728.0,0.0,0.0,0.0,0.0,0.0,0.0,0.0,0.0,0.0,0.0,0,0,0,0,55.0,110.0,0,0,0,0,0,0,0,0,1.0,110.0,55.0,110.0,0,0,0,0,0,0,1,55,1,110,-1,-1,0,20,0.0,0.0,0.0,0.0,0.0,0.0,0.0,0.0
443,49704,6,6.0,6.0,6.0,6.0,6.0,0.0,6.0,6.0,6.0,0.0,71.0,0.0,71.0,71.0,0.0,0.0,0.0,0.0,0.0,0.0,0.0,0.0,0.0,0.0,0,0,0,0,6.0,6.0,0,0,0,0,1,1,0,0,1.0,9.0,6.0,6.0,0,0,0,0,0,0,1,6,1,6,32,32850,0,20,0.0,0.0,0.0,0.0,0.0,0.0,0.0,0.0
65499,53,17,60.0,248.0,30.0,30.0,30.0,0.0,124.0,124.0,124.0,0.0,10400.33,18080.545,31291.0,3.0,3.0,3.0,0.0,3.0,3.0,47.0,47.0,0.0,47.0,47.0,0,0,0,0,30.0,124.0,0,0,0,0,0,0,0,0,1.0,84.5,30.0,124.0,0,0,0,0,0,0,2,60,2,248,-1,-1,1,20,0.0,0.0,0.0,0.0,0.0,0.0,0.0,0.0
443,53043,6,37.0,0.0,37.0,0.0,18.5,26.163,0.0,0.0,0.0,0.0,3.0,0.0,3.0,3.0,3.0,3.0,0.0,3.0,3.0,0.0,0.0,0.0,0.0,0.0,1,0,0,0,0.0,37.0,0,1,0,0,1,0,0,0,0.0,37.0,18.5,0.0,0,0,0,0,0,0,2,37,0,0,114,-1,0,32,0.0,0.0,0.0,0.0,0.0,0.0,0.0,0.0
59544,443,6,995.0,3903.0,543.0,0.0,128.125,218.6618,1460.0,0.0,430.5714,606.2106,39944.83,63662.565,198590.0,33.0,457482.0,95788.57,77697.142,198500.0,168.0,486286.0,51476.33,97880.04,188505.0,49.0,0,0,0,0,0.0,1460.0,0,0,0,1,0,0,0,0,1.0,301.1286,128.125,430.5714,0,0,0,0,0,0,8,995,7,3903,29200,5982,7,20,0.0,0.0,0.0,0.0,0.0,0.0,0.0,0.0
43134,80,6,0.0,0.0,0.0,0.0,0.0,0.0,0.0,0.0,0.0,0.0,46494.0,0.0,46494.0,46494.0,0.0,0.0,0.0,0.0,0.0,0.0,0.0,0.0,0.0,0.0,0,0,0,0,0.0,0.0,0,0,0,0,1,1,0,0,1.0,0.0,0.0,0.0,0,0,0,0,0,0,1,0,1,0,1324,939,0,32,0.0,0.0,0.0,0.0,0.0,0.0,0.0,0.0
61025,53,17,116.0,238.0,64.0,52.0,58.0,7.0711,126.0,78.0,119.0,15.926,145589.0,207794.816,453967.0,36777.0,429030.0,429030.0,0.0,426030.0,429030.0,525844.0,425844.0,0.0,525844.0,425844.0,0,0,0,0,52.0,126.0,0,0,0,0,0,0,0,0,1.0,101.75,58.0,119.0,0,0,0,0,0,0,2,116,2,238,-1,-1,1,32,0.0,0.0,0.0,0.0,0.0,0.0,0.0,0.0
59397,53,17,138.0,466.0,69.0,69.0,69.0,0.0,233.0,233.0,233.0,0.0,70.33,115.097,206.0,3.0,3.0,3.0,0.0,3.0,3.0,3.0,3.0,0.0,3.0,3.0,0,0,0,0,69.0,233.0,0,0,0,0,0,0,0,0,1.0,178.25,69.0,233.0,0,0,0,0,0,0,2,138,2,466,-1,-1,1,20,0.0,0.0,0.0,0.0,0.0,0.0,0.0,0.0
1008,53,17,94.0,196.0,47.0,47.0,47.0,0.0,98.0,98.0,98.0,0.0,66.33,76.81,149.0,4.0,4.0,4.0,0.0,4.0,4.0,47.0,47.0,0.0,47.0,47.0,0,0,0,0,47.0,98.0,0,0,0,0,0,0,0,0,1.0,84.25,47.0,98.0,0,0,0,0,0,0,2,94,2,196,-1,-1,1,20,0.0,0.0,0.0,0.0,0.0,0.0,0.0,0.0
443,63825,6,0.0,0.0,0.0,0.0,0.0,0.0,0.0,0.0,0.0,0.0,33.5,48.727,64.0,3.0,3.0,3.0,0.0,3.0,3.0,0.0,0.0,0.0,0.0,0.0,0,0,0,0,0.0,0.0,0,0,0,0,1,1,0,0,0.0,0.0,0.0,0.0,0,0,0,0,0,0,2,0,1,0,362,32832,0,32,0.0,0.0,0.0,0.0,0.0,0.0,0.0,0.0
62481,53,17,52.0,146.0,52.0,52.0,52.0,0.0,146.0,146.0,146.0,0.0,278188.0,0.0,278188.0,278188.0,0.0,0.0,0.0,0.0,0.0,0.0,0.0,0.0,0.0,0.0,0,0,0,0,52.0,146.0,0,0,0,0,0,0,0,0,1.0,125.0,52.0,146.0,0,0,0,0,0,0,1,52,1,146,-1,-1,0,20,0.0,0.0,0.0,0.0,0.0,0.0,0.0,0.0
50647,80,6,23282.0,94720.0,388.0,6.0,193.6538,178.7031,846.0,6.0,459.8222,349.7236,398901.44,1967854.31,10008765.0,10.0,116882364.0,957032.2,2003942.961,10111784.0,75657.0,116928405.0,894921.0,2687242.245,10112669.0,43.0,1,0,0,0,6.0,846.0,0,1,0,0,1,0,0,0,1.0,381.1796,193.6538,459.8222,0,0,0,0,0,0,124,23282,572,94720,63572,334,23,20,649605.83,1384887.092,16228047.0,514060.0,10001114.36,13961.558,10008769.0,9999842.0
60912,443,6,2279.0,1603.0,907.0,0.0,172.4545,309.9222,1057.0,0.0,155.2105,318.4461,65173.72,254750.458,908995.0,1.0,1075829.0,42202.9,300798.553,998576.0,1.0,1147376.0,189492.23,370950.919,999318.0,1.0,0,0,0,0,0.0,1257.0,0,0,0,1,0,0,0,0,0.0,175.1381,172.4545,155.2105,0,0,0,0,0,0,11,2279,16,1603,65535,8192,10,20,0.0,0.0,0.0,0.0,0.0,0.0,0.0,0.0
55494,443,6,713.0,479.0,469.0,0.0,71.3,147.2874,341.0,0.0,95.8,149.5299,6913.35,9283.212,23902.0,37.0,78273.0,9573.44,10449.025,29407.0,49.0,41143.0,12850.25,12011.517,24936.0,365.0,0,0,0,0,0.0,469.0,0,0,0,1,0,0,0,0,0.0,79.4667,71.3,95.8,0,0,0,0,0,0,10,713,5,479,65535,972,5,32,0.0,0.0,0.0,0.0,0.0,0.0,0.0,0.0
31270,53,17,60.0,264.0,30.0,30.0,30.0,0.0,132.0,132.0,132.0,0.0,64.66,70.056,142.0,3.0,3.0,3.0,0.0,3.0,3.0,48.0,48.0,0.0,48.0,48.0,0,0,0,0,30.0,132.0,0,0,0,0,0,0,0,0,1.0,88.5,30.0,132.0,0,0,0,0,0,0,2,60,2,264,-1,-1,1,20,0.0,0.0,0.0,0.0,0.0,0.0,0.0,0.0
55492,53,17,74.0,220.0,37.0,37.0,37.0,0.0,110.0,110.0,110.0,0.0,10344.0,17907.09,31024.0,3.0,3.0,3.0,0.0,3.0,3.0,4.0,4.0,0.0,4.0,4.0,0,0,0,0,37.0,110.0,0,0,0,0,0,0,0,0,1.0,82.75,37.0,110.0,0,0,0,0,0,0,2,74,2,220,-1,-1,1,32,0.0,0.0,0.0,0.0,0.0,0.0,0.0,0.0
56566,443,6,1067.0,227.0,517.0,0.0,93.6571,167.8402,246.0,0.0,32.9231,78.093,1795389.17,3968665.416,10102644.0,4.0,32236429.0,3902092.9,4926735.146,10240035.0,4.0,40229962.0,4146272.87,5123193.738,10240243.0,4.0,0,0,0,0,0.0,517.0,0,0,0,1,0,0,0,0,0.0,69.0,93.6571,32.9231,0,0,0,0,0,0,14,1067,13,227,29200,115,3,32,343165.85,462655.854,1871206.0,237622.0,10166785.66,62592.327,10102645.0,9950520.0
52712,53,17,64.0,158.0,32.0,32.0,32.0,0.0,79.0,79.0,79.0,0.0,63.33,104.2,183.0,3.0,3.0,3.0,0.0,3.0,3.0,3.0,3.0,0.0,3.0,3.0,0,0,0,0,32.0,79.0,0,0,0,0,0,0,0,0,1.0,63.5,32.0,79.0,0,0,0,0,0,0,2,64,2,158,-1,-1,1,20,0.0,0.0,0.0,0.0,0.0,0.0,0.0,0.0
60525,53,17,47.0,146.0,47.0,47.0,47.0,0.0,146.0,146.0,146.0,0.0,160727.0,0.0,160727.0,160727.0,0.0,0.0,0.0,0.0,0.0,0.0,0.0,0.0,0.0,0.0,0,0,0,0,47.0,146.0,0,0,0,0,0,0,0,0,1.0,120.0,47.0,146.0,0,0,0,0,0,0,1,47,1,146,-1,-1,0,32,0.0,0.0,0.0,0.0,0.0,0.0,0.0,0.0
61790,53,17,64.0,310.0,32.0,32.0,32.0,0.0,155.0,155.0,155.0,0.0,10296.66,17814.012,30883.0,3.0,4.0,4.0,0.0,4.0,4.0,3.0,3.0,0.0,3.0,3.0,0,0,0,0,32.0,155.0,0,0,0,0,0,0,0,0,1.0,101.5,32.0,155.0,0,0,0,0,0,0,2,64,2,310,-1,-1,1,20,0.0,0.0,0.0,0.0,0.0,0.0,0.0,0.0
58061,80,6,12.0,0.0,6.0,0.0,4.0,3.4641,0.0,0.0,0.0,0.0,1863693.33,3190343.373,5403514.0,59.0,5629686.0,2814843.0,3762683.222,5403514.0,16831.0,0.0,0.0,0.0,0.0,0.0,0,0,0,0,0.0,6.0,0,0,0,1,0,0,0,0,0.0,3.0,4.0,0.0,0,0,0,0,0,0,3,12,1,0,8192,29200,2,20,0.0,0.0,0.0,0.0,0.0,0.0,0.0,0.0
443,62503,6,1005.0,0.0,608.0,0.0,300.7143,400.0,0.0,0.0,0.0,0.0,303.0,0.0,303.0,303.0,303.0,303.0,0.0,303.0,303.0,0.0,0.0,0.0,0.0,0.0,0,0,0,0,0.0,608.0,0,0,0,0,1,0,0,0,0.0,200.0,300.7143,0.0,0,0,0,0,0,0,4,1005,0,0,250,-1,0,32,0.0,0.0,0.0,0.0,0.0,0.0,0.0,0.0
41969,443,6,12.0,0.0,6.0,6.0,6.0,0.0,0.0,0.0,0.0,0.0,3.0,0.0,3.0,3.0,3.0,3.0,0.0,3.0,3.0,0.0,0.0,0.0,0.0,0.0,0,0,0,0,6.0,6.0,1,0,0,0,0,0,0,0,0.0,9.0,6.0,0.0,0,0,0,0,0,0,2,12,0,0,0,-1,1,20,0.0,0.0,0.0,0.0,0.0,0.0,0.0,0.0
54679,443,6,6.0,51.0,6.0,6.0,6.0,0.0,51.0,0.0,15.2,27.0677,4905961.0,5000000.0,9955961.0,4915961.0,9000000.0,0.0,0.0,9000000.0,9000000.0,0.0,0.0,0.0,0.0,0.0,0,0,0,0,0.0,51.0,1,0,0,0,1,0,0,0,1.0,11.5,6.0,15.2,0,0,0,0,0,0,1,6,1,51,0,946,0,20,0.0,0.0,0.0,0.0,0.0,0.0,0.0,0.0
57955,53,17,140.0,224.0,35.0,35.0,35.0,0.0,51.0,51.0,51.0,0.0,6275.0,12332.255,30780.0,1.0,30730.0,10213.0,17778.801,30780.0,1.0,3.0,3.0,0.0,3.0,3.0,0,0,0,0,35.0,51.0,0,0,0,0,0,0,0,0,0.0,46.8333,35.0,51.0,0,0,0,0,0,0,4,140,2,224,-1,-1,3,20,0.0,0.0,0.0,0.0,0.0,0.0,0.0,0.0
62111,53,17,43.0,59.0,43.0,43.0,43.0,0.0,59.0,59.0,59.0,0.0,61777.0,0.0,61777.0,61777.0,0.0,0.0,0.0,0.0,0.0,0.0,0.0,0.0,0.0,0.0,0,0,0,0,43.0,59.0,0,0,0,0,0,0,0,0,1.0,72.5,43.0,59.0,0,0,0,0,0,0,1,43,1,59,-1,-1,0,20,0.0,0.0,0.0,0.0,0.0,0.0,0.0,0.0
56830,80,6,12.0,0.0,6.0,0.0,4.0,3.4641,0.0,0.0,0.0,0.0,1799436.33,3034710.57,5359670.0,135.0,5389492.0,2694746.0,3701121.01,5359670.0,85222.0,0.0,0.0,0.0,0.0,0.0,0,0,0,0,0.0,6.0,0,0,0,1,0,0,0,0,0.0,3.0,4.0,0.0,0,0,0,0,0,0,3,12,1,0,8192,26883,2,20,0.0,0.0,0.0,0.0,0.0,0.0,0.0,0.0
62958,53,17,166.0,392.0,83.0,83.0,83.0,0.0,196.0,196.0,196.0,0.0,64.66,100.736,188.0,3.0,3.0,3.0,0.0,3.0,3.0,3.0,3.0,0.0,3.0,3.0,0,0,0,0,83.0,196.0,0,0,0,0,0,0,0,0,1.0,161.25,83.0,196.0,0,0,0,0,0,0,2,166,2,392,-1,-1,1,20,0.0,0.0,0.0,0.0,0.0,0.0,0.0,0.0
56535,80,6,12.0,0.0,6.0,6.0,6.0,0.0,0.0,0.0,0.0,0.0,100.0,0.0,100.0,100.0,100.0,100.0,0.0,100.0,100.0,0.0,0.0,0.0,0.0,0.0,0,0,0,0,6.0,6.0,0,0,0,0,1,0,0,0,0.0,9.0,6.0,0.0,0,0,0,0,0,0,2,12,0,0,16425,-1,1,20,0.0,0.0,0.0,0.0,0.0,0.0,0.0,0.0
51366,53,17,68.0,158.0,34.0,34.0,34.0,0.0,79.0,79.0,79.0,0.0,20483.0,35433.022,61443.0,3.0,49.0,49.0,0.0,49.0,49.0,3.0,3.0,0.0,3.0,3.0,0,0,0,0,34.0,79.0,0,0,0,0,0,0,0,0,1.0,65.0,34.0,79.0,0,0,0,0,0,0,2,68,2,158,-1,-1,1,20,0.0,0.0,0.0,0.0,0.0,0.0,0.0,0.0
44440,443,6,617.0,100654.0,373.0,0.0,16.1595,53.6429,4344.0,0.0,1927.0,944.3372,6773.05,13097.77,47351.0,1.0,227756.0,13642.07,16055.132,47334.0,4.0,137872.0,6446.11,14870.517,59808.0,2.0,0,0,0,0,0.0,4344.0,0,0,0,1,0,0,0,0,2.0,1218.8085,16.1595,1927.0,0,0,0,0,0,0,32,617,67,100654,29200,972,4,32,0.0,0.0,0.0,0.0,0.0,0.0,0.0,0.0
443,48498,6,0.0,0.0,0.0,0.0,0.0,0.0,0.0,0.0,0.0,0.0,43.0,0.0,43.0,43.0,0.0,0.0,0.0,0.0,0.0,0.0,0.0,0.0,0.0,0.0,0,0,0,0,0.0,0.0,0,0,0,0,1,1,0,0,1.0,0.0,0.0,0.0,0,0,0,0,0,0,1,0,1,0,402,319,0,32,0.0,0.0,0.0,0.0,0.0,0.0,0.0,0.0
54823,443,6,1060.0,584.0,517.0,0.0,165.0,242.7035,492.0,0.0,118.5,221.3277,357892.37,1073948.873,3460630.0,148.0,3906789.0,884054.5,1506427.886,3460630.0,228.0,3664773.0,779493.6,1674516.508,3651362.0,495.0,0,0,0,0,0.0,517.0,0,0,0,1,0,0,0,0,1.0,158.5475,165.0,118.5,0,0,0,0,0,0,5,1060,6,584,8192,123,4,20,0.0,0.0,0.0,0.0,0.0,0.0,0.0,0.0
443,50134,6,0.0,0.0,0.0,0.0,0.0,0.0,0.0,0.0,0.0,0.0,39.0,0.0,39.0,39.0,0.0,0.0,0.0,0.0,0.0,0.0,0.0,0.0,0.0,0.0,0,0,0,0,0.0,0.0,0,0,0,0,1,1,0,0,1.0,0.0,0.0,0.0,0,0,0,0,0,0,1,0,1,0,349,32832,0,32,0.0,0.0,0.0,0.0,0.0,0.0,0.0,0.0
30027,443,6,0.0,0.0,0.0,0.0,0.0,0.0,0.0,0.0,0.0,0.0,36799.0,0.0,36799.0,36799.0,0.0,0.0,0.0,0.0,0.0,0.0,0.0,0.0,0.0,0.0,0,0,0,0,0.0,0.0,0,0,0,0,1,1,0,0,1.0,0.0,0.0,0.0,0,0,0,0,0,0,1,0,1,0,2832,74,0,32,0.0,0.0,0.0,0.0,0.0,0.0,0.0,0.0
60791,53,17,44.0,262.0,44.0,44.0,44.0,0.0,262.0,262.0,262.0,0.0,30902.0,0.0,30902.0,30902.0,0.0,0.0,0.0,0.0,0.0,0.0,0.0,0.0,0.0,0.0,0,0,0,0,44.0,262.0,0,0,0,0,0,0,0,0,1.0,175.0,44.0,262.0,0,0,0,0,0,0,1,44,1,262,-1,-1,0,32,0.0,0.0,0.0,0.0,0.0,0.0,0.0,0.0
50233,443,6,135.0,46.0,46.0,6.0,27.0,20.1246,46.0,46.0,46.0,0.0,821180.6,1756458.293,3999407.0,3.0,4122845.0,1020986.25,1983104.079,3999407.0,3.0,0.0,0.0,0.0,0.0,0.0,1,0,0,0,6.0,46.0,0,1,0,0,1,0,0,0,0.0,37.8333,27.0,46.0,0,0,0,0,0,0,5,135,1,46,254,360,4,20,0.0,0.0,0.0,0.0,0.0,0.0,0.0,0.0
53165,443,6,6.0,6.0,6.0,6.0,6.0,0.0,6.0,6.0,6.0,0.0,3.0,0.0,3.0,3.0,0.0,0.0,0.0,0.0,0.0,0.0,0.0,0.0,0.0,0.0,0,0,0,0,6.0,6.0,0,0,0,0,1,0,0,0,1.0,9.0,6.0,6.0,0,0,0,0,0,0,1,6,1,6,63273,8192,0,20,0.0,0.0,0.0,0.0,0.0,0.0,0.0,0.0
80,49167,6,0.0,0.0,0.0,0.0,0.0,0.0,0.0,0.0,0.0,0.0,3.0,0.0,3.0,3.0,3.0,3.0,0.0,3.0,3.0,0.0,0.0,0.0,0.0,0.0,0,0,0,0,0.0,0.0,0,0,0,0,1,0,0,0,0.0,0.0,0.0,0.0,0,0,0,0,0,0,2,0,0,0,905,-1,0,32,0.0,0.0,0.0,0.0,0.0,0.0,0.0,0.0
443,51244,6,0.0,0.0,0.0,0.0,0.0,0.0,0.0,0.0,0.0,0.0,77.0,0.0,77.0,77.0,0.0,0.0,0.0,0.0,0.0,0.0,0.0,0.0,0.0,0.0,0,0,0,0,0.0,0.0,0,0,0,0,1,0,0,0,1.0,0.0,0.0,0.0,0,0,0,0,0,0,1,0,1,0,8882,33304,0,32,0.0,0.0,0.0,0.0,0.0,0.0,0.0,0.0
55992,53,17,70.0,158.0,35.0,35.0,35.0,0.0,79.0,79.0,79.0,0.0,46.0,71.213,132.0,3.0,3.0,3.0,0.0,3.0,3.0,3.0,3.0,0.0,3.0,3.0,0,0,0,0,35.0,79.0,0,0,0,0,0,0,0,0,1.0,65.75,35.0,79.0,0,0,0,0,0,0,2,70,2,158,-1,-1,1,20,0.0,0.0,0.0,0.0,0.0,0.0,0.0,0.0
60598,443,6,652.0,343.0,453.0,0.0,93.2,167.252,185.0,0.0,48.6,83.1143,23847.07,41245.684,96524.0,7.0,162598.0,37799.0,40156.843,91496.0,13.0,190634.0,47206.5,51709.942,90177.0,49.0,0,0,0,0,0.0,453.0,0,0,0,1,0,0,0,0,0.0,86.1,93.2,48.6,0,0,0,0,0,0,5,652,5,343,65535,114,4,32,0.0,0.0,0.0,0.0,0.0,0.0,0.0,0.0
61776,53,17,46.0,111.0,46.0,46.0,46.0,0.0,111.0,111.0,111.0,0.0,531597.0,0.0,531597.0,531597.0,0.0,0.0,0.0,0.0,0.0,0.0,0.0,0.0,0.0,0.0,0,0,0,0,46.0,111.0,0,0,0,0,0,0,0,0,1.0,101.5,46.0,111.0,0,0,0,0,0,0,1,46,1,111,-1,-1,0,32,0.0,0.0,0.0,0.0,0.0,0.0,0.0,0.0
55691,443,6,12.0,0.0,6.0,6.0,6.0,0.0,0.0,0.0,0.0,0.0,121.0,0.0,121.0,121.0,121.0,121.0,0.0,121.0,121.0,0.0,0.0,0.0,0.0,0.0,0,0,0,0,6.0,6.0,0,0,0,0,1,0,0,0,0.0,9.0,6.0,0.0,0,0,0,0,0,0,2,12,0,0,16231,-1,1,20,0.0,0.0,0.0,0.0,0.0,0.0,0.0,0.0
55742,53,17,88.0,662.0,44.0,44.0,44.0,0.0,331.0,331.0,331.0,0.0,21083.66,36334.26,63245.0,3.0,3.0,3.0,0.0,3.0,3.0,3.0,3.0,0.0,3.0,3.0,0,0,0,0,44.0,331.0,0,0,0,0,0,0,0,0,1.0,198.5,44.0,331.0,0,0,0,0,0,0,2,88,2,662,-1,-1,1,20,0.0,0.0,0.0,0.0,0.0,0.0,0.0,0.0
443,49940,6,12.0,0.0,6.0,6.0,6.0,0.0,0.0,0.0,0.0,0.0,799230.0,0.0,799230.0,799230.0,799230.0,799230.0,0.0,799230.0,799230.0,0.0,0.0,0.0,0.0,0.0,0,0,0,0,6.0,6.0,0,0,0,0,1,0,0,0,0.0,9.0,6.0,0.0,0,0,0,0,0,0,2,12,0,0,5266,-1,1,20,0.0,0.0,0.0,0.0,0.0,0.0,0.0,0.0
60021,53,17,95.0,259.0,58.0,45.0,47.5,9.1924,136.0,112.0,129.5,16.1653,109621.0,102681.518,198873.0,31045.0,138874.0,138874.0,0.0,138874.0,138874.0,158858.0,158858.0,0.0,158858.0,158858.0,0,0,0,0,45.0,136.0,0,0,0,0,0,0,0,0,1.0,95.75,47.5,129.5,0,0,0,0,0,0,2,95,2,259,-1,-1,1,32,0.0,0.0,0.0,0.0,0.0,0.0,0.0,0.0
443,48315,6,0.0,0.0,0.0,0.0,0.0,0.0,0.0,0.0,0.0,0.0,53.0,0.0,53.0,53.0,0.0,0.0,0.0,0.0,0.0,0.0,0.0,0.0,0.0,0.0,0,0,0,0,0.0,0.0,0,0,0,0,1,0,0,0,1.0,0.0,0.0,0.0,0,0,0,0,0,0,1,0,1,0,357,310,0,32,0.0,0.0,0.0,0.0,0.0,0.0,0.0,0.0
58633,53,17,64.0,96.0,32.0,32.0,32.0,0.0,48.0,48.0,48.0,0.0,59.66,69.495,127.0,4.0,4.0,4.0,0.0,4.0,4.0,48.0,48.0,0.0,48.0,48.0,0,0,0,0,32.0,48.0,0,0,0,0,0,0,0,0,1.0,48.0,32.0,48.0,0,0,0,0,0,0,2,64,2,96,-1,-1,1,20,0.0,0.0,0.0,0.0,0.0,0.0,0.0,0.0
22851,53,17,62.0,276.0,31.0,31.0,31.0,0.0,138.0,138.0,138.0,0.0,8397.0,14939.372,24180.0,1.0,1.0,1.0,0.0,1.0,1.0,3.0,3.0,0.0,3.0,3.0,0,0,0,0,31.0,138.0,0,0,0,0,0,0,0,0,1.0,92.25,31.0,138.0,0,0,0,0,0,0,2,62,2,276,-1,-1,1,20,0.0,0.0,0.0,0.0,0.0,0.0,0.0,0.0
443,53396,6,6.0,6.0,6.0,6.0,6.0,0.0,6.0,6.0,6.0,0.0,47.0,0.0,47.0,47.0,0.0,0.0,0.0,0.0,0.0,0.0,0.0,0.0,0.0,0.0,0,0,0,0,6.0,6.0,0,0,0,0,1,0,0,0,1.0,9.0,6.0,6.0,0,0,0,0,0,0,1,6,1,6,114,16350,0,20,0.0,0.0,0.0,0.0,0.0,0.0,0.0,0.0
50367,53,17,96.0,228.0,48.0,48.0,48.0,0.0,114.0,114.0,114.0,0.0,10245.66,17716.269,30789.0,3.0,3.0,3.0,0.0,3.0,3.0,49.0,49.0,0.0,49.0,49.0,0,0,0,0,48.0,114.0,0,0,0,0,0,0,0,0,1.0,93.0,48.0,114.0,0,0,0,0,0,0,2,96,2,228,-1,-1,1,20,0.0,0.0,0.0,0.0,0.0,0.0,0.0,0.0
51384,53,17,46.0,46.0,23.0,23.0,23.0,0.0,23.0,23.0,23.0,0.0,75.66,41.579,120.0,49.0,49.0,49.0,0.0,49.0,49.0,191.0,191.0,0.0,191.0,191.0,0,0,0,0,23.0,23.0,0,0,0,0,0,0,0,0,1.0,28.75,23.0,23.0,0,0,0,0,0,0,2,46,2,46,-1,-1,1,32,0.0,0.0,0.0,0.0,0.0,0.0,0.0,0.0
443,52762,6,31.0,6.0,31.0,0.0,15.5,21.9203,6.0,6.0,6.0,0.0,101.0,36.861,150.0,81.0,203.0,203.0,0.0,203.0,203.0,0.0,0.0,0.0,0.0,0.0,1,0,0,0,0.0,31.0,0,1,0,0,1,0,0,0,0.0,22.6667,15.5,6.0,0,0,0,0,0,0,2,31,1,6,972,0,0,32,0.0,0.0,0.0,0.0,0.0,0.0,0.0,0.0
49680,443,6,842.0,12090.0,213.0,0.0,47.6154,73.9899,2920.0,0.0,836.1,865.5368,4758.52,6339.115,29738.0,1.0,184255.0,5210.41,11206.594,22412.0,3.0,60185.0,6879.0,6595.782,23547.0,1.0,0,0,0,0,0.0,2920.0,0,0,0,1,0,0,0,0,0.0,395.95,47.6154,836.1,0,0,0,0,0,0,13,842,15,12090,8192,32,12,20,0.0,0.0,0.0,0.0,0.0,0.0,0.0,0.0
49483,443,6,3516.0,4598.0,807.0,0.0,231.0,346.5012,1318.0,0.0,517.25,502.3233,623046.56,2366217.511,10002536.0,3.0,12682343.0,1128733.43,3377463.29,10002536.0,3.0,10628987.0,1231167.09,3522054.963,10051588.0,217.0,0,0,0,0,0.0,1318.0,0,0,0,1,0,0,0,0,0.0,373.0835,231.0,517.25,0,0,0,0,0,0,16,3516,8,4598,29200,420,8,32,293327.0,402732.808,572282.0,93069.0,9178354.5,1110012.062,10002536.0,6784340.0
51038,80,6,3598.0,12145.0,1480.0,0.0,174.1538,465.6023,3137.0,0.0,929.5455,860.4636,615037.66,2205313.392,10000951.0,1.0,20633141.0,1414924.5,3103276.368,10000882.0,43.0,29699965.0,1518071.54,3250604.184,10051870.0,3.0,0,0,0,0,0.0,3137.0,0,0,0,1,0,0,0,0,1.0,665.9291,174.1538,929.5455,0,0,0,0,0,0,17,3598,19,12145,29200,92,4,32,327574.5,436828.064,621663.0,395054.0,9982951.5,101146.47,10000977.0,9999947.0
443,42590,6,0.0,0.0,0.0,0.0,0.0,0.0,0.0,0.0,0.0,0.0,17.0,0.0,17.0,17.0,0.0,0.0,0.0,0.0,0.0,0.0,0.0,0.0,0.0,0.0,0,0,0,0,0.0,0.0,0,0,0,0,1,1,0,0,1.0,0.0,0.0,0.0,0,0,0,0,0,0,1,0,1,0,164,339,0,32,0.0,0.0,0.0,0.0,0.0,0.0,0.0,0.0
60565,53,17,46.0,233.0,46.0,46.0,46.0,0.0,233.0,233.0,233.0,0.0,91541.0,0.0,91541.0,91541.0,0.0,0.0,0.0,0.0,0.0,0.0,0.0,0.0,0.0,0.0,0,0,0,0,46.0,233.0,0,0,0,0,0,0,0,0,1.0,162.5,46.0,233.0,0,0,0,0,0,0,1,46,1,233,-1,-1,0,32,0.0,0.0,0.0,0.0,0.0,0.0,0.0,0.0
50520,443,6,0.0,0.0,0.0,0.0,0.0,0.0,0.0,0.0,0.0,0.0,136.0,0.0,136.0,136.0,136.0,136.0,0.0,136.0,136.0,0.0,0.0,0.0,0.0,0.0,0,0,0,0,0.0,0.0,0,0,0,0,1,0,0,0,0.0,0.0,0.0,0.0,0,0,0,0,0,0,2,0,0,0,628,-1,0,32,0.0,0.0,0.0,0.0,0.0,0.0,0.0,0.0
49317,443,6,893.0,162209.0,391.0,0.0,20.6538,69.8334,4344.0,0.0,1908.6803,916.8333,580205.94,2222209.445,10027965.0,1.0,116707797.0,1926747.65,3122048.901,10048006.0,1.0,110846266.0,385867.61,3334287.983,10040121.0,1.0,0,0,0,0,0.0,4344.0,0,0,0,1,0,0,0,0,2.0,1004.8224,20.6538,1908.6803,0,0,0,0,0,0,79,893,114,162209,29200,1090,5,20,98138.81,354046.316,754949.0,22989.0,9625918.58,1361116.437,10027961.0,5399186.0
62193,443,6,673.0,6100.0,517.0,0.0,84.125,179.9718,1460.0,0.0,840.0,716.1242,719266.0,2584128.06,8695035.0,8.0,8871864.0,1582762.55,3573819.312,8695035.0,148.0,64674.0,9516.16,15118.219,30431.0,49.0,0,0,0,0,0.0,1460.0,0,0,0,1,0,0,0,0,1.0,495.3333,84.125,840.0,0,0,0,0,0,0,8,673,7,6100,8192,37,7,20,0.0,0.0,0.0,0.0,0.0,0.0,0.0,0.0
41078,80,6,0.0,0.0,0.0,0.0,0.0,0.0,0.0,0.0,0.0,0.0,23652.0,0.0,23652.0,23652.0,0.0,0.0,0.0,0.0,0.0,0.0,0.0,0.0,0.0,0.0,0,0,0,0,0.0,0.0,0,0,0,0,1,1,0,0,1.0,0.0,0.0,0.0,0,0,0,0,0,0,1,0,1,0,237,939,0,32,0.0,0.0,0.0,0.0,0.0,0.0,0.0,0.0
61561,443,17,2051.0,3156.0,1350.0,38.0,345.4545,524.7785,1350.0,30.0,468.0,647.5875,104101.44,386402.57,865488.0,4.0,1161030.0,160009.66,358896.097,865744.0,56.0,1056872.0,318723.25,805968.651,819725.0,4.0,0,0,0,0,27.0,1350.0,0,0,0,0,0,0,0,0,0.0,482.1185,345.4545,468.0,0,0,0,0,0,0,7,2051,5,3156,-1,-1,6,20,0.0,0.0,0.0,0.0,0.0,0.0,0.0,0.0
443,50795,6,0.0,0.0,0.0,0.0,0.0,0.0,0.0,0.0,0.0,0.0,67.0,0.0,67.0,67.0,0.0,0.0,0.0,0.0,0.0,0.0,0.0,0.0,0.0,0.0,0,0,0,0,0.0,0.0,0,0,0,0,1,1,0,0,1.0,0.0,0.0,0.0,0,0,0,0,0,0,1,0,1,0,136,521,0,32,0.0,0.0,0.0,0.0,0.0,0.0,0.0,0.0
80,56210,6,0.0,0.0,0.0,0.0,0.0,0.0,0.0,0.0,0.0,0.0,59.0,0.0,59.0,59.0,0.0,0.0,0.0,0.0,0.0,0.0,0.0,0.0,0.0,0.0,0,0,0,0,0.0,0.0,0,0,0,0,1,1,0,0,1.0,0.0,0.0,0.0,0,0,0,0,0,0,1,0,1,0,972,229,0,32,0.0,0.0,0.0,0.0,0.0,0.0,0.0,0.0
32192,80,6,0.0,0.0,0.0,0.0,0.0,0.0,0.0,0.0,0.0,0.0,745.0,0.0,745.0,745.0,745.0,745.0,0.0,745.0,745.0,0.0,0.0,0.0,0.0,0.0,0,0,0,0,0.0,0.0,0,0,0,0,1,0,0,0,0.0,0.0,0.0,0.0,0,0,0,0,0,0,2,0,0,0,242,-1,0,32,0.0,0.0,0.0,0.0,0.0,0.0,0.0,0.0
62145,53,17,56.0,111.0,56.0,56.0,56.0,0.0,111.0,111.0,111.0,0.0,30619.0,0.0,30619.0,30619.0,0.0,0.0,0.0,0.0,0.0,0.0,0.0,0.0,0.0,0.0,0,0,0,0,56.0,111.0,0,0,0,0,0,0,0,0,1.0,111.5,56.0,111.0,0,0,0,0,0,0,1,56,1,111,-1,-1,0,20,0.0,0.0,0.0,0.0,0.0,0.0,0.0,0.0
50425,80,6,447.0,879.0,437.0,0.0,145.6667,252.3021,859.0,0.0,214.75,427.5094,17917.33,24482.573,51516.0,4.0,80713.0,45856.5,36172.016,71916.0,23377.0,55439.0,15149.66,33475.893,51449.0,4.0,0,0,0,0,0.0,859.0,0,0,0,1,0,0,0,0,1.0,185.4286,145.6667,214.75,0,0,0,0,0,0,3,447,4,879,8192,31,2,20,0.0,0.0,0.0,0.0,0.0,0.0,0.0,0.0
56122,80,6,12.0,0.0,6.0,6.0,6.0,0.0,0.0,0.0,0.0,0.0,25874.0,0.0,25874.0,25874.0,25874.0,25874.0,0.0,25874.0,25874.0,0.0,0.0,0.0,0.0,0.0,0,0,0,0,6.0,6.0,0,0,0,0,1,0,0,0,0.0,9.0,6.0,0.0,0,0,0,0,0,0,2,12,0,0,16425,-1,1,20,0.0,0.0,0.0,0.0,0.0,0.0,0.0,0.0
62114,53,17,52.0,68.0,52.0,52.0,52.0,0.0,68.0,68.0,68.0,0.0,31067.0,0.0,31067.0,31067.0,0.0,0.0,0.0,0.0,0.0,0.0,0.0,0.0,0.0,0.0,0,0,0,0,52.0,68.0,0,0,0,0,0,0,0,0,1.0,86.0,52.0,68.0,0,0,0,0,0,0,1,52,1,68,-1,-1,0,40,0.0,0.0,0.0,0.0,0.0,0.0,0.0,0.0
62248,53,17,49.0,148.0,49.0,49.0,49.0,0.0,148.0,148.0,148.0,0.0,60973.0,0.0,60973.0,60973.0,0.0,0.0,0.0,0.0,0.0,0.0,0.0,0.0,0.0,0.0,0,0,0,0,49.0,148.0,0,0,0,0,0,0,0,0,1.0,123.0,49.0,148.0,0,0,0,0,0,0,1,49,1,148,-1,-1,0,20,0.0,0.0,0.0,0.0,0.0,0.0,0.0,0.0
50565,443,6,907.0,15810.0,244.0,0.0,29.7455,67.4283,2920.0,0.0,804.0378,810.7109,2348342.06,4195002.255,10157793.0,3.0,115964473.0,4610309.05,5101662.135,10240024.0,3.0,112450325.0,4668896.38,5108686.218,10240316.0,49.0,0,0,0,0,0.0,2920.0,0,0,0,1,0,0,0,0,0.0,395.7667,29.7455,804.0378,0,0,0,0,0,0,21,907,23,15810,8192,123,20,20,59035.72,20690.922,141834.0,23840.0,10016328.63,13096.769,10157798.0,9987204.0
19051,53,17,90.0,186.0,45.0,45.0,45.0,0.0,93.0,93.0,93.0,0.0,10467.66,18124.193,31396.0,3.0,3.0,3.0,0.0,3.0,3.0,4.0,4.0,0.0,4.0,4.0,0,0,0,0,45.0,93.0,0,0,0,0,0,0,0,0,1.0,80.25,45.0,93.0,0,0,0,0,0,0,2,90,2,186,-1,-1,1,44,0.0,0.0,0.0,0.0,0.0,0.0,0.0,0.0
54936,40088,6,2906.0,550.0,1405.0,0.0,323.8,669.2136,275.0,0.0,65.0,128.2942,7.9,1.628,14.0,1.0,7.0,1.44,1.044,6.0,1.0,335.0,141.2,297.255,282.0,3.0,0,0,0,0,0.0,1405.0,0,0,0,1,0,0,0,0,0.0,200.1067,323.8,65.0,0,0,0,0,0,0,5,2906,6,550,29200,2059,3,32,0.0,0.0,0.0,0.0,0.0,0.0,0.0,0.0
21,47240,6,0.0,0.0,0.0,0.0,0.0,0.0,0.0,0.0,0.0,0.0,87.0,31.719,79.0,27.0,0.0,0.0,0.0,0.0,0.0,48.0,48.0,0.0,48.0,48.0,0,0,0,0,0.0,0.0,0,0,0,0,1,1,0,0,2.0,0.0,0.0,0.0,0,0,0,0,0,0,1,0,2,0,243,170,0,32,0.0,0.0,0.0,0.0,0.0,0.0,0.0,0.0
50628,443,6,1136.0,1119.0,885.0,0.0,113.6,275.3613,981.0,0.0,186.5,393.1187,29700.8,47586.248,114379.0,3.0,473787.0,40687.33,73096.643,242346.0,3.0,349237.0,58356.4,66168.521,114054.0,494.0,0,0,0,0,0.0,981.0,0,0,0,1,0,0,0,0,0.0,140.9375,113.6,186.5,0,0,0,0,0,0,10,1136,6,1119,65535,116,5,32,0.0,0.0,0.0,0.0,0.0,0.0,0.0,0.0
54758,443,6,927.0,3275.0,684.0,0.0,68.2222,168.623,1486.0,0.0,265.5833,549.0138,2687615.43,4294235.463,10000602.0,38.0,73312058.0,5286900.3,5197637.765,10054962.0,297.0,73256652.0,5884556.29,5071765.587,10051245.0,213.0,0,0,0,0,0.0,1486.0,0,0,0,1,0,0,0,0,0.0,162.4067,68.2222,265.5833,0,0,0,0,0,0,18,927,12,3275,8192,5725,17,20,175632.33,489720.938,1579210.0,35891.0,9996674.33,6661.052,10000603.0,9789505.0
48219,443,6,0.0,0.0,0.0,0.0,0.0,0.0,0.0,0.0,0.0,0.0,286890.0,0.0,286890.0,286890.0,0.0,0.0,0.0,0.0,0.0,0.0,0.0,0.0,0.0,0.0,0,0,0,0,0.0,0.0,0,0,0,0,1,1,0,0,1.0,0.0,0.0,0.0,0,0,0,0,0,0,1,0,1,0,269,31,0,32,0.0,0.0,0.0,0.0,0.0,0.0,0.0,0.0
60663,53,17,90.0,122.0,45.0,45.0,45.0,0.0,61.0,61.0,61.0,0.0,54.33,81.406,156.0,3.0,3.0,3.0,0.0,3.0,3.0,3.0,3.0,0.0,3.0,3.0,0,0,0,0,45.0,61.0,0,0,0,0,0,0,0,0,1.0,64.25,45.0,61.0,0,0,0,0,0,0,2,90,2,122,-1,-1,1,32,0.0,0.0,0.0,0.0,0.0,0.0,0.0,0.0
51149,53,17,84.0,204.0,42.0,42.0,42.0,0.0,102.0,102.0,102.0,0.0,274.33,401.335,817.0,3.0,3.0,3.0,0.0,3.0,3.0,4.0,4.0,0.0,4.0,4.0,0,0,0,0,42.0,102.0,0,0,0,0,0,0,0,0,1.0,82.5,42.0,102.0,0,0,0,0,0,0,2,84,2,204,-1,-1,1,20,0.0,0.0,0.0,0.0,0.0,0.0,0.0,0.0
33452,53,17,60.0,264.0,30.0,30.0,30.0,0.0,132.0,132.0,132.0,0.0,30183.33,52685.597,90448.0,1.0,1.0,1.0,0.0,1.0,1.0,4.0,4.0,0.0,4.0,4.0,0,0,0,0,30.0,132.0,0,0,0,0,0,0,0,0,1.0,88.5,30.0,132.0,0,0,0,0,0,0,2,60,2,264,-1,-1,1,32,0.0,0.0,0.0,0.0,0.0,0.0,0.0,0.0
443,60364,6,0.0,0.0,0.0,0.0,0.0,0.0,0.0,0.0,0.0,0.0,37.0,0.0,37.0,37.0,0.0,0.0,0.0,0.0,0.0,0.0,0.0,0.0,0.0,0.0,0,0,0,0,0.0,0.0,0,0,0,0,1,0,0,0,1.0,0.0,0.0,0.0,0,0,0,0,0,0,1,0,1,0,61,33304,0,32,0.0,0.0,0.0,0.0,0.0,0.0,0.0,0.0
61679,53,17,61.0,119.0,61.0,61.0,61.0,0.0,119.0,119.0,119.0,0.0,31137.0,0.0,31137.0,31137.0,0.0,0.0,0.0,0.0,0.0,0.0,0.0,0.0,0.0,0.0,0,0,0,0,61.0,119.0,0,0,0,0,0,0,0,0,1.0,110.5,61.0,119.0,0,0,0,0,0,0,1,61,1,119,-1,-1,0,32,0.0,0.0,0.0,0.0,0.0,0.0,0.0,0.0
443,49554,6,12.0,0.0,6.0,6.0,6.0,0.0,0.0,0.0,0.0,0.0,48.0,0.0,48.0,48.0,48.0,48.0,0.0,48.0,48.0,0.0,0.0,0.0,0.0,0.0,0,0,0,0,6.0,6.0,0,0,0,0,1,0,0,0,0.0,9.0,6.0,0.0,0,0,0,0,0,0,2,12,0,0,36,-1,1,20,0.0,0.0,0.0,0.0,0.0,0.0,0.0,0.0
61533,53,17,40.0,56.0,40.0,40.0,40.0,0.0,56.0,56.0,56.0,0.0,175371.0,0.0,175371.0,175371.0,0.0,0.0,0.0,0.0,0.0,0.0,0.0,0.0,0.0,0.0,0,0,0,0,40.0,56.0,0,0,0,0,0,0,0,0,1.0,68.0,40.0,56.0,0,0,0,0,0,0,1,40,1,56,-1,-1,0,20,0.0,0.0,0.0,0.0,0.0,0.0,0.0,0.0
1647,80,6,447.0,871.0,435.0,0.0,145.6667,250.0107,859.0,0.0,217.75,427.5094,11476.0,11658.484,23069.0,4.0,33715.0,16857.5,16426.664,23233.0,1340.0,33948.0,11919.33,13634.945,33539.0,4.0,0,0,0,0,0.0,859.0,0,0,0,1,0,0,0,0,1.0,186.8571,145.6667,217.75,0,0,0,0,0,0,3,447,4,871,8192,31,2,20,0.0,0.0,0.0,0.0,0.0,0.0,0.0,0.0
32402,443,6,1160.0,5069.0,851.0,0.0,50.375,190.1673,1448.0,0.0,268.6,525.3053,2781401.25,4416461.353,10025024.0,7.0,115697973.0,5085329.56,4980871.247,10047946.0,48.0,110680994.0,5523983.52,5033711.808,10048249.0,48.0,0,0,0,0,0.0,1448.0,0,0,0,1,0,0,0,0,0.0,157.6294,50.375,268.6,0,0,0,0,0,0,24,1160,20,5069,29200,5609,4,32,50792.9,70416.164,255179.0,41925.0,10021986.54,9116.766,10025020.0,9999818.0
443,62519,6,0.0,18.0,0.0,0.0,0.0,0.0,6.0,6.0,6.0,0.0,43897.5,87493.07,173590.0,1.0,173591.0,173591.0,0.0,173591.0,173591.0,4.0,2.0,1.828,3.0,1.0,0,0,0,0,0.0,6.0,0,0,0,0,1,0,0,0,1.0,3.6,0.0,6.0,0,0,0,0,0,0,2,0,3,18,114,0,0,32,0.0,0.0,0.0,0.0,0.0,0.0,0.0,0.0
80,64631,6,6.0,6.0,6.0,6.0,6.0,0.0,6.0,6.0,6.0,0.0,3.0,0.0,3.0,3.0,0.0,0.0,0.0,0.0,0.0,0.0,0.0,0.0,0.0,0.0,0,0,0,0,6.0,6.0,0,0,0,0,1,1,0,0,1.0,9.0,6.0,6.0,0,0,0,0,0,0,1,6,1,6,26013,225,0,20,0.0,0.0,0.0,0.0,0.0,0.0,0.0,0.0
53515,53,17,86.0,214.0,43.0,43.0,43.0,0.0,107.0,107.0,107.0,0.0,10428.33,18097.674,31283.0,3.0,48.0,48.0,0.0,48.0,48.0,3.0,3.0,0.0,3.0,3.0,0,0,0,0,43.0,107.0,0,0,0,0,0,0,0,0,1.0,85.75,43.0,107.0,0,0,0,0,0,0,2,86,2,214,-1,-1,1,20,0.0,0.0,0.0,0.0,0.0,0.0,0.0,0.0
443,58034,6,0.0,0.0,0.0,0.0,0.0,0.0,0.0,0.0,0.0,0.0,152.0,0.0,152.0,152.0,0.0,0.0,0.0,0.0,0.0,0.0,0.0,0.0,0.0,0.0,0,0,0,0,0.0,0.0,0,0,0,0,1,0,0,0,1.0,0.0,0.0,0.0,0,0,0,0,0,0,1,0,1,0,349,32832,0,32,0.0,0.0,0.0,0.0,0.0,0.0,0.0,0.0
54252,443,6,974.0,7387.0,469.0,0.0,64.9333,134.266,1581.0,0.0,671.5455,745.9321,14072.45,26511.283,92865.0,1.0,300682.0,28792.14,32743.415,107639.0,1.0,247779.0,24545.9,37347.648,95600.0,1.0,0,0,0,0,0.0,1581.0,0,0,0,1,0,0,0,0,0.0,321.5769,64.9333,671.5455,0,0,0,0,0,0,15,974,11,7387,65535,357,6,32,0.0,0.0,0.0,0.0,0.0,0.0,0.0,0.0
58303,53,17,60.0,264.0,30.0,30.0,30.0,0.0,132.0,132.0,132.0,0.0,118.0,160.068,296.0,1.0,1.0,1.0,0.0,1.0,1.0,1.0,1.0,0.0,1.0,1.0,0,0,0,0,30.0,132.0,0,0,0,0,0,0,0,0,1.0,88.5,30.0,132.0,0,0,0,0,0,0,2,60,2,264,-1,-1,1,32,0.0,0.0,0.0,0.0,0.0,0.0,0.0,0.0
50859,443,6,1257.0,28130.0,980.0,0.0,56.75,180.9897,1460.0,0.0,1106.4655,606.2346,1989.2,4338.021,15728.0,1.0,72634.0,3837.25,8166.933,27827.0,1.0,75693.0,2437.4,4397.74,15550.0,2.0,0,0,0,0,0.0,1460.0,0,0,0,1,0,0,0,0,1.0,605.4316,56.75,1106.4655,0,0,0,0,0,0,20,1257,26,28130,65535,32,29,20,0.0,0.0,0.0,0.0,0.0,0.0,0.0,0.0
56782,80,6,12.0,0.0,6.0,6.0,6.0,0.0,0.0,0.0,0.0,0.0,544.0,0.0,544.0,544.0,544.0,544.0,0.0,544.0,544.0,0.0,0.0,0.0,0.0,0.0,0,0,0,0,6.0,6.0,0,0,0,0,1,0,0,0,0.0,9.0,6.0,0.0,0,0,0,0,0,0,2,12,0,0,16210,-1,1,20,0.0,0.0,0.0,0.0,0.0,0.0,0.0,0.0
63463,80,6,434.0,1779.0,434.0,0.0,27.125,108.5,1779.0,0.0,126.8571,473.7376,3992968.31,4881203.649,10017753.0,34.0,115827051.0,7722950.36,4173449.074,10043328.0,453.0,110556105.0,8502971.0,3767466.904,10048112.0,1728.0,0,0,0,0,0.0,1779.0,0,0,0,1,0,0,0,0,0.0,73.8667,27.125,126.8571,0,0,0,0,0,0,16,434,14,1779,29200,939,1,32,22610.18,7047.047,57739.0,22985.0,10012338.18,8589.97,10017754.0,9999978.0
52865,443,6,356.0,3782.0,212.0,0.0,59.3333,89.2248,1460.0,0.0,630.3333,677.2171,23779.09,39843.801,85149.0,48.0,261658.0,52726.6,46665.675,88719.0,172.0,175894.0,35270.8,47537.348,97042.0,48.0,0,0,0,0,0.0,1460.0,0,0,0,1,0,0,0,0,1.0,344.8333,59.3333,630.3333,0,0,0,0,0,0,6,356,6,3782,8192,60,5,20,0.0,0.0,0.0,0.0,0.0,0.0,0.0,0.0
443,63647,6,6.0,6.0,6.0,6.0,6.0,0.0,6.0,6.0,6.0,0.0,61.0,0.0,61.0,61.0,0.0,0.0,0.0,0.0,0.0,0.0,0.0,0.0,0.0,0.0,0,0,0,0,6.0,6.0,0,0,0,0,1,1,0,0,1.0,9.0,6.0,6.0,0,0,0,0,0,0,1,6,1,6,351,257,0,20,0.0,0.0,0.0,0.0,0.0,0.0,0.0,0.0
54944,443,6,800.0,10623.0,203.0,0.0,50.5,72.2478,2896.0,0.0,724.0909,810.7081,14493.27,59600.946,276908.0,0.0,490136.0,31863.66,52437.99,276908.0,0.0,301081.0,20843.11,53479.198,290927.0,2.0,0,0,0,0,0.0,2896.0,0,0,0,1,0,0,0,0,0.0,388.529,50.5,724.0909,0,0,0,0,0,0,16,800,13,10623,29200,290,7,32,0.0,0.0,0.0,0.0,0.0,0.0,0.0,0.0
53061,80,6,12.0,0.0,6.0,6.0,6.0,0.0,0.0,0.0,0.0,0.0,7867.0,0.0,7867.0,7867.0,7867.0,7867.0,0.0,7867.0,7867.0,0.0,0.0,0.0,0.0,0.0,0,0,0,0,6.0,6.0,0,0,0,0,1,0,0,0,0.0,9.0,6.0,0.0,0,0,0,0,0,0,2,12,0,0,16210,-1,1,20,0.0,0.0,0.0,0.0,0.0,0.0,0.0,0.0
53811,443,6,308.0,757.0,235.0,0.0,50.4,91.6779,545.0,0.0,139.25,270.5565,769865.5,2903298.978,9720810.0,72.0,10356475.0,1739941.25,4411684.205,9720810.0,27504.0,50918.0,14259.66,15607.766,22845.0,189.0,0,0,0,0,0.0,545.0,0,0,0,1,0,0,0,0,0.0,91.2,50.4,139.25,0,0,0,0,0,0,5,308,4,757,8192,110,4,20,0.0,0.0,0.0,0.0,0.0,0.0,0.0,0.0
65892,443,6,2096.0,5026.0,1733.0,0.0,319.5556,863.8415,1815.0,0.0,605.75,716.8165,500602.28,1445831.174,5735651.0,3.0,6052309.0,855932.9,2099631.34,5735651.0,189.0,256555.0,41683.0,60602.242,134375.0,191.0,0,0,0,0,0.0,1833.0,0,0,0,1,0,0,0,0,1.0,524.1143,319.5556,605.75,0,0,0,0,0,0,9,2096,8,5026,29200,8140,3,32,0.0,0.0,0.0,0.0,0.0,0.0,0.0,0.0
61687,53,17,51.0,67.0,51.0,51.0,51.0,0.0,67.0,67.0,67.0,0.0,241506.0,0.0,241506.0,241506.0,0.0,0.0,0.0,0.0,0.0,0.0,0.0,0.0,0.0,0.0,0,0,0,0,51.0,67.0,0,0,0,0,0,0,0,0,1.0,84.5,51.0,67.0,0,0,0,0,0,0,1,51,1,67,-1,-1,0,20,0.0,0.0,0.0,0.0,0.0,0.0,0.0,0.0
60991,53,17,49.0,144.0,49.0,49.0,49.0,0.0,144.0,144.0,144.0,0.0,91057.0,0.0,91057.0,91057.0,0.0,0.0,0.0,0.0,0.0,0.0,0.0,0.0,0.0,0.0,0,0,0,0,49.0,144.0,0,0,0,0,0,0,0,0,1.0,121.0,49.0,144.0,0,0,0,0,0,0,1,49,1,144,-1,-1,0,32,0.0,0.0,0.0,0.0,0.0,0.0,0.0,0.0
59169,53,17,90.0,122.0,45.0,45.0,45.0,0.0,61.0,61.0,61.0,0.0,75.33,88.619,171.0,4.0,4.0,4.0,0.0,4.0,4.0,48.0,48.0,0.0,48.0,48.0,0,0,0,0,45.0,61.0,0,0,0,0,0,0,0,0,1.0,64.25,45.0,61.0,0,0,0,0,0,0,2,90,2,122,-1,-1,1,32,0.0,0.0,0.0,0.0,0.0,0.0,0.0,0.0
61205,53,17,41.0,139.0,41.0,41.0,41.0,0.0,139.0,139.0,139.0,0.0,32365.0,0.0,32365.0,32365.0,0.0,0.0,0.0,0.0,0.0,0.0,0.0,0.0,0.0,0.0,0,0,0,0,41.0,139.0,0,0,0,0,0,0,0,0,1.0,110.5,41.0,139.0,0,0,0,0,0,0,1,41,1,139,-1,-1,0,20,0.0,0.0,0.0,0.0,0.0,0.0,0.0,0.0
62465,53,17,62.0,78.0,62.0,62.0,62.0,0.0,78.0,78.0,78.0,0.0,32844.0,0.0,32844.0,32844.0,0.0,0.0,0.0,0.0,0.0,0.0,0.0,0.0,0.0,0.0,0,0,0,0,62.0,78.0,0,0,0,0,0,0,0,0,1.0,101.0,62.0,78.0,0,0,0,0,0,0,1,62,1,78,-1,-1,0,32,0.0,0.0,0.0,0.0,0.0,0.0,0.0,0.0
65093,53,17,88.0,246.0,44.0,44.0,44.0,0.0,123.0,123.0,123.0,0.0,57.0,92.584,164.0,3.0,3.0,3.0,0.0,3.0,3.0,3.0,3.0,0.0,3.0,3.0,0,0,0,0,44.0,123.0,0,0,0,0,0,0,0,0,1.0,94.5,44.0,123.0,0,0,0,0,0,0,2,88,2,246,-1,-1,1,20,0.0,0.0,0.0,0.0,0.0,0.0,0.0,0.0
2721,53,17,68.0,164.0,34.0,34.0,34.0,0.0,82.0,82.0,82.0,0.0,8160.33,14066.66,24480.0,3.0,3.0,3.0,0.0,3.0,3.0,49.0,49.0,0.0,49.0,49.0,0,0,0,0,34.0,82.0,0,0,0,0,0,0,0,0,1.0,66.5,34.0,82.0,0,0,0,0,0,0,2,68,2,164,-1,-1,1,32,0.0,0.0,0.0,0.0,0.0,0.0,0.0,0.0
3813,53,17,96.0,452.0,48.0,48.0,48.0,0.0,226.0,226.0,226.0,0.0,70.66,112.491,205.0,2.0,2.0,2.0,0.0,2.0,2.0,3.0,3.0,0.0,3.0,3.0,0,0,0,0,48.0,226.0,0,0,0,0,0,0,0,0,1.0,149.0,48.0,226.0,0,0,0,0,0,0,2,96,2,452,-1,-1,1,32,0.0,0.0,0.0,0.0,0.0,0.0,0.0,0.0
49891,53,17,78.0,152.0,39.0,39.0,39.0,0.0,76.0,76.0,76.0,0.0,8149.66,14022.295,24444.0,1.0,1.0,1.0,0.0,1.0,1.0,48.0,48.0,0.0,48.0,48.0,0,0,0,0,39.0,76.0,0,0,0,0,0,0,0,0,1.0,67.25,39.0,76.0,0,0,0,0,0,0,2,78,2,152,-1,-1,1,32,0.0,0.0,0.0,0.0,0.0,0.0,0.0,0.0
54052,53,17,92.0,248.0,46.0,46.0,46.0,0.0,124.0,124.0,124.0,0.0,60.33,75.632,145.0,3.0,4.0,4.0,0.0,4.0,4.0,49.0,49.0,0.0,49.0,49.0,0,0,0,0,46.0,124.0,0,0,0,0,0,0,0,0,1.0,96.5,46.0,124.0,0,0,0,0,0,0,2,92,2,248,-1,-1,1,32,0.0,0.0,0.0,0.0,0.0,0.0,0.0,0.0
59125,53,17,104.0,224.0,52.0,52.0,52.0,0.0,112.0,112.0,112.0,0.0,66.33,103.158,194.0,3.0,4.0,4.0,0.0,4.0,4.0,3.0,3.0,0.0,3.0,3.0,0,0,0,0,52.0,112.0,0,0,0,0,0,0,0,0,1.0,95.0,52.0,112.0,0,0,0,0,0,0,2,104,2,224,-1,-1,1,20,0.0,0.0,0.0,0.0,0.0,0.0,0.0,0.0
52358,443,6,3031.0,1790.0,670.0,0.0,215.3,283.2809,622.0,0.0,114.0,264.4405,719061.54,2670738.004,10002871.0,1.0,11968613.0,1147605.55,3104323.756,10002871.0,3.0,11888136.0,1441856.28,3950308.57,10456850.0,1.0,0,0,0,0,0.0,622.0,0,0,0,1,0,0,0,0,0.0,223.6323,215.3,114.0,0,0,0,0,0,0,15,3031,10,1790,8192,9351,14,20,1368809.66,324744.555,4137189.0,50502.0,10467001.0,3429599.763,10002871.0,10011960.0
61036,53,17,75.0,121.0,75.0,75.0,75.0,0.0,121.0,121.0,121.0,0.0,30583.0,0.0,30583.0,30583.0,0.0,0.0,0.0,0.0,0.0,0.0,0.0,0.0,0.0,0.0,0,0,0,0,75.0,121.0,0,0,0,0,0,0,0,0,1.0,145.5,75.0,121.0,0,0,0,0,0,0,1,75,1,121,-1,-1,0,20,0.0,0.0,0.0,0.0,0.0,0.0,0.0,0.0
443,63933,6,0.0,0.0,0.0,0.0,0.0,0.0,0.0,0.0,0.0,0.0,37.5,43.133,66.0,3.0,3.0,3.0,0.0,3.0,3.0,0.0,0.0,0.0,0.0,0.0,0,0,0,0,0.0,0.0,0,0,0,0,1,1,0,0,0.0,0.0,0.0,0.0,0,0,0,0,0,0,2,0,1,0,79,33304,0,32,0.0,0.0,0.0,0.0,0.0,0.0,0.0,0.0
53208,53,17,82.0,114.0,41.0,41.0,41.0,0.0,57.0,57.0,57.0,0.0,59.33,50.578,111.0,4.0,49.0,49.0,0.0,49.0,49.0,4.0,4.0,0.0,4.0,4.0,0,0,0,0,41.0,57.0,0,0,0,0,0,0,0,0,1.0,59.25,41.0,57.0,0,0,0,0,0,0,2,82,2,114,-1,-1,1,20,0.0,0.0,0.0,0.0,0.0,0.0,0.0,0.0
60711,443,6,934.0,6703.0,453.0,0.0,76.4,145.5149,2920.0,0.0,648.9231,962.6999,12240.0,20975.547,51153.0,2.0,222119.0,24600.44,29192.147,51133.0,2.0,229516.0,22854.71,39113.26,81516.0,48.0,0,0,0,0,0.0,2920.0,0,0,0,1,0,0,0,0,0.0,324.4038,76.4,648.9231,0,0,0,0,0,0,10,934,9,6703,65535,123,6,32,0.0,0.0,0.0,0.0,0.0,0.0,0.0,0.0
54293,53,17,56.0,476.0,28.0,28.0,28.0,0.0,238.0,238.0,238.0,0.0,40111.33,69177.579,120327.0,3.0,3.0,3.0,0.0,3.0,3.0,4.0,4.0,0.0,4.0,4.0,0,0,0,0,28.0,238.0,0,0,0,0,0,0,0,0,1.0,140.0,28.0,238.0,0,0,0,0,0,0,2,56,2,476,-1,-1,1,40,0.0,0.0,0.0,0.0,0.0,0.0,0.0,0.0
443,52665,6,6.0,6.0,6.0,6.0,6.0,0.0,6.0,6.0,6.0,0.0,99.0,0.0,99.0,99.0,0.0,0.0,0.0,0.0,0.0,0.0,0.0,0.0,0.0,0.0,0,0,0,0,6.0,6.0,0,0,0,0,1,1,0,0,1.0,9.0,6.0,6.0,0,0,0,0,0,0,1,6,1,6,32,32850,0,20,0.0,0.0,0.0,0.0,0.0,0.0,0.0,0.0
57649,443,6,8160.0,2846.0,1460.0,0.0,545.6667,796.2162,662.0,0.0,342.2,329.122,1023523.0,2987621.509,9943913.0,1.0,834812.0,33881.27,30049.113,199251.0,99.0,10739983.0,1356235.41,3749489.929,9998034.0,1.0,0,0,0,0,0.0,1460.0,0,0,0,1,0,0,0,0,1.0,619.6,545.6667,342.2,0,0,0,0,0,0,15,8160,10,2846,29200,71,5,32,0.0,0.0,0.0,0.0,0.0,0.0,0.0,0.0
53905,443,6,794.0,3816.0,406.0,0.0,99.75,154.6562,1460.0,0.0,472.6,641.4027,407956.48,1375813.732,4979641.0,2.0,311222.0,32988.42,57118.252,167367.0,150.0,5258374.0,884311.0,2070503.59,5000318.0,2.0,0,0,0,0,0.0,1460.0,0,0,0,1,0,0,0,0,1.0,332.7222,99.75,472.6,0,0,0,0,0,0,8,794,8,3816,8192,293,7,20,0.0,0.0,0.0,0.0,0.0,0.0,0.0,0.0
51983,443,6,12.0,0.0,6.0,6.0,6.0,0.0,0.0,0.0,0.0,0.0,73880.0,0.0,73880.0,73880.0,73880.0,73880.0,0.0,73880.0,73880.0,0.0,0.0,0.0,0.0,0.0,0,0,0,0,6.0,6.0,0,0,0,0,1,1,0,0,0.0,9.0,6.0,0.0,0,0,0,0,0,0,2,12,0,0,853,-1,1,20,0.0,0.0,0.0,0.0,0.0,0.0,0.0,0.0
63981,443,6,1234.0,479.0,965.0,0.0,122.4,300.1715,341.0,0.0,95.8,149.5299,11814.21,20719.788,40353.0,48.0,182950.0,17794.22,24108.717,59894.0,48.0,100153.0,25096.25,26055.137,40606.0,437.0,0,0,0,0,0.0,965.0,0,0,0,1,0,0,0,0,0.0,111.2,122.4,95.8,0,0,0,0,0,0,10,1234,5,479,65535,362,5,32,0.0,0.0,0.0,0.0,0.0,0.0,0.0,0.0
51491,443,6,11734.0,4875.0,5641.0,0.0,1297.6154,1087.9446,1460.0,0.0,246.9231,516.2203,2517499.7,4330761.075,10004114.0,48.0,110860488.0,5070219.8,5179437.351,10018516.0,89.0,111860527.0,5284104.11,5193374.202,10084016.0,49.0,0,0,0,0,0.0,5641.0,0,0,0,1,0,0,0,0,1.0,442.6833,297.6154,246.9231,0,0,0,0,0,0,17,11734,23,4875,8192,1295,16,20,229405.83,340333.538,763490.0,22281.0,9992296.91,7893.912,10004118.0,9803655.0
443,49992,6,6.0,6.0,6.0,6.0,6.0,0.0,6.0,6.0,6.0,0.0,40.0,0.0,40.0,40.0,0.0,0.0,0.0,0.0,0.0,0.0,0.0,0.0,0.0,0.0,0,0,0,0,6.0,6.0,0,0,0,0,1,1,0,0,1.0,9.0,6.0,6.0,0,0,0,0,0,0,1,6,1,6,31270,63763,0,20,0.0,0.0,0.0,0.0,0.0,0.0,0.0,0.0
26853,53,17,80.0,112.0,40.0,40.0,40.0,0.0,56.0,56.0,56.0,0.0,65.0,21.344,98.0,48.0,48.0,48.0,0.0,48.0,48.0,49.0,49.0,0.0,49.0,49.0,0,0,0,0,40.0,56.0,0,0,0,0,0,0,0,0,1.0,58.0,40.0,56.0,0,0,0,0,0,0,2,80,2,112,-1,-1,1,32,0.0,0.0,0.0,0.0,0.0,0.0,0.0,0.0
65251,53,17,132.0,388.0,33.0,33.0,33.0,0.0,194.0,194.0,194.0,0.0,12290.2,16721.264,34569.0,3.0,30436.0,10142.33,17567.517,30429.0,3.0,4.0,4.0,0.0,4.0,4.0,0,0,0,0,33.0,194.0,0,0,0,0,0,0,0,0,0.0,95.8333,33.0,194.0,0,0,0,0,0,0,4,132,2,388,-1,-1,3,20,0.0,0.0,0.0,0.0,0.0,0.0,0.0,0.0
55076,443,6,1654.0,3187.0,901.0,0.0,109.4444,261.1312,1397.0,0.0,363.3333,547.0298,2126941.03,4195641.93,10035036.0,26.0,60887513.0,4666499.65,5174728.942,10106021.0,128.0,60738761.0,5061496.12,5217772.951,10170154.0,249.0,0,0,0,0,0.0,1397.0,0,0,0,1,0,0,0,0,0.0,201.3562,109.4444,363.3333,0,0,0,0,0,0,18,1654,12,3187,29200,128,3,32,108107.16,185836.649,572389.0,83288.0,9998003.0,98505.996,10035032.0,9701386.0
443,43891,6,31.0,0.0,31.0,0.0,10.3333,17.8979,0.0,0.0,0.0,0.0,156.0,267.408,311.0,4.0,311.0,155.5,216.187,311.0,4.0,0.0,0.0,0.0,0.0,0.0,0,0,0,0,0.0,31.0,0,0,0,0,1,0,0,0,0.0,10.3333,10.3333,0.0,0,0,0,0,0,0,3,31,0,0,59,-1,1,32,0.0,0.0,0.0,0.0,0.0,0.0,0.0,0.0
61908,53,17,62.0,94.0,31.0,31.0,31.0,0.0,47.0,47.0,47.0,0.0,48.0,77.777,138.0,3.0,3.0,3.0,0.0,3.0,3.0,3.0,3.0,0.0,3.0,3.0,0,0,0,0,31.0,47.0,0,0,0,0,0,0,0,0,1.0,46.75,31.0,47.0,0,0,0,0,0,0,2,62,2,94,-1,-1,1,32,0.0,0.0,0.0,0.0,0.0,0.0,0.0,0.0
64086,443,6,2165.0,4571.0,1257.0,0.0,147.4615,366.6601,1811.0,0.0,343.6364,668.3216,15541.94,56932.58,239461.0,2.0,361094.0,27741.07,76453.243,239461.0,4.0,342367.0,30869.12,74751.424,166495.0,3.0,0,0,0,0,0.0,1811.0,0,0,0,1,0,0,0,0,0.0,244.9368,147.4615,343.6364,0,0,0,0,0,0,17,2165,13,4571,65535,373,7,32,0.0,0.0,0.0,0.0,0.0,0.0,0.0,0.0
55226,80,6,0.0,0.0,0.0,0.0,0.0,0.0,0.0,0.0,0.0,0.0,1943851.33,3260724.775,5680276.0,52.0,5715772.0,2857886.0,3949423.97,5680276.0,23627.0,0.0,0.0,0.0,0.0,0.0,0,0,0,0,0.0,0.0,0,0,0,1,0,0,0,0,0.0,0.0,0.0,0.0,0,0,0,0,0,0,3,0,1,0,29200,28964,0,32,0.0,0.0,0.0,0.0,0.0,0.0,0.0,0.0
443,51959,6,6.0,6.0,6.0,6.0,6.0,0.0,6.0,6.0,6.0,0.0,81.0,0.0,81.0,81.0,0.0,0.0,0.0,0.0,0.0,0.0,0.0,0.0,0.0,0.0,0,0,0,0,6.0,6.0,0,0,0,0,1,1,0,0,1.0,9.0,6.0,6.0,0,0,0,0,0,0,1,6,1,6,32,32850,0,20,0.0,0.0,0.0,0.0,0.0,0.0,0.0,0.0
52826,443,6,804.0,463.0,565.0,0.0,80.4,176.6718,325.0,0.0,92.6,142.1303,21794.35,45132.627,104863.0,3.0,305208.0,32856.22,63064.222,104481.0,3.0,219610.0,54937.5,70915.649,115268.0,467.0,0,0,0,0,0.0,565.0,0,0,0,1,0,0,0,0,0.0,85.8,80.4,92.6,0,0,0,0,0,0,10,804,5,463,65535,349,5,32,0.0,0.0,0.0,0.0,0.0,0.0,0.0,0.0
443,51353,6,6.0,6.0,6.0,6.0,6.0,0.0,6.0,6.0,6.0,0.0,37.0,0.0,37.0,37.0,0.0,0.0,0.0,0.0,0.0,0.0,0.0,0.0,0.0,0.0,0,0,0,0,6.0,6.0,0,0,0,0,1,1,0,0,1.0,9.0,6.0,6.0,0,0,0,0,0,0,1,6,1,6,32,32850,0,20,0.0,0.0,0.0,0.0,0.0,0.0,0.0,0.0
52912,53,17,70.0,454.0,35.0,35.0,35.0,0.0,227.0,227.0,227.0,0.0,71.33,89.459,159.0,3.0,48.0,48.0,0.0,48.0,48.0,3.0,3.0,0.0,3.0,3.0,0,0,0,0,35.0,227.0,0,0,0,0,0,0,0,0,1.0,139.75,35.0,227.0,0,0,0,0,0,0,2,70,2,454,-1,-1,1,32,0.0,0.0,0.0,0.0,0.0,0.0,0.0,0.0
443,51687,6,37.0,0.0,37.0,0.0,18.5,26.163,0.0,0.0,0.0,0.0,3.0,0.0,3.0,3.0,3.0,3.0,0.0,3.0,3.0,0.0,0.0,0.0,0.0,0.0,1,0,0,0,0.0,37.0,0,1,0,0,1,0,0,0,0.0,37.0,18.5,0.0,0,0,0,0,0,0,2,37,0,0,122,-1,0,32,0.0,0.0,0.0,0.0,0.0,0.0,0.0,0.0
51870,53,17,148.0,298.0,37.0,37.0,37.0,0.0,149.0,149.0,149.0,0.0,12226.2,16774.889,36472.0,2.0,36519.0,12873.0,16483.272,36502.0,2.0,3.0,3.0,0.0,3.0,3.0,0,0,0,0,37.0,149.0,0,0,0,0,0,0,0,0,0.0,80.1667,37.0,149.0,0,0,0,0,0,0,4,148,2,298,-1,-1,3,20,0.0,0.0,0.0,0.0,0.0,0.0,0.0,0.0
443,54150,6,6.0,95.0,6.0,0.0,3.0,4.2426,95.0,0.0,9.5,16.2466,217743.0,0.0,217743.0,217743.0,17743.0,17743.0,0.0,17743.0,17743.0,217782.0,37782.0,0.0,217682.0,17782.0,0,0,0,0,0.0,96.0,0,0,0,0,1,0,0,0,1.0,4.5,3.0,9.5,0,0,0,0,0,0,2,6,2,95,15535,32853,1,20,0.0,0.0,0.0,0.0,0.0,0.0,0.0,0.0
7765,53,17,88.0,344.0,44.0,44.0,44.0,0.0,172.0,172.0,172.0,0.0,86.66,147.876,255.0,1.0,1.0,1.0,0.0,1.0,1.0,1.0,1.0,0.0,1.0,1.0,0,0,0,0,44.0,172.0,0,0,0,0,0,0,0,0,1.0,119.0,44.0,172.0,0,0,0,0,0,0,2,88,2,344,-1,-1,1,40,0.0,0.0,0.0,0.0,0.0,0.0,0.0,0.0
51586,53,17,88.0,200.0,44.0,44.0,44.0,0.0,100.0,100.0,100.0,0.0,59.0,93.13,169.0,3.0,3.0,3.0,0.0,3.0,3.0,3.0,3.0,0.0,3.0,3.0,0,0,0,0,44.0,100.0,0,0,0,0,0,0,0,0,1.0,83.0,44.0,100.0,0,0,0,0,0,0,2,88,2,200,-1,-1,1,20,0.0,0.0,0.0,0.0,0.0,0.0,0.0,0.0
2702,80,6,432.0,2278.0,426.0,0.0,144.0,244.2376,1460.0,2.0,459.0,660.7699,8564.25,14727.405,29984.0,1.0,24136.0,12068.0,13377.766,29974.0,152.0,31905.0,7968.33,12051.168,20070.0,1.0,0,0,0,0,0.0,1460.0,0,0,0,1,0,0,0,0,1.0,338.0,144.0,459.0,0,0,0,0,0,0,3,432,4,2278,8192,42780,2,20,0.0,0.0,0.0,0.0,0.0,0.0,0.0,0.0
21805,53,17,74.0,370.0,37.0,37.0,37.0,0.0,185.0,185.0,185.0,0.0,39433.66,62197.595,118296.0,1.0,1.0,1.0,0.0,1.0,1.0,3.0,3.0,0.0,3.0,3.0,0,0,0,0,37.0,185.0,0,0,0,0,0,0,0,0,1.0,120.25,37.0,185.0,0,0,0,0,0,0,2,74,2,370,-1,-1,1,20,0.0,0.0,0.0,0.0,0.0,0.0,0.0,0.0
63877,443,6,1638.0,1167.0,1368.0,0.0,153.2727,405.1073,1029.0,0.0,233.4,392.7503,18878.83,36777.264,115149.0,3.0,227184.0,33762.4,45598.766,190051.0,3.0,164434.0,44744.0,40210.729,87262.0,354.0,0,0,0,0,0.0,1368.0,0,0,0,1,0,0,0,0,0.0,166.5294,153.2727,233.4,0,0,0,0,0,0,11,1638,5,1167,65535,362,6,32,0.0,0.0,0.0,0.0,0.0,0.0,0.0,0.0
443,65503,6,0.0,0.0,0.0,0.0,0.0,0.0,0.0,0.0,0.0,0.0,80.0,0.0,80.0,80.0,0.0,0.0,0.0,0.0,0.0,0.0,0.0,0.0,0.0,0.0,0,0,0,0,0.0,0.0,0,0,0,0,1,1,0,0,1.0,0.0,0.0,0.0,0,0,0,0,0,0,1,0,1,0,5854,385,0,32,0.0,0.0,0.0,0.0,0.0,0.0,0.0,0.0
61488,53,17,51.0,67.0,51.0,51.0,51.0,0.0,67.0,67.0,67.0,0.0,30925.0,0.0,30925.0,30925.0,0.0,0.0,0.0,0.0,0.0,0.0,0.0,0.0,0.0,0.0,0,0,0,0,51.0,67.0,0,0,0,0,0,0,0,0,1.0,84.5,51.0,67.0,0,0,0,0,0,0,1,51,1,67,-1,-1,0,20,0.0,0.0,0.0,0.0,0.0,0.0,0.0,0.0
64169,443,6,1195.0,5367.0,549.0,0.0,115.625,199.4008,1460.0,0.0,677.5455,640.9392,568107.0,2115300.543,9898284.0,1.0,410330.0,32641.85,38012.548,143626.0,155.0,10304700.0,1191967.2,3395364.533,9999700.0,1.0,0,0,0,0,0.0,1460.0,0,0,0,1,0,0,0,0,1.0,397.6471,115.625,677.5455,0,0,0,0,0,0,8,1195,11,5367,8192,36,7,20,937071.0,0.0,937071.0,937071.0,9898244.0,0.0,9898284.0,9898244.0
53487,53,17,68.0,324.0,34.0,34.0,34.0,0.0,162.0,162.0,162.0,0.0,72.66,121.087,212.0,3.0,3.0,3.0,0.0,3.0,3.0,3.0,3.0,0.0,3.0,3.0,0,0,0,0,34.0,162.0,0,0,0,0,0,0,0,0,1.0,106.5,34.0,162.0,0,0,0,0,0,0,2,68,2,324,-1,-1,1,32,0.0,0.0,0.0,0.0,0.0,0.0,0.0,0.0
37402,443,6,703.0,17304.0,370.0,0.0,40.5,108.2428,2896.0,0.0,1367.9091,1095.1756,271097.85,1168685.904,5000562.0,6.0,6222874.0,693739.13,1471534.105,5000122.0,48.0,270050.0,15678.36,59475.069,174351.0,48.0,0,0,0,0,0.0,2896.0,0,0,0,1,0,0,0,0,1.0,784.8163,40.5,1367.9091,0,0,0,0,0,0,16,703,17,17304,29200,33,3,32,119596.0,0.0,119596.0,119596.0,5000536.0,0.0,5000566.0,5000536.0
52472,443,6,37.0,0.0,37.0,0.0,9.25,18.5,0.0,0.0,0.0,0.0,32703527.66,58557162.979,102180671.0,3.0,102111564.0,32610528.66,49572536.755,102180671.0,3.0,0.0,0.0,0.0,0.0,0.0,0,0,0,0,0.0,37.0,0,0,0,0,1,0,0,0,0.0,9.25,9.25,0.0,0,0,0,0,0,0,4,37,0,0,33285,-1,1,32,89.0,0.0,89.0,89.0,102180649.0,0.0,102180649.0,102180649.0
55454,53,17,64.0,96.0,32.0,32.0,32.0,0.0,48.0,48.0,48.0,0.0,44.66,76.4,126.0,3.0,4.0,4.0,0.0,4.0,4.0,3.0,3.0,0.0,3.0,3.0,0,0,0,0,32.0,48.0,0,0,0,0,0,0,0,0,1.0,48.0,32.0,48.0,0,0,0,0,0,0,2,64,2,96,-1,-1,1,40,0.0,0.0,0.0,0.0,0.0,0.0,0.0,0.0
14372,53,17,60.0,264.0,30.0,30.0,30.0,0.0,132.0,132.0,132.0,0.0,98.33,129.534,247.0,1.0,1.0,1.0,0.0,1.0,1.0,48.0,48.0,0.0,48.0,48.0,0,0,0,0,30.0,132.0,0,0,0,0,0,0,0,0,1.0,88.5,30.0,132.0,0,0,0,0,0,0,2,60,2,264,-1,-1,1,32,0.0,0.0,0.0,0.0,0.0,0.0,0.0,0.0
52662,443,6,1559.0,2296.0,1145.0,0.0,175.1667,426.7074,1391.0,0.0,339.4286,565.6181,406915.55,1563211.463,5883543.0,2.0,6094593.0,734588.75,2063607.56,5883544.0,2.0,134530.0,28530.0,20864.829,66482.0,211.0,0,0,0,0,0.0,1391.0,0,0,0,1,0,0,0,0,0.0,255.1715,175.1667,339.4286,0,0,0,0,0,0,9,1559,7,2296,8192,32732,8,20,0.0,0.0,0.0,0.0,0.0,0.0,0.0,0.0
54700,53,17,68.0,182.0,34.0,34.0,34.0,0.0,91.0,91.0,91.0,0.0,10259.66,17640.518,30774.0,3.0,3.0,3.0,0.0,3.0,3.0,3.0,3.0,0.0,3.0,3.0,0,0,0,0,34.0,91.0,0,0,0,0,0,0,0,0,1.0,71.0,34.0,91.0,0,0,0,0,0,0,2,68,2,182,-1,-1,1,32,0.0,0.0,0.0,0.0,0.0,0.0,0.0,0.0
58308,443,6,386.0,3007.0,234.0,0.0,57.75,99.7773,1792.0,0.0,601.4,838.5883,525787.18,1555685.096,4615466.0,44.0,5146148.0,745614.71,1967859.615,4615466.0,127.0,425710.0,118905.5,253596.197,228788.0,217.0,0,0,0,0,0.0,1792.0,0,0,0,1,0,0,0,0,0.0,267.0,57.75,601.4,0,0,0,0,0,0,8,386,5,3007,8192,946,7,20,0.0,0.0,0.0,0.0,0.0,0.0,0.0,0.0
6596,53,17,100.0,220.0,50.0,50.0,50.0,0.0,110.0,110.0,110.0,0.0,20488.0,35444.124,61463.0,3.0,3.0,3.0,0.0,3.0,3.0,4.0,4.0,0.0,4.0,4.0,0,0,0,0,50.0,110.0,0,0,0,0,0,0,0,0,1.0,95.5,50.0,110.0,0,0,0,0,0,0,2,100,2,220,-1,-1,1,32,0.0,0.0,0.0,0.0,0.0,0.0,0.0,0.0
443,42990,6,31.0,6.0,31.0,0.0,15.5,21.9203,6.0,6.0,6.0,0.0,109.5,43.034,185.0,74.0,217.0,217.0,0.0,217.0,217.0,0.0,0.0,0.0,0.0,0.0,1,0,0,0,0.0,31.0,0,1,0,0,1,0,0,0,0.0,22.6667,15.5,6.0,0,0,0,0,0,0,2,31,1,6,972,0,0,32,0.0,0.0,0.0,0.0,0.0,0.0,0.0,0.0
61849,53,17,90.0,122.0,45.0,45.0,45.0,0.0,61.0,61.0,61.0,0.0,55.66,53.151,119.0,3.0,4.0,4.0,0.0,4.0,4.0,48.0,48.0,0.0,48.0,48.0,0,0,0,0,45.0,61.0,0,0,0,0,0,0,0,0,1.0,64.25,45.0,61.0,0,0,0,0,0,0,2,90,2,122,-1,-1,1,32,0.0,0.0,0.0,0.0,0.0,0.0,0.0,0.0
443,60504,6,37.0,0.0,37.0,0.0,12.3333,21.362,0.0,0.0,0.0,0.0,2.0,1.414,3.0,1.0,4.0,2.0,1.414,3.0,1.0,0.0,0.0,0.0,0.0,0.0,0,0,0,0,0.0,37.0,0,0,0,0,1,0,0,0,0.0,12.3333,12.3333,0.0,0,0,0,0,0,0,3,37,0,0,116,-1,1,32,0.0,0.0,0.0,0.0,0.0,0.0,0.0,0.0
56314,53,17,62.0,126.0,31.0,31.0,31.0,0.0,63.0,63.0,63.0,0.0,51.66,88.424,153.0,3.0,4.0,4.0,0.0,4.0,4.0,3.0,3.0,0.0,3.0,3.0,0,0,0,0,31.0,63.0,0,0,0,0,0,0,0,0,1.0,54.75,31.0,63.0,0,0,0,0,0,0,2,62,2,126,-1,-1,1,32,0.0,0.0,0.0,0.0,0.0,0.0,0.0,0.0
61301,53,17,76.0,108.0,38.0,38.0,38.0,0.0,54.0,54.0,54.0,0.0,57.66,98.738,170.0,3.0,3.0,3.0,0.0,3.0,3.0,3.0,3.0,0.0,3.0,3.0,0,0,0,0,38.0,54.0,0,0,0,0,0,0,0,0,1.0,55.5,38.0,54.0,0,0,0,0,0,0,2,76,2,108,-1,-1,1,20,0.0,0.0,0.0,0.0,0.0,0.0,0.0,0.0
53924,443,6,1510.0,3081.0,931.0,0.0,68.3636,216.6766,1460.0,0.0,9.1667,433.5759,2944807.48,4500141.397,9995096.0,3.0,115116324.0,5604548.45,4917287.815,10027083.0,3.0,110104437.0,6842943.14,5099296.861,10021961.0,277.0,0,0,0,0,0.0,1460.0,0,0,0,1,0,0,0,0,0.0,44.0482,68.3636,9.1667,0,0,0,0,0,0,22,1510,18,3081,8192,5120,21,20,30540.25,20718.428,144382.0,28354.0,9592909.41,1382787.372,9995096.0,5003534.0
443,50846,6,37.0,0.0,37.0,0.0,18.5,26.163,0.0,0.0,0.0,0.0,3.0,0.0,3.0,3.0,3.0,3.0,0.0,3.0,3.0,0.0,0.0,0.0,0.0,0.0,1,0,0,0,0.0,37.0,0,1,0,0,1,0,0,0,0.0,37.0,18.5,0.0,0,0,0,0,0,0,2,37,0,0,972,-1,0,32,0.0,0.0,0.0,0.0,0.0,0.0,0.0,0.0
55827,443,6,6.0,6.0,6.0,6.0,6.0,0.0,6.0,6.0,6.0,0.0,142771.0,0.0,142771.0,142771.0,0.0,0.0,0.0,0.0,0.0,0.0,0.0,0.0,0.0,0.0,0,0,0,0,6.0,6.0,0,0,0,0,1,0,0,0,1.0,9.0,6.0,6.0,0,0,0,0,0,0,1,6,1,6,258,121,0,20,0.0,0.0,0.0,0.0,0.0,0.0,0.0,0.0
63374,53,17,88.0,472.0,44.0,44.0,44.0,0.0,236.0,236.0,236.0,0.0,69.0,113.738,200.0,4.0,4.0,4.0,0.0,4.0,4.0,4.0,4.0,0.0,4.0,4.0,0,0,0,0,44.0,236.0,0,0,0,0,0,0,0,0,1.0,151.0,44.0,236.0,0,0,0,0,0,0,2,88,2,472,-1,-1,1,20,0.0,0.0,0.0,0.0,0.0,0.0,0.0,0.0
60545,53,17,108.0,215.0,61.0,47.0,52.0,12.4279,116.0,127.0,107.5,4.2282,35122254.33,68481111.688,115550276.0,30296.0,115534170.0,115534170.0,0.0,115534170.0,115534170.0,115533928.0,115533928.0,0.0,115532928.0,115533928.0,0,0,0,0,47.0,116.0,0,0,0,0,0,0,0,0,1.0,90.0,52.0,107.5,0,0,0,0,0,0,2,108,2,215,-1,-1,1,20,45292.0,0.0,45292.0,45292.0,115550289.0,0.0,115550289.0,115550289.0
61345,53,17,79.0,138.0,79.0,79.0,79.0,0.0,138.0,138.0,138.0,0.0,649.0,0.0,649.0,649.0,0.0,0.0,0.0,0.0,0.0,0.0,0.0,0.0,0.0,0.0,0,0,0,0,79.0,138.0,0,0,0,0,0,0,0,0,1.0,158.0,79.0,138.0,0,0,0,0,0,0,1,79,1,138,-1,-1,0,20,0.0,0.0,0.0,0.0,0.0,0.0,0.0,0.0
443,52542,6,0.0,0.0,0.0,0.0,0.0,0.0,0.0,0.0,0.0,0.0,45.0,0.0,45.0,45.0,0.0,0.0,0.0,0.0,0.0,0.0,0.0,0.0,0.0,0.0,0,0,0,0,0.0,0.0,0,0,0,0,1,1,0,0,1.0,0.0,0.0,0.0,0,0,0,0,0,0,1,0,1,0,362,32832,0,32,0.0,0.0,0.0,0.0,0.0,0.0,0.0,0.0
32118,443,6,692.0,5444.0,537.0,0.0,84.2,177.5539,1448.0,0.0,758.0,697.5838,58006.0,69257.855,145551.0,1.0,746289.0,92025.55,89217.033,145021.0,301.0,629001.0,74508.0,126390.271,284560.0,48.0,0,0,0,0,0.0,1448.0,0,0,0,1,0,0,0,0,0.0,399.7,84.2,758.0,0,0,0,0,0,0,10,692,9,5444,29200,254,3,32,0.0,0.0,0.0,0.0,0.0,0.0,0.0,0.0
443,52591,6,37.0,0.0,31.0,6.0,18.5,17.6777,0.0,0.0,0.0,0.0,3.0,0.0,3.0,3.0,3.0,3.0,0.0,3.0,3.0,0.0,0.0,0.0,0.0,0.0,1,0,0,0,6.0,31.0,0,1,0,0,1,0,0,0,0.0,34.0,18.5,0.0,0,0,0,0,0,0,2,37,0,0,134,-1,1,20,0.0,0.0,0.0,0.0,0.0,0.0,0.0,0.0
48355,443,6,635.0,168.0,517.0,0.0,90.7143,190.7072,168.0,0.0,42.0,84.0,559210.3,1712032.442,5513995.0,3.0,5627862.0,902994.33,2220696.456,5639676.0,3.0,81333.0,27778.66,31265.115,66585.0,530.0,0,0,0,0,0.0,517.0,0,0,0,1,0,0,0,0,0.0,73.0,90.7143,42.0,0,0,0,0,0,0,7,635,4,168,29200,340,3,32,129421.0,0.0,129421.0,129421.0,5513948.0,0.0,5513998.0,5513948.0
51522,53,17,82.0,138.0,41.0,41.0,41.0,0.0,69.0,69.0,69.0,0.0,61.66,102.361,179.0,3.0,3.0,3.0,0.0,3.0,3.0,4.0,4.0,0.0,4.0,4.0,0,0,0,0,41.0,69.0,0,0,0,0,0,0,0,0,1.0,65.25,41.0,69.0,0,0,0,0,0,0,2,82,2,138,-1,-1,1,20,0.0,0.0,0.0,0.0,0.0,0.0,0.0,0.0
55080,53,17,88.0,214.0,44.0,44.0,44.0,0.0,107.0,107.0,107.0,0.0,16769.33,28475.449,40200.0,2.0,2.0,2.0,0.0,2.0,2.0,4.0,4.0,0.0,4.0,4.0,0,0,0,0,44.0,107.0,0,0,0,0,0,0,0,0,1.0,86.5,44.0,107.0,0,0,0,0,0,0,2,88,2,214,-1,-1,1,32,0.0,0.0,0.0,0.0,0.0,0.0,0.0,0.0
52279,53,17,74.0,262.0,37.0,37.0,37.0,0.0,131.0,131.0,131.0,0.0,15989.66,27586.725,47964.0,3.0,4.0,4.0,0.0,4.0,4.0,3.0,3.0,0.0,3.0,3.0,0,0,0,0,37.0,131.0,0,0,0,0,0,0,0,0,1.0,93.25,37.0,131.0,0,0,0,0,0,0,2,74,2,262,-1,-1,1,20,0.0,0.0,0.0,0.0,0.0,0.0,0.0,0.0
47651,443,6,1678.0,9672.0,317.0,0.0,67.5652,118.2104,2920.0,0.0,429.7381,813.4395,1931111.55,3937362.839,10028693.0,1.0,61345415.0,3841059.31,4818786.772,10113013.0,5449.0,61069298.0,4661529.67,4955279.4,10210079.0,49.0,0,0,0,0,0.0,2920.0,0,0,0,1,0,0,0,0,1.0,263.1193,67.5652,429.7381,0,0,0,0,0,0,19,1678,19,9672,8192,6982,18,20,257873.16,371048.433,1234047.0,83504.0,9990976.16,86566.416,10028690.0,9818413.0
52956,443,6,12.0,0.0,6.0,6.0,6.0,0.0,0.0,0.0,0.0,0.0,3.0,0.0,3.0,3.0,3.0,3.0,0.0,3.0,3.0,0.0,0.0,0.0,0.0,0.0,0,0,0,0,6.0,6.0,1,0,0,0,0,0,0,0,0.0,9.0,6.0,0.0,0,0,0,0,0,0,2,12,0,0,0,-1,1,20,0.0,0.0,0.0,0.0,0.0,0.0,0.0,0.0
61320,53,17,55.0,342.0,55.0,55.0,55.0,0.0,342.0,342.0,342.0,0.0,102335.0,0.0,102335.0,102335.0,0.0,0.0,0.0,0.0,0.0,0.0,0.0,0.0,0.0,0.0,0,0,0,0,55.0,342.0,0,0,0,0,0,0,0,0,1.0,226.0,55.0,342.0,0,0,0,0,0,0,1,55,1,342,-1,-1,0,20,0.0,0.0,0.0,0.0,0.0,0.0,0.0,0.0
63981,53,17,70.0,178.0,35.0,35.0,35.0,0.0,89.0,89.0,89.0,0.0,67.66,37.947,106.0,48.0,49.0,49.0,0.0,49.0,49.0,49.0,49.0,0.0,49.0,49.0,0,0,0,0,35.0,89.0,0,0,0,0,0,0,0,0,1.0,70.75,35.0,89.0,0,0,0,0,0,0,2,70,2,178,-1,-1,1,20,0.0,0.0,0.0,0.0,0.0,0.0,0.0,0.0
443,49818,6,12.0,0.0,6.0,6.0,6.0,0.0,0.0,0.0,0.0,0.0,2443.0,0.0,2443.0,2443.0,2443.0,2443.0,0.0,2443.0,2443.0,0.0,0.0,0.0,0.0,0.0,0,0,0,0,6.0,6.0,0,0,0,0,1,0,0,0,0.0,9.0,6.0,0.0,0,0,0,0,0,0,2,12,0,0,30,-1,1,20,0.0,0.0,0.0,0.0,0.0,0.0,0.0,0.0
59943,53,17,116.0,140.0,29.0,29.0,29.0,0.0,70.0,70.0,70.0,0.0,16248.8,28806.069,51413.0,3.0,31519.0,10573.0,18509.31,31513.0,3.0,48.0,48.0,0.0,48.0,48.0,0,0,0,0,29.0,70.0,0,0,0,0,0,0,0,0,0.0,55.5,29.0,70.0,0,0,0,0,0,0,4,116,2,140,-1,-1,3,20,0.0,0.0,0.0,0.0,0.0,0.0,0.0,0.0
52201,53,17,64.0,120.0,32.0,32.0,32.0,0.0,60.0,60.0,60.0,0.0,93.66,153.375,278.0,1.0,1.0,1.0,0.0,1.0,1.0,1.0,1.0,0.0,1.0,1.0,0,0,0,0,32.0,60.0,0,0,0,0,0,0,0,0,1.0,54.0,32.0,60.0,0,0,0,0,0,0,2,64,2,120,-1,-1,1,20,0.0,0.0,0.0,0.0,0.0,0.0,0.0,0.0
443,55125,6,6.0,6.0,6.0,6.0,6.0,0.0,6.0,6.0,6.0,0.0,21.0,0.0,21.0,21.0,0.0,0.0,0.0,0.0,0.0,0.0,0.0,0.0,0.0,0.0,0,0,0,0,6.0,6.0,0,0,0,0,1,1,0,0,1.0,9.0,6.0,6.0,0,0,0,0,0,0,1,6,1,6,60,255,0,20,0.0,0.0,0.0,0.0,0.0,0.0,0.0,0.0
64102,53,17,68.0,324.0,34.0,34.0,34.0,0.0,162.0,162.0,162.0,0.0,82.66,146.067,248.0,3.0,3.0,3.0,0.0,3.0,3.0,3.0,3.0,0.0,3.0,3.0,0,0,0,0,34.0,162.0,0,0,0,0,0,0,0,0,1.0,106.5,34.0,162.0,0,0,0,0,0,0,2,68,2,324,-1,-1,1,40,0.0,0.0,0.0,0.0,0.0,0.0,0.0,0.0
60023,53,17,43.0,170.0,43.0,43.0,43.0,0.0,170.0,170.0,170.0,0.0,90975.0,0.0,90975.0,90975.0,0.0,0.0,0.0,0.0,0.0,0.0,0.0,0.0,0.0,0.0,0,0,0,0,43.0,170.0,0,0,0,0,0,0,0,0,1.0,128.0,43.0,170.0,0,0,0,0,0,0,1,43,1,170,-1,-1,0,32,0.0,0.0,0.0,0.0,0.0,0.0,0.0,0.0
59432,443,6,1445.0,6439.0,681.0,0.0,145.6875,226.5149,1460.0,0.0,670.2222,676.2882,4158385.0,11577319.606,44955098.0,3.0,90294914.0,10029081.2,18553326.552,45054008.0,604.0,90279643.0,9023964.25,17047688.782,45046448.0,48.0,0,0,0,0,0.0,1460.0,0,0,0,1,0,0,0,0,1.0,400.9769,145.6875,670.2222,0,0,0,0,0,0,9,1445,9,6439,8192,119,8,20,137827.0,103684.818,272890.0,54183.0,44924749.0,6932.671,44955093.0,44902110.0
23763,53,17,104.0,220.0,52.0,52.0,52.0,0.0,110.0,110.0,110.0,0.0,63.0,109.191,186.0,1.0,1.0,1.0,0.0,1.0,1.0,1.0,1.0,0.0,1.0,1.0,0,0,0,0,52.0,110.0,0,0,0,0,0,0,0,0,1.0,94.0,52.0,110.0,0,0,0,0,0,0,2,104,2,220,-1,-1,1,32,0.0,0.0,0.0,0.0,0.0,0.0,0.0,0.0
62366,53,17,53.0,138.0,53.0,53.0,53.0,0.0,138.0,138.0,138.0,0.0,30570.0,0.0,30570.0,30570.0,0.0,0.0,0.0,0.0,0.0,0.0,0.0,0.0,0.0,0.0,0,0,0,0,53.0,138.0,0,0,0,0,0,0,0,0,1.0,122.0,53.0,138.0,0,0,0,0,0,0,1,53,1,138,-1,-1,0,20,0.0,0.0,0.0,0.0,0.0,0.0,0.0,0.0
37248,80,6,0.0,0.0,0.0,0.0,0.0,0.0,0.0,0.0,0.0,0.0,494.0,0.0,494.0,494.0,494.0,494.0,0.0,494.0,494.0,0.0,0.0,0.0,0.0,0.0,0,0,0,0,0.0,0.0,0,0,0,0,1,0,0,0,0.0,0.0,0.0,0.0,0,0,0,0,0,0,2,0,0,0,237,-1,0,32,0.0,0.0,0.0,0.0,0.0,0.0,0.0,0.0
59897,443,6,3088.0,12007.0,903.0,0.0,335.1818,469.2824,2920.0,0.0,1097.375,944.4038,12656.92,22847.378,92217.0,1.0,286891.0,29672.12,56647.004,134507.0,722.0,296115.0,19571.88,29283.691,96727.0,1.0,0,0,0,0,0.0,2920.0,0,0,0,1,0,0,0,0,1.0,790.5942,335.1818,1097.375,0,0,0,0,0,0,9,3088,16,12007,8192,70,8,20,0.0,0.0,0.0,0.0,0.0,0.0,0.0,0.0
58086,443,6,1693.0,4838.0,1217.0,0.0,120.1818,372.8318,1460.0,0.0,325.4,548.7948,2287239.17,4037328.293,10078123.0,49.0,60798130.0,4694831.83,5138306.857,10112290.0,5159.0,65656201.0,5563568.75,5030968.88,10172328.0,48.0,0,0,0,0,0.0,1460.0,0,0,0,1,0,0,0,0,1.0,223.6883,120.1818,325.4,0,0,0,0,0,0,17,1693,15,4838,8192,71,16,20,99926.0,120438.184,391246.0,50375.0,10031854.66,8808.0,10078125.0,9999202.0
443,45854,6,0.0,0.0,0.0,0.0,0.0,0.0,0.0,0.0,0.0,0.0,66.0,0.0,66.0,66.0,0.0,0.0,0.0,0.0,0.0,0.0,0.0,0.0,0.0,0.0,0,0,0,0,0.0,0.0,0,0,0,0,1,1,0,0,1.0,0.0,0.0,0.0,0,0,0,0,0,0,1,0,1,0,120,360,0,32,0.0,0.0,0.0,0.0,0.0,0.0,0.0,0.0
13910,53,17,70.0,418.0,35.0,35.0,35.0,0.0,209.0,209.0,209.0,0.0,8006.66,13887.496,24019.0,3.0,49.0,49.0,0.0,49.0,49.0,3.0,3.0,0.0,3.0,3.0,0,0,0,0,35.0,209.0,0,0,0,0,0,0,0,0,1.0,130.75,35.0,209.0,0,0,0,0,0,0,2,70,2,418,-1,-1,1,40,0.0,0.0,0.0,0.0,0.0,0.0,0.0,0.0
48348,53,17,90.0,172.0,45.0,45.0,45.0,0.0,86.0,86.0,86.0,0.0,63.0,102.923,183.0,3.0,3.0,3.0,0.0,3.0,3.0,3.0,3.0,0.0,3.0,3.0,0,0,0,0,45.0,86.0,0,0,0,0,0,0,0,0,1.0,76.75,45.0,86.0,0,0,0,0,0,0,2,90,2,172,-1,-1,1,20,0.0,0.0,0.0,0.0,0.0,0.0,0.0,0.0
123,123,17,96.0,96.0,48.0,48.0,48.0,0.0,48.0,48.0,48.0,0.0,22697241.33,38547727.213,66986837.0,19886.0,66996937.0,66996937.0,0.0,66996937.0,66996937.0,66996698.0,66996698.0,0.0,66996698.0,66996698.0,0,0,0,0,48.0,48.0,0,0,0,0,0,0,0,0,1.0,60.0,48.0,48.0,0,0,0,0,0,0,2,96,2,96,-1,-1,1,20,23860.0,0.0,23860.0,23860.0,66986880.0,0.0,66986880.0,66986880.0
59707,443,6,580.0,164.0,517.0,0.0,116.0,225.1011,152.0,0.0,41.0,74.054,1569399.12,3692785.422,10777904.0,126.0,10937474.0,2984848.5,4988895.648,10812224.0,107.0,88630.0,29243.66,32897.39,62701.0,210.0,0,0,0,0,0.0,517.0,0,0,0,1,0,0,0,0,0.0,82.6667,116.0,41.0,0,0,0,0,0,0,5,580,4,164,8192,946,4,20,0.0,0.0,0.0,0.0,0.0,0.0,0.0,0.0
443,58031,6,37.0,6.0,37.0,0.0,18.5,26.163,6.0,6.0,6.0,0.0,37.0,48.191,76.0,3.0,3.0,3.0,0.0,3.0,3.0,0.0,0.0,0.0,0.0,0.0,1,0,0,0,0.0,37.0,0,1,0,0,1,0,0,0,0.0,26.6667,18.5,6.0,0,0,0,0,0,0,2,37,1,6,972,0,0,32,0.0,0.0,0.0,0.0,0.0,0.0,0.0,0.0
49976,443,6,0.0,0.0,0.0,0.0,0.0,0.0,0.0,0.0,0.0,0.0,95138.0,0.0,95138.0,95138.0,0.0,0.0,0.0,0.0,0.0,0.0,0.0,0.0,0.0,0.0,0,0,0,0,0.0,0.0,0,0,0,0,1,1,0,0,1.0,0.0,0.0,0.0,0,0,0,0,0,0,1,0,1,0,304,252,0,32,0.0,0.0,0.0,0.0,0.0,0.0,0.0,0.0
19775,53,17,82.0,246.0,41.0,41.0,41.0,0.0,123.0,123.0,123.0,0.0,83007.0,148341.011,259919.0,1.0,1.0,1.0,0.0,1.0,1.0,3.0,3.0,0.0,3.0,3.0,0,0,0,0,41.0,123.0,0,0,0,0,0,0,0,0,1.0,92.25,41.0,123.0,0,0,0,0,0,0,2,82,2,246,-1,-1,1,32,0.0,0.0,0.0,0.0,0.0,0.0,0.0,0.0
443,50697,6,6.0,6.0,6.0,6.0,6.0,0.0,6.0,6.0,6.0,0.0,18.0,0.0,18.0,18.0,0.0,0.0,0.0,0.0,0.0,0.0,0.0,0.0,0.0,0.0,0,0,0,0,6.0,6.0,0,0,0,0,1,1,0,0,1.0,9.0,6.0,6.0,0,0,0,0,0,0,1,6,1,6,130,255,0,20,0.0,0.0,0.0,0.0,0.0,0.0,0.0,0.0
443,63363,6,6.0,6.0,6.0,6.0,6.0,0.0,6.0,6.0,6.0,0.0,49.0,0.0,49.0,49.0,0.0,0.0,0.0,0.0,0.0,0.0,0.0,0.0,0.0,0.0,0,0,0,0,6.0,6.0,0,0,0,0,1,1,0,0,1.0,9.0,6.0,6.0,0,0,0,0,0,0,1,6,1,6,32,32850,0,20,0.0,0.0,0.0,0.0,0.0,0.0,0.0,0.0
55042,443,6,0.0,0.0,0.0,0.0,0.0,0.0,0.0,0.0,0.0,0.0,160.0,0.0,160.0,160.0,160.0,160.0,0.0,160.0,160.0,0.0,0.0,0.0,0.0,0.0,0,0,0,0,0.0,0.0,0,0,0,0,1,0,0,0,0.0,0.0,0.0,0.0,0,0,0,0,0,0,2,0,0,0,326,-1,0,32,0.0,0.0,0.0,0.0,0.0,0.0,0.0,0.0
443,61584,6,37.0,0.0,31.0,6.0,18.5,17.6777,0.0,0.0,0.0,0.0,1.0,0.0,1.0,1.0,1.0,1.0,0.0,1.0,1.0,0.0,0.0,0.0,0.0,0.0,1,0,0,0,6.0,31.0,0,1,0,0,1,0,0,0,0.0,34.0,18.5,0.0,0,0,0,0,0,0,2,37,0,0,30110,-1,1,20,0.0,0.0,0.0,0.0,0.0,0.0,0.0,0.0
52614,53,17,70.0,254.0,35.0,35.0,35.0,0.0,127.0,127.0,127.0,0.0,20212.0,35057.61,60635.0,3.0,3.0,3.0,0.0,3.0,3.0,4.0,4.0,0.0,4.0,4.0,0,0,0,0,35.0,127.0,0,0,0,0,0,0,0,0,1.0,89.75,35.0,127.0,0,0,0,0,0,0,2,70,2,254,-1,-1,1,32,0.0,0.0,0.0,0.0,0.0,0.0,0.0,0.0
21,52436,6,0.0,0.0,0.0,0.0,0.0,0.0,0.0,0.0,0.0,0.0,410.0,424.842,888.0,2.0,930.0,930.0,597.445,988.0,2.0,0.0,0.0,0.0,0.0,0.0,0,0,0,0,0.0,0.0,0,0,0,0,1,0,0,0,0.0,0.0,0.0,0.0,0,0,0,0,0,0,3,0,0,0,243,-1,0,32,0.0,0.0,0.0,0.0,0.0,0.0,0.0,0.0
61450,53,17,42.0,58.0,42.0,42.0,42.0,0.0,58.0,58.0,58.0,0.0,31277.0,0.0,31277.0,31277.0,0.0,0.0,0.0,0.0,0.0,0.0,0.0,0.0,0.0,0.0,0,0,0,0,42.0,58.0,0,0,0,0,0,0,0,0,1.0,71.0,42.0,58.0,0,0,0,0,0,0,1,42,1,58,-1,-1,0,32,0.0,0.0,0.0,0.0,0.0,0.0,0.0,0.0
443,58830,6,0.0,0.0,0.0,0.0,0.0,0.0,0.0,0.0,0.0,0.0,552.0,0.0,552.0,552.0,0.0,0.0,0.0,0.0,0.0,0.0,0.0,0.0,0.0,0.0,0,0,0,0,0.0,0.0,0,0,0,0,1,0,0,0,1.0,0.0,0.0,0.0,0,0,0,0,0,0,1,0,1,0,349,32832,0,32,0.0,0.0,0.0,0.0,0.0,0.0,0.0,0.0
50913,88,6,0.0,12.0,0.0,0.0,0.0,0.0,6.0,0.0,3.0,3.4641,24.5,38.583,78.0,1.0,0.0,0.0,0.0,0.0,0.0,49.0,19.33,23.69,49.0,1.0,0,0,0,0,0.0,6.0,0,0,0,0,1,1,0,0,4.0,2.4,0.0,3.0,0,0,0,0,0,0,1,0,4,12,237,0,0,32,0.0,0.0,0.0,0.0,0.0,0.0,0.0,0.0
62690,53,17,88.0,200.0,44.0,44.0,44.0,0.0,100.0,100.0,100.0,0.0,58.0,97.071,177.0,4.0,4.0,4.0,0.0,4.0,4.0,4.0,4.0,0.0,4.0,4.0,0,0,0,0,44.0,100.0,0,0,0,0,0,0,0,0,1.0,83.0,44.0,100.0,0,0,0,0,0,0,2,88,2,200,-1,-1,1,44,0.0,0.0,0.0,0.0,0.0,0.0,0.0,0.0
54860,53,17,78.0,270.0,39.0,39.0,39.0,0.0,135.0,135.0,135.0,0.0,54146.66,94684.891,172434.0,1.0,1.0,1.0,0.0,1.0,1.0,3.0,3.0,0.0,3.0,3.0,0,0,0,0,39.0,135.0,0,0,0,0,0,0,0,0,1.0,96.75,39.0,135.0,0,0,0,0,0,0,2,78,2,270,-1,-1,1,32,0.0,0.0,0.0,0.0,0.0,0.0,0.0,0.0
37483,53,17,56.0,150.0,28.0,28.0,28.0,0.0,75.0,75.0,75.0,0.0,651.33,884.597,1948.0,0.0,1.0,1.0,0.0,1.0,1.0,0.0,0.0,0.0,0.0,0.0,0,0,0,0,28.0,75.0,0,0,0,0,0,0,0,0,1.0,58.5,28.0,75.0,0,0,0,0,0,0,2,56,2,150,-1,-1,1,32,0.0,0.0,0.0,0.0,0.0,0.0,0.0,0.0
46952,3389,17,154.0,0.0,77.0,77.0,77.0,0.0,0.0,0.0,0.0,0.0,1.0,0.0,1.0,1.0,1.0,1.0,0.0,1.0,1.0,0.0,0.0,0.0,0.0,0.0,0,0,0,0,77.0,77.0,0,0,0,0,0,0,0,0,0.0,87.5,77.0,0.0,0,0,0,0,0,0,2,154,0,0,-1,-1,1,32,0.0,0.0,0.0,0.0,0.0,0.0,0.0,0.0
61321,53,17,47.0,129.0,47.0,47.0,47.0,0.0,129.0,129.0,129.0,0.0,30816.0,0.0,30816.0,30816.0,0.0,0.0,0.0,0.0,0.0,0.0,0.0,0.0,0.0,0.0,0,0,0,0,47.0,129.0,0,0,0,0,0,0,0,0,1.0,111.5,47.0,129.0,0,0,0,0,0,0,1,47,1,129,-1,-1,0,20,0.0,0.0,0.0,0.0,0.0,0.0,0.0,0.0
15188,53,17,104.0,220.0,52.0,52.0,52.0,0.0,110.0,110.0,110.0,0.0,69.33,118.64,207.0,1.0,1.0,1.0,0.0,1.0,1.0,2.0,2.0,0.0,2.0,2.0,0,0,0,0,52.0,110.0,0,0,0,0,0,0,0,0,1.0,94.0,52.0,110.0,0,0,0,0,0,0,2,104,2,220,-1,-1,1,20,0.0,0.0,0.0,0.0,0.0,0.0,0.0,0.0
443,50223,6,69.0,0.0,53.0,6.0,29.5,33.234,0.0,0.0,0.0,0.0,3.0,0.0,3.0,3.0,3.0,3.0,0.0,3.0,3.0,0.0,0.0,0.0,0.0,0.0,1,0,0,0,6.0,53.0,0,1,0,0,1,0,0,0,0.0,56.0,29.5,0.0,0,0,0,0,0,0,2,69,0,0,1013,-1,1,20,0.0,0.0,0.0,0.0,0.0,0.0,0.0,0.0
443,58662,6,0.0,0.0,0.0,0.0,0.0,0.0,0.0,0.0,0.0,0.0,617.5,22.329,959.0,3.0,3.0,3.0,0.0,3.0,3.0,0.0,0.0,0.0,0.0,0.0,0,0,0,0,0.0,0.0,0,0,0,0,1,1,0,0,0.0,0.0,0.0,0.0,0,0,0,0,0,0,2,0,1,0,66,33304,0,32,0.0,0.0,0.0,0.0,0.0,0.0,0.0,0.0
51227,53,17,88.0,120.0,44.0,44.0,44.0,0.0,60.0,60.0,60.0,0.0,59.33,66.87,127.0,4.0,47.0,47.0,0.0,47.0,47.0,4.0,4.0,0.0,4.0,4.0,0,0,0,0,44.0,60.0,0,0,0,0,0,0,0,0,1.0,63.0,44.0,60.0,0,0,0,0,0,0,2,88,2,120,-1,-1,1,20,0.0,0.0,0.0,0.0,0.0,0.0,0.0,0.0
14335,53,17,94.0,196.0,47.0,47.0,47.0,0.0,98.0,98.0,98.0,0.0,67.66,78.631,154.0,4.0,48.0,48.0,0.0,48.0,48.0,4.0,4.0,0.0,4.0,4.0,0,0,0,0,47.0,98.0,0,0,0,0,0,0,0,0,1.0,84.25,47.0,98.0,0,0,0,0,0,0,2,94,2,196,-1,-1,1,32,0.0,0.0,0.0,0.0,0.0,0.0,0.0,0.0
443,49224,6,0.0,0.0,0.0,0.0,0.0,0.0,0.0,0.0,0.0,0.0,82.0,0.0,82.0,82.0,0.0,0.0,0.0,0.0,0.0,0.0,0.0,0.0,0.0,0.0,0,0,0,0,0.0,0.0,0,0,0,0,1,1,0,0,1.0,0.0,0.0,0.0,0,0,0,0,0,0,1,0,1,0,418,444,0,32,0.0,0.0,0.0,0.0,0.0,0.0,0.0,0.0
443,40953,6,0.0,0.0,0.0,0.0,0.0,0.0,0.0,0.0,0.0,0.0,100.0,0.0,100.0,100.0,0.0,0.0,0.0,0.0,0.0,0.0,0.0,0.0,0.0,0.0,0,0,0,0,0.0,0.0,0,0,0,0,1,0,0,0,1.0,0.0,0.0,0.0,0,0,0,0,0,0,1,0,1,0,6166,65535,0,32,0.0,0.0,0.0,0.0,0.0,0.0,0.0,0.0
80,35419,6,0.0,0.0,0.0,0.0,0.0,0.0,0.0,0.0,0.0,0.0,37.0,0.0,37.0,37.0,0.0,0.0,0.0,0.0,0.0,0.0,0.0,0.0,0.0,0.0,0,0,0,0,0.0,0.0,0,0,0,0,1,1,0,0,1.0,0.0,0.0,0.0,0,0,0,0,0,0,1,0,1,0,340,229,0,32,0.0,0.0,0.0,0.0,0.0,0.0,0.0,0.0
56024,53,17,88.0,202.0,44.0,44.0,44.0,0.0,101.0,101.0,101.0,0.0,10378.33,17971.14,31138.0,2.0,2.0,2.0,0.0,2.0,2.0,3.0,3.0,0.0,3.0,3.0,0,0,0,0,44.0,101.0,0,0,0,0,0,0,0,0,1.0,83.5,44.0,101.0,0,0,0,0,0,0,2,88,2,202,-1,-1,1,32,0.0,0.0,0.0,0.0,0.0,0.0,0.0,0.0
56319,443,6,12.0,0.0,6.0,6.0,6.0,0.0,0.0,0.0,0.0,0.0,2971465.0,0.0,2971465.0,2971465.0,2971465.0,2971465.0,0.0,2971465.0,2971465.0,0.0,0.0,0.0,0.0,0.0,0,0,0,0,6.0,6.0,0,0,0,0,1,0,0,0,0.0,9.0,6.0,0.0,0,0,0,0,0,0,2,12,0,0,63577,-1,1,20,0.0,0.0,0.0,0.0,0.0,0.0,0.0,0.0
57420,443,6,12.0,0.0,6.0,6.0,6.0,0.0,0.0,0.0,0.0,0.0,111.0,0.0,111.0,111.0,111.0,111.0,0.0,111.0,111.0,0.0,0.0,0.0,0.0,0.0,0,0,0,0,6.0,6.0,0,0,0,0,1,0,0,0,0.0,9.0,6.0,0.0,0,0,0,0,0,0,2,12,0,0,64240,-1,1,20,0.0,0.0,0.0,0.0,0.0,0.0,0.0,0.0
56053,53,17,66.0,178.0,33.0,33.0,33.0,0.0,89.0,89.0,89.0,0.0,20590.0,35619.367,61768.0,3.0,49.0,49.0,0.0,49.0,49.0,3.0,3.0,0.0,3.0,3.0,0,0,0,0,33.0,89.0,0,0,0,0,0,0,0,0,1.0,69.25,33.0,89.0,0,0,0,0,0,0,2,66,2,178,-1,-1,1,32,0.0,0.0,0.0,0.0,0.0,0.0,0.0,0.0
443,59832,6,12.0,0.0,6.0,6.0,6.0,0.0,0.0,0.0,0.0,0.0,233.0,0.0,233.0,233.0,233.0,233.0,0.0,233.0,233.0,0.0,0.0,0.0,0.0,0.0,0,0,0,0,6.0,6.0,0,0,0,0,1,0,0,0,0.0,9.0,6.0,0.0,0,0,0,0,0,0,2,12,0,0,34992,-1,1,20,0.0,0.0,0.0,0.0,0.0,0.0,0.0,0.0
59612,443,6,1176.0,1936.0,901.0,0.0,115.6,280.3713,1897.0,0.0,384.0,798.7936,26106.0,43853.78,102047.0,3.0,325952.0,44128.0,70409.837,109105.0,47.0,257117.0,54788.75,55755.292,146114.0,3.0,0,0,0,0,0.0,1897.0,0,0,0,1,0,0,0,0,0.0,206.9375,115.6,384.0,0,0,0,0,0,0,10,1176,5,1936,65535,32,5,32,0.0,0.0,0.0,0.0,0.0,0.0,0.0,0.0
58519,443,6,713.0,33307.0,366.0,0.0,23.4704,78.0376,2896.0,0.0,1362.0,966.5553,100901.0,918407.169,9968981.0,3.0,806183.0,26535.47,28524.055,408615.0,162.0,10869932.0,202321.81,1124090.758,9950252.0,3.0,0,0,0,0,0.0,2896.0,0,0,0,1,0,0,0,0,1.0,814.3056,23.4704,1362.0,0,0,0,0,0,0,27,713,25,33307,29200,132,3,32,0.0,0.0,0.0,0.0,0.0,0.0,0.0,0.0
55710,443,6,1697.0,41909.0,1357.0,0.0,31.0132,270.7651,2958.0,0.0,1205.1737,443.5535,786784.67,2548384.992,10027114.0,0.0,42160181.0,1384091.07,3183415.418,10048015.0,0.0,41012828.0,1179785.92,3357735.909,10048095.0,1.0,0,0,0,0,0.0,2958.0,0,0,0,1,0,0,0,0,1.0,687.9784,31.0132,1205.1737,0,0,0,0,0,0,26,1697,45,41909,29200,7518,5,32,124844.0,298499.551,892780.0,28269.0,9599905.25,1789391.354,10027116.0,5138726.0
52425,443,6,1443.0,3053.0,769.0,0.0,82.4545,202.4122,1473.0,0.0,254.6154,519.9605,2984395.5,4532636.994,10051361.0,97.0,115319056.0,5589886.25,4950673.786,10080007.0,46.0,110577956.0,6192629.0,5083437.342,10081650.0,224.0,0,0,0,0,0.0,1473.0,0,0,0,1,0,0,0,0,0.0,163.6667,82.4545,254.6154,0,0,0,0,0,0,21,1443,19,3053,29200,115,4,32,50222.41,71743.79,391165.0,36045.0,10010505.27,13191.887,10051362.0,9998653.0
60977,53,17,54.0,116.0,54.0,54.0,54.0,0.0,116.0,116.0,116.0,0.0,47951.0,0.0,47951.0,47951.0,0.0,0.0,0.0,0.0,0.0,0.0,0.0,0.0,0.0,0.0,0,0,0,0,54.0,116.0,0,0,0,0,0,0,0,0,1.0,112.0,54.0,116.0,0,0,0,0,0,0,1,54,1,116,-1,-1,0,20,0.0,0.0,0.0,0.0,0.0,0.0,0.0,0.0
443,59248,6,12.0,0.0,6.0,6.0,6.0,0.0,0.0,0.0,0.0,0.0,508.0,0.0,508.0,508.0,508.0,508.0,0.0,508.0,508.0,0.0,0.0,0.0,0.0,0.0,0,0,0,0,6.0,6.0,0,0,0,0,1,0,0,0,0.0,9.0,6.0,0.0,0,0,0,0,0,0,2,12,0,0,1026,-1,1,20,0.0,0.0,0.0,0.0,0.0,0.0,0.0,0.0
22,57097,6,6.0,12.0,6.0,6.0,6.0,0.0,6.0,6.0,6.0,0.0,27.5,31.612,49.0,3.0,0.0,0.0,0.0,0.0,0.0,47.0,47.0,0.0,47.0,47.0,0,0,0,0,6.0,6.0,0,0,0,0,1,1,0,0,2.0,8.0,6.0,6.0,0,0,0,0,0,0,1,6,2,12,245,256,0,20,0.0,0.0,0.0,0.0,0.0,0.0,0.0,0.0
443,49080,6,0.0,18.0,0.0,0.0,0.0,0.0,6.0,6.0,6.0,0.0,21497.75,43409.341,86383.0,1.0,86497.0,86497.0,0.0,86497.0,86497.0,86885.0,43807.5,61405.57,86880.0,1.0,0,0,0,0,0.0,6.0,0,0,0,0,1,0,0,0,1.0,3.6,0.0,6.0,0,0,0,0,0,0,2,0,3,18,114,0,0,32,0.0,0.0,0.0,0.0,0.0,0.0,0.0,0.0
443,50890,6,6.0,6.0,6.0,6.0,6.0,0.0,6.0,6.0,6.0,0.0,49.0,0.0,49.0,49.0,0.0,0.0,0.0,0.0,0.0,0.0,0.0,0.0,0.0,0.0,0,0,0,0,6.0,6.0,0,0,0,0,1,1,0,0,1.0,9.0,6.0,6.0,0,0,0,0,0,0,1,6,1,6,32,32850,0,20,0.0,0.0,0.0,0.0,0.0,0.0,0.0,0.0
61054,53,17,82.0,190.0,41.0,41.0,41.0,0.0,95.0,95.0,95.0,0.0,17288.0,30234.954,51767.0,1.0,1.0,1.0,0.0,1.0,1.0,4.0,4.0,0.0,4.0,4.0,0,0,0,0,41.0,95.0,0,0,0,0,0,0,0,0,1.0,78.25,41.0,95.0,0,0,0,0,0,0,2,82,2,190,-1,-1,1,32,0.0,0.0,0.0,0.0,0.0,0.0,0.0,0.0
57148,53,17,60.0,264.0,30.0,30.0,30.0,0.0,132.0,132.0,132.0,0.0,20658.66,35711.822,62969.0,3.0,3.0,3.0,0.0,3.0,3.0,49.0,49.0,0.0,49.0,49.0,0,0,0,0,30.0,132.0,0,0,0,0,0,0,0,0,1.0,88.5,30.0,132.0,0,0,0,0,0,0,2,60,2,264,-1,-1,1,32,0.0,0.0,0.0,0.0,0.0,0.0,0.0,0.0
58152,53,17,68.0,158.0,34.0,34.0,34.0,0.0,79.0,79.0,79.0,0.0,10463.33,18016.481,31384.0,3.0,3.0,3.0,0.0,3.0,3.0,3.0,3.0,0.0,3.0,3.0,0,0,0,0,34.0,79.0,0,0,0,0,0,0,0,0,1.0,65.0,34.0,79.0,0,0,0,0,0,0,2,68,2,158,-1,-1,1,32,0.0,0.0,0.0,0.0,0.0,0.0,0.0,0.0
63533,80,6,930.0,594.0,926.0,0.0,59.375,235.6998,598.0,0.0,30.8,123.8069,3992329.06,4863316.49,10061978.0,85.0,115008272.0,7721028.13,4154713.634,10094719.0,698.0,110208001.0,8469180.0,3762502.595,10093899.0,443381.0,0,0,0,0,0.0,926.0,0,0,0,1,0,0,0,0,0.0,50.9333,59.375,30.8,0,0,0,0,0,0,16,930,15,594,8192,988,15,20,29058.63,93878.441,301336.0,22936.0,9972098.63,10461.403,10061971.0,9941207.0
34606,80,6,1075.0,86680.0,353.0,0.0,57.7176,115.4971,3589.0,0.0,1775.684,1026.1802,254297.87,1649006.685,9999420.0,2.0,13250655.0,509556.06,1734774.408,9999129.0,51.0,12227742.0,377455.41,1891747.41,10024661.0,2.0,0,0,0,0,0.0,3589.0,0,0,0,1,0,0,0,0,1.0,1062.7912,57.7176,1775.684,0,0,0,0,0,0,37,1075,55,86680,29200,31,4,32,3779254.0,0.0,3779254.0,3779254.0,9999459.0,0.0,9999459.0,9999459.0
62294,53,17,164.0,254.0,41.0,41.0,41.0,0.0,127.0,127.0,127.0,0.0,12288.8,16868.825,31073.0,1.0,31076.0,10358.33,18434.297,31063.0,3.0,1.0,1.0,0.0,1.0,1.0,0,0,0,0,41.0,127.0,0,0,0,0,0,0,0,0,0.0,71.1667,41.0,127.0,0,0,0,0,0,0,4,164,2,254,-1,-1,3,32,0.0,0.0,0.0,0.0,0.0,0.0,0.0,0.0
50388,443,6,382.0,3932.0,201.0,0.0,47.75,74.7773,1460.0,0.0,652.3333,685.199,392952.86,1357582.42,5067823.0,3.0,5484246.0,694047.28,1726818.147,5067823.0,1.0,90654.0,12196.8,28887.886,48150.0,48.0,0,0,0,0,0.0,1460.0,0,0,0,1,0,0,0,0,0.0,305.8333,47.75,652.3333,0,0,0,0,0,0,8,382,6,3932,8192,946,7,20,332647.0,0.0,332647.0,332647.0,5067840.0,0.0,5067820.0,5067840.0
51920,53,17,72.0,266.0,36.0,36.0,36.0,0.0,133.0,133.0,133.0,0.0,10325.66,17883.642,30929.0,1.0,1.0,1.0,0.0,1.0,1.0,3.0,3.0,0.0,3.0,3.0,0,0,0,0,36.0,133.0,0,0,0,0,0,0,0,0,1.0,93.5,36.0,133.0,0,0,0,0,0,0,2,72,2,266,-1,-1,1,32,0.0,0.0,0.0,0.0,0.0,0.0,0.0,0.0
56998,443,6,839.0,5698.0,267.0,0.0,56.3125,93.466,1448.0,0.0,313.7,524.8528,35518.14,79047.13,265660.0,3.0,831759.0,84644.69,99752.745,265660.0,16.0,447386.0,85795.16,75653.756,295804.0,3.0,0,0,0,0,0.0,1448.0,0,0,0,1,0,0,0,0,0.0,169.5947,56.3125,313.7,0,0,0,0,0,0,16,839,10,5698,29200,254,7,32,0.0,0.0,0.0,0.0,0.0,0.0,0.0,0.0
443,57615,6,0.0,0.0,0.0,0.0,0.0,0.0,0.0,0.0,0.0,0.0,208.0,0.0,208.0,208.0,208.0,208.0,0.0,208.0,208.0,0.0,0.0,0.0,0.0,0.0,0,0,0,0,0.0,0.0,0,0,0,0,1,0,0,0,0.0,0.0,0.0,0.0,0,0,0,0,0,0,2,0,0,0,340,-1,0,32,0.0,0.0,0.0,0.0,0.0,0.0,0.0,0.0
61420,53,17,104.0,215.0,54.0,50.0,52.0,2.8284,129.0,80.0,107.5,32.0263,36996149.0,67123261.843,110503584.0,23274.0,112617260.0,110617260.0,0.0,110637260.0,110717260.0,112621559.0,110621559.0,0.0,110621559.0,110621559.0,0,0,0,0,50.0,129.0,0,0,0,0,0,0,0,0,1.0,98.5,52.0,107.5,0,0,0,0,0,0,2,104,2,215,-1,-1,1,32,41184.0,0.0,41184.0,41184.0,110503508.0,0.0,110503508.0,110503508.0
49543,80,6,0.0,0.0,0.0,0.0,0.0,0.0,0.0,0.0,0.0,0.0,1799761.0,3025860.32,5352682.0,184.0,5399184.0,2699592.0,3718600.862,5352682.0,32532.0,0.0,0.0,0.0,0.0,0.0,0,0,0,0,0.0,0.0,0,0,0,1,0,0,0,0,0.0,0.0,0.0,0.0,0,0,0,0,0,0,3,0,1,0,29200,28960,0,32,0.0,0.0,0.0,0.0,0.0,0.0,0.0,0.0
58824,443,6,646.0,6496.0,421.0,0.0,61.5556,120.3732,2896.0,0.0,848.5,1197.2872,386880.11,1464031.378,5847937.0,2.0,8776261.0,662313.81,1992298.849,5847938.0,2.0,402427.0,157906.42,153781.381,289748.0,276.0,0,0,0,0,0.0,2896.0,0,0,0,1,0,0,0,0,0.0,352.0,61.5556,848.5,0,0,0,0,0,0,12,646,8,6496,65535,114,5,32,598761.0,0.0,598761.0,598761.0,5847925.0,0.0,5847935.0,5847925.0
47467,80,6,6.0,437.0,6.0,6.0,6.0,0.0,637.0,237.0,237.0,300.0,112263.0,0.0,112263.0,112263.0,0.0,0.0,0.0,0.0,0.0,0.0,0.0,0.0,0.0,0.0,0,0,0,0,6.0,637.0,1,0,0,0,0,0,0,0,1.0,154.5,6.0,237.0,0,0,0,0,0,0,1,6,1,437,0,67,0,20,0.0,0.0,0.0,0.0,0.0,0.0,0.0,0.0
56252,443,6,713.0,479.0,469.0,0.0,71.3,147.2874,341.0,0.0,95.8,149.5299,5474.5,9619.401,23839.0,3.0,81146.0,9596.44,11599.078,24961.0,3.0,51533.0,12683.25,12533.92,24278.0,7.0,0,0,0,0,0.0,469.0,0,0,0,1,0,0,0,0,0.0,79.4667,71.3,95.8,0,0,0,0,0,0,10,713,5,479,65535,972,5,32,0.0,0.0,0.0,0.0,0.0,0.0,0.0,0.0
443,55527,6,0.0,0.0,0.0,0.0,0.0,0.0,0.0,0.0,0.0,0.0,77.0,0.0,77.0,77.0,0.0,0.0,0.0,0.0,0.0,0.0,0.0,0.0,0.0,0.0,0,0,0,0,0.0,0.0,0,0,0,0,1,1,0,0,1.0,0.0,0.0,0.0,0,0,0,0,0,0,1,0,1,0,114,296,0,32,0.0,0.0,0.0,0.0,0.0,0.0,0.0,0.0
51141,80,6,0.0,0.0,0.0,0.0,0.0,0.0,0.0,0.0,0.0,0.0,1742662.66,2928728.858,5128009.0,67.0,137993.0,137993.0,0.0,137993.0,137993.0,5139983.0,5139983.0,0.0,5139983.0,5139983.0,0,0,0,0,0.0,0.0,0,0,0,1,0,0,0,0,1.0,0.0,0.0,0.0,0,0,0,0,0,0,2,0,2,0,29200,229,0,32,0.0,0.0,0.0,0.0,0.0,0.0,0.0,0.0
25953,53,17,78.0,342.0,39.0,39.0,39.0,0.0,171.0,171.0,171.0,0.0,64.33,106.336,187.0,3.0,3.0,3.0,0.0,3.0,3.0,4.0,4.0,0.0,4.0,4.0,0,0,0,0,39.0,171.0,0,0,0,0,0,0,0,0,1.0,114.75,39.0,171.0,0,0,0,0,0,0,2,78,2,342,-1,-1,1,32,0.0,0.0,0.0,0.0,0.0,0.0,0.0,0.0
30208,53,17,62.0,94.0,31.0,31.0,31.0,0.0,47.0,47.0,47.0,0.0,20122.33,34789.459,60311.0,3.0,3.0,3.0,0.0,3.0,3.0,4.0,4.0,0.0,4.0,4.0,0,0,0,0,31.0,47.0,0,0,0,0,0,0,0,0,1.0,46.75,31.0,47.0,0,0,0,0,0,0,2,62,2,94,-1,-1,1,20,0.0,0.0,0.0,0.0,0.0,0.0,0.0,0.0
62909,53,17,78.0,230.0,39.0,39.0,39.0,0.0,115.0,115.0,115.0,0.0,16169.0,28251.193,48401.0,3.0,48.0,48.0,0.0,48.0,48.0,3.0,3.0,0.0,3.0,3.0,0,0,0,0,39.0,115.0,0,0,0,0,0,0,0,0,1.0,86.75,39.0,115.0,0,0,0,0,0,0,2,78,2,230,-1,-1,1,20,0.0,0.0,0.0,0.0,0.0,0.0,0.0,0.0
60759,53,17,104.0,350.0,52.0,52.0,52.0,0.0,175.0,175.0,175.0,0.0,71.33,43.018,119.0,49.0,49.0,49.0,0.0,49.0,49.0,49.0,49.0,0.0,49.0,49.0,0,0,0,0,52.0,175.0,0,0,0,0,0,0,0,0,1.0,129.5,52.0,175.0,0,0,0,0,0,0,2,104,2,350,-1,-1,1,20,0.0,0.0,0.0,0.0,0.0,0.0,0.0,0.0
4260,53,17,62.0,94.0,31.0,31.0,31.0,0.0,47.0,47.0,47.0,0.0,71.0,34.905,119.0,48.0,48.0,48.0,0.0,48.0,48.0,48.0,48.0,0.0,48.0,48.0,0,0,0,0,31.0,47.0,0,0,0,0,0,0,0,0,1.0,46.75,31.0,47.0,0,0,0,0,0,0,2,62,2,94,-1,-1,1,40,0.0,0.0,0.0,0.0,0.0,0.0,0.0,0.0
443,62920,6,6.0,6.0,6.0,6.0,6.0,0.0,6.0,6.0,6.0,0.0,62.0,0.0,62.0,62.0,0.0,0.0,0.0,0.0,0.0,0.0,0.0,0.0,0.0,0.0,0,0,0,0,6.0,6.0,0,0,0,0,1,1,0,0,1.0,9.0,6.0,6.0,0,0,0,0,0,0,1,6,1,6,58,256,0,20,0.0,0.0,0.0,0.0,0.0,0.0,0.0,0.0
60060,53,17,44.0,170.0,44.0,44.0,44.0,0.0,170.0,170.0,170.0,0.0,30358.0,0.0,30358.0,30358.0,0.0,0.0,0.0,0.0,0.0,0.0,0.0,0.0,0.0,0.0,0,0,0,0,44.0,170.0,0,0,0,0,0,0,0,0,1.0,129.0,44.0,170.0,0,0,0,0,0,0,1,44,1,170,-1,-1,0,32,0.0,0.0,0.0,0.0,0.0,0.0,0.0,0.0
62886,443,6,2353.0,8033.0,973.0,0.0,161.2308,327.4482,1973.0,0.0,781.875,898.1861,387082.23,1773936.857,8358995.0,33.0,8809491.0,945027.06,2100123.977,8318995.0,194.0,601186.0,66583.63,166287.577,499652.0,49.0,0,0,0,0,0.0,1973.0,0,0,0,1,0,0,0,0,0.0,451.8095,161.2308,781.875,0,0,0,0,0,0,19,2353,16,8033,8192,8193,18,20,0.0,0.0,0.0,0.0,0.0,0.0,0.0,0.0
63770,443,6,12.0,0.0,6.0,6.0,6.0,0.0,0.0,0.0,0.0,0.0,94759.0,0.0,94759.0,94759.0,94759.0,94759.0,0.0,94759.0,94759.0,0.0,0.0,0.0,0.0,0.0,0,0,0,0,6.0,6.0,0,0,0,0,1,0,0,0,0.0,9.0,6.0,0.0,0,0,0,0,0,0,2,12,0,0,253,-1,1,20,0.0,0.0,0.0,0.0,0.0,0.0,0.0,0.0
64673,443,6,974.0,7419.0,469.0,0.0,64.9333,134.266,1581.0,0.0,674.4545,743.4742,15476.2,22695.728,91787.0,2.0,298493.0,29654.92,36665.824,90509.0,3.0,202549.0,20702.6,38184.779,95778.0,2.0,0,0,0,0,0.0,1581.0,0,0,0,1,0,0,0,0,0.0,322.8077,64.9333,674.4545,0,0,0,0,0,0,15,974,11,7419,65535,357,6,32,0.0,0.0,0.0,0.0,0.0,0.0,0.0,0.0
51464,53,17,58.0,90.0,29.0,29.0,29.0,0.0,45.0,45.0,45.0,0.0,49.66,81.214,142.0,3.0,3.0,3.0,0.0,3.0,3.0,3.0,3.0,0.0,3.0,3.0,0,0,0,0,29.0,45.0,0,0,0,0,0,0,0,0,1.0,44.25,29.0,45.0,0,0,0,0,0,0,2,58,2,90,-1,-1,1,20,0.0,0.0,0.0,0.0,0.0,0.0,0.0,0.0
64711,443,6,5101.0,5103.0,614.0,0.0,156.4647,248.555,156.0,0.0,241.0,76.686,802105.98,2757637.395,10071984.0,1.0,119655887.0,1855008.39,3884004.794,10073136.0,1.0,115775988.0,1749598.57,3590065.292,10191346.0,1.0,0,0,0,0,0.0,654.0,0,0,0,1,0,0,0,0,1.0,181.9223,156.4647,241.0,0,0,0,0,0,0,34,5101,48,5103,8192,8047,33,20,1392874.9,2518407.562,5300040.0,53695.0,9849337.54,273894.862,10071973.0,6955251.0
43191,443,6,871.0,5611.0,537.0,0.0,97.6667,182.2956,3168.0,2.0,712.625,1316.2062,4177305.25,12875215.109,45006778.0,3.0,90503363.0,19050604.62,18807394.272,45026670.0,3.0,90554252.0,8268616.33,18981039.864,45029585.0,3.0,0,0,0,0,0.0,3168.0,0,0,0,1,0,0,0,0,1.0,410.3,97.6667,712.625,0,0,0,0,0,0,9,871,7,5611,8192,31088,8,20,113948.5,169288.073,299714.0,64964.0,49875990.5,192269.737,45006773.0,44123216.0
8479,53,17,60.0,344.0,30.0,30.0,30.0,0.0,172.0,172.0,172.0,0.0,30365.33,52765.56,91190.0,2.0,48.0,48.0,0.0,48.0,48.0,2.0,2.0,0.0,2.0,2.0,0,0,0,0,30.0,172.0,0,0,0,0,0,0,0,0,1.0,108.5,30.0,172.0,0,0,0,0,0,0,2,60,2,344,-1,-1,1,20,0.0,0.0,0.0,0.0,0.0,0.0,0.0,0.0
41366,53,17,68.0,380.0,34.0,34.0,34.0,0.0,190.0,190.0,190.0,0.0,73.66,88.739,179.0,4.0,193.0,193.0,0.0,193.0,193.0,4.0,4.0,0.0,4.0,4.0,0,0,0,0,34.0,190.0,0,0,0,0,0,0,0,0,1.0,120.5,34.0,190.0,0,0,0,0,0,0,2,68,2,380,-1,-1,1,20,0.0,0.0,0.0,0.0,0.0,0.0,0.0,0.0
443,5364,6,43.0,0.0,31.0,6.0,14.3333,14.4338,0.0,0.0,0.0,0.0,2.0,2.828,4.0,0.0,4.0,2.0,2.928,4.0,0.0,0.0,0.0,0.0,0.0,0.0,0,0,0,0,6.0,31.0,0,0,0,0,1,0,0,0,0.0,16.3333,14.3333,0.0,0,0,0,0,0,0,3,43,0,0,1023,-1,2,20,0.0,0.0,0.0,0.0,0.0,0.0,0.0,0.0
11694,53,17,64.0,96.0,32.0,32.0,32.0,0.0,48.0,48.0,48.0,0.0,70.33,31.163,116.0,47.0,47.0,47.0,0.0,47.0,47.0,48.0,48.0,0.0,48.0,48.0,0,0,0,0,32.0,48.0,0,0,0,0,0,0,0,0,1.0,48.0,32.0,48.0,0,0,0,0,0,0,2,64,2,96,-1,-1,1,32,0.0,0.0,0.0,0.0,0.0,0.0,0.0,0.0
11409,53,17,72.0,242.0,36.0,36.0,36.0,0.0,121.0,121.0,121.0,0.0,10307.0,17895.459,30919.0,3.0,3.0,3.0,0.0,3.0,3.0,3.0,3.0,0.0,3.0,3.0,0,0,0,0,36.0,121.0,0,0,0,0,0,0,0,0,1.0,87.5,36.0,121.0,0,0,0,0,0,0,2,72,2,242,-1,-1,1,32,0.0,0.0,0.0,0.0,0.0,0.0,0.0,0.0
51797,443,6,1231.0,5103.0,901.0,0.0,103.1,245.3207,1460.0,0.0,576.9462,679.5485,1914065.09,3939796.228,10001176.0,2.0,60293284.0,4699112.11,5121726.064,10051697.0,669.0,60306162.0,4344821.61,5032138.856,10051229.0,2.0,0,0,0,0,0.0,1460.0,0,0,0,1,0,0,0,0,1.0,323.9615,103.1,576.9462,0,0,0,0,0,0,10,1231,13,5103,8192,116,9,20,110336.0,176546.14,392436.0,50826.0,10001092.83,2665.286,10001176.0,9998974.0
64406,80,6,403.0,267.0,391.0,0.0,100.75,193.5207,267.0,0.0,81.75,133.5,704722.57,1879666.143,5016498.0,104.0,223839.0,64676.33,56295.003,110059.0,205.0,5113350.0,1666770.0,2844908.163,5001635.0,465.0,0,0,0,0,0.0,391.0,0,0,0,1,0,0,0,0,1.0,91.0,100.75,81.75,0,0,0,0,0,0,4,403,4,267,8192,60,3,20,0.0,0.0,0.0,0.0,0.0,0.0,0.0,0.0
34868,443,6,703.0,3950.0,267.0,0.0,78.1111,103.3023,1448.0,0.0,395.0,587.4831,50052.25,72653.146,295162.0,3.0,700208.0,84088.62,98726.314,395298.0,202.0,870574.0,95334.85,70011.451,395822.0,3.0,0,0,0,0,0.0,1448.0,0,0,0,1,0,0,0,0,1.0,244.8947,78.1111,395.0,0,0,0,0,0,0,9,703,10,3950,29200,254,4,32,0.0,0.0,0.0,0.0,0.0,0.0,0.0,0.0
443,56603,6,6.0,6.0,6.0,6.0,6.0,0.0,6.0,6.0,6.0,0.0,115.0,0.0,115.0,115.0,0.0,0.0,0.0,0.0,0.0,0.0,0.0,0.0,0.0,0.0,0,0,0,0,6.0,6.0,0,0,0,0,1,1,0,0,1.0,9.0,6.0,6.0,0,0,0,0,0,0,1,6,1,6,58,255,0,20,0.0,0.0,0.0,0.0,0.0,0.0,0.0,0.0
62549,80,6,3153.0,327.0,895.0,0.0,440.75,949.5886,307.0,0.0,69.5,105.1488,4929.23,8208.286,24376.0,42.0,24129.0,8776.85,10659.997,23552.0,349.0,24385.0,8898.33,13517.685,24812.0,12.0,0,0,0,0,0.0,895.0,0,0,0,1,0,0,0,0,0.0,295.1333,440.75,69.5,0,0,0,0,0,0,8,3153,4,327,65535,83,7,32,0.0,0.0,0.0,0.0,0.0,0.0,0.0,0.0
39540,443,6,829.0,5722.0,388.0,0.0,67.1538,104.4569,1460.0,0.0,640.1111,646.5929,4096.26,7269.142,23604.0,18.0,86475.0,7446.58,9453.49,25530.0,49.0,51802.0,8792.66,7271.454,23341.0,49.0,0,0,0,0,0.0,1460.0,0,0,0,1,0,0,0,0,0.0,304.5231,67.1538,640.1111,0,0,0,0,0,0,13,829,7,5722,29200,32,12,20,0.0,0.0,0.0,0.0,0.0,0.0,0.0,0.0
61223,53,17,65.0,183.0,65.0,65.0,65.0,0.0,183.0,183.0,183.0,0.0,220.0,0.0,220.0,220.0,0.0,0.0,0.0,0.0,0.0,0.0,0.0,0.0,0.0,0.0,0,0,0,0,65.0,183.0,0,0,0,0,0,0,0,0,1.0,156.5,65.0,183.0,0,0,0,0,0,0,1,65,1,183,-1,-1,0,20,0.0,0.0,0.0,0.0,0.0,0.0,0.0,0.0
51985,80,6,12.0,0.0,6.0,6.0,6.0,0.0,0.0,0.0,0.0,0.0,42.0,0.0,42.0,42.0,42.0,42.0,0.0,42.0,42.0,0.0,0.0,0.0,0.0,0.0,0,0,0,0,6.0,6.0,0,0,0,0,1,0,0,0,0.0,9.0,6.0,0.0,0,0,0,0,0,0,2,12,0,0,253,-1,1,20,0.0,0.0,0.0,0.0,0.0,0.0,0.0,0.0
443,34427,6,0.0,0.0,0.0,0.0,0.0,0.0,0.0,0.0,0.0,0.0,268.0,0.0,268.0,268.0,268.0,268.0,0.0,268.0,268.0,0.0,0.0,0.0,0.0,0.0,0,0,0,0,0.0,0.0,0,0,0,0,1,0,0,0,0.0,0.0,0.0,0.0,0,0,0,0,0,0,2,0,0,0,114,-1,0,32,0.0,0.0,0.0,0.0,0.0,0.0,0.0,0.0
443,61546,6,0.0,0.0,0.0,0.0,0.0,0.0,0.0,0.0,0.0,0.0,33.0,49.395,63.0,3.0,3.0,3.0,0.0,3.0,3.0,0.0,0.0,0.0,0.0,0.0,0,0,0,0,0.0,0.0,0,0,0,0,1,1,0,0,0.0,0.0,0.0,0.0,0,0,0,0,0,0,2,0,1,0,349,32832,0,32,0.0,0.0,0.0,0.0,0.0,0.0,0.0,0.0
80,55482,6,6.0,6.0,6.0,6.0,6.0,0.0,6.0,6.0,6.0,0.0,31.0,0.0,31.0,31.0,0.0,0.0,0.0,0.0,0.0,0.0,0.0,0.0,0.0,0.0,0,0,0,0,6.0,6.0,0,0,0,0,1,1,0,0,1.0,9.0,6.0,6.0,0,0,0,0,0,0,1,6,1,6,913,256,0,20,0.0,0.0,0.0,0.0,0.0,0.0,0.0,0.0
49664,443,6,861.0,6364.0,241.0,0.0,50.1,76.9018,2021.0,0.0,483.7059,693.9423,16231.47,34652.995,101063.0,3.0,561829.0,32275.18,43048.003,131253.0,3.0,431336.0,45055.0,59847.952,208402.0,3.0,0,0,0,0,0.0,2021.0,0,0,0,1,0,0,0,0,0.0,256.61,50.1,483.7059,0,0,0,0,0,0,15,861,14,6364,8192,127,14,20,0.0,0.0,0.0,0.0,0.0,0.0,0.0,0.0
80,57194,6,0.0,0.0,0.0,0.0,0.0,0.0,0.0,0.0,0.0,0.0,4.0,0.0,4.0,4.0,4.0,4.0,0.0,4.0,4.0,0.0,0.0,0.0,0.0,0.0,0,0,0,0,0.0,0.0,0,0,0,0,1,0,0,0,0.0,0.0,0.0,0.0,0,0,0,0,0,0,2,0,0,0,6114,-1,0,32,0.0,0.0,0.0,0.0,0.0,0.0,0.0,0.0
31838,443,6,0.0,0.0,0.0,0.0,0.0,0.0,0.0,0.0,0.0,0.0,95125.0,0.0,95125.0,95125.0,0.0,0.0,0.0,0.0,0.0,0.0,0.0,0.0,0.0,0.0,0,0,0,0,0.0,0.0,0,0,0,0,1,1,0,0,1.0,0.0,0.0,0.0,0,0,0,0,0,0,1,0,1,0,304,252,0,32,0.0,0.0,0.0,0.0,0.0,0.0,0.0,0.0
40832,443,6,1240.0,26142.0,218.0,0.0,35.1444,64.4147,1967.0,0.0,863.5429,701.6245,1290300.64,3370231.232,10199943.0,0.0,115071179.0,2667646.14,4424145.632,10360033.0,0.0,112481882.0,2312449.9,4666768.036,10260254.0,1.0,0,0,0,0,0.0,1967.0,0,0,0,1,0,0,0,0,1.0,515.2474,35.1444,863.5429,0,0,0,0,0,0,35,1240,34,26142,29200,1034,5,32,43831.09,52646.316,170816.0,36027.0,9828187.18,1308759.939,10199942.0,5603193.0
42934,53,17,84.0,284.0,42.0,42.0,42.0,0.0,142.0,142.0,142.0,0.0,74.66,99.801,186.0,3.0,49.0,49.0,0.0,49.0,49.0,3.0,3.0,0.0,3.0,3.0,0,0,0,0,42.0,142.0,0,0,0,0,0,0,0,0,1.0,102.5,42.0,142.0,0,0,0,0,0,0,2,84,2,284,-1,-1,1,20,0.0,0.0,0.0,0.0,0.0,0.0,0.0,0.0
53047,443,6,1180.0,1102.0,901.0,0.0,118.3333,280.1616,901.0,0.0,180.2857,354.7523,29287.26,56132.169,112988.0,3.0,321337.0,47941.5,68080.401,113682.0,3.0,323003.0,64960.16,63711.263,117643.0,274.0,0,0,0,0,0.0,901.0,0,0,0,1,0,0,0,0,0.0,146.8375,118.3333,180.2857,0,0,0,0,0,0,11,1180,7,1102,65535,66,5,32,0.0,0.0,0.0,0.0,0.0,0.0,0.0,0.0
80,3159,6,6.0,6.0,6.0,6.0,6.0,0.0,6.0,6.0,6.0,0.0,25.0,0.0,25.0,25.0,0.0,0.0,0.0,0.0,0.0,0.0,0.0,0.0,0.0,0.0,0,0,0,0,6.0,6.0,0,0,0,0,1,1,0,0,1.0,9.0,6.0,6.0,0,0,0,0,0,0,1,6,1,6,946,256,0,20,0.0,0.0,0.0,0.0,0.0,0.0,0.0,0.0
123,123,17,96.0,96.0,48.0,48.0,48.0,0.0,48.0,48.0,48.0,0.0,22690847.33,36190544.35,66973762.0,76426.0,67999063.0,67999063.0,0.0,67999063.0,67999063.0,67000599.0,67000599.0,0.0,67000599.0,67000599.0,0,0,0,0,48.0,48.0,0,0,0,0,0,0,0,0,1.0,60.0,48.0,48.0,0,0,0,0,0,0,2,96,2,96,-1,-1,1,20,80340.0,0.0,80340.0,80340.0,66973703.0,0.0,66973703.0,66973703.0
49490,53,17,80.0,144.0,40.0,40.0,40.0,0.0,72.0,72.0,72.0,0.0,61.66,106.718,189.0,3.0,3.0,3.0,0.0,3.0,3.0,3.0,3.0,0.0,3.0,3.0,0,0,0,0,40.0,72.0,0,0,0,0,0,0,0,0,1.0,66.0,40.0,72.0,0,0,0,0,0,0,2,80,2,144,-1,-1,1,20,0.0,0.0,0.0,0.0,0.0,0.0,0.0,0.0
52772,443,6,12.0,6.0,6.0,6.0,6.0,0.0,6.0,6.0,6.0,0.0,150.0,135.956,262.0,3.0,3.0,3.0,0.0,3.0,3.0,0.0,0.0,0.0,0.0,0.0,0,0,0,0,6.0,6.0,0,0,0,0,1,1,0,0,0.0,8.0,6.0,6.0,0,0,0,0,0,0,2,12,1,6,250,32,1,20,0.0,0.0,0.0,0.0,0.0,0.0,0.0,0.0
54262,443,6,2364.0,48744.0,1517.0,0.0,86.3905,266.4734,2896.0,0.0,1435.7643,907.9952,823146.51,2658573.475,10000305.0,1.0,116550016.0,1636015.23,3913447.783,10033673.0,144.0,110440166.0,1476133.42,3779247.196,10036422.0,1.0,0,0,0,0,0.0,2896.0,0,0,0,1,0,0,0,0,1.0,841.9259,86.3905,1435.7643,0,0,0,0,0,0,43,2364,47,48744,29200,9671,5,32,64296.45,119549.827,755838.0,21984.0,9639167.91,1329556.153,10000305.0,5249481.0
80,64238,6,187.0,6.0,187.0,187.0,187.0,0.0,6.0,6.0,6.0,0.0,63.0,0.0,63.0,63.0,0.0,0.0,0.0,0.0,0.0,0.0,0.0,0.0,0.0,0.0,0,0,0,0,6.0,187.0,0,0,0,0,1,1,0,0,1.0,190.0,187.0,6.0,0,0,0,0,0,0,1,187,1,6,115,0,0,20,0.0,0.0,0.0,0.0,0.0,0.0,0.0,0.0
61367,53,17,68.0,250.0,34.0,34.0,34.0,0.0,125.0,125.0,125.0,0.0,25122.66,44985.754,75362.0,3.0,4.0,4.0,0.0,4.0,4.0,3.0,3.0,0.0,3.0,3.0,0,0,0,0,34.0,125.0,0,0,0,0,0,0,0,0,1.0,88.0,34.0,125.0,0,0,0,0,0,0,2,68,2,250,-1,-1,1,20,0.0,0.0,0.0,0.0,0.0,0.0,0.0,0.0
58710,53,17,94.0,226.0,47.0,47.0,47.0,0.0,113.0,113.0,113.0,0.0,107.33,185.823,312.0,1.0,13.0,13.0,0.0,13.0,13.0,1.0,1.0,0.0,1.0,1.0,0,0,0,0,47.0,113.0,0,0,0,0,0,0,0,0,1.0,91.75,47.0,113.0,0,0,0,0,0,0,2,94,2,226,-1,-1,1,32,0.0,0.0,0.0,0.0,0.0,0.0,0.0,0.0
54907,53,17,68.0,100.0,34.0,34.0,34.0,0.0,50.0,50.0,50.0,0.0,81.33,131.536,232.0,3.0,4.0,4.0,0.0,4.0,4.0,3.0,3.0,0.0,3.0,3.0,0,0,0,0,34.0,50.0,0,0,0,0,0,0,0,0,1.0,50.5,34.0,50.0,0,0,0,0,0,0,2,68,2,100,-1,-1,1,20,0.0,0.0,0.0,0.0,0.0,0.0,0.0,0.0
443,39522,6,0.0,0.0,0.0,0.0,0.0,0.0,0.0,0.0,0.0,0.0,254.0,0.0,254.0,254.0,254.0,254.0,0.0,254.0,254.0,0.0,0.0,0.0,0.0,0.0,0,0,0,0,0.0,0.0,0,0,0,0,1,0,0,0,0.0,0.0,0.0,0.0,0,0,0,0,0,0,2,0,0,0,357,-1,0,32,0.0,0.0,0.0,0.0,0.0,0.0,0.0,0.0
60198,53,17,112.0,369.0,59.0,55.0,56.0,5.6569,280.0,179.0,189.5,52.4251,34193135.66,63649304.295,103482701.0,30608.0,103423542.0,103423542.0,0.0,103423542.0,103423542.0,103433036.0,102433036.0,0.0,103433036.0,103433036.0,0,0,0,0,55.0,280.0,0,0,0,0,0,0,0,0,1.0,141.25,56.0,189.5,0,0,0,0,0,0,2,112,2,369,-1,-1,1,20,30307.0,0.0,30307.0,30307.0,103482705.0,0.0,103482705.0,103482705.0
443,53702,6,12.0,0.0,6.0,6.0,6.0,0.0,0.0,0.0,0.0,0.0,3.0,0.0,3.0,3.0,3.0,3.0,0.0,3.0,3.0,0.0,0.0,0.0,0.0,0.0,0,0,0,0,6.0,6.0,0,0,0,0,1,0,0,0,0.0,9.0,6.0,0.0,0,0,0,0,0,0,2,12,0,0,5068,-1,1,20,0.0,0.0,0.0,0.0,0.0,0.0,0.0,0.0
39088,443,6,1787.0,5244.0,1089.0,0.0,218.1667,490.7729,1460.0,0.0,675.1667,664.5496,26865.0,39165.784,84432.0,1.0,373844.0,51928.5,44790.549,93547.0,23591.0,278807.0,32601.5,58599.081,124480.0,1.0,0,0,0,0,0.0,1460.0,0,0,0,1,0,0,0,0,1.0,447.6157,218.1667,675.1667,0,0,0,0,0,0,6,1787,9,5244,29200,248,3,20,0.0,0.0,0.0,0.0,0.0,0.0,0.0,0.0
62891,53,17,47.0,63.0,47.0,47.0,47.0,0.0,63.0,63.0,63.0,0.0,24165.0,0.0,24165.0,24165.0,0.0,0.0,0.0,0.0,0.0,0.0,0.0,0.0,0.0,0.0,0,0,0,0,47.0,63.0,0,0,0,0,0,0,0,0,1.0,78.5,47.0,63.0,0,0,0,0,0,0,1,47,1,63,-1,-1,0,20,0.0,0.0,0.0,0.0,0.0,0.0,0.0,0.0
60516,53,17,47.0,175.0,47.0,47.0,47.0,0.0,175.0,175.0,175.0,0.0,93578.0,0.0,93578.0,93578.0,0.0,0.0,0.0,0.0,0.0,0.0,0.0,0.0,0.0,0.0,0,0,0,0,47.0,175.0,0,0,0,0,0,0,0,0,1.0,134.5,47.0,175.0,0,0,0,0,0,0,1,47,1,175,-1,-1,0,20,0.0,0.0,0.0,0.0,0.0,0.0,0.0,0.0
61330,53,17,49.0,177.0,49.0,49.0,49.0,0.0,177.0,177.0,177.0,0.0,23445.0,0.0,23445.0,23445.0,0.0,0.0,0.0,0.0,0.0,0.0,0.0,0.0,0.0,0.0,0,0,0,0,49.0,177.0,0,0,0,0,0,0,0,0,1.0,137.5,49.0,177.0,0,0,0,0,0,0,1,49,1,177,-1,-1,0,40,0.0,0.0,0.0,0.0,0.0,0.0,0.0,0.0
443,53225,6,12.0,0.0,6.0,6.0,6.0,0.0,0.0,0.0,0.0,0.0,309.0,0.0,309.0,309.0,309.0,309.0,0.0,309.0,309.0,0.0,0.0,0.0,0.0,0.0,0,0,0,0,6.0,6.0,0,0,0,0,1,0,0,0,0.0,9.0,6.0,0.0,0,0,0,0,0,0,2,12,0,0,35,-1,1,20,0.0,0.0,0.0,0.0,0.0,0.0,0.0,0.0
51602,443,6,713.0,479.0,469.0,0.0,61.3,147.2874,341.0,0.0,95.8,149.5299,5555.0,9557.008,23763.0,26.0,82472.0,9412.88,11662.962,24441.0,48.0,58704.0,12421.0,12836.806,25596.0,307.0,0,0,0,0,0.0,469.0,0,0,0,1,0,0,0,0,0.0,79.4667,61.3,95.8,0,0,0,0,0,0,10,713,5,479,65535,972,5,32,0.0,0.0,0.0,0.0,0.0,0.0,0.0,0.0
54256,53,17,94.0,126.0,47.0,47.0,47.0,0.0,63.0,63.0,63.0,0.0,56.33,97.279,163.0,3.0,3.0,3.0,0.0,3.0,3.0,4.0,4.0,0.0,4.0,4.0,0,0,0,0,47.0,63.0,0,0,0,0,0,0,0,0,1.0,66.75,47.0,63.0,0,0,0,0,0,0,2,94,2,126,-1,-1,1,20,0.0,0.0,0.0,0.0,0.0,0.0,0.0,0.0
56338,443,6,974.0,7387.0,469.0,0.0,64.9333,134.266,1581.0,0.0,738.7,750.4129,14661.89,24559.949,73912.0,1.0,349969.0,28620.57,28756.632,73809.0,1.0,299578.0,28391.14,48111.015,115667.0,1.0,0,0,0,0,0.0,1581.0,0,0,0,1,0,0,0,0,0.0,334.44,64.9333,738.7,0,0,0,0,0,0,15,974,10,7387,65535,179,6,32,0.0,0.0,0.0,0.0,0.0,0.0,0.0,0.0
60689,53,17,45.0,183.0,45.0,45.0,45.0,0.0,183.0,183.0,183.0,0.0,60641.0,0.0,60641.0,60641.0,0.0,0.0,0.0,0.0,0.0,0.0,0.0,0.0,0.0,0.0,0,0,0,0,45.0,183.0,0,0,0,0,0,0,0,0,1.0,136.5,45.0,183.0,0,0,0,0,0,0,1,45,1,183,-1,-1,0,20,0.0,0.0,0.0,0.0,0.0,0.0,0.0,0.0
61804,443,6,6.0,0.0,6.0,6.0,6.0,0.0,0.0,0.0,0.0,0.0,83.0,0.0,83.0,83.0,0.0,0.0,0.0,0.0,0.0,0.0,0.0,0.0,0.0,0.0,0,0,0,0,0.0,6.0,1,0,0,0,0,0,0,0,1.0,6.0,6.0,0.0,0,0,0,0,0,0,1,6,1,0,0,116,0,20,0.0,0.0,0.0,0.0,0.0,0.0,0.0,0.0
61217,53,17,180.0,900.0,45.0,45.0,45.0,0.0,300.0,300.0,300.0,0.0,14759.4,21400.41,40752.0,3.0,40875.0,16291.33,29299.744,40879.0,3.0,20279.0,59.0,0.0,20179.0,20279.0,0,0,0,0,45.0,300.0,0,0,0,0,0,0,0,0,0.0,146.5,45.0,300.0,0,0,0,0,0,0,4,180,2,900,-1,-1,3,20,0.0,0.0,0.0,0.0,0.0,0.0,0.0,0.0
443,51806,6,0.0,0.0,0.0,0.0,0.0,0.0,0.0,0.0,0.0,0.0,16080.5,22734.819,32111.0,55.0,32161.0,32161.0,0.0,32161.0,32161.0,0.0,0.0,0.0,0.0,0.0,0,0,0,0,0.0,0.0,0,0,0,0,1,1,0,0,0.0,0.0,0.0,0.0,0,0,0,0,0,0,2,0,1,0,33,33304,0,32,0.0,0.0,0.0,0.0,0.0,0.0,0.0,0.0
63139,443,6,12.0,0.0,6.0,6.0,6.0,0.0,0.0,0.0,0.0,0.0,3.0,0.0,3.0,3.0,3.0,3.0,0.0,3.0,3.0,0.0,0.0,0.0,0.0,0.0,0,0,0,0,6.0,6.0,1,0,0,0,0,0,0,0,0.0,9.0,6.0,0.0,0,0,0,0,0,0,2,12,0,0,0,-1,1,20,0.0,0.0,0.0,0.0,0.0,0.0,0.0,0.0
56116,443,6,392.0,5068.0,236.0,0.0,49.0,85.5776,1460.0,0.0,611.25,687.909,385830.33,1327882.177,4925188.0,3.0,5167100.0,628716.33,1734369.043,4925188.0,3.0,81004.0,12264.85,20584.857,40875.0,150.0,0,0,0,0,0.0,1460.0,0,0,0,1,0,0,0,0,0.0,323.3,49.0,611.25,0,0,0,0,0,0,7,392,8,5068,8192,110,6,20,0.0,0.0,0.0,0.0,0.0,0.0,0.0,0.0
5478,443,6,352.0,3782.0,208.0,0.0,58.6667,87.8605,2042.0,0.0,756.4,937.5195,12147.0,19647.535,45355.0,57.0,130566.0,26312.2,23490.195,45010.0,56.0,97194.0,28038.5,27380.511,44420.0,194.0,0,0,0,0,0.0,2042.0,0,0,0,1,0,0,0,0,0.0,376.8183,58.6667,756.4,0,0,0,0,0,0,6,352,5,3782,8192,60,5,20,0.0,0.0,0.0,0.0,0.0,0.0,0.0,0.0
51658,443,6,909.0,3388.0,453.0,0.0,74.5556,133.3782,1460.0,0.0,489.6,601.4908,1284986.69,3220018.072,10009088.0,1.0,20555247.0,1360289.58,4210937.063,10031507.0,1.0,26439598.0,2669678.62,4827617.807,10157482.0,48.0,0,0,0,0,0.0,1460.0,0,0,0,1,0,0,0,0,0.0,230.6846,74.5556,489.6,0,0,0,0,0,0,14,909,10,3388,29200,4240,13,20,312362.5,444348.923,661276.0,28179.0,9975059.0,27672.908,10009081.0,9990240.0
61016,443,6,810.0,5446.0,373.0,0.0,67.3846,116.1126,1788.0,0.0,741.2,804.4059,21768.81,37540.789,80867.0,1.0,414345.0,31020.16,44555.887,80819.0,1.0,316465.0,59048.55,66030.296,121177.0,49.0,0,0,0,0,0.0,1788.0,0,0,0,1,0,0,0,0,0.0,329.7038,67.3846,741.2,0,0,0,0,0,0,13,810,8,5446,65535,122,6,32,0.0,0.0,0.0,0.0,0.0,0.0,0.0,0.0
23853,53,17,62.0,240.0,31.0,31.0,31.0,0.0,120.0,120.0,120.0,0.0,23014.0,40160.245,69098.0,4.0,48.0,48.0,0.0,48.0,48.0,4.0,4.0,0.0,4.0,4.0,0,0,0,0,31.0,120.0,0,0,0,0,0,0,0,0,1.0,83.25,31.0,120.0,0,0,0,0,0,0,2,62,2,240,-1,-1,1,32,0.0,0.0,0.0,0.0,0.0,0.0,0.0,0.0
41668,443,6,1173.0,6568.0,433.0,0.0,79.4348,129.4794,1920.0,0.0,408.8182,712.1107,2560893.26,4390703.571,10000564.0,3.0,61082471.0,5027635.35,5178906.076,10114001.0,215.0,61811693.0,5604869.35,5198390.657,10112838.0,193.0,0,0,0,0,0.0,1920.0,0,0,0,1,0,0,0,0,1.0,239.1,79.4348,408.8182,0,0,0,0,0,0,19,1173,19,6568,29200,131,18,20,201385.5,384087.5,995799.0,187485.0,10005423.16,331.396,10000563.0,9997063.0
58910,53,17,80.0,452.0,40.0,40.0,40.0,0.0,226.0,226.0,226.0,0.0,78.66,131.932,230.0,3.0,3.0,3.0,0.0,3.0,3.0,3.0,3.0,0.0,3.0,3.0,0,0,0,0,40.0,226.0,0,0,0,0,0,0,0,0,1.0,143.0,40.0,226.0,0,0,0,0,0,0,2,80,2,452,-1,-1,1,20,0.0,0.0,0.0,0.0,0.0,0.0,0.0,0.0
443,57196,6,12.0,0.0,6.0,6.0,6.0,0.0,0.0,0.0,0.0,0.0,3.0,0.0,3.0,3.0,3.0,3.0,0.0,3.0,3.0,0.0,0.0,0.0,0.0,0.0,0,0,0,0,6.0,6.0,0,0,0,0,1,0,0,0,0.0,9.0,6.0,0.0,0,0,0,0,0,0,2,12,0,0,4502,-1,1,20,0.0,0.0,0.0,0.0,0.0,0.0,0.0,0.0
443,61547,6,37.0,0.0,37.0,0.0,18.5,26.163,0.0,0.0,0.0,0.0,3.0,0.0,3.0,3.0,3.0,3.0,0.0,3.0,3.0,0.0,0.0,0.0,0.0,0.0,1,0,0,0,0.0,37.0,0,1,0,0,1,0,0,0,0.0,37.0,18.5,0.0,0,0,0,0,0,0,2,37,0,0,972,-1,0,32,0.0,0.0,0.0,0.0,0.0,0.0,0.0,0.0
60985,53,17,50.0,66.0,50.0,50.0,50.0,0.0,66.0,66.0,66.0,0.0,31792.0,0.0,31792.0,31792.0,0.0,0.0,0.0,0.0,0.0,0.0,0.0,0.0,0.0,0.0,0,0,0,0,50.0,66.0,0,0,0,0,0,0,0,0,1.0,83.0,50.0,66.0,0,0,0,0,0,0,1,50,1,66,-1,-1,0,40,0.0,0.0,0.0,0.0,0.0,0.0,0.0,0.0
61747,53,17,41.0,57.0,41.0,41.0,41.0,0.0,57.0,57.0,57.0,0.0,60139.0,0.0,60139.0,60139.0,0.0,0.0,0.0,0.0,0.0,0.0,0.0,0.0,0.0,0.0,0,0,0,0,41.0,57.0,0,0,0,0,0,0,0,0,1.0,69.5,41.0,57.0,0,0,0,0,0,0,1,41,1,57,-1,-1,0,32,0.0,0.0,0.0,0.0,0.0,0.0,0.0,0.0
40791,53,17,66.0,448.0,33.0,33.0,33.0,0.0,224.0,224.0,224.0,0.0,76.0,124.333,223.0,3.0,3.0,3.0,0.0,3.0,3.0,3.0,3.0,0.0,3.0,3.0,0,0,0,0,33.0,224.0,0,0,0,0,0,0,0,0,1.0,136.75,33.0,224.0,0,0,0,0,0,0,2,66,2,448,-1,-1,1,32,0.0,0.0,0.0,0.0,0.0,0.0,0.0,0.0
50930,443,6,414.0,3738.0,213.0,0.0,47.3333,78.2031,1460.0,0.0,616.3333,679.909,442536.92,1447452.817,5745245.0,3.0,5928125.0,824745.87,1935780.559,5745245.0,3.0,114032.0,13502.4,22904.962,66183.0,49.0,0,0,0,0,0.0,1460.0,0,0,0,1,0,0,0,0,0.0,276.8615,47.3333,616.3333,0,0,0,0,0,0,9,414,6,3738,8192,119,7,20,340702.0,0.0,340702.0,340702.0,5745272.0,0.0,5745242.0,5745272.0
62169,443,6,7539.0,2733.0,4709.0,0.0,969.7778,1682.4666,1460.0,0.0,267.3333,593.8377,461242.57,1483380.246,5404115.0,3.0,5654294.0,820748.25,2015127.458,5404115.0,3.0,66009.0,12507.4,18109.756,37712.0,1.0,0,0,0,0,0.0,4709.0,0,0,0,1,0,0,0,0,1.0,557.63,969.7778,267.3333,0,0,0,0,0,0,9,7539,6,2733,8192,67,7,20,0.0,0.0,0.0,0.0,0.0,0.0,0.0,0.0
50055,80,6,302.0,5088.0,206.0,0.0,42.5,107.0023,2048.0,0.0,772.0,936.341,262461.46,713635.124,2997999.0,11.0,148673.0,16992.33,15101.839,25799.0,244.0,3030392.0,813773.4,1199937.777,2001709.0,48.0,0,0,0,0,0.0,2048.0,0,0,0,1,0,0,0,0,1.0,404.1857,42.5,772.0,0,0,0,0,0,0,4,302,6,5088,29200,59,1,32,0.0,0.0,0.0,0.0,0.0,0.0,0.0,0.0
65886,443,6,1275.0,22403.0,901.0,0.0,69.1538,204.9919,1460.0,0.0,1180.3826,550.364,3401.11,6304.649,24809.0,0.0,91406.0,3404.75,7645.618,21856.0,4.0,50052.0,2009.06,8029.064,16938.0,2.0,0,0,0,0,0.0,1460.0,0,0,0,1,0,0,0,0,0.0,547.8189,69.1538,1180.3826,0,0,0,0,0,0,23,1275,19,22403,65535,32,22,20,0.0,0.0,0.0,0.0,0.0,0.0,0.0,0.0
50331,53,17,72.0,146.0,36.0,36.0,36.0,0.0,73.0,73.0,73.0,0.0,50.66,86.122,151.0,3.0,4.0,4.0,0.0,4.0,4.0,3.0,3.0,0.0,3.0,3.0,0,0,0,0,36.0,73.0,0,0,0,0,0,0,0,0,1.0,63.5,36.0,73.0,0,0,0,0,0,0,2,72,2,146,-1,-1,1,20,0.0,0.0,0.0,0.0,0.0,0.0,0.0,0.0
57168,53,17,64.0,256.0,32.0,32.0,32.0,0.0,128.0,128.0,128.0,0.0,20276.66,35076.367,60729.0,3.0,4.0,4.0,0.0,4.0,4.0,3.0,3.0,0.0,3.0,3.0,0,0,0,0,32.0,128.0,0,0,0,0,0,0,0,0,1.0,88.0,32.0,128.0,0,0,0,0,0,0,2,64,2,256,-1,-1,1,20,0.0,0.0,0.0,0.0,0.0,0.0,0.0,0.0
65134,53,17,46.0,234.0,23.0,23.0,23.0,0.0,117.0,117.0,117.0,0.0,59.0,97.272,170.0,3.0,3.0,3.0,0.0,3.0,3.0,3.0,3.0,0.0,3.0,3.0,0,0,0,0,23.0,117.0,0,0,0,0,0,0,0,0,1.0,78.75,23.0,117.0,0,0,0,0,0,0,2,46,2,234,-1,-1,1,20,0.0,0.0,0.0,0.0,0.0,0.0,0.0,0.0
8446,53,17,68.0,250.0,34.0,34.0,34.0,0.0,125.0,125.0,125.0,0.0,7973.0,13770.748,23912.0,2.0,2.0,2.0,0.0,2.0,2.0,3.0,3.0,0.0,3.0,3.0,0,0,0,0,34.0,125.0,0,0,0,0,0,0,0,0,1.0,88.0,34.0,125.0,0,0,0,0,0,0,2,68,2,250,-1,-1,1,32,0.0,0.0,0.0,0.0,0.0,0.0,0.0,0.0
58648,53,17,62.0,152.0,31.0,31.0,31.0,0.0,76.0,76.0,76.0,0.0,60.66,95.376,175.0,3.0,3.0,3.0,0.0,3.0,3.0,3.0,3.0,0.0,3.0,3.0,0,0,0,0,31.0,76.0,0,0,0,0,0,0,0,0,1.0,61.25,31.0,76.0,0,0,0,0,0,0,2,62,2,152,-1,-1,1,20,0.0,0.0,0.0,0.0,0.0,0.0,0.0,0.0
55207,443,6,29.0,0.0,29.0,0.0,5.8,12.9692,0.0,0.0,0.0,0.0,12083.0,22805.366,48876.0,1.0,58174.0,14096.0,24036.035,48876.0,1.0,0.0,0.0,0.0,0.0,0.0,0,0,0,0,0.0,29.0,0,0,0,0,1,0,0,0,0.0,5.8,5.8,0.0,0,0,0,0,0,0,5,29,0,0,33061,-1,1,32,0.0,0.0,0.0,0.0,0.0,0.0,0.0,0.0
50817,80,6,3453.0,11316.0,439.0,0.0,237.1538,274.69,2920.0,0.0,521.6471,948.8397,1369074.5,2249559.564,9998136.0,1.0,32970432.0,2887320.72,3782502.389,9998146.0,57.0,32083524.0,2365472.0,3818858.346,10199889.0,1.0,0,0,0,0,0.0,2920.0,0,0,0,1,0,0,0,0,0.0,384.3176,237.1538,521.6471,0,0,0,0,0,0,13,3453,13,11316,8192,193,12,20,1503546.5,2503450.066,2586258.0,37402.0,9952411.0,8880.734,9998139.0,9997070.0
61034,53,17,88.0,200.0,44.0,44.0,44.0,0.0,100.0,100.0,100.0,0.0,10992.66,18895.066,32964.0,3.0,48.0,48.0,0.0,48.0,48.0,3.0,3.0,0.0,3.0,3.0,0,0,0,0,44.0,100.0,0,0,0,0,0,0,0,0,1.0,83.0,44.0,100.0,0,0,0,0,0,0,2,88,2,200,-1,-1,1,20,0.0,0.0,0.0,0.0,0.0,0.0,0.0,0.0
60457,53,17,45.0,61.0,45.0,45.0,45.0,0.0,61.0,61.0,61.0,0.0,30264.0,0.0,30264.0,30264.0,0.0,0.0,0.0,0.0,0.0,0.0,0.0,0.0,0.0,0.0,0,0,0,0,45.0,61.0,0,0,0,0,0,0,0,0,1.0,75.5,45.0,61.0,0,0,0,0,0,0,1,45,1,61,-1,-1,0,20,0.0,0.0,0.0,0.0,0.0,0.0,0.0,0.0
55382,53,17,62.0,94.0,31.0,31.0,31.0,0.0,47.0,47.0,47.0,0.0,47.0,77.982,135.0,3.0,3.0,3.0,0.0,3.0,3.0,3.0,3.0,0.0,3.0,3.0,0,0,0,0,31.0,47.0,0,0,0,0,0,0,0,0,1.0,46.75,31.0,47.0,0,0,0,0,0,0,2,62,2,94,-1,-1,1,32,0.0,0.0,0.0,0.0,0.0,0.0,0.0,0.0
61447,53,17,50.0,66.0,50.0,50.0,50.0,0.0,66.0,66.0,66.0,0.0,30502.0,0.0,30502.0,30502.0,0.0,0.0,0.0,0.0,0.0,0.0,0.0,0.0,0.0,0.0,0,0,0,0,50.0,66.0,0,0,0,0,0,0,0,0,1.0,83.0,50.0,66.0,0,0,0,0,0,0,1,50,1,66,-1,-1,0,32,0.0,0.0,0.0,0.0,0.0,0.0,0.0,0.0
55422,443,6,1165.0,4498.0,517.0,0.0,129.9286,183.3011,1460.0,2.0,406.7,601.6568,590691.46,2373612.417,9950897.0,1.0,406833.0,46619.37,69632.006,259869.0,103.0,10409981.0,1444928.22,3773470.598,9957086.0,1.0,0,0,0,0,0.0,1460.0,0,0,0,1,0,0,0,0,1.0,286.6368,129.9286,406.7,0,0,0,0,0,0,9,1165,10,4498,8192,31462,8,20,389408.0,0.0,389408.0,389408.0,9950857.0,0.0,9950897.0,9950857.0
52694,443,6,828.0,5146.0,565.0,0.0,72.8,153.4072,1460.0,0.0,720.6667,695.2463,611877.43,2319252.93,10075998.0,4.0,210859.0,28659.33,17140.652,30061.0,4.0,10099978.0,1207703.84,3648549.581,10002728.0,4.0,0,0,0,0,0.0,1460.0,0,0,0,1,0,0,0,0,0.0,381.6056,72.8,720.6667,0,0,0,0,0,0,10,828,9,5146,65535,122,9,20,102730.0,0.0,102730.0,102730.0,10005912.0,0.0,10005992.0,10005912.0
443,55407,6,0.0,0.0,0.0,0.0,0.0,0.0,0.0,0.0,0.0,0.0,70.0,0.0,70.0,70.0,0.0,0.0,0.0,0.0,0.0,0.0,0.0,0.0,0.0,0.0,0,0,0,0,0.0,0.0,0,0,0,0,1,0,0,0,1.0,0.0,0.0,0.0,0,0,0,0,0,0,1,0,1,0,349,32832,0,32,0.0,0.0,0.0,0.0,0.0,0.0,0.0,0.0
59987,53,17,78.0,110.0,39.0,39.0,39.0,0.0,55.0,55.0,55.0,0.0,50.66,80.456,145.0,3.0,3.0,3.0,0.0,3.0,3.0,4.0,4.0,0.0,4.0,4.0,0,0,0,0,39.0,55.0,0,0,0,0,0,0,0,0,1.0,56.75,39.0,55.0,0,0,0,0,0,0,2,78,2,110,-1,-1,1,20,0.0,0.0,0.0,0.0,0.0,0.0,0.0,0.0
62912,443,6,599.0,160.0,517.0,0.0,85.5714,191.3085,160.0,0.0,53.3333,92.376,655885.22,1875729.668,5549769.0,3.0,5670476.0,996794.0,2378238.617,5690163.0,3.0,80175.0,40072.5,30014.224,60204.0,24343.0,0,0,0,0,0.0,517.0,0,0,0,1,0,0,0,0,0.0,75.9,85.5714,53.3333,0,0,0,0,0,0,7,599,3,160,29200,59,3,32,116745.0,0.0,116745.0,116745.0,5549731.0,0.0,5549731.0,5549731.0
443,57027,6,37.0,0.0,31.0,6.0,18.5,17.6777,0.0,0.0,0.0,0.0,1.0,0.0,1.0,1.0,1.0,1.0,0.0,1.0,1.0,0.0,0.0,0.0,0.0,0.0,1,0,0,0,6.0,31.0,0,1,0,0,1,0,0,0,0.0,34.0,18.5,0.0,0,0,0,0,0,0,2,37,0,0,982,-1,1,20,0.0,0.0,0.0,0.0,0.0,0.0,0.0,0.0
60689,53,17,43.0,87.0,43.0,43.0,43.0,0.0,87.0,87.0,87.0,0.0,46178.0,0.0,46178.0,46178.0,0.0,0.0,0.0,0.0,0.0,0.0,0.0,0.0,0.0,0.0,0,0,0,0,43.0,87.0,0,0,0,0,0,0,0,0,1.0,86.5,43.0,87.0,0,0,0,0,0,0,1,43,1,87,-1,-1,0,32,0.0,0.0,0.0,0.0,0.0,0.0,0.0,0.0
60468,53,17,100.0,237.0,56.0,44.0,50.0,5.6569,125.0,102.0,118.5,14.5409,19994167.0,32990119.264,52647053.0,23668.0,52659244.0,52659244.0,0.0,52659244.0,52659244.0,52673685.0,52673685.0,0.0,52673685.0,52673685.0,0,0,0,0,44.0,125.0,0,0,0,0,0,0,0,0,1.0,98.5,50.0,118.5,0,0,0,0,0,0,2,100,2,237,-1,-1,1,20,48947.0,0.0,48947.0,48947.0,52647002.0,0.0,52647002.0,52647002.0
60691,53,17,98.0,220.0,55.0,47.0,49.0,9.8995,115.0,105.0,110.0,7.8767,8955423.66,13151257.789,26828194.0,30654.0,26976983.0,26976983.0,0.0,26976983.0,26976983.0,26178362.0,26178362.0,0.0,26178362.0,26178362.0,0,0,0,0,47.0,115.0,0,0,0,0,0,0,0,0,1.0,97.25,49.0,110.0,0,0,0,0,0,0,2,98,2,220,-1,-1,1,20,30438.0,0.0,30438.0,30438.0,26828194.0,0.0,26828194.0,26828194.0
39361,53,17,66.0,98.0,33.0,33.0,33.0,0.0,49.0,49.0,49.0,0.0,7867.66,13624.837,23548.0,3.0,48.0,48.0,0.0,8.0,48.0,3.0,3.0,0.0,3.0,3.0,0,0,0,0,33.0,49.0,0,0,0,0,0,0,0,0,1.0,49.25,33.0,49.0,0,0,0,0,0,0,2,66,2,98,-1,-1,1,32,0.0,0.0,0.0,0.0,0.0,0.0,0.0,0.0
56825,443,6,800.0,638.0,485.0,0.0,133.3333,192.9971,501.0,0.0,87.25,176.542,94808.61,266275.634,975430.0,4.0,256242.0,50621.4,42758.547,118888.0,183.0,1159122.0,162767.0,343252.929,1000516.0,4.0,0,0,0,0,0.0,501.0,0,0,0,1,0,0,0,0,1.0,107.0,133.3333,87.25,0,0,0,0,0,0,6,800,8,638,8192,5168,5,20,0.0,0.0,0.0,0.0,0.0,0.0,0.0,0.0
60914,53,17,43.0,113.0,43.0,43.0,43.0,0.0,113.0,113.0,113.0,0.0,47390.0,0.0,47390.0,47390.0,0.0,0.0,0.0,0.0,0.0,0.0,0.0,0.0,0.0,0.0,0,0,0,0,43.0,113.0,0,0,0,0,0,0,0,0,1.0,99.5,43.0,113.0,0,0,0,0,0,0,1,43,1,113,-1,-1,0,32,0.0,0.0,0.0,0.0,0.0,0.0,0.0,0.0
57128,443,6,24.0,0.0,6.0,6.0,6.0,0.0,0.0,0.0,0.0,0.0,21895.75,43131.321,87761.0,1.0,87763.0,29521.66,50171.987,87761.0,1.0,0.0,0.0,0.0,0.0,0.0,0,0,0,0,0.0,6.0,1,0,0,0,0,0,0,0,0.0,6.0,6.0,0.0,0,0,0,0,0,0,4,24,1,0,0,65,3,20,0.0,0.0,0.0,0.0,0.0,0.0,0.0,0.0
55542,80,6,2085.0,598.0,681.0,0.0,128.0714,258.8293,251.0,0.0,33.7857,80.5843,3966936.11,4865336.831,10023418.0,103.0,115858611.0,7760779.8,4132780.345,10048023.0,136.0,115252856.0,8339674.07,3851295.104,10049967.0,20516.0,0,0,0,0,0.0,681.0,0,0,0,1,0,0,0,0,0.0,33.3667,128.0714,33.7857,0,0,0,0,0,0,14,2085,14,598,8192,351,13,20,253888.27,215078.927,2597491.0,50895.0,10002196.27,17720.18,10023434.0,10000011.0
61744,53,17,51.0,111.0,51.0,51.0,51.0,0.0,111.0,111.0,111.0,0.0,478.0,0.0,478.0,478.0,0.0,0.0,0.0,0.0,0.0,0.0,0.0,0.0,0.0,0.0,0,0,0,0,51.0,111.0,0,0,0,0,0,0,0,0,1.0,106.5,51.0,111.0,0,0,0,0,0,0,1,51,1,111,-1,-1,0,20,0.0,0.0,0.0,0.0,0.0,0.0,0.0,0.0
54698,443,6,1241.0,23560.0,326.0,0.0,35.5308,82.0841,3551.0,0.0,881.3077,1010.7622,1753376.19,3743320.262,10012518.0,1.0,119160867.0,3074063.06,4534150.114,10036911.0,1.0,114637161.0,3998154.18,4702895.84,10036361.0,1.0,0,0,0,0,0.0,3551.0,0,0,0,1,0,0,0,0,1.0,505.3238,35.5308,881.3077,0,0,0,0,0,0,36,1241,44,23560,8192,1013,35,20,397363.66,1726852.906,3245441.0,48987.0,10011416.9,9345.869,10012518.0,9948992.0
37894,80,6,0.0,0.0,0.0,0.0,0.0,0.0,0.0,0.0,0.0,0.0,1783924.33,3002199.563,5327100.0,31.0,5355662.0,2677831.0,3746748.753,5327100.0,36342.0,0.0,0.0,0.0,0.0,0.0,0,0,0,0,0.0,0.0,0,0,0,1,0,0,0,0,0.0,0.0,0.0,0.0,0,0,0,0,0,0,3,0,1,0,29200,65535,0,32,0.0,0.0,0.0,0.0,0.0,0.0,0.0,0.0
63388,443,6,2783.0,5741.0,2725.0,0.0,140.75,572.4225,1460.0,2.0,265.6111,547.3617,2969556.0,4501373.589,9997158.0,45.0,115480592.0,6036529.18,4914850.877,10020599.0,249.0,110253320.0,6144063.69,5060944.579,10020783.0,49.0,0,0,0,0,0.0,2725.0,0,0,0,1,0,0,0,0,0.0,216.7912,140.75,265.6111,0,0,0,0,0,0,20,2783,18,5741,8192,46958,18,20,44863.08,39548.306,184174.0,28258.0,9930929.66,15472.966,9997158.0,9705425.0
443,62304,6,37.0,6.0,37.0,0.0,18.5,26.163,6.0,6.0,6.0,0.0,102.5,2.128,104.0,100.0,203.0,203.0,0.0,203.0,203.0,0.0,0.0,0.0,0.0,0.0,1,0,0,0,0.0,37.0,0,1,0,0,1,0,0,0,0.0,26.6667,18.5,6.0,0,0,0,0,0,0,2,37,1,6,972,0,0,32,0.0,0.0,0.0,0.0,0.0,0.0,0.0,0.0
443,60845,6,6.0,6.0,6.0,6.0,6.0,0.0,6.0,6.0,6.0,0.0,112.0,0.0,112.0,112.0,0.0,0.0,0.0,0.0,0.0,0.0,0.0,0.0,0.0,0.0,0,0,0,0,6.0,6.0,0,0,0,0,1,1,0,0,1.0,9.0,6.0,6.0,0,0,0,0,0,0,1,6,1,6,11288,251,0,20,0.0,0.0,0.0,0.0,0.0,0.0,0.0,0.0
55026,53,17,70.0,326.0,35.0,35.0,35.0,0.0,163.0,163.0,163.0,0.0,64.33,105.155,186.0,3.0,3.0,3.0,0.0,3.0,3.0,3.0,3.0,0.0,3.0,3.0,0,0,0,0,35.0,163.0,0,0,0,0,0,0,0,0,1.0,107.75,35.0,163.0,0,0,0,0,0,0,2,70,2,326,-1,-1,1,20,0.0,0.0,0.0,0.0,0.0,0.0,0.0,0.0
443,44560,6,0.0,0.0,0.0,0.0,0.0,0.0,0.0,0.0,0.0,0.0,46.0,0.0,46.0,46.0,0.0,0.0,0.0,0.0,0.0,0.0,0.0,0.0,0.0,0.0,0,0,0,0,0.0,0.0,0,0,0,0,1,1,0,0,1.0,0.0,0.0,0.0,0,0,0,0,0,0,1,0,1,0,349,360,0,32,0.0,0.0,0.0,0.0,0.0,0.0,0.0,0.0
61967,53,17,68.0,418.0,34.0,34.0,34.0,0.0,209.0,209.0,209.0,0.0,10340.33,17927.69,31015.0,3.0,3.0,3.0,0.0,3.0,3.0,3.0,3.0,0.0,3.0,3.0,0,0,0,0,34.0,209.0,0,0,0,0,0,0,0,0,1.0,130.0,34.0,209.0,0,0,0,0,0,0,2,68,2,418,-1,-1,1,20,0.0,0.0,0.0,0.0,0.0,0.0,0.0,0.0
49896,443,6,306.0,157.0,232.0,0.0,65.3333,109.2248,145.0,0.0,39.25,70.5567,571475.5,1563409.659,4923263.0,3.0,5022312.0,808056.0,2015990.652,4975637.0,191.0,80411.0,26473.33,21403.012,60556.0,3.0,0,0,0,0,0.0,232.0,0,0,0,1,0,0,0,0,0.0,51.0,65.3333,39.25,0,0,0,0,0,0,6,306,4,157,8192,60,5,20,0.0,0.0,0.0,0.0,0.0,0.0,0.0,0.0
52698,443,6,367.0,3710.0,210.0,0.0,40.7778,75.8053,1448.0,0.0,618.3333,674.5504,342335.75,1480128.209,5124127.0,3.0,5434131.0,662932.12,1913735.033,5124127.0,3.0,78888.0,19575.6,14999.925,32202.0,48.0,0,0,0,0,0.0,1448.0,0,0,0,1,0,0,0,0,0.0,271.8,40.7778,618.3333,0,0,0,0,0,0,9,367,6,3710,29200,161,3,32,162260.0,0.0,162260.0,162250.0,5124185.0,0.0,5124185.0,5124185.0
80,48190,6,0.0,0.0,0.0,0.0,0.0,0.0,0.0,0.0,0.0,0.0,26.0,0.0,26.0,26.0,0.0,0.0,0.0,0.0,0.0,0.0,0.0,0.0,0.0,0.0,0,0,0,0,0.0,0.0,0,0,0,0,1,1,0,0,1.0,0.0,0.0,0.0,0,0,0,0,0,0,1,0,1,0,340,229,0,32,0.0,0.0,0.0,0.0,0.0,0.0,0.0,0.0
60014,53,17,92.0,284.0,46.0,46.0,46.0,0.0,142.0,142.0,142.0,0.0,60.33,105.757,186.0,3.0,3.0,3.0,0.0,3.0,3.0,4.0,4.0,0.0,4.0,4.0,0,0,0,0,46.0,142.0,0,0,0,0,0,0,0,0,1.0,105.5,46.0,142.0,0,0,0,0,0,0,2,92,2,284,-1,-1,1,20,0.0,0.0,0.0,0.0,0.0,0.0,0.0,0.0
58259,443,6,12.0,0.0,6.0,6.0,6.0,0.0,0.0,0.0,0.0,0.0,795001.0,0.0,795001.0,795001.0,795001.0,795001.0,0.0,795001.0,795001.0,0.0,0.0,0.0,0.0,0.0,0,0,0,0,6.0,6.0,0,0,0,0,1,0,0,0,0.0,9.0,6.0,0.0,0,0,0,0,0,0,2,12,0,0,254,-1,1,20,0.0,0.0,0.0,0.0,0.0,0.0,0.0,0.0
443,48736,6,43.0,6.0,31.0,6.0,14.3333,14.4338,6.0,6.0,6.0,0.0,93.33,125.773,283.0,4.0,287.0,143.5,127.295,283.0,4.0,0.0,0.0,0.0,0.0,0.0,0,0,0,0,6.0,31.0,0,0,0,0,1,0,0,0,0.0,13.75,14.3333,6.0,0,0,0,0,0,0,3,43,1,6,1013,0,2,20,0.0,0.0,0.0,0.0,0.0,0.0,0.0,0.0
61107,53,17,61.0,250.0,61.0,61.0,61.0,0.0,250.0,250.0,250.0,0.0,60626.0,0.0,60626.0,60626.0,0.0,0.0,0.0,0.0,0.0,0.0,0.0,0.0,0.0,0.0,0,0,0,0,61.0,250.0,0,0,0,0,0,0,0,0,1.0,176.0,61.0,250.0,0,0,0,0,0,0,1,61,1,250,-1,-1,0,20,0.0,0.0,0.0,0.0,0.0,0.0,0.0,0.0
443,49444,6,0.0,0.0,0.0,0.0,0.0,0.0,0.0,0.0,0.0,0.0,32.0,41.712,60.0,4.0,4.0,4.0,0.0,4.0,4.0,0.0,0.0,0.0,0.0,0.0,0,0,0,0,0.0,0.0,0,0,0,0,1,1,0,0,0.0,0.0,0.0,0.0,0,0,0,0,0,0,2,0,1,0,350,32832,0,32,0.0,0.0,0.0,0.0,0.0,0.0,0.0,0.0
44660,443,6,978.0,7387.0,469.0,0.0,64.9333,134.266,1581.0,0.0,738.5455,750.9329,13995.09,24981.024,93828.0,1.0,338868.0,23980.64,26360.554,94328.0,1.0,293340.0,29877.9,38721.151,94783.0,2.0,0,0,0,0,0.0,1581.0,0,0,0,1,0,0,0,0,0.0,334.44,64.9333,738.5455,0,0,0,0,0,0,15,978,11,7387,65535,357,6,32,0.0,0.0,0.0,0.0,0.0,0.0,0.0,0.0
443,63017,6,37.0,0.0,37.0,0.0,18.5,26.163,0.0,0.0,0.0,0.0,3.0,0.0,3.0,3.0,3.0,3.0,0.0,3.0,3.0,0.0,0.0,0.0,0.0,0.0,1,0,0,0,0.0,37.0,0,1,0,0,1,0,0,0,0.0,37.0,18.5,0.0,0,0,0,0,0,0,2,37,0,0,972,-1,0,32,0.0,0.0,0.0,0.0,0.0,0.0,0.0,0.0
16181,53,17,64.0,158.0,32.0,32.0,32.0,0.0,79.0,79.0,79.0,0.0,10398.33,18129.652,31195.0,1.0,1.0,1.0,0.0,1.0,1.0,3.0,3.0,0.0,3.0,3.0,0,0,0,0,32.0,79.0,0,0,0,0,0,0,0,0,1.0,63.5,32.0,79.0,0,0,0,0,0,0,2,64,2,158,-1,-1,1,32,0.0,0.0,0.0,0.0,0.0,0.0,0.0,0.0
443,6101,6,6.0,6.0,6.0,6.0,6.0,0.0,6.0,6.0,6.0,0.0,73.0,0.0,73.0,73.0,0.0,0.0,0.0,0.0,0.0,0.0,0.0,0.0,0.0,0.0,0,0,0,0,6.0,6.0,0,0,0,0,1,1,0,0,1.0,9.0,6.0,6.0,0,0,0,0,0,0,1,6,1,6,179,252,0,20,0.0,0.0,0.0,0.0,0.0,0.0,0.0,0.0
58630,443,6,356.0,3782.0,212.0,0.0,59.3333,89.2248,1460.0,0.0,630.3333,677.2171,24528.18,39813.255,85000.0,48.0,263490.0,52754.0,46868.587,87411.0,86.0,175794.0,35238.8,46807.009,87017.0,48.0,0,0,0,0,0.0,1460.0,0,0,0,1,0,0,0,0,1.0,344.8333,59.3333,630.3333,0,0,0,0,0,0,6,356,6,3782,8192,60,5,20,0.0,0.0,0.0,0.0,0.0,0.0,0.0,0.0
61243,53,17,88.0,344.0,44.0,34.0,44.0,9.8995,172.0,106.0,172.0,5.0108,30600070.66,58227931.902,101654225.0,30401.0,101694717.0,101694717.0,0.0,101694717.0,101694717.0,101695124.0,101695124.0,0.0,101695124.0,101695124.0,0,0,0,0,34.0,172.0,0,0,0,0,0,0,0,0,1.0,119.5,44.0,172.0,0,0,0,0,0,0,2,88,2,344,-1,-1,1,20,90497.0,0.0,90497.0,90497.0,101654227.0,0.0,101654227.0,101654227.0
61210,53,17,40.0,138.0,40.0,40.0,40.0,0.0,138.0,138.0,138.0,0.0,121335.0,0.0,121335.0,121335.0,0.0,0.0,0.0,0.0,0.0,0.0,0.0,0.0,0.0,0.0,0,0,0,0,40.0,138.0,0,0,0,0,0,0,0,0,1.0,109.0,40.0,138.0,0,0,0,0,0,0,1,40,1,138,-1,-1,0,32,0.0,0.0,0.0,0.0,0.0,0.0,0.0,0.0
39448,443,6,1110.0,6622.0,581.0,0.0,46.2941,110.9548,2393.0,0.0,380.6105,657.4985,2905897.24,4508558.378,10025191.0,4.0,115461188.0,5794716.95,4957905.746,10048022.0,4.0,110603307.0,6509142.36,4909477.272,10048189.0,181.0,0,0,0,0,0.0,2393.0,0,0,0,1,0,0,0,0,0.0,191.7,46.2941,380.6105,0,0,0,0,0,0,21,1110,19,6622,29200,1006,4,32,56695.91,30225.242,260301.0,36255.0,9633688.63,1326496.299,10025191.0,5166010.0
54051,443,6,910.0,6339.0,511.0,0.0,42.5286,129.8547,1413.0,0.0,436.95,594.3999,2603493.04,4408195.055,10211129.0,2.0,115716884.0,5535677.92,5136319.866,10240004.0,3.0,112673642.0,5639945.77,5188901.152,10240226.0,49.0,0,0,0,0,0.0,1413.0,0,0,0,1,0,0,0,0,0.0,219.7,42.5286,436.95,0,0,0,0,0,0,22,910,20,6339,29200,349,4,32,68123.9,89031.419,276140.0,32973.0,10193045.63,49389.625,10211129.0,10000009.0
49532,53,17,76.0,164.0,38.0,38.0,38.0,0.0,82.0,82.0,82.0,0.0,55.33,83.953,159.0,3.0,3.0,3.0,0.0,3.0,3.0,3.0,3.0,0.0,3.0,3.0,0,0,0,0,38.0,82.0,0,0,0,0,0,0,0,0,1.0,69.5,38.0,82.0,0,0,0,0,0,0,2,76,2,164,-1,-1,1,32,0.0,0.0,0.0,0.0,0.0,0.0,0.0,0.0
43567,53,17,90.0,172.0,45.0,45.0,45.0,0.0,86.0,86.0,86.0,0.0,20430.33,35453.605,61388.0,3.0,3.0,3.0,0.0,3.0,3.0,4.0,4.0,0.0,4.0,4.0,0,0,0,0,45.0,86.0,0,0,0,0,0,0,0,0,1.0,76.75,45.0,86.0,0,0,0,0,0,0,2,90,2,172,-1,-1,1,32,0.0,0.0,0.0,0.0,0.0,0.0,0.0,0.0
123,123,17,48.0,48.0,48.0,48.0,48.0,0.0,48.0,48.0,48.0,0.0,81088.0,0.0,81088.0,81088.0,0.0,0.0,0.0,0.0,0.0,0.0,0.0,0.0,0.0,0.0,0,0,0,0,48.0,48.0,0,0,0,0,0,0,0,0,1.0,72.0,48.0,48.0,0,0,0,0,0,0,1,48,1,48,-1,-1,0,32,0.0,0.0,0.0,0.0,0.0,0.0,0.0,0.0
443,54482,6,0.0,0.0,0.0,0.0,0.0,0.0,0.0,0.0,0.0,0.0,72.0,0.0,72.0,72.0,0.0,0.0,0.0,0.0,0.0,0.0,0.0,0.0,0.0,0.0,0,0,0,0,0.0,0.0,0,0,0,0,1,0,0,0,1.0,0.0,0.0,0.0,0,0,0,0,0,0,1,0,1,0,357,32832,0,32,0.0,0.0,0.0,0.0,0.0,0.0,0.0,0.0
56829,53,17,64.0,120.0,32.0,32.0,32.0,0.0,60.0,60.0,60.0,0.0,10447.33,18004.945,31335.0,3.0,4.0,4.0,0.0,4.0,4.0,3.0,3.0,0.0,3.0,3.0,0,0,0,0,32.0,60.0,0,0,0,0,0,0,0,0,1.0,54.0,32.0,60.0,0,0,0,0,0,0,2,64,2,120,-1,-1,1,20,0.0,0.0,0.0,0.0,0.0,0.0,0.0,0.0
58425,53,17,82.0,114.0,41.0,41.0,41.0,0.0,57.0,57.0,57.0,0.0,55.33,57.251,112.0,3.0,48.0,48.0,0.0,48.0,48.0,3.0,3.0,0.0,3.0,3.0,0,0,0,0,41.0,57.0,0,0,0,0,0,0,0,0,1.0,59.25,41.0,57.0,0,0,0,0,0,0,2,82,2,114,-1,-1,1,32,0.0,0.0,0.0,0.0,0.0,0.0,0.0,0.0
57645,53,17,76.0,154.0,38.0,38.0,38.0,0.0,77.0,77.0,77.0,0.0,63159.66,108988.418,189424.0,1.0,1.0,1.0,0.0,1.0,1.0,3.0,3.0,0.0,3.0,3.0,0,0,0,0,38.0,77.0,0,0,0,0,0,0,0,0,1.0,67.0,38.0,77.0,0,0,0,0,0,0,2,76,2,154,-1,-1,1,32,0.0,0.0,0.0,0.0,0.0,0.0,0.0,0.0
60230,443,6,942.0,46199.0,365.0,0.0,46.5769,103.539,2896.0,0.0,1375.9552,675.5611,21843.9,52257.762,320982.0,1.0,795599.0,52233.5,70484.517,320982.0,14.0,882504.0,39807.76,76793.217,230490.0,1.0,0,0,0,0,0.0,2896.0,0,0,0,1,0,0,0,0,1.0,894.1865,46.5769,1375.9552,0,0,0,0,0,0,27,942,32,46199,65535,1006,6,32,0.0,0.0,0.0,0.0,0.0,0.0,0.0,0.0
443,51293,6,37.0,0.0,37.0,0.0,18.5,26.163,0.0,0.0,0.0,0.0,3.0,0.0,3.0,3.0,3.0,3.0,0.0,3.0,3.0,0.0,0.0,0.0,0.0,0.0,1,0,0,0,0.0,37.0,0,1,0,0,1,0,0,0,0.0,37.0,18.5,0.0,0,0,0,0,0,0,2,37,0,0,972,-1,0,32,0.0,0.0,0.0,0.0,0.0,0.0,0.0,0.0
443,35581,6,0.0,0.0,0.0,0.0,0.0,0.0,0.0,0.0,0.0,0.0,52.0,0.0,52.0,52.0,0.0,0.0,0.0,0.0,0.0,0.0,0.0,0.0,0.0,0.0,0,0,0,0,0.0,0.0,0,0,0,0,1,1,0,0,1.0,0.0,0.0,0.0,0,0,0,0,0,0,1,0,1,0,404,291,0,32,0.0,0.0,0.0,0.0,0.0,0.0,0.0,0.0
54120,53,17,160.0,328.0,40.0,40.0,40.0,0.0,82.0,82.0,82.0,0.0,4551.0,11816.232,31001.0,3.0,31048.0,10342.33,18621.524,31091.0,4.0,369.0,123.0,107.998,323.0,3.0,0,0,0,0,40.0,82.0,0,0,0,0,0,0,0,0,1.0,69.625,40.0,82.0,0,0,0,0,0,0,4,160,4,328,-1,-1,3,20,0.0,0.0,0.0,0.0,0.0,0.0,0.0,0.0
61446,53,17,123.0,472.0,78.0,45.0,61.5,22.0208,344.0,120.0,236.0,124.5314,37996916.66,65318186.739,113467841.0,30645.0,113668974.0,113668974.0,0.0,113568974.0,113668974.0,113643032.0,113643032.0,0.0,113543032.0,113643032.0,0,0,0,0,45.0,344.0,0,0,0,0,0,0,0,0,1.0,153.75,61.5,236.0,0,0,0,0,0,0,2,123,2,472,-1,-1,1,32,280775.0,0.0,280775.0,280775.0,113467828.0,0.0,113467828.0,113467828.0
443,59739,6,0.0,0.0,0.0,0.0,0.0,0.0,0.0,0.0,0.0,0.0,3.0,0.0,3.0,3.0,3.0,3.0,0.0,3.0,3.0,0.0,0.0,0.0,0.0,0.0,0,0,0,0,0.0,0.0,0,0,0,0,1,0,0,0,0.0,0.0,0.0,0.0,0,0,0,0,0,0,2,0,0,0,5227,-1,0,32,0.0,0.0,0.0,0.0,0.0,0.0,0.0,0.0
60249,53,17,56.0,123.0,56.0,56.0,56.0,0.0,123.0,123.0,123.0,0.0,368490.0,0.0,368490.0,368490.0,0.0,0.0,0.0,0.0,0.0,0.0,0.0,0.0,0.0,0.0,0,0,0,0,56.0,123.0,0,0,0,0,0,0,0,0,1.0,117.5,56.0,123.0,0,0,0,0,0,0,1,56,1,123,-1,-1,0,20,0.0,0.0,0.0,0.0,0.0,0.0,0.0,0.0
41740,443,6,780.0,56263.0,326.0,0.0,26.4232,71.5358,4344.0,0.0,1706.4609,956.273,1130323.33,3003296.884,10024629.0,1.0,60973901.0,2464511.54,4120506.228,10075996.0,4.0,60844906.0,2109100.02,4075176.023,10080204.0,48.0,0,0,0,0,0.0,4344.0,0,0,0,1,0,0,0,0,1.0,1010.0343,26.4232,1706.4609,0,0,0,0,0,0,36,780,34,56263,29200,1003,4,32,89659.0,78215.824,251401.0,23358.0,10028401.66,15332.331,10024624.0,10002491.0
47695,443,6,123.0,46.0,46.0,0.0,24.6,23.2766,46.0,46.0,46.0,0.0,767948.8,1699036.59,3530142.0,13.0,3546396.0,961594.0,1770187.917,3530142.0,15.0,0.0,0.0,0.0,0.0,0.0,1,0,0,0,0.0,46.0,0,1,0,0,1,0,0,0,0.0,35.8333,24.6,46.0,0,0,0,0,0,0,5,123,1,46,248,357,2,32,0.0,0.0,0.0,0.0,0.0,0.0,0.0,0.0
59377,22,6,2728.0,6714.0,408.0,0.0,66.5366,103.1299,976.0,0.0,167.95,324.0548,17693.47,102771.493,954875.0,1.0,1308367.0,32393.54,158932.501,996825.0,1.0,301549.0,1068.44,366.373,92804.0,1.0,0,0,0,0,0.0,976.0,0,0,0,1,0,0,0,0,1.0,122.7952,66.5366,167.95,0,0,0,0,0,0,35,2728,40,6714,8192,245,33,20,0.0,0.0,0.0,0.0,0.0,0.0,0.0,0.0
39828,80,6,899.0,647.0,789.0,0.0,159.4,399.4293,647.0,0.0,162.75,303.5,16016.16,24453.919,51255.0,40.0,51346.0,12581.0,27746.003,51238.0,338.0,50227.0,20152.66,35205.412,51656.0,2636.0,0,0,0,0,0.0,789.0,0,0,0,1,0,0,0,0,0.0,161.875,159.4,162.75,0,0,0,0,0,0,5,899,4,647,65535,52,1,32,0.0,0.0,0.0,0.0,0.0,0.0,0.0,0.0
443,49418,6,0.0,0.0,0.0,0.0,0.0,0.0,0.0,0.0,0.0,0.0,35.0,0.0,35.0,35.0,0.0,0.0,0.0,0.0,0.0,0.0,0.0,0.0,0.0,0.0,0,0,0,0,0.0,0.0,0,0,0,0,1,1,0,0,1.0,0.0,0.0,0.0,0,0,0,0,0,0,1,0,1,0,61,338,0,32,0.0,0.0,0.0,0.0,0.0,0.0,0.0,0.0
80,38412,6,0.0,0.0,0.0,0.0,0.0,0.0,0.0,0.0,0.0,0.0,53.0,0.0,53.0,53.0,0.0,0.0,0.0,0.0,0.0,0.0,0.0,0.0,0.0,0.0,0,0,0,0,0.0,0.0,0,0,0,0,1,1,0,0,1.0,0.0,0.0,0.0,0,0,0,0,0,0,1,0,1,0,122,229,0,32,0.0,0.0,0.0,0.0,0.0,0.0,0.0,0.0
48728,443,6,667.0,3716.0,342.0,0.0,87.4286,146.8404,3551.0,0.0,729.6,1684.3578,680938.0,1747456.237,5814955.0,48.0,6000919.0,1000985.5,2416247.885,6814955.0,48.0,138243.0,33018.75,23492.983,55872.0,2619.0,0,0,0,0,0.0,3551.0,0,0,0,1,0,0,0,0,0.0,351.5333,87.4286,729.6,0,0,0,0,0,0,7,667,5,3716,29200,139,3,32,160618.0,0.0,160618.0,160618.0,5814929.0,0.0,5814959.0,5814929.0
62425,53,17,62.0,94.0,62.0,62.0,62.0,0.0,94.0,94.0,94.0,0.0,48240.0,0.0,48240.0,48240.0,0.0,0.0,0.0,0.0,0.0,0.0,0.0,0.0,0.0,0.0,0,0,0,0,62.0,94.0,0,0,0,0,0,0,0,0,1.0,109.0,62.0,94.0,0,0,0,0,0,0,1,62,1,94,-1,-1,0,20,0.0,0.0,0.0,0.0,0.0,0.0,0.0,0.0
55084,443,6,815.0,1497.0,565.0,0.0,81.0,176.3909,1349.0,0.0,299.4,585.3532,9217.21,15402.775,36273.0,46.0,133295.0,11809.33,13989.177,36150.0,49.0,95987.0,27991.25,21452.835,35194.0,1652.0,0,0,0,0,0.0,1369.0,0,0,0,1,0,0,0,0,0.0,150.8667,81.0,299.4,0,0,0,0,0,0,10,815,5,1497,65535,974,5,32,0.0,0.0,0.0,0.0,0.0,0.0,0.0,0.0
61052,443,6,1309.0,5920.0,849.0,0.0,75.1818,195.7551,1645.0,0.0,336.875,598.18,2402295.83,4225324.229,10029111.0,3.0,60941494.0,4697320.91,5123284.897,10116017.0,249.0,60891771.0,5410775.68,5261114.955,10112166.0,3.0,0,0,0,0,0.0,1645.0,0,0,0,1,0,0,0,0,0.0,205.6523,75.1818,336.875,0,0,0,0,0,0,19,1309,16,5920,29200,120,3,32,169313.16,107850.823,587275.0,84330.0,10019304.33,17605.043,10029112.0,9950644.0
443,61362,6,0.0,0.0,0.0,0.0,0.0,0.0,0.0,0.0,0.0,0.0,63.0,0.0,63.0,63.0,0.0,0.0,0.0,0.0,0.0,0.0,0.0,0.0,0.0,0.0,0,0,0,0,0.0,0.0,0,0,0,0,1,0,0,0,1.0,0.0,0.0,0.0,0,0,0,0,0,0,1,0,1,0,7421,49544,0,32,0.0,0.0,0.0,0.0,0.0,0.0,0.0,0.0
60618,53,17,42.0,110.0,42.0,42.0,42.0,0.0,110.0,110.0,110.0,0.0,61232.0,0.0,61232.0,61232.0,0.0,0.0,0.0,0.0,0.0,0.0,0.0,0.0,0.0,0.0,0,0,0,0,42.0,110.0,0,0,0,0,0,0,0,0,1.0,97.0,42.0,110.0,0,0,0,0,0,0,1,42,1,110,-1,-1,0,20,0.0,0.0,0.0,0.0,0.0,0.0,0.0,0.0
443,52072,6,6.0,6.0,6.0,6.0,6.0,0.0,6.0,6.0,6.0,0.0,4.0,0.0,4.0,4.0,0.0,0.0,0.0,0.0,0.0,0.0,0.0,0.0,0.0,0.0,0,0,0,0,6.0,6.0,0,0,0,0,1,1,0,0,1.0,9.0,6.0,6.0,0,0,0,0,0,0,1,6,1,6,60,255,0,20,0.0,0.0,0.0,0.0,0.0,0.0,0.0,0.0
61104,53,17,45.0,180.0,45.0,45.0,45.0,0.0,180.0,180.0,180.0,0.0,60494.0,0.0,60494.0,60494.0,0.0,0.0,0.0,0.0,0.0,0.0,0.0,0.0,0.0,0.0,0,0,0,0,45.0,180.0,0,0,0,0,0,0,0,0,1.0,135.0,45.0,180.0,0,0,0,0,0,0,1,45,1,180,-1,-1,0,32,0.0,0.0,0.0,0.0,0.0,0.0,0.0,0.0
56522,443,6,758.0,14736.0,400.0,0.0,36.8571,92.25,1872.0,0.0,846.6154,762.2657,1416940.75,3400015.924,10000007.0,3.0,65150696.0,3368982.66,4756235.784,10025829.0,3.0,65292464.0,2369484.89,4635454.212,10025104.0,49.0,0,0,0,0,0.0,1872.0,0,0,0,1,0,0,0,0,0.0,400.0155,36.8571,846.6154,0,0,0,0,0,0,24,758,18,14736,8192,980,23,20,66336.16,101024.623,286929.0,14974.0,9997918.33,4286.099,10000009.0,9948002.0
443,59275,6,6.0,6.0,6.0,6.0,6.0,0.0,6.0,6.0,6.0,0.0,3.0,0.0,3.0,3.0,0.0,0.0,0.0,0.0,0.0,0.0,0.0,0.0,0.0,0.0,0,0,0,0,6.0,6.0,0,0,0,0,1,1,0,0,1.0,9.0,6.0,6.0,0,0,0,0,0,0,1,6,1,6,32,32850,0,20,0.0,0.0,0.0,0.0,0.0,0.0,0.0,0.0
53892,443,6,720.0,1295.0,469.0,0.0,72.0,147.7084,1157.0,0.0,259.0,505.5413,19047.5,36209.198,87164.0,32.0,277316.0,30563.44,44106.645,109598.0,36.0,180409.0,45002.75,50809.368,88385.0,407.0,0,0,0,0,0.0,1157.0,0,0,0,1,0,0,0,0,0.0,134.3333,72.0,259.0,0,0,0,0,0,0,10,720,5,1295,65535,114,5,32,0.0,0.0,0.0,0.0,0.0,0.0,0.0,0.0
48695,443,6,12.0,0.0,6.0,6.0,6.0,0.0,0.0,0.0,0.0,0.0,17434.0,0.0,17434.0,17434.0,17434.0,17434.0,0.0,17434.0,17434.0,0.0,0.0,0.0,0.0,0.0,0,0,0,0,6.0,6.0,0,0,0,0,1,0,0,0,0.0,9.0,6.0,0.0,0,0,0,0,0,0,2,12,0,0,253,-1,1,20,0.0,0.0,0.0,0.0,0.0,0.0,0.0,0.0
443,54876,6,12.0,0.0,6.0,6.0,6.0,0.0,0.0,0.0,0.0,0.0,4.0,0.0,4.0,4.0,4.0,4.0,0.0,4.0,4.0,0.0,0.0,0.0,0.0,0.0,0,0,0,0,6.0,6.0,0,0,0,0,1,0,0,0,0.0,9.0,6.0,0.0,0,0,0,0,0,0,2,12,0,0,30,-1,1,20,0.0,0.0,0.0,0.0,0.0,0.0,0.0,0.0
60704,443,6,2030.0,40262.0,469.0,0.0,68.3077,137.6403,1460.0,0.0,1106.6957,539.9993,1792081.05,8709443.307,58683014.0,1.0,116015024.0,3803832.05,12799278.636,58663134.0,1.0,116065061.0,3087885.71,12541169.672,58698851.0,1.0,0,0,0,0,0.0,1460.0,0,0,0,1,0,0,0,0,1.0,583.1187,68.3077,1106.6957,0,0,0,0,0,0,37,2030,55,40262,8192,33,36,20,191165.5,103562.063,316236.0,79805.0,58388610.5,71090.462,58683013.0,58182174.0
59460,53,17,156.0,624.0,39.0,39.0,39.0,0.0,156.0,156.0,156.0,0.0,12989.57,23828.969,61068.0,2.0,61152.0,20314.33,35466.412,61146.0,2.0,40272.0,10057.33,34882.492,40220.0,3.0,0,0,0,0,39.0,156.0,0,0,0,0,0,0,0,0,1.0,107.5,39.0,156.0,0,0,0,0,0,0,4,156,4,624,-1,-1,3,20,0.0,0.0,0.0,0.0,0.0,0.0,0.0,0.0
18353,53,17,64.0,96.0,32.0,32.0,32.0,0.0,48.0,48.0,48.0,0.0,57.0,93.13,165.0,3.0,3.0,3.0,0.0,3.0,3.0,3.0,3.0,0.0,3.0,3.0,0,0,0,0,32.0,48.0,0,0,0,0,0,0,0,0,1.0,48.0,32.0,48.0,0,0,0,0,0,0,2,64,2,96,-1,-1,1,32,0.0,0.0,0.0,0.0,0.0,0.0,0.0,0.0
49931,443,6,12.0,0.0,6.0,6.0,6.0,0.0,0.0,0.0,0.0,0.0,3.0,0.0,3.0,3.0,3.0,3.0,0.0,3.0,3.0,0.0,0.0,0.0,0.0,0.0,0,0,0,0,6.0,6.0,1,0,0,0,0,0,0,0,0.0,9.0,6.0,0.0,0,0,0,0,0,0,2,12,0,0,0,-1,1,20,0.0,0.0,0.0,0.0,0.0,0.0,0.0,0.0
38081,443,6,703.0,3950.0,267.0,0.0,78.1111,103.3023,1448.0,0.0,395.0,587.4831,49617.25,64583.034,249327.0,4.0,666118.0,83101.83,88111.743,329324.0,228.0,584428.0,73069.57,96348.096,299453.0,4.0,0,0,0,0,0.0,1448.0,0,0,0,1,0,0,0,0,1.0,244.619,78.1111,395.0,0,0,0,0,0,0,9,703,10,3950,29200,254,4,32,0.0,0.0,0.0,0.0,0.0,0.0,0.0,0.0
443,60639,6,0.0,0.0,0.0,0.0,0.0,0.0,0.0,0.0,0.0,0.0,3.0,0.0,3.0,3.0,3.0,3.0,0.0,3.0,3.0,0.0,0.0,0.0,0.0,0.0,0,0,0,0,0.0,0.0,0,0,0,0,1,0,0,0,0.0,0.0,0.0,0.0,0,0,0,0,0,0,2,0,0,0,362,-1,0,32,0.0,0.0,0.0,0.0,0.0,0.0,0.0,0.0
54826,80,6,12.0,0.0,6.0,6.0,6.0,0.0,0.0,0.0,0.0,0.0,1360.0,0.0,1360.0,1360.0,1360.0,1360.0,0.0,1360.0,1360.0,0.0,0.0,0.0,0.0,0.0,0,0,0,0,6.0,6.0,0,0,0,0,1,0,0,0,0.0,9.0,6.0,0.0,0,0,0,0,0,0,2,12,0,0,254,-1,1,20,0.0,0.0,0.0,0.0,0.0,0.0,0.0,0.0
61785,443,6,713.0,32201.0,357.0,0.0,29.0133,73.7197,2836.0,0.0,1060.6568,764.5686,1406703.7,3528537.092,10021535.0,1.0,115477755.0,2628759.64,4472364.302,10048013.0,1.0,110830656.0,2603578.38,4294860.328,10048334.0,2.0,0,0,0,0,0.0,2836.0,0,0,0,1,0,0,0,0,1.0,520.3105,29.0133,1060.6568,0,0,0,0,0,0,30,713,36,32201,29200,357,4,32,45699.0,20034.172,87269.0,36247.0,10028493.81,11956.795,10021534.0,9999964.0
35302,53,17,68.0,100.0,34.0,34.0,34.0,0.0,50.0,50.0,50.0,0.0,8076.66,13910.568,24228.0,0.0,0.0,0.0,0.0,0.0,0.0,48.0,48.0,0.0,48.0,48.0,0,0,0,0,34.0,50.0,0,0,0,0,0,0,0,0,1.0,50.5,34.0,50.0,0,0,0,0,0,0,2,68,2,100,-1,-1,1,32,0.0,0.0,0.0,0.0,0.0,0.0,0.0,0.0
443,58092,6,0.0,0.0,0.0,0.0,0.0,0.0,0.0,0.0,0.0,0.0,3.0,0.0,3.0,3.0,3.0,3.0,0.0,3.0,3.0,0.0,0.0,0.0,0.0,0.0,0,0,0,0,0.0,0.0,0,0,0,0,1,0,0,0,0.0,0.0,0.0,0.0,0,0,0,0,0,0,2,0,0,0,6498,-1,0,32,0.0,0.0,0.0,0.0,0.0,0.0,0.0,0.0
80,44246,6,0.0,0.0,0.0,0.0,0.0,0.0,0.0,0.0,0.0,0.0,59.0,0.0,59.0,59.0,0.0,0.0,0.0,0.0,0.0,0.0,0.0,0.0,0.0,0.0,0,0,0,0,0.0,0.0,0,0,0,0,1,1,0,0,1.0,0.0,0.0,0.0,0,0,0,0,0,0,1,0,1,0,287,244,0,32,0.0,0.0,0.0,0.0,0.0,0.0,0.0,0.0
443,62619,6,0.0,18.0,0.0,0.0,0.0,0.0,6.0,6.0,6.0,0.0,10596.25,21512.411,42250.0,1.0,42336.0,42336.0,0.0,42336.0,42336.0,4.0,2.0,1.414,3.0,1.0,0,0,0,0,0.0,6.0,0,0,0,0,1,0,0,0,1.0,3.6,0.0,6.0,0,0,0,0,0,0,2,0,3,18,61,0,0,32,0.0,0.0,0.0,0.0,0.0,0.0,0.0,0.0
56433,443,6,657.0,168.0,517.0,0.0,98.1429,196.989,158.0,0.0,42.0,74.054,560740.4,1803458.95,5737542.0,48.0,5756221.0,922237.16,2348836.801,5783256.0,48.0,98312.0,39434.0,34440.013,67763.0,517.0,0,0,0,0,0.0,517.0,0,0,0,1,0,0,0,0,0.0,71.0,98.1429,42.0,0,0,0,0,0,0,7,657,4,168,29200,330,6,32,115935.0,0.0,115935.0,115935.0,5737587.0,0.0,5737547.0,5737587.0
38678,80,6,1662.0,1083.0,434.0,0.0,77.6667,140.9712,151.0,0.0,31.8462,62.8806,2733985.21,4411695.845,10023068.0,42.0,118799186.0,4921749.07,4920538.996,10115977.0,2.0,114791072.0,5465135.68,4956256.611,10117130.0,47.0,0,0,0,0,0.0,431.0,0,0,0,1,0,0,0,0,0.0,57.0095,77.6667,31.8462,0,0,0,0,0,0,24,1662,23,1083,29200,297,5,32,303736.72,648933.468,2189173.0,23533.0,10027670.63,6985.959,10023066.0,9991882.0
54629,443,6,2026.0,8481.0,1448.0,0.0,165.24,411.2637,1418.0,0.0,844.1538,714.8045,11888.6,20025.667,127920.0,1.0,366439.0,27909.68,34752.946,125971.0,1.0,320778.0,36872.62,65330.959,189803.0,48.0,0,0,0,0,0.0,1418.0,0,0,0,1,0,0,0,0,0.0,395.8,165.24,844.1538,0,0,0,0,0,0,14,2026,13,8481,65535,383,6,32,0.0,0.0,0.0,0.0,0.0,0.0,0.0,0.0
62045,53,17,60.0,264.0,30.0,30.0,30.0,0.0,132.0,132.0,132.0,0.0,52.33,83.523,149.0,3.0,3.0,3.0,0.0,3.0,3.0,4.0,4.0,0.0,4.0,4.0,0,0,0,0,30.0,132.0,0,0,0,0,0,0,0,0,1.0,88.5,30.0,132.0,0,0,0,0,0,0,2,60,2,264,-1,-1,1,20,0.0,0.0,0.0,0.0,0.0,0.0,0.0,0.0
35650,80,6,598.0,304.0,594.0,0.0,48.75,154.0,304.0,0.0,34.4,92.2785,4005522.29,4878660.768,10003276.0,42.0,115846006.0,7796375.53,4169470.757,10048096.0,83.0,110495629.0,8499561.23,3742055.932,10048369.0,17453.0,0,0,0,0,0.0,594.0,0,0,0,1,0,0,0,0,0.0,32.9,48.75,34.4,0,0,0,0,0,0,16,598,16,304,29200,349,1,32,34677.63,16979.157,85473.0,36185.0,10000916.09,6118.856,10003270.0,9999233.0
139,52654,6,0.0,0.0,0.0,0.0,0.0,0.0,0.0,0.0,0.0,0.0,69.0,0.0,69.0,69.0,0.0,0.0,0.0,0.0,0.0,0.0,0.0,0.0,0.0,0.0,0,0,0,0,0.0,0.0,0,0,0,0,1,1,0,0,1.0,0.0,0.0,0.0,0,0,0,0,0,0,1,0,1,0,227,229,0,32,0.0,0.0,0.0,0.0,0.0,0.0,0.0,0.0
51570,443,6,12.0,0.0,6.0,6.0,6.0,0.0,0.0,0.0,0.0,0.0,36451.0,0.0,36451.0,36451.0,36451.0,36451.0,0.0,36451.0,36451.0,0.0,0.0,0.0,0.0,0.0,0,0,0,0,6.0,6.0,0,0,0,0,1,0,0,0,0.0,9.0,6.0,0.0,0,0,0,0,0,0,2,12,0,0,63857,-1,1,20,0.0,0.0,0.0,0.0,0.0,0.0,0.0,0.0
443,59905,6,0.0,0.0,0.0,0.0,0.0,0.0,0.0,0.0,0.0,0.0,73.0,0.0,73.0,73.0,0.0,0.0,0.0,0.0,0.0,0.0,0.0,0.0,0.0,0.0,0,0,0,0,0.0,0.0,0,0,0,0,1,0,0,0,1.0,0.0,0.0,0.0,0,0,0,0,0,0,1,0,1,0,350,32832,0,32,0.0,0.0,0.0,0.0,0.0,0.0,0.0,0.0
64230,443,6,0.0,0.0,0.0,0.0,0.0,0.0,0.0,0.0,0.0,0.0,4.0,0.0,4.0,4.0,4.0,4.0,0.0,4.0,4.0,0.0,0.0,0.0,0.0,0.0,0,0,0,0,0.0,0.0,0,0,0,0,1,1,0,0,0.0,0.0,0.0,0.0,0,0,0,0,0,0,2,0,0,0,32832,-1,0,32,0.0,0.0,0.0,0.0,0.0,0.0,0.0,0.0
60129,53,17,51.0,67.0,51.0,51.0,51.0,0.0,67.0,67.0,67.0,0.0,37026.0,0.0,37026.0,37026.0,0.0,0.0,0.0,0.0,0.0,0.0,0.0,0.0,0.0,0.0,0,0,0,0,51.0,67.0,0,0,0,0,0,0,0,0,1.0,84.5,51.0,67.0,0,0,0,0,0,0,1,51,1,67,-1,-1,0,32,0.0,0.0,0.0,0.0,0.0,0.0,0.0,0.0
55311,443,6,135.0,46.0,46.0,6.0,27.0,20.1246,46.0,46.0,46.0,0.0,1028221.0,2113870.73,4866203.0,4.0,5151284.0,1277711.0,2314018.944,4866203.0,4.0,0.0,0.0,0.0,0.0,0.0,1,0,0,0,6.0,46.0,0,1,0,0,1,0,0,0,0.0,37.8333,27.0,46.0,0,0,0,0,0,0,5,135,1,46,16353,31,4,20,0.0,0.0,0.0,0.0,0.0,0.0,0.0,0.0
56690,53,17,72.0,266.0,36.0,36.0,36.0,0.0,133.0,133.0,133.0,0.0,10368.0,17920.888,31098.0,4.0,4.0,4.0,0.0,4.0,4.0,4.0,4.0,0.0,4.0,4.0,0,0,0,0,36.0,133.0,0,0,0,0,0,0,0,0,1.0,93.5,36.0,133.0,0,0,0,0,0,0,2,72,2,266,-1,-1,1,20,0.0,0.0,0.0,0.0,0.0,0.0,0.0,0.0
54479,443,6,0.0,0.0,0.0,0.0,0.0,0.0,0.0,0.0,0.0,0.0,3.0,0.0,3.0,3.0,3.0,3.0,0.0,3.0,3.0,0.0,0.0,0.0,0.0,0.0,0,0,0,0,0.0,0.0,0,0,0,0,1,1,0,0,0.0,0.0,0.0,0.0,0,0,0,0,0,0,2,0,0,0,33285,-1,0,32,0.0,0.0,0.0,0.0,0.0,0.0,0.0,0.0
61114,53,17,49.0,147.0,49.0,49.0,49.0,0.0,147.0,147.0,147.0,0.0,90657.0,0.0,90657.0,90657.0,0.0,0.0,0.0,0.0,0.0,0.0,0.0,0.0,0.0,0.0,0,0,0,0,49.0,147.0,0,0,0,0,0,0,0,0,1.0,122.5,49.0,147.0,0,0,0,0,0,0,1,49,1,147,-1,-1,0,32,0.0,0.0,0.0,0.0,0.0,0.0,0.0,0.0
443,59903,6,6.0,6.0,6.0,6.0,6.0,0.0,6.0,6.0,6.0,0.0,51.0,0.0,51.0,51.0,0.0,0.0,0.0,0.0,0.0,0.0,0.0,0.0,0.0,0.0,0,0,0,0,6.0,6.0,0,0,0,0,1,1,0,0,1.0,9.0,6.0,6.0,0,0,0,0,0,0,1,6,1,6,32,32850,0,20,0.0,0.0,0.0,0.0,0.0,0.0,0.0,0.0
64114,80,6,12.0,0.0,6.0,6.0,6.0,0.0,0.0,0.0,0.0,0.0,7026.0,0.0,7026.0,7026.0,7026.0,7026.0,0.0,7026.0,7026.0,0.0,0.0,0.0,0.0,0.0,0,0,0,0,6.0,6.0,0,0,0,0,1,0,0,0,0.0,9.0,6.0,0.0,0,0,0,0,0,0,2,12,0,0,256,-1,1,20,0.0,0.0,0.0,0.0,0.0,0.0,0.0,0.0
50441,443,6,1080.0,4940.0,469.0,0.0,77.3636,146.5967,1430.0,0.0,296.2105,498.6996,1041346.63,6128580.081,38216425.0,1.0,39626668.0,2186911.0,9079532.806,38212785.0,32.0,608799.0,16169.8,34896.854,362806.0,1.0,0,0,0,0,0.0,1430.0,0,0,0,1,0,0,0,0,1.0,195.6357,77.3636,296.2105,0,0,0,0,0,0,11,1080,19,4940,8192,360,10,20,346348.0,0.0,346348.0,346348.0,38216477.0,0.0,38216427.0,38216477.0
48524,443,6,12.0,0.0,6.0,6.0,6.0,0.0,0.0,0.0,0.0,0.0,4.0,0.0,4.0,4.0,4.0,4.0,0.0,4.0,4.0,0.0,0.0,0.0,0.0,0.0,0,0,0,0,6.0,6.0,1,0,0,0,0,0,0,0,0.0,9.0,6.0,0.0,0,0,0,0,0,0,2,12,0,0,0,-1,1,20,0.0,0.0,0.0,0.0,0.0,0.0,0.0,0.0
443,68023,6,0.0,0.0,0.0,0.0,0.0,0.0,0.0,0.0,0.0,0.0,42.0,58.189,85.0,3.0,3.0,3.0,0.0,3.0,3.0,0.0,0.0,0.0,0.0,0.0,0,0,0,0,0.0,0.0,0,0,0,0,1,1,0,0,0.0,0.0,0.0,0.0,0,0,0,0,0,0,2,0,1,0,349,32832,0,32,0.0,0.0,0.0,0.0,0.0,0.0,0.0,0.0
34891,443,6,0.0,0.0,0.0,0.0,0.0,0.0,0.0,0.0,0.0,0.0,4864.0,0.0,4864.0,4864.0,4864.0,4864.0,0.0,4864.0,4864.0,0.0,0.0,0.0,0.0,0.0,0,0,0,0,0.0,0.0,0,0,0,0,1,0,0,0,0.0,0.0,0.0,0.0,0,0,0,0,0,0,2,0,0,0,306,-1,0,32,0.0,0.0,0.0,0.0,0.0,0.0,0.0,0.0
52247,443,6,552.0,4458.0,205.0,0.0,55.2,78.3383,1430.0,0.0,558.8571,632.0227,11746.66,18639.801,41172.0,1.0,195346.0,22681.66,22889.644,62864.0,3.0,105436.0,15088.66,22215.221,45210.0,1.0,0,0,0,0,0.0,1430.0,0,0,0,1,0,0,0,0,1.0,310.0556,55.2,558.8571,0,0,0,0,0,0,10,552,7,4458,8192,343,9,20,0.0,0.0,0.0,0.0,0.0,0.0,0.0,0.0
50187,80,6,1056.0,206.0,556.0,0.0,77.0,179.1572,200.0,0.0,1.4,92.8433,3735370.61,4874265.065,10008744.0,3.0,115635950.0,7736158.26,4250886.207,10029861.0,23803.0,110258184.0,7897842.07,4205966.474,10023715.0,834.0,0,0,0,0,0.0,556.0,0,0,0,1,0,0,0,0,0.0,44.1696,77.0,1.4,0,0,0,0,0,0,16,1056,15,206,8192,980,15,20,74001.9,14704.339,198619.0,23614.0,10007090.09,9360.54,10008746.0,9998620.0
443,64527,6,37.0,0.0,37.0,0.0,18.5,26.163,0.0,0.0,0.0,0.0,3.0,0.0,3.0,3.0,3.0,3.0,0.0,3.0,3.0,0.0,0.0,0.0,0.0,0.0,1,0,0,0,0.0,37.0,0,1,0,0,1,0,0,0,0.0,37.0,18.5,0.0,0,0,0,0,0,0,2,37,0,0,61,-1,0,32,0.0,0.0,0.0,0.0,0.0,0.0,0.0,0.0
80,51919,6,0.0,0.0,0.0,0.0,0.0,0.0,0.0,0.0,0.0,0.0,383.0,0.0,383.0,383.0,0.0,0.0,0.0,0.0,0.0,0.0,0.0,0.0,0.0,0.0,0,0,0,0,0.0,0.0,0,0,0,0,1,1,0,0,1.0,0.0,0.0,0.0,0,0,0,0,0,0,1,0,1,0,69,33304,0,32,0.0,0.0,0.0,0.0,0.0,0.0,0.0,0.0
61974,53,17,76.0,108.0,38.0,38.0,38.0,0.0,54.0,54.0,54.0,0.0,8198.33,14001.203,24546.0,3.0,3.0,3.0,0.0,3.0,3.0,3.0,3.0,0.0,3.0,3.0,0,0,0,0,38.0,54.0,0,0,0,0,0,0,0,0,1.0,55.5,38.0,54.0,0,0,0,0,0,0,2,76,2,108,-1,-1,1,32,0.0,0.0,0.0,0.0,0.0,0.0,0.0,0.0
137,137,17,650.0,0.0,50.0,50.0,50.0,0.0,0.0,0.0,0.0,0.0,1.58,1.723,6.0,1.0,29.0,1.91,1.455,6.0,1.0,0.0,0.0,0.0,0.0,0.0,0,0,0,0,50.0,50.0,0,0,0,0,0,0,0,0,0.0,53.8462,50.0,0.0,0,0,0,0,0,0,13,650,0,0,-1,-1,12,20,0.0,0.0,0.0,0.0,0.0,0.0,0.0,0.0
55369,53,17,144.0,304.0,36.0,36.0,36.0,0.0,152.0,152.0,152.0,0.0,12273.6,16989.515,30739.0,3.0,30816.0,10272.66,17889.396,30809.0,3.0,4.0,4.0,0.0,4.0,4.0,0,0,0,0,36.0,152.0,0,0,0,0,0,0,0,0,0.0,84.6667,36.0,152.0,0,0,0,0,0,0,4,144,2,304,-1,-1,3,20,0.0,0.0,0.0,0.0,0.0,0.0,0.0,0.0
54873,443,6,4320.0,15202.0,430.0,0.0,119.6667,203.1584,1864.0,0.0,442.3048,607.5998,1765309.49,3536451.052,10038155.0,1.0,114982871.0,3242535.04,4674883.042,10539917.0,1.0,114913043.0,3754702.45,4484360.951,10041146.0,1.0,0,0,0,0,0.0,1864.0,0,0,0,1,0,0,0,0,0.0,275.0293,119.6667,442.3048,0,0,0,0,0,0,45,4320,32,15202,8192,16,44,20,767731.63,1464234.85,4409632.0,162078.0,9587895.91,1332301.362,10038157.0,5048304.0
60410,53,17,47.0,108.0,47.0,47.0,47.0,0.0,108.0,108.0,108.0,0.0,23653.0,0.0,23653.0,23653.0,0.0,0.0,0.0,0.0,0.0,0.0,0.0,0.0,0.0,0.0,0,0,0,0,47.0,108.0,0,0,0,0,0,0,0,0,1.0,101.0,47.0,108.0,0,0,0,0,0,0,1,47,1,108,-1,-1,0,32,0.0,0.0,0.0,0.0,0.0,0.0,0.0,0.0
443,59797,6,0.0,0.0,0.0,0.0,0.0,0.0,0.0,0.0,0.0,0.0,97.0,0.0,97.0,97.0,0.0,0.0,0.0,0.0,0.0,0.0,0.0,0.0,0.0,0.0,0,0,0,0,0.0,0.0,0,0,0,0,1,1,0,0,1.0,0.0,0.0,0.0,0,0,0,0,0,0,1,0,1,0,357,32832,0,32,0.0,0.0,0.0,0.0,0.0,0.0,0.0,0.0
51404,53,17,112.0,410.0,56.0,56.0,56.0,0.0,205.0,205.0,205.0,0.0,69.33,116.052,203.0,3.0,3.0,3.0,0.0,3.0,3.0,3.0,3.0,0.0,3.0,3.0,0,0,0,0,56.0,205.0,0,0,0,0,0,0,0,0,1.0,149.5,56.0,205.0,0,0,0,0,0,0,2,112,2,410,-1,-1,1,32,0.0,0.0,0.0,0.0,0.0,0.0,0.0,0.0
443,55130,6,37.0,0.0,37.0,0.0,18.5,26.163,0.0,0.0,0.0,0.0,3.0,0.0,3.0,3.0,3.0,3.0,0.0,3.0,3.0,0.0,0.0,0.0,0.0,0.0,1,0,0,0,0.0,37.0,0,1,0,0,1,0,0,0,0.0,37.0,18.5,0.0,0,0,0,0,0,0,2,37,0,0,117,-1,0,32,0.0,0.0,0.0,0.0,0.0,0.0,0.0,0.0
53234,443,6,356.0,3782.0,212.0,0.0,59.3333,89.2248,1460.0,0.0,630.3333,677.2171,25137.63,39952.734,85366.0,1.0,261444.0,52220.8,46250.366,89904.0,103.0,176234.0,35604.8,47407.681,87370.0,49.0,0,0,0,0,0.0,1460.0,0,0,0,1,0,0,0,0,1.0,344.8333,59.3333,630.3333,0,0,0,0,0,0,6,356,6,3782,8192,60,5,20,0.0,0.0,0.0,0.0,0.0,0.0,0.0,0.0
443,55868,6,0.0,18.0,0.0,0.0,0.0,0.0,6.0,6.0,6.0,0.0,42717.25,85525.881,171338.0,1.0,171432.0,171432.0,0.0,171432.0,171432.0,5.0,2.5,2.121,4.0,1.0,0,0,0,0,0.0,6.0,0,0,0,0,1,0,0,0,1.0,3.6,0.0,6.0,0,0,0,0,0,0,2,0,3,18,117,0,0,32,0.0,0.0,0.0,0.0,0.0,0.0,0.0,0.0
80,53831,6,6.0,6.0,6.0,6.0,6.0,0.0,6.0,6.0,6.0,0.0,82.0,0.0,82.0,82.0,0.0,0.0,0.0,0.0,0.0,0.0,0.0,0.0,0.0,0.0,0,0,0,0,6.0,6.0,0,0,0,0,1,1,0,0,1.0,9.0,6.0,6.0,0,0,0,0,0,0,1,6,1,6,298,256,0,20,0.0,0.0,0.0,0.0,0.0,0.0,0.0,0.0
57488,443,6,622.0,4235.0,188.0,0.0,57.3333,66.2138,1430.0,0.0,267.0,477.4765,4776124.67,16204403.725,58918267.0,1.0,117864021.0,9821461.57,23779524.322,58915267.0,139.0,117689418.0,9810545.06,22665661.592,59052184.0,1.0,0,0,0,0,0.0,1430.0,0,0,0,1,0,0,0,0,1.0,174.6536,57.3333,267.0,0,0,0,0,0,0,12,622,13,4235,8192,351,11,20,167358.0,113991.716,250642.0,66732.0,58899252.0,52983.945,58918260.0,58059102.0
443,63063,6,0.0,0.0,0.0,0.0,0.0,0.0,0.0,0.0,0.0,0.0,94.0,0.0,94.0,94.0,0.0,0.0,0.0,0.0,0.0,0.0,0.0,0.0,0.0,0.0,0,0,0,0,0.0,0.0,0,0,0,0,1,0,0,0,1.0,0.0,0.0,0.0,0,0,0,0,0,0,1,0,1,0,66,33304,0,32,0.0,0.0,0.0,0.0,0.0,0.0,0.0,0.0
60613,53,17,67.0,79.0,67.0,67.0,67.0,0.0,79.0,79.0,79.0,0.0,23576.0,0.0,23576.0,23576.0,0.0,0.0,0.0,0.0,0.0,0.0,0.0,0.0,0.0,0.0,0,0,0,0,67.0,79.0,0,0,0,0,0,0,0,0,1.0,106.5,67.0,79.0,0,0,0,0,0,0,1,67,1,79,-1,-1,0,20,0.0,0.0,0.0,0.0,0.0,0.0,0.0,0.0
2389,53,17,82.0,114.0,41.0,41.0,41.0,0.0,57.0,57.0,57.0,0.0,48.0,74.678,138.0,3.0,3.0,3.0,0.0,3.0,3.0,3.0,3.0,0.0,3.0,3.0,0,0,0,0,41.0,57.0,0,0,0,0,0,0,0,0,1.0,59.25,41.0,57.0,0,0,0,0,0,0,2,82,2,114,-1,-1,1,20,0.0,0.0,0.0,0.0,0.0,0.0,0.0,0.0
48116,443,6,0.0,0.0,0.0,0.0,0.0,0.0,0.0,0.0,0.0,0.0,147.0,0.0,147.0,147.0,147.0,147.0,0.0,147.0,147.0,0.0,0.0,0.0,0.0,0.0,0,0,0,0,0.0,0.0,0,0,0,0,1,0,0,0,0.0,0.0,0.0,0.0,0,0,0,0,0,0,2,0,0,0,299,-1,0,32,0.0,0.0,0.0,0.0,0.0,0.0,0.0,0.0
60275,53,17,52.0,103.0,52.0,52.0,52.0,0.0,103.0,103.0,103.0,0.0,60455.0,0.0,60455.0,60455.0,0.0,0.0,0.0,0.0,0.0,0.0,0.0,0.0,0.0,0.0,0,0,0,0,52.0,103.0,0,0,0,0,0,0,0,0,1.0,103.5,52.0,103.0,0,0,0,0,0,0,1,52,1,103,-1,-1,0,20,0.0,0.0,0.0,0.0,0.0,0.0,0.0,0.0
57380,443,6,2411.0,9992.0,1447.0,0.0,211.3333,428.9292,2293.0,0.0,963.0,793.0212,443904.35,1907235.859,9999853.0,28.0,274806.0,12158.0,28764.403,114657.0,148.0,10248606.0,1011822.13,2608808.708,9999662.0,49.0,0,0,0,0,0.0,2293.0,0,0,0,1,0,0,0,0,1.0,517.7333,211.3333,963.0,0,0,0,0,0,0,12,2411,13,9992,65535,6086,5,32,754205.0,0.0,754205.0,754205.0,9999810.0,0.0,9999810.0,9999810.0
19378,53,17,56.0,276.0,28.0,28.0,28.0,0.0,138.0,138.0,138.0,0.0,7933.66,13701.515,23797.0,1.0,1.0,1.0,0.0,1.0,1.0,49.0,49.0,0.0,49.0,49.0,0,0,0,0,28.0,138.0,0,0,0,0,0,0,0,0,1.0,90.0,28.0,138.0,0,0,0,0,0,0,2,56,2,276,-1,-1,1,32,0.0,0.0,0.0,0.0,0.0,0.0,0.0,0.0
52753,53,17,60.0,264.0,30.0,30.0,30.0,0.0,132.0,132.0,132.0,0.0,66.0,75.077,141.0,4.0,48.0,48.0,0.0,48.0,48.0,4.0,4.0,0.0,4.0,4.0,0,0,0,0,30.0,132.0,0,0,0,0,0,0,0,0,1.0,88.5,30.0,132.0,0,0,0,0,0,0,2,60,2,264,-1,-1,1,32,0.0,0.0,0.0,0.0,0.0,0.0,0.0,0.0
60886,53,17,47.0,108.0,47.0,47.0,47.0,0.0,108.0,108.0,108.0,0.0,23813.0,0.0,23813.0,23813.0,0.0,0.0,0.0,0.0,0.0,0.0,0.0,0.0,0.0,0.0,0,0,0,0,47.0,108.0,0,0,0,0,0,0,0,0,1.0,101.0,47.0,108.0,0,0,0,0,0,0,1,47,1,108,-1,-1,0,32,0.0,0.0,0.0,0.0,0.0,0.0,0.0,0.0
61339,53,17,112.0,234.0,57.0,55.0,56.0,2.8284,153.0,105.0,115.0,9.364,34140065.0,62228823.772,104369367.0,30445.0,104490798.0,104490798.0,0.0,104490798.0,104490798.0,104470923.0,104470923.0,0.0,104470923.0,104470323.0,0,0,0,0,55.0,153.0,0,0,0,0,0,0,0,0,1.0,104.75,56.0,115.0,0,0,0,0,0,0,2,112,2,234,-1,-1,1,32,46049.0,0.0,46049.0,46049.0,104369323.0,0.0,104369363.0,104369323.0
80,60196,6,6.0,6.0,6.0,6.0,6.0,0.0,6.0,6.0,6.0,0.0,30.0,0.0,30.0,30.0,0.0,0.0,0.0,0.0,0.0,0.0,0.0,0.0,0.0,0.0,0,0,0,0,6.0,6.0,0,0,0,0,1,1,0,0,1.0,9.0,6.0,6.0,0,0,0,0,0,0,1,6,1,6,29,256,0,20,0.0,0.0,0.0,0.0,0.0,0.0,0.0,0.0
5068,443,6,6.0,6.0,6.0,6.0,6.0,0.0,6.0,6.0,6.0,0.0,19.0,0.0,19.0,19.0,0.0,0.0,0.0,0.0,0.0,0.0,0.0,0.0,0.0,0.0,0,0,0,0,6.0,6.0,0,0,0,0,1,0,0,0,1.0,9.0,6.0,6.0,0,0,0,0,0,0,1,6,1,6,256,192,0,20,0.0,0.0,0.0,0.0,0.0,0.0,0.0,0.0
61745,53,17,51.0,99.0,51.0,51.0,51.0,0.0,99.0,99.0,99.0,0.0,53369.0,0.0,53369.0,53369.0,0.0,0.0,0.0,0.0,0.0,0.0,0.0,0.0,0.0,0.0,0,0,0,0,51.0,99.0,0,0,0,0,0,0,0,0,1.0,100.5,51.0,99.0,0,0,0,0,0,0,1,51,1,99,-1,-1,0,20,0.0,0.0,0.0,0.0,0.0,0.0,0.0,0.0
60130,53,17,51.0,116.0,51.0,51.0,51.0,0.0,116.0,116.0,116.0,0.0,511.0,0.0,511.0,511.0,0.0,0.0,0.0,0.0,0.0,0.0,0.0,0.0,0.0,0.0,0,0,0,0,51.0,116.0,0,0,0,0,0,0,0,0,1.0,109.0,51.0,116.0,0,0,0,0,0,0,1,51,1,116,-1,-1,0,20,0.0,0.0,0.0,0.0,0.0,0.0,0.0,0.0
56473,53,17,148.0,404.0,37.0,37.0,37.0,0.0,202.0,202.0,202.0,0.0,48924.2,83418.161,141876.0,1.0,92687.0,30829.66,53094.619,92671.0,1.0,4.0,4.0,0.0,4.0,4.0,0,0,0,0,37.0,202.0,0,0,0,0,0,0,0,0,0.0,94.1667,37.0,202.0,0,0,0,0,0,0,4,148,2,404,-1,-1,3,32,0.0,0.0,0.0,0.0,0.0,0.0,0.0,0.0
31181,53,17,58.0,430.0,29.0,29.0,29.0,0.0,215.0,215.0,215.0,0.0,20477.66,35496.867,61420.0,4.0,4.0,4.0,0.0,4.0,4.0,15.0,15.0,0.0,15.0,15.0,0,0,0,0,29.0,215.0,0,0,0,0,0,0,0,0,1.0,129.25,29.0,215.0,0,0,0,0,0,0,2,58,2,430,-1,-1,1,32,0.0,0.0,0.0,0.0,0.0,0.0,0.0,0.0
49070,53,17,68.0,100.0,34.0,34.0,34.0,0.0,50.0,50.0,50.0,0.0,47.66,76.92,136.0,3.0,3.0,3.0,0.0,3.0,3.0,3.0,3.0,0.0,3.0,3.0,0,0,0,0,34.0,50.0,0,0,0,0,0,0,0,0,1.0,50.5,34.0,50.0,0,0,0,0,0,0,2,68,2,100,-1,-1,1,32,0.0,0.0,0.0,0.0,0.0,0.0,0.0,0.0
60919,53,17,174.0,396.0,46.0,46.0,46.0,0.0,99.0,99.0,99.0,0.0,4352.28,12471.391,30999.0,0.0,30916.0,10372.0,17843.14,30900.0,0.0,183.0,24.0,35.512,184.0,1.0,0,0,0,0,46.0,99.0,0,0,0,0,0,0,0,0,1.0,76.0,46.0,99.0,0,0,0,0,0,0,4,174,4,396,-1,-1,3,20,0.0,0.0,0.0,0.0,0.0,0.0,0.0,0.0
38881,443,6,1540.0,973.0,805.0,0.0,74.1111,224.4398,633.0,0.0,65.9375,162.2621,3168368.67,4608954.19,10015600.0,4.0,115664704.0,6182235.4,4830311.539,10052001.0,4.0,110639742.0,6508170.0,4880131.212,10051215.0,239.0,0,0,0,0,0.0,805.0,0,0,0,1,0,0,0,0,0.0,69.1333,74.1111,65.9375,0,0,0,0,0,0,21,1540,16,973,29200,370,4,32,43571.18,81353.895,222095.0,36246.0,10010070.81,1263.034,10015601.0,9956905.0
443,56519,6,37.0,6.0,37.0,0.0,18.5,26.163,6.0,6.0,6.0,0.0,105.0,28.89,187.0,65.0,205.0,205.0,0.0,205.0,205.0,0.0,0.0,0.0,0.0,0.0,1,0,0,0,0.0,37.0,0,1,0,0,1,0,0,0,0.0,26.6667,18.5,6.0,0,0,0,0,0,0,2,37,1,6,118,0,0,32,0.0,0.0,0.0,0.0,0.0,0.0,0.0,0.0
38345,53,17,76.0,332.0,38.0,38.0,38.0,0.0,166.0,166.0,166.0,0.0,85.33,145.695,250.0,1.0,1.0,1.0,0.0,1.0,1.0,3.0,3.0,0.0,3.0,3.0,0,0,0,0,38.0,166.0,0,0,0,0,0,0,0,0,1.0,111.5,38.0,166.0,0,0,0,0,0,0,2,76,2,332,-1,-1,1,40,0.0,0.0,0.0,0.0,0.0,0.0,0.0,0.0
58519,53,17,104.0,220.0,52.0,52.0,52.0,0.0,110.0,110.0,110.0,0.0,74.0,139.513,216.0,4.0,4.0,4.0,0.0,4.0,4.0,4.0,4.0,0.0,4.0,4.0,0,0,0,0,52.0,110.0,0,0,0,0,0,0,0,0,1.0,94.0,52.0,110.0,0,0,0,0,0,0,2,104,2,220,-1,-1,1,20,0.0,0.0,0.0,0.0,0.0,0.0,0.0,0.0
553,50117,6,0.0,0.0,0.0,0.0,0.0,0.0,0.0,0.0,0.0,0.0,3.0,0.0,3.0,3.0,3.0,3.0,0.0,3.0,3.0,0.0,0.0,0.0,0.0,0.0,0,0,0,0,0.0,0.0,0,0,0,0,1,0,0,0,0.0,0.0,0.0,0.0,0,0,0,0,0,0,2,0,0,0,357,-1,0,32,0.0,0.0,0.0,0.0,0.0,0.0,0.0,0.0
59768,80,6,804.0,432.0,434.0,0.0,40.25,143.0,236.0,0.0,37.1429,60.9555,4057938.79,4908246.787,10003358.0,46.0,116877510.0,7780535.57,4010038.978,10047844.0,36388.0,110570642.0,8504547.14,3754133.808,10046144.0,266.0,0,0,0,0,0.0,434.0,0,0,0,1,0,0,0,0,0.0,32.725,40.25,37.1429,0,0,0,0,0,0,16,804,14,432,8192,343,15,20,46589.0,40222.253,294263.0,36781.0,10000848.54,3762.233,10003354.0,9999049.0
57832,53,17,58.0,490.0,29.0,29.0,29.0,0.0,245.0,245.0,245.0,0.0,8183.0,14111.412,24544.0,48.0,48.0,48.0,0.0,48.0,48.0,49.0,49.0,0.0,49.0,49.0,0,0,0,0,29.0,245.0,0,0,0,0,0,0,0,0,1.0,144.25,29.0,245.0,0,0,0,0,0,0,2,58,2,490,-1,-1,1,20,0.0,0.0,0.0,0.0,0.0,0.0,0.0,0.0
42156,443,6,12.0,0.0,6.0,6.0,6.0,0.0,0.0,0.0,0.0,0.0,6004540.0,0.0,6004540.0,6004540.0,6004540.0,6004540.0,0.0,6004540.0,6004540.0,0.0,0.0,0.0,0.0,0.0,0,0,0,0,6.0,6.0,0,0,0,0,1,0,0,0,0.0,9.0,6.0,0.0,0,0,0,0,0,0,2,12,0,0,64209,-1,1,20,0.0,0.0,0.0,0.0,0.0,0.0,0.0,0.0
60294,53,17,59.0,91.0,59.0,59.0,59.0,0.0,91.0,91.0,91.0,0.0,52391.0,0.0,52391.0,52391.0,0.0,0.0,0.0,0.0,0.0,0.0,0.0,0.0,0.0,0.0,0,0,0,0,59.0,91.0,0,0,0,0,0,0,0,0,1.0,104.5,59.0,91.0,0,0,0,0,0,0,1,59,1,91,-1,-1,0,32,0.0,0.0,0.0,0.0,0.0,0.0,0.0,0.0
63566,53,17,86.0,204.0,43.0,43.0,43.0,0.0,102.0,102.0,102.0,0.0,56.0,97.872,162.0,3.0,3.0,3.0,0.0,3.0,3.0,3.0,3.0,0.0,3.0,3.0,0,0,0,0,43.0,102.0,0,0,0,0,0,0,0,0,1.0,83.25,43.0,102.0,0,0,0,0,0,0,2,86,2,204,-1,-1,1,20,0.0,0.0,0.0,0.0,0.0,0.0,0.0,0.0
61677,53,17,117.0,175.0,61.0,56.0,58.5,6.364,106.0,74.0,87.5,21.1159,26684456.66,49317031.522,80673217.0,53486.0,80706813.0,80706813.0,0.0,80706813.0,80706813.0,80744229.0,80744229.0,0.0,80744229.0,80744229.0,0,0,0,0,56.0,106.0,0,0,0,0,0,0,0,0,1.0,93.75,58.5,87.5,0,0,0,0,0,0,2,117,2,175,-1,-1,1,20,30458.0,0.0,30458.0,30458.0,80673289.0,0.0,80673219.0,80673289.0
60312,53,17,130.0,386.0,65.0,65.0,65.0,0.0,193.0,193.0,193.0,0.0,65.0,106.119,189.0,3.0,4.0,4.0,0.0,4.0,4.0,3.0,3.0,0.0,3.0,3.0,0,0,0,0,65.0,193.0,0,0,0,0,0,0,0,0,1.0,145.25,65.0,193.0,0,0,0,0,0,0,2,130,2,386,-1,-1,1,20,0.0,0.0,0.0,0.0,0.0,0.0,0.0,0.0
59418,53,17,76.0,140.0,38.0,38.0,38.0,0.0,70.0,70.0,70.0,0.0,67.66,106.036,185.0,3.0,3.0,3.0,0.0,3.0,3.0,4.0,4.0,0.0,4.0,4.0,0,0,0,0,38.0,70.0,0,0,0,0,0,0,0,0,1.0,63.5,38.0,70.0,0,0,0,0,0,0,2,76,2,140,-1,-1,1,32,0.0,0.0,0.0,0.0,0.0,0.0,0.0,0.0
61325,53,17,60.0,76.0,60.0,60.0,60.0,0.0,76.0,76.0,76.0,0.0,217868.0,0.0,217868.0,217868.0,0.0,0.0,0.0,0.0,0.0,0.0,0.0,0.0,0.0,0.0,0,0,0,0,60.0,76.0,0,0,0,0,0,0,0,0,1.0,98.0,60.0,76.0,0,0,0,0,0,0,1,60,1,76,-1,-1,0,20,0.0,0.0,0.0,0.0,0.0,0.0,0.0,0.0
49290,443,6,0.0,0.0,0.0,0.0,0.0,0.0,0.0,0.0,0.0,0.0,16477.5,23516.363,32972.0,2.0,2.0,2.0,0.0,2.0,2.0,0.0,0.0,0.0,0.0,0.0,0,0,0,0,0.0,0.0,0,0,0,0,1,1,0,0,0.0,0.0,0.0,0.0,0,0,0,0,0,0,2,0,1,0,32832,357,0,32,0.0,0.0,0.0,0.0,0.0,0.0,0.0,0.0
443,38105,6,0.0,0.0,0.0,0.0,0.0,0.0,0.0,0.0,0.0,0.0,26064.0,37632.963,52078.0,55.0,52081.0,52081.0,0.0,52081.0,52081.0,0.0,0.0,0.0,0.0,0.0,0,0,0,0,0.0,0.0,0,0,0,0,1,0,0,0,0.0,0.0,0.0,0.0,0,0,0,0,0,0,2,0,1,0,57,381,0,32,0.0,0.0,0.0,0.0,0.0,0.0,0.0,0.0
63642,443,6,18.0,41.0,6.0,6.0,6.0,0.0,31.0,0.0,15.5,27.7679,18.0,28.084,54.0,1.0,4.0,2.0,2.828,3.0,1.0,0.0,0.0,0.0,0.0,0.0,0,0,0,0,0.0,31.0,0,0,0,0,1,1,0,0,0.0,12.3333,6.0,15.5,0,0,0,0,0,0,3,18,1,41,63327,971,2,20,0.0,0.0,0.0,0.0,0.0,0.0,0.0,0.0
61372,53,17,49.0,142.0,49.0,49.0,49.0,0.0,142.0,142.0,142.0,0.0,60517.0,0.0,60517.0,60517.0,0.0,0.0,0.0,0.0,0.0,0.0,0.0,0.0,0.0,0.0,0,0,0,0,49.0,142.0,0,0,0,0,0,0,0,0,1.0,120.0,49.0,142.0,0,0,0,0,0,0,1,49,1,142,-1,-1,0,20,0.0,0.0,0.0,0.0,0.0,0.0,0.0,0.0
80,58062,6,0.0,0.0,0.0,0.0,0.0,0.0,0.0,0.0,0.0,0.0,67.0,0.0,67.0,67.0,0.0,0.0,0.0,0.0,0.0,0.0,0.0,0.0,0.0,0.0,0,0,0,0,0.0,0.0,0,0,0,0,1,1,0,0,1.0,0.0,0.0,0.0,0,0,0,0,0,0,1,0,1,0,340,32832,0,32,0.0,0.0,0.0,0.0,0.0,0.0,0.0,0.0
42207,443,6,1186.0,7199.0,534.0,0.0,70.1935,153.7139,2796.0,0.0,499.0,721.493,1820650.8,3602076.322,10017612.0,3.0,61187493.0,3350333.56,4870699.559,10173901.0,148.0,61171550.0,4763956.17,5093090.727,10199218.0,3.0,0,0,0,0,0.0,2796.0,0,0,0,1,0,0,0,0,0.0,255.56,70.1935,499.0,0,0,0,0,0,0,16,1186,14,7199,29200,123,4,32,251760.33,304790.835,1289903.0,23588.0,10019953.0,29586.184,10017618.0,9960586.0
443,56286,6,0.0,0.0,0.0,0.0,0.0,0.0,0.0,0.0,0.0,0.0,98.0,0.0,98.0,98.0,0.0,0.0,0.0,0.0,0.0,0.0,0.0,0.0,0.0,0.0,0,0,0,0,0.0,0.0,0,0,0,0,1,1,0,0,1.0,0.0,0.0,0.0,0,0,0,0,0,0,1,0,1,0,135,290,0,32,0.0,0.0,0.0,0.0,0.0,0.0,0.0,0.0
35653,443,6,3717.0,16759.0,545.0,0.0,140.5258,219.4903,1847.0,0.0,776.9818,728.3648,2768543.94,4399451.413,10189154.0,3.0,119166208.0,5312342.0,4896038.793,10240008.0,3.0,119909185.0,5843963.75,5128357.989,10240468.0,49.0,0,0,0,0,0.0,1847.0,0,0,0,0,1,0,0,0,0.0,407.0236,140.5258,776.9818,0,0,0,0,0,0,27,3717,23,16759,1178,131,26,32,83784.13,196411.751,774723.0,23366.0,10043246.36,239215.724,10189159.0,9956624.0
64464,443,6,974.0,7419.0,469.0,0.0,64.9333,134.266,1581.0,0.0,674.4545,743.4742,12387.64,24458.021,93997.0,2.0,305404.0,21225.14,28308.401,93996.0,2.0,250754.0,27799.9,34746.703,98606.0,2.0,0,0,0,0,0.0,1581.0,0,0,0,1,0,0,0,0,0.0,322.8077,64.9333,674.4545,0,0,0,0,0,0,15,974,11,7419,65535,357,6,32,0.0,0.0,0.0,0.0,0.0,0.0,0.0,0.0
16784,53,17,84.0,298.0,42.0,42.0,42.0,0.0,149.0,149.0,149.0,0.0,15856.33,27414.794,47564.0,3.0,4.0,4.0,0.0,4.0,4.0,3.0,3.0,0.0,3.0,3.0,0,0,0,0,42.0,149.0,0,0,0,0,0,0,0,0,1.0,106.0,42.0,149.0,0,0,0,0,0,0,2,84,2,298,-1,-1,1,20,0.0,0.0,0.0,0.0,0.0,0.0,0.0,0.0
443,51919,6,0.0,0.0,0.0,0.0,0.0,0.0,0.0,0.0,0.0,0.0,45.0,53.036,88.0,3.0,3.0,3.0,0.0,3.0,3.0,0.0,0.0,0.0,0.0,0.0,0,0,0,0,0.0,0.0,0,0,0,0,1,1,0,0,0.0,0.0,0.0,0.0,0,0,0,0,0,0,2,0,1,0,362,32832,0,32,0.0,0.0,0.0,0.0,0.0,0.0,0.0,0.0
5245,80,6,401.0,1295.0,381.0,0.0,58.6429,129.4884,1283.0,0.0,231.875,518.9022,6183.3,9400.882,23640.0,57.0,32204.0,8258.0,10963.516,24996.0,417.0,15805.0,6631.71,9575.047,14172.0,326.0,0,0,0,0,0.0,1283.0,0,0,0,1,0,0,0,0,0.0,130.5,58.6429,231.875,0,0,0,0,0,0,7,401,8,1295,65535,60,1,20,0.0,0.0,0.0,0.0,0.0,0.0,0.0,0.0
54046,443,6,599.0,137.0,517.0,0.0,85.5714,191.3085,137.0,0.0,34.25,68.5,531253.1,1572768.685,4941747.0,4.0,5146619.0,845139.5,2035704.42,5009843.0,4.0,49766.0,29985.66,31134.568,64547.0,426.0,0,0,0,0,0.0,517.0,0,0,0,1,0,0,0,0,0.0,66.2727,85.5714,34.25,0,0,0,0,0,0,7,599,4,137,29200,118,3,32,0.0,0.0,0.0,0.0,0.0,0.0,0.0,0.0
55546,80,6,0.0,0.0,0.0,0.0,0.0,0.0,0.0,0.0,0.0,0.0,245.0,0.0,245.0,245.0,245.0,245.0,0.0,245.0,245.0,0.0,0.0,0.0,0.0,0.0,0,0,0,0,0.0,0.0,0,0,0,0,1,0,0,0,0.0,0.0,0.0,0.0,0,0,0,0,0,0,2,0,0,0,242,-1,0,32,0.0,0.0,0.0,0.0,0.0,0.0,0.0,0.0
49306,53,17,72.0,206.0,36.0,36.0,36.0,0.0,103.0,103.0,103.0,0.0,57.0,90.934,165.0,3.0,4.0,4.0,0.0,4.0,4.0,3.0,3.0,0.0,3.0,3.0,0,0,0,0,36.0,103.0,0,0,0,0,0,0,0,0,1.0,78.5,36.0,103.0,0,0,0,0,0,0,2,72,2,206,-1,-1,1,20,0.0,0.0,0.0,0.0,0.0,0.0,0.0,0.0
443,53832,6,0.0,0.0,0.0,0.0,0.0,0.0,0.0,0.0,0.0,0.0,42.0,0.0,42.0,42.0,0.0,0.0,0.0,0.0,0.0,0.0,0.0,0.0,0.0,0.0,0,0,0,0,0.0,0.0,0,0,0,0,1,0,0,0,1.0,0.0,0.0,0.0,0,0,0,0,0,0,1,0,1,0,349,32832,0,32,0.0,0.0,0.0,0.0,0.0,0.0,0.0,0.0
2389,443,6,1376.0,4521.0,558.0,0.0,138.5,207.3934,1460.0,0.0,582.5,618.5741,429449.52,1945694.793,9802345.0,42.0,11406298.0,870238.85,2512568.107,9808345.0,203.0,15279824.0,1752879.62,2890275.907,10052588.0,208.0,0,0,0,0,0.0,1460.0,0,0,0,1,0,0,0,0,1.0,414.9,138.5,582.5,0,0,0,0,0,0,8,1376,10,4521,8192,252,7,20,2169114.0,0.0,1169114.0,2169114.0,9802346.0,0.0,9802346.0,9802346.0
14634,53,17,62.0,160.0,31.0,31.0,31.0,0.0,80.0,80.0,80.0,0.0,10432.66,18046.602,31293.0,1.0,1.0,1.0,0.0,1.0,1.0,3.0,3.0,0.0,3.0,3.0,0,0,0,0,31.0,80.0,0,0,0,0,0,0,0,0,1.0,63.25,31.0,80.0,0,0,0,0,0,0,2,62,2,160,-1,-1,1,32,0.0,0.0,0.0,0.0,0.0,0.0,0.0,0.0
443,58768,6,12.0,6.0,6.0,6.0,6.0,0.0,6.0,6.0,6.0,0.0,36.0,58.481,71.0,1.0,1.0,1.0,0.0,1.0,1.0,0.0,0.0,0.0,0.0,0.0,0,0,0,0,6.0,6.0,0,0,0,0,1,1,0,0,0.0,8.0,6.0,6.0,0,0,0,0,0,0,2,12,1,6,32,32850,1,20,0.0,0.0,0.0,0.0,0.0,0.0,0.0,0.0
443,60425,6,0.0,0.0,0.0,0.0,0.0,0.0,0.0,0.0,0.0,0.0,136.0,0.0,136.0,136.0,0.0,0.0,0.0,0.0,0.0,0.0,0.0,0.0,0.0,0.0,0,0,0,0,0.0,0.0,0,0,0,0,1,1,0,0,1.0,0.0,0.0,0.0,0,0,0,0,0,0,1,0,1,0,362,32832,0,32,0.0,0.0,0.0,0.0,0.0,0.0,0.0,0.0
51988,53,17,156.0,664.0,39.0,39.0,39.0,0.0,167.0,167.0,167.0,0.0,15112.57,21510.694,48165.0,3.0,89738.0,26519.33,51688.146,89720.0,3.0,46465.0,15155.66,27019.542,46463.0,3.0,0,0,0,0,39.0,167.0,0,0,0,0,0,0,0,0,1.0,107.875,39.0,167.0,0,0,0,0,0,0,4,156,4,664,-1,-1,3,32,0.0,0.0,0.0,0.0,0.0,0.0,0.0,0.0
60477,53,17,57.0,96.0,57.0,57.0,57.0,0.0,96.0,96.0,96.0,0.0,48666.0,0.0,48666.0,48666.0,0.0,0.0,0.0,0.0,0.0,0.0,0.0,0.0,0.0,0.0,0,0,0,0,57.0,96.0,0,0,0,0,0,0,0,0,1.0,105.0,57.0,96.0,0,0,0,0,0,0,1,57,1,96,-1,-1,0,32,0.0,0.0,0.0,0.0,0.0,0.0,0.0,0.0
48516,443,6,1365.0,3681.0,517.0,0.0,88.75,186.6271,1613.0,0.0,280.9286,566.8707,2466344.07,4305539.766,10015605.0,4.0,81172069.0,4385006.0,5169182.546,10130026.0,271.0,89172927.0,5020582.52,5106941.796,10131072.0,218.0,0,0,0,0,0.0,1613.0,0,0,0,1,0,0,0,0,0.0,188.5881,88.75,280.9286,0,0,0,0,0,0,16,1365,14,3681,29200,243,4,32,139131.83,199547.049,621088.0,84605.0,10006872.33,19213.378,10015604.0,9991141.0
61037,53,17,54.0,116.0,54.0,54.0,54.0,0.0,116.0,116.0,116.0,0.0,47726.0,0.0,47726.0,47726.0,0.0,0.0,0.0,0.0,0.0,0.0,0.0,0.0,0.0,0.0,0,0,0,0,54.0,116.0,0,0,0,0,0,0,0,0,1.0,112.0,54.0,116.0,0,0,0,0,0,0,1,54,1,116,-1,-1,0,32,0.0,0.0,0.0,0.0,0.0,0.0,0.0,0.0
51889,53,17,84.0,116.0,42.0,42.0,42.0,0.0,58.0,58.0,58.0,0.0,10274.0,17749.484,30810.0,3.0,3.0,3.0,0.0,3.0,3.0,4.0,4.0,0.0,4.0,4.0,0,0,0,0,42.0,58.0,0,0,0,0,0,0,0,0,1.0,60.5,42.0,58.0,0,0,0,0,0,0,2,84,2,116,-1,-1,1,20,0.0,0.0,0.0,0.0,0.0,0.0,0.0,0.0
49934,443,6,908.0,23741.0,517.0,0.0,33.8556,122.8865,2896.0,0.0,1361.2105,1012.1899,145030.25,461218.116,4995907.0,10.0,1560633.0,15764.83,57042.769,115178.0,45.0,6578376.0,365614.06,870502.263,5003909.0,50.0,0,0,0,0,0.0,2896.0,0,0,0,1,0,0,0,0,1.0,766.3395,33.8556,1361.2105,0,0,0,0,0,0,27,908,29,23741,29200,122,3,32,0.0,0.0,0.0,0.0,0.0,0.0,0.0,0.0
52222,80,6,12.0,0.0,6.0,6.0,6.0,0.0,0.0,0.0,0.0,0.0,49.0,0.0,49.0,49.0,49.0,49.0,0.0,49.0,49.0,0.0,0.0,0.0,0.0,0.0,0,0,0,0,6.0,6.0,0,0,0,0,1,0,0,0,0.0,9.0,6.0,0.0,0,0,0,0,0,0,2,12,0,0,256,-1,1,20,0.0,0.0,0.0,0.0,0.0,0.0,0.0,0.0
443,56246,6,31.0,0.0,31.0,0.0,10.3333,17.8979,0.0,0.0,0.0,0.0,237.5,362.223,573.0,3.0,565.0,282.5,522.204,573.0,3.0,0.0,0.0,0.0,0.0,0.0,0,0,0,0,0.0,31.0,0,0,0,0,1,0,0,0,0.0,10.3333,10.3333,0.0,0,0,0,0,0,0,3,31,0,0,59,-1,1,32,0.0,0.0,0.0,0.0,0.0,0.0,0.0,0.0
80,56980,6,6.0,6.0,6.0,6.0,6.0,0.0,6.0,6.0,6.0,0.0,83.0,0.0,83.0,83.0,0.0,0.0,0.0,0.0,0.0,0.0,0.0,0.0,0.0,0.0,0,0,0,0,6.0,6.0,0,0,0,0,1,1,0,0,1.0,9.0,6.0,6.0,0,0,0,0,0,0,1,6,1,6,368,258,0,20,0.0,0.0,0.0,0.0,0.0,0.0,0.0,0.0
8299,53,17,88.0,188.0,44.0,44.0,44.0,0.0,94.0,94.0,94.0,0.0,7955.33,13718.728,23850.0,1.0,74.0,74.0,0.0,74.0,74.0,1.0,1.0,0.0,1.0,1.0,0,0,0,0,44.0,94.0,0,0,0,0,0,0,0,0,1.0,80.0,44.0,94.0,0,0,0,0,0,0,2,88,2,188,-1,-1,1,20,0.0,0.0,0.0,0.0,0.0,0.0,0.0,0.0
62127,53,17,42.0,112.0,42.0,42.0,42.0,0.0,112.0,112.0,112.0,0.0,46049.0,0.0,46049.0,46049.0,0.0,0.0,0.0,0.0,0.0,0.0,0.0,0.0,0.0,0.0,0,0,0,0,42.0,112.0,0,0,0,0,0,0,0,0,1.0,98.0,42.0,112.0,0,0,0,0,0,0,1,42,1,112,-1,-1,0,32,0.0,0.0,0.0,0.0,0.0,0.0,0.0,0.0
53648,80,6,374.0,23277.0,362.0,0.0,27.3824,86.2234,4296.0,0.0,579.4826,1234.1958,2107032.94,4074047.918,10021783.0,11.0,115356553.0,4455216.61,4835817.396,10116025.0,4400.0,110431772.0,4490592.68,5036561.027,10048125.0,47.0,0,0,0,0,0.0,4296.0,0,0,0,1,0,0,0,0,1.0,314.8284,27.3824,579.4826,0,0,0,0,0,0,27,374,27,23277,29200,939,1,32,34769.09,16116.597,120167.0,22917.0,10020353.36,4876.649,10021782.0,9999668.0
62975,443,6,1020.0,5812.0,453.0,0.0,77.25,130.8814,1413.0,2.0,589.2,634.1964,11689.65,20108.839,85096.0,1.0,278691.0,15034.23,27572.443,85202.0,1.0,214267.0,29664.0,38003.856,78767.0,1.0,0,0,0,0,0.0,1413.0,0,0,0,1,0,0,0,0,0.0,274.35,77.25,589.2,0,0,0,0,0,0,12,1020,10,5812,65535,352,11,20,0.0,0.0,0.0,0.0,0.0,0.0,0.0,0.0
3714,443,6,1159.0,5838.0,613.0,0.0,64.675,149.0517,1630.0,0.0,226.3529,464.0621,2175115.87,4095813.469,10000954.0,16.0,61317647.0,4423929.8,5063196.951,10086354.0,4384.0,61465835.0,4499563.93,5167936.876,10086002.0,89.0,0,0,0,0,0.0,1630.0,0,0,0,1,0,0,0,0,0.0,153.53,64.675,226.3529,0,0,0,0,0,0,16,1159,17,5838,8192,115,15,20,117001.16,128285.177,380048.0,50679.0,9999964.83,21206.861,10000954.0,9951173.0
443,56309,6,31.0,6.0,31.0,0.0,15.5,21.9203,6.0,6.0,6.0,0.0,39.0,62.934,77.0,3.0,3.0,3.0,0.0,3.0,3.0,0.0,0.0,0.0,0.0,0.0,1,0,0,0,0.0,31.0,0,1,0,0,1,0,0,0,0.0,22.6667,15.5,6.0,0,0,0,0,0,0,2,31,1,6,972,0,0,32,0.0,0.0,0.0,0.0,0.0,0.0,0.0,0.0
443,49768,6,0.0,0.0,0.0,0.0,0.0,0.0,0.0,0.0,0.0,0.0,47.0,0.0,47.0,47.0,0.0,0.0,0.0,0.0,0.0,0.0,0.0,0.0,0.0,0.0,0,0,0,0,0.0,0.0,0,0,0,0,1,0,0,0,1.0,0.0,0.0,0.0,0,0,0,0,0,0,1,0,1,0,179,32832,0,32,0.0,0.0,0.0,0.0,0.0,0.0,0.0,0.0
49407,443,6,880.0,3871.0,283.0,0.0,77.5,90.357,1782.0,0.0,430.7,701.6844,1426116.05,4198692.611,10020972.0,55.0,21859187.0,3949091.93,4703701.865,10081918.0,150.0,31662427.0,4820645.33,5023408.391,10082551.0,216.0,0,0,0,0,0.0,1782.0,0,0,0,1,0,0,0,0,0.0,230.0445,77.5,430.7,0,0,0,0,0,0,12,880,10,3871,29200,126,4,32,257027.33,312801.419,927037.0,21862.0,10013950.66,12518.145,10020973.0,10000000.0
65485,53,17,82.0,138.0,41.0,41.0,41.0,0.0,69.0,69.0,69.0,0.0,46.33,74.635,134.0,3.0,3.0,3.0,0.0,3.0,3.0,3.0,3.0,0.0,3.0,3.0,0,0,0,0,41.0,69.0,0,0,0,0,0,0,0,0,1.0,65.25,41.0,69.0,0,0,0,0,0,0,2,82,2,138,-1,-1,1,32,0.0,0.0,0.0,0.0,0.0,0.0,0.0,0.0
61537,443,6,6.0,37.0,6.0,6.0,6.0,0.0,31.0,31.0,31.0,0.0,485105.0,0.0,485105.0,485105.0,0.0,0.0,0.0,0.0,0.0,0.0,0.0,0.0,0.0,0.0,0,0,0,0,6.0,31.0,1,0,0,0,0,0,0,0,1.0,21.5,6.0,31.0,0,0,0,0,0,0,1,6,1,37,0,110,0,20,0.0,0.0,0.0,0.0,0.0,0.0,0.0,0.0
52423,443,6,617.0,164.0,517.0,0.0,88.1429,189.989,152.0,0.0,41.0,74.054,538064.0,1638923.956,5203688.0,4.0,5302220.0,887367.66,2146512.016,5265801.0,4.0,79846.0,26948.0,29840.794,59568.0,386.0,0,0,0,0,0.0,517.0,0,0,0,1,0,0,0,0,0.0,71.0,88.1429,41.0,0,0,0,0,0,0,7,617,4,164,29200,30,6,20,99573.0,0.0,99573.0,99573.0,5203615.0,0.0,5203685.0,5203615.0
59545,53,17,180.0,606.0,45.0,45.0,45.0,0.0,303.0,303.0,303.0,0.0,38127.8,63979.92,152898.0,4.0,51143.0,16714.33,51834.371,51137.0,4.0,4.0,4.0,0.0,4.0,4.0,0,0,0,0,45.0,303.0,0,0,0,0,0,0,0,0,0.0,127.8333,45.0,303.0,0,0,0,0,0,0,4,180,2,606,-1,-1,3,32,0.0,0.0,0.0,0.0,0.0,0.0,0.0,0.0
59957,443,6,1115.0,5832.0,825.0,0.0,59.3571,174.3117,1460.0,0.0,346.6,550.1924,2883976.91,4593344.161,10008592.0,3.0,115278115.0,5407346.71,4989321.606,10031878.0,3.0,110316860.0,5870828.44,5099789.893,10034436.0,17.0,0,0,0,0,0.0,1460.0,0,0,0,1,0,0,0,0,0.0,198.9221,59.3571,346.6,0,0,0,0,0,0,23,1115,20,5832,8192,5700,22,20,50727.63,24674.927,102414.0,29565.0,9590188.33,1345484.714,10008593.0,5001406.0
62131,53,17,46.0,133.0,46.0,46.0,46.0,0.0,133.0,133.0,133.0,0.0,33248.0,0.0,33248.0,33248.0,0.0,0.0,0.0,0.0,0.0,0.0,0.0,0.0,0.0,0.0,0,0,0,0,46.0,133.0,0,0,0,0,0,0,0,0,1.0,112.5,46.0,133.0,0,0,0,0,0,0,1,46,1,133,-1,-1,0,32,0.0,0.0,0.0,0.0,0.0,0.0,0.0,0.0
443,62074,6,12.0,0.0,6.0,6.0,6.0,0.0,0.0,0.0,0.0,0.0,133.0,0.0,133.0,133.0,133.0,133.0,0.0,133.0,133.0,0.0,0.0,0.0,0.0,0.0,0,0,0,0,6.0,6.0,0,0,0,0,1,0,0,0,0.0,9.0,6.0,0.0,0,0,0,0,0,0,2,12,0,0,23504,-1,1,20,0.0,0.0,0.0,0.0,0.0,0.0,0.0,0.0
50165,443,6,1110.0,10859.0,693.0,0.0,74.3333,196.8801,1460.0,0.0,651.9894,684.9066,3048624.35,13729888.766,91998977.0,2.0,90540604.0,6174485.88,19445260.302,91998975.0,4.0,319295.0,11433.75,26280.746,139032.0,2.0,0,0,0,0,0.0,1460.0,0,0,0,1,0,0,0,0,0.0,350.1848,74.3333,651.9894,0,0,0,0,0,0,15,1110,13,10859,65535,575,14,20,687870.0,0.0,687870.0,687870.0,91998951.0,0.0,91998971.0,91998951.0
57920,443,6,12.0,0.0,6.0,6.0,6.0,0.0,0.0,0.0,0.0,0.0,1.0,0.0,1.0,1.0,1.0,1.0,0.0,1.0,1.0,0.0,0.0,0.0,0.0,0.0,0,0,0,0,6.0,6.0,1,0,0,0,0,0,0,0,0.0,9.0,6.0,0.0,0,0,0,0,0,0,2,12,0,0,0,-1,1,20,0.0,0.0,0.0,0.0,0.0,0.0,0.0,0.0
51635,443,6,720.0,1295.0,469.0,0.0,72.0,147.7084,1157.0,0.0,259.0,505.5413,22034.64,35235.616,86428.0,49.0,286713.0,32739.55,46852.824,94985.0,46.0,186136.0,45306.0,8727.857,87121.0,218.0,0,0,0,0,0.0,1157.0,0,0,0,1,0,0,0,0,0.0,134.3333,72.0,259.0,0,0,0,0,0,0,10,720,5,1295,65535,114,5,32,0.0,0.0,0.0,0.0,0.0,0.0,0.0,0.0
61684,53,17,88.0,472.0,44.0,44.0,44.0,0.0,236.0,236.0,236.0,0.0,68.33,118.181,198.0,3.0,3.0,3.0,0.0,3.0,3.0,4.0,4.0,0.0,4.0,4.0,0,0,0,0,44.0,236.0,0,0,0,0,0,0,0,0,1.0,151.0,44.0,236.0,0,0,0,0,0,0,2,88,2,472,-1,-1,1,32,0.0,0.0,0.0,0.0,0.0,0.0,0.0,0.0
61282,443,6,779.0,6158.0,431.0,0.0,32.98,102.8117,1448.0,0.0,434.2727,588.0618,1863522.96,9912342.897,58684706.0,1.0,63713695.0,4265232.5,13521460.267,58684706.0,1.0,63096335.0,3891135.31,11275941.115,58749938.0,1.0,0,0,0,0,0.0,1448.0,0,0,0,1,0,0,0,0,0.0,216.9297,32.98,434.2727,0,0,0,0,0,0,25,779,17,6158,29200,114,7,32,1894645.0,1072232.6,1715158.0,248787.0,30246795.5,37338750.858,58684702.0,7589286.0
49602,443,6,0.0,0.0,0.0,0.0,0.0,0.0,0.0,0.0,0.0,0.0,188.0,0.0,188.0,188.0,188.0,188.0,0.0,188.0,188.0,0.0,0.0,0.0,0.0,0.0,0,0,0,0,0.0,0.0,0,0,0,0,1,0,0,0,0.0,0.0,0.0,0.0,0,0,0,0,0,0,2,0,0,0,475,-1,0,32,0.0,0.0,0.0,0.0,0.0,0.0,0.0,0.0
443,60414,6,37.0,0.0,37.0,0.0,18.5,26.163,0.0,0.0,0.0,0.0,3.0,0.0,3.0,3.0,3.0,3.0,0.0,3.0,3.0,0.0,0.0,0.0,0.0,0.0,1,0,0,0,0.0,37.0,0,1,0,0,1,0,0,0,0.0,37.0,18.5,0.0,0,0,0,0,0,0,2,37,0,0,120,-1,0,32,0.0,0.0,0.0,0.0,0.0,0.0,0.0,0.0
55752,53,17,86.0,118.0,43.0,43.0,43.0,0.0,59.0,59.0,59.0,0.0,49.33,71.014,131.0,3.0,3.0,3.0,0.0,3.0,3.0,4.0,4.0,0.0,4.0,4.0,0,0,0,0,43.0,59.0,0,0,0,0,0,0,0,0,1.0,61.75,43.0,59.0,0,0,0,0,0,0,2,86,2,118,-1,-1,1,20,0.0,0.0,0.0,0.0,0.0,0.0,0.0,0.0
49450,443,6,0.0,0.0,0.0,0.0,0.0,0.0,0.0,0.0,0.0,0.0,95693.5,126092.066,182354.0,3.0,3.0,3.0,0.0,3.0,3.0,0.0,0.0,0.0,0.0,0.0,0,0,0,0,0.0,0.0,0,0,0,0,1,1,0,0,0.0,0.0,0.0,0.0,0,0,0,0,0,0,2,0,1,0,245,380,0,32,0.0,0.0,0.0,0.0,0.0,0.0,0.0,0.0
60598,53,17,82.0,114.0,82.0,82.0,82.0,0.0,114.0,114.0,114.0,0.0,48616.0,0.0,48616.0,48616.0,0.0,0.0,0.0,0.0,0.0,0.0,0.0,0.0,0.0,0.0,0,0,0,0,82.0,114.0,0,0,0,0,0,0,0,0,1.0,139.0,82.0,114.0,0,0,0,0,0,0,1,82,1,114,-1,-1,0,32,0.0,0.0,0.0,0.0,0.0,0.0,0.0,0.0
61689,53,17,47.0,288.0,47.0,47.0,47.0,0.0,288.0,288.0,288.0,0.0,51866.0,0.0,51866.0,51866.0,0.0,0.0,0.0,0.0,0.0,0.0,0.0,0.0,0.0,0.0,0,0,0,0,47.0,288.0,0,0,0,0,0,0,0,0,1.0,191.0,47.0,288.0,0,0,0,0,0,0,1,47,1,288,-1,-1,0,20,0.0,0.0,0.0,0.0,0.0,0.0,0.0,0.0
443,60576,6,0.0,0.0,0.0,0.0,0.0,0.0,0.0,0.0,0.0,0.0,54.0,0.0,54.0,54.0,0.0,0.0,0.0,0.0,0.0,0.0,0.0,0.0,0.0,0.0,0,0,0,0,0.0,0.0,0,0,0,0,1,1,0,0,1.0,0.0,0.0,0.0,0,0,0,0,0,0,1,0,1,0,362,32832,0,32,0.0,0.0,0.0,0.0,0.0,0.0,0.0,0.0
60905,443,6,1116.0,3145.0,901.0,0.0,111.5,280.3919,1397.0,0.0,388.0,587.6813,6694.73,6735.85,23312.0,3.0,86362.0,9184.66,11676.77,25590.0,3.0,41842.0,10135.0,13996.305,27630.0,203.0,0,0,0,0,0.0,1397.0,0,0,0,1,0,0,0,0,0.0,234.9125,111.5,388.0,0,0,0,0,0,0,10,1116,6,3145,65535,32,5,32,0.0,0.0,0.0,0.0,0.0,0.0,0.0,0.0
49456,443,6,2432.0,9199.0,1913.0,0.0,102.0476,325.604,1831.0,0.0,439.5385,651.7617,2821034.72,4461816.719,10024983.0,2.0,116525726.0,5576554.0,4947617.424,10068016.0,3.0,111192775.0,6604523.52,4907909.708,10067226.0,280.0,0,0,0,0,0.0,1831.0,0,0,0,1,0,0,0,0,1.0,277.9797,102.0476,439.5385,0,0,0,0,0,0,29,2432,22,9199,29200,146,5,32,30830.81,115796.291,417685.0,49213.0,10020236.45,16083.063,10024986.0,9997049.0
46709,53,17,66.0,278.0,33.0,33.0,33.0,0.0,139.0,139.0,139.0,0.0,59.66,90.849,172.0,3.0,3.0,3.0,0.0,3.0,3.0,3.0,3.0,0.0,3.0,3.0,0,0,0,0,33.0,139.0,0,0,0,0,0,0,0,0,1.0,94.25,33.0,139.0,0,0,0,0,0,0,2,66,2,278,-1,-1,1,20,0.0,0.0,0.0,0.0,0.0,0.0,0.0,0.0
60364,53,17,152.0,327.0,51.0,51.0,51.0,1.4142,107.0,178.0,163.5,16.2465,35703209.66,67118923.259,117007765.0,43539.0,117098822.0,117098822.0,0.0,117098822.0,117098822.0,117068838.0,117068838.0,0.0,117068838.0,117068838.0,0,0,0,0,51.0,107.0,0,0,0,0,0,0,0,0,1.0,129.25,51.0,163.5,0,0,0,0,0,0,2,152,2,327,-1,-1,1,20,61735.0,0.0,61735.0,61735.0,117007711.0,0.0,117007761.0,117007711.0
59879,80,6,12.0,0.0,6.0,6.0,6.0,0.0,0.0,0.0,0.0,0.0,183.0,0.0,183.0,183.0,183.0,183.0,0.0,183.0,183.0,0.0,0.0,0.0,0.0,0.0,0,0,0,0,6.0,6.0,0,0,0,0,1,0,0,0,0.0,9.0,6.0,0.0,0,0,0,0,0,0,2,12,0,0,256,-1,1,20,0.0,0.0,0.0,0.0,0.0,0.0,0.0,0.0
65185,80,6,12.0,0.0,6.0,6.0,6.0,0.0,0.0,0.0,0.0,0.0,68.0,0.0,68.0,68.0,68.0,68.0,0.0,68.0,68.0,0.0,0.0,0.0,0.0,0.0,0,0,0,0,6.0,6.0,0,0,0,0,1,0,0,0,0.0,9.0,6.0,0.0,0,0,0,0,0,0,2,12,0,0,16210,-1,1,20,0.0,0.0,0.0,0.0,0.0,0.0,0.0,0.0
55804,443,6,985.0,4374.0,433.0,0.0,69.0833,131.9607,1448.0,0.0,597.1429,649.1281,14017.8,21427.718,60891.0,1.0,300055.0,24805.61,32532.074,60897.0,1.0,244765.0,36492.33,40237.314,112361.0,54.0,0,0,0,0,0.0,1448.0,0,0,0,1,0,0,0,0,0.0,253.65,69.0833,597.1429,0,0,0,0,0,0,12,985,7,4374,65535,122,6,32,0.0,0.0,0.0,0.0,0.0,0.0,0.0,0.0
56162,443,6,0.0,0.0,0.0,0.0,0.0,0.0,0.0,0.0,0.0,0.0,26015.0,38547.58,52035.0,1.0,1.0,1.0,0.0,1.0,1.0,0.0,0.0,0.0,0.0,0.0,0,0,0,0,0.0,0.0,0,0,0,0,1,1,0,0,0.0,0.0,0.0,0.0,0,0,0,0,0,0,2,0,1,0,32832,357,0,32,0.0,0.0,0.0,0.0,0.0,0.0,0.0,0.0
3310,22,6,6.0,6.0,6.0,6.0,6.0,0.0,6.0,6.0,6.0,0.0,163.0,0.0,163.0,163.0,0.0,0.0,0.0,0.0,0.0,0.0,0.0,0.0,0.0,0.0,0,0,0,0,6.0,6.0,0,0,0,0,1,1,0,0,1.0,9.0,6.0,6.0,0,0,0,0,0,0,1,6,1,6,256,245,0,20,0.0,0.0,0.0,0.0,0.0,0.0,0.0,0.0
52899,53,17,76.0,108.0,38.0,38.0,38.0,0.0,54.0,54.0,54.0,0.0,10361.0,17904.319,31084.0,3.0,3.0,3.0,0.0,3.0,3.0,4.0,4.0,0.0,4.0,4.0,0,0,0,0,38.0,54.0,0,0,0,0,0,0,0,0,1.0,55.5,38.0,54.0,0,0,0,0,0,0,2,76,2,108,-1,-1,1,32,0.0,0.0,0.0,0.0,0.0,0.0,0.0,0.0
39338,53,17,102.0,134.0,51.0,51.0,51.0,0.0,67.0,67.0,67.0,0.0,47.66,72.545,137.0,3.0,3.0,3.0,0.0,3.0,3.0,3.0,3.0,0.0,3.0,3.0,0,0,0,0,51.0,67.0,0,0,0,0,0,0,0,0,1.0,71.75,51.0,67.0,0,0,0,0,0,0,2,102,2,134,-1,-1,1,20,0.0,0.0,0.0,0.0,0.0,0.0,0.0,0.0
35578,443,6,588.0,3877.0,192.0,0.0,43.7778,72.8624,3555.0,0.0,374.0,1688.19,4128664.92,15901126.941,58808439.0,1.0,117583048.0,8483863.12,22206154.174,58808432.0,18.0,117405363.0,9700310.66,22818204.063,58904319.0,1.0,0,0,0,0,0.0,3555.0,0,0,0,1,0,0,0,0,0.0,182.1718,43.7778,374.0,0,0,0,0,0,0,18,588,12,3877,29200,349,10,32,202193.5,152617.982,355647.0,35721.0,58571659.5,105722.545,58808430.0,58214197.0
60507,53,17,53.0,567.0,53.0,53.0,53.0,0.0,567.0,67.0,167.0,217.311,31715.0,0.0,31715.0,31715.0,0.0,0.0,0.0,0.0,0.0,0.0,0.0,0.0,0.0,0.0,0,0,0,0,53.0,267.0,0,0,0,0,0,0,0,0,1.0,136.5,53.0,167.0,0,0,0,0,0,0,1,53,1,567,-1,-1,0,32,0.0,0.0,0.0,0.0,0.0,0.0,0.0,0.0
49242,443,6,43.0,0.0,31.0,6.0,14.3333,14.4338,0.0,0.0,0.0,0.0,45.0,1.414,43.0,47.0,90.0,45.0,1.414,43.0,47.0,0.0,0.0,0.0,0.0,0.0,0,0,0,0,6.0,31.0,0,0,0,0,1,0,0,0,0.0,16.3333,14.3333,0.0,0,0,0,0,0,0,3,43,0,0,16424,-1,2,20,0.0,0.0,0.0,0.0,0.0,0.0,0.0,0.0
443,60040,6,0.0,0.0,0.0,0.0,0.0,0.0,0.0,0.0,0.0,0.0,94.0,0.0,94.0,94.0,0.0,0.0,0.0,0.0,0.0,0.0,0.0,0.0,0.0,0.0,0,0,0,0,0.0,0.0,0,0,0,0,1,1,0,0,1.0,0.0,0.0,0.0,0,0,0,0,0,0,1,0,1,0,362,32832,0,32,0.0,0.0,0.0,0.0,0.0,0.0,0.0,0.0
61549,443,6,673.0,5711.0,517.0,0.0,109.1667,204.5736,4324.0,0.0,1123.5,1359.1268,30891.55,65435.873,168065.0,98.0,384282.0,66327.4,77259.171,167065.0,195.0,316584.0,45650.8,76843.552,111298.0,218.0,0,0,0,0,0.0,4324.0,0,0,0,1,0,0,0,0,1.0,658.3114,109.1667,1123.5,0,0,0,0,0,0,6,673,6,5711,8192,237,5,20,0.0,0.0,0.0,0.0,0.0,0.0,0.0,0.0
53062,443,6,617.0,164.0,517.0,0.0,88.1429,189.989,152.0,0.0,41.0,74.054,554503.9,1706708.419,5423401.0,3.0,5524705.0,902571.83,2247121.523,5580606.0,3.0,86151.0,28057.66,30188.466,59855.0,492.0,0,0,0,0,0.0,517.0,0,0,0,1,0,0,0,0,0.0,71.0,88.1429,41.0,0,0,0,0,0,0,7,617,4,164,29200,30,6,20,99426.0,0.0,99426.0,99426.0,5423486.0,0.0,5423406.0,5423486.0
50322,53,17,132.0,134.0,33.0,33.0,33.0,0.0,67.0,67.0,67.0,0.0,12229.6,16790.425,32956.0,3.0,32995.0,10998.66,18414.938,32996.0,3.0,4.0,4.0,0.0,4.0,4.0,0,0,0,0,33.0,67.0,0,0,0,0,0,0,0,0,0.0,43.5,33.0,67.0,0,0,0,0,0,0,4,132,2,134,-1,-1,3,20,0.0,0.0,0.0,0.0,0.0,0.0,0.0,0.0
8410,443,6,12.0,0.0,6.0,6.0,6.0,0.0,0.0,0.0,0.0,0.0,4495.0,0.0,4495.0,4495.0,4495.0,4495.0,0.0,4495.0,4495.0,0.0,0.0,0.0,0.0,0.0,0,0,0,0,6.0,6.0,0,0,0,0,1,0,0,0,0.0,9.0,6.0,0.0,0,0,0,0,0,0,2,12,0,0,63860,-1,1,20,0.0,0.0,0.0,0.0,0.0,0.0,0.0,0.0
61255,53,17,44.0,60.0,44.0,44.0,44.0,0.0,60.0,60.0,60.0,0.0,31332.0,0.0,31332.0,31332.0,0.0,0.0,0.0,0.0,0.0,0.0,0.0,0.0,0.0,0.0,0,0,0,0,44.0,60.0,0,0,0,0,0,0,0,0,1.0,74.0,44.0,60.0,0,0,0,0,0,0,1,44,1,60,-1,-1,0,20,0.0,0.0,0.0,0.0,0.0,0.0,0.0,0.0
80,51753,6,6.0,6.0,6.0,6.0,6.0,0.0,6.0,6.0,6.0,0.0,37.0,0.0,37.0,37.0,0.0,0.0,0.0,0.0,0.0,0.0,0.0,0.0,0.0,0.0,0,0,0,0,6.0,6.0,0,0,0,0,1,1,0,0,1.0,9.0,6.0,6.0,0,0,0,0,0,0,1,6,1,6,343,258,0,20,0.0,0.0,0.0,0.0,0.0,0.0,0.0,0.0
50737,443,6,617.0,164.0,517.0,0.0,88.1429,189.989,152.0,0.0,41.0,74.054,559627.2,1700157.746,5384920.0,3.0,5433046.0,922222.0,2120667.34,5489000.0,3.0,80625.0,26848.0,29602.442,59476.0,204.0,0,0,0,0,0.0,517.0,0,0,0,1,0,0,0,0,0.0,71.0,88.1429,41.0,0,0,0,0,0,0,7,617,4,164,29200,30,6,20,99745.0,0.0,99745.0,99745.0,5384977.0,0.0,5384957.0,5384977.0
55088,80,6,434.0,1962.0,434.0,0.0,43.4286,148.9122,1962.0,0.0,130.7778,524.3506,3722168.68,4883630.4,10186856.0,44.0,91109313.0,7377640.0,4732903.98,10240017.0,50.0,96307724.0,8140931.38,4283277.62,10240249.0,3090.0,0,0,0,0,0.0,1962.0,0,0,0,1,0,0,0,0,0.0,81.1375,43.4286,130.7778,0,0,0,0,0,0,14,434,13,1962,29200,939,1,32,841593.72,1208925.937,4094046.0,32463.0,10198454.57,58361.729,10186859.0,10150759.0
22983,53,17,64.0,96.0,32.0,32.0,32.0,0.0,48.0,48.0,48.0,0.0,53.66,81.223,155.0,1.0,3.0,3.0,0.0,3.0,3.0,1.0,1.0,0.0,1.0,1.0,0,0,0,0,32.0,48.0,0,0,0,0,0,0,0,0,1.0,48.0,32.0,48.0,0,0,0,0,0,0,2,64,2,96,-1,-1,1,32,0.0,0.0,0.0,0.0,0.0,0.0,0.0,0.0
51044,53,17,64.0,204.0,32.0,32.0,32.0,0.0,102.0,102.0,102.0,0.0,118.33,196.717,350.0,1.0,1.0,1.0,0.0,1.0,1.0,1.0,1.0,0.0,1.0,1.0,0,0,0,0,32.0,102.0,0,0,0,0,0,0,0,0,1.0,75.0,32.0,102.0,0,0,0,0,0,0,2,64,2,204,-1,-1,1,20,0.0,0.0,0.0,0.0,0.0,0.0,0.0,0.0
58636,443,6,1202.0,5543.0,901.0,0.0,96.2,246.2487,1460.0,0.0,505.1,645.573,3986.92,6655.958,15248.0,1.0,61404.0,7317.63,6053.915,20468.0,1.0,46559.0,5802.57,7717.678,18159.0,2.0,0,0,0,0,0.0,1460.0,0,0,0,1,0,0,0,0,0.0,270.7706,96.2,505.1,0,0,0,0,0,0,10,1202,8,5543,65535,5882,9,20,0.0,0.0,0.0,0.0,0.0,0.0,0.0,0.0
49836,80,6,863.0,3176.0,433.0,0.0,54.4375,149.3633,774.0,0.0,235.7692,475.0146,3414204.47,4783579.802,10007700.0,111.0,117463305.0,6490045.57,4722005.141,10031756.0,23551.0,112433339.0,7691942.92,4131237.068,10033934.0,1466.0,0,0,0,0,0.0,774.0,0,0,0,1,0,0,0,0,0.0,133.3846,54.4375,235.7692,0,0,0,0,0,0,16,863,17,3176,8192,280,15,20,204999.09,589256.989,1955123.0,23594.0,9998952.81,85591.787,10007700.0,9999597.0
59715,443,6,1268.0,5233.0,901.0,0.0,91.4545,241.7497,1397.0,0.0,317.3636,580.9409,3982.2,5132.668,15189.0,1.0,64986.0,3385.6,8056.256,28321.0,1.0,41062.0,3958.4,6707.972,18684.0,2.0,0,0,0,0,0.0,1397.0,0,0,0,1,0,0,0,0,0.0,199.9444,91.4545,317.3636,0,0,0,0,0,0,11,1268,11,5233,65535,32,10,20,0.0,0.0,0.0,0.0,0.0,0.0,0.0,0.0
36883,53,17,90.0,164.0,45.0,45.0,45.0,0.0,82.0,82.0,82.0,0.0,128.66,186.195,383.0,1.0,1.0,1.0,0.0,1.0,1.0,1.0,1.0,0.0,1.0,1.0,0,0,0,0,45.0,82.0,0,0,0,0,0,0,0,0,1.0,74.75,45.0,82.0,0,0,0,0,0,0,2,90,2,164,-1,-1,1,20,0.0,0.0,0.0,0.0,0.0,0.0,0.0,0.0
33996,80,6,422.0,2266.0,422.0,0.0,142.0,240.7738,2266.0,0.0,566.5,1133.0,10896.75,14006.224,22705.0,5.0,22980.0,11490.0,18227.285,22405.0,2162.0,22536.0,8148.33,17225.741,22615.0,5.0,0,0,0,0,0.0,2266.0,0,0,0,1,0,0,0,0,1.0,384.1429,142.0,566.5,0,0,0,0,0,0,3,422,4,2266,29200,235,1,32,0.0,0.0,0.0,0.0,0.0,0.0,0.0,0.0
62439,53,17,64.0,117.0,64.0,64.0,64.0,0.0,117.0,117.0,117.0,0.0,48324.0,0.0,48324.0,48324.0,0.0,0.0,0.0,0.0,0.0,0.0,0.0,0.0,0.0,0.0,0,0,0,0,64.0,117.0,0,0,0,0,0,0,0,0,1.0,122.5,64.0,117.0,0,0,0,0,0,0,1,64,1,117,-1,-1,0,20,0.0,0.0,0.0,0.0,0.0,0.0,0.0,0.0
39574,443,6,12.0,0.0,6.0,6.0,6.0,0.0,0.0,0.0,0.0,0.0,4.0,0.0,4.0,4.0,4.0,4.0,0.0,4.0,4.0,0.0,0.0,0.0,0.0,0.0,0,0,0,0,6.0,6.0,1,0,0,0,0,0,0,0,0.0,9.0,6.0,0.0,0,0,0,0,0,0,2,12,0,0,0,-1,1,20,0.0,0.0,0.0,0.0,0.0,0.0,0.0,0.0
61687,53,17,93.0,171.0,48.0,45.0,46.5,2.1213,93.0,98.0,95.5,7.1914,24762785.33,47974433.557,83159487.0,51373.0,83110135.0,83110135.0,0.0,83110135.0,83110135.0,83110986.0,83110986.0,0.0,83110986.0,83110986.0,0,0,0,0,45.0,93.0,0,0,0,0,0,0,0,0,1.0,80.0,46.5,95.5,0,0,0,0,0,0,2,93,2,171,-1,-1,1,20,30371.0,0.0,30371.0,30371.0,83159411.0,0.0,83159481.0,83159411.0
51162,443,6,0.0,0.0,0.0,0.0,0.0,0.0,0.0,0.0,0.0,0.0,31307.0,0.0,31307.0,31307.0,0.0,0.0,0.0,0.0,0.0,0.0,0.0,0.0,0.0,0.0,0,0,0,0,0.0,0.0,0,0,0,0,1,0,0,0,1.0,0.0,0.0,0.0,0,0,0,0,0,0,1,0,1,0,32832,357,0,32,0.0,0.0,0.0,0.0,0.0,0.0,0.0,0.0
80,57370,6,12.0,0.0,6.0,6.0,6.0,0.0,0.0,0.0,0.0,0.0,3.0,0.0,3.0,3.0,3.0,3.0,0.0,3.0,3.0,0.0,0.0,0.0,0.0,0.0,0,0,0,0,6.0,6.0,0,0,0,0,1,0,0,0,0.0,9.0,6.0,0.0,0,0,0,0,0,0,2,12,0,0,913,-1,1,20,0.0,0.0,0.0,0.0,0.0,0.0,0.0,0.0
443,55741,6,37.0,0.0,31.0,6.0,18.5,17.6777,0.0,0.0,0.0,0.0,3.0,0.0,3.0,3.0,3.0,3.0,0.0,3.0,3.0,0.0,0.0,0.0,0.0,0.0,1,0,0,0,6.0,31.0,0,1,0,0,1,0,0,0,0.0,34.0,18.5,0.0,0,0,0,0,0,0,2,37,0,0,110,-1,1,20,0.0,0.0,0.0,0.0,0.0,0.0,0.0,0.0
59531,53,17,100.0,376.0,50.0,50.0,50.0,0.0,188.0,188.0,188.0,0.0,62.33,62.095,134.0,4.0,4.0,4.0,0.0,4.0,4.0,48.0,48.0,0.0,48.0,48.0,0,0,0,0,50.0,188.0,0,0,0,0,0,0,0,0,1.0,139.5,50.0,188.0,0,0,0,0,0,0,2,100,2,376,-1,-1,1,20,0.0,0.0,0.0,0.0,0.0,0.0,0.0,0.0
61321,53,17,85.0,405.0,46.0,39.0,42.5,7.7782,381.0,130.0,232.5,158.8909,19457891.33,33465880.91,59177206.0,23990.0,59258400.0,59258400.0,0.0,59258400.0,59258400.0,59156949.0,59146949.0,0.0,59156949.0,59156949.0,0,0,0,0,39.0,381.0,0,0,0,0,0,0,0,0,1.0,155.75,42.5,232.5,0,0,0,0,0,0,2,85,2,405,-1,-1,1,32,60326.0,0.0,60326.0,60326.0,59177289.0,0.0,59177289.0,59177289.0
60057,53,17,64.0,130.0,64.0,64.0,64.0,0.0,130.0,130.0,130.0,0.0,46339.0,0.0,46339.0,46339.0,0.0,0.0,0.0,0.0,0.0,0.0,0.0,0.0,0.0,0.0,0,0,0,0,64.0,130.0,0,0,0,0,0,0,0,0,1.0,139.0,64.0,130.0,0,0,0,0,0,0,1,64,1,130,-1,-1,0,20,0.0,0.0,0.0,0.0,0.0,0.0,0.0,0.0
57053,53,17,100.0,264.0,50.0,50.0,50.0,0.0,132.0,132.0,132.0,0.0,52.33,88.515,150.0,3.0,3.0,3.0,0.0,3.0,3.0,4.0,4.0,0.0,4.0,4.0,0,0,0,0,50.0,132.0,0,0,0,0,0,0,0,0,1.0,96.5,50.0,132.0,0,0,0,0,0,0,2,100,2,264,-1,-1,1,20,0.0,0.0,0.0,0.0,0.0,0.0,0.0,0.0
61972,53,17,43.0,199.0,43.0,43.0,43.0,0.0,199.0,199.0,199.0,0.0,30870.0,0.0,30870.0,30870.0,0.0,0.0,0.0,0.0,0.0,0.0,0.0,0.0,0.0,0.0,0,0,0,0,43.0,199.0,0,0,0,0,0,0,0,0,1.0,142.5,43.0,199.0,0,0,0,0,0,0,1,43,1,199,-1,-1,0,20,0.0,0.0,0.0,0.0,0.0,0.0,0.0,0.0
443,63616,6,37.0,0.0,31.0,6.0,18.5,17.6777,0.0,0.0,0.0,0.0,3.0,0.0,3.0,3.0,3.0,3.0,0.0,3.0,3.0,0.0,0.0,0.0,0.0,0.0,1,0,0,0,6.0,31.0,0,1,0,0,1,0,0,0,0.0,34.0,18.5,0.0,0,0,0,0,0,0,2,37,0,0,114,-1,1,20,0.0,0.0,0.0,0.0,0.0,0.0,0.0,0.0
60052,53,17,68.0,100.0,34.0,34.0,34.0,0.0,50.0,50.0,50.0,0.0,66.33,39.716,103.0,48.0,48.0,48.0,0.0,48.0,48.0,48.0,48.0,0.0,48.0,48.0,0,0,0,0,34.0,50.0,0,0,0,0,0,0,0,0,1.0,50.5,34.0,50.0,0,0,0,0,0,0,2,68,2,100,-1,-1,1,20,0.0,0.0,0.0,0.0,0.0,0.0,0.0,0.0
62334,443,6,1506.0,68237.0,1362.0,0.0,61.45,278.8822,4430.0,0.0,1263.1176,1083.8441,5276.49,21093.947,125744.0,1.0,348390.0,14671.56,48224.547,125700.0,1.0,267357.0,1895.18,24916.97,86257.0,2.0,0,0,0,0,0.0,4430.0,0,0,0,1,0,0,0,0,1.0,633.6712,61.45,1263.1176,0,0,0,0,0,0,30,1506,48,68237,65535,362,29,20,0.0,0.0,0.0,0.0,0.0,0.0,0.0,0.0
22570,53,17,82.0,254.0,41.0,41.0,41.0,0.0,127.0,127.0,127.0,0.0,10295.33,17826.963,30837.0,3.0,3.0,3.0,0.0,3.0,3.0,4.0,4.0,0.0,4.0,4.0,0,0,0,0,41.0,127.0,0,0,0,0,0,0,0,0,1.0,94.25,41.0,127.0,0,0,0,0,0,0,2,82,2,254,-1,-1,1,32,0.0,0.0,0.0,0.0,0.0,0.0,0.0,0.0
60128,443,6,720.0,1295.0,469.0,0.0,72.0,147.7084,1157.0,0.0,259.0,505.5413,19220.07,36673.858,86739.0,3.0,277509.0,30952.55,44267.241,84359.0,3.0,187488.0,46237.5,49868.075,88428.0,663.0,0,0,0,0,0.0,1157.0,0,0,0,1,0,0,0,0,0.0,134.3333,72.0,259.0,0,0,0,0,0,0,10,720,5,1295,65535,114,5,32,0.0,0.0,0.0,0.0,0.0,0.0,0.0,0.0
62186,53,17,48.0,80.0,48.0,48.0,48.0,0.0,80.0,80.0,80.0,0.0,159965.0,0.0,159965.0,159965.0,0.0,0.0,0.0,0.0,0.0,0.0,0.0,0.0,0.0,0.0,0,0,0,0,48.0,80.0,0,0,0,0,0,0,0,0,1.0,88.0,48.0,80.0,0,0,0,0,0,0,1,48,1,80,-1,-1,0,20,0.0,0.0,0.0,0.0,0.0,0.0,0.0,0.0
53391,443,6,1007.0,7237.0,469.0,0.0,67.5195,149.8734,1418.0,0.0,689.7647,716.6303,11176.43,20031.542,72845.0,0.0,275861.0,17907.09,28795.929,113849.0,0.0,222144.0,25540.25,39929.562,79748.0,48.0,0,0,0,0,0.0,1418.0,0,0,0,1,0,0,0,0,0.0,327.4619,67.5195,689.7647,0,0,0,0,0,0,13,1007,14,7237,65535,349,6,32,0.0,0.0,0.0,0.0,0.0,0.0,0.0,0.0
43619,22,6,2664.0,6954.0,456.0,0.0,64.9756,109.8646,976.0,0.0,160.0455,312.2562,15440.27,104612.035,958489.0,0.0,1254208.0,38975.0,159422.388,996248.0,3.0,310899.0,217.58,14423.785,104368.0,0.0,0,0,0,0,0.0,976.0,0,0,0,1,0,0,0,0,1.0,115.1529,64.9756,160.0455,0,0,0,0,0,0,41,2664,44,6954,29200,243,24,32,0.0,0.0,0.0,0.0,0.0,0.0,0.0,0.0
80,59007,6,6.0,6.0,6.0,6.0,6.0,0.0,6.0,6.0,6.0,0.0,19.0,0.0,19.0,19.0,0.0,0.0,0.0,0.0,0.0,0.0,0.0,0.0,0.0,0.0,0,0,0,0,6.0,6.0,0,0,0,0,1,1,0,0,1.0,9.0,6.0,6.0,0,0,0,0,0,0,1,6,1,6,58,256,0,20,0.0,0.0,0.0,0.0,0.0,0.0,0.0,0.0
443,56676,6,6.0,6.0,6.0,0.0,3.0,4.2426,6.0,6.0,6.0,0.0,45724.0,0.0,45724.0,45724.0,45724.0,45724.0,0.0,45724.0,45724.0,0.0,0.0,0.0,0.0,0.0,0,0,0,0,0.0,6.0,0,0,0,0,1,0,0,0,0.0,6.0,3.0,6.0,0,0,0,0,0,0,2,6,1,6,11029,64209,0,20,0.0,0.0,0.0,0.0,0.0,0.0,0.0,0.0
80,42744,6,0.0,0.0,0.0,0.0,0.0,0.0,0.0,0.0,0.0,0.0,57.0,0.0,57.0,57.0,0.0,0.0,0.0,0.0,0.0,0.0,0.0,0.0,0.0,0.0,0,0,0,0,0.0,0.0,0,0,0,0,1,1,0,0,1.0,0.0,0.0,0.0,0,0,0,0,0,0,1,0,1,0,939,253,0,32,0.0,0.0,0.0,0.0,0.0,0.0,0.0,0.0
80,55869,6,0.0,0.0,0.0,0.0,0.0,0.0,0.0,0.0,0.0,0.0,499.0,0.0,499.0,499.0,0.0,0.0,0.0,0.0,0.0,0.0,0.0,0.0,0.0,0.0,0,0,0,0,0.0,0.0,0,0,0,0,1,1,0,0,1.0,0.0,0.0,0.0,0,0,0,0,0,0,1,0,1,0,61,33304,0,32,0.0,0.0,0.0,0.0,0.0,0.0,0.0,0.0
61330,53,17,45.0,116.0,45.0,45.0,45.0,0.0,116.0,116.0,116.0,0.0,47673.0,0.0,47673.0,47673.0,0.0,0.0,0.0,0.0,0.0,0.0,0.0,0.0,0.0,0.0,0,0,0,0,45.0,116.0,0,0,0,0,0,0,0,0,1.0,103.0,45.0,116.0,0,0,0,0,0,0,1,45,1,116,-1,-1,0,32,0.0,0.0,0.0,0.0,0.0,0.0,0.0,0.0
137,137,17,650.0,0.0,50.0,50.0,50.0,0.0,0.0,0.0,0.0,0.0,1.66,1.449,8.0,1.0,19.0,1.58,1.514,8.0,1.0,0.0,0.0,0.0,0.0,0.0,0,0,0,0,50.0,50.0,0,0,0,0,0,0,0,0,0.0,53.8462,50.0,0.0,0,0,0,0,0,0,13,650,0,0,-1,-1,12,32,0.0,0.0,0.0,0.0,0.0,0.0,0.0,0.0
60188,53,17,91.0,185.0,91.0,91.0,91.0,0.0,185.0,185.0,185.0,0.0,48476.0,0.0,48476.0,48476.0,0.0,0.0,0.0,0.0,0.0,0.0,0.0,0.0,0.0,0.0,0,0,0,0,91.0,185.0,0,0,0,0,0,0,0,0,1.0,183.5,91.0,185.0,0,0,0,0,0,0,1,91,1,185,-1,-1,0,20,0.0,0.0,0.0,0.0,0.0,0.0,0.0,0.0
57895,53,17,68.0,276.0,34.0,34.0,34.0,0.0,138.0,138.0,138.0,0.0,79.0,31.855,135.0,48.0,47.0,47.0,0.0,47.0,47.0,48.0,48.0,0.0,48.0,48.0,0,0,0,0,34.0,138.0,0,0,0,0,0,0,0,0,1.0,94.5,34.0,138.0,0,0,0,0,0,0,2,68,2,276,-1,-1,1,32,0.0,0.0,0.0,0.0,0.0,0.0,0.0,0.0
443,62997,6,0.0,0.0,0.0,0.0,0.0,0.0,0.0,0.0,0.0,0.0,49.0,0.0,49.0,49.0,0.0,0.0,0.0,0.0,0.0,0.0,0.0,0.0,0.0,0.0,0,0,0,0,0.0,0.0,0,0,0,0,1,1,0,0,1.0,0.0,0.0,0.0,0,0,0,0,0,0,1,0,1,0,349,32832,0,32,0.0,0.0,0.0,0.0,0.0,0.0,0.0,0.0
443,54764,6,0.0,0.0,0.0,0.0,0.0,0.0,0.0,0.0,0.0,0.0,3.0,0.0,3.0,3.0,3.0,3.0,0.0,3.0,3.0,0.0,0.0,0.0,0.0,0.0,0,0,0,0,0.0,0.0,0,0,0,0,1,0,0,0,0.0,0.0,0.0,0.0,0,0,0,0,0,0,2,0,0,0,383,-1,0,32,0.0,0.0,0.0,0.0,0.0,0.0,0.0,0.0
80,64637,6,6.0,6.0,6.0,6.0,6.0,0.0,6.0,6.0,6.0,0.0,29.0,0.0,29.0,29.0,0.0,0.0,0.0,0.0,0.0,0.0,0.0,0.0,0.0,0.0,0,0,0,0,6.0,6.0,0,0,0,0,1,1,0,0,1.0,9.0,6.0,6.0,0,0,0,0,0,0,1,6,1,6,229,256,0,20,0.0,0.0,0.0,0.0,0.0,0.0,0.0,0.0
443,50344,6,6.0,6.0,6.0,6.0,6.0,0.0,6.0,6.0,6.0,0.0,70.0,0.0,70.0,70.0,0.0,0.0,0.0,0.0,0.0,0.0,0.0,0.0,0.0,0.0,0,0,0,0,6.0,6.0,0,0,0,0,1,1,0,0,1.0,9.0,6.0,6.0,0,0,0,0,0,0,1,6,1,6,32,32850,0,20,0.0,0.0,0.0,0.0,0.0,0.0,0.0,0.0
59764,443,6,400.0,3764.0,229.0,0.0,50.0,95.3238,1460.0,0.0,630.5,677.5771,450263.0,1488051.256,5293742.0,2.0,5512418.0,701013.0,1902979.87,5293742.0,3.0,189140.0,36368.5,56405.454,93357.0,46.0,0,0,0,0,0.0,1460.0,0,0,0,1,0,0,0,0,0.0,272.3571,50.0,630.5,0,0,0,0,0,0,8,400,6,3764,8192,110,7,20,203753.0,0.0,203753.0,203753.0,5293723.0,0.0,5293723.0,5293723.0
52583,443,6,1811.0,6058.0,1448.0,0.0,145.675,382.7026,1448.0,0.0,632.5455,616.6612,10794.44,15246.159,43482.0,0.0,212495.0,12679.57,16826.322,46351.0,0.0,178679.0,16147.1,22853.307,63147.0,48.0,0,0,0,0,0.0,1448.0,0,0,0,1,0,0,0,0,0.0,377.7,145.675,632.5455,0,0,0,0,0,0,16,1811,9,6058,65535,1083,7,32,0.0,0.0,0.0,0.0,0.0,0.0,0.0,0.0
56953,53,17,152.0,630.0,38.0,38.0,38.0,0.0,165.0,165.0,165.0,0.0,3537.0,11451.651,36874.0,3.0,36795.0,12265.0,21345.715,36684.0,3.0,1683.0,877.33,3216.689,1689.0,3.0,0,0,0,0,38.0,165.0,0,0,0,0,0,0,0,0,1.0,105.75,38.0,165.0,0,0,0,0,0,0,4,152,4,630,-1,-1,3,20,0.0,0.0,0.0,0.0,0.0,0.0,0.0,0.0
17663,53,17,76.0,172.0,38.0,38.0,38.0,0.0,86.0,86.0,86.0,0.0,60.33,95.845,175.0,3.0,3.0,3.0,0.0,3.0,3.0,4.0,4.0,0.0,4.0,4.0,0,0,0,0,38.0,86.0,0,0,0,0,0,0,0,0,1.0,71.5,38.0,86.0,0,0,0,0,0,0,2,76,2,172,-1,-1,1,20,0.0,0.0,0.0,0.0,0.0,0.0,0.0,0.0
54655,443,6,834.0,4720.0,453.0,0.0,98.7143,155.5555,1701.0,0.0,470.0,648.7834,141725.09,403814.57,1984756.0,1.0,2043461.0,255886.16,651499.469,1984756.0,97.0,2963637.0,272107.11,640446.341,1997997.0,1.0,0,0,0,0,0.0,1701.0,0,0,0,1,0,0,0,0,0.0,296.8667,98.7143,470.0,0,0,0,0,0,0,7,834,9,4720,29200,12572,4,32,0.0,0.0,0.0,0.0,0.0,0.0,0.0,0.0
51852,443,6,1082.0,525.0,981.0,0.0,127.75,309.1247,453.0,0.0,105.0,199.5755,8491.07,11607.641,30215.0,48.0,102518.0,11402.55,15682.921,31802.0,48.0,41260.0,10590.0,14452.152,30358.0,412.0,0,0,0,0,0.0,981.0,0,0,0,1,0,0,0,0,0.0,111.9333,127.75,105.0,0,0,0,0,0,0,12,1082,5,525,65535,32,5,32,0.0,0.0,0.0,0.0,0.0,0.0,0.0,0.0
47129,80,6,1452.0,2165.0,434.0,0.0,63.2727,167.9266,796.0,0.0,188.8125,329.9284,3317252.81,4757577.211,10211088.0,47.0,119621138.0,6163458.15,4941519.31,10240019.0,36505.0,114691775.0,7342372.33,4512956.778,10240206.0,92830.0,0,0,0,0,0.0,796.0,0,0,0,1,0,0,0,0,0.0,120.9143,63.2727,188.8125,0,0,0,0,0,0,21,1452,16,2165,29200,292,4,32,546308.9,1051531.581,4681457.0,23037.0,10199473.36,75972.623,10211080.0,10197857.0
62563,53,17,93.0,173.0,93.0,93.0,93.0,0.0,173.0,173.0,173.0,0.0,30467.0,0.0,30467.0,30467.0,0.0,0.0,0.0,0.0,0.0,0.0,0.0,0.0,0.0,0.0,0,0,0,0,93.0,173.0,0,0,0,0,0,0,0,0,1.0,189.5,93.0,173.0,0,0,0,0,0,0,1,93,1,173,-1,-1,0,20,0.0,0.0,0.0,0.0,0.0,0.0,0.0,0.0
80,44793,6,0.0,0.0,0.0,0.0,0.0,0.0,0.0,0.0,0.0,0.0,52.0,0.0,52.0,52.0,0.0,0.0,0.0,0.0,0.0,0.0,0.0,0.0,0.0,0.0,0,0,0,0,0.0,0.0,0,0,0,0,1,1,0,0,1.0,0.0,0.0,0.0,0,0,0,0,0,0,1,0,1,0,905,329,0,32,0.0,0.0,0.0,0.0,0.0,0.0,0.0,0.0
48540,443,6,356.0,3782.0,212.0,0.0,59.3333,89.2248,1460.0,0.0,630.3333,677.2171,24093.54,39603.823,85059.0,7.0,262310.0,52280.0,46896.74,88667.0,149.0,178032.0,35502.4,46064.136,89660.0,48.0,0,0,0,0,0.0,1460.0,0,0,0,1,0,0,0,0,1.0,344.8333,59.3333,630.3333,0,0,0,0,0,0,6,356,6,3782,29200,60,5,20,0.0,0.0,0.0,0.0,0.0,0.0,0.0,0.0
443,52550,6,0.0,0.0,0.0,0.0,0.0,0.0,0.0,0.0,0.0,0.0,88.0,0.0,88.0,88.0,0.0,0.0,0.0,0.0,0.0,0.0,0.0,0.0,0.0,0.0,0,0,0,0,0.0,0.0,0,0,0,0,1,1,0,0,1.0,0.0,0.0,0.0,0,0,0,0,0,0,1,0,1,0,98,65535,0,32,0.0,0.0,0.0,0.0,0.0,0.0,0.0,0.0
53429,53,17,82.0,210.0,41.0,41.0,41.0,0.0,105.0,105.0,105.0,0.0,62.66,103.023,182.0,3.0,3.0,3.0,0.0,3.0,3.0,3.0,3.0,0.0,3.0,3.0,0,0,0,0,41.0,105.0,0,0,0,0,0,0,0,0,1.0,83.25,41.0,105.0,0,0,0,0,0,0,2,82,2,210,-1,-1,1,32,0.0,0.0,0.0,0.0,0.0,0.0,0.0,0.0
443,54760,6,37.0,0.0,37.0,0.0,18.5,26.163,0.0,0.0,0.0,0.0,3.0,0.0,3.0,3.0,3.0,3.0,0.0,3.0,3.0,0.0,0.0,0.0,0.0,0.0,1,0,0,0,0.0,37.0,0,1,0,0,1,0,0,0,0.0,37.0,18.5,0.0,0,0,0,0,0,0,2,37,0,0,114,-1,0,32,0.0,0.0,0.0,0.0,0.0,0.0,0.0,0.0
58007,443,6,43.0,0.0,31.0,6.0,14.3333,14.4338,0.0,0.0,0.0,0.0,143.0,247.087,333.0,3.0,399.0,149.5,298.957,333.0,3.0,0.0,0.0,0.0,0.0,0.0,0,0,0,0,6.0,31.0,0,0,0,0,1,0,0,0,0.0,16.3333,14.3333,0.0,0,0,0,0,0,0,3,43,0,0,254,-1,2,20,0.0,0.0,0.0,0.0,0.0,0.0,0.0,0.0
50109,443,6,697.0,13265.0,481.0,0.0,32.9485,100.5511,2896.0,0.0,1098.4619,878.643,3718.0,9476.777,36621.0,0.0,134106.0,5294.61,10232.495,37135.0,3.0,108789.0,4754.93,13517.269,36658.0,192.0,0,0,0,0,0.0,2896.0,0,0,0,1,0,0,0,0,0.0,552.5527,32.9485,1098.4619,0,0,0,0,0,0,17,697,17,13265,65535,122,6,32,0.0,0.0,0.0,0.0,0.0,0.0,0.0,0.0
50412,53,17,94.0,206.0,47.0,47.0,47.0,0.0,103.0,103.0,103.0,0.0,98.0,120.29,244.0,1.0,1.0,1.0,0.0,1.0,1.0,49.0,49.0,0.0,49.0,49.0,0,0,0,0,47.0,103.0,0,0,0,0,0,0,0,0,1.0,86.75,47.0,103.0,0,0,0,0,0,0,2,94,2,206,-1,-1,1,32,0.0,0.0,0.0,0.0,0.0,0.0,0.0,0.0
52268,443,6,1035.0,399.0,735.0,0.0,159.0,272.8201,261.0,2.0,79.8,83.8781,130728.62,573632.216,1961662.0,3.0,2042151.0,200357.25,1345692.536,1961662.0,203.0,61572.0,15720.5,17597.816,35309.0,3.0,0,0,0,0,0.0,735.0,0,0,0,1,0,0,0,0,0.0,111.1333,159.0,79.8,0,0,0,0,0,0,5,1035,5,399,8192,40236,4,20,0.0,0.0,0.0,0.0,0.0,0.0,0.0,0.0
443,48022,6,0.0,0.0,0.0,0.0,0.0,0.0,0.0,0.0,0.0,0.0,79.0,0.0,79.0,79.0,0.0,0.0,0.0,0.0,0.0,0.0,0.0,0.0,0.0,0.0,0,0,0,0,0.0,0.0,0,0,0,0,1,1,0,0,1.0,0.0,0.0,0.0,0,0,0,0,0,0,1,0,1,0,126,1046,0,32,0.0,0.0,0.0,0.0,0.0,0.0,0.0,0.0
49848,443,6,1767.0,5505.0,1267.0,0.0,326.375,566.2737,1611.0,0.0,568.5714,792.1233,38973.68,41668.549,143836.0,2.0,205408.0,51403.28,56601.568,151948.0,279.0,271301.0,27080.83,46790.217,141578.0,2.0,0,0,0,0,0.0,1611.0,0,0,0,1,0,0,0,0,1.0,493.2667,326.375,568.5714,0,0,0,0,0,0,8,1767,14,5505,29200,253,3,32,0.0,0.0,0.0,0.0,0.0,0.0,0.0,0.0
56876,53,17,88.0,344.0,44.0,44.0,44.0,0.0,172.0,172.0,172.0,0.0,37460.33,62441.735,112375.0,3.0,48.0,48.0,0.0,48.0,48.0,3.0,3.0,0.0,3.0,3.0,0,0,0,0,44.0,172.0,0,0,0,0,0,0,0,0,1.0,119.0,44.0,172.0,0,0,0,0,0,0,2,88,2,344,-1,-1,1,20,0.0,0.0,0.0,0.0,0.0,0.0,0.0,0.0
58893,53,17,68.0,224.0,34.0,34.0,34.0,0.0,112.0,112.0,112.0,0.0,15875.66,27451.289,47679.0,4.0,49.0,49.0,0.0,49.0,49.0,4.0,4.0,0.0,4.0,4.0,0,0,0,0,34.0,112.0,0,0,0,0,0,0,0,0,1.0,81.5,34.0,112.0,0,0,0,0,0,0,2,68,2,224,-1,-1,1,20,0.0,0.0,0.0,0.0,0.0,0.0,0.0,0.0
443,46935,6,0.0,0.0,0.0,0.0,0.0,0.0,0.0,0.0,0.0,0.0,75.0,0.0,75.0,75.0,0.0,0.0,0.0,0.0,0.0,0.0,0.0,0.0,0.0,0.0,0,0,0,0,0.0,0.0,0,0,0,0,1,1,0,0,1.0,0.0,0.0,0.0,0,0,0,0,0,0,1,0,1,0,349,32832,0,32,0.0,0.0,0.0,0.0,0.0,0.0,0.0,0.0
53470,443,6,1281.0,26738.0,617.0,0.0,89.7692,182.2815,2920.0,0.0,1034.6857,974.4251,16964.07,73031.143,257323.0,1.0,410334.0,29056.78,97432.752,257321.0,1.0,432220.0,16373.0,85576.305,257521.0,1.0,0,0,0,0,0.0,2920.0,0,0,0,1,0,0,0,0,1.0,683.3867,89.7692,1034.6857,0,0,0,0,0,0,13,1281,21,26738,8192,31,12,20,0.0,0.0,0.0,0.0,0.0,0.0,0.0,0.0
443,50359,6,12.0,0.0,6.0,6.0,6.0,0.0,0.0,0.0,0.0,0.0,0.0,0.0,0.0,0.0,0.0,0.0,0.0,0.0,0.0,0.0,0.0,0.0,0.0,0.0,0,0,0,0,6.0,6.0,0,0,0,0,1,0,0,0,0.0,9.0,6.0,0.0,0,0,0,0,0,0,2,12,0,0,123,-1,1,20,0.0,0.0,0.0,0.0,0.0,0.0,0.0,0.0
45234,80,6,964.0,10324.0,462.0,0.0,49.7308,137.7432,1418.0,0.0,860.2667,662.5893,3638241.72,4701697.722,10035096.0,2.0,116236887.0,6649835.58,4772055.927,10062043.0,204.0,110636600.0,6944282.85,4808065.754,10068127.0,47.0,0,0,0,0,0.0,1418.0,0,0,0,1,0,0,0,0,0.0,442.2816,49.7308,860.2667,0,0,0,0,0,0,23,964,18,10324,29200,349,2,32,45108.36,18286.275,141438.0,36247.0,10022625.09,27339.432,10035099.0,9999829.0
57090,53,17,70.0,102.0,35.0,35.0,35.0,0.0,51.0,51.0,51.0,0.0,54.66,89.199,157.0,3.0,3.0,3.0,0.0,3.0,3.0,3.0,3.0,0.0,3.0,3.0,0,0,0,0,35.0,51.0,0,0,0,0,0,0,0,0,1.0,51.75,35.0,51.0,0,0,0,0,0,0,2,70,2,102,-1,-1,1,32,0.0,0.0,0.0,0.0,0.0,0.0,0.0,0.0
443,59429,6,0.0,0.0,0.0,0.0,0.0,0.0,0.0,0.0,0.0,0.0,61.0,0.0,61.0,61.0,0.0,0.0,0.0,0.0,0.0,0.0,0.0,0.0,0.0,0.0,0,0,0,0,0.0,0.0,0,0,0,0,1,0,0,0,1.0,0.0,0.0,0.0,0,0,0,0,0,0,1,0,1,0,351,32832,0,32,0.0,0.0,0.0,0.0,0.0,0.0,0.0,0.0
54032,53,17,94.0,206.0,47.0,47.0,47.0,0.0,103.0,103.0,103.0,0.0,57.0,98.921,164.0,3.0,3.0,3.0,0.0,3.0,3.0,4.0,4.0,0.0,4.0,4.0,0,0,0,0,47.0,103.0,0,0,0,0,0,0,0,0,1.0,86.75,47.0,103.0,0,0,0,0,0,0,2,94,2,206,-1,-1,1,20,0.0,0.0,0.0,0.0,0.0,0.0,0.0,0.0
64095,53,17,100.0,174.0,50.0,50.0,50.0,0.0,87.0,87.0,87.0,0.0,58.66,97.384,168.0,3.0,3.0,3.0,0.0,3.0,3.0,3.0,3.0,0.0,3.0,3.0,0,0,0,0,50.0,87.0,0,0,0,0,0,0,0,0,1.0,71.0,50.0,87.0,0,0,0,0,0,0,2,100,2,174,-1,-1,1,32,0.0,0.0,0.0,0.0,0.0,0.0,0.0,0.0
52379,443,6,974.0,7387.0,469.0,0.0,64.9333,134.266,1581.0,0.0,671.5455,745.9321,15734.26,26598.812,93792.0,1.0,354105.0,21442.57,32513.226,100114.0,1.0,250409.0,27101.9,33777.891,95695.0,1.0,0,0,0,0,0.0,1581.0,0,0,0,1,0,0,0,0,0.0,321.5769,64.9333,671.5455,0,0,0,0,0,0,15,974,11,7387,65535,179,6,32,0.0,0.0,0.0,0.0,0.0,0.0,0.0,0.0
49298,80,6,0.0,0.0,0.0,0.0,0.0,0.0,0.0,0.0,0.0,0.0,1745496.66,3021157.696,5218993.0,34.0,5247383.0,2623691.5,3732821.26,5218993.0,39795.0,0.0,0.0,0.0,0.0,0.0,0,0,0,0,0.0,0.0,0,0,0,1,0,0,0,0,0.0,0.0,0.0,0.0,0,0,0,0,0,0,3,0,1,0,29200,28960,0,32,0.0,0.0,0.0,0.0,0.0,0.0,0.0,0.0
39172,80,6,438.0,860.0,438.0,0.0,146.0,252.8794,860.0,0.0,215.0,430.0,7936.5,11958.231,23590.0,4.0,23799.0,11899.5,16450.984,23515.0,863.0,23774.0,7988.66,13652.687,23254.0,4.0,0,0,0,0,0.0,860.0,0,0,0,1,0,0,0,0,1.0,185.4286,146.0,215.0,0,0,0,0,0,0,3,438,4,860,29200,31,1,32,0.0,0.0,0.0,0.0,0.0,0.0,0.0,0.0
6837,80,6,362.0,1563.0,330.0,0.0,52.4444,137.8256,1533.0,0.0,150.5,497.2367,2311217.86,4220752.765,10001997.0,104.0,20111751.0,4014451.87,5388410.228,10025676.0,23674.0,30029825.0,5014962.0,5358511.482,10027701.0,964.0,0,0,0,0,0.0,1533.0,0,0,0,1,0,0,0,0,1.0,106.0,52.4444,150.5,0,0,0,0,0,0,9,362,6,1563,8192,4346,8,20,199010.5,257869.251,688909.0,30011.0,9993478.33,62534.554,10001994.0,9948823.0
60096,53,17,107.0,253.0,56.0,51.0,53.5,3.5355,143.0,132.0,126.5,26.6784,1289340.0,1785730.908,2428604.0,38762.0,3469250.0,3469250.0,0.0,3569250.0,3469250.0,3569123.0,3569123.0,0.0,3569123.0,3569123.0,0,0,0,0,51.0,143.0,0,0,0,0,0,0,0,0,1.0,95.0,53.5,126.5,0,0,0,0,0,0,2,107,2,253,-1,-1,1,32,0.0,0.0,0.0,0.0,0.0,0.0,0.0,0.0
443,50516,6,0.0,0.0,0.0,0.0,0.0,0.0,0.0,0.0,0.0,0.0,39.0,0.0,39.0,39.0,0.0,0.0,0.0,0.0,0.0,0.0,0.0,0.0,0.0,0.0,0,0,0,0,0.0,0.0,0,0,0,0,1,1,0,0,1.0,0.0,0.0,0.0,0,0,0,0,0,0,1,0,1,0,179,315,0,32,0.0,0.0,0.0,0.0,0.0,0.0,0.0,0.0
443,56640,6,0.0,0.0,0.0,0.0,0.0,0.0,0.0,0.0,0.0,0.0,51.0,0.0,51.0,51.0,0.0,0.0,0.0,0.0,0.0,0.0,0.0,0.0,0.0,0.0,0,0,0,0,0.0,0.0,0,0,0,0,1,1,0,0,1.0,0.0,0.0,0.0,0,0,0,0,0,0,1,0,1,0,357,315,0,32,0.0,0.0,0.0,0.0,0.0,0.0,0.0,0.0
58084,80,6,12.0,0.0,6.0,0.0,4.0,3.4641,0.0,0.0,0.0,0.0,1896597.33,3200516.568,5567052.0,58.0,5482296.0,2791148.0,3926591.54,5567052.0,23805.0,0.0,0.0,0.0,0.0,0.0,0,0,0,0,0.0,6.0,0,0,0,1,0,0,0,0,0.0,3.0,4.0,0.0,0,0,0,0,0,0,3,12,1,0,8192,14600,2,20,0.0,0.0,0.0,0.0,0.0,0.0,0.0,0.0
52213,80,6,12.0,0.0,6.0,6.0,6.0,0.0,0.0,0.0,0.0,0.0,91.0,0.0,91.0,91.0,91.0,91.0,0.0,91.0,91.0,0.0,0.0,0.0,0.0,0.0,0,0,0,0,6.0,6.0,0,0,0,0,1,0,0,0,0.0,9.0,6.0,0.0,0,0,0,0,0,0,2,12,0,0,256,-1,1,20,0.0,0.0,0.0,0.0,0.0,0.0,0.0,0.0
38149,80,6,6.0,212.0,6.0,0.0,3.0,4.2426,212.0,0.0,106.0,149.2066,1101266.0,2123282.289,3484080.0,7.0,527861.0,147861.0,0.0,527861.0,527861.0,3545432.0,3545432.0,0.0,3545432.0,3545432.0,0,0,0,0,0.0,212.0,0,0,0,1,0,0,0,0,1.0,56.5,3.0,106.0,0,0,0,0,0,0,2,6,2,212,29200,129,1,20,0.0,0.0,0.0,0.0,0.0,0.0,0.0,0.0
443,62525,6,37.0,0.0,31.0,6.0,18.5,17.6777,0.0,0.0,0.0,0.0,3.0,0.0,3.0,3.0,3.0,3.0,0.0,3.0,3.0,0.0,0.0,0.0,0.0,0.0,1,0,0,0,6.0,31.0,0,1,0,0,1,0,0,0,0.0,34.0,18.5,0.0,0,0,0,0,0,0,2,37,0,0,116,-1,1,20,0.0,0.0,0.0,0.0,0.0,0.0,0.0,0.0
50117,443,6,1761.0,5304.0,1364.0,0.0,148.0333,362.5886,1413.0,0.0,357.4,597.7675,2629548.2,4349488.274,10030123.0,3.0,60988670.0,5062131.21,5162966.436,10081913.0,214.0,60857881.0,5071576.63,5143407.76,10081169.0,190.0,0,0,0,0,0.0,1413.0,0,0,0,1,0,0,0,0,0.0,255.9578,148.0333,357.4,0,0,0,0,0,0,15,1761,10,5304,29200,380,3,32,82688.16,55811.866,239229.0,50675.0,9974077.16,186526.83,10030122.0,9459915.0
44470,443,6,357.0,3780.0,210.0,0.0,59.2222,89.2248,1460.0,0.0,630.0,677.2171,23703.09,39827.623,85726.0,15.0,262808.0,34224.66,47818.619,87551.0,17.0,177585.0,35343.6,46537.764,88134.0,49.0,0,0,0,0,0.0,1460.0,0,0,0,1,0,0,0,0,1.0,344.0,59.2222,630.0,0,0,0,0,0,0,7,357,6,3780,8192,60,6,20,0.0,0.0,0.0,0.0,0.0,0.0,0.0,0.0
57119,53,17,80.0,452.0,40.0,40.0,40.0,0.0,226.0,226.0,226.0,0.0,74.33,127.759,216.0,4.0,4.0,4.0,0.0,4.0,4.0,4.0,4.0,0.0,4.0,4.0,0,0,0,0,40.0,226.0,0,0,0,0,0,0,0,0,1.0,143.0,40.0,226.0,0,0,0,0,0,0,2,80,2,452,-1,-1,1,20,0.0,0.0,0.0,0.0,0.0,0.0,0.0,0.0
10515,53,17,80.0,452.0,40.0,40.0,40.0,0.0,226.0,226.0,226.0,0.0,77.66,125.032,222.0,3.0,3.0,3.0,0.0,3.0,3.0,3.0,3.0,0.0,3.0,3.0,0,0,0,0,40.0,226.0,0,0,0,0,0,0,0,0,1.0,143.0,40.0,226.0,0,0,0,0,0,0,2,80,2,452,-1,-1,1,40,0.0,0.0,0.0,0.0,0.0,0.0,0.0,0.0
63133,443,6,53.0,0.0,53.0,0.0,26.5,37.4767,0.0,0.0,0.0,0.0,3.0,0.0,3.0,3.0,3.0,3.0,0.0,3.0,3.0,0.0,0.0,0.0,0.0,0.0,1,0,0,0,0.0,53.0,0,1,0,0,1,0,0,0,0.0,53.0,26.5,0.0,0,0,0,0,0,0,2,53,0,0,42240,-1,0,32,0.0,0.0,0.0,0.0,0.0,0.0,0.0,0.0
55268,443,6,617.0,164.0,517.0,0.0,88.1429,189.989,152.0,0.0,41.0,74.054,549983.3,1645803.131,5266628.0,4.0,5337896.0,886212.33,2149293.997,5227614.0,4.0,79775.0,26528.0,25415.618,59547.0,404.0,0,0,0,0,0.0,517.0,0,0,0,1,0,0,0,0,0.0,71.0,88.1429,41.0,0,0,0,0,0,0,7,617,4,164,29200,30,6,20,99696.0,0.0,99696.0,99696.0,5266626.0,0.0,5266626.0,5266626.0
59946,53,17,90.0,612.0,45.0,45.0,45.0,0.0,306.0,306.0,306.0,0.0,85.0,108.849,209.0,3.0,3.0,3.0,0.0,3.0,3.0,48.0,48.0,0.0,48.0,48.0,0,0,0,0,45.0,306.0,0,0,0,0,0,0,0,0,1.0,189.75,45.0,306.0,0,0,0,0,0,0,2,90,2,612,-1,-1,1,20,0.0,0.0,0.0,0.0,0.0,0.0,0.0,0.0
57447,53,17,68.0,276.0,34.0,34.0,34.0,0.0,138.0,138.0,138.0,0.0,98.33,128.149,249.0,3.0,3.0,3.0,0.0,3.0,3.0,48.0,48.0,0.0,48.0,48.0,0,0,0,0,34.0,138.0,0,0,0,0,0,0,0,0,1.0,94.5,34.0,138.0,0,0,0,0,0,0,2,68,2,276,-1,-1,1,32,0.0,0.0,0.0,0.0,0.0,0.0,0.0,0.0
51253,443,6,43.0,0.0,31.0,6.0,14.3333,14.4338,0.0,0.0,0.0,0.0,6286.5,9843.686,14450.0,3.0,14461.0,7280.5,4329.346,14450.0,3.0,0.0,0.0,0.0,0.0,0.0,0,0,0,0,6.0,31.0,0,0,0,0,1,0,0,0,0.0,16.3333,14.3333,0.0,0,0,0,0,0,0,3,43,0,0,63002,-1,2,20,0.0,0.0,0.0,0.0,0.0,0.0,0.0,0.0
443,50158,6,6.0,6.0,6.0,6.0,6.0,0.0,6.0,6.0,6.0,0.0,52.0,0.0,52.0,52.0,0.0,0.0,0.0,0.0,0.0,0.0,0.0,0.0,0.0,0.0,0,0,0,0,6.0,6.0,0,0,0,0,1,1,0,0,1.0,9.0,6.0,6.0,0,0,0,0,0,0,1,6,1,6,60,255,0,20,0.0,0.0,0.0,0.0,0.0,0.0,0.0,0.0
443,60821,6,0.0,0.0,0.0,0.0,0.0,0.0,0.0,0.0,0.0,0.0,124.0,0.0,124.0,124.0,0.0,0.0,0.0,0.0,0.0,0.0,0.0,0.0,0.0,0.0,0,0,0,0,0.0,0.0,0,0,0,0,1,0,0,0,1.0,0.0,0.0,0.0,0,0,0,0,0,0,1,0,1,0,357,32832,0,32,0.0,0.0,0.0,0.0,0.0,0.0,0.0,0.0
58020,53,17,62.0,122.0,31.0,31.0,31.0,0.0,61.0,61.0,61.0,0.0,10388.66,17938.147,31169.0,3.0,3.0,3.0,0.0,3.0,3.0,4.0,4.0,0.0,4.0,4.0,0,0,0,0,31.0,61.0,0,0,0,0,0,0,0,0,1.0,53.75,31.0,61.0,0,0,0,0,0,0,2,62,2,122,-1,-1,1,32,0.0,0.0,0.0,0.0,0.0,0.0,0.0,0.0
55096,53,17,94.0,220.0,47.0,47.0,47.0,0.0,110.0,110.0,110.0,0.0,94.0,165.323,280.0,1.0,1.0,1.0,0.0,1.0,1.0,1.0,1.0,0.0,1.0,1.0,0,0,0,0,47.0,110.0,0,0,0,0,0,0,0,0,1.0,90.25,47.0,110.0,0,0,0,0,0,0,2,94,2,220,-1,-1,1,32,0.0,0.0,0.0,0.0,0.0,0.0,0.0,0.0
53312,443,6,1228.0,1167.0,885.0,0.0,102.8,262.1891,1029.0,0.0,233.4,448.7503,24785.0,35467.135,87318.0,3.0,333229.0,30575.33,43530.462,112471.0,3.0,204824.0,52774.0,49380.369,87819.0,211.0,0,0,0,0,0.0,1029.0,0,0,0,1,0,0,0,0,0.0,153.3333,102.8,233.4,0,0,0,0,0,0,10,1228,5,1167,65535,117,5,32,0.0,0.0,0.0,0.0,0.0,0.0,0.0,0.0
56542,443,6,993.0,9026.0,617.0,0.0,80.9167,213.4433,1448.0,0.0,782.6667,680.921,42305.37,117701.76,422129.0,1.0,1697726.0,77581.76,181047.353,472129.0,1.0,1688985.0,80605.07,144878.714,554306.0,7.0,0,0,0,0,0.0,1448.0,0,0,0,1,0,0,0,0,0.0,384.3439,80.9167,782.6667,0,0,0,0,0,0,12,993,12,9026,65535,65,6,32,0.0,0.0,0.0,0.0,0.0,0.0,0.0,0.0
44729,80,6,6.0,6.0,6.0,6.0,6.0,0.0,6.0,6.0,6.0,0.0,15556.0,0.0,15556.0,15556.0,0.0,0.0,0.0,0.0,0.0,0.0,0.0,0.0,0.0,0.0,0,0,0,0,6.0,6.0,0,0,0,0,1,1,0,0,1.0,9.0,6.0,6.0,0,0,0,0,0,0,1,6,1,6,232,30,0,20,0.0,0.0,0.0,0.0,0.0,0.0,0.0,0.0
56525,443,6,386.0,3163.0,183.0,0.0,42.6667,72.3883,1625.0,0.0,632.6,840.5243,460492.69,1560426.26,5087606.0,3.0,5497458.0,744945.6,2007276.088,5087606.0,3.0,104031.0,28003.75,22912.08,54834.0,217.0,0,0,0,0,0.0,1625.0,0,0,0,1,0,0,0,0,0.0,247.8,42.6667,632.6,0,0,0,0,0,0,6,386,5,3163,8192,110,5,20,254960.0,0.0,254960.0,254960.0,5087677.0,0.0,5087607.0,5087677.0
443,42265,6,0.0,0.0,0.0,0.0,0.0,0.0,0.0,0.0,0.0,0.0,81.0,0.0,81.0,81.0,0.0,0.0,0.0,0.0,0.0,0.0,0.0,0.0,0.0,0.0,0,0,0,0,0.0,0.0,0,0,0,0,1,1,0,0,1.0,0.0,0.0,0.0,0,0,0,0,0,0,1,0,1,0,22,338,0,32,0.0,0.0,0.0,0.0,0.0,0.0,0.0,0.0
55160,443,6,1733.0,2399.0,1368.0,0.0,139.0833,400.4973,1501.0,0.0,299.8889,584.7106,12942.24,16838.955,62557.0,3.0,210672.0,22341.9,35862.438,65045.0,3.0,174001.0,24500.2,26077.923,51582.0,4.0,0,0,0,0,0.0,1501.0,0,0,0,1,0,0,0,0,0.0,179.4765,139.0833,299.8889,0,0,0,0,0,0,12,1733,9,2399,65535,383,6,32,0.0,0.0,0.0,0.0,0.0,0.0,0.0,0.0
60967,53,17,96.0,352.0,52.0,46.0,48.0,5.6569,284.0,63.0,176.0,120.7073,15522089.66,26038297.615,37761407.0,60350.0,37819976.0,37819976.0,0.0,37819976.0,37819976.0,37815780.0,37815780.0,0.0,37815780.0,37815780.0,0,0,0,0,46.0,284.0,0,0,0,0,0,0,0,0,1.0,134.5,48.0,176.0,0,0,0,0,0,0,2,96,2,352,-1,-1,1,20,30555.0,0.0,30555.0,30555.0,37761449.0,0.0,37761449.0,37761449.0
61594,53,17,113.0,215.0,64.0,58.0,56.5,10.3066,113.0,138.0,107.5,5.1559,30721769.0,55272719.096,91211460.0,590.0,91354997.0,91354997.0,0.0,91354997.0,91354997.0,91382139.0,91382139.0,0.0,91382139.0,91382139.0,0,0,0,0,58.0,113.0,0,0,0,0,0,0,0,0,1.0,106.75,56.5,107.5,0,0,0,0,0,0,2,113,2,215,-1,-1,1,32,91633.0,0.0,91633.0,91633.0,91211458.0,0.0,91211428.0,91211458.0
443,64130,6,0.0,0.0,0.0,0.0,0.0,0.0,0.0,0.0,0.0,0.0,48.0,0.0,48.0,48.0,0.0,0.0,0.0,0.0,0.0,0.0,0.0,0.0,0.0,0.0,0,0,0,0,0.0,0.0,0,0,0,0,1,1,0,0,1.0,0.0,0.0,0.0,0,0,0,0,0,0,1,0,1,0,33,33304,0,32,0.0,0.0,0.0,0.0,0.0,0.0,0.0,0.0
58657,443,6,1710.0,4253.0,1049.0,0.0,174.0,385.7525,1448.0,0.0,450.3077,613.5125,571960.33,2478123.287,9999447.0,1.0,10245639.0,1156005.9,3383254.177,9999447.0,240.0,10208794.0,1300926.2,3525005.684,9999418.0,1.0,0,0,0,0,0.0,1448.0,0,0,0,1,0,0,0,0,1.0,334.4111,174.0,450.3077,0,0,0,0,0,0,11,1710,11,4253,29200,66,3,32,365617.0,0.0,365617.0,365617.0,9999413.0,0.0,9999413.0,9999413.0
443,50147,6,37.0,0.0,37.0,0.0,18.5,26.163,0.0,0.0,0.0,0.0,3.0,0.0,3.0,3.0,3.0,3.0,0.0,3.0,3.0,0.0,0.0,0.0,0.0,0.0,1,0,0,0,0.0,37.0,0,1,0,0,1,0,0,0,0.0,37.0,18.5,0.0,0,0,0,0,0,0,2,37,0,0,972,-1,0,32,0.0,0.0,0.0,0.0,0.0,0.0,0.0,0.0
80,54184,6,6.0,6.0,6.0,6.0,6.0,0.0,6.0,6.0,6.0,0.0,48.0,0.0,48.0,48.0,0.0,0.0,0.0,0.0,0.0,0.0,0.0,0.0,0.0,0.0,0,0,0,0,6.0,6.0,0,0,0,0,1,1,0,0,1.0,9.0,6.0,6.0,0,0,0,0,0,0,1,6,1,6,112,256,0,20,0.0,0.0,0.0,0.0,0.0,0.0,0.0,0.0
53661,80,6,12.0,0.0,6.0,6.0,6.0,0.0,0.0,0.0,0.0,0.0,108.0,0.0,108.0,108.0,108.0,108.0,0.0,108.0,108.0,0.0,0.0,0.0,0.0,0.0,0,0,0,0,6.0,6.0,0,0,0,0,1,0,0,0,0.0,9.0,6.0,0.0,0,0,0,0,0,0,2,12,0,0,256,-1,1,20,0.0,0.0,0.0,0.0,0.0,0.0,0.0,0.0
55319,443,6,37.0,0.0,37.0,0.0,9.25,18.5,0.0,0.0,0.0,0.0,35001662.33,64533682.282,116003302.0,3.0,116003467.0,32001122.0,60008526.875,116003302.0,3.0,110000000.0,30000000.0,0.0,10000000.0,10000000.0,0,0,0,0,0.0,37.0,0,0,0,0,1,0,0,0,0.0,9.75,9.25,0.0,0,0,0,0,0,0,4,37,0,0,33285,-1,1,32,22601.54,134.866,22551.0,22916.0,115001600.25,5473.485,16003302.0,14997651.0
56025,443,6,0.0,6.0,0.0,0.0,0.0,0.0,6.0,6.0,6.0,0.0,120343.5,157272.161,250792.0,32206.0,0.0,0.0,0.0,0.0,0.0,0.0,0.0,0.0,0.0,0.0,0,0,0,0,0.0,6.0,0,0,0,1,0,0,0,0,2.0,3.0,0.0,6.0,0,0,0,0,0,0,1,0,1,6,29200,0,0,44,0.0,0.0,0.0,0.0,0.0,0.0,0.0,0.0
50397,53,17,66.0,122.0,33.0,33.0,33.0,0.0,61.0,61.0,61.0,0.0,65.33,23.778,90.0,48.0,48.0,48.0,0.0,48.0,48.0,48.0,48.0,0.0,48.0,48.0,0,0,0,0,33.0,61.0,0,0,0,0,0,0,0,0,1.0,55.25,33.0,61.0,0,0,0,0,0,0,2,66,2,122,-1,-1,1,20,0.0,0.0,0.0,0.0,0.0,0.0,0.0,0.0
53368,53,17,52.0,310.0,26.0,26.0,26.0,0.0,155.0,155.0,155.0,0.0,74.33,129.831,218.0,3.0,4.0,4.0,0.0,4.0,4.0,3.0,3.0,0.0,3.0,3.0,0,0,0,0,26.0,155.0,0,0,0,0,0,0,0,0,1.0,99.0,26.0,155.0,0,0,0,0,0,0,2,52,2,310,-1,-1,1,20,0.0,0.0,0.0,0.0,0.0,0.0,0.0,0.0
40972,80,6,0.0,0.0,0.0,0.0,0.0,0.0,0.0,0.0,0.0,0.0,1752564.33,3026395.278,5217141.0,37.0,5278209.0,2638104.5,3731316.432,5217141.0,23363.0,0.0,0.0,0.0,0.0,0.0,0,0,0,0,0.0,0.0,0,0,0,1,0,0,0,0,0.0,0.0,0.0,0.0,0,0,0,0,0,0,3,0,1,0,29200,65535,0,32,0.0,0.0,0.0,0.0,0.0,0.0,0.0,0.0
443,48586,6,0.0,0.0,0.0,0.0,0.0,0.0,0.0,0.0,0.0,0.0,56.0,0.0,56.0,56.0,0.0,0.0,0.0,0.0,0.0,0.0,0.0,0.0,0.0,0.0,0,0,0,0,0.0,0.0,0,0,0,0,1,1,0,0,1.0,0.0,0.0,0.0,0,0,0,0,0,0,1,0,1,0,349,1810,0,32,0.0,0.0,0.0,0.0,0.0,0.0,0.0,0.0
443,61150,6,37.0,0.0,37.0,0.0,12.3333,21.362,0.0,0.0,0.0,0.0,2.0,1.414,3.0,1.0,4.0,2.0,1.414,3.0,1.0,0.0,0.0,0.0,0.0,0.0,0,0,0,0,0.0,37.0,0,0,0,0,1,0,0,0,0.0,12.3333,12.3333,0.0,0,0,0,0,0,0,3,37,0,0,117,-1,1,32,0.0,0.0,0.0,0.0,0.0,0.0,0.0,0.0
50211,443,6,816.0,4109.0,422.0,0.0,101.3333,151.1599,1460.0,0.0,636.625,615.5271,798217.15,2454246.61,12864990.0,48.0,465827.0,69357.12,85448.91,824527.0,179.0,12220093.0,1678071.57,3572447.132,12995304.0,48.0,0,0,0,0,0.0,1460.0,0,0,0,1,0,0,0,0,1.0,396.5714,101.3333,636.625,0,0,0,0,0,0,9,816,8,4109,8192,62,8,20,0.0,0.0,0.0,0.0,0.0,0.0,0.0,0.0
51796,443,6,850.0,4163.0,476.0,0.0,86.3846,154.4196,1448.0,0.0,321.2222,505.1502,731479.75,3812148.283,14999374.0,7.0,14712147.0,1518641.4,4304626.851,14999374.0,76.0,11008939.0,1141494.5,4030447.616,15009365.0,47.0,0,0,0,0,0.0,1448.0,0,0,0,1,0,0,0,0,1.0,222.8843,86.3846,321.2222,0,0,0,0,0,0,13,850,11,4163,29200,5244,3,32,103302.0,0.0,103302.0,103302.0,14999310.0,0.0,14999310.0,14999310.0
60437,53,17,56.0,109.0,56.0,56.0,56.0,0.0,109.0,109.0,109.0,0.0,60489.0,0.0,60489.0,60489.0,0.0,0.0,0.0,0.0,0.0,0.0,0.0,0.0,0.0,0.0,0,0,0,0,56.0,109.0,0,0,0,0,0,0,0,0,1.0,110.5,56.0,109.0,0,0,0,0,0,0,1,56,1,109,-1,-1,0,32,0.0,0.0,0.0,0.0,0.0,0.0,0.0,0.0
443,55472,6,0.0,0.0,0.0,0.0,0.0,0.0,0.0,0.0,0.0,0.0,90.0,0.0,90.0,90.0,0.0,0.0,0.0,0.0,0.0,0.0,0.0,0.0,0.0,0.0,0,0,0,0,0.0,0.0,0,0,0,0,1,1,0,0,1.0,0.0,0.0,0.0,0,0,0,0,0,0,1,0,1,0,362,32832,0,32,0.0,0.0,0.0,0.0,0.0,0.0,0.0,0.0
34162,443,6,1464.0,6542.0,432.0,0.0,118.5,183.4556,1241.0,0.0,591.7857,633.5625,135026.92,495811.12,2452574.0,4.0,883889.0,93337.0,152047.7,430142.0,235.0,3453157.0,485238.87,446365.598,2498239.0,4.0,0,0,0,0,0.0,1241.0,0,0,0,1,0,0,0,0,1.0,398.9697,118.5,591.7857,0,0,0,0,0,0,12,1464,14,6542,29200,10,5,32,0.0,0.0,0.0,0.0,0.0,0.0,0.0,0.0
51227,80,6,432.0,2380.0,432.0,0.0,144.0,244.2376,2340.0,0.0,596.5,1130.0,11578.0,15698.898,29158.0,4.0,35177.0,17588.5,20607.731,29144.0,6615.0,30198.0,10198.66,16671.234,29053.0,4.0,0,0,0,0,0.0,2340.0,0,0,0,1,0,0,0,0,1.0,387.1429,144.0,596.5,0,0,0,0,0,0,3,432,4,2380,29200,237,1,32,0.0,0.0,0.0,0.0,0.0,0.0,0.0,0.0
61221,53,17,66.0,386.0,33.0,33.0,33.0,0.0,193.0,193.0,193.0,0.0,10329.33,17832.299,30982.0,3.0,3.0,3.0,0.0,3.0,3.0,3.0,3.0,0.0,3.0,3.0,0,0,0,0,33.0,193.0,0,0,0,0,0,0,0,0,1.0,121.25,33.0,193.0,0,0,0,0,0,0,2,66,2,386,-1,-1,1,20,0.0,0.0,0.0,0.0,0.0,0.0,0.0,0.0
443,49801,6,0.0,0.0,0.0,0.0,0.0,0.0,0.0,0.0,0.0,0.0,4.0,0.0,4.0,4.0,4.0,4.0,0.0,4.0,4.0,0.0,0.0,0.0,0.0,0.0,0,0,0,0,0.0,0.0,0,0,0,0,1,0,0,0,0.0,0.0,0.0,0.0,0,0,0,0,0,0,2,0,0,0,340,-1,0,32,0.0,0.0,0.0,0.0,0.0,0.0,0.0,0.0
61982,443,6,37.0,0.0,37.0,0.0,12.3333,21.362,0.0,0.0,0.0,0.0,11485952.5,12619011.154,33326331.0,139.0,33357911.0,13378955.5,11810711.475,33326331.0,131.0,0.0,0.0,0.0,0.0,0.0,0,0,0,0,0.0,37.0,0,0,0,0,1,0,0,0,0.0,12.3333,12.3333,0.0,0,0,0,0,0,0,3,37,0,0,33285,-1,1,32,0.0,0.0,0.0,0.0,33326349.0,0.0,33326339.0,33326349.0
50937,443,6,389.0,4716.0,202.0,0.0,43.9,74.6058,1920.0,0.0,939.3333,821.7049,314971.61,1365884.415,5103565.0,34.0,5272877.0,614309.77,1761114.254,5103565.0,32.0,75014.0,18002.8,26482.53,41182.0,49.0,0,0,0,0,0.0,1920.0,0,0,0,1,0,0,0,0,0.0,405.8077,43.9,939.3333,0,0,0,0,0,0,10,389,6,4716,8192,946,7,20,499460.0,0.0,499460.0,499460.0,5103580.0,0.0,5103560.0,5103580.0
61823,53,17,64.0,117.0,64.0,64.0,64.0,0.0,117.0,117.0,117.0,0.0,126780.0,0.0,126780.0,126780.0,0.0,0.0,0.0,0.0,0.0,0.0,0.0,0.0,0.0,0.0,0,0,0,0,64.0,117.0,0,0,0,0,0,0,0,0,1.0,122.5,64.0,117.0,0,0,0,0,0,0,1,64,1,117,-1,-1,0,20,0.0,0.0,0.0,0.0,0.0,0.0,0.0,0.0
58554,53,17,72.0,146.0,36.0,36.0,36.0,0.0,73.0,73.0,73.0,0.0,10280.33,17885.643,30830.0,3.0,3.0,3.0,0.0,3.0,3.0,48.0,48.0,0.0,48.0,48.0,0,0,0,0,36.0,73.0,0,0,0,0,0,0,0,0,1.0,63.5,36.0,73.0,0,0,0,0,0,0,2,72,2,146,-1,-1,1,32,0.0,0.0,0.0,0.0,0.0,0.0,0.0,0.0
443,58093,6,37.0,0.0,31.0,6.0,18.5,17.6777,0.0,0.0,0.0,0.0,4.0,0.0,4.0,4.0,4.0,4.0,0.0,4.0,4.0,0.0,0.0,0.0,0.0,0.0,1,0,0,0,6.0,31.0,0,1,0,0,1,0,0,0,0.0,34.0,18.5,0.0,0,0,0,0,0,0,2,37,0,0,62,-1,1,20,0.0,0.0,0.0,0.0,0.0,0.0,0.0,0.0
137,137,17,650.0,0.0,50.0,50.0,50.0,0.0,0.0,0.0,0.0,0.0,1.75,1.435,8.0,1.0,23.0,1.58,1.449,8.0,1.0,0.0,0.0,0.0,0.0,0.0,0,0,0,0,50.0,50.0,0,0,0,0,0,0,0,0,0.0,53.8462,50.0,0.0,0,0,0,0,0,0,13,650,0,0,-1,-1,12,20,0.0,0.0,0.0,0.0,0.0,0.0,0.0,0.0
123,123,17,96.0,96.0,48.0,48.0,48.0,0.0,48.0,48.0,48.0,0.0,22653764.66,38655575.622,67915275.0,84221.0,68999994.0,68999994.0,0.0,68999994.0,68999994.0,68999705.0,68999705.0,0.0,68999705.0,68999705.0,0,0,0,0,48.0,48.0,0,0,0,0,0,0,0,0,1.0,60.0,48.0,48.0,0,0,0,0,0,0,2,96,2,96,-1,-1,1,20,28071.0,0.0,28071.0,28071.0,67915283.0,0.0,67915283.0,67915283.0
443,57993,6,6.0,6.0,6.0,6.0,6.0,0.0,6.0,6.0,6.0,0.0,65.0,0.0,65.0,65.0,0.0,0.0,0.0,0.0,0.0,0.0,0.0,0.0,0.0,0.0,0,0,0,0,6.0,6.0,0,0,0,0,1,1,0,0,1.0,9.0,6.0,6.0,0,0,0,0,0,0,1,6,1,6,32,32850,0,20,0.0,0.0,0.0,0.0,0.0,0.0,0.0,0.0
10161,53,17,86.0,192.0,43.0,43.0,43.0,0.0,96.0,96.0,96.0,0.0,62.33,106.119,182.0,3.0,3.0,3.0,0.0,3.0,3.0,3.0,3.0,0.0,3.0,3.0,0,0,0,0,43.0,96.0,0,0,0,0,0,0,0,0,1.0,80.25,43.0,96.0,0,0,0,0,0,0,2,86,2,192,-1,-1,1,20,0.0,0.0,0.0,0.0,0.0,0.0,0.0,0.0
36766,443,6,599.0,141.0,517.0,0.0,85.5714,191.3085,141.0,0.0,35.25,70.5,538995.3,1673726.561,5230847.0,3.0,5465394.0,917536.33,2182247.711,5395598.0,3.0,97589.0,35663.0,32820.223,64307.0,24424.0,0,0,0,0,0.0,517.0,0,0,0,1,0,0,0,0,0.0,67.2727,85.5714,35.25,0,0,0,0,0,0,7,599,4,141,29200,59,3,32,113647.0,0.0,113647.0,113647.0,5230872.0,0.0,5230842.0,5230872.0
60238,53,17,46.0,139.0,46.0,46.0,46.0,0.0,139.0,139.0,139.0,0.0,60526.0,0.0,60526.0,60526.0,0.0,0.0,0.0,0.0,0.0,0.0,0.0,0.0,0.0,0.0,0,0,0,0,46.0,139.0,0,0,0,0,0,0,0,0,1.0,115.5,46.0,139.0,0,0,0,0,0,0,1,46,1,139,-1,-1,0,32,0.0,0.0,0.0,0.0,0.0,0.0,0.0,0.0
44086,88,17,448.0,2872.0,244.0,244.0,244.0,0.0,1430.0,430.0,436.0,0.0,620.33,499.313,1559.0,47.0,47.0,47.0,0.0,47.0,47.0,47.0,47.0,0.0,47.0,45.0,0,0,0,0,244.0,1430.0,0,0,0,0,0,0,0,0,1.0,382.0,244.0,436.0,0,0,0,0,0,0,2,448,2,2872,-1,-1,1,20,0.0,0.0,0.0,0.0,0.0,0.0,0.0,0.0
443,59313,6,6.0,6.0,6.0,6.0,6.0,0.0,6.0,6.0,6.0,0.0,20.0,0.0,20.0,20.0,0.0,0.0,0.0,0.0,0.0,0.0,0.0,0.0,0.0,0.0,0,0,0,0,6.0,6.0,0,0,0,0,1,1,0,0,1.0,9.0,6.0,6.0,0,0,0,0,0,0,1,6,1,6,249,255,0,20,0.0,0.0,0.0,0.0,0.0,0.0,0.0,0.0
62025,53,17,57.0,118.0,57.0,57.0,57.0,0.0,118.0,118.0,118.0,0.0,50549.0,0.0,50549.0,50549.0,0.0,0.0,0.0,0.0,0.0,0.0,0.0,0.0,0.0,0.0,0,0,0,0,57.0,118.0,0,0,0,0,0,0,0,0,1.0,116.0,57.0,118.0,0,0,0,0,0,0,1,57,1,118,-1,-1,0,20,0.0,0.0,0.0,0.0,0.0,0.0,0.0,0.0
443,53353,6,43.0,0.0,31.0,6.0,14.3333,14.4338,0.0,0.0,0.0,0.0,2.0,1.414,3.0,1.0,4.0,2.0,1.414,3.0,1.0,0.0,0.0,0.0,0.0,0.0,0,0,0,0,6.0,31.0,0,0,0,0,1,0,0,0,0.0,16.3333,14.3333,0.0,0,0,0,0,0,0,3,43,0,0,62,-1,2,20,0.0,0.0,0.0,0.0,0.0,0.0,0.0,0.0
443,53388,6,0.0,18.0,0.0,0.0,0.0,0.0,6.0,6.0,6.0,0.0,25.66,47.574,78.0,1.0,0.0,0.0,0.0,0.0,0.0,4.0,2.0,1.414,3.0,1.0,0,0,0,0,0.0,6.0,0,0,0,0,1,0,0,0,3.0,4.5,0.0,6.0,0,0,0,0,0,0,1,0,3,18,972,0,0,32,0.0,0.0,0.0,0.0,0.0,0.0,0.0,0.0
52388,443,6,187.0,92.0,46.0,6.0,26.7143,20.0891,46.0,46.0,46.0,0.0,7909502.57,20313900.948,58969934.0,76.0,63865854.0,10696788.66,23794247.653,58969934.0,93.0,59087851.0,59087851.0,0.0,59097851.0,59087851.0,1,0,0,0,6.0,46.0,0,1,0,0,1,0,0,0,0.0,36.1111,26.7143,46.0,0,0,0,0,0,0,7,187,2,92,16437,360,6,20,36312.0,0.0,36312.0,36312.0,58969930.0,0.0,58969930.0,58969930.0
52670,53,17,58.0,166.0,29.0,29.0,29.0,0.0,83.0,83.0,83.0,0.0,52.0,83.906,150.0,3.0,3.0,3.0,0.0,3.0,3.0,4.0,4.0,0.0,4.0,4.0,0,0,0,0,29.0,83.0,0,0,0,0,0,0,0,0,1.0,63.25,29.0,83.0,0,0,0,0,0,0,2,58,2,166,-1,-1,1,20,0.0,0.0,0.0,0.0,0.0,0.0,0.0,0.0
27108,53,17,74.0,106.0,37.0,37.0,37.0,0.0,53.0,53.0,53.0,0.0,61.66,20.023,87.0,49.0,49.0,49.0,0.0,49.0,49.0,49.0,49.0,0.0,49.0,49.0,0,0,0,0,37.0,53.0,0,0,0,0,0,0,0,0,1.0,54.25,37.0,53.0,0,0,0,0,0,0,2,74,2,106,-1,-1,1,40,0.0,0.0,0.0,0.0,0.0,0.0,0.0,0.0
62598,53,17,54.0,111.0,54.0,54.0,54.0,0.0,111.0,111.0,111.0,0.0,30517.0,0.0,30517.0,30517.0,0.0,0.0,0.0,0.0,0.0,0.0,0.0,0.0,0.0,0.0,0,0,0,0,54.0,111.0,0,0,0,0,0,0,0,0,1.0,109.5,54.0,111.0,0,0,0,0,0,0,1,54,1,111,-1,-1,0,32,0.0,0.0,0.0,0.0,0.0,0.0,0.0,0.0
443,57729,6,37.0,6.0,31.0,6.0,18.5,17.6777,6.0,6.0,6.0,0.0,102.5,17.978,120.0,86.0,205.0,205.0,0.0,205.0,205.0,0.0,0.0,0.0,0.0,0.0,1,0,0,0,6.0,31.0,0,1,0,0,1,0,0,0,0.0,24.6667,18.5,6.0,0,0,0,0,0,0,2,37,1,6,62,0,1,20,0.0,0.0,0.0,0.0,0.0,0.0,0.0,0.0
443,49958,6,0.0,0.0,0.0,0.0,0.0,0.0,0.0,0.0,0.0,0.0,20.0,0.0,20.0,20.0,0.0,0.0,0.0,0.0,0.0,0.0,0.0,0.0,0.0,0.0,0,0,0,0,0.0,0.0,0,0,0,0,1,0,0,0,1.0,0.0,0.0,0.0,0,0,0,0,0,0,1,0,1,0,349,314,0,32,0.0,0.0,0.0,0.0,0.0,0.0,0.0,0.0
56177,53,17,68.0,158.0,34.0,34.0,34.0,0.0,79.0,79.0,79.0,0.0,13351.66,23147.651,40008.0,4.0,4.0,4.0,0.0,4.0,4.0,49.0,49.0,0.0,49.0,49.0,0,0,0,0,34.0,79.0,0,0,0,0,0,0,0,0,1.0,65.0,34.0,79.0,0,0,0,0,0,0,2,68,2,158,-1,-1,1,32,0.0,0.0,0.0,0.0,0.0,0.0,0.0,0.0
37267,53,17,74.0,154.0,37.0,37.0,37.0,0.0,77.0,77.0,77.0,0.0,59.66,69.518,125.0,4.0,4.0,4.0,0.0,4.0,4.0,48.0,48.0,0.0,48.0,48.0,0,0,0,0,37.0,77.0,0,0,0,0,0,0,0,0,1.0,66.25,37.0,77.0,0,0,0,0,0,0,2,74,2,154,-1,-1,1,20,0.0,0.0,0.0,0.0,0.0,0.0,0.0,0.0
53848,53,17,90.0,614.0,45.0,45.0,45.0,0.0,307.0,307.0,307.0,0.0,35792.0,61888.499,117371.0,1.0,1.0,1.0,0.0,1.0,1.0,4.0,4.0,0.0,4.0,4.0,0,0,0,0,45.0,307.0,0,0,0,0,0,0,0,0,1.0,187.25,45.0,307.0,0,0,0,0,0,0,2,90,2,614,-1,-1,1,44,0.0,0.0,0.0,0.0,0.0,0.0,0.0,0.0
64685,53,17,64.0,256.0,32.0,32.0,32.0,0.0,128.0,128.0,128.0,0.0,60.0,100.903,179.0,3.0,3.0,3.0,0.0,3.0,3.0,3.0,3.0,0.0,3.0,3.0,0,0,0,0,32.0,128.0,0,0,0,0,0,0,0,0,1.0,88.0,32.0,128.0,0,0,0,0,0,0,2,64,2,256,-1,-1,1,32,0.0,0.0,0.0,0.0,0.0,0.0,0.0,0.0
40449,53,17,68.0,422.0,34.0,34.0,34.0,0.0,211.0,211.0,211.0,0.0,20386.66,35273.32,61153.0,3.0,3.0,3.0,0.0,3.0,3.0,3.0,3.0,0.0,3.0,3.0,0,0,0,0,34.0,211.0,0,0,0,0,0,0,0,0,1.0,131.0,34.0,211.0,0,0,0,0,0,0,2,68,2,422,-1,-1,1,20,0.0,0.0,0.0,0.0,0.0,0.0,0.0,0.0
50382,443,6,0.0,0.0,0.0,0.0,0.0,0.0,0.0,0.0,0.0,0.0,263461.0,0.0,263461.0,263461.0,0.0,0.0,0.0,0.0,0.0,0.0,0.0,0.0,0.0,0.0,0,0,0,0,0.0,0.0,0,0,0,0,1,1,0,0,1.0,0.0,0.0,0.0,0,0,0,0,0,0,1,0,1,0,429,4243,0,32,0.0,0.0,0.0,0.0,0.0,0.0,0.0,0.0
50223,443,6,1587.0,15996.0,1150.0,0.0,82.9412,274.3733,1418.0,0.0,997.5263,662.0896,12690.6,39508.496,170794.0,1.0,518426.0,29433.0,50452.671,270848.0,1.0,348557.0,32952.85,61422.442,190009.0,2.0,0,0,0,0,0.0,1418.0,0,0,0,1,0,0,0,0,0.0,483.3145,82.9412,997.5263,0,0,0,0,0,0,24,1587,19,15996,65535,362,5,32,0.0,0.0,0.0,0.0,0.0,0.0,0.0,0.0
50482,443,6,4084.0,19321.0,1389.0,0.0,170.3636,445.3596,1448.0,0.0,601.25,662.0936,1865004.64,3846773.519,10029800.0,8.0,49388619.0,3940565.91,5021636.942,10048026.0,196.0,47837168.0,3805928.28,4783885.699,10048174.0,49.0,0,0,0,0,0.0,1448.0,0,0,0,1,0,0,0,0,1.0,446.5197,170.3636,601.25,0,0,0,0,0,0,22,4084,28,19321,29200,1534,5,32,426605.75,938915.867,3336311.0,31520.0,10001498.42,9488.086,10029802.0,10059141.0
49827,443,6,1208.0,10258.0,915.0,0.0,71.5385,227.1696,3037.0,0.0,872.9333,1056.3024,4207.32,6501.923,15923.0,2.0,62664.0,7657.18,8684.179,29941.0,48.0,47885.0,5271.74,5316.264,15914.0,2.0,0,0,0,0,0.0,3037.0,0,0,0,1,0,0,0,0,0.0,419.5882,71.5385,872.9333,0,0,0,0,0,0,13,1208,15,10258,65535,32,12,20,0.0,0.0,0.0,0.0,0.0,0.0,0.0,0.0
54164,443,6,1113.0,3808.0,517.0,0.0,68.8636,150.6066,1418.0,0.0,253.9231,480.3398,2861854.86,4425924.719,10020141.0,2.0,115688664.0,5532070.75,5009151.832,10060028.0,3.0,110648150.0,6146590.35,4984543.376,10067678.0,2.0,0,0,0,0,0.0,1418.0,0,0,0,1,0,0,0,0,0.0,155.1374,68.8636,253.9231,0,0,0,0,0,0,22,1113,19,3808,29200,349,4,32,40889.58,47346.728,102263.0,36624.0,10014398.9,4247.607,10020146.0,9999919.0
443,63079,6,0.0,0.0,0.0,0.0,0.0,0.0,0.0,0.0,0.0,0.0,38.0,0.0,38.0,38.0,0.0,0.0,0.0,0.0,0.0,0.0,0.0,0.0,0.0,0.0,0,0,0,0,0.0,0.0,0,0,0,0,1,1,0,0,1.0,0.0,0.0,0.0,0,0,0,0,0,0,1,0,1,0,404,32832,0,32,0.0,0.0,0.0,0.0,0.0,0.0,0.0,0.0
54418,443,6,1412.0,4589.0,845.0,0.0,92.0,221.2862,2866.0,0.0,213.0714,715.5767,2781478.51,4463767.538,10027189.0,3.0,71590378.0,5180028.59,5187171.243,10063915.0,3.0,71745383.0,5875702.45,5104233.842,10063966.0,4.0,0,0,0,0,0.0,2866.0,0,0,0,1,0,0,0,0,0.0,149.88,92.0,213.0714,0,0,0,0,0,0,22,1412,14,4589,29200,5428,4,32,32034.11,93127.331,320048.0,41959.0,10014440.28,16463.558,10027185.0,9998346.0
54526,389,6,0.0,12.0,0.0,0.0,0.0,0.0,6.0,0.0,3.0,3.4641,26.33,40.711,77.0,1.0,0.0,0.0,0.0,0.0,0.0,7.0,7.33,3.267,9.0,1.0,0,0,0,0,0.0,6.0,0,0,0,0,1,1,0,0,4.0,2.4,0.0,3.0,0,0,0,0,0,0,1,0,4,12,1166,0,0,32,0.0,0.0,0.0,0.0,0.0,0.0,0.0,0.0
55594,443,6,12.0,0.0,6.0,6.0,6.0,0.0,0.0,0.0,0.0,0.0,3.0,0.0,3.0,3.0,3.0,3.0,0.0,3.0,3.0,0.0,0.0,0.0,0.0,0.0,0,0,0,0,6.0,6.0,1,0,0,0,0,0,0,0,0.0,9.0,6.0,0.0,0,0,0,0,0,0,2,12,0,0,0,-1,1,20,0.0,0.0,0.0,0.0,0.0,0.0,0.0,0.0
52654,53,17,68.0,110.0,34.0,34.0,34.0,0.0,55.0,55.0,55.0,0.0,49.66,89.902,142.0,1.0,4.0,4.0,0.0,4.0,4.0,1.0,1.0,0.0,1.0,1.0,0,0,0,0,34.0,55.0,0,0,0,0,0,0,0,0,1.0,53.0,34.0,55.0,0,0,0,0,0,0,2,68,2,110,-1,-1,1,32,0.0,0.0,0.0,0.0,0.0,0.0,0.0,0.0
123,123,17,96.0,96.0,48.0,48.0,48.0,0.0,48.0,48.0,48.0,0.0,21670653.0,36410243.041,63961091.0,28260.0,63992173.0,63992173.0,0.0,63992173.0,63992173.0,63999117.0,63999117.0,0.0,63999117.0,63999117.0,0,0,0,0,48.0,48.0,0,0,0,0,0,0,0,0,1.0,60.0,48.0,48.0,0,0,0,0,0,0,2,96,2,96,-1,-1,1,20,16810.0,0.0,16810.0,16810.0,63961084.0,0.0,63961084.0,63961084.0
61401,53,17,76.0,154.0,38.0,38.0,38.0,0.0,77.0,77.0,77.0,0.0,49.33,84.485,141.0,3.0,3.0,3.0,0.0,3.0,3.0,3.0,3.0,0.0,3.0,3.0,0,0,0,0,38.0,77.0,0,0,0,0,0,0,0,0,1.0,67.0,38.0,77.0,0,0,0,0,0,0,2,76,2,154,-1,-1,1,32,0.0,0.0,0.0,0.0,0.0,0.0,0.0,0.0
55503,80,6,12.0,0.0,6.0,6.0,6.0,0.0,0.0,0.0,0.0,0.0,56.0,0.0,56.0,56.0,56.0,56.0,0.0,56.0,56.0,0.0,0.0,0.0,0.0,0.0,0,0,0,0,6.0,6.0,0,0,0,0,1,0,0,0,0.0,9.0,6.0,0.0,0,0,0,0,0,0,2,12,0,0,256,-1,1,20,0.0,0.0,0.0,0.0,0.0,0.0,0.0,0.0
36218,80,6,617.0,12138.0,303.0,0.0,41.8421,112.2581,2896.0,0.0,765.2,1071.1832,2104363.48,4099877.945,10223653.0,28.0,51096243.0,3833649.15,5005869.195,10240016.0,40.0,61010441.0,4645181.41,5190809.558,10240295.0,2186.0,0,0,0,0,0.0,2896.0,0,0,0,1,0,0,0,0,1.0,414.8565,41.8421,765.2,0,0,0,0,0,0,17,617,15,12138,29200,239,2,32,67680.8,39462.951,181165.0,22957.0,10196419.5,58306.785,10223658.0,10006703.0
52547,53,17,84.0,310.0,42.0,42.0,42.0,0.0,155.0,155.0,155.0,0.0,80.33,137.337,239.0,3.0,3.0,3.0,0.0,3.0,3.0,3.0,3.0,0.0,3.0,3.0,0,0,0,0,42.0,155.0,0,0,0,0,0,0,0,0,1.0,109.0,42.0,155.0,0,0,0,0,0,0,2,84,2,310,-1,-1,1,20,0.0,0.0,0.0,0.0,0.0,0.0,0.0,0.0
60941,53,17,43.0,101.0,43.0,43.0,43.0,0.0,101.0,101.0,101.0,0.0,23383.0,0.0,23383.0,23383.0,0.0,0.0,0.0,0.0,0.0,0.0,0.0,0.0,0.0,0.0,0,0,0,0,43.0,101.0,0,0,0,0,0,0,0,0,1.0,93.5,43.0,101.0,0,0,0,0,0,0,1,43,1,101,-1,-1,0,32,0.0,0.0,0.0,0.0,0.0,0.0,0.0,0.0
65572,443,6,713.0,479.0,469.0,0.0,71.3,147.2874,341.0,0.0,95.8,149.5299,6118.14,9499.739,23218.0,49.0,81693.0,9428.44,10709.214,25971.0,49.0,50335.0,12306.25,12857.48,24219.0,390.0,0,0,0,0,0.0,469.0,0,0,0,1,0,0,0,0,0.0,79.4667,71.3,95.8,0,0,0,0,0,0,10,713,5,479,65535,972,5,32,0.0,0.0,0.0,0.0,0.0,0.0,0.0,0.0
52816,80,6,12.0,0.0,6.0,6.0,6.0,0.0,0.0,0.0,0.0,0.0,83.0,0.0,83.0,83.0,83.0,83.0,0.0,83.0,83.0,0.0,0.0,0.0,0.0,0.0,0,0,0,0,6.0,6.0,0,0,0,0,1,0,0,0,0.0,9.0,6.0,0.0,0,0,0,0,0,0,2,12,0,0,256,-1,1,20,0.0,0.0,0.0,0.0,0.0,0.0,0.0,0.0
4223,80,6,513.0,802.0,411.0,0.0,32.3125,107.8605,796.0,0.0,57.7143,212.1226,3974660.0,4864258.022,10011830.0,133.0,115984218.0,7793508.86,4127063.807,10036278.0,2768.0,110359027.0,8487438.86,3756348.925,10032864.0,792.0,0,0,0,0,0.0,796.0,0,0,0,1,0,0,0,0,0.0,43.0333,32.3125,57.7143,0,0,0,0,0,0,16,513,14,802,8192,288,15,20,22020.45,21832.339,94758.0,23003.0,9999779.81,65789.504,10011830.0,9955730.0
53311,53,17,90.0,222.0,45.0,45.0,45.0,0.0,111.0,111.0,111.0,0.0,71.66,88.03,162.0,1.0,1.0,1.0,0.0,1.0,1.0,49.0,49.0,0.0,49.0,49.0,0,0,0,0,45.0,111.0,0,0,0,0,0,0,0,0,1.0,89.25,45.0,111.0,0,0,0,0,0,0,2,90,2,222,-1,-1,1,20,0.0,0.0,0.0,0.0,0.0,0.0,0.0,0.0
50369,443,6,2319.0,7795.0,2145.0,0.0,361.0,868.3476,1460.0,2.0,799.0,709.4734,688707.36,2416833.991,9937533.0,4.0,386853.0,93172.85,97847.069,138651.0,148.0,10157729.0,941553.85,2994639.875,9996066.0,4.0,0,0,0,0,0.0,2145.0,0,0,0,1,0,0,0,0,1.0,574.7,361.0,799.0,0,0,0,0,0,0,8,2319,10,7795,8192,35021,7,20,502282.0,0.0,502282.0,502282.0,9937534.0,0.0,9937534.0,9937534.0
443,53518,6,6.0,6.0,6.0,6.0,6.0,0.0,6.0,6.0,6.0,0.0,4.0,0.0,4.0,4.0,0.0,0.0,0.0,0.0,0.0,0.0,0.0,0.0,0.0,0.0,0,0,0,0,6.0,6.0,0,0,0,0,1,1,0,0,1.0,9.0,6.0,6.0,0,0,0,0,0,0,1,6,1,6,32,32850,0,20,0.0,0.0,0.0,0.0,0.0,0.0,0.0,0.0
60701,53,17,55.0,71.0,55.0,55.0,55.0,0.0,71.0,71.0,71.0,0.0,30730.0,0.0,30730.0,30730.0,0.0,0.0,0.0,0.0,0.0,0.0,0.0,0.0,0.0,0.0,0,0,0,0,55.0,71.0,0,0,0,0,0,0,0,0,1.0,90.5,55.0,71.0,0,0,0,0,0,0,1,55,1,71,-1,-1,0,20,0.0,0.0,0.0,0.0,0.0,0.0,0.0,0.0
49324,80,6,6.0,6.0,6.0,6.0,6.0,0.0,6.0,6.0,6.0,0.0,15088.0,0.0,15088.0,15088.0,0.0,0.0,0.0,0.0,0.0,0.0,0.0,0.0,0.0,0.0,0,0,0,0,6.0,6.0,0,0,0,0,1,1,0,0,1.0,9.0,6.0,6.0,0,0,0,0,0,0,1,6,1,6,318,39,0,20,0.0,0.0,0.0,0.0,0.0,0.0,0.0,0.0
443,58867,6,12.0,0.0,6.0,0.0,4.0,3.4641,0.0,0.0,0.0,0.0,17516.0,24052.472,35089.0,41.0,35036.0,17518.0,23892.142,35089.0,5396.0,0.0,0.0,0.0,0.0,0.0,0,0,0,0,0.0,6.0,0,0,0,0,1,0,0,0,0.0,4.0,4.0,0.0,0,0,0,0,0,0,3,12,1,0,257,33304,2,20,0.0,0.0,0.0,0.0,0.0,0.0,0.0,0.0
56846,80,6,686.0,647.0,672.0,0.0,87.2,308.0,647.0,0.0,181.3333,346.015,3510581.94,4857071.513,10059018.0,125.0,60281998.0,6727799.0,5174346.365,10112511.0,181.0,60259682.0,7665934.5,4917187.197,10112002.0,1059.0,0,0,0,0,0.0,672.0,0,0,0,1,0,0,0,0,1.0,150.1667,87.2,181.3333,0,0,0,0,0,0,10,686,11,647,8192,111,9,20,112892.16,51416.609,202148.0,87411.0,9961757.0,118249.216,10059018.0,9800469.0
62122,443,6,37.0,0.0,31.0,6.0,18.5,17.6777,0.0,0.0,0.0,0.0,1.0,0.0,1.0,1.0,1.0,1.0,0.0,1.0,1.0,0.0,0.0,0.0,0.0,0.0,1,0,0,0,6.0,31.0,0,1,0,0,1,0,0,0,0.0,34.0,18.5,0.0,0,0,0,0,0,0,2,37,0,0,322,-1,1,20,0.0,0.0,0.0,0.0,0.0,0.0,0.0,0.0
443,63623,6,0.0,0.0,0.0,0.0,0.0,0.0,0.0,0.0,0.0,0.0,99.0,0.0,99.0,99.0,0.0,0.0,0.0,0.0,0.0,0.0,0.0,0.0,0.0,0.0,0,0,0,0,0.0,0.0,0,0,0,0,1,0,0,0,1.0,0.0,0.0,0.0,0,0,0,0,0,0,1,0,1,0,362,32832,0,32,0.0,0.0,0.0,0.0,0.0,0.0,0.0,0.0
61500,443,6,1755.0,2372.0,1137.0,0.0,262.1667,458.3203,1460.0,0.0,360.25,537.4257,781047.0,2153902.838,6301831.0,3.0,7138734.0,1275711.8,2525747.355,6301831.0,174.0,429667.0,86915.33,232633.117,231800.0,3.0,0,0,0,0,0.0,1460.0,0,0,0,1,0,0,0,0,1.0,321.6194,262.1667,360.25,0,0,0,0,0,0,6,1755,4,2372,8192,6264,5,20,0.0,0.0,0.0,0.0,0.0,0.0,0.0,0.0
123,123,17,48.0,48.0,48.0,48.0,48.0,0.0,48.0,48.0,48.0,0.0,87181.0,0.0,87181.0,87181.0,0.0,0.0,0.0,0.0,0.0,0.0,0.0,0.0,0.0,0.0,0,0,0,0,48.0,48.0,0,0,0,0,0,0,0,0,1.0,72.0,48.0,48.0,0,0,0,0,0,0,1,48,1,48,-1,-1,0,20,0.0,0.0,0.0,0.0,0.0,0.0,0.0,0.0
443,39740,6,31.0,0.0,31.0,0.0,15.5,21.9203,0.0,0.0,0.0,0.0,4.0,0.0,4.0,4.0,4.0,4.0,0.0,4.0,4.0,0.0,0.0,0.0,0.0,0.0,1,0,0,0,0.0,31.0,0,1,0,0,1,0,0,0,0.0,31.0,15.5,0.0,0,0,0,0,0,0,2,31,0,0,939,-1,0,32,0.0,0.0,0.0,0.0,0.0,0.0,0.0,0.0
45106,443,6,0.0,0.0,0.0,0.0,0.0,0.0,0.0,0.0,0.0,0.0,95203.0,0.0,95203.0,95203.0,0.0,0.0,0.0,0.0,0.0,0.0,0.0,0.0,0.0,0.0,0,0,0,0,0.0,0.0,0,0,0,0,1,1,0,0,1.0,0.0,0.0,0.0,0,0,0,0,0,0,1,0,1,0,376,252,0,32,0.0,0.0,0.0,0.0,0.0,0.0,0.0,0.0
443,52344,6,0.0,0.0,0.0,0.0,0.0,0.0,0.0,0.0,0.0,0.0,88.0,0.0,88.0,88.0,0.0,0.0,0.0,0.0,0.0,0.0,0.0,0.0,0.0,0.0,0,0,0,0,0.0,0.0,0,0,0,0,1,1,0,0,1.0,0.0,0.0,0.0,0,0,0,0,0,0,1,0,1,0,362,32832,0,32,0.0,0.0,0.0,0.0,0.0,0.0,0.0,0.0
50054,53,17,84.0,204.0,42.0,42.0,42.0,0.0,102.0,102.0,102.0,0.0,54.66,83.128,158.0,3.0,4.0,4.0,0.0,4.0,4.0,3.0,3.0,0.0,3.0,3.0,0,0,0,0,42.0,102.0,0,0,0,0,0,0,0,0,1.0,82.5,42.0,102.0,0,0,0,0,0,0,2,84,2,204,-1,-1,1,20,0.0,0.0,0.0,0.0,0.0,0.0,0.0,0.0
61332,53,17,56.0,214.0,56.0,56.0,56.0,0.0,214.0,214.0,214.0,0.0,47466.0,0.0,47466.0,47466.0,0.0,0.0,0.0,0.0,0.0,0.0,0.0,0.0,0.0,0.0,0,0,0,0,56.0,214.0,0,0,0,0,0,0,0,0,1.0,163.0,56.0,214.0,0,0,0,0,0,0,1,56,1,214,-1,-1,0,20,0.0,0.0,0.0,0.0,0.0,0.0,0.0,0.0
59909,53,17,78.0,110.0,39.0,39.0,39.0,0.0,55.0,55.0,55.0,0.0,10253.33,17760.676,30755.0,4.0,4.0,4.0,0.0,4.0,4.0,4.0,4.0,0.0,4.0,4.0,0,0,0,0,39.0,55.0,0,0,0,0,0,0,0,0,1.0,56.75,39.0,55.0,0,0,0,0,0,0,2,78,2,110,-1,-1,1,20,0.0,0.0,0.0,0.0,0.0,0.0,0.0,0.0
64616,80,6,555.0,257.0,855.0,0.0,171.0,373.4372,257.0,0.0,69.75,142.5,14812.16,24593.337,50396.0,63.0,56113.0,28056.5,30491.506,52846.0,447.0,53484.0,26444.33,36632.325,51555.0,1093.0,0,0,0,0,0.0,855.0,0,0,0,1,0,0,0,0,1.0,136.275,171.0,69.75,0,0,0,0,0,0,3,555,4,257,65535,939,1,32,0.0,0.0,0.0,0.0,0.0,0.0,0.0,0.0
60732,53,17,41.0,102.0,41.0,41.0,41.0,0.0,102.0,102.0,102.0,0.0,97904.0,0.0,97904.0,97904.0,0.0,0.0,0.0,0.0,0.0,0.0,0.0,0.0,0.0,0.0,0,0,0,0,41.0,102.0,0,0,0,0,0,0,0,0,1.0,92.0,41.0,102.0,0,0,0,0,0,0,1,41,1,102,-1,-1,0,32,0.0,0.0,0.0,0.0,0.0,0.0,0.0,0.0
52488,443,6,18.0,0.0,6.0,6.0,6.0,0.0,0.0,0.0,0.0,0.0,74.33,91.114,160.0,3.0,212.0,106.0,142.364,209.0,3.0,0.0,0.0,0.0,0.0,0.0,0,0,0,0,0.0,6.0,1,0,0,0,0,0,0,0,0.0,6.0,6.0,0.0,0,0,0,0,0,0,3,18,1,0,0,972,2,20,0.0,0.0,0.0,0.0,0.0,0.0,0.0,0.0
61582,53,17,68.0,100.0,34.0,34.0,34.0,0.0,50.0,50.0,50.0,0.0,60.33,69.86,130.0,3.0,49.0,49.0,0.0,49.0,49.0,3.0,3.0,0.0,3.0,3.0,0,0,0,0,34.0,50.0,0,0,0,0,0,0,0,0,1.0,50.5,34.0,50.0,0,0,0,0,0,0,2,68,2,100,-1,-1,1,20,0.0,0.0,0.0,0.0,0.0,0.0,0.0,0.0
51197,443,6,1355.0,1758.0,654.0,0.0,180.7143,305.9936,787.0,0.0,292.25,398.6728,482863.83,1390187.716,4907518.0,4.0,251530.0,42392.33,50927.31,54089.0,154.0,5175522.0,872376.0,2002041.012,5000437.0,4.0,0,0,0,0,0.0,787.0,0,0,0,1,0,0,0,0,1.0,258.5889,180.7143,292.25,0,0,0,0,0,0,7,1355,8,1758,8192,19,6,20,0.0,0.0,0.0,0.0,0.0,0.0,0.0,0.0
60551,53,17,43.0,93.0,43.0,43.0,43.0,0.0,93.0,93.0,93.0,0.0,61609.0,0.0,61609.0,61609.0,0.0,0.0,0.0,0.0,0.0,0.0,0.0,0.0,0.0,0.0,0,0,0,0,43.0,93.0,0,0,0,0,0,0,0,0,1.0,99.5,43.0,93.0,0,0,0,0,0,0,1,43,1,93,-1,-1,0,32,0.0,0.0,0.0,0.0,0.0,0.0,0.0,0.0
3423,80,6,12.0,0.0,6.0,6.0,6.0,0.0,0.0,0.0,0.0,0.0,4685.0,0.0,4685.0,4685.0,4685.0,4685.0,0.0,4685.0,4685.0,0.0,0.0,0.0,0.0,0.0,0,0,0,0,6.0,6.0,0,0,0,0,1,0,0,0,0.0,9.0,6.0,0.0,0,0,0,0,0,0,2,12,0,0,61258,-1,1,20,0.0,0.0,0.0,0.0,0.0,0.0,0.0,0.0
60728,53,17,59.0,112.0,59.0,59.0,59.0,0.0,112.0,112.0,112.0,0.0,30441.0,0.0,30441.0,30441.0,0.0,0.0,0.0,0.0,0.0,0.0,0.0,0.0,0.0,0.0,0,0,0,0,59.0,112.0,0,0,0,0,0,0,0,0,1.0,115.0,59.0,112.0,0,0,0,0,0,0,1,59,1,112,-1,-1,0,32,0.0,0.0,0.0,0.0,0.0,0.0,0.0,0.0
56307,443,6,0.0,0.0,0.0,0.0,0.0,0.0,0.0,0.0,0.0,0.0,800.0,0.0,800.0,800.0,800.0,800.0,0.0,800.0,800.0,0.0,0.0,0.0,0.0,0.0,0,0,0,0,0.0,0.0,0,0,0,0,1,0,0,0,1.0,0.0,0.0,0.0,0,0,0,0,0,0,1,0,1,0,32832,350,0,32,0.0,0.0,0.0,0.0,0.0,0.0,0.0,0.0
36215,80,6,0.0,0.0,0.0,0.0,0.0,0.0,0.0,0.0,0.0,0.0,193642.0,0.0,193642.0,193642.0,0.0,0.0,0.0,0.0,0.0,0.0,0.0,0.0,0.0,0.0,0,0,0,0,0.0,0.0,0,0,0,0,1,1,0,0,1.0,0.0,0.0,0.0,0,0,0,0,0,0,1,0,1,0,205,939,0,32,0.0,0.0,0.0,0.0,0.0,0.0,0.0,0.0
35180,443,6,0.0,0.0,0.0,0.0,0.0,0.0,0.0,0.0,0.0,0.0,207.0,0.0,207.0,207.0,207.0,207.0,0.0,207.0,207.0,0.0,0.0,0.0,0.0,0.0,0,0,0,0,0.0,0.0,0,0,0,0,1,0,0,0,0.0,0.0,0.0,0.0,0,0,0,0,0,0,2,0,0,0,357,-1,0,32,0.0,0.0,0.0,0.0,0.0,0.0,0.0,0.0
123,123,17,48.0,48.0,48.0,48.0,48.0,0.0,48.0,48.0,48.0,0.0,83503.0,0.0,83503.0,83503.0,0.0,0.0,0.0,0.0,0.0,0.0,0.0,0.0,0.0,0.0,0,0,0,0,48.0,48.0,0,0,0,0,0,0,0,0,1.0,72.0,48.0,48.0,0,0,0,0,0,0,1,48,1,48,-1,-1,0,20,0.0,0.0,0.0,0.0,0.0,0.0,0.0,0.0
443,49788,6,6.0,6.0,6.0,6.0,6.0,0.0,6.0,6.0,6.0,0.0,66.0,0.0,66.0,66.0,0.0,0.0,0.0,0.0,0.0,0.0,0.0,0.0,0.0,0.0,0,0,0,0,6.0,6.0,0,0,0,0,1,0,0,0,1.0,9.0,6.0,6.0,0,0,0,0,0,0,1,6,1,6,20030,16317,0,20,0.0,0.0,0.0,0.0,0.0,0.0,0.0,0.0
443,65583,6,0.0,18.0,0.0,0.0,0.0,0.0,6.0,6.0,6.0,0.0,43626.5,87725.807,174201.0,1.0,174358.0,174358.0,0.0,174358.0,174358.0,4.0,2.0,1.414,3.0,1.0,0,0,0,0,0.0,6.0,0,0,0,0,1,0,0,0,1.0,3.6,0.0,6.0,0,0,0,0,0,0,2,0,3,18,127,0,0,32,0.0,0.0,0.0,0.0,0.0,0.0,0.0,0.0
57571,53,17,94.0,256.0,47.0,47.0,47.0,0.0,128.0,128.0,128.0,0.0,77.33,133.112,221.0,3.0,3.0,3.0,0.0,3.0,3.0,3.0,3.0,0.0,3.0,3.0,0,0,0,0,47.0,128.0,0,0,0,0,0,0,0,0,1.0,99.25,47.0,128.0,0,0,0,0,0,0,2,94,2,256,-1,-1,1,32,0.0,0.0,0.0,0.0,0.0,0.0,0.0,0.0
123,123,17,96.0,96.0,48.0,48.0,48.0,0.0,48.0,48.0,48.0,0.0,22180641.66,38160653.914,66374834.0,24526.0,67300183.0,67300183.0,0.0,67300183.0,67300183.0,67336979.0,67336979.0,0.0,67336979.0,67336979.0,0,0,0,0,48.0,48.0,0,0,0,0,0,0,0,0,1.0,60.0,48.0,48.0,0,0,0,0,0,0,2,96,2,96,-1,-1,1,20,28232.0,0.0,28232.0,28232.0,66374868.0,0.0,66374838.0,66374868.0
57720,443,6,365.0,5281.0,204.0,0.0,40.375,75.592,2377.0,0.0,922.6667,1071.1689,10850.26,15465.057,26440.0,38.0,99623.0,18989.0,16420.257,29443.0,98.0,40459.0,10031.8,22689.371,44709.0,349.0,0,0,0,0,0.0,2377.0,0,0,0,1,0,0,0,0,0.0,414.85,40.375,922.6667,0,0,0,0,0,0,8,365,6,5281,8192,110,7,20,0.0,0.0,0.0,0.0,0.0,0.0,0.0,0.0
61808,53,17,108.0,181.0,66.0,42.0,54.0,11.3137,112.0,74.0,90.5,21.8155,24958660.0,49601490.416,83736539.0,40663.0,83730920.0,83730920.0,0.0,83730920.0,83730920.0,83787227.0,83787227.0,0.0,84787227.0,83787227.0,0,0,0,0,42.0,112.0,0,0,0,0,0,0,0,0,1.0,89.25,54.0,90.5,0,0,0,0,0,0,2,108,2,181,-1,-1,1,20,48735.0,0.0,48735.0,48735.0,83736545.0,0.0,83736545.0,83736545.0
61947,53,17,115.0,168.0,64.0,51.0,55.5,2.1213,107.0,81.0,84.0,22.1206,30404647.33,53883011.967,92328269.0,30522.0,92444486.0,92444486.0,0.0,92444486.0,92444486.0,92444512.0,92444512.0,0.0,92444512.0,92444512.0,0,0,0,0,51.0,107.0,0,0,0,0,0,0,0,0,1.0,99.25,55.5,84.0,0,0,0,0,0,0,2,115,2,168,-1,-1,1,32,30602.0,0.0,30602.0,30602.0,92328258.0,0.0,92328268.0,92328258.0
80,40771,6,0.0,0.0,0.0,0.0,0.0,0.0,0.0,0.0,0.0,0.0,59.0,0.0,59.0,59.0,0.0,0.0,0.0,0.0,0.0,0.0,0.0,0.0,0.0,0.0,0,0,0,0,0.0,0.0,0,0,0,0,1,1,0,0,1.0,0.0,0.0,0.0,0,0,0,0,0,0,1,0,1,0,605,229,0,32,0.0,0.0,0.0,0.0,0.0,0.0,0.0,0.0
443,56785,6,0.0,0.0,0.0,0.0,0.0,0.0,0.0,0.0,0.0,0.0,3.0,0.0,3.0,3.0,3.0,3.0,0.0,3.0,3.0,0.0,0.0,0.0,0.0,0.0,0,0,0,0,0.0,0.0,0,0,0,0,1,0,0,0,0.0,0.0,0.0,0.0,0,0,0,0,0,0,2,0,0,0,492,-1,0,32,0.0,0.0,0.0,0.0,0.0,0.0,0.0,0.0
49674,53,17,60.0,414.0,30.0,30.0,30.0,0.0,207.0,207.0,207.0,0.0,10425.33,18077.092,31221.0,3.0,3.0,3.0,0.0,3.0,3.0,3.0,3.0,0.0,3.0,3.0,0,0,0,0,30.0,207.0,0,0,0,0,0,0,0,0,1.0,126.0,30.0,207.0,0,0,0,0,0,0,2,60,2,414,-1,-1,1,32,0.0,0.0,0.0,0.0,0.0,0.0,0.0,0.0
80,42772,6,0.0,0.0,0.0,0.0,0.0,0.0,0.0,0.0,0.0,0.0,47.0,0.0,47.0,47.0,0.0,0.0,0.0,0.0,0.0,0.0,0.0,0.0,0.0,0.0,0,0,0,0,0.0,0.0,0,0,0,0,1,1,0,0,1.0,0.0,0.0,0.0,0,0,0,0,0,0,1,0,1,0,285,229,0,32,0.0,0.0,0.0,0.0,0.0,0.0,0.0,0.0
60952,443,6,936.0,4671.0,453.0,0.0,66.0667,136.5362,1836.0,0.0,610.4737,803.7652,11028.5,32700.318,140914.0,1.0,302345.0,22493.07,46190.279,150914.0,1.0,365010.0,53378.62,69092.257,145360.0,49.0,0,0,0,0,0.0,1836.0,0,0,0,1,0,0,0,0,0.0,257.7011,66.0667,610.4737,0,0,0,0,0,0,15,936,9,4671,65535,172,6,32,0.0,0.0,0.0,0.0,0.0,0.0,0.0,0.0
64889,53,17,84.0,204.0,42.0,42.0,42.0,0.0,102.0,102.0,102.0,0.0,69.33,32.865,102.0,47.0,47.0,47.0,0.0,47.0,47.0,49.0,49.0,0.0,49.0,49.0,0,0,0,0,42.0,102.0,0,0,0,0,0,0,0,0,1.0,82.5,42.0,102.0,0,0,0,0,0,0,2,84,2,204,-1,-1,1,20,0.0,0.0,0.0,0.0,0.0,0.0,0.0,0.0
54761,53,17,120.0,444.0,30.0,30.0,30.0,0.0,222.0,222.0,222.0,0.0,12390.2,16838.993,31122.0,3.0,31142.0,10380.33,17197.266,31146.0,3.0,4.0,4.0,0.0,4.0,4.0,0,0,0,0,30.0,222.0,0,0,0,0,0,0,0,0,0.0,97.0,30.0,222.0,0,0,0,0,0,0,4,120,2,444,-1,-1,3,20,0.0,0.0,0.0,0.0,0.0,0.0,0.0,0.0
61109,53,17,60.0,228.0,30.0,30.0,30.0,0.0,114.0,114.0,114.0,0.0,23822.0,41311.363,71469.0,3.0,49.0,49.0,0.0,49.0,49.0,3.0,3.0,0.0,3.0,3.0,0,0,0,0,30.0,114.0,0,0,0,0,0,0,0,0,1.0,79.5,30.0,114.0,0,0,0,0,0,0,2,60,2,228,-1,-1,1,32,0.0,0.0,0.0,0.0,0.0,0.0,0.0,0.0
443,53426,6,37.0,0.0,37.0,0.0,18.5,26.163,0.0,0.0,0.0,0.0,3.0,0.0,3.0,3.0,3.0,3.0,0.0,3.0,3.0,0.0,0.0,0.0,0.0,0.0,1,0,0,0,0.0,37.0,0,1,0,0,1,0,0,0,0.0,37.0,18.5,0.0,0,0,0,0,0,0,2,37,0,0,972,-1,0,32,0.0,0.0,0.0,0.0,0.0,0.0,0.0,0.0
49238,443,6,12.0,0.0,6.0,6.0,6.0,0.0,0.0,0.0,0.0,0.0,3.0,0.0,3.0,3.0,3.0,3.0,0.0,3.0,3.0,0.0,0.0,0.0,0.0,0.0,0,0,0,0,6.0,6.0,1,0,0,0,0,0,0,0,0.0,9.0,6.0,0.0,0,0,0,0,0,0,2,12,0,0,0,-1,1,20,0.0,0.0,0.0,0.0,0.0,0.0,0.0,0.0
50863,80,6,12.0,0.0,6.0,6.0,6.0,0.0,0.0,0.0,0.0,0.0,146.0,0.0,146.0,146.0,146.0,146.0,0.0,146.0,146.0,0.0,0.0,0.0,0.0,0.0,0,0,0,0,6.0,6.0,0,0,0,0,1,0,0,0,0.0,9.0,6.0,0.0,0,0,0,0,0,0,2,12,0,0,251,-1,1,20,0.0,0.0,0.0,0.0,0.0,0.0,0.0,0.0
60145,80,6,393.0,512.0,381.0,0.0,110.3333,190.0207,512.0,0.0,136.5,263.0166,29634.0,50387.871,87151.0,46.0,87786.0,43893.0,32048.605,89781.0,447.0,80800.0,80430.0,0.0,80800.0,80400.0,0,0,0,0,0.0,511.0,0,0,0,1,0,0,0,0,0.0,119.5,110.3333,136.5,0,0,0,0,0,0,3,393,2,512,8192,123,2,20,0.0,0.0,0.0,0.0,0.0,0.0,0.0,0.0
57915,443,6,2405.0,3651.0,178.0,0.0,113.3471,55.7869,80.0,6.0,168.3889,7.6765,287088.47,1224478.188,7331535.0,0.0,6757455.0,381818.84,1883565.637,7336599.0,0.0,6674175.0,692657.95,1591092.783,7457327.0,3.0,1,0,0,0,0.0,178.0,0,1,0,0,1,0,0,0,1.0,130.8615,113.3471,168.3889,0,0,0,0,0,0,37,2405,43,3651,451,573,36,20,2978759.0,0.0,2978759.0,2978759.0,7331574.0,0.0,7331534.0,7331574.0
62528,53,17,55.0,218.0,55.0,55.0,55.0,0.0,218.0,218.0,218.0,0.0,60513.0,0.0,60513.0,60513.0,0.0,0.0,0.0,0.0,0.0,0.0,0.0,0.0,0.0,0.0,0,0,0,0,55.0,218.0,0,0,0,0,0,0,0,0,1.0,164.0,55.0,218.0,0,0,0,0,0,0,1,55,1,218,-1,-1,0,40,0.0,0.0,0.0,0.0,0.0,0.0,0.0,0.0
56346,53,17,130.0,206.0,65.0,65.0,65.0,0.0,103.0,103.0,103.0,0.0,15892.33,27558.46,47672.0,3.0,3.0,3.0,0.0,3.0,3.0,48.0,48.0,0.0,48.0,48.0,0,0,0,0,65.0,103.0,0,0,0,0,0,0,0,0,1.0,105.25,65.0,103.0,0,0,0,0,0,0,2,130,2,206,-1,-1,1,20,0.0,0.0,0.0,0.0,0.0,0.0,0.0,0.0
62008,53,17,64.0,96.0,32.0,32.0,32.0,0.0,48.0,48.0,48.0,0.0,50.0,86.402,152.0,3.0,3.0,3.0,0.0,3.0,3.0,3.0,3.0,0.0,3.0,3.0,0,0,0,0,32.0,48.0,0,0,0,0,0,0,0,0,1.0,48.0,32.0,48.0,0,0,0,0,0,0,2,64,2,96,-1,-1,1,20,0.0,0.0,0.0,0.0,0.0,0.0,0.0,0.0
3489,443,6,599.0,160.0,517.0,0.0,85.5714,191.3085,160.0,0.0,53.3333,92.376,532271.88,1554942.188,4897984.0,4.0,5088919.0,897717.16,2029758.857,5899348.0,4.0,193997.0,67999.5,66381.842,177473.0,24947.0,0,0,0,0,0.0,517.0,0,0,0,1,0,0,0,0,0.0,75.9,85.5714,53.3333,0,0,0,0,0,0,7,599,3,160,29200,59,3,32,0.0,0.0,0.0,0.0,0.0,0.0,0.0,0.0
443,61111,6,0.0,0.0,0.0,0.0,0.0,0.0,0.0,0.0,0.0,0.0,185.0,0.0,185.0,185.0,0.0,0.0,0.0,0.0,0.0,0.0,0.0,0.0,0.0,0.0,0,0,0,0,0.0,0.0,0,0,0,0,1,1,0,0,1.0,0.0,0.0,0.0,0,0,0,0,0,0,1,0,1,0,91,33304,0,32,0.0,0.0,0.0,0.0,0.0,0.0,0.0,0.0
55276,443,6,936.0,7413.0,469.0,0.0,65.0667,134.3489,1581.0,0.0,741.875,747.1777,13042.16,24732.691,83886.0,1.0,312126.0,23580.35,28082.831,83886.0,1.0,214748.0,26708.14,38797.708,93741.0,2.0,0,0,0,0,0.0,1581.0,0,0,0,1,0,0,0,0,0.0,335.5769,65.0667,741.875,0,0,0,0,0,0,15,936,16,7413,65535,357,6,32,0.0,0.0,0.0,0.0,0.0,0.0,0.0,0.0
49285,443,6,3559.0,5887.0,2781.0,0.0,398.0769,861.7454,1978.0,0.0,686.3333,823.501,727296.21,2519508.726,9944654.0,3.0,201065.0,37313.62,28158.129,191958.0,49.0,10223631.0,1491409.66,3797181.405,9999657.0,3.0,0,0,0,0,0.0,2981.0,0,0,0,1,0,0,0,0,1.0,597.3,398.0769,686.3333,0,0,0,0,0,0,9,3559,12,5887,29200,71,4,32,358561.0,0.0,358561.0,358561.0,9944647.0,0.0,9944647.0,9944647.0
49346,53,17,112.0,144.0,56.0,56.0,56.0,0.0,72.0,72.0,72.0,0.0,10284.0,17881.798,30845.0,3.0,3.0,3.0,0.0,3.0,3.0,3.0,3.0,0.0,3.0,3.0,0,0,0,0,56.0,72.0,0,0,0,0,0,0,0,0,1.0,78.0,56.0,72.0,0,0,0,0,0,0,2,112,2,144,-1,-1,1,32,0.0,0.0,0.0,0.0,0.0,0.0,0.0,0.0
2085,443,6,12.0,0.0,6.0,6.0,6.0,0.0,0.0,0.0,0.0,0.0,111.0,0.0,111.0,111.0,111.0,111.0,0.0,111.0,111.0,0.0,0.0,0.0,0.0,0.0,0,0,0,0,6.0,6.0,0,0,0,0,1,0,0,0,0.0,9.0,6.0,0.0,0,0,0,0,0,0,2,12,0,0,253,-1,1,20,0.0,0.0,0.0,0.0,0.0,0.0,0.0,0.0
60684,53,17,68.0,380.0,34.0,34.0,34.0,0.0,190.0,190.0,190.0,0.0,10213.33,17652.539,30539.0,3.0,49.0,49.0,0.0,49.0,49.0,3.0,3.0,0.0,3.0,3.0,0,0,0,0,34.0,190.0,0,0,0,0,0,0,0,0,1.0,120.5,34.0,190.0,0,0,0,0,0,0,2,68,2,380,-1,-1,1,32,0.0,0.0,0.0,0.0,0.0,0.0,0.0,0.0
60135,53,17,49.0,65.0,49.0,49.0,49.0,0.0,65.0,65.0,65.0,0.0,30627.0,0.0,30627.0,30627.0,0.0,0.0,0.0,0.0,0.0,0.0,0.0,0.0,0.0,0.0,0,0,0,0,49.0,65.0,0,0,0,0,0,0,0,0,1.0,81.5,49.0,65.0,0,0,0,0,0,0,1,49,1,65,-1,-1,0,40,0.0,0.0,0.0,0.0,0.0,0.0,0.0,0.0
6568,443,6,1138.0,1167.0,885.0,0.0,113.6,274.1613,1029.0,0.0,194.5,293.5296,18580.93,26325.403,87602.0,1.0,188821.0,36291.11,42245.265,91887.0,1.0,198702.0,45725.4,43541.109,87068.0,1.0,0,0,0,0,0.0,1029.0,0,0,0,1,0,0,0,0,0.0,143.9375,113.6,194.5,0,0,0,0,0,0,10,1138,6,1167,65535,116,5,32,0.0,0.0,0.0,0.0,0.0,0.0,0.0,0.0
49800,53,17,72.0,182.0,36.0,36.0,36.0,0.0,91.0,91.0,91.0,0.0,10384.33,17987.275,31145.0,3.0,49.0,49.0,0.0,49.0,49.0,3.0,3.0,0.0,3.0,3.0,0,0,0,0,36.0,91.0,0,0,0,0,0,0,0,0,1.0,72.5,36.0,91.0,0,0,0,0,0,0,2,72,2,182,-1,-1,1,32,0.0,0.0,0.0,0.0,0.0,0.0,0.0,0.0
44147,443,6,599.0,137.0,517.0,0.0,85.5714,191.3085,137.0,0.0,34.25,68.5,642662.9,1839867.237,5647584.0,3.0,5740837.0,987469.16,2397538.605,5705620.0,3.0,115249.0,35456.66,46783.1,72959.0,4.0,0,0,0,0,0.0,517.0,0,0,0,1,0,0,0,0,0.0,66.9,85.5714,34.25,0,0,0,0,0,0,7,599,4,137,29200,239,3,32,111797.0,0.0,111797.0,111797.0,5647548.0,0.0,5647588.0,5647548.0
55612,443,6,0.0,0.0,0.0,0.0,0.0,0.0,0.0,0.0,0.0,0.0,18719.5,25586.622,36714.0,3.0,3.0,3.0,0.0,3.0,3.0,0.0,0.0,0.0,0.0,0.0,0,0,0,0,0.0,0.0,0,0,0,0,1,1,0,0,0.0,0.0,0.0,0.0,0,0,0,0,0,0,2,0,1,0,32832,357,0,32,0.0,0.0,0.0,0.0,0.0,0.0,0.0,0.0
60311,443,6,1610.0,509.0,1368.0,0.0,153.4615,405.1073,401.0,0.0,107.8,177.4862,8607.07,14364.118,32560.0,3.0,115065.0,17701.5,19415.295,33784.0,3.0,79997.0,19999.75,16910.807,34756.0,703.0,0,0,0,0,0.0,1368.0,0,0,0,1,0,0,0,0,0.0,147.1333,153.4615,107.8,0,0,0,0,0,0,11,1610,5,509,65535,362,6,32,0.0,0.0,0.0,0.0,0.0,0.0,0.0,0.0
56613,53,17,208.0,160.0,52.0,52.0,52.0,0.0,80.0,80.0,80.0,0.0,7135.6,13534.616,30321.0,3.0,30362.0,10184.33,17585.007,30361.0,3.0,4.0,4.0,0.0,4.0,4.0,0,0,0,0,52.0,80.0,0,0,0,0,0,0,0,0,0.0,65.0,52.0,80.0,0,0,0,0,0,0,4,208,2,160,-1,-1,3,32,0.0,0.0,0.0,0.0,0.0,0.0,0.0,0.0
50642,53,17,90.0,156.0,45.0,45.0,45.0,0.0,78.0,78.0,78.0,0.0,68.66,113.342,204.0,3.0,3.0,3.0,0.0,3.0,3.0,4.0,4.0,0.0,4.0,4.0,0,0,0,0,45.0,78.0,0,0,0,0,0,0,0,0,1.0,75.75,45.0,78.0,0,0,0,0,0,0,2,90,2,156,-1,-1,1,32,0.0,0.0,0.0,0.0,0.0,0.0,0.0,0.0
443,63105,6,6.0,0.0,6.0,0.0,3.0,4.2426,0.0,0.0,0.0,0.0,11253.5,16356.943,22406.0,55.0,22457.0,22457.0,0.0,22457.0,22457.0,0.0,0.0,0.0,0.0,0.0,0,0,0,0,0.0,6.0,0,0,0,0,1,0,0,0,0.0,2.0,3.0,0.0,0,0,0,0,0,0,2,6,1,0,64,33304,1,20,0.0,0.0,0.0,0.0,0.0,0.0,0.0,0.0
61993,53,17,53.0,112.0,53.0,53.0,53.0,0.0,112.0,112.0,112.0,0.0,460.0,0.0,460.0,460.0,0.0,0.0,0.0,0.0,0.0,0.0,0.0,0.0,0.0,0.0,0,0,0,0,53.0,112.0,0,0,0,0,0,0,0,0,1.0,119.0,53.0,112.0,0,0,0,0,0,0,1,53,1,112,-1,-1,0,32,0.0,0.0,0.0,0.0,0.0,0.0,0.0,0.0
50459,80,6,435.0,568.0,315.0,0.0,27.7778,80.9362,568.0,0.0,52.8333,198.6823,3978090.06,4884814.195,10003803.0,44.0,115484061.0,7688454.06,4173132.438,10028365.0,286.0,110578734.0,8506427.57,3749510.117,10033082.0,6158.0,0,0,0,0,0.0,565.0,0,0,0,1,0,0,0,0,0.0,39.8667,27.7778,52.8333,0,0,0,0,0,0,17,435,15,568,8192,346,15,20,46132.72,73175.412,247059.0,36770.0,9998274.9,17642.389,10003808.0,9950514.0
61604,53,17,56.0,116.0,56.0,56.0,56.0,0.0,116.0,116.0,116.0,0.0,30525.0,0.0,30525.0,30525.0,0.0,0.0,0.0,0.0,0.0,0.0,0.0,0.0,0.0,0.0,0,0,0,0,56.0,116.0,0,0,0,0,0,0,0,0,1.0,114.0,56.0,116.0,0,0,0,0,0,0,1,56,1,116,-1,-1,0,32,0.0,0.0,0.0,0.0,0.0,0.0,0.0,0.0
57837,53,17,80.0,202.0,40.0,40.0,40.0,0.0,101.0,101.0,101.0,0.0,79.66,93.908,183.0,3.0,4.0,4.0,0.0,4.0,4.0,48.0,48.0,0.0,48.0,48.0,0,0,0,0,40.0,101.0,0,0,0,0,0,0,0,0,1.0,80.5,40.0,101.0,0,0,0,0,0,0,2,80,2,202,-1,-1,1,32,0.0,0.0,0.0,0.0,0.0,0.0,0.0,0.0
443,37180,6,0.0,0.0,0.0,0.0,0.0,0.0,0.0,0.0,0.0,0.0,54.0,0.0,54.0,54.0,0.0,0.0,0.0,0.0,0.0,0.0,0.0,0.0,0.0,0.0,0,0,0,0,0.0,0.0,0,0,0,0,1,1,0,0,1.0,0.0,0.0,0.0,0,0,0,0,0,0,1,0,1,0,120,338,0,32,0.0,0.0,0.0,0.0,0.0,0.0,0.0,0.0
443,59131,6,6.0,6.0,6.0,6.0,6.0,0.0,6.0,6.0,6.0,0.0,15.0,0.0,15.0,15.0,0.0,0.0,0.0,0.0,0.0,0.0,0.0,0.0,0.0,0.0,0,0,0,0,6.0,6.0,0,0,0,0,1,1,0,0,1.0,9.0,6.0,6.0,0,0,0,0,0,0,1,6,1,6,18,255,0,20,0.0,0.0,0.0,0.0,0.0,0.0,0.0,0.0
2814,443,6,2071.0,3759.0,1448.0,0.0,149.0,395.2121,1601.0,2.0,281.9167,575.3718,2521941.05,4410835.257,10003410.0,27.0,61335442.0,4603542.35,5158617.785,10035672.0,113.0,61468877.0,5531477.83,5177577.043,10031627.0,218.0,0,0,0,0,0.0,1601.0,0,0,0,1,0,0,0,0,0.0,251.3152,149.0,281.9167,0,0,0,0,0,0,15,2071,12,3759,8192,35080,14,20,287933.83,460704.815,1623961.0,50627.0,9957687.83,86356.433,10003413.0,9799500.0
65119,53,17,76.0,204.0,38.0,38.0,38.0,0.0,102.0,102.0,102.0,0.0,16297.33,28003.722,48885.0,4.0,48.0,48.0,0.0,48.0,48.0,4.0,4.0,0.0,4.0,4.0,0,0,0,0,38.0,102.0,0,0,0,0,0,0,0,0,1.0,79.5,38.0,102.0,0,0,0,0,0,0,2,76,2,204,-1,-1,1,20,0.0,0.0,0.0,0.0,0.0,0.0,0.0,0.0
22654,53,17,70.0,178.0,35.0,35.0,35.0,0.0,89.0,89.0,89.0,0.0,58.33,93.87,169.0,3.0,4.0,4.0,0.0,4.0,4.0,3.0,3.0,0.0,3.0,3.0,0,0,0,0,35.0,89.0,0,0,0,0,0,0,0,0,1.0,70.75,35.0,89.0,0,0,0,0,0,0,2,70,2,178,-1,-1,1,32,0.0,0.0,0.0,0.0,0.0,0.0,0.0,0.0
443,61333,6,0.0,18.0,0.0,0.0,0.0,0.0,6.0,6.0,6.0,0.0,43425.0,87177.523,173805.0,1.0,173830.0,173830.0,0.0,173830.0,173830.0,4.0,2.0,1.414,3.0,1.0,0,0,0,0,0.0,6.0,0,0,0,0,1,0,0,0,1.0,3.6,0.0,6.0,0,0,0,0,0,0,2,0,3,18,118,0,0,32,0.0,0.0,0.0,0.0,0.0,0.0,0.0,0.0
52043,53,17,90.0,228.0,45.0,45.0,45.0,0.0,114.0,114.0,114.0,0.0,10275.66,17758.176,30812.0,3.0,3.0,3.0,0.0,3.0,3.0,49.0,49.0,0.0,49.0,49.0,0,0,0,0,45.0,114.0,0,0,0,0,0,0,0,0,1.0,80.75,45.0,114.0,0,0,0,0,0,0,2,90,2,228,-1,-1,1,32,0.0,0.0,0.0,0.0,0.0,0.0,0.0,0.0
58108,443,6,617.0,28716.0,342.0,0.0,25.25,82.6475,2896.0,0.0,1231.48,888.3403,2047.55,4228.062,21534.0,1.0,102787.0,3799.29,7566.573,24531.0,4.0,59207.0,3960.65,5896.553,20080.0,2.0,0,0,0,0,0.0,2896.0,0,0,0,1,0,0,0,0,1.0,717.8236,25.25,1231.48,0,0,0,0,0,0,20,617,25,28716,65535,122,5,32,0.0,0.0,0.0,0.0,0.0,0.0,0.0,0.0
53142,53,17,86.0,118.0,43.0,43.0,43.0,0.0,59.0,59.0,59.0,0.0,56.66,99.281,173.0,3.0,3.0,3.0,0.0,3.0,3.0,3.0,3.0,0.0,3.0,3.0,0,0,0,0,43.0,59.0,0,0,0,0,0,0,0,0,1.0,61.75,43.0,59.0,0,0,0,0,0,0,2,86,2,118,-1,-1,1,32,0.0,0.0,0.0,0.0,0.0,0.0,0.0,0.0
27941,53,17,84.0,204.0,42.0,42.0,42.0,0.0,102.0,102.0,102.0,0.0,47.66,78.519,136.0,3.0,3.0,3.0,0.0,3.0,3.0,3.0,3.0,0.0,3.0,3.0,0,0,0,0,42.0,102.0,0,0,0,0,0,0,0,0,1.0,82.5,42.0,102.0,0,0,0,0,0,0,2,84,2,204,-1,-1,1,32,0.0,0.0,0.0,0.0,0.0,0.0,0.0,0.0
50035,53,17,92.0,248.0,46.0,46.0,46.0,0.0,124.0,124.0,124.0,0.0,75.66,83.548,171.0,1.0,47.0,47.0,0.0,47.0,47.0,1.0,1.0,0.0,1.0,1.0,0,0,0,0,46.0,124.0,0,0,0,0,0,0,0,0,1.0,96.5,46.0,124.0,0,0,0,0,0,0,2,92,2,248,-1,-1,1,32,0.0,0.0,0.0,0.0,0.0,0.0,0.0,0.0
443,62022,6,0.0,0.0,0.0,0.0,0.0,0.0,0.0,0.0,0.0,0.0,33.5,43.437,64.0,3.0,3.0,3.0,0.0,3.0,3.0,0.0,0.0,0.0,0.0,0.0,0,0,0,0,0.0,0.0,0,0,0,0,1,1,0,0,0.0,0.0,0.0,0.0,0,0,0,0,0,0,2,0,1,0,362,32832,0,32,0.0,0.0,0.0,0.0,0.0,0.0,0.0,0.0
61600,53,17,51.0,67.0,51.0,51.0,51.0,0.0,67.0,67.0,67.0,0.0,30650.0,0.0,30650.0,30650.0,0.0,0.0,0.0,0.0,0.0,0.0,0.0,0.0,0.0,0.0,0,0,0,0,51.0,67.0,0,0,0,0,0,0,0,0,1.0,84.5,51.0,67.0,0,0,0,0,0,0,1,51,1,67,-1,-1,0,32,0.0,0.0,0.0,0.0,0.0,0.0,0.0,0.0
80,60899,6,0.0,0.0,0.0,0.0,0.0,0.0,0.0,0.0,0.0,0.0,39.0,0.0,39.0,39.0,0.0,0.0,0.0,0.0,0.0,0.0,0.0,0.0,0.0,0.0,0,0,0,0,0.0,0.0,0,0,0,0,1,1,0,0,1.0,0.0,0.0,0.0,0,0,0,0,0,0,1,0,1,0,939,33304,0,32,0.0,0.0,0.0,0.0,0.0,0.0,0.0,0.0
51834,443,6,555.0,5086.0,205.0,0.0,55.7778,75.4711,1430.0,0.0,835.0,687.2713,10587.81,16119.908,36593.0,1.0,197306.0,17734.75,16090.517,37546.0,4.0,84865.0,11368.0,27481.255,53645.0,1.0,0,0,0,0,0.0,1430.0,0,0,0,1,0,0,0,0,0.0,352.575,55.7778,835.0,0,0,0,0,0,0,9,555,9,5086,8192,343,8,20,0.0,0.0,0.0,0.0,0.0,0.0,0.0,0.0
57528,443,6,582.0,166.0,517.0,0.0,118.4,225.1011,156.0,0.0,42.0,76.0526,11724.33,16585.048,35652.0,4.0,78122.0,19260.5,14973.822,39449.0,504.0,83801.0,27960.0,25485.732,55743.0,357.0,0,0,0,0,0.0,517.0,0,0,0,1,0,0,0,0,0.0,83.0,118.4,42.0,0,0,0,0,0,0,5,582,4,166,8192,346,4,20,0.0,0.0,0.0,0.0,0.0,0.0,0.0,0.0
52914,53,17,66.0,98.0,33.0,33.0,33.0,0.0,49.0,49.0,49.0,0.0,45.66,79.757,131.0,3.0,3.0,3.0,0.0,3.0,3.0,3.0,3.0,0.0,3.0,3.0,0,0,0,0,33.0,49.0,0,0,0,0,0,0,0,0,1.0,49.25,33.0,49.0,0,0,0,0,0,0,2,66,2,98,-1,-1,1,32,0.0,0.0,0.0,0.0,0.0,0.0,0.0,0.0
44660,443,6,12.0,0.0,6.0,6.0,6.0,0.0,0.0,0.0,0.0,0.0,3.0,0.0,3.0,3.0,3.0,3.0,0.0,3.0,3.0,0.0,0.0,0.0,0.0,0.0,0,0,0,0,6.0,6.0,1,0,0,0,0,0,0,0,0.0,9.0,6.0,0.0,0,0,0,0,0,0,2,12,0,0,0,-1,1,20,0.0,0.0,0.0,0.0,0.0,0.0,0.0,0.0
22,52020,6,0.0,0.0,0.0,0.0,0.0,0.0,0.0,0.0,0.0,0.0,37.5,25.143,45.0,26.0,0.0,0.0,0.0,0.0,0.0,48.0,48.0,0.0,48.0,48.0,0,0,0,0,0.0,0.0,0,0,0,0,1,1,0,0,2.0,0.0,0.0,0.0,0,0,0,0,0,0,1,0,2,0,243,290,0,32,0.0,0.0,0.0,0.0,0.0,0.0,0.0,0.0
51032,53,17,86.0,200.0,43.0,43.0,43.0,0.0,100.0,100.0,100.0,0.0,16668.0,28805.019,49997.0,3.0,49.0,49.0,0.0,49.0,49.0,3.0,3.0,0.0,3.0,3.0,0,0,0,0,43.0,100.0,0,0,0,0,0,0,0,0,1.0,82.25,43.0,100.0,0,0,0,0,0,0,2,86,2,200,-1,-1,1,20,0.0,0.0,0.0,0.0,0.0,0.0,0.0,0.0
64495,53,17,58.0,502.0,29.0,29.0,29.0,0.0,251.0,251.0,251.0,0.0,89.0,149.506,266.0,3.0,3.0,3.0,0.0,3.0,3.0,3.0,3.0,0.0,3.0,3.0,0,0,0,0,29.0,251.0,0,0,0,0,0,0,0,0,1.0,147.25,29.0,251.0,0,0,0,0,0,0,2,58,2,502,-1,-1,1,20,0.0,0.0,0.0,0.0,0.0,0.0,0.0,0.0
443,53695,6,37.0,0.0,37.0,0.0,18.5,26.163,0.0,0.0,0.0,0.0,4.0,0.0,4.0,4.0,4.0,4.0,0.0,4.0,4.0,0.0,0.0,0.0,0.0,0.0,1,0,0,0,0.0,37.0,0,1,0,0,1,0,0,0,0.0,37.0,18.5,0.0,0,0,0,0,0,0,2,37,0,0,1006,-1,0,32,0.0,0.0,0.0,0.0,0.0,0.0,0.0,0.0
60029,53,17,108.0,266.0,57.0,57.0,54.0,1.4142,178.0,111.0,133.0,51.1143,20297409.66,37557123.491,60658725.0,30335.0,60773999.0,60773999.0,0.0,60773999.0,60773999.0,60785656.0,60785656.0,0.0,60785656.0,60785656.0,0,0,0,0,57.0,178.0,0,0,0,0,0,0,0,0,1.0,114.5,54.0,133.0,0,0,0,0,0,0,2,108,2,266,-1,-1,1,32,30278.0,0.0,30278.0,30278.0,60658784.0,0.0,60658724.0,60658784.0
80,61513,6,6.0,6.0,6.0,6.0,6.0,0.0,6.0,6.0,6.0,0.0,1166.0,0.0,1166.0,1166.0,0.0,0.0,0.0,0.0,0.0,0.0,0.0,0.0,0.0,0.0,0,0,0,0,6.0,6.0,0,0,0,0,1,1,0,0,1.0,9.0,6.0,6.0,0,0,0,0,0,0,1,6,1,6,112,256,0,20,0.0,0.0,0.0,0.0,0.0,0.0,0.0,0.0
50528,443,6,611.0,164.0,517.0,0.0,101.8333,204.3051,152.0,0.0,41.0,74.054,600344.77,1705848.727,5634288.0,4.0,5729667.0,1121134.4,2620157.024,5790416.0,4.0,84578.0,28552.0,30433.361,63873.0,631.0,0,0,0,0,0.0,517.0,0,0,0,1,0,0,0,0,0.0,77.5,101.8333,41.0,0,0,0,0,0,0,6,611,4,164,8192,946,5,20,113713.0,0.0,113713.0,113713.0,5634274.0,0.0,5634284.0,5634274.0
61932,53,17,52.0,116.0,52.0,52.0,52.0,0.0,116.0,116.0,116.0,0.0,1156758.0,0.0,1156758.0,1156758.0,0.0,0.0,0.0,0.0,0.0,0.0,0.0,0.0,0.0,0.0,0,0,0,0,52.0,116.0,0,0,0,0,0,0,0,0,1.0,110.0,52.0,116.0,0,0,0,0,0,0,1,52,1,116,-1,-1,0,32,0.0,0.0,0.0,0.0,0.0,0.0,0.0,0.0
443,55849,6,37.0,0.0,37.0,0.0,18.5,26.163,0.0,0.0,0.0,0.0,4.0,0.0,4.0,4.0,4.0,4.0,0.0,4.0,4.0,0.0,0.0,0.0,0.0,0.0,1,0,0,0,0.0,37.0,0,1,0,0,1,0,0,0,0.0,37.0,18.5,0.0,0,0,0,0,0,0,2,37,0,0,972,-1,0,32,0.0,0.0,0.0,0.0,0.0,0.0,0.0,0.0
8053,53,17,70.0,254.0,35.0,35.0,35.0,0.0,127.0,127.0,127.0,0.0,89.0,159.068,265.0,1.0,1.0,1.0,0.0,1.0,1.0,1.0,1.0,0.0,1.0,1.0,0,0,0,0,35.0,127.0,0,0,0,0,0,0,0,0,1.0,89.75,35.0,127.0,0,0,0,0,0,0,2,70,2,254,-1,-1,1,32,0.0,0.0,0.0,0.0,0.0,0.0,0.0,0.0
49904,443,6,1429.0,614.0,865.0,0.0,161.4286,328.8131,399.0,0.0,74.0,160.619,190562.92,696180.96,2671973.0,49.0,359105.0,59847.62,60938.938,95800.0,49.0,2871578.0,320687.2,843763.54,2611604.0,222.0,0,0,0,0,0.0,865.0,0,0,0,1,0,0,0,0,0.0,148.8152,161.4286,74.0,0,0,0,0,0,0,9,1429,6,614,29200,5483,3,32,0.0,0.0,0.0,0.0,0.0,0.0,0.0,0.0
57281,80,6,0.0,0.0,0.0,0.0,0.0,0.0,0.0,0.0,0.0,0.0,1965711.0,3439708.467,5992200.0,87.0,5915414.0,2957707.0,4112836.15,5992200.0,31084.0,0.0,0.0,0.0,0.0,0.0,0,0,0,0,0.0,0.0,0,0,0,1,0,0,0,0,0.0,0.0,0.0,0.0,0,0,0,0,0,0,3,0,1,0,29200,28960,0,32,0.0,0.0,0.0,0.0,0.0,0.0,0.0,0.0
53480,80,6,12.0,0.0,6.0,6.0,6.0,0.0,0.0,0.0,0.0,0.0,67.0,0.0,67.0,67.0,67.0,67.0,0.0,67.0,67.0,0.0,0.0,0.0,0.0,0.0,0,0,0,0,6.0,6.0,0,0,0,0,1,0,0,0,0.0,9.0,6.0,0.0,0,0,0,0,0,0,2,12,0,0,253,-1,1,20,0.0,0.0,0.0,0.0,0.0,0.0,0.0,0.0
53357,443,6,860.0,799.0,525.0,0.0,81.0,152.3929,661.0,0.0,159.8,286.4807,9802.28,15071.663,38699.0,48.0,138260.0,15194.22,20165.553,58606.0,48.0,91174.0,20234.5,17295.448,33643.0,612.0,0,0,0,0,0.0,661.0,0,0,0,1,0,0,0,0,0.0,107.6667,81.0,159.8,0,0,0,0,0,0,10,860,5,799,65535,349,5,32,0.0,0.0,0.0,0.0,0.0,0.0,0.0,0.0
25434,53,17,86.0,228.0,43.0,43.0,43.0,0.0,114.0,114.0,114.0,0.0,68.66,116.325,208.0,1.0,1.0,1.0,0.0,1.0,1.0,4.0,4.0,0.0,4.0,4.0,0,0,0,0,43.0,114.0,0,0,0,0,0,0,0,0,1.0,89.25,43.0,114.0,0,0,0,0,0,0,2,86,2,228,-1,-1,1,32,0.0,0.0,0.0,0.0,0.0,0.0,0.0,0.0
59280,53,17,88.0,472.0,44.0,44.0,44.0,0.0,236.0,236.0,236.0,0.0,63.66,102.385,184.0,3.0,3.0,3.0,0.0,3.0,3.0,4.0,4.0,0.0,4.0,4.0,0,0,0,0,44.0,236.0,0,0,0,0,0,0,0,0,1.0,151.0,44.0,236.0,0,0,0,0,0,0,2,88,2,472,-1,-1,1,20,0.0,0.0,0.0,0.0,0.0,0.0,0.0,0.0
56003,53,17,80.0,112.0,40.0,40.0,40.0,0.0,56.0,56.0,56.0,0.0,59.33,67.969,125.0,3.0,3.0,3.0,0.0,3.0,3.0,48.0,48.0,0.0,48.0,48.0,0,0,0,0,40.0,56.0,0,0,0,0,0,0,0,0,1.0,58.0,40.0,56.0,0,0,0,0,0,0,2,80,2,112,-1,-1,1,32,0.0,0.0,0.0,0.0,0.0,0.0,0.0,0.0
18489,53,17,68.0,142.0,34.0,34.0,34.0,0.0,71.0,71.0,71.0,0.0,16603.0,28695.236,49852.0,48.0,48.0,48.0,0.0,48.0,48.0,48.0,48.0,0.0,48.0,48.0,0,0,0,0,34.0,71.0,0,0,0,0,0,0,0,0,1.0,61.0,34.0,71.0,0,0,0,0,0,0,2,68,2,142,-1,-1,1,32,0.0,0.0,0.0,0.0,0.0,0.0,0.0,0.0
53836,443,6,1232.0,18784.0,893.0,0.0,58.7,181.058,2011.0,0.0,932.8069,706.2238,1763931.72,3790698.409,10015721.0,1.0,115604146.0,3426243.57,4809920.833,10047922.0,4.0,111626905.0,3463796.5,4954137.357,10048159.0,1.0,0,0,0,0,0.0,2011.0,0,0,0,1,0,0,0,0,1.0,510.4103,58.7,932.8069,0,0,0,0,0,0,25,1232,29,18784,29200,379,4,32,44253.08,112822.094,432512.0,36053.0,9607469.58,1329936.263,10015726.0,5439470.0
62310,53,17,134.0,390.0,67.0,67.0,67.0,0.0,195.0,195.0,195.0,0.0,68.66,117.896,199.0,3.0,4.0,4.0,0.0,4.0,4.0,3.0,3.0,0.0,3.0,3.0,0,0,0,0,67.0,195.0,0,0,0,0,0,0,0,0,1.0,147.75,67.0,195.0,0,0,0,0,0,0,2,134,2,390,-1,-1,1,32,0.0,0.0,0.0,0.0,0.0,0.0,0.0,0.0
443,35010,6,0.0,18.0,0.0,0.0,0.0,0.0,6.0,6.0,6.0,0.0,11212.25,23033.834,46312.0,1.0,46489.0,46489.0,0.0,46489.0,46489.0,4.0,2.0,1.414,3.0,1.0,0,0,0,0,0.0,6.0,0,0,0,0,1,0,0,0,1.0,3.6,0.0,6.0,0,0,0,0,0,0,2,0,3,18,243,0,0,32,0.0,0.0,0.0,0.0,0.0,0.0,0.0,0.0
53256,443,6,2127.0,3170.0,747.0,0.0,221.8333,340.8434,1460.0,0.0,498.0,584.6589,14278.31,24594.437,63012.0,1.0,197748.0,21947.6,39423.114,63427.0,151.0,297791.0,31924.14,46783.037,105661.0,1.0,0,0,0,0,0.0,1460.0,0,0,0,1,0,0,0,0,1.0,374.1518,221.8333,498.0,0,0,0,0,0,0,6,2127,10,3170,8192,71,5,20,0.0,0.0,0.0,0.0,0.0,0.0,0.0,0.0
61480,53,17,52.0,68.0,52.0,52.0,52.0,0.0,68.0,68.0,68.0,0.0,23333.0,0.0,23333.0,23333.0,0.0,0.0,0.0,0.0,0.0,0.0,0.0,0.0,0.0,0.0,0,0,0,0,52.0,68.0,0,0,0,0,0,0,0,0,1.0,86.0,52.0,68.0,0,0,0,0,0,0,1,52,1,68,-1,-1,0,32,0.0,0.0,0.0,0.0,0.0,0.0,0.0,0.0
443,65824,6,37.0,0.0,37.0,0.0,18.5,26.163,0.0,0.0,0.0,0.0,3.0,0.0,3.0,3.0,3.0,3.0,0.0,3.0,3.0,0.0,0.0,0.0,0.0,0.0,1,0,0,0,0.0,37.0,0,1,0,0,1,0,0,0,0.0,37.0,18.5,0.0,0,0,0,0,0,0,2,37,0,0,972,-1,0,32,0.0,0.0,0.0,0.0,0.0,0.0,0.0,0.0
49878,80,6,14.0,0.0,6.0,6.0,6.0,0.0,0.0,0.0,0.0,0.0,18099770.5,24629734.686,44999912.0,15062.0,90094313.0,45098313.5,20.807,45019612.0,45042302.0,90079998.0,45039992.0,165.965,45011902.0,49031202.0,0,0,0,0,0.0,6.0,0,0,0,0,1,0,0,0,1.0,4.0,6.0,0.0,0,0,0,0,0,0,3,14,3,0,254,1304,2,20,22121.0,0.0,22121.0,22121.0,44999990.0,0.0,44999910.0,44999990.0
59297,53,17,78.0,276.0,39.0,39.0,39.0,0.0,138.0,138.0,138.0,0.0,16080.66,27947.078,48235.0,1.0,1.0,1.0,0.0,1.0,1.0,4.0,4.0,0.0,4.0,4.0,0,0,0,0,39.0,138.0,0,0,0,0,0,0,0,0,1.0,98.25,39.0,138.0,0,0,0,0,0,0,2,78,2,276,-1,-1,1,32,0.0,0.0,0.0,0.0,0.0,0.0,0.0,0.0
64898,443,6,598.0,3716.0,201.0,0.0,89.75,80.3894,1460.0,0.0,465.75,629.8789,10262.61,14981.859,36076.0,3.0,134535.0,18183.85,16861.887,36774.0,428.0,64555.0,12580.33,18875.736,37173.0,3.0,0,0,0,0,0.0,1460.0,0,0,0,1,0,0,0,0,1.0,276.2333,89.75,465.75,0,0,0,0,0,0,8,598,8,3716,8192,31,7,20,0.0,0.0,0.0,0.0,0.0,0.0,0.0,0.0
56894,80,6,378.0,687.0,360.0,0.0,126.0,216.9695,587.0,0.0,141.75,203.5,7919.0,11866.071,23737.0,25.0,23648.0,11824.0,16244.613,23571.0,412.0,24126.0,8088.66,15817.418,23651.0,2252.0,0,0,0,0,0.0,587.0,0,0,0,1,0,0,0,0,1.0,143.85,126.0,141.75,0,0,0,0,0,0,3,378,4,687,8192,31,2,20,0.0,0.0,0.0,0.0,0.0,0.0,0.0,0.0
50202,443,6,617.0,164.0,517.0,0.0,88.1429,189.989,152.0,0.0,41.0,74.054,529098.1,1647450.964,5247810.0,3.0,5347099.0,880573.5,2198228.511,5301244.0,3.0,80626.0,26908.33,30993.678,60573.0,1457.0,0,0,0,0,0.0,517.0,0,0,0,1,0,0,0,0,0.0,71.0,88.1429,41.0,0,0,0,0,0,0,7,617,4,164,29200,30,6,20,93605.0,0.0,93605.0,93605.0,5247851.0,0.0,5247851.0,5247851.0
52225,53,17,74.0,262.0,37.0,37.0,37.0,0.0,131.0,131.0,131.0,0.0,10438.33,18021.263,31212.0,1.0,3.0,3.0,0.0,3.0,3.0,48.0,48.0,0.0,48.0,48.0,0,0,0,0,37.0,131.0,0,0,0,0,0,0,0,0,1.0,93.25,37.0,131.0,0,0,0,0,0,0,2,74,2,262,-1,-1,1,32,0.0,0.0,0.0,0.0,0.0,0.0,0.0,0.0
443,49762,6,43.0,0.0,31.0,6.0,14.3333,14.4338,0.0,0.0,0.0,0.0,190.5,123.233,228.0,1.0,271.0,135.5,174.22,228.0,1.0,0.0,0.0,0.0,0.0,0.0,0,0,0,0,6.0,31.0,0,0,0,0,1,0,0,0,0.0,16.3333,14.3333,0.0,0,0,0,0,0,0,3,43,0,0,1019,-1,2,20,0.0,0.0,0.0,0.0,0.0,0.0,0.0,0.0
52698,443,6,704.0,78448.0,453.0,0.0,10.1455,63.7095,2896.0,0.0,1513.5273,948.5777,105928.98,508732.132,5258700.0,1.0,5415954.0,226248.4,768082.373,5353840.0,1.0,5060718.0,213986.09,908351.395,5253663.0,1.0,0,0,0,0,0.0,2896.0,0,0,0,1,0,0,0,0,1.0,970.7333,10.1455,1513.5273,0,0,0,0,0,0,41,704,56,78448,29200,126,4,32,177024.0,0.0,177024.0,177024.0,5258725.0,0.0,5258725.0,5258725.0
51220,53,17,84.0,116.0,42.0,42.0,42.0,0.0,58.0,58.0,58.0,0.0,59.33,93.236,167.0,3.0,3.0,3.0,0.0,3.0,3.0,3.0,3.0,0.0,3.0,3.0,0,0,0,0,42.0,58.0,0,0,0,0,0,0,0,0,1.0,60.5,42.0,58.0,0,0,0,0,0,0,2,84,2,116,-1,-1,1,32,0.0,0.0,0.0,0.0,0.0,0.0,0.0,0.0
51519,443,6,896.0,22627.0,421.0,0.0,59.4615,127.8605,2896.0,0.0,1377.0444,1185.0732,4768.79,9781.765,27279.0,1.0,111433.0,7246.06,10632.04,27342.0,4.0,79933.0,5382.02,3594.91,21005.0,49.0,0,0,0,0,0.0,2896.0,0,0,0,1,0,0,0,0,1.0,785.575,59.4615,1377.0444,0,0,0,0,0,0,17,896,17,22627,65535,1062,6,32,0.0,0.0,0.0,0.0,0.0,0.0,0.0,0.0
18323,53,17,60.0,414.0,30.0,30.0,30.0,0.0,207.0,207.0,207.0,0.0,20403.33,35361.285,61209.0,1.0,1.0,1.0,0.0,1.0,1.0,3.0,3.0,0.0,3.0,3.0,0,0,0,0,30.0,207.0,0,0,0,0,0,0,0,0,1.0,126.0,30.0,207.0,0,0,0,0,0,0,2,60,2,414,-1,-1,1,20,0.0,0.0,0.0,0.0,0.0,0.0,0.0,0.0
443,58613,6,0.0,0.0,0.0,0.0,0.0,0.0,0.0,0.0,0.0,0.0,16.5,14.346,39.0,3.0,3.0,3.0,0.0,3.0,3.0,0.0,0.0,0.0,0.0,0.0,0,0,0,0,0.0,0.0,0,0,0,0,1,1,0,0,0.0,0.0,0.0,0.0,0,0,0,0,0,0,2,0,1,0,179,32832,0,32,0.0,0.0,0.0,0.0,0.0,0.0,0.0,0.0
61653,53,17,80.0,202.0,40.0,40.0,40.0,0.0,101.0,101.0,101.0,0.0,7838.66,13564.891,23415.0,48.0,48.0,48.0,0.0,48.0,48.0,48.0,48.0,0.0,48.0,48.0,0,0,0,0,40.0,101.0,0,0,0,0,0,0,0,0,1.0,80.5,40.0,101.0,0,0,0,0,0,0,2,80,2,202,-1,-1,1,32,0.0,0.0,0.0,0.0,0.0,0.0,0.0,0.0
443,52843,6,31.0,0.0,31.0,0.0,10.3333,17.8979,0.0,0.0,0.0,0.0,162.5,207.177,320.0,3.0,325.0,162.5,203.611,320.0,3.0,0.0,0.0,0.0,0.0,0.0,0,0,0,0,0.0,31.0,0,0,0,0,1,0,0,0,0.0,10.3333,10.3333,0.0,0,0,0,0,0,0,3,31,0,0,110,-1,1,32,0.0,0.0,0.0,0.0,0.0,0.0,0.0,0.0
56774,80,6,390.0,1558.0,380.0,0.0,113.3333,198.1722,1473.0,0.0,379.6,694.2362,79889.75,107014.246,218006.0,4.0,212088.0,103044.0,148548.466,218365.0,701.0,215860.0,42925.0,138803.313,218746.0,4.0,0,0,0,0,0.0,1473.0,0,0,0,1,0,0,0,0,1.0,289.5714,113.3333,379.6,0,0,0,0,0,0,3,390,5,1558,8192,37,2,20,0.0,0.0,0.0,0.0,0.0,0.0,0.0,0.0
443,51298,6,37.0,0.0,31.0,6.0,18.5,17.6777,0.0,0.0,0.0,0.0,3.0,0.0,3.0,3.0,3.0,3.0,0.0,3.0,3.0,0.0,0.0,0.0,0.0,0.0,1,0,0,0,6.0,31.0,0,1,0,0,1,0,0,0,0.0,34.0,18.5,0.0,0,0,0,0,0,0,2,37,0,0,62,-1,1,20,0.0,0.0,0.0,0.0,0.0,0.0,0.0,0.0
58508,443,6,908.0,3850.0,517.0,0.0,151.0,227.1274,1448.0,0.0,481.4286,628.5347,18461.62,30238.928,75683.0,18.0,249461.0,36440.25,32293.237,75679.0,234.0,274510.0,42788.0,58802.657,115826.0,187.0,0,0,0,0,0.0,1448.0,0,0,0,1,0,0,0,0,1.0,344.8182,151.0,481.4286,0,0,0,0,0,0,5,908,7,3850,29200,243,3,32,0.0,0.0,0.0,0.0,0.0,0.0,0.0,0.0
61391,53,17,91.0,123.0,91.0,91.0,91.0,0.0,123.0,123.0,123.0,0.0,595.0,0.0,595.0,595.0,0.0,0.0,0.0,0.0,0.0,0.0,0.0,0.0,0.0,0.0,0,0,0,0,91.0,123.0,0,0,0,0,0,0,0,0,1.0,152.5,91.0,123.0,0,0,0,0,0,0,1,91,1,123,-1,-1,0,32,0.0,0.0,0.0,0.0,0.0,0.0,0.0,0.0
54815,443,6,804.0,357.0,581.0,0.0,100.8,192.9399,219.0,0.0,89.4,105.0543,30891.37,76021.993,265361.0,3.0,561478.0,62379.66,88430.551,265361.0,3.0,415053.0,81620.75,112330.711,265083.0,3.0,0,0,0,0,0.0,581.0,0,0,0,1,0,0,0,0,0.0,97.6667,100.8,89.4,0,0,0,0,0,0,10,804,5,357,65535,114,5,32,0.0,0.0,0.0,0.0,0.0,0.0,0.0,0.0
52262,443,6,599.0,160.0,517.0,0.0,85.5714,191.3085,160.0,0.0,53.3333,92.376,519971.36,1666293.478,5189273.0,3.0,5349752.0,864610.66,2150278.387,5201645.0,3.0,90829.0,30279.5,30327.469,61536.0,24658.0,0,0,0,0,0.0,517.0,0,0,0,1,0,0,0,0,0.0,75.9,85.5714,53.3333,0,0,0,0,0,0,7,599,3,160,29200,59,3,32,117943.0,0.0,117943.0,117943.0,5189271.0,0.0,5189271.0,5189271.0
53000,443,6,1108.0,5053.0,565.0,0.0,86.8,156.9227,1695.0,0.0,433.875,690.4256,3054367.0,14530857.581,58807625.0,2.0,117053061.0,6103468.04,19219777.104,58837625.0,30.0,117869052.0,6588141.77,19993579.113,58824236.0,2.0,0,0,0,0,0.0,1695.0,0,0,0,1,0,0,0,0,1.0,279.5056,86.8,433.875,0,0,0,0,0,0,15,1108,16,5053,29200,32,8,32,204722.5,67405.683,205641.0,122878.0,58474077.5,428224.467,58807625.0,58068423.0
52465,443,6,6580.0,160149.0,834.0,0.0,93.1846,232.7948,4380.0,0.0,1802.8659,1043.7332,363590.16,2281810.337,9999777.0,1.0,4543365.0,604758.72,461296.425,3740686.0,136.0,33476909.0,890092.51,1608196.107,9948392.0,1.0,0,0,0,0,0.0,4380.0,0,0,0,1,0,0,0,0,1.0,1064.2861,93.1846,1802.8659,0,0,0,0,0,0,83,6580,120,160149,8192,35,181,20,3951595.0,0.0,3951595.0,3951595.0,9999700.0,0.0,9999700.0,9999700.0
52314,53,17,76.0,108.0,38.0,38.0,38.0,0.0,54.0,54.0,54.0,0.0,47.0,75.635,134.0,4.0,4.0,4.0,0.0,4.0,4.0,4.0,4.0,0.0,4.0,4.0,0,0,0,0,38.0,54.0,0,0,0,0,0,0,0,0,1.0,55.5,38.0,54.0,0,0,0,0,0,0,2,76,2,108,-1,-1,1,32,0.0,0.0,0.0,0.0,0.0,0.0,0.0,0.0
443,62173,6,0.0,0.0,0.0,0.0,0.0,0.0,0.0,0.0,0.0,0.0,39.0,48.396,75.0,4.0,4.0,4.0,0.0,4.0,4.0,0.0,0.0,0.0,0.0,0.0,0,0,0,0,0.0,0.0,0,0,0,0,1,1,0,0,0.0,0.0,0.0,0.0,0,0,0,0,0,0,2,0,1,0,349,32832,0,32,0.0,0.0,0.0,0.0,0.0,0.0,0.0,0.0
50987,53,17,94.0,452.0,47.0,47.0,47.0,0.0,226.0,226.0,226.0,0.0,87.66,148.4,259.0,4.0,4.0,4.0,0.0,4.0,4.0,4.0,4.0,0.0,4.0,4.0,0,0,0,0,47.0,226.0,0,0,0,0,0,0,0,0,1.0,148.25,47.0,226.0,0,0,0,0,0,0,2,94,2,452,-1,-1,1,32,0.0,0.0,0.0,0.0,0.0,0.0,0.0,0.0
60620,53,17,161.0,306.0,63.0,58.0,56.3333,1.3116,180.0,126.0,153.0,47.1975,11962931.4,19113683.754,34852735.0,47808.0,34800175.0,34800087.5,25046229.664,34800170.0,35869705.0,34808225.0,34801425.0,46205379.807,34800210.0,31802822.0,0,0,0,0,58.0,180.0,0,0,0,0,0,0,0,0,1.0,120.3333,56.3333,153.0,0,0,0,0,0,0,3,161,3,306,-1,-1,2,20,4700700.0,0.0,4700700.0,4700700.0,34852710.0,0.0,34852710.0,34852710.0
62029,53,17,48.0,64.0,48.0,48.0,48.0,0.0,64.0,64.0,64.0,0.0,30387.0,0.0,30387.0,30387.0,0.0,0.0,0.0,0.0,0.0,0.0,0.0,0.0,0.0,0.0,0,0,0,0,48.0,64.0,0,0,0,0,0,0,0,0,1.0,80.0,48.0,64.0,0,0,0,0,0,0,1,48,1,64,-1,-1,0,20,0.0,0.0,0.0,0.0,0.0,0.0,0.0,0.0
61662,53,17,49.0,143.0,49.0,49.0,49.0,0.0,143.0,143.0,143.0,0.0,83239.0,0.0,83239.0,83239.0,0.0,0.0,0.0,0.0,0.0,0.0,0.0,0.0,0.0,0.0,0,0,0,0,49.0,143.0,0,0,0,0,0,0,0,0,1.0,120.5,49.0,143.0,0,0,0,0,0,0,1,49,1,143,-1,-1,0,20,0.0,0.0,0.0,0.0,0.0,0.0,0.0,0.0
52215,443,6,12.0,0.0,6.0,6.0,6.0,0.0,0.0,0.0,0.0,0.0,146.0,0.0,146.0,146.0,146.0,146.0,0.0,146.0,146.0,0.0,0.0,0.0,0.0,0.0,0,0,0,0,6.0,6.0,0,0,0,0,1,0,0,0,0.0,9.0,6.0,0.0,0,0,0,0,0,0,2,12,0,0,252,-1,1,20,0.0,0.0,0.0,0.0,0.0,0.0,0.0,0.0
50499,443,6,974.0,7419.0,469.0,0.0,64.9333,134.266,1581.0,0.0,741.9,747.3777,11903.42,24755.221,72916.0,0.0,293937.0,21822.92,27993.579,72946.0,0.0,263252.0,21817.0,44216.921,127003.0,2.0,0,0,0,0,0.0,1581.0,0,0,0,1,0,0,0,0,0.0,335.72,64.9333,741.9,0,0,0,0,0,0,15,974,10,7419,65535,357,6,32,0.0,0.0,0.0,0.0,0.0,0.0,0.0,0.0
55167,443,6,5453.0,8417.0,806.0,0.0,123.0325,234.5673,746.0,0.0,326.3455,310.2435,908954.89,4861253.24,10017213.0,12.0,118423713.0,1865231.76,4001877.31,10047026.0,16.0,113798867.0,1799853.64,4346088.526,10048101.0,100210.0,1,0,0,0,0.0,746.0,0,1,0,0,1,0,0,0,0.0,228.457,123.0325,326.3455,0,0,0,0,0,0,26,5453,23,8417,510,370,13,32,243090.91,900624.849,3076589.0,83552.0,9700331.83,329314.986,10017214.0,8745707.0
51669,53,17,92.0,284.0,46.0,46.0,46.0,0.0,142.0,142.0,142.0,0.0,51.0,87.67,147.0,3.0,3.0,3.0,0.0,3.0,3.0,3.0,3.0,0.0,3.0,3.0,0,0,0,0,46.0,142.0,0,0,0,0,0,0,0,0,1.0,105.5,46.0,142.0,0,0,0,0,0,0,2,92,2,284,-1,-1,1,32,0.0,0.0,0.0,0.0,0.0,0.0,0.0,0.0
60696,53,17,53.0,116.0,53.0,53.0,53.0,0.0,116.0,116.0,116.0,0.0,23495.0,0.0,23495.0,23495.0,0.0,0.0,0.0,0.0,0.0,0.0,0.0,0.0,0.0,0.0,0,0,0,0,53.0,116.0,0,0,0,0,0,0,0,0,1.0,111.0,53.0,116.0,0,0,0,0,0,0,1,53,1,116,-1,-1,0,32,0.0,0.0,0.0,0.0,0.0,0.0,0.0,0.0
58617,80,6,487.0,181.0,481.0,0.0,45.8182,145.7524,165.0,0.0,38.625,69.6247,3226872.25,4735497.462,10019035.0,109.0,51405588.0,6782195.37,5151048.827,10044017.0,103.0,65108822.0,6709988.42,4695029.211,10048097.0,1313.0,0,0,0,0,0.0,461.0,0,0,0,1,0,0,0,0,1.0,38.2633,45.8182,38.625,0,0,0,0,0,0,11,487,16,181,29200,230,1,32,96846.5,169330.405,597722.0,50837.0,10008368.2,17019.653,10019035.0,9996790.0
443,59259,6,37.0,0.0,31.0,6.0,18.5,17.6777,0.0,0.0,0.0,0.0,3.0,0.0,3.0,3.0,3.0,3.0,0.0,3.0,3.0,0.0,0.0,0.0,0.0,0.0,1,0,0,0,6.0,31.0,0,1,0,0,1,0,0,0,0.0,34.0,18.5,0.0,0,0,0,0,0,0,2,37,0,0,31002,-1,1,20,0.0,0.0,0.0,0.0,0.0,0.0,0.0,0.0
55096,443,6,1802.0,22546.0,502.0,0.0,89.8909,155.6599,2920.0,0.0,1274.039,666.8638,29615.54,116504.007,952798.0,1.0,1161961.0,40208.82,179484.025,958786.0,140.0,1072844.0,9059.15,132097.44,952936.0,48.0,0,0,0,0,0.0,2920.0,0,0,0,1,0,0,0,0,1.0,808.6587,89.8909,1274.039,0,0,0,0,0,0,22,1802,21,22546,8192,12,17,20,0.0,0.0,0.0,0.0,0.0,0.0,0.0,0.0
52238,443,6,1192.0,2006.0,913.0,0.0,118.2857,297.5961,1396.0,0.0,300.5,543.3885,5739104.52,15633066.671,44957286.0,81.0,90185122.0,11020227.33,20053941.419,45063953.0,241.0,90104013.0,22514291.57,21915968.685,45089663.0,315.0,0,0,0,0,0.0,1396.0,0,0,0,1,0,0,0,0,0.0,199.525,118.2857,300.5,0,0,0,0,0,0,7,1192,8,2006,8192,63,6,20,161206.5,183590.832,429494.0,50634.0,44952518.0,73391.166,44957287.0,44910125.0
443,50517,6,12.0,0.0,6.0,6.0,6.0,0.0,0.0,0.0,0.0,0.0,48.0,0.0,48.0,48.0,48.0,48.0,0.0,48.0,48.0,0.0,0.0,0.0,0.0,0.0,0,0,0,0,6.0,6.0,0,0,0,0,1,0,0,0,0.0,9.0,6.0,0.0,0,0,0,0,0,0,2,12,0,0,6498,-1,1,20,0.0,0.0,0.0,0.0,0.0,0.0,0.0,0.0
61223,53,17,46.0,62.0,46.0,46.0,46.0,0.0,62.0,62.0,62.0,0.0,30596.0,0.0,30596.0,30596.0,0.0,0.0,0.0,0.0,0.0,0.0,0.0,0.0,0.0,0.0,0,0,0,0,46.0,62.0,0,0,0,0,0,0,0,0,1.0,77.0,46.0,62.0,0,0,0,0,0,0,1,46,1,62,-1,-1,0,20,0.0,0.0,0.0,0.0,0.0,0.0,0.0,0.0
60477,53,17,55.0,120.0,55.0,55.0,55.0,0.0,120.0,120.0,120.0,0.0,23519.0,0.0,23519.0,23519.0,0.0,0.0,0.0,0.0,0.0,0.0,0.0,0.0,0.0,0.0,0,0,0,0,55.0,120.0,0,0,0,0,0,0,0,0,1.0,115.0,55.0,120.0,0,0,0,0,0,0,1,55,1,120,-1,-1,0,32,0.0,0.0,0.0,0.0,0.0,0.0,0.0,0.0
62043,53,17,50.0,166.0,50.0,50.0,50.0,0.0,166.0,166.0,166.0,0.0,30920.0,0.0,30920.0,30920.0,0.0,0.0,0.0,0.0,0.0,0.0,0.0,0.0,0.0,0.0,0,0,0,0,50.0,166.0,0,0,0,0,0,0,0,0,1.0,133.0,50.0,166.0,0,0,0,0,0,0,1,50,1,166,-1,-1,0,32,0.0,0.0,0.0,0.0,0.0,0.0,0.0,0.0
80,58762,6,0.0,0.0,0.0,0.0,0.0,0.0,0.0,0.0,0.0,0.0,29.0,0.0,29.0,29.0,0.0,0.0,0.0,0.0,0.0,0.0,0.0,0.0,0.0,0.0,0,0,0,0,0.0,0.0,0,0,0,0,1,1,0,0,1.0,0.0,0.0,0.0,0,0,0,0,0,0,1,0,1,0,349,224,0,32,0.0,0.0,0.0,0.0,0.0,0.0,0.0,0.0
55713,443,6,18.0,0.0,6.0,6.0,6.0,0.0,0.0,0.0,0.0,0.0,2.0,1.414,3.0,1.0,4.0,2.0,1.414,3.0,1.0,0.0,0.0,0.0,0.0,0.0,0,0,0,0,6.0,6.0,1,0,0,0,0,0,0,0,0.0,8.0,6.0,0.0,0,0,0,0,0,0,3,18,0,0,0,-1,2,20,0.0,0.0,0.0,0.0,0.0,0.0,0.0,0.0
24141,53,17,68.0,278.0,34.0,34.0,34.0,0.0,139.0,139.0,139.0,0.0,88.33,157.899,269.0,1.0,1.0,1.0,0.0,1.0,1.0,2.0,2.0,0.0,2.0,2.0,0,0,0,0,34.0,139.0,0,0,0,0,0,0,0,0,1.0,95.0,34.0,139.0,0,0,0,0,0,0,2,68,2,278,-1,-1,1,20,0.0,0.0,0.0,0.0,0.0,0.0,0.0,0.0
61277,53,17,90.0,272.0,45.0,45.0,45.0,0.0,136.0,136.0,136.0,0.0,30381.33,52757.711,90134.0,1.0,3.0,3.0,0.0,3.0,3.0,1.0,1.0,0.0,1.0,1.0,0,0,0,0,45.0,136.0,0,0,0,0,0,0,0,0,1.0,104.75,45.0,136.0,0,0,0,0,0,0,2,90,2,272,-1,-1,1,32,0.0,0.0,0.0,0.0,0.0,0.0,0.0,0.0
52526,53,17,160.0,424.0,40.0,40.0,40.0,0.0,101.0,101.0,101.0,0.0,4463.71,11680.885,30089.0,1.0,30103.0,10034.33,17499.883,30006.0,1.0,269.0,43.0,155.073,159.0,1.0,0,0,0,0,40.0,101.0,0,0,0,0,0,0,0,0,1.0,75.375,40.0,101.0,0,0,0,0,0,0,4,160,4,424,-1,-1,3,20,0.0,0.0,0.0,0.0,0.0,0.0,0.0,0.0
61949,53,17,44.0,60.0,44.0,44.0,44.0,0.0,60.0,60.0,60.0,0.0,23606.0,0.0,23606.0,23606.0,0.0,0.0,0.0,0.0,0.0,0.0,0.0,0.0,0.0,0.0,0,0,0,0,44.0,60.0,0,0,0,0,0,0,0,0,1.0,74.0,44.0,60.0,0,0,0,0,0,0,1,44,1,60,-1,-1,0,32,0.0,0.0,0.0,0.0,0.0,0.0,0.0,0.0
60567,53,17,162.0,182.0,41.0,41.0,41.0,0.0,91.0,91.0,91.0,0.0,6120.2,13660.593,30352.0,3.0,30311.0,10170.33,17475.715,30302.0,3.0,3.0,3.0,0.0,3.0,3.0,0,0,0,0,41.0,91.0,0,0,0,0,0,0,0,0,0.0,67.1667,41.0,91.0,0,0,0,0,0,0,4,162,2,182,-1,-1,3,20,0.0,0.0,0.0,0.0,0.0,0.0,0.0,0.0
49786,80,6,12.0,0.0,6.0,6.0,6.0,0.0,0.0,0.0,0.0,0.0,171.0,0.0,171.0,171.0,171.0,171.0,0.0,171.0,171.0,0.0,0.0,0.0,0.0,0.0,0,0,0,0,6.0,6.0,0,0,0,0,1,0,0,0,0.0,9.0,6.0,0.0,0,0,0,0,0,0,2,12,0,0,256,-1,1,20,0.0,0.0,0.0,0.0,0.0,0.0,0.0,0.0
7231,53,17,94.0,220.0,47.0,47.0,47.0,0.0,110.0,110.0,110.0,0.0,84.0,107.848,208.0,1.0,1.0,1.0,0.0,1.0,1.0,49.0,49.0,0.0,49.0,49.0,0,0,0,0,47.0,110.0,0,0,0,0,0,0,0,0,1.0,90.25,47.0,110.0,0,0,0,0,0,0,2,94,2,220,-1,-1,1,32,0.0,0.0,0.0,0.0,0.0,0.0,0.0,0.0
443,50979,6,0.0,18.0,0.0,0.0,0.0,0.0,6.0,6.0,6.0,0.0,26165.75,50790.714,102766.0,1.0,102704.0,102704.0,0.0,102704.0,102704.0,4.0,2.0,1.414,3.0,1.0,0,0,0,0,0.0,6.0,0,0,0,0,1,0,0,0,1.0,3.6,0.0,6.0,0,0,0,0,0,0,2,0,3,18,114,0,0,32,0.0,0.0,0.0,0.0,0.0,0.0,0.0,0.0
39713,80,6,534.0,772.0,534.0,0.0,31.375,127.2104,778.0,0.0,57.2857,192.2279,3992324.11,4870569.841,10016260.0,44.0,115314909.0,7681619.46,4158041.232,10048004.0,219.0,110415803.0,8487772.0,3768040.351,10047749.0,19343.0,0,0,0,0,0.0,778.0,0,0,0,1,0,0,0,0,0.0,46.4333,31.375,57.2857,0,0,0,0,0,0,16,534,14,772,29200,939,1,32,25574.81,87033.244,238164.0,22857.0,10001545.27,5106.788,10016260.0,9999930.0
56059,53,17,72.0,136.0,36.0,36.0,36.0,0.0,68.0,68.0,68.0,0.0,48.33,82.761,140.0,3.0,4.0,4.0,0.0,4.0,4.0,3.0,3.0,0.0,3.0,3.0,0,0,0,0,36.0,68.0,0,0,0,0,0,0,0,0,1.0,61.0,36.0,68.0,0,0,0,0,0,0,2,72,2,136,-1,-1,1,20,0.0,0.0,0.0,0.0,0.0,0.0,0.0,0.0
58767,53,17,124.0,172.0,31.0,31.0,31.0,0.0,86.0,86.0,86.0,0.0,9205.8,14500.027,30990.0,3.0,30919.0,10336.66,17805.573,30990.0,3.0,3.0,3.0,0.0,3.0,3.0,0,0,0,0,31.0,86.0,0,0,0,0,0,0,0,0,0.0,50.5,31.0,86.0,0,0,0,0,0,0,4,124,2,172,-1,-1,3,20,0.0,0.0,0.0,0.0,0.0,0.0,0.0,0.0
53586,443,6,5110.0,15330.0,1685.0,0.0,436.2727,643.7569,1448.0,0.0,572.875,680.6939,510860.09,2150824.301,9995252.0,1.0,925501.0,28126.36,141102.759,466634.0,249.0,10226694.0,1027114.03,3016992.013,9998203.0,1.0,0,0,0,0,0.0,1685.0,0,0,0,1,0,0,0,0,1.0,553.9545,436.2727,572.875,0,0,0,0,0,0,11,5110,16,15330,29200,1,4,32,415143.0,0.0,415143.0,415147.0,9995271.0,0.0,9995271.0,9995271.0
443,56561,6,6.0,6.0,6.0,6.0,6.0,0.0,6.0,6.0,6.0,0.0,12.0,0.0,12.0,12.0,0.0,0.0,0.0,0.0,0.0,0.0,0.0,0.0,0.0,0.0,0,0,0,0,6.0,6.0,0,0,0,0,1,1,0,0,1.0,9.0,6.0,6.0,0,0,0,0,0,0,1,6,1,6,66,255,0,20,0.0,0.0,0.0,0.0,0.0,0.0,0.0,0.0
62457,53,17,51.0,67.0,51.0,51.0,51.0,0.0,67.0,67.0,67.0,0.0,23887.0,0.0,23887.0,23887.0,0.0,0.0,0.0,0.0,0.0,0.0,0.0,0.0,0.0,0.0,0,0,0,0,51.0,67.0,0,0,0,0,0,0,0,0,1.0,84.5,51.0,67.0,0,0,0,0,0,0,1,51,1,67,-1,-1,0,20,0.0,0.0,0.0,0.0,0.0,0.0,0.0,0.0
60980,53,17,64.0,117.0,64.0,64.0,64.0,0.0,117.0,117.0,117.0,0.0,665.0,0.0,665.0,665.0,0.0,0.0,0.0,0.0,0.0,0.0,0.0,0.0,0.0,0.0,0,0,0,0,64.0,117.0,0,0,0,0,0,0,0,0,1.0,122.5,64.0,117.0,0,0,0,0,0,0,1,64,1,117,-1,-1,0,32,0.0,0.0,0.0,0.0,0.0,0.0,0.0,0.0
61253,53,17,84.0,228.0,42.0,42.0,42.0,0.0,114.0,114.0,114.0,0.0,57.0,98.13,165.0,3.0,3.0,3.0,0.0,3.0,3.0,3.0,3.0,0.0,3.0,3.0,0,0,0,0,42.0,114.0,0,0,0,0,0,0,0,0,1.0,88.5,42.0,114.0,0,0,0,0,0,0,2,84,2,228,-1,-1,1,32,0.0,0.0,0.0,0.0,0.0,0.0,0.0,0.0
55335,443,6,849.0,7179.0,392.0,0.0,64.6667,112.6309,2920.0,0.0,679.0429,960.2467,1756719.5,3893899.85,10002008.0,44.0,61013397.0,3800147.18,4970247.381,10052507.0,7787.0,60359313.0,3039913.5,4985443.177,10052898.0,49.0,0,0,0,0,0.0,2920.0,0,0,0,1,0,0,0,0,1.0,403.1212,64.6667,679.0429,0,0,0,0,0,0,15,849,14,7179,8192,114,14,20,135827.33,146025.085,448491.0,50338.0,9964062.66,17849.353,10002004.0,9801918.0
64812,53,17,164.0,378.0,41.0,41.0,41.0,0.0,99.0,99.0,99.0,0.0,12259.57,26750.198,61724.0,3.0,91661.0,30527.0,53274.238,91664.0,3.0,61143.0,20324.0,39479.659,61117.0,4.0,0,0,0,0,41.0,99.0,0,0,0,0,0,0,0,0,1.0,75.375,41.0,99.0,0,0,0,0,0,0,4,164,4,378,-1,-1,3,20,0.0,0.0,0.0,0.0,0.0,0.0,0.0,0.0
25933,53,17,90.0,396.0,45.0,45.0,45.0,0.0,198.0,198.0,198.0,0.0,20378.66,35263.085,61128.0,1.0,1.0,1.0,0.0,1.0,1.0,3.0,3.0,0.0,3.0,3.0,0,0,0,0,45.0,198.0,0,0,0,0,0,0,0,0,1.0,132.75,45.0,198.0,0,0,0,0,0,0,2,90,2,396,-1,-1,1,32,0.0,0.0,0.0,0.0,0.0,0.0,0.0,0.0
49210,53,17,80.0,112.0,40.0,40.0,40.0,0.0,56.0,56.0,56.0,0.0,49.0,47.076,95.0,4.0,4.0,4.0,0.0,4.0,4.0,48.0,48.0,0.0,48.0,48.0,0,0,0,0,40.0,56.0,0,0,0,0,0,0,0,0,1.0,58.0,40.0,56.0,0,0,0,0,0,0,2,80,2,112,-1,-1,1,20,0.0,0.0,0.0,0.0,0.0,0.0,0.0,0.0
443,53161,6,37.0,0.0,31.0,6.0,18.5,17.6777,0.0,0.0,0.0,0.0,1.0,0.0,1.0,1.0,1.0,1.0,0.0,1.0,1.0,0.0,0.0,0.0,0.0,0.0,1,0,0,0,6.0,31.0,0,1,0,0,1,0,0,0,0.0,34.0,18.5,0.0,0,0,0,0,0,0,2,37,0,0,62,-1,1,20,0.0,0.0,0.0,0.0,0.0,0.0,0.0,0.0
52705,443,6,0.0,0.0,0.0,0.0,0.0,0.0,0.0,0.0,0.0,0.0,327.0,0.0,327.0,327.0,327.0,327.0,0.0,327.0,327.0,0.0,0.0,0.0,0.0,0.0,0,0,0,0,0.0,0.0,0,0,0,0,1,0,0,0,0.0,0.0,0.0,0.0,0,0,0,0,0,0,2,0,0,0,249,-1,0,32,0.0,0.0,0.0,0.0,0.0,0.0,0.0,0.0
59277,53,17,76.0,108.0,38.0,38.0,38.0,0.0,54.0,54.0,54.0,0.0,14714.33,23519.464,44139.0,48.0,49.0,49.0,0.0,49.0,49.0,48.0,48.0,0.0,48.0,48.0,0,0,0,0,38.0,54.0,0,0,0,0,0,0,0,0,1.0,55.5,38.0,54.0,0,0,0,0,0,0,2,76,2,108,-1,-1,1,32,0.0,0.0,0.0,0.0,0.0,0.0,0.0,0.0
443,50930,6,43.0,6.0,31.0,6.0,14.3333,14.4338,6.0,6.0,6.0,0.0,12.0,29.707,47.0,3.0,6.0,3.0,8.641,3.0,3.0,0.0,0.0,0.0,0.0,0.0,0,0,0,0,6.0,31.0,0,0,0,0,1,0,0,0,0.0,13.75,14.3333,6.0,0,0,0,0,0,0,3,43,1,6,1048,0,2,20,0.0,0.0,0.0,0.0,0.0,0.0,0.0,0.0
50064,53,17,76.0,154.0,38.0,38.0,38.0,0.0,77.0,77.0,77.0,0.0,10285.66,17745.865,30850.0,3.0,3.0,3.0,0.0,3.0,3.0,4.0,4.0,0.0,4.0,4.0,0,0,0,0,38.0,77.0,0,0,0,0,0,0,0,0,1.0,67.0,38.0,77.0,0,0,0,0,0,0,2,76,2,154,-1,-1,1,20,0.0,0.0,0.0,0.0,0.0,0.0,0.0,0.0
443,54192,6,12.0,0.0,6.0,6.0,6.0,0.0,0.0,0.0,0.0,0.0,2.0,0.0,2.0,2.0,2.0,2.0,0.0,2.0,2.0,0.0,0.0,0.0,0.0,0.0,0,0,0,0,6.0,6.0,0,0,0,0,1,0,0,0,0.0,9.0,6.0,0.0,0,0,0,0,0,0,2,12,0,0,30,-1,1,20,0.0,0.0,0.0,0.0,0.0,0.0,0.0,0.0
41542,443,6,0.0,0.0,0.0,0.0,0.0,0.0,0.0,0.0,0.0,0.0,163.0,0.0,163.0,163.0,163.0,163.0,0.0,163.0,163.0,0.0,0.0,0.0,0.0,0.0,0,0,0,0,0.0,0.0,0,0,0,0,1,0,0,0,0.0,0.0,0.0,0.0,0,0,0,0,0,0,2,0,0,0,249,-1,0,32,0.0,0.0,0.0,0.0,0.0,0.0,0.0,0.0
443,42246,6,0.0,0.0,0.0,0.0,0.0,0.0,0.0,0.0,0.0,0.0,26342.5,37233.943,52642.0,48.0,52681.0,52681.0,0.0,52681.0,52681.0,0.0,0.0,0.0,0.0,0.0,0,0,0,0,0.0,0.0,0,0,0,0,1,1,0,0,0.0,0.0,0.0,0.0,0,0,0,0,0,0,2,0,1,0,240,1299,0,32,0.0,0.0,0.0,0.0,0.0,0.0,0.0,0.0
55950,443,6,1495.0,6128.0,431.0,0.0,78.25,148.9654,1460.0,0.0,352.2667,518.7389,1934888.76,3967836.441,10001972.0,101.0,65433469.0,3588247.66,4880845.266,10058763.0,4216.0,66740279.0,4346464.84,4913292.305,10056387.0,1.0,0,0,0,0,0.0,1460.0,0,0,0,1,0,0,0,0,1.0,236.9176,78.25,352.2667,0,0,0,0,0,0,20,1495,25,6128,8192,128,19,20,578986.16,1560664.511,4906265.0,100682.0,10002098.66,118.225,10001976.0,9952910.0
46444,443,6,12.0,0.0,6.0,6.0,6.0,0.0,0.0,0.0,0.0,0.0,4.0,0.0,4.0,4.0,4.0,4.0,0.0,4.0,4.0,0.0,0.0,0.0,0.0,0.0,0,0,0,0,6.0,6.0,1,0,0,0,0,0,0,0,0.0,9.0,6.0,0.0,0,0,0,0,0,0,2,12,0,0,0,-1,1,20,0.0,0.0,0.0,0.0,0.0,0.0,0.0,0.0
57999,80,6,1621.0,2570.0,1361.0,0.0,215.8333,462.0727,2920.0,0.0,507.5385,1015.1309,4239996.68,13424030.532,44999329.0,2.0,92427496.0,11861420.2,18958780.204,45012329.0,154.0,96214365.0,12253136.0,22580968.348,45016739.0,362.0,0,0,0,0,0.0,2920.0,0,0,0,1,0,0,0,0,0.0,368.8118,215.8333,507.5385,0,0,0,0,0,0,6,1621,3,2570,8192,120,5,20,137560.0,203987.699,333788.0,31881.0,44413389.5,632204.218,44999320.0,44994435.0
63289,53,17,144.0,262.0,36.0,36.0,36.0,0.0,131.0,131.0,131.0,0.0,32205.8,57651.868,123188.0,3.0,64005.0,21001.33,34934.376,64008.0,3.0,4.0,4.0,0.0,4.0,4.0,0,0,0,0,36.0,131.0,0,0,0,0,0,0,0,0,0.0,74.6667,36.0,131.0,0,0,0,0,0,0,4,144,2,262,-1,-1,3,20,0.0,0.0,0.0,0.0,0.0,0.0,0.0,0.0
49820,443,6,942.0,8398.0,279.0,0.0,62.2,83.7623,1460.0,0.0,453.3059,614.9377,1613822.87,9246990.535,58930162.0,19.0,61399965.0,3755982.33,13570373.686,58932062.0,197.0,61357786.0,2898699.5,12470792.29,59001546.0,48.0,0,0,0,0,0.0,1460.0,0,0,0,1,0,0,0,0,1.0,305.0,62.2,453.3059,0,0,0,0,0,0,15,942,21,8398,8192,127,14,20,1004480.0,0.0,1004480.0,1004480.0,58930144.0,0.0,58930164.0,58930144.0
60423,53,17,46.0,110.0,46.0,46.0,46.0,0.0,110.0,110.0,110.0,0.0,2811.0,0.0,2811.0,2811.0,0.0,0.0,0.0,0.0,0.0,0.0,0.0,0.0,0.0,0.0,0,0,0,0,46.0,110.0,0,0,0,0,0,0,0,0,1.0,101.0,46.0,110.0,0,0,0,0,0,0,1,46,1,110,-1,-1,0,20,0.0,0.0,0.0,0.0,0.0,0.0,0.0,0.0
80,4464,6,6.0,6.0,6.0,6.0,6.0,0.0,6.0,6.0,6.0,0.0,87.0,0.0,87.0,87.0,0.0,0.0,0.0,0.0,0.0,0.0,0.0,0.0,0.0,0.0,0,0,0,0,6.0,6.0,0,0,0,0,1,1,0,0,1.0,9.0,6.0,6.0,0,0,0,0,0,0,1,6,1,6,913,16180,0,20,0.0,0.0,0.0,0.0,0.0,0.0,0.0,0.0
443,52341,6,0.0,18.0,0.0,0.0,0.0,0.0,6.0,6.0,6.0,0.0,43889.5,87837.22,176417.0,1.0,176647.0,176647.0,0.0,176647.0,176647.0,4.0,2.0,1.414,3.0,1.0,0,0,0,0,0.0,6.0,0,0,0,0,1,0,0,0,1.0,3.6,0.0,6.0,0,0,0,0,0,0,2,0,3,18,114,0,0,32,0.0,0.0,0.0,0.0,0.0,0.0,0.0,0.0
50328,443,6,135.0,46.0,46.0,6.0,27.0,20.1246,46.0,46.0,46.0,0.0,1005645.2,2347601.816,5304903.0,3.0,5501850.0,1350437.5,2661480.293,5304903.0,3.0,0.0,0.0,0.0,0.0,0.0,1,0,0,0,6.0,46.0,0,1,0,0,1,0,0,0,0.0,37.8333,27.0,46.0,0,0,0,0,0,0,5,135,1,46,256,432,4,20,87783.0,0.0,87783.0,87783.0,5304932.0,0.0,5304902.0,5304932.0
61858,53,17,60.0,76.0,60.0,60.0,60.0,0.0,76.0,76.0,76.0,0.0,61092.0,0.0,61092.0,61092.0,0.0,0.0,0.0,0.0,0.0,0.0,0.0,0.0,0.0,0.0,0,0,0,0,60.0,76.0,0,0,0,0,0,0,0,0,1.0,98.0,60.0,76.0,0,0,0,0,0,0,1,60,1,76,-1,-1,0,32,0.0,0.0,0.0,0.0,0.0,0.0,0.0,0.0
8297,53,17,88.0,188.0,44.0,44.0,44.0,0.0,94.0,94.0,94.0,0.0,65.33,74.216,145.0,2.0,49.0,49.0,0.0,49.0,49.0,2.0,2.0,0.0,2.0,2.0,0,0,0,0,44.0,94.0,0,0,0,0,0,0,0,0,1.0,80.0,44.0,94.0,0,0,0,0,0,0,2,88,2,188,-1,-1,1,32,0.0,0.0,0.0,0.0,0.0,0.0,0.0,0.0
62145,53,17,39.0,95.0,39.0,39.0,39.0,0.0,95.0,95.0,95.0,0.0,47184.0,0.0,47184.0,47184.0,0.0,0.0,0.0,0.0,0.0,0.0,0.0,0.0,0.0,0.0,0,0,0,0,39.0,95.0,0,0,0,0,0,0,0,0,1.0,86.5,39.0,95.0,0,0,0,0,0,0,1,39,1,95,-1,-1,0,32,0.0,0.0,0.0,0.0,0.0,0.0,0.0,0.0
53661,80,6,1251.0,632.0,1275.0,0.0,317.2,545.4853,622.0,0.0,108.4,231.5283,7926.75,11960.232,23169.0,88.0,46434.0,11856.5,13370.963,25521.0,4622.0,26992.0,12997.0,22283.774,23790.0,1986.0,0,0,0,0,0.0,1275.0,0,0,0,1,0,0,0,0,0.0,218.125,317.2,108.4,0,0,0,0,0,0,5,1251,3,632,65535,248,1,32,0.0,0.0,0.0,0.0,0.0,0.0,0.0,0.0
52771,443,6,1385.0,130764.0,884.0,0.0,39.3636,177.7487,2896.0,0.0,1513.3703,351.6146,737652.92,2687381.514,10003328.0,1.0,116652684.0,2956110.44,4004592.561,10033664.0,1.0,111229111.0,1371715.37,3122450.505,10030648.0,1.0,0,0,0,0,0.0,2896.0,0,0,0,1,0,0,0,0,1.0,924.6115,39.3636,1513.3703,0,0,0,0,0,0,96,1385,86,130764,29200,1065,5,32,116002.91,296022.766,839151.0,36847.0,9612139.0,1271165.399,10003325.0,5317461.0
4170,53,17,70.0,102.0,35.0,35.0,35.0,0.0,51.0,51.0,51.0,0.0,72.0,45.452,124.0,49.0,49.0,49.0,0.0,49.0,49.0,49.0,49.0,0.0,49.0,49.0,0,0,0,0,35.0,51.0,0,0,0,0,0,0,0,0,1.0,51.75,35.0,51.0,0,0,0,0,0,0,2,70,2,102,-1,-1,1,20,0.0,0.0,0.0,0.0,0.0,0.0,0.0,0.0
61011,53,17,176.0,198.0,44.0,44.0,44.0,0.0,99.0,99.0,99.0,0.0,6190.0,13575.617,30425.0,3.0,30493.0,10164.0,17565.997,30485.0,3.0,3.0,3.0,0.0,3.0,3.0,0,0,0,0,44.0,99.0,0,0,0,0,0,0,0,0,0.0,69.0,44.0,99.0,0,0,0,0,0,0,4,176,2,198,-1,-1,3,20,0.0,0.0,0.0,0.0,0.0,0.0,0.0,0.0
49532,443,6,708.0,4179.0,357.0,0.0,64.2381,119.0509,1448.0,0.0,439.0909,593.5724,25362.42,60354.903,257578.0,1.0,531612.0,43759.91,91555.499,255578.0,1.0,407411.0,58339.3,78364.328,287413.0,1.0,0,0,0,0,0.0,1448.0,0,0,0,1,0,0,0,0,0.0,239.85,64.2381,439.0909,0,0,0,0,0,0,13,708,9,4179,65535,61,6,32,0.0,0.0,0.0,0.0,0.0,0.0,0.0,0.0
43461,443,6,12.0,0.0,6.0,6.0,6.0,0.0,0.0,0.0,0.0,0.0,3.0,0.0,3.0,3.0,3.0,3.0,0.0,3.0,3.0,0.0,0.0,0.0,0.0,0.0,0,0,0,0,6.0,6.0,1,0,0,0,0,0,0,0,0.0,9.0,6.0,0.0,0,0,0,0,0,0,2,12,0,0,0,-1,1,20,0.0,0.0,0.0,0.0,0.0,0.0,0.0,0.0
62281,53,17,45.0,143.0,45.0,45.0,45.0,0.0,143.0,143.0,143.0,0.0,146347.0,0.0,146347.0,146347.0,0.0,0.0,0.0,0.0,0.0,0.0,0.0,0.0,0.0,0.0,0,0,0,0,45.0,143.0,0,0,0,0,0,0,0,0,1.0,116.5,45.0,143.0,0,0,0,0,0,0,1,45,1,143,-1,-1,0,32,0.0,0.0,0.0,0.0,0.0,0.0,0.0,0.0
443,37848,6,0.0,0.0,0.0,0.0,0.0,0.0,0.0,0.0,0.0,0.0,19.0,0.0,19.0,19.0,0.0,0.0,0.0,0.0,0.0,0.0,0.0,0.0,0.0,0.0,0,0,0,0,0.0,0.0,0,0,0,0,1,1,0,0,1.0,0.0,0.0,0.0,0,0,0,0,0,0,1,0,1,0,119,305,0,32,0.0,0.0,0.0,0.0,0.0,0.0,0.0,0.0
65836,53,17,128.0,176.0,32.0,32.0,32.0,0.0,88.0,88.0,88.0,0.0,18024.0,25099.075,60754.0,1.0,60824.0,20274.66,35699.896,60817.0,1.0,3.0,3.0,0.0,3.0,3.0,0,0,0,0,32.0,88.0,0,0,0,0,0,0,0,0,0.0,56.6667,32.0,88.0,0,0,0,0,0,0,4,128,2,176,-1,-1,3,20,0.0,0.0,0.0,0.0,0.0,0.0,0.0,0.0
443,52356,6,0.0,0.0,0.0,0.0,0.0,0.0,0.0,0.0,0.0,0.0,26282.0,37122.094,52511.0,35.0,52525.0,52525.0,0.0,52525.0,52525.0,0.0,0.0,0.0,0.0,0.0,0,0,0,0,0.0,0.0,0,0,0,0,1,0,0,0,0.0,0.0,0.0,0.0,0,0,0,0,0,0,2,0,1,0,357,32832,0,32,0.0,0.0,0.0,0.0,0.0,0.0,0.0,0.0
80,50839,6,6.0,6.0,6.0,6.0,6.0,0.0,6.0,6.0,6.0,0.0,87.0,0.0,87.0,87.0,0.0,0.0,0.0,0.0,0.0,0.0,0.0,0.0,0.0,0.0,0,0,0,0,6.0,6.0,0,0,0,0,1,1,0,0,1.0,9.0,6.0,6.0,0,0,0,0,0,0,1,6,1,6,60,16425,0,20,0.0,0.0,0.0,0.0,0.0,0.0,0.0,0.0
65425,53,17,70.0,102.0,35.0,35.0,35.0,0.0,51.0,51.0,51.0,0.0,7804.0,13501.173,23404.0,4.0,4.0,4.0,0.0,4.0,4.0,4.0,4.0,0.0,4.0,4.0,0,0,0,0,35.0,51.0,0,0,0,0,0,0,0,0,1.0,51.75,35.0,51.0,0,0,0,0,0,0,2,70,2,102,-1,-1,1,20,0.0,0.0,0.0,0.0,0.0,0.0,0.0,0.0
54957,80,6,6.0,6.0,6.0,6.0,6.0,0.0,6.0,6.0,6.0,0.0,250514.0,0.0,250514.0,250514.0,0.0,0.0,0.0,0.0,0.0,0.0,0.0,0.0,0.0,0.0,0,0,0,0,6.0,6.0,0,0,0,0,1,1,0,0,1.0,9.0,6.0,6.0,0,0,0,0,0,0,1,6,1,6,232,36,0,20,0.0,0.0,0.0,0.0,0.0,0.0,0.0,0.0
60458,53,17,42.0,58.0,42.0,42.0,42.0,0.0,58.0,58.0,58.0,0.0,24414.0,0.0,24414.0,24414.0,0.0,0.0,0.0,0.0,0.0,0.0,0.0,0.0,0.0,0.0,0,0,0,0,42.0,58.0,0,0,0,0,0,0,0,0,1.0,71.0,42.0,58.0,0,0,0,0,0,0,1,42,1,58,-1,-1,0,20,0.0,0.0,0.0,0.0,0.0,0.0,0.0,0.0
60621,443,6,37.0,0.0,37.0,0.0,9.25,18.5,0.0,0.0,0.0,0.0,5767444.33,9954529.717,18308693.0,4.0,16300857.0,5336252.33,61322604.307,18300693.0,4.0,0.0,0.0,0.0,0.0,0.0,0,0,0,0,0.0,37.0,0,0,0,0,1,0,0,0,0.0,9.25,9.25,0.0,0,0,0,0,0,0,4,37,0,0,33285,-1,1,32,3.0,0.0,3.0,3.0,18308617.0,0.0,18308697.0,18308617.0
49931,80,6,3738.0,2408.0,2478.0,0.0,624.8,700.02,1448.0,0.0,340.6,664.6034,12369.0,17251.251,40831.0,82.0,145912.0,24670.0,23378.539,63808.0,172.0,110452.0,25070.0,25269.383,50575.0,161.0,0,0,0,0,0.0,2478.0,0,0,0,1,0,0,0,0,0.0,477.555,624.8,340.6,0,0,0,0,0,0,5,3738,5,2408,29200,71,3,32,0.0,0.0,0.0,0.0,0.0,0.0,0.0,0.0
18943,53,17,76.0,238.0,38.0,38.0,38.0,0.0,119.0,119.0,119.0,0.0,120.33,155.822,254.0,0.0,0.0,0.0,0.0,0.0,0.0,4.0,4.0,0.0,4.0,4.0,0,0,0,0,38.0,119.0,0,0,0,0,0,0,0,0,1.0,88.0,38.0,119.0,0,0,0,0,0,0,2,76,2,238,-1,-1,1,40,0.0,0.0,0.0,0.0,0.0,0.0,0.0,0.0
35702,443,6,0.0,0.0,0.0,0.0,0.0,0.0,0.0,0.0,0.0,0.0,26187.0,37251.019,52378.0,39001.0,1.0,1.0,0.0,1.0,1.0,0.0,0.0,0.0,0.0,0.0,0,0,0,0,0.0,0.0,0,0,0,0,1,1,0,0,0.0,0.0,0.0,0.0,0,0,0,0,0,0,2,0,1,0,2832,32,0,32,0.0,0.0,0.0,0.0,0.0,0.0,0.0,0.0
36747,443,6,546.0,5438.0,194.0,0.0,54.25,79.7345,1391.0,0.0,904.75,669.9943,7281.7,12933.908,47561.0,4.0,130007.0,13368.14,14656.459,45980.0,4.0,33674.0,9709.57,11131.236,25689.0,49.0,0,0,0,0,0.0,1391.0,0,0,0,1,0,0,0,0,0.0,387.0,54.25,904.75,0,0,0,0,0,0,8,546,8,5438,29200,118,4,32,0.0,0.0,0.0,0.0,0.0,0.0,0.0,0.0
44292,443,6,12.0,0.0,6.0,6.0,6.0,0.0,0.0,0.0,0.0,0.0,48.0,0.0,48.0,48.0,48.0,48.0,0.0,48.0,48.0,0.0,0.0,0.0,0.0,0.0,0,0,0,0,6.0,6.0,1,0,0,0,0,0,0,0,0.0,9.0,6.0,0.0,0,0,0,0,0,0,2,12,0,0,0,-1,1,20,0.0,0.0,0.0,0.0,0.0,0.0,0.0,0.0
53772,443,6,18.0,0.0,6.0,6.0,6.0,0.0,0.0,0.0,0.0,0.0,18015457.6,24627472.904,44998902.0,23499.0,90030904.0,45015452.0,114.28,45012960.0,45019484.0,90028975.0,45022278.5,228.161,45019957.0,45026341.0,0,0,0,0,0.0,6.0,0,0,0,0,1,0,0,0,1.0,4.0,6.0,0.0,0,0,0,0,0,0,3,18,3,0,251,60,2,20,23455.0,43.65,23459.0,23412.0,44996609.0,5934.54,44998909.0,44996902.0
443,57795,6,0.0,0.0,0.0,0.0,0.0,0.0,0.0,0.0,0.0,0.0,3.0,0.0,3.0,3.0,3.0,3.0,0.0,3.0,3.0,0.0,0.0,0.0,0.0,0.0,0,0,0,0,0.0,0.0,0,0,0,0,1,0,0,0,0.0,0.0,0.0,0.0,0,0,0,0,0,0,2,0,0,0,357,-1,0,32,0.0,0.0,0.0,0.0,0.0,0.0,0.0,0.0
49568,53,17,80.0,180.0,40.0,40.0,40.0,0.0,90.0,90.0,90.0,0.0,55.0,94.508,169.0,3.0,4.0,4.0,0.0,4.0,4.0,3.0,3.0,0.0,3.0,3.0,0,0,0,0,40.0,90.0,0,0,0,0,0,0,0,0,1.0,75.0,40.0,90.0,0,0,0,0,0,0,2,80,2,180,-1,-1,1,20,0.0,0.0,0.0,0.0,0.0,0.0,0.0,0.0
50162,80,6,359.0,265.0,359.0,0.0,79.8,167.0911,265.0,0.0,55.0,163.3119,22765.28,34998.723,88210.0,31.0,189231.0,44885.25,47882.011,91327.0,355.0,87524.0,48561.5,53207.028,89479.0,23660.0,0,0,0,0,0.0,359.0,0,0,0,1,0,0,0,0,0.0,79.4,79.8,55.0,0,0,0,0,0,0,5,359,3,265,65535,110,1,32,0.0,0.0,0.0,0.0,0.0,0.0,0.0,0.0
443,52878,6,0.0,0.0,0.0,0.0,0.0,0.0,0.0,0.0,0.0,0.0,45.0,0.0,45.0,45.0,0.0,0.0,0.0,0.0,0.0,0.0,0.0,0.0,0.0,0.0,0,0,0,0,0.0,0.0,0,0,0,0,1,1,0,0,1.0,0.0,0.0,0.0,0,0,0,0,0,0,1,0,1,0,357,32832,0,32,0.0,0.0,0.0,0.0,0.0,0.0,0.0,0.0
56706,53,17,64.0,96.0,32.0,32.0,32.0,0.0,48.0,48.0,48.0,0.0,67.0,29.413,93.0,48.0,48.0,48.0,0.0,48.0,48.0,48.0,48.0,0.0,48.0,48.0,0,0,0,0,32.0,48.0,0,0,0,0,0,0,0,0,1.0,48.0,32.0,48.0,0,0,0,0,0,0,2,64,2,96,-1,-1,1,32,0.0,0.0,0.0,0.0,0.0,0.0,0.0,0.0
54359,80,6,981.0,1131.0,442.0,6.0,56.875,143.2123,570.0,0.0,61.125,157.0748,2726381.31,4335227.758,10000199.0,155.0,70597712.0,5055666.05,5150818.574,10151405.0,51602.0,70876029.0,5032466.66,5272997.961,10177569.0,2483.0,0,0,0,0,0.0,570.0,0,0,0,0,1,0,0,0,1.0,69.5667,56.875,61.125,0,0,0,0,0,0,16,981,16,1131,64240,0,15,20,87336.77,114579.017,316353.0,50883.0,9993123.75,109573.147,10000192.0,9773612.0
58623,443,6,1045.0,6763.0,681.0,0.0,123.1429,245.824,1460.0,0.0,840.3846,712.3266,13581.92,17089.267,36808.0,3.0,187263.0,20408.66,25831.622,57965.0,166.0,115464.0,13826.0,21042.844,58179.0,48.0,0,0,0,0,0.0,1460.0,0,0,0,1,0,0,0,0,1.0,560.1625,123.1429,840.3846,0,0,0,0,0,0,7,1045,9,6763,8192,15,6,20,0.0,0.0,0.0,0.0,0.0,0.0,0.0,0.0
39721,53,17,120.0,226.0,30.0,30.0,30.0,0.0,113.0,113.0,113.0,0.0,47129.8,86634.745,277199.0,11.0,30685.0,10298.0,17788.222,30687.0,11.0,56.0,56.0,0.0,56.0,56.0,0,0,0,0,30.0,113.0,0,0,0,0,0,0,0,0,0.0,64.0,30.0,113.0,0,0,0,0,0,0,4,120,2,226,-1,-1,3,20,0.0,0.0,0.0,0.0,0.0,0.0,0.0,0.0
13766,53,17,86.0,194.0,43.0,43.0,43.0,0.0,97.0,97.0,97.0,0.0,22425.0,39085.77,67112.0,1.0,1.0,1.0,0.0,1.0,1.0,4.0,4.0,0.0,4.0,4.0,0,0,0,0,43.0,97.0,0,0,0,0,0,0,0,0,1.0,80.75,43.0,97.0,0,0,0,0,0,0,2,86,2,194,-1,-1,1,32,0.0,0.0,0.0,0.0,0.0,0.0,0.0,0.0
56404,53,17,82.0,114.0,41.0,41.0,41.0,0.0,57.0,57.0,57.0,0.0,67.0,28.244,94.0,47.0,47.0,47.0,0.0,47.0,47.0,49.0,49.0,0.0,49.0,49.0,0,0,0,0,41.0,57.0,0,0,0,0,0,0,0,0,1.0,59.25,41.0,57.0,0,0,0,0,0,0,2,82,2,114,-1,-1,1,20,0.0,0.0,0.0,0.0,0.0,0.0,0.0,0.0
50764,80,6,326.0,3785.0,332.0,0.0,62.0,139.1192,1763.0,2.0,1125.5,574.4893,4913.22,7065.101,15944.0,34.0,49158.0,9116.66,10287.723,25143.0,204.0,26024.0,8607.0,12031.856,22862.0,26.0,0,0,0,0,0.0,1763.0,0,0,0,1,0,0,0,0,0.0,354.375,62.0,1125.5,0,0,0,0,0,0,6,326,4,3785,65535,8190,5,20,0.0,0.0,0.0,0.0,0.0,0.0,0.0,0.0
61431,53,17,95.0,304.0,50.0,45.0,47.5,4.9497,232.0,132.0,232.0,86.7313,23822699.0,41377185.109,70542523.0,60933.0,70512190.0,70512190.0,0.0,70512190.0,70512190.0,70512506.0,70512506.0,0.0,70512506.0,70512506.0,0,0,0,0,45.0,232.0,0,0,0,0,0,0,0,0,1.0,148.0,47.5,232.0,0,0,0,0,0,0,2,95,2,304,-1,-1,1,32,77594.0,0.0,77594.0,77594.0,70542546.0,0.0,70542546.0,70542546.0
60123,53,17,50.0,148.0,50.0,50.0,50.0,0.0,148.0,148.0,148.0,0.0,127950.0,0.0,127950.0,127950.0,0.0,0.0,0.0,0.0,0.0,0.0,0.0,0.0,0.0,0.0,0,0,0,0,50.0,148.0,0,0,0,0,0,0,0,0,1.0,124.0,50.0,148.0,0,0,0,0,0,0,1,50,1,148,-1,-1,0,20,0.0,0.0,0.0,0.0,0.0,0.0,0.0,0.0
62635,53,17,128.0,304.0,32.0,32.0,32.0,0.0,152.0,152.0,152.0,0.0,9437.71,13785.714,33047.0,3.0,33063.0,11684.33,19332.548,33047.0,3.0,3.0,3.0,0.0,3.0,3.0,0,0,0,0,32.0,152.0,0,0,0,0,0,0,0,0,0.0,80.6667,32.0,152.0,0,0,0,0,0,0,4,128,2,304,-1,-1,3,20,0.0,0.0,0.0,0.0,0.0,0.0,0.0,0.0
25492,53,17,90.0,172.0,45.0,45.0,45.0,0.0,86.0,86.0,86.0,0.0,59.66,65.945,127.0,3.0,3.0,3.0,0.0,3.0,3.0,49.0,49.0,0.0,49.0,49.0,0,0,0,0,45.0,86.0,0,0,0,0,0,0,0,0,1.0,76.75,45.0,86.0,0,0,0,0,0,0,2,90,2,172,-1,-1,1,32,0.0,0.0,0.0,0.0,0.0,0.0,0.0,0.0
63848,53,17,76.0,180.0,38.0,38.0,38.0,0.0,90.0,90.0,90.0,0.0,9847.33,16257.519,29591.0,3.0,3.0,3.0,0.0,3.0,3.0,48.0,48.0,0.0,48.0,48.0,0,0,0,0,38.0,90.0,0,0,0,0,0,0,0,0,1.0,73.5,38.0,90.0,0,0,0,0,0,0,2,76,2,180,-1,-1,1,32,0.0,0.0,0.0,0.0,0.0,0.0,0.0,0.0
443,52076,6,0.0,0.0,0.0,0.0,0.0,0.0,0.0,0.0,0.0,0.0,36.5,49.599,70.0,4.0,4.0,4.0,0.0,4.0,4.0,0.0,0.0,0.0,0.0,0.0,0,0,0,0,0.0,0.0,0,0,0,0,1,1,0,0,0.0,0.0,0.0,0.0,0,0,0,0,0,0,2,0,1,0,357,32832,0,32,0.0,0.0,0.0,0.0,0.0,0.0,0.0,0.0
49662,80,6,7669.0,220775.0,524.0,0.0,55.4041,147.7893,4380.0,0.0,1797.619,739.1295,809895.02,2754927.543,10009721.0,0.0,118456387.0,1601832.72,3839757.906,10033802.0,48.0,113433766.0,1714285.83,3537526.881,10034767.0,1.0,0,0,0,0,0.0,4380.0,0,0,0,1,0,0,0,0,1.0,1361.7121,55.4041,1797.619,0,0,0,0,0,0,132,7669,156,220775,8192,1818,330,20,434031.81,1666424.525,2149455.0,23976.0,9993308.27,79586.396,10009720.0,9850902.0
56456,80,6,428.0,860.0,428.0,0.0,109.0,216.0712,860.0,0.0,215.0,430.0,111652.5,239701.351,633980.0,2.0,637245.0,209012.0,383274.861,633980.0,23285.0,633783.0,231893.33,348518.095,633673.0,2.0,0,0,0,0,0.0,860.0,0,0,0,1,0,0,0,0,1.0,164.2571,109.0,215.0,0,0,0,0,0,0,4,428,4,860,29200,59,1,32,0.0,0.0,0.0,0.0,0.0,0.0,0.0,0.0
40256,53,17,64.0,412.0,32.0,32.0,32.0,0.0,206.0,206.0,206.0,0.0,40815.66,70548.211,122446.0,3.0,3.0,3.0,0.0,3.0,3.0,3.0,3.0,0.0,3.0,3.0,0,0,0,0,32.0,206.0,0,0,0,0,0,0,0,0,1.0,127.0,32.0,206.0,0,0,0,0,0,0,2,64,2,412,-1,-1,1,32,0.0,0.0,0.0,0.0,0.0,0.0,0.0,0.0
21529,53,17,68.0,202.0,34.0,34.0,34.0,0.0,101.0,101.0,101.0,0.0,57.33,95.057,165.0,3.0,3.0,3.0,0.0,3.0,3.0,4.0,4.0,0.0,4.0,4.0,0,0,0,0,34.0,101.0,0,0,0,0,0,0,0,0,1.0,76.0,34.0,101.0,0,0,0,0,0,0,2,68,2,202,-1,-1,1,20,0.0,0.0,0.0,0.0,0.0,0.0,0.0,0.0
36932,443,6,0.0,0.0,0.0,0.0,0.0,0.0,0.0,0.0,0.0,0.0,29090.0,0.0,29090.0,29090.0,0.0,0.0,0.0,0.0,0.0,0.0,0.0,0.0,0.0,0.0,0,0,0,0,0.0,0.0,0,0,0,0,1,1,0,0,1.0,0.0,0.0,0.0,0,0,0,0,0,0,1,0,1,0,306,254,0,32,0.0,0.0,0.0,0.0,0.0,0.0,0.0,0.0
57936,443,6,599.0,160.0,517.0,0.0,85.5714,191.3085,160.0,0.0,53.3333,92.376,645378.0,1857098.022,5679491.0,62.0,5798618.0,918637.0,2397672.893,5734118.0,99.0,90919.0,45474.5,29734.838,64677.0,24460.0,0,0,0,0,0.0,517.0,0,0,0,1,0,0,0,0,0.0,75.9,85.5714,53.3333,0,0,0,0,0,0,7,599,3,160,29200,59,3,32,105560.0,0.0,105560.0,105560.0,5679485.0,0.0,5679495.0,5679485.0
443,48560,6,0.0,0.0,0.0,0.0,0.0,0.0,0.0,0.0,0.0,0.0,52.0,0.0,52.0,52.0,0.0,0.0,0.0,0.0,0.0,0.0,0.0,0.0,0.0,0.0,0,0,0,0,0.0,0.0,0,0,0,0,1,1,0,0,1.0,0.0,0.0,0.0,0,0,0,0,0,0,1,0,1,0,449,332,0,32,0.0,0.0,0.0,0.0,0.0,0.0,0.0,0.0
58690,53,17,88.0,218.0,44.0,44.0,44.0,0.0,109.0,109.0,109.0,0.0,11975.0,19704.934,36919.0,1.0,1.0,1.0,0.0,1.0,1.0,3.0,3.0,0.0,3.0,3.0,0,0,0,0,44.0,109.0,0,0,0,0,0,0,0,0,1.0,87.5,44.0,109.0,0,0,0,0,0,0,2,88,2,218,-1,-1,1,20,0.0,0.0,0.0,0.0,0.0,0.0,0.0,0.0
443,6174,6,43.0,6.0,31.0,6.0,14.3333,14.4338,6.0,6.0,6.0,0.0,84.0,106.087,155.0,1.0,262.0,131.0,186.129,255.0,1.0,0.0,0.0,0.0,0.0,0.0,0,0,0,0,6.0,31.0,0,0,0,0,1,0,0,0,0.0,13.75,14.3333,6.0,0,0,0,0,0,0,3,43,1,6,980,0,2,20,0.0,0.0,0.0,0.0,0.0,0.0,0.0,0.0
58010,53,17,66.0,160.0,33.0,33.0,33.0,0.0,80.0,80.0,80.0,0.0,15706.33,27130.909,47163.0,3.0,48.0,48.0,0.0,48.0,48.0,3.0,3.0,0.0,3.0,3.0,0,0,0,0,33.0,80.0,0,0,0,0,0,0,0,0,1.0,64.75,33.0,80.0,0,0,0,0,0,0,2,66,2,160,-1,-1,1,32,0.0,0.0,0.0,0.0,0.0,0.0,0.0,0.0
52251,443,6,367.0,5471.0,210.0,0.0,40.7778,75.8053,1460.0,0.0,772.2222,692.5857,389689.53,1453122.358,5404959.0,4.0,5663569.0,748237.87,1937521.856,5404959.0,4.0,63646.0,10880.0,18750.933,32470.0,4.0,0,0,0,0,0.0,1460.0,0,0,0,1,0,0,0,0,0.0,369.8576,40.7778,772.2222,0,0,0,0,0,0,9,367,9,5471,8192,946,8,20,148138.0,0.0,148138.0,148138.0,5404933.0,0.0,5404953.0,5404933.0
443,44754,6,0.0,0.0,0.0,0.0,0.0,0.0,0.0,0.0,0.0,0.0,3.0,0.0,3.0,3.0,3.0,3.0,0.0,3.0,3.0,0.0,0.0,0.0,0.0,0.0,0,0,0,0,0.0,0.0,0,0,0,0,1,0,0,0,0.0,0.0,0.0,0.0,0,0,0,0,0,0,2,0,0,0,349,-1,0,32,0.0,0.0,0.0,0.0,0.0,0.0,0.0,0.0
443,57004,6,0.0,0.0,0.0,0.0,0.0,0.0,0.0,0.0,0.0,0.0,37.5,49.491,74.0,3.0,3.0,3.0,0.0,3.0,3.0,0.0,0.0,0.0,0.0,0.0,0,0,0,0,0.0,0.0,0,0,0,0,1,1,0,0,0.0,0.0,0.0,0.0,0,0,0,0,0,0,2,0,1,0,357,32832,0,32,0.0,0.0,0.0,0.0,0.0,0.0,0.0,0.0
60888,53,17,51.0,83.0,51.0,51.0,51.0,0.0,83.0,83.0,83.0,0.0,30561.0,0.0,30561.0,30561.0,0.0,0.0,0.0,0.0,0.0,0.0,0.0,0.0,0.0,0.0,0,0,0,0,51.0,83.0,0,0,0,0,0,0,0,0,1.0,92.5,51.0,83.0,0,0,0,0,0,0,1,51,1,83,-1,-1,0,20,0.0,0.0,0.0,0.0,0.0,0.0,0.0,0.0
57860,443,6,1255.0,5694.0,460.0,0.0,81.6667,132.0809,1393.0,0.0,433.7647,622.1788,804585.46,7166924.908,58572820.0,1.0,65628099.0,1561066.33,11900686.597,58572895.0,3.0,65504791.0,1100686.38,8410323.818,58586330.0,1.0,0,0,0,0,0.0,1393.0,0,0,0,1,0,0,0,0,1.0,246.4731,81.6667,433.7647,0,0,0,0,0,0,15,1255,14,5694,65535,36,7,32,1882309.0,0.0,1882309.0,1882309.0,58572833.0,0.0,58572823.0,58572833.0
11571,53,17,64.0,158.0,32.0,32.0,32.0,0.0,79.0,79.0,79.0,0.0,16812.0,29208.49,50430.0,1.0,1.0,1.0,0.0,1.0,1.0,4.0,4.0,0.0,4.0,4.0,0,0,0,0,32.0,79.0,0,0,0,0,0,0,0,0,1.0,63.5,32.0,79.0,0,0,0,0,0,0,2,64,2,158,-1,-1,1,32,0.0,0.0,0.0,0.0,0.0,0.0,0.0,0.0
60124,53,17,80.0,176.0,40.0,40.0,40.0,0.0,88.0,88.0,88.0,0.0,10456.33,18075.713,31363.0,3.0,3.0,3.0,0.0,3.0,3.0,3.0,3.0,0.0,3.0,3.0,0,0,0,0,40.0,88.0,0,0,0,0,0,0,0,0,1.0,74.0,40.0,88.0,0,0,0,0,0,0,2,80,2,176,-1,-1,1,32,0.0,0.0,0.0,0.0,0.0,0.0,0.0,0.0
61904,443,6,1046.0,8096.0,389.0,0.0,73.75,127.0844,2293.0,0.0,849.6,1056.4079,250684.7,933949.522,4846723.0,0.0,6040418.0,505901.13,1234758.461,4846023.0,0.0,102999.0,2097.0,18588.305,50117.0,49.0,0,0,0,0,0.0,2293.0,0,0,0,1,0,0,0,0,0.0,393.4264,73.75,849.6,0,0,0,0,0,0,16,1046,10,8096,65535,32,6,32,0.0,0.0,0.0,0.0,0.0,0.0,0.0,0.0
443,53081,6,6.0,6.0,6.0,6.0,6.0,0.0,6.0,6.0,6.0,0.0,25.0,0.0,25.0,25.0,0.0,0.0,0.0,0.0,0.0,0.0,0.0,0.0,0.0,0.0,0,0,0,0,6.0,6.0,0,0,0,0,1,1,0,0,1.0,9.0,6.0,6.0,0,0,0,0,0,0,1,6,1,6,351,256,0,20,0.0,0.0,0.0,0.0,0.0,0.0,0.0,0.0
41926,53,17,64.0,194.0,32.0,32.0,32.0,0.0,97.0,97.0,97.0,0.0,60.66,103.209,179.0,1.0,1.0,1.0,0.0,1.0,1.0,1.0,1.0,0.0,1.0,1.0,0,0,0,0,32.0,97.0,0,0,0,0,0,0,0,0,1.0,72.5,32.0,97.0,0,0,0,0,0,0,2,64,2,194,-1,-1,1,32,0.0,0.0,0.0,0.0,0.0,0.0,0.0,0.0
53500,53,17,74.0,154.0,37.0,37.0,37.0,0.0,77.0,77.0,77.0,0.0,63.33,102.171,184.0,3.0,4.0,4.0,0.0,4.0,4.0,3.0,3.0,0.0,3.0,3.0,0,0,0,0,37.0,77.0,0,0,0,0,0,0,0,0,1.0,66.25,37.0,77.0,0,0,0,0,0,0,2,74,2,154,-1,-1,1,20,0.0,0.0,0.0,0.0,0.0,0.0,0.0,0.0
60573,53,17,63.0,139.0,63.0,63.0,63.0,0.0,139.0,139.0,139.0,0.0,561.0,0.0,561.0,561.0,0.0,0.0,0.0,0.0,0.0,0.0,0.0,0.0,0.0,0.0,0,0,0,0,63.0,139.0,0,0,0,0,0,0,0,0,1.0,137.5,63.0,139.0,0,0,0,0,0,0,1,63,1,139,-1,-1,0,32,0.0,0.0,0.0,0.0,0.0,0.0,0.0,0.0
58540,53,17,76.0,120.0,38.0,38.0,38.0,0.0,60.0,60.0,60.0,0.0,61.66,107.758,188.0,3.0,3.0,3.0,0.0,3.0,3.0,4.0,4.0,0.0,4.0,4.0,0,0,0,0,38.0,60.0,0,0,0,0,0,0,0,0,1.0,58.5,38.0,60.0,0,0,0,0,0,0,2,76,2,120,-1,-1,1,20,0.0,0.0,0.0,0.0,0.0,0.0,0.0,0.0
61306,53,17,36.0,233.0,36.0,36.0,36.0,0.0,233.0,233.0,233.0,0.0,97003.0,0.0,97003.0,97003.0,0.0,0.0,0.0,0.0,0.0,0.0,0.0,0.0,0.0,0.0,0,0,0,0,36.0,233.0,0,0,0,0,0,0,0,0,1.0,152.5,36.0,233.0,0,0,0,0,0,0,1,36,1,233,-1,-1,0,20,0.0,0.0,0.0,0.0,0.0,0.0,0.0,0.0
64384,53,17,68.0,182.0,34.0,34.0,34.0,0.0,91.0,91.0,91.0,0.0,10354.33,17880.929,30956.0,3.0,3.0,3.0,0.0,3.0,3.0,3.0,3.0,0.0,3.0,3.0,0,0,0,0,34.0,91.0,0,0,0,0,0,0,0,0,1.0,71.0,34.0,91.0,0,0,0,0,0,0,2,68,2,182,-1,-1,1,32,0.0,0.0,0.0,0.0,0.0,0.0,0.0,0.0
62486,53,17,41.0,269.0,41.0,41.0,41.0,0.0,269.0,269.0,269.0,0.0,364034.0,0.0,364034.0,364034.0,0.0,0.0,0.0,0.0,0.0,0.0,0.0,0.0,0.0,0.0,0,0,0,0,41.0,269.0,0,0,0,0,0,0,0,0,1.0,175.5,41.0,269.0,0,0,0,0,0,0,1,41,1,269,-1,-1,0,20,0.0,0.0,0.0,0.0,0.0,0.0,0.0,0.0
443,53284,6,6.0,6.0,6.0,6.0,6.0,0.0,6.0,6.0,6.0,0.0,70.0,0.0,70.0,70.0,0.0,0.0,0.0,0.0,0.0,0.0,0.0,0.0,0.0,0.0,0,0,0,0,6.0,6.0,0,0,0,0,1,1,0,0,1.0,9.0,6.0,6.0,0,0,0,0,0,0,1,6,1,6,32,32850,0,20,0.0,0.0,0.0,0.0,0.0,0.0,0.0,0.0
443,39105,6,0.0,0.0,0.0,0.0,0.0,0.0,0.0,0.0,0.0,0.0,3.0,0.0,3.0,3.0,3.0,3.0,0.0,3.0,3.0,0.0,0.0,0.0,0.0,0.0,0,0,0,0,0.0,0.0,0,0,0,0,1,0,0,0,0.0,0.0,0.0,0.0,0,0,0,0,0,0,2,0,0,0,4763,-1,0,32,0.0,0.0,0.0,0.0,0.0,0.0,0.0,0.0
50586,443,6,1152.0,25424.0,541.0,0.0,40.88,125.4589,2380.0,0.0,1241.4885,1015.737,105612.64,844726.287,5022541.0,0.0,6567867.0,245780.5,1178726.826,5022643.0,0.0,5511035.0,464169.1,678685.408,5005837.0,2.0,0,0,0,0,0.0,2380.0,0,0,0,1,0,0,0,0,1.0,654.56,40.88,1241.4885,0,0,0,0,0,0,39,1152,39,25424,8192,292,38,20,152384.0,0.0,152384.0,152384.0,5022524.0,0.0,5022544.0,5022524.0
59942,80,6,465.0,763.0,363.0,0.0,91.1667,186.7522,763.0,0.0,183.75,377.5199,22289.11,41676.597,99969.0,53.0,194659.0,39353.8,57618.491,99961.0,8439.0,61505.0,30251.66,63519.475,67158.0,603.0,0,0,0,0,0.0,763.0,0,0,0,1,0,0,0,0,1.0,169.25,91.1667,183.75,0,0,0,0,0,0,6,465,4,763,65535,62,1,32,0.0,0.0,0.0,0.0,0.0,0.0,0.0,0.0
59309,443,6,18.0,0.0,6.0,6.0,6.0,0.0,0.0,0.0,0.0,0.0,260.66,431.139,761.0,0.0,680.0,340.0,431.981,689.0,0.0,0.0,0.0,0.0,0.0,0.0,0,0,0,0,0.0,6.0,1,0,0,0,0,0,0,0,0.0,6.0,6.0,0.0,0,0,0,0,0,0,3,18,1,0,0,972,2,20,0.0,0.0,0.0,0.0,0.0,0.0,0.0,0.0
443,52293,6,6.0,6.0,6.0,6.0,6.0,0.0,6.0,6.0,6.0,0.0,11.0,0.0,11.0,11.0,0.0,0.0,0.0,0.0,0.0,0.0,0.0,0.0,0.0,0.0,0,0,0,0,6.0,6.0,0,0,0,0,1,1,0,0,1.0,9.0,6.0,6.0,0,0,0,0,0,0,1,6,1,6,60,255,0,20,0.0,0.0,0.0,0.0,0.0,0.0,0.0,0.0
443,62203,6,0.0,0.0,0.0,0.0,0.0,0.0,0.0,0.0,0.0,0.0,356.0,0.0,356.0,356.0,0.0,0.0,0.0,0.0,0.0,0.0,0.0,0.0,0.0,0.0,0,0,0,0,0.0,0.0,0,0,0,0,1,0,0,0,1.0,0.0,0.0,0.0,0,0,0,0,0,0,1,0,1,0,362,32832,0,32,0.0,0.0,0.0,0.0,0.0,0.0,0.0,0.0
58778,443,6,74.0,0.0,37.0,37.0,37.0,0.0,0.0,0.0,0.0,0.0,64057108.0,0.0,64057108.0,64057108.0,64057108.0,64057108.0,0.0,64057108.0,64057108.0,0.0,0.0,0.0,0.0,0.0,1,0,0,0,37.0,37.0,0,1,0,0,1,1,0,0,0.0,55.5,37.0,0.0,0,0,0,0,0,0,2,74,0,0,33304,-1,1,32,0.0,0.0,0.0,0.0,0.0,0.0,0.0,0.0
60385,53,17,50.0,143.0,50.0,50.0,50.0,0.0,143.0,143.0,143.0,0.0,195561.0,0.0,195561.0,195561.0,0.0,0.0,0.0,0.0,0.0,0.0,0.0,0.0,0.0,0.0,0,0,0,0,50.0,143.0,0,0,0,0,0,0,0,0,1.0,121.5,50.0,143.0,0,0,0,0,0,0,1,50,1,143,-1,-1,0,20,0.0,0.0,0.0,0.0,0.0,0.0,0.0,0.0
1577,443,6,6.0,57.0,6.0,6.0,6.0,0.0,57.0,0.0,18.5,26.9203,814990.75,191046.662,434124.0,3.0,0.0,0.0,0.0,0.0,0.0,33896.0,33496.0,0.0,33896.0,33896.0,0,0,0,0,0.0,57.0,1,0,0,0,0,0,0,0,2.0,26.3333,6.0,18.5,0,0,0,0,0,0,1,6,2,57,0,68,0,20,0.0,0.0,0.0,0.0,0.0,0.0,0.0,0.0
47901,443,6,1257.0,6705.0,818.0,0.0,160.375,297.6829,1460.0,0.0,741.625,677.5295,679884.15,2564920.108,9990124.0,3.0,131251.0,10310.71,14067.984,30437.0,603.0,10087610.0,1452473.71,3015734.859,9990757.0,3.0,0,0,0,0,0.0,1460.0,0,0,0,1,0,0,0,0,1.0,570.9444,160.375,741.625,0,0,0,0,0,0,8,1257,8,6705,29200,39,6,20,120905.0,0.0,120905.0,120905.0,9990196.0,0.0,9990126.0,9990196.0
59404,443,6,663.0,429.0,421.0,0.0,66.8182,132.9431,380.0,0.0,55.8333,129.3245,5157.11,9569.696,23543.0,3.0,71967.0,9190.4,11414.328,24571.0,3.0,49509.0,4902.8,13000.582,23324.0,3.0,0,0,0,0,0.0,421.0,0,0,0,1,0,0,0,0,0.0,67.0636,66.8182,55.8333,0,0,0,0,0,0,11,663,6,429,65535,972,5,32,0.0,0.0,0.0,0.0,0.0,0.0,0.0,0.0
62060,80,6,755.0,722.0,751.0,0.0,59.75,183.4635,722.0,0.0,52.7143,130.439,3549068.17,4890784.399,10010763.0,105.0,60994814.0,6336134.85,5154390.691,10088541.0,180.0,60943585.0,7380876.42,4657691.261,10086222.0,865.0,0,0,0,0,0.0,751.0,0,0,0,1,0,0,0,0,1.0,43.8,59.75,52.7143,0,0,0,0,0,0,12,755,14,722,8192,124,11,20,69447.33,170508.66,301416.0,50727.0,9987507.66,135040.184,10010764.0,9971650.0
443,47668,6,0.0,0.0,0.0,0.0,0.0,0.0,0.0,0.0,0.0,0.0,52.0,0.0,52.0,52.0,0.0,0.0,0.0,0.0,0.0,0.0,0.0,0.0,0.0,0.0,0,0,0,0,0.0,0.0,0,0,0,0,1,1,0,0,1.0,0.0,0.0,0.0,0,0,0,0,0,0,1,0,1,0,122,738,0,32,0.0,0.0,0.0,0.0,0.0,0.0,0.0,0.0
64183,53,17,70.0,290.0,35.0,35.0,35.0,0.0,145.0,145.0,145.0,0.0,10386.0,17901.52,31154.0,3.0,3.0,3.0,0.0,3.0,3.0,48.0,48.0,0.0,48.0,48.0,0,0,0,0,35.0,145.0,0,0,0,0,0,0,0,0,1.0,98.75,35.0,145.0,0,0,0,0,0,0,2,70,2,290,-1,-1,1,20,0.0,0.0,0.0,0.0,0.0,0.0,0.0,0.0
443,52979,6,6.0,6.0,6.0,6.0,6.0,0.0,6.0,6.0,6.0,0.0,15.0,0.0,15.0,15.0,0.0,0.0,0.0,0.0,0.0,0.0,0.0,0.0,0.0,0.0,0,0,0,0,6.0,6.0,0,0,0,0,1,0,0,0,1.0,9.0,6.0,6.0,0,0,0,0,0,0,1,6,1,6,123,16416,0,20,0.0,0.0,0.0,0.0,0.0,0.0,0.0,0.0
53655,443,6,356.0,3782.0,212.0,0.0,59.3333,89.2248,1460.0,0.0,630.3333,677.2171,23327.54,39266.677,85493.0,43.0,260830.0,52496.0,46580.625,87404.0,200.0,175654.0,35195.8,47428.226,87257.0,49.0,0,0,0,0,0.0,1460.0,0,0,0,1,0,0,0,0,1.0,344.8333,59.3333,630.3333,0,0,0,0,0,0,6,356,6,3782,8192,60,5,20,0.0,0.0,0.0,0.0,0.0,0.0,0.0,0.0
49950,443,6,2610.0,2269.0,1458.0,0.0,251.8333,557.2116,1460.0,0.0,243.0,472.2749,7931.15,13350.25,40623.0,3.0,142845.0,14507.12,18211.543,46584.0,3.0,105562.0,907.66,12974.512,40923.0,204.0,0,0,0,0,0.0,1460.0,0,0,0,1,0,0,0,0,1.0,266.5615,251.8333,243.0,0,0,0,0,0,0,12,2610,10,2269,65535,1120,7,20,0.0,0.0,0.0,0.0,0.0,0.0,0.0,0.0
36244,443,6,0.0,0.0,0.0,0.0,0.0,0.0,0.0,0.0,0.0,0.0,312.0,0.0,312.0,312.0,312.0,312.0,0.0,312.0,312.0,0.0,0.0,0.0,0.0,0.0,0,0,0,0,0.0,0.0,0,0,0,0,1,0,0,0,0.0,0.0,0.0,0.0,0,0,0,0,0,0,2,0,0,0,357,-1,0,32,0.0,0.0,0.0,0.0,0.0,0.0,0.0,0.0
55008,80,6,1863.0,3001.0,437.0,0.0,70.8462,175.7396,746.0,0.0,128.5625,245.7169,3302669.51,4839978.681,10216061.0,47.0,118111431.0,6110685.79,5018166.477,10240080.0,3743.0,118157793.0,7410696.95,4337130.812,10240878.0,20789.0,0,0,0,0,0.0,746.0,0,0,0,1,0,0,0,0,0.0,94.2667,70.8462,128.5625,0,0,0,0,0,0,26,1863,19,3001,29200,365,6,32,411634.18,1050222.374,3882267.0,30854.0,10187766.72,60834.851,10216063.0,10009503.0
123,123,17,48.0,48.0,48.0,48.0,48.0,0.0,48.0,48.0,48.0,0.0,57470.0,0.0,57470.0,57470.0,0.0,0.0,0.0,0.0,0.0,0.0,0.0,0.0,0.0,0.0,0,0,0,0,48.0,48.0,0,0,0,0,0,0,0,0,1.0,72.0,48.0,48.0,0,0,0,0,0,0,1,48,1,48,-1,-1,0,32,0.0,0.0,0.0,0.0,0.0,0.0,0.0,0.0
64235,53,17,106.0,278.0,53.0,53.0,53.0,0.0,139.0,139.0,139.0,0.0,20384.33,35259.036,61141.0,3.0,3.0,3.0,0.0,3.0,3.0,48.0,48.0,0.0,48.0,48.0,0,0,0,0,53.0,139.0,0,0,0,0,0,0,0,0,1.0,119.25,53.0,139.0,0,0,0,0,0,0,2,106,2,278,-1,-1,1,20,0.0,0.0,0.0,0.0,0.0,0.0,0.0,0.0
443,46820,6,0.0,0.0,0.0,0.0,0.0,0.0,0.0,0.0,0.0,0.0,41.0,0.0,41.0,41.0,0.0,0.0,0.0,0.0,0.0,0.0,0.0,0.0,0.0,0.0,0,0,0,0,0.0,0.0,0,0,0,0,1,1,0,0,1.0,0.0,0.0,0.0,0,0,0,0,0,0,1,0,1,0,127,339,0,32,0.0,0.0,0.0,0.0,0.0,0.0,0.0,0.0
51342,80,6,12.0,0.0,6.0,6.0,6.0,0.0,0.0,0.0,0.0,0.0,202.0,0.0,202.0,202.0,202.0,202.0,0.0,202.0,202.0,0.0,0.0,0.0,0.0,0.0,0,0,0,0,6.0,6.0,0,0,0,0,1,0,0,0,0.0,9.0,6.0,0.0,0,0,0,0,0,0,2,12,0,0,256,-1,1,20,0.0,0.0,0.0,0.0,0.0,0.0,0.0,0.0
443,50294,6,6.0,6.0,6.0,6.0,6.0,0.0,6.0,6.0,6.0,0.0,35.0,0.0,35.0,35.0,0.0,0.0,0.0,0.0,0.0,0.0,0.0,0.0,0.0,0.0,0,0,0,0,6.0,6.0,0,0,0,0,1,1,0,0,1.0,9.0,6.0,6.0,0,0,0,0,0,0,1,6,1,6,119,16055,0,20,0.0,0.0,0.0,0.0,0.0,0.0,0.0,0.0
39360,80,6,0.0,0.0,0.0,0.0,0.0,0.0,0.0,0.0,0.0,0.0,31144.0,0.0,31144.0,31144.0,0.0,0.0,0.0,0.0,0.0,0.0,0.0,0.0,0.0,0.0,0,0,0,0,0.0,0.0,0,0,0,0,1,1,0,0,1.0,0.0,0.0,0.0,0,0,0,0,0,0,1,0,1,0,238,939,0,32,0.0,0.0,0.0,0.0,0.0,0.0,0.0,0.0
443,59601,6,12.0,0.0,6.0,6.0,6.0,0.0,0.0,0.0,0.0,0.0,3.0,0.0,3.0,3.0,3.0,3.0,0.0,3.0,3.0,0.0,0.0,0.0,0.0,0.0,0,0,0,0,6.0,6.0,0,0,0,0,1,0,0,0,0.0,9.0,6.0,0.0,0,0,0,0,0,0,2,12,0,0,11253,-1,1,20,0.0,0.0,0.0,0.0,0.0,0.0,0.0,0.0
36584,80,6,439.0,2267.0,439.0,0.0,146.3333,248.7568,2267.0,0.0,566.75,1133.5,8025.83,11810.64,23478.0,4.0,23882.0,11941.0,23413.568,23413.0,167.0,23146.0,1118.66,16415.512,24469.0,104.0,0,0,0,0,0.0,2267.0,0,0,0,1,0,0,0,0,1.0,385.4286,146.3333,566.75,0,0,0,0,0,0,3,439,4,2267,29200,235,1,32,0.0,0.0,0.0,0.0,0.0,0.0,0.0,0.0
443,50302,6,6.0,6.0,6.0,6.0,6.0,0.0,6.0,6.0,6.0,0.0,3.0,0.0,3.0,3.0,0.0,0.0,0.0,0.0,0.0,0.0,0.0,0.0,0.0,0.0,0,0,0,0,6.0,6.0,0,0,0,0,1,1,0,0,1.0,9.0,6.0,6.0,0,0,0,0,0,0,1,6,1,6,119,255,0,20,0.0,0.0,0.0,0.0,0.0,0.0,0.0,0.0
51794,443,6,859.0,5743.0,235.0,0.0,61.75,82.8515,2250.0,0.0,417.1,807.5567,12429.21,17436.005,44243.0,1.0,228734.0,24910.0,22198.119,74323.0,1.0,256014.0,21854.85,38814.503,70381.0,1.0,0,0,0,0,0.0,2250.0,0,0,0,1,0,0,0,0,0.0,222.4236,61.75,417.1,0,0,0,0,0,0,12,859,10,5743,8192,127,11,20,0.0,0.0,0.0,0.0,0.0,0.0,0.0,0.0
8663,53,17,76.0,194.0,38.0,38.0,38.0,0.0,97.0,97.0,97.0,0.0,123.33,184.871,325.0,48.0,48.0,48.0,0.0,48.0,48.0,48.0,48.0,0.0,48.0,48.0,0,0,0,0,38.0,97.0,0,0,0,0,0,0,0,0,1.0,77.0,38.0,97.0,0,0,0,0,0,0,2,76,2,194,-1,-1,1,44,0.0,0.0,0.0,0.0,0.0,0.0,0.0,0.0
33937,443,6,12.0,0.0,6.0,6.0,6.0,0.0,0.0,0.0,0.0,0.0,159175.0,0.0,159175.0,159175.0,159175.0,159175.0,0.0,159175.0,159175.0,0.0,0.0,0.0,0.0,0.0,0,0,0,0,6.0,6.0,0,0,0,0,1,0,0,0,0.0,9.0,6.0,0.0,0,0,0,0,0,0,2,12,0,0,252,-1,1,20,0.0,0.0,0.0,0.0,0.0,0.0,0.0,0.0
3417,53,17,64.0,96.0,32.0,32.0,32.0,0.0,48.0,48.0,48.0,0.0,56.33,96.607,162.0,3.0,3.0,3.0,0.0,3.0,3.0,3.0,3.0,0.0,3.0,3.0,0,0,0,0,32.0,48.0,0,0,0,0,0,0,0,0,1.0,48.0,32.0,48.0,0,0,0,0,0,0,2,64,2,96,-1,-1,1,32,0.0,0.0,0.0,0.0,0.0,0.0,0.0,0.0
56007,53,17,76.0,108.0,38.0,38.0,38.0,0.0,54.0,54.0,54.0,0.0,86.0,148.569,253.0,1.0,3.0,3.0,0.0,3.0,3.0,1.0,1.0,0.0,1.0,1.0,0,0,0,0,38.0,54.0,0,0,0,0,0,0,0,0,1.0,55.5,38.0,54.0,0,0,0,0,0,0,2,76,2,108,-1,-1,1,32,0.0,0.0,0.0,0.0,0.0,0.0,0.0,0.0
443,51355,6,37.0,0.0,37.0,0.0,18.5,26.163,0.0,0.0,0.0,0.0,3.0,0.0,3.0,3.0,3.0,3.0,0.0,3.0,3.0,0.0,0.0,0.0,0.0,0.0,1,0,0,0,0.0,37.0,0,1,0,0,1,0,0,0,0.0,37.0,18.5,0.0,0,0,0,0,0,0,2,37,0,0,118,-1,0,32,0.0,0.0,0.0,0.0,0.0,0.0,0.0,0.0
15887,53,17,90.0,230.0,45.0,45.0,45.0,0.0,115.0,115.0,115.0,0.0,17463.66,29532.237,52385.0,0.0,0.0,0.0,0.0,0.0,0.0,48.0,48.0,0.0,48.0,48.0,0,0,0,0,45.0,115.0,0,0,0,0,0,0,0,0,1.0,91.25,45.0,115.0,0,0,0,0,0,0,2,90,2,230,-1,-1,1,32,0.0,0.0,0.0,0.0,0.0,0.0,0.0,0.0
64449,443,6,376.0,3140.0,191.0,0.0,47.0,73.9203,1646.0,0.0,616.0,832.1064,456373.23,1431119.052,5117412.0,136.0,5509446.0,784916.83,1944994.754,5117412.0,155.0,105348.0,23224.6,34995.296,64806.0,250.0,0,0,0,0,0.0,1646.0,0,0,0,1,0,0,0,0,0.0,267.7286,47.0,616.0,0,0,0,0,0,0,7,376,6,3140,8192,110,6,20,519312.0,0.0,519312.0,519312.0,5117459.0,0.0,5117459.0,5117459.0
55335,53,17,60.0,162.0,30.0,30.0,30.0,0.0,81.0,81.0,81.0,0.0,90.33,154.808,265.0,1.0,1.0,1.0,0.0,1.0,1.0,1.0,1.0,0.0,1.0,1.0,0,0,0,0,30.0,81.0,0,0,0,0,0,0,0,0,1.0,63.0,30.0,81.0,0,0,0,0,0,0,2,60,2,162,-1,-1,1,32,0.0,0.0,0.0,0.0,0.0,0.0,0.0,0.0
49801,53,17,94.0,196.0,47.0,47.0,47.0,0.0,98.0,98.0,98.0,0.0,76.66,45.521,136.0,48.0,48.0,48.0,0.0,48.0,48.0,48.0,48.0,0.0,48.0,48.0,0,0,0,0,47.0,98.0,0,0,0,0,0,0,0,0,1.0,84.25,47.0,98.0,0,0,0,0,0,0,2,94,2,196,-1,-1,1,20,0.0,0.0,0.0,0.0,0.0,0.0,0.0,0.0
38818,80,6,0.0,0.0,0.0,0.0,0.0,0.0,0.0,0.0,0.0,0.0,22127.0,0.0,22127.0,22127.0,0.0,0.0,0.0,0.0,0.0,0.0,0.0,0.0,0.0,0.0,0,0,0,0,0.0,0.0,0,0,0,0,1,1,0,0,1.0,0.0,0.0,0.0,0,0,0,0,0,0,1,0,1,0,382,130,0,32,0.0,0.0,0.0,0.0,0.0,0.0,0.0,0.0
443,52366,6,6.0,6.0,6.0,6.0,6.0,0.0,6.0,6.0,6.0,0.0,30.0,0.0,30.0,30.0,0.0,0.0,0.0,0.0,0.0,0.0,0.0,0.0,0.0,0.0,0,0,0,0,6.0,6.0,0,0,0,0,1,1,0,0,1.0,9.0,6.0,6.0,0,0,0,0,0,0,1,6,1,6,291,256,0,20,0.0,0.0,0.0,0.0,0.0,0.0,0.0,0.0
58013,443,6,37.0,0.0,37.0,0.0,18.5,26.163,0.0,0.0,0.0,0.0,190.0,0.0,190.0,190.0,190.0,190.0,0.0,190.0,190.0,0.0,0.0,0.0,0.0,0.0,1,0,0,0,0.0,37.0,0,1,0,0,1,0,0,0,0.0,37.0,18.5,0.0,0,0,0,0,0,0,2,37,0,0,33304,-1,0,32,0.0,0.0,0.0,0.0,0.0,0.0,0.0,0.0
53684,443,6,388.0,4013.0,197.0,0.0,42.6667,70.2157,1460.0,0.0,665.0,669.1199,465770.23,1454076.334,4959467.0,27.0,5281602.0,720450.75,1837432.055,4959467.0,48.0,288991.0,55992.2,51239.775,138464.0,49.0,0,0,0,0,0.0,1460.0,0,0,0,1,0,0,0,0,0.0,287.375,42.6667,665.0,0,0,0,0,0,0,9,388,6,4013,8192,210,7,20,0.0,0.0,0.0,0.0,0.0,0.0,0.0,0.0
60836,443,6,1073.0,5899.0,681.0,0.0,87.1538,192.6118,2920.0,0.0,826.9091,1005.8793,18092.12,31016.862,155645.0,2.0,224214.0,20101.83,44123.423,159742.0,2.0,235990.0,38149.6,51279.023,121601.0,50.0,0,0,0,0,0.0,2920.0,0,0,0,1,0,0,0,0,0.0,385.0766,87.1538,826.9091,0,0,0,0,0,0,13,1073,11,5899,65535,980,12,20,0.0,0.0,0.0,0.0,0.0,0.0,0.0,0.0
49564,443,6,988.0,5780.0,437.0,0.0,87.1667,149.9016,1730.0,0.0,580.0,708.5743,106968.4,549061.619,2524761.0,1.0,2678748.0,273877.18,849389.731,2524701.0,188.0,2067234.0,207941.71,864680.283,2523971.0,1.0,0,0,0,0,0.0,1730.0,0,0,0,1,0,0,0,0,0.0,310.4,87.1667,580.0,0,0,0,0,0,0,12,988,8,5780,8192,360,11,20,0.0,0.0,0.0,0.0,0.0,0.0,0.0,0.0
49524,53,17,136.0,264.0,34.0,34.0,34.0,0.0,132.0,132.0,132.0,0.0,9847.4,15579.947,929822.0,3.0,29329.0,6473.66,15379.978,29322.0,3.0,4.0,4.0,0.0,4.0,4.0,0,0,0,0,34.0,132.0,0,0,0,0,0,0,0,0,0.0,69.3333,34.0,132.0,0,0,0,0,0,0,4,136,2,264,-1,-1,3,20,0.0,0.0,0.0,0.0,0.0,0.0,0.0,0.0
60928,80,6,0.0,0.0,0.0,0.0,0.0,0.0,0.0,0.0,0.0,0.0,51750.0,0.0,51750.0,51750.0,0.0,0.0,0.0,0.0,0.0,0.0,0.0,0.0,0.0,0.0,0,0,0,0,0.0,0.0,0,0,0,0,1,1,0,0,1.0,0.0,0.0,0.0,0,0,0,0,0,0,1,0,1,0,254,159,0,32,0.0,0.0,0.0,0.0,0.0,0.0,0.0,0.0
59223,53,17,138.0,234.0,32.0,32.0,32.0,0.0,117.0,117.0,117.0,0.0,97297.8,177377.866,451708.0,1.0,31931.0,10643.0,17847.483,31935.0,1.0,3.0,3.0,0.0,3.0,3.0,0,0,0,0,32.0,117.0,0,0,0,0,0,0,0,0,0.0,61.6667,32.0,117.0,0,0,0,0,0,0,4,138,2,234,-1,-1,3,20,0.0,0.0,0.0,0.0,0.0,0.0,0.0,0.0
55755,443,6,1280.0,15801.0,917.0,0.0,70.3333,236.0596,1460.0,0.0,808.9333,655.7687,2025.26,4999.483,15192.0,1.0,18191.0,4785.71,6369.497,21780.0,1.0,77565.0,1756.63,6827.151,15359.0,1.0,0,0,0,0,0.0,1460.0,0,0,0,1,0,0,0,0,0.0,484.0176,70.3333,808.9333,0,0,0,0,0,0,24,1280,15,15801,65535,32,23,20,0.0,0.0,0.0,0.0,0.0,0.0,0.0,0.0
443,2689,6,37.0,0.0,31.0,6.0,18.5,17.6777,0.0,0.0,0.0,0.0,3.0,0.0,3.0,3.0,3.0,3.0,0.0,3.0,3.0,0.0,0.0,0.0,0.0,0.0,1,0,0,0,6.0,31.0,0,1,0,0,1,0,0,0,0.0,34.0,18.5,0.0,0,0,0,0,0,0,2,37,0,0,110,-1,1,20,0.0,0.0,0.0,0.0,0.0,0.0,0.0,0.0
443,45096,6,31.0,0.0,31.0,0.0,15.5,21.9203,0.0,0.0,0.0,0.0,4.0,0.0,4.0,4.0,4.0,4.0,0.0,4.0,4.0,0.0,0.0,0.0,0.0,0.0,1,0,0,0,0.0,31.0,0,1,0,0,1,0,0,0,0.0,31.0,15.5,0.0,0,0,0,0,0,0,2,31,0,0,939,-1,0,32,0.0,0.0,0.0,0.0,0.0,0.0,0.0,0.0
59935,443,6,580.0,164.0,517.0,0.0,116.0,225.1011,152.0,0.0,41.0,74.054,1346873.25,4030174.81,12346842.0,128.0,12592084.0,2593526.5,5244578.13,12409432.0,122.0,103415.0,26407.33,31495.689,65879.0,393.0,0,0,0,0,0.0,517.0,0,0,0,1,0,0,0,0,0.0,82.6667,116.0,41.0,0,0,0,0,0,0,5,580,4,164,8192,946,4,20,0.0,0.0,0.0,0.0,0.0,0.0,0.0,0.0
61872,80,6,1218.0,5155.0,856.0,0.0,96.2727,242.965,1845.0,0.0,819.375,921.061,4010.0,7773.822,19121.0,21.0,68828.0,8801.83,8589.684,12285.0,23.0,40397.0,5636.42,7212.688,19197.0,49.0,0,0,0,0,0.0,1845.0,0,0,0,1,0,0,0,0,0.0,425.0947,96.2727,819.375,0,0,0,0,0,0,13,1218,8,5155,65535,64,1,32,0.0,0.0,0.0,0.0,0.0,0.0,0.0,0.0
43326,80,6,788.0,1599.0,788.0,0.0,157.0,361.5453,1283.0,0.0,399.8,791.3472,712731.85,1874254.902,5081733.0,54.0,322670.0,80907.0,68621.005,164352.0,213.0,5164273.0,1789294.75,2841782.868,5001415.0,3794.0,0,0,0,0,0.0,1283.0,0,0,0,1,0,0,0,0,1.0,298.875,157.0,399.8,0,0,0,0,0,0,4,788,5,1599,29200,60,2,20,0.0,0.0,0.0,0.0,0.0,0.0,0.0,0.0
443,51302,6,37.0,0.0,31.0,6.0,18.5,17.6777,0.0,0.0,0.0,0.0,1.0,0.0,1.0,1.0,1.0,1.0,0.0,1.0,1.0,0.0,0.0,0.0,0.0,0.0,1,0,0,0,6.0,31.0,0,1,0,0,1,0,0,0,0.0,34.0,18.5,0.0,0,0,0,0,0,0,2,37,0,0,60,-1,1,20,0.0,0.0,0.0,0.0,0.0,0.0,0.0,0.0
61429,53,17,90.0,246.0,45.0,45.0,45.0,0.0,123.0,123.0,123.0,0.0,67.33,112.46,196.0,3.0,3.0,3.0,0.0,3.0,3.0,3.0,3.0,0.0,3.0,3.0,0,0,0,0,45.0,123.0,0,0,0,0,0,0,0,0,1.0,95.25,45.0,123.0,0,0,0,0,0,0,2,90,2,246,-1,-1,1,20,0.0,0.0,0.0,0.0,0.0,0.0,0.0,0.0
61509,53,17,52.0,116.0,52.0,52.0,52.0,0.0,116.0,116.0,116.0,0.0,30933.0,0.0,30933.0,30933.0,0.0,0.0,0.0,0.0,0.0,0.0,0.0,0.0,0.0,0.0,0,0,0,0,52.0,116.0,0,0,0,0,0,0,0,0,1.0,110.0,52.0,116.0,0,0,0,0,0,0,1,52,1,116,-1,-1,0,32,0.0,0.0,0.0,0.0,0.0,0.0,0.0,0.0
61994,443,6,12.0,0.0,6.0,6.0,6.0,0.0,0.0,0.0,0.0,0.0,177.0,0.0,177.0,177.0,177.0,177.0,0.0,177.0,177.0,0.0,0.0,0.0,0.0,0.0,0,0,0,0,6.0,6.0,0,0,0,0,1,0,0,0,0.0,9.0,6.0,0.0,0,0,0,0,0,0,2,12,0,0,16286,-1,1,20,0.0,0.0,0.0,0.0,0.0,0.0,0.0,0.0
65173,53,17,176.0,188.0,44.0,44.0,44.0,0.0,94.0,94.0,94.0,0.0,9769.4,14693.263,30596.0,1.0,30528.0,10142.0,17613.87,30526.0,3.0,1.0,1.0,0.0,1.0,1.0,0,0,0,0,44.0,94.0,0,0,0,0,0,0,0,0,0.0,69.0,44.0,94.0,0,0,0,0,0,0,4,176,2,188,-1,-1,3,20,0.0,0.0,0.0,0.0,0.0,0.0,0.0,0.0
61882,53,17,53.0,59.0,53.0,53.0,53.0,0.0,59.0,59.0,59.0,0.0,60710.0,0.0,60710.0,60710.0,0.0,0.0,0.0,0.0,0.0,0.0,0.0,0.0,0.0,0.0,0,0,0,0,53.0,59.0,0,0,0,0,0,0,0,0,1.0,112.5,53.0,59.0,0,0,0,0,0,0,1,53,1,59,-1,-1,0,32,0.0,0.0,0.0,0.0,0.0,0.0,0.0,0.0
443,56013,6,6.0,6.0,6.0,0.0,3.0,4.2426,6.0,6.0,6.0,0.0,45131.0,69279.65,81348.0,72.0,81472.0,81472.0,0.0,81472.0,81472.0,0.0,0.0,0.0,0.0,0.0,0,0,0,0,0.0,6.0,0,0,0,0,1,0,0,0,0.0,6.0,3.0,6.0,0,0,0,0,0,0,2,6,1,6,40032,32850,0,20,0.0,0.0,0.0,0.0,0.0,0.0,0.0,0.0
5954,443,6,594.0,3282.0,326.0,0.0,59.5556,107.2382,1606.0,0.0,467.6667,639.8964,335196.64,1229824.712,4776194.0,1.0,5581292.0,617433.75,1611848.925,4776194.0,48.0,179319.0,35884.8,47840.02,88127.0,3.0,0,0,0,0,0.0,1606.0,0,0,0,1,0,0,0,0,0.0,214.5231,59.5556,467.6667,0,0,0,0,0,0,9,594,6,3282,8192,245,8,20,0.0,0.0,0.0,0.0,0.0,0.0,0.0,0.0
443,62329,6,6.0,6.0,6.0,6.0,6.0,0.0,6.0,6.0,6.0,0.0,34.0,0.0,34.0,34.0,0.0,0.0,0.0,0.0,0.0,0.0,0.0,0.0,0.0,0.0,0,0,0,0,6.0,6.0,0,0,0,0,1,1,0,0,1.0,9.0,6.0,6.0,0,0,0,0,0,0,1,6,1,6,10114,255,0,20,0.0,0.0,0.0,0.0,0.0,0.0,0.0,0.0
51753,443,6,135.0,46.0,46.0,6.0,27.0,20.1246,46.0,46.0,46.0,0.0,809156.2,1719321.798,3899351.0,4.0,4037333.0,1004832.75,1900274.548,3838351.0,4.0,0.0,0.0,0.0,0.0,0.0,1,0,0,0,6.0,46.0,0,1,0,0,1,0,0,0,0.0,37.8333,27.0,46.0,0,0,0,0,0,0,5,135,1,46,16437,613,4,20,0.0,0.0,0.0,0.0,0.0,0.0,0.0,0.0
62770,53,17,52.0,68.0,52.0,52.0,52.0,0.0,68.0,68.0,68.0,0.0,30356.0,0.0,30356.0,30356.0,0.0,0.0,0.0,0.0,0.0,0.0,0.0,0.0,0.0,0.0,0,0,0,0,52.0,68.0,0,0,0,0,0,0,0,0,1.0,86.0,52.0,68.0,0,0,0,0,0,0,1,52,1,68,-1,-1,0,32,0.0,0.0,0.0,0.0,0.0,0.0,0.0,0.0
443,57518,6,37.0,0.0,37.0,0.0,18.5,26.163,0.0,0.0,0.0,0.0,3.0,0.0,3.0,3.0,3.0,3.0,0.0,3.0,3.0,0.0,0.0,0.0,0.0,0.0,1,0,0,0,0.0,37.0,0,1,0,0,1,0,0,0,0.0,37.0,18.5,0.0,0,0,0,0,0,0,2,37,0,0,972,-1,0,32,0.0,0.0,0.0,0.0,0.0,0.0,0.0,0.0
443,57347,6,0.0,0.0,0.0,0.0,0.0,0.0,0.0,0.0,0.0,0.0,3.0,0.0,3.0,3.0,3.0,3.0,0.0,3.0,3.0,0.0,0.0,0.0,0.0,0.0,0,0,0,0,0.0,0.0,0,0,0,0,1,0,0,0,0.0,0.0,0.0,0.0,0,0,0,0,0,0,2,0,0,0,357,-1,0,32,0.0,0.0,0.0,0.0,0.0,0.0,0.0,0.0
443,52264,6,12.0,0.0,6.0,6.0,6.0,0.0,0.0,0.0,0.0,0.0,554.0,0.0,554.0,554.0,554.0,554.0,0.0,554.0,554.0,0.0,0.0,0.0,0.0,0.0,0,0,0,0,6.0,6.0,0,0,0,0,1,0,0,0,0.0,9.0,6.0,0.0,0,0,0,0,0,0,2,12,0,0,5114,-1,1,20,0.0,0.0,0.0,0.0,0.0,0.0,0.0,0.0
80,60409,6,0.0,0.0,0.0,0.0,0.0,0.0,0.0,0.0,0.0,0.0,34.0,0.0,34.0,34.0,0.0,0.0,0.0,0.0,0.0,0.0,0.0,0.0,0.0,0.0,0,0,0,0,0.0,0.0,0,0,0,0,1,1,0,0,1.0,0.0,0.0,0.0,0,0,0,0,0,0,1,0,1,0,54,33304,0,32,0.0,0.0,0.0,0.0,0.0,0.0,0.0,0.0
55343,443,6,1611.0,5344.0,517.0,0.0,163.6667,239.888,1460.0,0.0,467.7778,598.2717,601093.73,2036471.329,6940013.0,42.0,8492250.0,1121273.25,2820705.584,6940013.0,172.0,7311714.0,1031691.62,3166538.772,6996051.0,48.0,0,0,0,0,0.0,1460.0,0,0,0,1,0,0,0,0,1.0,325.1571,163.6667,467.7778,0,0,0,0,0,0,9,1611,13,5344,8192,131,8,20,0.0,0.0,0.0,0.0,0.0,0.0,0.0,0.0
62095,80,6,776.0,11801.0,300.0,0.0,72.5833,120.7723,2920.0,0.0,948.0,1045.2429,1356154.15,3323184.13,10000412.0,3.0,20629453.0,2662256.09,4284120.796,10024562.0,112.0,30094017.0,2367883.73,4454851.261,10026081.0,48.0,0,0,0,0,0.0,2920.0,0,0,0,1,0,0,0,0,1.0,629.7211,72.5833,948.0,0,0,0,0,0,0,8,776,14,11801,8192,980,7,20,191170.5,124427.118,429022.0,22989.0,9993393.0,9220.204,10000415.0,9949506.0
51778,443,6,1093.0,5196.0,645.0,0.0,73.6154,178.8383,2625.0,0.0,384.3684,898.8479,2380670.21,4232998.247,10005307.0,3.0,60988054.0,4638709.58,5111846.644,10058648.0,727.0,60885722.0,4253542.0,5175011.748,10059022.0,3.0,0,0,0,0,0.0,2625.0,0,0,0,1,0,0,0,0,1.0,215.6935,73.6154,384.3684,0,0,0,0,0,0,13,1093,11,5196,8192,230,12,20,77563.83,89558.691,223860.0,50639.0,9992194.83,42903.109,10005305.0,9800912.0
80,55265,6,0.0,0.0,0.0,0.0,0.0,0.0,0.0,0.0,0.0,0.0,39.0,0.0,39.0,39.0,0.0,0.0,0.0,0.0,0.0,0.0,0.0,0.0,0.0,0.0,0,0,0,0,0.0,0.0,0,0,0,0,1,1,0,0,1.0,0.0,0.0,0.0,0,0,0,0,0,0,1,0,1,0,332,32832,0,32,0.0,0.0,0.0,0.0,0.0,0.0,0.0,0.0
443,45418,6,31.0,0.0,31.0,0.0,15.5,21.9203,0.0,0.0,0.0,0.0,4.0,0.0,4.0,4.0,4.0,4.0,0.0,4.0,4.0,0.0,0.0,0.0,0.0,0.0,1,0,0,0,0.0,31.0,0,1,0,0,1,0,0,0,0.0,31.0,15.5,0.0,0,0,0,0,0,0,2,31,0,0,939,-1,0,32,0.0,0.0,0.0,0.0,0.0,0.0,0.0,0.0
443,35394,6,0.0,0.0,0.0,0.0,0.0,0.0,0.0,0.0,0.0,0.0,63.0,0.0,63.0,63.0,0.0,0.0,0.0,0.0,0.0,0.0,0.0,0.0,0.0,0.0,0,0,0,0,0.0,0.0,0,0,0,0,1,1,0,0,1.0,0.0,0.0,0.0,0,0,0,0,0,0,1,0,1,0,127,659,0,32,0.0,0.0,0.0,0.0,0.0,0.0,0.0,0.0
80,33815,6,0.0,0.0,0.0,0.0,0.0,0.0,0.0,0.0,0.0,0.0,50.0,0.0,50.0,50.0,0.0,0.0,0.0,0.0,0.0,0.0,0.0,0.0,0.0,0.0,0,0,0,0,0.0,0.0,0,0,0,0,1,1,0,0,1.0,0.0,0.0,0.0,0,0,0,0,0,0,1,0,1,0,905,229,0,32,0.0,0.0,0.0,0.0,0.0,0.0,0.0,0.0
61185,53,17,88.0,200.0,44.0,44.0,44.0,0.0,100.0,100.0,100.0,0.0,56.66,94.953,163.0,3.0,3.0,3.0,0.0,3.0,3.0,3.0,3.0,0.0,3.0,3.0,0,0,0,0,44.0,100.0,0,0,0,0,0,0,0,0,1.0,83.0,44.0,100.0,0,0,0,0,0,0,2,88,2,200,-1,-1,1,40,0.0,0.0,0.0,0.0,0.0,0.0,0.0,0.0
60337,53,17,41.0,146.0,41.0,41.0,41.0,0.0,146.0,146.0,146.0,0.0,107557.0,0.0,107557.0,107557.0,0.0,0.0,0.0,0.0,0.0,0.0,0.0,0.0,0.0,0.0,0,0,0,0,41.0,146.0,0,0,0,0,0,0,0,0,1.0,114.0,41.0,146.0,0,0,0,0,0,0,1,41,1,146,-1,-1,0,32,0.0,0.0,0.0,0.0,0.0,0.0,0.0,0.0
50446,443,6,713.0,479.0,469.0,0.0,71.3,147.2874,341.0,0.0,95.8,149.5299,5801.92,9527.58,23763.0,3.0,79321.0,9037.66,11776.515,24901.0,3.0,52117.0,13636.25,12736.928,24254.0,486.0,0,0,0,0,0.0,469.0,0,0,0,1,0,0,0,0,0.0,79.4667,71.3,95.8,0,0,0,0,0,0,10,713,5,479,65535,972,5,32,0.0,0.0,0.0,0.0,0.0,0.0,0.0,0.0
443,56544,6,37.0,0.0,37.0,0.0,18.5,26.163,0.0,0.0,0.0,0.0,16.0,0.0,16.0,16.0,16.0,16.0,0.0,16.0,16.0,0.0,0.0,0.0,0.0,0.0,1,0,0,0,0.0,37.0,0,1,0,0,1,0,0,0,0.0,37.0,18.5,0.0,0,0,0,0,0,0,2,37,0,0,72,-1,0,32,0.0,0.0,0.0,0.0,0.0,0.0,0.0,0.0
61178,53,17,78.0,160.0,39.0,39.0,39.0,0.0,80.0,80.0,80.0,0.0,15508.33,26603.491,46522.0,1.0,1.0,1.0,0.0,1.0,1.0,49.0,49.0,0.0,49.0,49.0,0,0,0,0,39.0,80.0,0,0,0,0,0,0,0,0,1.0,69.25,39.0,80.0,0,0,0,0,0,0,2,78,2,160,-1,-1,1,20,0.0,0.0,0.0,0.0,0.0,0.0,0.0,0.0
61369,53,17,43.0,197.0,43.0,43.0,43.0,0.0,197.0,197.0,197.0,0.0,61515.0,0.0,61515.0,61515.0,0.0,0.0,0.0,0.0,0.0,0.0,0.0,0.0,0.0,0.0,0,0,0,0,43.0,197.0,0,0,0,0,0,0,0,0,1.0,141.5,43.0,197.0,0,0,0,0,0,0,1,43,1,197,-1,-1,0,20,0.0,0.0,0.0,0.0,0.0,0.0,0.0,0.0
7059,443,6,135.0,46.0,46.0,6.0,27.0,20.1246,46.0,46.0,46.0,0.0,847350.2,1802993.102,4199583.0,3.0,4205810.0,1051407.5,2075111.56,4199583.0,3.0,0.0,0.0,0.0,0.0,0.0,1,0,0,0,6.0,46.0,0,1,0,0,1,0,0,0,0.0,37.8333,27.0,46.0,0,0,0,0,0,0,5,135,1,46,258,240,4,20,0.0,0.0,0.0,0.0,0.0,0.0,0.0,0.0
53040,53,17,92.0,348.0,46.0,46.0,46.0,0.0,174.0,174.0,174.0,0.0,73.33,41.07,122.0,49.0,49.0,49.0,0.0,49.0,49.0,49.0,49.0,0.0,49.0,49.0,0,0,0,0,46.0,174.0,0,0,0,0,0,0,0,0,1.0,121.5,46.0,174.0,0,0,0,0,0,0,2,92,2,348,-1,-1,1,20,0.0,0.0,0.0,0.0,0.0,0.0,0.0,0.0
60241,53,17,66.0,386.0,33.0,33.0,33.0,0.0,193.0,193.0,193.0,0.0,8070.33,13966.274,24204.0,4.0,4.0,4.0,0.0,4.0,4.0,4.0,4.0,0.0,4.0,4.0,0,0,0,0,33.0,193.0,0,0,0,0,0,0,0,0,1.0,121.25,33.0,193.0,0,0,0,0,0,0,2,66,2,386,-1,-1,1,20,0.0,0.0,0.0,0.0,0.0,0.0,0.0,0.0
49328,443,6,12.0,0.0,6.0,6.0,6.0,0.0,0.0,0.0,0.0,0.0,131.0,0.0,131.0,131.0,131.0,131.0,0.0,131.0,131.0,0.0,0.0,0.0,0.0,0.0,0,0,0,0,6.0,6.0,0,0,0,0,1,0,0,0,0.0,9.0,6.0,0.0,0,0,0,0,0,0,2,12,0,0,253,-1,1,20,0.0,0.0,0.0,0.0,0.0,0.0,0.0,0.0
42972,80,6,12.0,0.0,6.0,6.0,6.0,0.0,0.0,0.0,0.0,0.0,66.0,0.0,66.0,66.0,66.0,66.0,0.0,66.0,66.0,0.0,0.0,0.0,0.0,0.0,0,0,0,0,6.0,6.0,0,0,0,0,1,0,0,0,0.0,9.0,6.0,0.0,0,0,0,0,0,0,2,12,0,0,64240,-1,1,20,0.0,0.0,0.0,0.0,0.0,0.0,0.0,0.0
443,42703,6,0.0,0.0,0.0,0.0,0.0,0.0,0.0,0.0,0.0,0.0,57.0,0.0,57.0,57.0,0.0,0.0,0.0,0.0,0.0,0.0,0.0,0.0,0.0,0.0,0,0,0,0,0.0,0.0,0,0,0,0,1,1,0,0,1.0,0.0,0.0,0.0,0,0,0,0,0,0,1,0,1,0,120,326,0,32,0.0,0.0,0.0,0.0,0.0,0.0,0.0,0.0
60967,53,17,116.0,189.0,58.0,58.0,58.0,0.0,93.0,93.0,93.5,6.4649,36582810.66,69869019.459,119527395.0,61471.0,119558419.0,119558419.0,0.0,119558419.0,119558419.0,119536223.0,119536223.0,0.0,119536223.0,119536223.0,0,0,0,0,58.0,93.0,0,0,0,0,0,0,0,0,1.0,85.5,58.0,93.5,0,0,0,0,0,0,2,116,2,189,-1,-1,1,20,30295.0,0.0,30295.0,30295.0,119527397.0,0.0,119527397.0,119527397.0
62225,53,17,68.0,380.0,34.0,34.0,34.0,0.0,190.0,190.0,190.0,0.0,20707.66,35325.255,62010.0,4.0,4.0,4.0,0.0,4.0,4.0,47.0,47.0,0.0,47.0,47.0,0,0,0,0,34.0,190.0,0,0,0,0,0,0,0,0,1.0,120.5,34.0,190.0,0,0,0,0,0,0,2,68,2,380,-1,-1,1,32,0.0,0.0,0.0,0.0,0.0,0.0,0.0,0.0
50416,80,6,12.0,0.0,6.0,0.0,4.0,3.4641,0.0,0.0,0.0,0.0,1732973.0,2825745.973,5145334.0,193.0,5288650.0,2644325.0,3588939.995,5145334.0,23798.0,0.0,0.0,0.0,0.0,0.0,0,0,0,0,0.0,6.0,0,0,0,1,0,0,0,0,0.0,3.0,4.0,0.0,0,0,0,0,0,0,3,12,1,0,8192,42780,2,20,0.0,0.0,0.0,0.0,0.0,0.0,0.0,0.0
62879,53,17,43.0,59.0,43.0,43.0,43.0,0.0,59.0,59.0,59.0,0.0,30642.0,0.0,30642.0,30642.0,0.0,0.0,0.0,0.0,0.0,0.0,0.0,0.0,0.0,0.0,0,0,0,0,43.0,59.0,0,0,0,0,0,0,0,0,1.0,72.5,43.0,59.0,0,0,0,0,0,0,1,43,1,59,-1,-1,0,32,0.0,0.0,0.0,0.0,0.0,0.0,0.0,0.0
61803,53,17,78.0,240.0,39.0,39.0,39.0,0.0,120.0,120.0,120.0,0.0,72.33,81.025,165.0,3.0,49.0,49.0,0.0,49.0,49.0,3.0,3.0,0.0,3.0,3.0,0,0,0,0,39.0,120.0,0,0,0,0,0,0,0,0,1.0,89.25,39.0,120.0,0,0,0,0,0,0,2,78,2,240,-1,-1,1,32,0.0,0.0,0.0,0.0,0.0,0.0,0.0,0.0
60284,53,17,51.0,67.0,51.0,51.0,51.0,0.4,67.0,67.0,67.0,0.0,156684.0,0.0,156684.0,156684.0,0.0,0.0,0.0,0.0,0.0,0.0,0.0,0.0,0.0,0.0,0,0,0,0,51.0,67.0,0,0,0,0,0,0,0,0,1.0,84.5,51.0,67.0,0,0,0,0,0,0,1,51,1,67,-1,-1,0,20,0.0,0.0,0.0,0.0,0.0,0.0,0.0,0.0
443,49292,6,12.0,6.0,6.0,6.0,6.0,0.0,6.0,6.0,6.0,0.0,9.5,3.037,16.0,4.0,4.0,4.0,0.0,4.0,4.0,0.0,0.0,0.0,0.0,0.0,0,0,0,0,6.0,6.0,0,0,0,0,1,1,0,0,0.0,8.0,6.0,6.0,0,0,0,0,0,0,2,12,1,6,32,32850,1,20,0.0,0.0,0.0,0.0,0.0,0.0,0.0,0.0
49434,53,17,80.0,274.0,40.0,40.0,40.0,0.0,137.0,137.0,137.0,0.0,76.66,85.457,174.0,3.0,3.0,3.0,0.0,3.0,3.0,48.0,48.0,0.0,48.0,48.0,0,0,0,0,40.0,137.0,0,0,0,0,0,0,0,0,1.0,98.5,40.0,137.0,0,0,0,0,0,0,2,80,2,274,-1,-1,1,40,0.0,0.0,0.0,0.0,0.0,0.0,0.0,0.0
62210,53,17,81.0,163.0,81.0,81.0,81.0,0.0,163.0,163.0,163.0,0.0,23483.0,0.0,23483.0,23483.0,0.0,0.0,0.0,0.0,0.0,0.0,0.0,0.0,0.0,0.0,0,0,0,0,81.0,163.0,0,0,0,0,0,0,0,0,1.0,162.5,81.0,163.0,0,0,0,0,0,0,1,81,1,163,-1,-1,0,32,0.0,0.0,0.0,0.0,0.0,0.0,0.0,0.0
53865,443,6,18.0,0.0,6.0,6.0,6.0,0.0,0.0,0.0,0.0,0.0,18013353.6,24633724.219,45000020.0,23216.0,90049346.0,45024673.0,1815.789,45024902.0,45011683.0,90029925.0,45009985.5,313.702,45029636.0,45001804.0,0,0,0,0,0.0,6.0,0,0,0,0,1,0,0,0,1.0,4.0,6.0,0.0,0,0,0,0,0,0,3,18,3,0,256,1062,2,20,15087.5,104.762,15571.0,14971.0,45000405.0,4564.432,45000025.0,45000160.0
61859,53,17,74.0,106.0,37.0,37.0,37.0,0.0,53.0,53.0,53.0,0.0,58.66,63.438,124.0,3.0,49.0,49.0,0.0,49.0,49.0,3.0,3.0,0.0,3.0,3.0,0,0,0,0,37.0,53.0,0,0,0,0,0,0,0,0,1.0,54.25,37.0,53.0,0,0,0,0,0,0,2,74,2,106,-1,-1,1,20,0.0,0.0,0.0,0.0,0.0,0.0,0.0,0.0
54693,53,17,152.0,248.0,38.0,38.0,38.0,0.0,124.0,124.0,124.0,0.0,65372.2,101555.985,296286.0,3.0,62257.0,20715.66,37943.209,62201.0,3.0,3.0,3.0,0.0,3.0,3.0,0,0,0,0,38.0,124.0,0,0,0,0,0,0,0,0,0.0,70.6667,38.0,124.0,0,0,0,0,0,0,4,152,2,248,-1,-1,3,20,0.0,0.0,0.0,0.0,0.0,0.0,0.0,0.0
30016,53,17,96.0,180.0,48.0,48.0,48.0,0.0,90.0,90.0,90.0,0.0,74.66,95.839,188.0,1.0,1.0,1.0,0.0,1.0,1.0,48.0,48.0,0.0,48.0,48.0,0,0,0,0,48.0,90.0,0,0,0,0,0,0,0,0,1.0,81.0,48.0,90.0,0,0,0,0,0,0,2,96,2,180,-1,-1,1,32,0.0,0.0,0.0,0.0,0.0,0.0,0.0,0.0
59153,53,17,188.0,220.0,92.0,92.0,92.0,0.0,110.0,110.0,110.0,0.0,10219.66,17623.738,30653.0,3.0,3.0,3.0,0.0,3.0,3.0,4.0,4.0,0.0,4.0,4.0,0,0,0,0,92.0,110.0,0,0,0,0,0,0,0,0,1.0,141.5,92.0,110.0,0,0,0,0,0,0,2,188,2,220,-1,-1,1,20,0.0,0.0,0.0,0.0,0.0,0.0,0.0,0.0
4978,80,6,6.0,6.0,6.0,6.0,6.0,0.0,6.0,6.0,6.0,0.0,25718.0,0.0,25718.0,25718.0,0.0,0.0,0.0,0.0,0.0,0.0,0.0,0.0,0.0,0.0,0,0,0,0,6.0,6.0,0,0,0,0,1,1,0,0,1.0,9.0,6.0,6.0,0,0,0,0,0,0,1,6,1,6,2160,1231,0,20,0.0,0.0,0.0,0.0,0.0,0.0,0.0,0.0
17560,53,17,94.0,230.0,47.0,47.0,47.0,0.0,115.0,115.0,115.0,0.0,212725.66,463060.043,518161.0,1.0,3.0,3.0,0.0,3.0,3.0,1.0,1.0,0.0,1.0,1.0,0,0,0,0,47.0,115.0,0,0,0,0,0,0,0,0,1.0,92.75,47.0,115.0,0,0,0,0,0,0,2,94,2,230,-1,-1,1,32,0.0,0.0,0.0,0.0,0.0,0.0,0.0,0.0
62224,53,17,88.0,202.0,44.0,44.0,44.0,0.0,101.0,101.0,101.0,0.0,10392.0,17967.006,31175.0,1.0,3.0,3.0,0.0,3.0,3.0,1.0,1.0,0.0,1.0,1.0,0,0,0,0,44.0,101.0,0,0,0,0,0,0,0,0,1.0,83.5,44.0,101.0,0,0,0,0,0,0,2,88,2,202,-1,-1,1,20,0.0,0.0,0.0,0.0,0.0,0.0,0.0,0.0
38898,53,17,64.0,96.0,32.0,32.0,32.0,0.0,48.0,48.0,48.0,0.0,59.33,62.84,125.0,4.0,4.0,4.0,0.0,4.0,4.0,48.0,48.0,0.0,48.0,48.0,0,0,0,0,32.0,48.0,0,0,0,0,0,0,0,0,1.0,48.0,32.0,48.0,0,0,0,0,0,0,2,64,2,96,-1,-1,1,32,0.0,0.0,0.0,0.0,0.0,0.0,0.0,0.0
64637,443,6,187.0,92.0,46.0,6.0,26.7143,20.0891,46.0,46.0,46.0,0.0,7819437.62,20661786.664,58894029.0,3.0,63895901.0,10588987.16,23765346.989,58894029.0,3.0,59144236.0,59144216.0,0.0,59144236.0,59144236.0,1,0,0,0,6.0,46.0,0,1,0,0,1,0,0,0,0.0,36.1111,26.7143,46.0,0,0,0,0,0,0,7,187,2,92,16428,411,6,20,96758.0,0.0,96758.0,96758.0,58894078.0,0.0,58894028.0,58894078.0
13601,53,17,68.0,182.0,34.0,34.0,34.0,0.0,91.0,91.0,91.0,0.0,10446.66,18072.089,31334.0,3.0,3.0,3.0,0.0,3.0,3.0,4.0,4.0,0.0,4.0,4.0,0,0,0,0,34.0,91.0,0,0,0,0,0,0,0,0,1.0,71.0,34.0,91.0,0,0,0,0,0,0,2,68,2,182,-1,-1,1,32,0.0,0.0,0.0,0.0,0.0,0.0,0.0,0.0
58590,443,6,1178.0,48483.0,177.0,0.0,31.2091,66.3196,2920.0,0.0,1102.7055,588.4666,1325899.88,3356203.372,10008953.0,3.0,92425667.0,2762787.74,4279720.477,10115467.0,3.0,92473710.0,2496973.6,4220611.564,10151760.0,3.0,0,0,0,0,0.0,2920.0,0,0,0,1,0,0,0,0,1.0,637.2682,31.2091,1102.7055,0,0,0,0,0,0,37,1178,49,48483,8192,64,36,20,137173.28,801484.789,1477982.0,17959.0,9996363.75,19811.548,10008957.0,9999336.0
51507,443,6,713.0,479.0,469.0,0.0,71.3,147.2874,341.0,0.0,95.8,149.5299,8044.85,14750.642,34289.0,3.0,113337.0,11603.22,11149.097,32186.0,3.0,77766.0,14631.0,13518.37,38499.0,344.0,0,0,0,0,0.0,469.0,0,0,0,1,0,0,0,0,0.0,79.4667,71.3,95.8,0,0,0,0,0,0,10,713,5,479,65535,972,5,32,0.0,0.0,0.0,0.0,0.0,0.0,0.0,0.0
52226,80,6,455.0,345.0,455.0,0.0,91.0,199.4371,345.0,2.0,111.25,170.5,9819.83,14142.16,23673.0,39.0,36945.0,13472.25,5874.057,25477.0,307.0,33864.0,16654.0,20230.023,33964.0,264.0,0,0,0,0,0.0,455.0,0,0,0,1,0,0,0,0,0.0,107.25,91.0,111.25,0,0,0,0,0,0,5,455,2,345,65535,8190,4,20,0.0,0.0,0.0,0.0,0.0,0.0,0.0,0.0
60732,53,17,132.0,188.0,33.0,33.0,33.0,0.0,94.0,94.0,94.0,0.0,9462.2,14077.358,30733.0,1.0,30623.0,10274.0,17749.014,30613.0,1.0,3.0,3.0,0.0,3.0,3.0,0,0,0,0,33.0,94.0,0,0,0,0,0,0,0,0,0.0,50.8333,33.0,94.0,0,0,0,0,0,0,4,132,2,188,-1,-1,3,20,0.0,0.0,0.0,0.0,0.0,0.0,0.0,0.0
49004,80,6,361.0,1077.0,381.0,0.0,90.2,182.0225,1077.0,0.0,322.75,568.5148,1100480.14,3250162.526,9999971.0,134.0,10104432.0,2521817.5,4923983.321,9999971.0,3136.0,10057388.0,2317099.33,5796437.868,10025726.0,1555.0,0,0,0,0,0.0,1077.0,0,0,0,1,0,0,0,0,1.0,218.625,90.2,322.75,0,0,0,0,0,0,5,361,4,1077,8192,37,4,20,335832.0,0.0,335832.0,335832.0,9999975.0,0.0,9999975.0,9999975.0
44907,53,17,64.0,130.0,32.0,32.0,32.0,0.0,65.0,65.0,65.0,0.0,62.66,101.716,186.0,1.0,1.0,1.0,0.0,1.0,1.0,2.0,2.0,0.0,2.0,2.0,0,0,0,0,32.0,65.0,0,0,0,0,0,0,0,0,1.0,56.5,32.0,65.0,0,0,0,0,0,0,2,64,2,130,-1,-1,1,20,0.0,0.0,0.0,0.0,0.0,0.0,0.0,0.0
62074,53,17,41.0,91.0,41.0,41.0,41.0,0.0,91.0,91.0,91.0,0.0,140177.0,0.0,140177.0,140177.0,0.0,0.0,0.0,0.0,0.0,0.0,0.0,0.0,0.0,0.0,0,0,0,0,41.0,91.0,0,0,0,0,0,0,0,0,1.0,86.5,41.0,91.0,0,0,0,0,0,0,1,41,1,91,-1,-1,0,20,0.0,0.0,0.0,0.0,0.0,0.0,0.0,0.0
443,52795,6,0.0,0.0,0.0,0.0,0.0,0.0,0.0,0.0,0.0,0.0,43.0,53.036,83.0,3.0,3.0,3.0,0.0,3.0,3.0,0.0,0.0,0.0,0.0,0.0,0,0,0,0,0.0,0.0,0,0,0,0,1,1,0,0,0.0,0.0,0.0,0.0,0,0,0,0,0,0,2,0,1,0,349,32832,0,32,0.0,0.0,0.0,0.0,0.0,0.0,0.0,0.0
55382,443,6,3929.0,3570.0,2966.0,0.0,607.0,899.0654,1460.0,2.0,505.4444,641.7253,3428600.0,11438866.4,44905243.0,4.0,60184766.0,6916377.28,15119837.453,44905243.0,177.0,65104802.0,7883150.0,15402268.354,45055630.0,4.0,0,0,0,0,0.0,2966.0,0,0,0,1,0,0,0,0,0.0,448.2223,607.0,505.4444,0,0,0,0,0,0,8,3929,9,3570,8192,16363,7,20,187009.5,107836.703,270527.0,41642.0,30038247.0,26829786.158,44905248.0,15598074.0
61639,53,17,48.0,197.0,48.0,48.0,48.0,0.0,197.0,197.0,197.0,0.0,110376.0,0.0,110376.0,110376.0,0.0,0.0,0.0,0.0,0.0,0.0,0.0,0.0,0.0,0.0,0,0,0,0,48.0,197.0,0,0,0,0,0,0,0,0,1.0,146.5,48.0,197.0,0,0,0,0,0,0,1,48,1,197,-1,-1,0,32,0.0,0.0,0.0,0.0,0.0,0.0,0.0,0.0
58296,443,6,18.0,0.0,6.0,6.0,6.0,0.0,0.0,0.0,0.0,0.0,78.0,95.562,187.0,4.0,222.0,111.0,139.264,229.0,4.0,0.0,0.0,0.0,0.0,0.0,0,0,0,0,0.0,6.0,1,0,0,0,0,0,0,0,0.0,6.0,6.0,0.0,0,0,0,0,0,0,3,18,1,0,0,972,2,20,0.0,0.0,0.0,0.0,0.0,0.0,0.0,0.0
80,54608,6,6.0,6.0,6.0,6.0,6.0,0.0,6.0,6.0,6.0,0.0,19.0,0.0,19.0,19.0,0.0,0.0,0.0,0.0,0.0,0.0,0.0,0.0,0.0,0.0,0,0,0,0,6.0,6.0,0,0,0,0,1,1,0,0,1.0,9.0,6.0,6.0,0,0,0,0,0,0,1,6,1,6,60,253,0,20,0.0,0.0,0.0,0.0,0.0,0.0,0.0,0.0
80,64205,6,6.0,6.0,6.0,6.0,6.0,0.0,6.0,6.0,6.0,0.0,33.0,0.0,33.0,33.0,0.0,0.0,0.0,0.0,0.0,0.0,0.0,0.0,0.0,0.0,0,0,0,0,6.0,6.0,0,0,0,0,1,1,0,0,1.0,9.0,6.0,6.0,0,0,0,0,0,0,1,6,1,6,112,256,0,20,0.0,0.0,0.0,0.0,0.0,0.0,0.0,0.0
47452,443,6,1600.0,82974.0,349.0,0.0,27.9545,70.1144,3280.0,0.0,1728.1864,1089.2862,500317.68,2039731.521,10024516.0,3.0,65260647.0,1497775.82,3151776.693,10111910.0,34.0,65149052.0,894144.91,2999364.24,10111195.0,4.0,0,0,0,0,0.0,3280.0,0,0,0,1,0,0,0,0,1.0,964.0068,27.9545,1728.1864,0,0,0,0,0,0,47,1600,52,82974,29200,128,7,32,569286.0,1358746.312,5153558.0,115145.0,10018394.33,10414.194,10024517.0,9999982.0
443,50014,6,0.0,0.0,0.0,0.0,0.0,0.0,0.0,0.0,0.0,0.0,23.5,36.015,40.0,3.0,3.0,3.0,0.0,3.0,3.0,0.0,0.0,0.0,0.0,0.0,0,0,0,0,0.0,0.0,0,0,0,0,1,1,0,0,0.0,0.0,0.0,0.0,0,0,0,0,0,0,2,0,1,0,357,32832,0,32,0.0,0.0,0.0,0.0,0.0,0.0,0.0,0.0
61207,53,17,83.0,211.0,45.0,38.0,41.5,4.9497,133.0,120.0,125.5,9.1337,9571095.66,15278453.899,29675240.0,30483.0,29676358.0,29676358.0,0.0,29776358.0,29676358.0,29675147.0,29675147.0,0.0,29675147.0,29675147.0,0,0,0,0,38.0,133.0,0,0,0,0,0,0,0,0,1.0,88.75,41.5,125.5,0,0,0,0,0,0,2,83,2,211,-1,-1,1,32,420.0,0.0,420.0,420.0,29675271.0,0.0,29675241.0,29675271.0
43832,53,17,76.0,154.0,38.0,38.0,38.0,0.0,77.0,77.0,77.0,0.0,56.0,99.304,162.0,3.0,3.0,3.0,0.0,3.0,3.0,3.0,3.0,0.0,3.0,3.0,0,0,0,0,38.0,77.0,0,0,0,0,0,0,0,0,1.0,67.0,38.0,77.0,0,0,0,0,0,0,2,76,2,154,-1,-1,1,32,0.0,0.0,0.0,0.0,0.0,0.0,0.0,0.0
56371,443,6,1330.0,1115.0,1085.0,0.0,133.3333,325.1957,1077.0,0.0,243.0,470.5505,13014.35,20548.861,50996.0,3.0,170578.0,17134.8,24118.406,59657.0,3.0,105612.0,26916.0,22066.441,53478.0,349.0,0,0,0,0,0.0,1077.0,0,0,0,1,0,0,0,0,0.0,163.4,133.3333,243.0,0,0,0,0,0,0,12,1330,5,1115,65535,32,11,20,0.0,0.0,0.0,0.0,0.0,0.0,0.0,0.0
123,123,17,48.0,48.0,48.0,48.0,48.0,0.0,48.0,48.0,48.0,0.0,36783.0,0.0,36783.0,36783.0,0.0,0.0,0.0,0.0,0.0,0.0,0.0,0.0,0.0,0.0,0,0,0,0,48.0,48.0,0,0,0,0,0,0,0,0,1.0,72.0,48.0,48.0,0,0,0,0,0,0,1,48,1,48,-1,-1,0,32,0.0,0.0,0.0,0.0,0.0,0.0,0.0,0.0
137,137,17,124.0,0.0,62.0,62.0,62.0,0.0,0.0,0.0,0.0,0.0,500003.0,0.0,500003.0,500003.0,3.0,3.0,0.0,3.0,3.0,0.0,0.0,0.0,0.0,0.0,0,0,0,0,62.0,62.0,0,0,0,0,0,0,0,0,0.0,93.0,62.0,0.0,0,0,0,0,0,0,2,124,0,0,-1,-1,1,20,0.0,0.0,0.0,0.0,0.0,0.0,0.0,0.0
54940,139,6,4.0,4.0,4.0,0.0,1.3333,2.3094,4.0,4.0,4.0,0.0,37.33,56.451,70.0,3.0,108.0,54.0,17.799,100.0,3.0,0.0,0.0,0.0,0.0,0.0,1,0,0,0,0.0,4.0,0,1,0,0,1,0,0,0,0.0,3.0,1.3333,4.0,0,0,0,0,0,0,3,4,1,4,325,302,0,32,0.0,0.0,0.0,0.0,0.0,0.0,0.0,0.0
45726,53,17,104.0,352.0,52.0,52.0,52.0,0.0,176.0,176.0,176.0,0.0,10320.0,17813.094,30951.0,3.0,3.0,3.0,0.0,3.0,3.0,3.0,3.0,0.0,3.0,3.0,0,0,0,0,52.0,176.0,0,0,0,0,0,0,0,0,1.0,127.0,52.0,176.0,0,0,0,0,0,0,2,104,2,352,-1,-1,1,40,0.0,0.0,0.0,0.0,0.0,0.0,0.0,0.0
56581,443,6,611.0,164.0,517.0,0.0,101.8333,204.3051,152.0,0.0,41.0,74.054,572967.12,1738116.678,5465467.0,3.0,5511658.0,1185136.33,2402131.691,5555661.0,3.0,82880.0,27926.66,31811.901,67723.0,5537.0,0,0,0,0,0.0,517.0,0,0,0,1,0,0,0,0,0.0,77.5,101.8333,41.0,0,0,0,0,0,0,7,611,4,164,8192,946,6,20,147135.0,0.0,147135.0,147135.0,5465455.0,0.0,5465455.0,5465455.0
63050,443,6,2888.0,9222.0,469.0,0.0,121.6077,173.8054,1550.0,0.0,473.3659,578.5456,1759187.21,5831716.225,30097278.0,3.0,92987687.0,3867885.81,9903589.932,30144710.0,3.0,92988054.0,4650795.4,6147961.166,30144218.0,3.0,0,0,0,0,0.0,1550.0,0,0,0,1,0,0,0,0,0.0,282.8612,121.6077,473.3659,0,0,0,0,0,0,26,2888,28,9222,65535,10296,24,20,390687.75,1163498.121,2786518.0,28083.0,30014645.66,1334.414,30097274.0,9999907.0
2030,80,6,6.0,6.0,6.0,6.0,6.0,0.0,6.0,6.0,6.0,0.0,15908.0,0.0,15908.0,15908.0,0.0,0.0,0.0,0.0,0.0,0.0,0.0,0.0,0.0,0.0,0,0,0,0,6.0,6.0,0,0,0,0,1,1,0,0,1.0,9.0,6.0,6.0,0,0,0,0,0,0,1,6,1,6,256,33,0,20,0.0,0.0,0.0,0.0,0.0,0.0,0.0,0.0
443,33554,6,31.0,6.0,31.0,0.0,15.5,21.9203,6.0,6.0,6.0,0.0,27.0,35.065,54.0,3.0,3.0,3.0,0.0,3.0,3.0,0.0,0.0,0.0,0.0,0.0,1,0,0,0,0.0,31.0,0,1,0,0,1,0,0,0,0.0,22.6667,15.5,6.0,0,0,0,0,0,0,2,31,1,6,972,0,0,32,0.0,0.0,0.0,0.0,0.0,0.0,0.0,0.0
55168,53,17,62.0,162.0,31.0,31.0,31.0,0.0,81.0,81.0,81.0,0.0,20396.0,35303.691,61181.0,3.0,3.0,3.0,0.0,3.0,3.0,3.0,3.0,0.0,3.0,3.0,0,0,0,0,31.0,81.0,0,0,0,0,0,0,0,0,1.0,63.75,31.0,81.0,0,0,0,0,0,0,2,62,2,162,-1,-1,1,20,0.0,0.0,0.0,0.0,0.0,0.0,0.0,0.0
4966,53,17,82.0,146.0,41.0,41.0,41.0,0.0,73.0,73.0,73.0,0.0,21138.66,36580.368,63419.0,1.0,1.0,1.0,0.0,1.0,1.0,3.0,3.0,0.0,3.0,3.0,0,0,0,0,41.0,73.0,0,0,0,0,0,0,0,0,1.0,67.25,41.0,73.0,0,0,0,0,0,0,2,82,2,146,-1,-1,1,32,0.0,0.0,0.0,0.0,0.0,0.0,0.0,0.0
59922,80,6,437.0,746.0,431.0,0.0,27.3125,109.25,746.0,0.0,53.8571,199.7899,3980971.0,4888048.719,10003896.0,46.0,115421748.0,7673795.26,4105002.712,10045592.0,336.0,110549417.0,8508722.61,3762525.942,10044701.0,20544.0,0,0,0,0,0.0,746.0,0,0,0,1,0,0,0,0,0.0,39.3667,27.3125,53.8571,0,0,0,0,0,0,16,437,14,746,29200,340,1,32,41047.27,10474.831,91213.0,36690.0,10007415.09,4330.951,10003899.0,9990990.0
61670,53,17,49.0,110.0,49.0,49.0,49.0,0.0,110.0,110.0,110.0,0.0,80733.0,0.0,80733.0,80733.0,0.0,0.0,0.0,0.0,0.0,0.0,0.0,0.0,0.0,0.0,0,0,0,0,49.0,110.0,0,0,0,0,0,0,0,0,1.0,104.0,49.0,110.0,0,0,0,0,0,0,1,49,1,110,-1,-1,0,32,0.0,0.0,0.0,0.0,0.0,0.0,0.0,0.0
53884,443,6,1672.0,22241.0,901.0,0.0,90.9231,248.2716,1460.0,0.0,1295.85,545.7561,1988.15,4094.806,15347.0,1.0,75559.0,2374.96,9801.708,26887.0,3.0,49434.0,2802.01,7592.411,17274.0,1.0,0,0,0,0,0.0,1460.0,0,0,0,1,0,0,0,0,0.0,726.96,90.9231,1295.85,0,0,0,0,0,0,23,1672,30,22241,65535,32,22,20,0.0,0.0,0.0,0.0,0.0,0.0,0.0,0.0
63947,80,6,517.0,752.0,433.0,0.0,32.3125,106.8605,746.0,0.0,53.7143,199.2549,4000558.0,4840919.271,10015030.0,41.0,115300826.0,7683264.6,4161199.712,10047283.0,414.0,110535535.0,8502282.23,3763839.47,10048252.0,20741.0,0,0,0,0,0.0,746.0,0,0,0,1,0,0,0,0,0.0,42.3667,32.3125,53.7143,0,0,0,0,0,0,16,517,14,752,8192,343,15,20,49340.18,75399.842,123763.0,36187.0,9991361.72,19128.066,10015000.0,9747473.0
80,63923,6,6.0,6.0,6.0,6.0,6.0,0.0,6.0,6.0,6.0,0.0,59.0,0.0,59.0,59.0,0.0,0.0,0.0,0.0,0.0,0.0,0.0,0.0,0.0,0.0,0,0,0,0,6.0,6.0,0,0,0,0,1,1,0,0,1.0,9.0,6.0,6.0,0,0,0,0,0,0,1,6,1,6,58,256,0,20,0.0,0.0,0.0,0.0,0.0,0.0,0.0,0.0
51233,80,6,457.0,288.0,459.0,0.0,145.6667,247.1795,288.0,0.0,94.0,109.9,32082.16,55871.437,90317.0,3.0,116264.0,56132.0,68819.812,90945.0,7474.0,125629.0,42624.66,72139.877,118626.0,3.0,0,0,0,0,0.0,459.0,0,0,0,1,0,0,0,0,1.0,109.1429,145.6667,94.0,0,0,0,0,0,0,3,457,4,288,8192,60,2,20,0.0,0.0,0.0,0.0,0.0,0.0,0.0,0.0
57215,443,6,980.0,1167.0,741.0,0.0,118.0,240.1679,1029.0,0.0,194.4,412.7596,19564.0,36970.579,87553.0,40.0,278542.0,30818.33,46143.48,91064.0,48.0,198285.0,49047.25,47093.213,88559.0,343.0,0,0,0,0,0.0,1029.0,0,0,0,1,0,0,0,0,0.0,155.9375,118.0,194.4,0,0,0,0,0,0,10,980,5,1167,65535,125,5,32,0.0,0.0,0.0,0.0,0.0,0.0,0.0,0.0
49426,443,6,77.0,0.0,46.0,0.0,25.6667,23.4592,0.0,0.0,0.0,0.0,167.0,224.584,380.0,48.0,395.0,197.5,295.179,380.0,48.0,0.0,0.0,0.0,0.0,0.0,1,0,0,0,0.0,46.0,0,1,0,0,1,0,0,0,0.0,41.0,25.6667,0.0,0,0,0,0,0,0,3,77,0,0,315,-1,1,32,0.0,0.0,0.0,0.0,0.0,0.0,0.0,0.0
40820,5389,17,104.0,178.0,52.0,52.0,52.0,0.0,89.0,89.0,89.0,0.0,49.33,88.923,142.0,1.0,1.0,1.0,0.0,1.0,1.0,3.0,3.0,0.0,3.0,3.0,0,0,0,0,52.0,89.0,0,0,0,0,0,0,0,0,1.0,83.5,52.0,89.0,0,0,0,0,0,0,2,104,2,178,-1,-1,1,20,0.0,0.0,0.0,0.0,0.0,0.0,0.0,0.0
55243,443,6,2142.0,105336.0,1271.0,0.0,37.0486,145.618,4380.0,0.0,1806.1,925.0075,156243.06,958257.133,9982897.0,1.0,4208353.0,274049.19,1017287.11,2124880.0,4.0,14114425.0,244038.96,1008564.26,9994863.0,48.0,0,0,0,0,0.0,4380.0,0,0,0,1,0,0,0,0,1.0,1181.9355,37.0486,1806.1,0,0,0,0,0,0,52,2142,82,105336,8192,1214,51,20,4119101.0,0.0,4119101.0,4119101.0,9982877.0,0.0,9982877.0,9982877.0
36004,53,17,64.0,96.0,32.0,32.0,32.0,0.0,48.0,48.0,48.0,0.0,58.33,91.934,168.0,3.0,3.0,3.0,0.0,3.0,3.0,3.0,3.0,0.0,3.0,3.0,0,0,0,0,32.0,48.0,0,0,0,0,0,0,0,0,1.0,48.0,32.0,48.0,0,0,0,0,0,0,2,64,2,96,-1,-1,1,20,0.0,0.0,0.0,0.0,0.0,0.0,0.0,0.0
54019,53,17,84.0,284.0,42.0,42.0,42.0,0.0,142.0,142.0,142.0,0.0,10383.66,17906.141,31144.0,3.0,48.0,48.0,0.0,48.0,48.0,3.0,3.0,0.0,3.0,3.0,0,0,0,0,42.0,142.0,0,0,0,0,0,0,0,0,1.0,102.5,42.0,142.0,0,0,0,0,0,0,2,84,2,284,-1,-1,1,32,0.0,0.0,0.0,0.0,0.0,0.0,0.0,0.0
49297,53,17,74.0,106.0,37.0,37.0,37.0,0.0,53.0,53.0,53.0,0.0,56.66,53.428,118.0,3.0,4.0,4.0,0.0,4.0,4.0,48.0,48.0,0.0,48.0,48.0,0,0,0,0,37.0,53.0,0,0,0,0,0,0,0,0,1.0,54.25,37.0,53.0,0,0,0,0,0,0,2,74,2,106,-1,-1,1,32,0.0,0.0,0.0,0.0,0.0,0.0,0.0,0.0
45122,53,17,92.0,284.0,46.0,46.0,46.0,0.0,142.0,142.0,142.0,0.0,64.66,100.036,182.0,3.0,3.0,3.0,0.0,3.0,3.0,4.0,4.0,0.0,4.0,4.0,0,0,0,0,46.0,142.0,0,0,0,0,0,0,0,0,1.0,105.5,46.0,142.0,0,0,0,0,0,0,2,92,2,284,-1,-1,1,32,0.0,0.0,0.0,0.0,0.0,0.0,0.0,0.0
51815,53,17,144.0,178.0,36.0,36.0,36.0,0.0,89.0,89.0,89.0,0.0,6262.6,13745.301,30038.0,3.0,30127.0,10049.0,17419.096,30128.0,3.0,3.0,3.0,0.0,3.0,3.0,0,0,0,0,36.0,89.0,0,0,0,0,0,0,0,0,0.0,64.0,36.0,89.0,0,0,0,0,0,0,4,144,2,178,-1,-1,3,20,0.0,0.0,0.0,0.0,0.0,0.0,0.0,0.0
443,62952,6,0.0,0.0,0.0,0.0,0.0,0.0,0.0,0.0,0.0,0.0,26312.0,37467.076,52539.0,25.0,51624.0,51624.0,0.0,51624.0,51624.0,0.0,0.0,0.0,0.0,0.0,0,0,0,0,0.0,0.0,0,0,0,0,1,0,0,0,0.0,0.0,0.0,0.0,0,0,0,0,0,0,2,0,1,0,179,32832,0,32,0.0,0.0,0.0,0.0,0.0,0.0,0.0,0.0
80,52520,6,6.0,6.0,6.0,6.0,6.0,0.0,6.0,6.0,6.0,0.0,38.0,0.0,38.0,38.0,0.0,0.0,0.0,0.0,0.0,0.0,0.0,0.0,0.0,0.0,0,0,0,0,6.0,6.0,0,0,0,0,1,1,0,0,1.0,9.0,6.0,6.0,0,0,0,0,0,0,1,6,1,6,913,256,0,20,0.0,0.0,0.0,0.0,0.0,0.0,0.0,0.0
53012,53,17,72.0,414.0,36.0,36.0,36.0,0.0,207.0,207.0,207.0,0.0,10448.0,18080.315,31348.0,3.0,3.0,3.0,0.0,3.0,3.0,4.0,4.0,0.0,4.0,4.0,0,0,0,0,36.0,207.0,0,0,0,0,0,0,0,0,1.0,130.5,36.0,207.0,0,0,0,0,0,0,2,72,2,414,-1,-1,1,20,0.0,0.0,0.0,0.0,0.0,0.0,0.0,0.0
54836,443,6,1099.0,105626.0,357.0,0.0,24.5882,78.1593,4344.0,0.0,2005.9295,844.637,349609.25,3700487.296,58827333.0,1.0,61532176.0,528829.81,6184060.789,58897461.0,2.0,61291995.0,708862.92,5690656.966,58931307.0,2.0,0,0,0,0,0.0,4344.0,0,0,0,1,0,0,0,0,1.0,1173.8609,24.5882,2005.9295,0,0,0,0,0,0,47,1099,63,105626,29200,127,7,32,1684726.5,73240.369,1292722.0,231087.0,31796768.0,30262545.622,58827332.0,8726758.0
443,63714,6,12.0,6.0,6.0,6.0,6.0,0.0,6.0,6.0,6.0,0.0,101.0,129.198,220.0,13.0,204.0,204.0,0.0,204.0,204.0,0.0,0.0,0.0,0.0,0.0,0,0,0,0,6.0,6.0,0,0,0,0,1,1,0,0,0.0,8.0,6.0,6.0,0,0,0,0,0,0,2,12,1,6,32,32850,1,20,0.0,0.0,0.0,0.0,0.0,0.0,0.0,0.0
57223,443,6,55.0,0.0,37.0,6.0,13.75,15.5,0.0,0.0,0.0,0.0,24279968.25,24978992.214,44999381.0,35.0,44820533.0,44476877.0,24193910.501,44999381.0,35.0,11340.0,1340.0,0.0,11340.0,11340.0,0,0,0,0,6.0,37.0,0,0,0,0,1,0,0,0,0.0,15.25,13.75,0.0,0,0,0,0,0,0,4,55,0,0,64240,-1,3,20,43.0,0.0,43.0,43.0,44999307.0,0.0,44999307.0,44998307.0
443,51989,6,0.0,0.0,0.0,0.0,0.0,0.0,0.0,0.0,0.0,0.0,59.0,0.0,59.0,59.0,0.0,0.0,0.0,0.0,0.0,0.0,0.0,0.0,0.0,0.0,0,0,0,0,0.0,0.0,0,0,0,0,1,0,0,0,1.0,0.0,0.0,0.0,0,0,0,0,0,0,1,0,1,0,357,32832,0,32,0.0,0.0,0.0,0.0,0.0,0.0,0.0,0.0
57896,53,17,84.0,228.0,42.0,42.0,42.0,0.0,114.0,114.0,114.0,0.0,7852.66,13584.907,23551.0,3.0,4.0,4.0,0.0,4.0,4.0,3.0,3.0,0.0,3.0,3.0,0,0,0,0,42.0,114.0,0,0,0,0,0,0,0,0,1.0,88.5,42.0,114.0,0,0,0,0,0,0,2,84,2,228,-1,-1,1,20,0.0,0.0,0.0,0.0,0.0,0.0,0.0,0.0
64164,443,6,363.0,5402.0,210.0,0.0,40.125,71.2248,2920.0,0.0,871.4,1280.9223,310770.64,1230012.866,4869415.0,3.0,5230314.0,653567.85,1721120.923,4869415.0,3.0,161043.0,22688.25,33099.307,99380.0,50.0,0,0,0,0,0.0,2920.0,0,0,0,1,0,0,0,0,0.0,381.3553,40.125,871.4,0,0,0,0,0,0,8,363,5,5402,8192,119,7,20,0.0,0.0,0.0,0.0,0.0,0.0,0.0,0.0
54474,443,6,12.0,0.0,6.0,6.0,6.0,0.0,0.0,0.0,0.0,0.0,2837082.0,0.0,2837082.0,2837082.0,2837082.0,2837082.0,0.0,2837082.0,2837082.0,0.0,0.0,0.0,0.0,0.0,0,0,0,0,6.0,6.0,0,0,0,0,1,0,0,0,0.0,9.0,6.0,0.0,0,0,0,0,0,0,2,12,0,0,255,-1,1,20,0.0,0.0,0.0,0.0,0.0,0.0,0.0,0.0
80,49896,6,0.0,0.0,0.0,0.0,0.0,0.0,0.0,0.0,0.0,0.0,21.0,0.0,21.0,21.0,0.0,0.0,0.0,0.0,0.0,0.0,0.0,0.0,0.0,0.0,0,0,0,0,0.0,0.0,0,0,0,0,1,1,0,0,1.0,0.0,0.0,0.0,0,0,0,0,0,0,1,0,1,0,349,32832,0,32,0.0,0.0,0.0,0.0,0.0,0.0,0.0,0.0
61734,80,6,442.0,871.0,436.0,0.0,147.0,250.01,859.0,0.0,217.75,427.5094,8201.16,11813.329,23693.0,4.0,23050.0,11525.0,16078.533,23267.0,343.0,24716.0,8915.33,13021.581,23583.0,4.0,0,0,0,0,0.0,859.0,0,0,0,1,0,0,0,0,1.0,187.4286,147.0,217.75,0,0,0,0,0,0,3,442,4,871,8192,31,2,20,0.0,0.0,0.0,0.0,0.0,0.0,0.0,0.0
58915,443,6,4001.0,579.0,1581.0,0.0,267.9333,591.2527,313.0,0.0,91.6667,148.8573,91731.54,267350.426,1300180.0,4.0,3094261.0,193394.78,346460.766,1350280.0,4.0,2562876.0,52235.0,170553.066,1401700.0,4.0,0,0,0,0,0.0,1581.0,0,0,0,1,0,0,0,0,0.0,190.84,267.9333,91.6667,0,0,0,0,0,0,12,4001,12,579,8192,7149,11,20,0.0,0.0,0.0,0.0,0.0,0.0,0.0,0.0
443,53219,6,43.0,0.0,31.0,6.0,14.3333,14.4338,0.0,0.0,0.0,0.0,8.0,1.414,3.0,1.0,4.0,2.0,1.414,3.0,1.0,0.0,0.0,0.0,0.0,0.0,0,0,0,0,6.0,31.0,0,0,0,0,1,0,0,0,0.0,16.3333,14.3333,0.0,0,0,0,0,0,0,3,43,0,0,59,-1,2,20,0.0,0.0,0.0,0.0,0.0,0.0,0.0,0.0
54892,53,17,74.0,150.0,37.0,37.0,37.0,0.0,75.0,75.0,75.0,0.0,51.33,85.16,149.0,3.0,4.0,4.0,0.0,4.0,4.0,3.0,3.0,0.0,3.0,3.0,0,0,0,0,37.0,75.0,0,0,0,0,0,0,0,0,1.0,65.25,37.0,75.0,0,0,0,0,0,0,2,74,2,150,-1,-1,1,20,0.0,0.0,0.0,0.0,0.0,0.0,0.0,0.0
51542,443,6,713.0,479.0,469.0,0.0,71.3,147.2874,341.0,0.0,95.8,149.5299,5812.07,9711.483,23179.0,3.0,71549.0,9189.88,11511.144,24380.0,3.0,40285.0,12531.25,13087.027,24198.0,496.0,0,0,0,0,0.0,469.0,0,0,0,1,0,0,0,0,0.0,79.4667,71.3,95.8,0,0,0,0,0,0,10,713,5,479,65535,972,5,32,0.0,0.0,0.0,0.0,0.0,0.0,0.0,0.0
61139,53,17,57.0,73.0,57.0,57.0,57.0,0.0,73.0,73.0,73.0,0.0,30460.0,0.0,30460.0,30460.0,0.0,0.0,0.0,0.0,0.0,0.0,0.0,0.0,0.0,0.0,0,0,0,0,57.0,73.0,0,0,0,0,0,0,0,0,1.0,93.5,57.0,73.0,0,0,0,0,0,0,1,57,1,73,-1,-1,0,32,0.0,0.0,0.0,0.0,0.0,0.0,0.0,0.0
16475,53,17,94.0,196.0,47.0,47.0,47.0,0.0,98.0,98.0,98.0,0.0,51.33,81.183,146.0,3.0,3.0,3.0,0.0,3.0,3.0,3.0,3.0,0.0,3.0,3.0,0,0,0,0,47.0,98.0,0,0,0,0,0,0,0,0,1.0,84.25,47.0,98.0,0,0,0,0,0,0,2,94,2,196,-1,-1,1,32,0.0,0.0,0.0,0.0,0.0,0.0,0.0,0.0
62195,53,17,92.0,248.0,46.0,46.0,46.0,0.0,124.0,124.0,124.0,0.0,78.33,133.498,238.0,0.0,0.0,0.0,0.0,0.0,0.0,1.0,1.0,0.0,1.0,1.0,0,0,0,0,46.0,124.0,0,0,0,0,0,0,0,0,1.0,96.5,46.0,124.0,0,0,0,0,0,0,2,92,2,248,-1,-1,1,32,0.0,0.0,0.0,0.0,0.0,0.0,0.0,0.0
52104,443,6,1164.0,455.0,517.0,0.0,198.8,242.1014,255.0,0.0,65.0,92.0713,701961.14,2363435.024,7867400.0,2.0,7846646.0,1493185.5,2277405.49,7867400.0,186.0,108677.0,17926.75,15086.99,49469.0,3.0,0,0,0,0,0.0,517.0,0,0,0,1,0,0,0,0,1.0,111.8889,198.8,65.0,0,0,0,0,0,0,5,1164,9,455,8192,363,4,20,0.0,0.0,0.0,0.0,0.0,0.0,0.0,0.0
42794,443,6,12.0,0.0,6.0,6.0,6.0,0.0,0.0,0.0,0.0,0.0,3.0,0.0,3.0,3.0,3.0,3.0,0.0,3.0,3.0,0.0,0.0,0.0,0.0,0.0,0,0,0,0,6.0,6.0,1,0,0,0,0,0,0,0,0.0,9.0,6.0,0.0,0,0,0,0,0,0,2,12,0,0,0,-1,1,20,0.0,0.0,0.0,0.0,0.0,0.0,0.0,0.0
54262,53,17,70.0,174.0,35.0,35.0,35.0,0.0,87.0,87.0,87.0,0.0,53.33,87.899,153.0,3.0,3.0,3.0,0.0,3.0,3.0,3.0,3.0,0.0,3.0,3.0,0,0,0,0,35.0,87.0,0,0,0,0,0,0,0,0,1.0,69.75,35.0,87.0,0,0,0,0,0,0,2,70,2,174,-1,-1,1,32,0.0,0.0,0.0,0.0,0.0,0.0,0.0,0.0
50254,443,6,874.0,5080.0,364.0,0.0,57.5556,100.6975,2682.0,0.0,618.3333,759.9453,7446.92,13979.546,32592.0,3.0,154431.0,10018.57,15219.583,24436.0,3.0,108803.0,16954.8,18308.996,44558.0,204.0,0,0,0,0,0.0,2682.0,0,0,0,1,0,0,0,0,0.0,293.1957,57.5556,618.3333,0,0,0,0,0,0,18,874,6,5080,65535,367,17,20,0.0,0.0,0.0,0.0,0.0,0.0,0.0,0.0
52740,53,17,64.0,96.0,32.0,32.0,32.0,0.0,48.0,48.0,48.0,0.0,54.0,80.738,154.0,3.0,3.0,3.0,0.0,3.0,3.0,4.0,4.0,0.0,4.0,4.0,0,0,0,0,32.0,48.0,0,0,0,0,0,0,0,0,1.0,48.0,32.0,48.0,0,0,0,0,0,0,2,64,2,96,-1,-1,1,20,0.0,0.0,0.0,0.0,0.0,0.0,0.0,0.0
443,58577,6,0.0,0.0,0.0,0.0,0.0,0.0,0.0,0.0,0.0,0.0,53.0,0.0,53.0,53.0,0.0,0.0,0.0,0.0,0.0,0.0,0.0,0.0,0.0,0.0,0,0,0,0,0.0,0.0,0,0,0,0,1,1,0,0,1.0,0.0,0.0,0.0,0,0,0,0,0,0,1,0,1,0,383,240,0,32,0.0,0.0,0.0,0.0,0.0,0.0,0.0,0.0
443,57502,6,0.0,18.0,0.0,0.0,0.0,0.0,6.0,6.0,6.0,0.0,37.33,62.851,102.0,1.0,0.0,0.0,0.0,0.0,0.0,4.0,2.0,1.414,3.0,1.0,0,0,0,0,0.0,6.0,0,0,0,0,1,0,0,0,3.0,4.5,0.0,6.0,0,0,0,0,0,0,1,0,3,18,972,0,0,32,0.0,0.0,0.0,0.0,0.0,0.0,0.0,0.0
65216,53,17,58.0,166.0,29.0,29.0,29.0,0.0,83.0,83.0,83.0,0.0,10544.66,18208.663,31528.0,4.0,4.0,4.0,0.0,4.0,4.0,4.0,4.0,0.0,4.0,4.0,0,0,0,0,29.0,83.0,0,0,0,0,0,0,0,0,1.0,63.25,29.0,83.0,0,0,0,0,0,0,2,58,2,166,-1,-1,1,32,0.0,0.0,0.0,0.0,0.0,0.0,0.0,0.0
61596,53,17,55.0,90.0,55.0,55.0,55.0,0.0,90.0,90.0,90.0,0.0,48334.0,0.0,48334.0,48334.0,0.0,0.0,0.0,0.0,0.0,0.0,0.0,0.0,0.0,0.0,0,0,0,0,55.0,90.0,0,0,0,0,0,0,0,0,1.0,100.0,55.0,90.0,0,0,0,0,0,0,1,55,1,90,-1,-1,0,40,0.0,0.0,0.0,0.0,0.0,0.0,0.0,0.0
443,51383,6,6.0,6.0,6.0,6.0,6.0,0.0,6.0,6.0,6.0,0.0,74.0,0.0,74.0,74.0,0.0,0.0,0.0,0.0,0.0,0.0,0.0,0.0,0.0,0.0,0,0,0,0,6.0,6.0,0,0,0,0,1,1,0,0,1.0,9.0,6.0,6.0,0,0,0,0,0,0,1,6,1,6,60,255,0,20,0.0,0.0,0.0,0.0,0.0,0.0,0.0,0.0
25540,53,17,70.0,344.0,35.0,35.0,35.0,0.0,172.0,172.0,172.0,0.0,32768.33,56175.022,98207.0,3.0,3.0,3.0,0.0,3.0,3.0,3.0,3.0,0.0,3.0,3.0,0,0,0,0,35.0,172.0,0,0,0,0,0,0,0,0,1.0,102.25,35.0,172.0,0,0,0,0,0,0,2,70,2,344,-1,-1,1,40,0.0,0.0,0.0,0.0,0.0,0.0,0.0,0.0
58372,80,6,317.0,640.0,307.0,0.0,61.4,138.7015,648.0,2.0,341.0,499.292,36629.28,67015.478,186906.0,48.0,359635.0,54853.75,85562.737,186906.0,2084.0,108638.0,57619.0,26860.381,107593.0,1199.0,0,0,0,0,0.0,648.0,0,0,0,1,0,0,0,0,0.0,151.875,61.4,341.0,0,0,0,0,0,0,5,317,3,640,65535,15544,4,20,0.0,0.0,0.0,0.0,0.0,0.0,0.0,0.0
40675,53,17,72.0,188.0,36.0,36.0,36.0,0.0,94.0,94.0,94.0,0.0,10284.66,17803.929,30843.0,3.0,3.0,3.0,0.0,3.0,3.0,4.0,4.0,0.0,4.0,4.0,0,0,0,0,36.0,94.0,0,0,0,0,0,0,0,0,1.0,74.0,36.0,94.0,0,0,0,0,0,0,2,72,2,188,-1,-1,1,32,0.0,0.0,0.0,0.0,0.0,0.0,0.0,0.0
40878,443,6,4120.0,34299.0,1923.0,0.0,87.5556,277.7757,2836.0,0.0,1060.9512,682.3108,1345569.12,5185823.969,21038859.0,1.0,105482403.0,2774618.65,5585756.41,21088859.0,1.0,105340225.0,759186.07,1127437.957,21081852.0,3.0,0,0,0,0,0.0,2836.0,0,0,0,1,0,0,0,0,1.0,672.5839,87.5556,1060.9512,0,0,0,0,0,0,51,4120,67,34299,29200,426,7,32,1648507.0,1263992.827,4860378.0,35681.0,11895706.5,1146702.953,21038856.0,6311085.0
443,52776,6,0.0,0.0,0.0,0.0,0.0,0.0,0.0,0.0,0.0,0.0,62.0,0.0,62.0,62.0,0.0,0.0,0.0,0.0,0.0,0.0,0.0,0.0,0.0,0.0,0,0,0,0,0.0,0.0,0,0,0,0,1,0,0,0,1.0,0.0,0.0,0.0,0,0,0,0,0,0,1,0,1,0,61,33304,0,32,0.0,0.0,0.0,0.0,0.0,0.0,0.0,0.0
443,33122,6,31.0,6.0,31.0,0.0,15.5,21.9203,6.0,6.0,6.0,0.0,34.5,44.747,68.0,3.0,3.0,3.0,0.0,3.0,3.0,0.0,0.0,0.0,0.0,0.0,1,0,0,0,0.0,31.0,0,1,0,0,1,0,0,0,0.0,22.6667,15.5,6.0,0,0,0,0,0,0,2,31,1,6,1006,0,0,32,0.0,0.0,0.0,0.0,0.0,0.0,0.0,0.0
55099,443,6,938.0,4412.0,535.0,0.0,104.8,181.1745,1460.0,2.0,322.8889,596.4342,687201.28,2487177.335,9996849.0,44.0,10411821.0,1707292.77,3585576.173,9996849.0,124.0,10230638.0,1401147.0,3728951.073,9990497.0,49.0,0,0,0,0,0.0,1460.0,0,0,0,1,0,0,0,0,1.0,254.9286,104.8,322.8889,0,0,0,0,0,0,5,938,9,4412,8192,31096,4,20,296534.0,0.0,296534.0,296534.0,9996831.0,0.0,9996831.0,9996851.0
60432,53,17,54.0,127.0,54.0,54.0,54.0,0.0,127.0,127.0,127.0,0.0,31769.0,0.0,31769.0,31769.0,0.0,0.0,0.0,0.0,0.0,0.0,0.0,0.0,0.0,0.0,0,0,0,0,54.0,127.0,0,0,0,0,0,0,0,0,1.0,117.5,54.0,127.0,0,0,0,0,0,0,1,54,1,127,-1,-1,0,20,0.0,0.0,0.0,0.0,0.0,0.0,0.0,0.0
65455,443,6,835.0,7293.0,501.0,0.0,109.125,181.742,1460.0,2.0,659.0909,637.0216,268031.42,956264.254,3956949.0,23.0,4263167.0,522776.71,1143116.399,3956949.0,15095.0,128812.0,14408.1,21118.207,52921.0,48.0,0,0,0,0,0.0,1460.0,0,0,0,1,0,0,0,0,1.0,438.0615,109.125,659.0909,0,0,0,0,0,0,8,835,11,7293,8192,35088,7,20,0.0,0.0,0.0,0.0,0.0,0.0,0.0,0.0
56325,80,6,1650.0,11948.0,666.0,0.0,102.7778,266.6763,2865.0,0.0,575.4706,851.1263,2643949.73,4481016.15,10001025.0,5.0,77732723.0,5832326.79,4773496.826,10100569.0,148.0,72637655.0,5679499.84,5013037.414,10104100.0,49.0,0,0,0,0,0.0,2865.0,0,0,0,1,0,0,0,0,1.0,335.6313,102.7778,575.4706,0,0,0,0,0,0,18,1650,23,11948,29200,1090,3,32,231849.42,409276.824,2047928.0,29202.0,10001005.78,4568.494,10001026.0,10006427.0
56661,443,6,12.0,0.0,6.0,6.0,6.0,0.0,0.0,0.0,0.0,0.0,0.0,0.0,0.0,0.0,0.0,0.0,0.0,0.0,0.0,0.0,0.0,0.0,0.0,0.0,0,0,0,0,6.0,6.0,1,0,0,0,0,0,0,0,0.0,9.0,6.0,0.0,0,0,0,0,0,0,2,12,0,0,0,-1,1,20,0.0,0.0,0.0,0.0,0.0,0.0,0.0,0.0
61177,53,17,52.0,236.0,52.0,52.0,52.0,0.0,236.0,236.0,236.0,0.0,47566.0,0.0,47566.0,47566.0,0.0,0.0,0.0,0.0,0.0,0.0,0.0,0.0,0.0,0.0,0,0,0,0,52.0,236.0,0,0,0,0,0,0,0,0,1.0,160.0,52.0,236.0,0,0,0,0,0,0,1,52,1,236,-1,-1,0,20,0.0,0.0,0.0,0.0,0.0,0.0,0.0,0.0
60426,53,17,44.0,72.0,44.0,44.0,44.0,0.0,72.0,72.0,72.0,0.0,31302.0,0.0,31302.0,31302.0,0.0,0.0,0.0,0.0,0.0,0.0,0.0,0.0,0.0,0.0,0,0,0,0,44.0,72.0,0,0,0,0,0,0,0,0,1.0,80.0,44.0,72.0,0,0,0,0,0,0,1,44,1,72,-1,-1,0,20,0.0,0.0,0.0,0.0,0.0,0.0,0.0,0.0
53463,80,6,12.0,0.0,6.0,6.0,6.0,0.0,0.0,0.0,0.0,0.0,150.0,0.0,150.0,150.0,150.0,150.0,0.0,150.0,150.0,0.0,0.0,0.0,0.0,0.0,0,0,0,0,6.0,6.0,0,0,0,0,1,0,0,0,0.0,9.0,6.0,0.0,0,0,0,0,0,0,2,12,0,0,256,-1,1,20,0.0,0.0,0.0,0.0,0.0,0.0,0.0,0.0
60372,53,17,45.0,61.0,45.0,45.0,45.0,0.0,61.0,61.0,61.0,0.0,23688.0,0.0,23688.0,23688.0,0.0,0.0,0.0,0.0,0.0,0.0,0.0,0.0,0.0,0.0,0,0,0,0,45.0,61.0,0,0,0,0,0,0,0,0,1.0,75.5,45.0,61.0,0,0,0,0,0,0,1,45,1,61,-1,-1,0,20,0.0,0.0,0.0,0.0,0.0,0.0,0.0,0.0
52277,53,17,174.0,268.0,46.0,46.0,46.0,0.0,134.0,134.0,134.0,0.0,15530.4,21202.238,40795.0,3.0,30710.0,10276.66,17751.873,30715.0,3.0,3.0,3.0,0.0,3.0,3.0,0,0,0,0,46.0,134.0,0,0,0,0,0,0,0,0,0.0,71.0,46.0,134.0,0,0,0,0,0,0,4,174,2,268,-1,-1,3,32,0.0,0.0,0.0,0.0,0.0,0.0,0.0,0.0
54425,80,6,12.0,0.0,6.0,6.0,6.0,0.0,0.0,0.0,0.0,0.0,48.0,0.0,48.0,48.0,48.0,48.0,0.0,48.0,48.0,0.0,0.0,0.0,0.0,0.0,0,0,0,0,6.0,6.0,0,0,0,0,1,0,0,0,0.0,9.0,6.0,0.0,0,0,0,0,0,0,2,12,0,0,256,-1,1,20,0.0,0.0,0.0,0.0,0.0,0.0,0.0,0.0
41096,443,6,382.0,5008.0,189.0,0.0,42.0,71.8057,1448.0,0.0,681.5556,679.8911,365336.37,1215418.324,5212818.0,1.0,5491319.0,667533.66,1844296.839,5212818.0,2.0,58242.0,9484.66,16504.631,22207.0,189.0,0,0,0,0,0.0,1448.0,0,0,0,1,0,0,0,0,0.0,319.6143,42.0,681.5556,0,0,0,0,0,0,7,382,7,5008,29200,79,3,32,284679.0,0.0,284679.0,284679.0,5212843.0,0.0,5212813.0,5212843.0
61316,53,17,78.0,110.0,39.0,39.0,39.0,0.0,55.0,55.0,55.0,0.0,57.33,66.503,124.0,4.0,4.0,4.0,0.0,4.0,4.0,48.0,48.0,0.0,48.0,48.0,0,0,0,0,39.0,55.0,0,0,0,0,0,0,0,0,1.0,56.75,39.0,55.0,0,0,0,0,0,0,2,78,2,110,-1,-1,1,32,0.0,0.0,0.0,0.0,0.0,0.0,0.0,0.0
61636,53,17,47.0,63.0,47.0,47.0,47.0,0.0,63.0,63.0,63.0,0.0,23786.0,0.0,23786.0,23786.0,0.0,0.0,0.0,0.0,0.0,0.0,0.0,0.0,0.0,0.0,0,0,0,0,47.0,63.0,0,0,0,0,0,0,0,0,1.0,78.5,47.0,63.0,0,0,0,0,0,0,1,47,1,63,-1,-1,0,20,0.0,0.0,0.0,0.0,0.0,0.0,0.0,0.0
51463,443,6,651.0,5427.0,342.0,0.0,95.1,145.7043,1460.0,0.0,645.9091,688.1594,269307.33,854416.292,2003328.0,18.0,3401145.0,586315.22,1231456.785,2003388.0,205.0,465973.0,73992.16,72001.165,103353.0,48.0,0,0,0,0,0.0,1460.0,0,0,0,1,0,0,0,0,1.0,402.6667,95.1,645.9091,0,0,0,0,0,0,5,651,13,5427,8192,8710,4,20,0.0,0.0,0.0,0.0,0.0,0.0,0.0,0.0
80,52802,6,0.0,0.0,0.0,0.0,0.0,0.0,0.0,0.0,0.0,0.0,37.0,0.0,37.0,37.0,0.0,0.0,0.0,0.0,0.0,0.0,0.0,0.0,0.0,0.0,0,0,0,0,0.0,0.0,0,0,0,0,1,1,0,0,1.0,0.0,0.0,0.0,0,0,0,0,0,0,1,0,1,0,939,275,0,32,0.0,0.0,0.0,0.0,0.0,0.0,0.0,0.0
60805,53,17,55.0,111.0,55.0,55.0,55.0,0.0,111.0,111.0,111.0,0.0,226385.0,0.0,226385.0,226385.0,0.0,0.0,0.0,0.0,0.0,0.0,0.0,0.0,0.0,0.0,0,0,0,0,55.0,111.0,0,0,0,0,0,0,0,0,1.0,110.5,55.0,111.0,0,0,0,0,0,0,1,55,1,111,-1,-1,0,20,0.0,0.0,0.0,0.0,0.0,0.0,0.0,0.0
61261,53,17,77.0,159.0,77.0,77.0,77.0,0.0,159.0,159.0,159.0,0.0,23580.0,0.0,23580.0,23580.0,0.0,0.0,0.0,0.0,0.0,0.0,0.0,0.0,0.0,0.0,0,0,0,0,77.0,159.0,0,0,0,0,0,0,0,0,1.0,156.5,77.0,159.0,0,0,0,0,0,0,1,77,1,159,-1,-1,0,32,0.0,0.0,0.0,0.0,0.0,0.0,0.0,0.0
53557,443,6,1595.0,4379.0,528.0,0.0,124.875,194.0676,1460.0,0.0,592.8333,592.2499,190678.23,224386.749,1008402.0,1.0,2444884.0,284897.14,621781.291,1058402.0,93.0,2225573.0,222366.62,417405.984,1007949.0,1.0,0,0,0,0,0.0,1460.0,0,0,0,1,0,0,0,0,0.0,346.581,124.875,592.8333,0,0,0,0,0,0,16,1595,9,4379,8192,7372,15,20,0.0,0.0,0.0,0.0,0.0,0.0,0.0,0.0
57691,443,6,960.0,5677.0,477.0,0.0,98.4444,179.8999,2121.0,0.0,541.9231,815.1359,161279.23,514372.284,1585574.0,3.0,1813706.0,251166.75,512478.628,1585574.0,150.0,1735113.0,361240.38,852830.767,1597091.0,3.0,0,0,0,0,0.0,2121.0,0,0,0,1,0,0,0,0,1.0,343.5616,98.4444,541.9231,0,0,0,0,0,0,9,960,11,5677,8192,180,8,20,0.0,0.0,0.0,0.0,0.0,0.0,0.0,0.0
61935,53,17,89.0,167.0,89.0,89.0,89.0,0.0,167.0,167.0,167.0,0.0,31015.0,0.0,31015.0,31015.0,0.0,0.0,0.0,0.0,0.0,0.0,0.0,0.0,0.0,0.0,0,0,0,0,89.0,167.0,0,0,0,0,0,0,0,0,1.0,172.5,89.0,167.0,0,0,0,0,0,0,1,89,1,167,-1,-1,0,20,0.0,0.0,0.0,0.0,0.0,0.0,0.0,0.0
13750,53,17,70.0,102.0,35.0,35.0,35.0,0.0,51.0,51.0,51.0,0.0,82729.33,146149.316,248082.0,3.0,3.0,3.0,0.0,3.0,3.0,3.0,3.0,0.0,3.0,3.0,0,0,0,0,35.0,51.0,0,0,0,0,0,0,0,0,1.0,51.75,35.0,51.0,0,0,0,0,0,0,2,70,2,102,-1,-1,1,44,0.0,0.0,0.0,0.0,0.0,0.0,0.0,0.0
443,62065,6,0.0,0.0,0.0,0.0,0.0,0.0,0.0,0.0,0.0,0.0,38.0,0.0,38.0,38.0,0.0,0.0,0.0,0.0,0.0,0.0,0.0,0.0,0.0,0.0,0,0,0,0,0.0,0.0,0,0,0,0,1,0,0,0,1.0,0.0,0.0,0.0,0,0,0,0,0,0,1,0,1,0,351,32832,0,32,0.0,0.0,0.0,0.0,0.0,0.0,0.0,0.0
41988,80,6,437.0,796.0,437.0,0.0,27.3125,109.25,796.0,0.0,56.8571,212.7399,3990217.53,4968742.415,10216434.0,48.0,115490038.0,7682501.26,4389741.905,10240037.0,126.0,112696149.0,8668284.76,3867052.24,10240268.0,3780.0,0,0,0,0,0.0,796.0,0,0,0,1,0,0,0,0,0.0,41.1667,27.3125,56.8571,0,0,0,0,0,0,16,437,14,796,29200,285,1,32,25030.81,27892.579,46123.0,23448.0,10198439.09,69019.751,10216430.0,10109347.0
80,59776,6,0.0,0.0,0.0,0.0,0.0,0.0,0.0,0.0,0.0,0.0,52.0,0.0,52.0,52.0,0.0,0.0,0.0,0.0,0.0,0.0,0.0,0.0,0.0,0.0,0,0,0,0,0.0,0.0,0,0,0,0,1,1,0,0,1.0,0.0,0.0,0.0,0,0,0,0,0,0,1,0,1,0,903,229,0,32,0.0,0.0,0.0,0.0,0.0,0.0,0.0,0.0
52353,443,6,307.0,157.0,237.0,0.0,61.1429,101.9214,145.0,0.0,39.25,70.5567,1442123.1,4305602.945,17356664.0,83.0,17563822.0,2805758.0,6723286.561,17311178.0,172.0,1287.0,362.66,776.473,3695.0,870.0,0,0,0,0,0.0,237.0,0,0,0,1,0,0,0,0,0.0,51.0,61.1429,39.25,0,0,0,0,0,0,7,307,4,157,8192,110,6,20,0.0,0.0,0.0,0.0,0.0,0.0,0.0,0.0
123,123,17,48.0,48.0,48.0,48.0,48.0,0.0,48.0,48.0,48.0,0.0,84251.0,0.0,84251.0,84251.0,0.0,0.0,0.0,0.0,0.0,0.0,0.0,0.0,0.0,0.0,0,0,0,0,48.0,48.0,0,0,0,0,0,0,0,0,1.0,72.0,48.0,48.0,0,0,0,0,0,0,1,48,1,48,-1,-1,0,20,0.0,0.0,0.0,0.0,0.0,0.0,0.0,0.0
41213,53,17,92.0,248.0,46.0,46.0,46.0,0.0,124.0,124.0,124.0,0.0,76.0,94.566,178.0,1.0,1.0,1.0,0.0,1.0,1.0,48.0,48.0,0.0,48.0,48.0,0,0,0,0,46.0,124.0,0,0,0,0,0,0,0,0,1.0,96.5,46.0,124.0,0,0,0,0,0,0,2,92,2,248,-1,-1,1,40,0.0,0.0,0.0,0.0,0.0,0.0,0.0,0.0
56886,53,17,168.0,132.0,42.0,42.0,42.0,0.0,66.0,66.0,66.0,0.0,45331.2,99150.005,176302.0,3.0,493.0,167.0,98.115,498.0,3.0,4.0,4.0,0.0,4.0,4.0,0,0,0,0,42.0,66.0,0,0,0,0,0,0,0,0,0.0,52.3333,42.0,66.0,0,0,0,0,0,0,4,168,2,132,-1,-1,3,32,0.0,0.0,0.0,0.0,0.0,0.0,0.0,0.0
60819,53,17,89.0,248.0,46.0,43.0,44.5,0.7071,138.0,56.0,124.0,38.3569,18252386.66,34079437.917,53794473.0,30501.0,53854960.0,53854960.0,0.0,53854960.0,53854960.0,53824537.0,53824537.0,0.0,53824537.0,53824537.0,0,0,0,0,43.0,138.0,0,0,0,0,0,0,0,0,1.0,91.75,44.5,124.0,0,0,0,0,0,0,2,89,2,248,-1,-1,1,32,30502.0,0.0,30502.0,30502.0,53794422.0,0.0,53794472.0,53794422.0
60454,443,6,1466.0,4090.0,981.0,0.0,126.375,298.1751,1460.0,0.0,316.6667,548.9066,396188.83,1447652.655,7012461.0,1.0,8538495.0,690987.38,1875133.959,7012461.0,1.0,286609.0,43614.62,31801.646,112168.0,1.0,0,0,0,0,0.0,1460.0,0,0,0,1,0,0,0,0,0.0,222.1649,126.375,316.6667,0,0,0,0,0,0,16,1466,12,4090,8192,8219,15,20,0.0,0.0,0.0,0.0,0.0,0.0,0.0,0.0
4159,53,17,74.0,204.0,37.0,37.0,37.0,0.0,102.0,102.0,102.0,0.0,54.66,88.149,158.0,3.0,3.0,3.0,0.0,3.0,3.0,4.0,4.0,0.0,4.0,4.0,0,0,0,0,37.0,102.0,0,0,0,0,0,0,0,0,1.0,78.75,37.0,102.0,0,0,0,0,0,0,2,74,2,204,-1,-1,1,32,0.0,0.0,0.0,0.0,0.0,0.0,0.0,0.0
61751,53,17,55.0,129.0,55.0,55.0,55.0,0.0,129.0,129.0,129.0,0.0,131621.0,0.0,131621.0,131621.0,0.0,0.0,0.0,0.0,0.0,0.0,0.0,0.0,0.0,0.0,0,0,0,0,55.0,129.0,0,0,0,0,0,0,0,0,1.0,119.5,55.0,129.0,0,0,0,0,0,0,1,55,1,129,-1,-1,0,32,0.0,0.0,0.0,0.0,0.0,0.0,0.0,0.0
58118,80,6,809.0,26259.0,889.0,0.0,32.9804,181.6545,4211.0,0.0,1733.55,952.4452,3208.54,11605.597,41929.0,1.0,140614.0,8952.3,16476.349,62734.0,1.0,79465.0,5822.33,16594.4,35080.0,1.0,0,0,0,0,0.0,4211.0,0,0,0,1,0,0,0,0,1.0,1182.4168,32.9804,1733.55,0,0,0,0,0,0,17,809,20,26259,65535,281,1,32,0.0,0.0,0.0,0.0,0.0,0.0,0.0,0.0
61031,53,17,44.0,92.0,44.0,44.0,44.0,0.0,92.0,92.0,92.0,0.0,30670.0,0.0,30670.0,30670.0,0.0,0.0,0.0,0.0,0.0,0.0,0.0,0.0,0.0,0.0,0,0,0,0,44.0,92.0,0,0,0,0,0,0,0,0,1.0,90.0,44.0,92.0,0,0,0,0,0,0,1,44,1,92,-1,-1,0,32,0.0,0.0,0.0,0.0,0.0,0.0,0.0,0.0
51925,443,6,190.0,0.0,190.0,0.0,47.5,94.5,0.0,0.0,0.0,0.0,8626.5,15459.192,16095.0,87.0,14369.0,8122.0,12874.603,14190.0,319.0,0.0,0.0,0.0,0.0,0.0,0,0,0,0,0.0,190.0,0,0,0,1,0,0,0,0,0.0,38.8,47.5,0.0,0,0,0,0,0,0,4,190,1,0,29200,17580,1,32,0.0,0.0,0.0,0.0,0.0,0.0,0.0,0.0
60636,53,17,58.0,124.0,58.0,58.0,58.0,0.0,124.0,124.0,124.0,0.0,207493.0,0.0,207493.0,207493.0,0.0,0.0,0.0,0.0,0.0,0.0,0.0,0.0,0.0,0.0,0,0,0,0,58.0,124.0,0,0,0,0,0,0,0,0,1.0,120.0,58.0,124.0,0,0,0,0,0,0,1,58,1,124,-1,-1,0,40,0.0,0.0,0.0,0.0,0.0,0.0,0.0,0.0
60373,53,17,105.0,357.0,56.0,59.0,52.5,2.1213,215.0,110.0,178.5,55.7403,21422126.0,40001517.183,64224190.0,48740.0,64246064.0,64246064.0,0.0,64246064.0,64246064.0,64216397.0,64216397.0,0.0,64216397.0,64216397.0,0,0,0,0,59.0,215.0,0,0,0,0,0,0,0,0,1.0,123.25,52.5,178.5,0,0,0,0,0,0,2,105,2,357,-1,-1,1,20,47909.0,0.0,47909.0,47909.0,64224129.0,0.0,64224199.0,64224129.0
50862,443,6,2897.0,6202.0,2212.0,0.0,288.0,921.4373,1789.0,0.0,585.25,692.8597,632932.45,2361007.104,9995765.0,3.0,8506424.0,1273028.42,3377047.438,9995765.0,3.0,13639793.0,1991312.57,3130218.525,9995554.0,3.0,0,0,0,0,0.0,2212.0,0,0,0,1,0,0,0,0,0.0,476.3333,288.0,585.25,0,0,0,0,0,0,10,2897,8,6202,29200,34,4,32,1860317.0,0.0,1860317.0,1860317.0,9995719.0,0.0,9995769.0,9995719.0
443,32519,6,0.0,0.0,0.0,0.0,0.0,0.0,0.0,0.0,0.0,0.0,56.0,0.0,56.0,56.0,0.0,0.0,0.0,0.0,0.0,0.0,0.0,0.0,0.0,0.0,0,0,0,0,0.0,0.0,0,0,0,0,1,1,0,0,1.0,0.0,0.0,0.0,0,0,0,0,0,0,1,0,1,0,349,260,0,32,0.0,0.0,0.0,0.0,0.0,0.0,0.0,0.0
31288,443,6,942.0,1338.0,565.0,0.0,64.3571,159.7989,649.0,0.0,133.75,254.9726,2698606.92,4453626.866,10211091.0,6.0,61136460.0,4854450.38,5126678.136,10240039.0,392.0,60986275.0,6068515.57,5182855.501,10240202.0,5077.0,0,0,0,0,0.0,649.0,0,0,0,1,0,0,0,0,0.0,97.5857,64.3571,133.75,0,0,0,0,0,0,14,942,12,1338,29200,122,3,32,113397.5,43748.113,108886.0,84929.0,10127441.16,48237.52,10211097.0,9810938.0
55302,53,17,96.0,148.0,48.0,48.0,48.0,0.0,74.0,74.0,74.0,0.0,10251.0,17798.39,30746.0,3.0,3.0,3.0,0.0,3.0,3.0,4.0,4.0,0.0,4.0,4.0,0,0,0,0,48.0,74.0,0,0,0,0,0,0,0,0,1.0,73.0,48.0,74.0,0,0,0,0,0,0,2,96,2,148,-1,-1,1,32,0.0,0.0,0.0,0.0,0.0,0.0,0.0,0.0
443,55870,6,0.0,0.0,0.0,0.0,0.0,0.0,0.0,0.0,0.0,0.0,34.0,0.0,34.0,34.0,0.0,0.0,0.0,0.0,0.0,0.0,0.0,0.0,0.0,0.0,0,0,0,0,0.0,0.0,0,0,0,0,1,0,0,0,1.0,0.0,0.0,0.0,0,0,0,0,0,0,1,0,1,0,349,32832,0,32,0.0,0.0,0.0,0.0,0.0,0.0,0.0,0.0
50804,53,17,88.0,472.0,44.0,44.0,44.0,0.0,236.0,236.0,236.0,0.0,60.66,107.487,186.0,3.0,3.0,3.0,0.0,3.0,3.0,3.0,3.0,0.0,3.0,3.0,0,0,0,0,44.0,236.0,0,0,0,0,0,0,0,0,1.0,151.0,44.0,236.0,0,0,0,0,0,0,2,88,2,472,-1,-1,1,32,0.0,0.0,0.0,0.0,0.0,0.0,0.0,0.0
61473,53,17,43.0,139.0,43.0,43.0,43.0,0.0,139.0,139.0,139.0,0.0,483731.0,0.0,483731.0,483731.0,0.0,0.0,0.0,0.0,0.0,0.0,0.0,0.0,0.0,0.0,0,0,0,0,43.0,139.0,0,0,0,0,0,0,0,0,1.0,112.5,43.0,139.0,0,0,0,0,0,0,1,43,1,139,-1,-1,0,32,0.0,0.0,0.0,0.0,0.0,0.0,0.0,0.0
26661,53,17,86.0,142.0,43.0,43.0,43.0,0.0,71.0,71.0,71.0,0.0,7955.0,13725.485,23863.0,3.0,3.0,3.0,0.0,3.0,3.0,48.0,48.0,0.0,48.0,48.0,0,0,0,0,43.0,71.0,0,0,0,0,0,0,0,0,1.0,67.75,43.0,71.0,0,0,0,0,0,0,2,86,2,142,-1,-1,1,32,0.0,0.0,0.0,0.0,0.0,0.0,0.0,0.0
54743,443,6,135.0,46.0,46.0,6.0,27.0,20.1246,46.0,46.0,46.0,0.0,1061270.0,2359371.324,4783338.0,3.0,5110435.0,1232116.25,2378951.796,4783338.0,3.0,0.0,0.0,0.0,0.0,0.0,1,0,0,0,6.0,46.0,0,1,0,0,1,0,0,0,0.0,37.8333,27.0,46.0,0,0,0,0,0,0,5,135,1,46,6467,360,4,20,0.0,0.0,0.0,0.0,0.0,0.0,0.0,0.0
51072,443,6,59.0,0.0,53.0,6.0,29.5,33.234,0.0,0.0,0.0,0.0,519413.0,796430.416,514120.0,70.0,518220.0,518220.0,0.0,518220.0,518220.0,0.0,0.0,0.0,0.0,0.0,0,0,0,0,6.0,53.0,0,0,0,0,1,0,0,0,0.0,26.5,29.5,0.0,0,0,0,0,0,0,2,59,0,0,63670,-1,1,20,0.0,0.0,0.0,0.0,0.0,0.0,0.0,0.0
63004,53,17,76.0,140.0,38.0,38.0,38.0,0.0,70.0,70.0,70.0,0.0,63.66,107.677,184.0,3.0,3.0,3.0,0.0,3.0,3.0,3.0,3.0,0.0,3.0,3.0,0,0,0,0,38.0,70.0,0,0,0,0,0,0,0,0,1.0,63.5,38.0,70.0,0,0,0,0,0,0,2,76,2,140,-1,-1,1,20,0.0,0.0,0.0,0.0,0.0,0.0,0.0,0.0
49690,443,6,846.0,44047.0,245.0,0.0,15.24,69.9556,2836.0,0.0,1835.0385,850.224,3138.77,7743.093,23429.0,1.0,113693.0,2424.23,9776.485,23520.0,1.0,113782.0,3573.56,13799.983,40115.0,1.0,0,0,0,0,0.0,2836.0,0,0,0,1,0,0,0,0,1.0,1274.7435,15.24,1835.0385,0,0,0,0,0,0,45,846,46,44047,29200,357,5,32,0.0,0.0,0.0,0.0,0.0,0.0,0.0,0.0
40493,53,17,68.0,100.0,34.0,34.0,34.0,0.0,50.0,50.0,50.0,0.0,46.0,76.47,133.0,3.0,3.0,3.0,0.0,3.0,3.0,3.0,3.0,0.0,3.0,3.0,0,0,0,0,34.0,50.0,0,0,0,0,0,0,0,0,1.0,50.5,34.0,50.0,0,0,0,0,0,0,2,68,2,100,-1,-1,1,20,0.0,0.0,0.0,0.0,0.0,0.0,0.0,0.0
443,64833,6,37.0,0.0,37.0,0.0,18.5,26.163,0.0,0.0,0.0,0.0,4.0,0.0,4.0,4.0,4.0,4.0,0.0,4.0,4.0,0.0,0.0,0.0,0.0,0.0,1,0,0,0,0.0,37.0,0,1,0,0,1,0,0,0,0.0,37.0,18.5,0.0,0,0,0,0,0,0,2,37,0,0,1020,-1,0,32,0.0,0.0,0.0,0.0,0.0,0.0,0.0,0.0
443,51714,6,12.0,0.0,6.0,6.0,6.0,0.0,0.0,0.0,0.0,0.0,3.0,0.0,3.0,3.0,3.0,3.0,0.0,3.0,3.0,0.0,0.0,0.0,0.0,0.0,0,0,0,0,6.0,6.0,0,0,0,0,1,0,0,0,0.0,9.0,6.0,0.0,0,0,0,0,0,0,2,12,0,0,431,-1,1,20,0.0,0.0,0.0,0.0,0.0,0.0,0.0,0.0
16420,53,17,66.0,130.0,33.0,33.0,33.0,0.0,65.0,65.0,65.0,0.0,98064.0,150761.268,284185.0,3.0,3.0,3.0,0.0,3.0,3.0,3.0,3.0,0.0,3.0,3.0,0,0,0,0,33.0,65.0,0,0,0,0,0,0,0,0,1.0,57.25,33.0,65.0,0,0,0,0,0,0,2,66,2,130,-1,-1,1,32,0.0,0.0,0.0,0.0,0.0,0.0,0.0,0.0
48394,443,6,12.0,0.0,6.0,6.0,6.0,0.0,0.0,0.0,0.0,0.0,4.0,0.0,4.0,4.0,4.0,4.0,0.0,4.0,4.0,0.0,0.0,0.0,0.0,0.0,0,0,0,0,6.0,6.0,1,0,0,0,0,0,0,0,0.0,9.0,6.0,0.0,0,0,0,0,0,0,2,12,0,0,0,-1,1,20,0.0,0.0,0.0,0.0,0.0,0.0,0.0,0.0
39993,443,6,11291.0,43363.0,1460.0,0.0,373.9375,502.9531,1571.0,0.0,731.8421,778.6109,583927.12,2327319.644,10027240.0,1.0,92072690.0,1032238.7,3826883.983,10118007.0,49.0,95963951.0,1887764.63,3437750.622,10114242.0,1.0,0,0,0,0,0.0,1571.0,0,0,0,1,0,0,0,0,1.0,586.481,373.9375,731.8421,0,0,0,0,0,0,51,11291,87,43363,29200,126,25,32,2683507.0,2895107.279,6698610.0,35493.0,9899667.25,336702.402,10027241.0,7302347.0
61182,53,17,48.0,437.0,48.0,48.0,48.0,0.0,237.0,237.0,237.0,0.0,23323.0,0.0,23323.0,23323.0,0.0,0.0,0.0,0.0,0.0,0.0,0.0,0.0,0.0,0.0,0,0,0,0,48.0,237.0,0,0,0,0,0,0,0,0,1.0,156.5,48.0,237.0,0,0,0,0,0,0,1,48,1,437,-1,-1,0,32,0.0,0.0,0.0,0.0,0.0,0.0,0.0,0.0
443,56892,6,0.0,0.0,0.0,0.0,0.0,0.0,0.0,0.0,0.0,0.0,16.0,16.663,39.0,1.0,1.0,1.0,0.0,1.0,1.0,0.0,0.0,0.0,0.0,0.0,0,0,0,0,0.0,0.0,0,0,0,0,1,1,0,0,0.0,0.0,0.0,0.0,0,0,0,0,0,0,2,0,1,0,357,32832,0,32,0.0,0.0,0.0,0.0,0.0,0.0,0.0,0.0
443,50548,6,0.0,18.0,0.0,0.0,0.0,0.0,6.0,6.0,6.0,0.0,25574.25,51874.649,103544.0,1.0,103658.0,103658.0,0.0,103658.0,103658.0,4.0,2.0,1.414,3.0,1.0,0,0,0,0,0.0,6.0,0,0,0,0,1,0,0,0,1.0,3.6,0.0,6.0,0,0,0,0,0,0,2,0,3,18,123,0,0,32,0.0,0.0,0.0,0.0,0.0,0.0,0.0,0.0
443,55187,6,6.0,6.0,6.0,6.0,6.0,0.0,6.0,6.0,6.0,0.0,31.0,0.0,31.0,31.0,0.0,0.0,0.0,0.0,0.0,0.0,0.0,0.0,0.0,0.0,0,0,0,0,6.0,6.0,0,0,0,0,1,1,0,0,1.0,9.0,6.0,6.0,0,0,0,0,0,0,1,6,1,6,237,254,0,20,0.0,0.0,0.0,0.0,0.0,0.0,0.0,0.0
46441,443,6,12.0,0.0,6.0,6.0,6.0,0.0,0.0,0.0,0.0,0.0,1.0,0.0,1.0,1.0,1.0,1.0,0.0,1.0,1.0,0.0,0.0,0.0,0.0,0.0,0,0,0,0,6.0,6.0,1,0,0,0,0,0,0,0,0.0,9.0,6.0,0.0,0,0,0,0,0,0,2,12,0,0,0,-1,1,20,0.0,0.0,0.0,0.0,0.0,0.0,0.0,0.0
443,55995,6,31.0,6.0,31.0,0.0,15.5,21.9203,6.0,6.0,6.0,0.0,119.5,33.534,197.0,92.0,239.0,239.0,0.0,239.0,239.0,0.0,0.0,0.0,0.0,0.0,1,0,0,0,0.0,31.0,0,1,0,0,1,0,0,0,0.0,22.6667,15.5,6.0,0,0,0,0,0,0,2,31,1,6,1306,0,0,32,0.0,0.0,0.0,0.0,0.0,0.0,0.0,0.0
53389,80,6,432.0,1112.0,426.0,0.0,144.0,244.2376,850.0,2.0,228.0,461.0096,11113.83,16555.631,22561.0,4.0,22249.0,11124.5,21797.82,22486.0,65.0,25773.0,8993.0,13624.264,25060.0,4.0,0,0,0,0,0.0,850.0,0,0,0,1,0,0,0,0,1.0,187.8,144.0,228.0,0,0,0,0,0,0,3,432,4,1112,8192,16384,2,20,0.0,0.0,0.0,0.0,0.0,0.0,0.0,0.0
52523,53,17,68.0,182.0,34.0,34.0,34.0,0.0,91.0,91.0,91.0,0.0,91.33,150.739,267.0,1.0,1.0,1.0,0.0,1.0,1.0,2.0,2.0,0.0,2.0,2.0,0,0,0,0,34.0,91.0,0,0,0,0,0,0,0,0,1.0,71.0,34.0,91.0,0,0,0,0,0,0,2,68,2,182,-1,-1,1,32,0.0,0.0,0.0,0.0,0.0,0.0,0.0,0.0
80,52849,6,0.0,0.0,0.0,0.0,0.0,0.0,0.0,0.0,0.0,0.0,54.0,0.0,54.0,54.0,0.0,0.0,0.0,0.0,0.0,0.0,0.0,0.0,0.0,0.0,0,0,0,0,0.0,0.0,0,0,0,0,1,1,0,0,1.0,0.0,0.0,0.0,0,0,0,0,0,0,1,0,1,0,905,229,0,32,0.0,0.0,0.0,0.0,0.0,0.0,0.0,0.0
58407,443,6,53.0,0.0,53.0,0.0,6.625,11.7383,0.0,0.0,0.0,0.0,4773205.75,5063338.772,10000509.0,3.0,119221437.0,9879621.06,2812072.312,10030483.0,3.0,119028864.0,10707611.6,74158.779,10032995.0,10000049.0,0,0,0,0,0.0,53.0,0,0,0,0,1,0,0,0,0.0,3.5821,6.625,0.0,0,0,0,0,0,0,16,53,11,0,40485,501,1,32,962.9,190.451,23.0,303.0,9910861.9,178.143,10000503.0,9999578.0
56202,443,6,12.0,0.0,6.0,6.0,6.0,0.0,0.0,0.0,0.0,0.0,46.0,0.0,46.0,46.0,46.0,46.0,0.0,46.0,46.0,0.0,0.0,0.0,0.0,0.0,0,0,0,0,6.0,6.0,1,0,0,0,0,0,0,0,0.0,9.0,6.0,0.0,0,0,0,0,0,0,2,12,0,0,0,-1,1,20,0.0,0.0,0.0,0.0,0.0,0.0,0.0,0.0
60321,53,17,44.0,239.0,44.0,44.0,44.0,0.0,239.0,239.0,239.0,0.0,122113.0,0.0,122113.0,122113.0,0.0,0.0,0.0,0.0,0.0,0.0,0.0,0.0,0.0,0.0,0,0,0,0,44.0,239.0,0,0,0,0,0,0,0,0,1.0,163.5,44.0,239.0,0,0,0,0,0,0,1,44,1,239,-1,-1,0,32,0.0,0.0,0.0,0.0,0.0,0.0,0.0,0.0
50624,443,6,1284.0,203176.0,403.0,0.0,12.1556,37.4012,4344.0,0.0,1818.3833,980.6583,151794.05,2345159.65,10000498.0,1.0,115032491.0,468298.48,3453961.145,10030502.0,1.0,110919965.0,142499.03,2841141.22,10030383.0,1.0,0,0,0,0,0.0,4344.0,0,0,0,1,0,0,0,0,2.0,1016.3969,12.1556,1818.3833,0,0,0,0,0,0,114,1284,117,203176,29200,1039,5,32,47601.72,162438.033,711414.0,36287.0,9637319.27,1332371.5,10000498.0,5030573.0
61809,53,17,51.0,67.0,51.0,51.0,51.0,0.0,67.0,67.0,67.0,0.0,30647.0,0.0,30647.0,30647.0,0.0,0.0,0.0,0.0,0.0,0.0,0.0,0.0,0.0,0.0,0,0,0,0,51.0,67.0,0,0,0,0,0,0,0,0,1.0,84.5,51.0,67.0,0,0,0,0,0,0,1,51,1,67,-1,-1,0,20,0.0,0.0,0.0,0.0,0.0,0.0,0.0,0.0
60920,53,17,49.0,113.0,49.0,49.0,49.0,0.0,113.0,113.0,113.0,0.0,537.0,0.0,537.0,537.0,0.0,0.0,0.0,0.0,0.0,0.0,0.0,0.0,0.0,0.0,0,0,0,0,49.0,113.0,0,0,0,0,0,0,0,0,1.0,105.5,49.0,113.0,0,0,0,0,0,0,1,49,1,113,-1,-1,0,32,0.0,0.0,0.0,0.0,0.0,0.0,0.0,0.0
58740,443,6,0.0,0.0,0.0,0.0,0.0,0.0,0.0,0.0,0.0,0.0,329.5,542.531,1660.0,3.0,1758.0,879.0,772.598,1660.0,3.0,0.0,0.0,0.0,0.0,0.0,0,0,0,0,0.0,0.0,0,0,0,0,1,0,0,0,0.0,0.0,0.0,0.0,0,0,0,0,0,0,3,0,0,0,349,-1,0,32,0.0,0.0,0.0,0.0,0.0,0.0,0.0,0.0
53232,443,6,380.0,4414.0,193.0,0.0,48.1111,75.1347,1718.0,0.0,882.8,839.3898,470542.0,1581116.932,5791060.0,3.0,5905000.0,810710.5,2027889.784,5791060.0,3.0,64757.0,8776.75,19662.398,33174.0,50.0,0,0,0,0,0.0,1718.0,0,0,0,1,0,0,0,0,0.0,359.3333,48.1111,882.8,0,0,0,0,0,0,9,380,5,4414,8192,119,7,20,146216.0,0.0,146216.0,146216.0,5791069.0,0.0,5791069.0,5791069.0
52841,443,6,1876.0,12112.0,1341.0,0.0,77.3435,274.1752,1413.0,0.0,799.7692,688.6629,3431164.6,13692162.445,58896335.0,1.0,118329930.0,7848442.81,19835839.957,58896332.0,1.0,119216060.0,6975008.69,19474655.014,58839332.0,1.0,0,0,0,0,0.0,1413.0,0,0,0,1,0,0,0,0,0.0,433.6029,77.3435,799.7692,0,0,0,0,0,0,23,1876,23,12112,29200,370,17,32,246496.5,104614.056,487601.0,99054.0,58422002.0,325071.124,58896339.0,58106172.0
60647,53,17,51.0,132.0,51.0,51.0,51.0,0.0,132.0,132.0,132.0,0.0,60909.0,0.0,60909.0,60909.0,0.0,0.0,0.0,0.0,0.0,0.0,0.0,0.0,0.0,0.0,0,0,0,0,51.0,132.0,0,0,0,0,0,0,0,0,1.0,117.0,51.0,132.0,0,0,0,0,0,0,1,51,1,132,-1,-1,0,32,0.0,0.0,0.0,0.0,0.0,0.0,0.0,0.0
60876,53,17,65.0,142.0,65.0,65.0,65.0,0.0,142.0,142.0,142.0,0.0,123369.0,0.0,123369.0,123369.0,0.0,0.0,0.0,0.0,0.0,0.0,0.0,0.0,0.0,0.0,0,0,0,0,65.0,142.0,0,0,0,0,0,0,0,0,1.0,136.0,65.0,142.0,0,0,0,0,0,0,1,65,1,142,-1,-1,0,20,0.0,0.0,0.0,0.0,0.0,0.0,0.0,0.0
42576,53,17,98.0,510.0,49.0,49.0,49.0,0.0,255.0,255.0,255.0,0.0,20425.0,35333.554,61275.0,3.0,4.0,4.0,0.0,4.0,4.0,3.0,3.0,0.0,3.0,3.0,0,0,0,0,49.0,255.0,0,0,0,0,0,0,0,0,1.0,169.25,49.0,255.0,0,0,0,0,0,0,2,98,2,510,-1,-1,1,20,0.0,0.0,0.0,0.0,0.0,0.0,0.0,0.0
53904,22,6,6.0,6.0,6.0,6.0,6.0,0.0,6.0,6.0,6.0,0.0,160.0,0.0,160.0,160.0,0.0,0.0,0.0,0.0,0.0,0.0,0.0,0.0,0.0,0.0,0,0,0,0,6.0,6.0,0,0,0,0,1,1,0,0,1.0,9.0,6.0,6.0,0,0,0,0,0,0,1,6,1,6,250,245,0,20,0.0,0.0,0.0,0.0,0.0,0.0,0.0,0.0
52682,443,6,135.0,46.0,46.0,6.0,27.0,20.1246,46.0,46.0,46.0,0.0,1123190.2,2449441.125,5529514.0,3.0,5625840.0,1412310.0,2706415.016,5529514.0,3.0,0.0,0.0,0.0,0.0,0.0,1,0,0,0,6.0,46.0,0,1,0,0,1,0,0,0,0.0,37.8333,27.0,46.0,0,0,0,0,0,0,5,135,1,46,258,360,4,20,88673.0,0.0,88673.0,88673.0,5529555.0,0.0,5529555.0,5529555.0
58044,53,17,60.0,264.0,30.0,30.0,30.0,0.0,132.0,132.0,132.0,0.0,8162.66,14094.147,24481.0,3.0,4.0,4.0,0.0,4.0,4.0,3.0,3.0,0.0,3.0,3.0,0,0,0,0,30.0,132.0,0,0,0,0,0,0,0,0,1.0,88.5,30.0,132.0,0,0,0,0,0,0,2,60,2,264,-1,-1,1,20,0.0,0.0,0.0,0.0,0.0,0.0,0.0,0.0
53117,443,6,37.0,0.0,37.0,0.0,18.5,26.163,0.0,0.0,0.0,0.0,12.0,0.0,12.0,12.0,12.0,12.0,0.0,12.0,12.0,0.0,0.0,0.0,0.0,0.0,1,0,0,0,0.0,37.0,0,1,0,0,1,0,0,0,0.0,37.0,18.5,0.0,0,0,0,0,0,0,2,37,0,0,65535,-1,0,32,0.0,0.0,0.0,0.0,0.0,0.0,0.0,0.0
59962,53,17,94.0,230.0,47.0,47.0,47.0,0.0,115.0,115.0,115.0,0.0,25705.33,44481.421,77105.0,4.0,4.0,4.0,0.0,4.0,4.0,4.0,4.0,0.0,4.0,4.0,0,0,0,0,47.0,115.0,0,0,0,0,0,0,0,0,1.0,92.75,47.0,115.0,0,0,0,0,0,0,2,94,2,230,-1,-1,1,32,0.0,0.0,0.0,0.0,0.0,0.0,0.0,0.0
443,55443,6,37.0,0.0,31.0,6.0,18.5,17.6777,0.0,0.0,0.0,0.0,3.0,0.0,3.0,3.0,3.0,3.0,0.0,3.0,3.0,0.0,0.0,0.0,0.0,0.0,1,0,0,0,6.0,31.0,0,1,0,0,1,0,0,0,0.0,34.0,18.5,0.0,0,0,0,0,0,0,2,37,0,0,110,-1,1,20,0.0,0.0,0.0,0.0,0.0,0.0,0.0,0.0
31687,53,17,60.0,214.0,30.0,30.0,30.0,0.0,107.0,107.0,107.0,0.0,20291.33,35008.698,60828.0,3.0,3.0,3.0,0.0,3.0,3.0,3.0,3.0,0.0,3.0,3.0,0,0,0,0,30.0,107.0,0,0,0,0,0,0,0,0,1.0,76.0,30.0,107.0,0,0,0,0,0,0,2,60,2,214,-1,-1,1,20,0.0,0.0,0.0,0.0,0.0,0.0,0.0,0.0
39978,53,17,94.0,820.0,47.0,47.0,47.0,0.0,410.0,410.0,410.0,0.0,16870.0,29718.421,50605.0,3.0,3.0,3.0,0.0,3.0,3.0,4.0,4.0,0.0,4.0,4.0,0,0,0,0,47.0,410.0,0,0,0,0,0,0,0,0,1.0,230.25,47.0,410.0,0,0,0,0,0,0,2,94,2,820,-1,-1,1,20,0.0,0.0,0.0,0.0,0.0,0.0,0.0,0.0
2913,443,6,970.0,13028.0,421.0,0.0,69.7692,131.9109,1975.0,0.0,1031.6,772.7095,6433.73,13508.376,40725.0,1.0,134131.0,15039.63,14260.741,40869.0,1.0,136987.0,2116.88,15800.384,40999.0,1.0,0,0,0,0,0.0,1975.0,0,0,0,1,0,0,0,0,0.0,471.8917,69.7692,1031.6,0,0,0,0,0,0,13,970,15,13028,65535,972,6,32,0.0,0.0,0.0,0.0,0.0,0.0,0.0,0.0
61864,53,17,50.0,110.0,50.0,50.0,50.0,0.0,110.0,110.0,110.0,0.0,30620.0,0.0,30620.0,30620.0,0.0,0.0,0.0,0.0,0.0,0.0,0.0,0.0,0.0,0.0,0,0,0,0,50.0,110.0,0,0,0,0,0,0,0,0,1.0,105.0,50.0,110.0,0,0,0,0,0,0,1,50,1,110,-1,-1,0,32,0.0,0.0,0.0,0.0,0.0,0.0,0.0,0.0
54620,53,17,62.0,254.0,31.0,31.0,31.0,0.0,127.0,127.0,127.0,0.0,20849.66,36094.816,62441.0,3.0,3.0,3.0,0.0,3.0,3.0,4.0,4.0,0.0,4.0,4.0,0,0,0,0,31.0,127.0,0,0,0,0,0,0,0,0,1.0,86.75,31.0,127.0,0,0,0,0,0,0,2,62,2,254,-1,-1,1,32,0.0,0.0,0.0,0.0,0.0,0.0,0.0,0.0
58956,443,6,12.0,0.0,6.0,6.0,6.0,0.0,0.0,0.0,0.0,0.0,170.0,0.0,170.0,170.0,170.0,170.0,0.0,170.0,170.0,0.0,0.0,0.0,0.0,0.0,0,0,0,0,6.0,6.0,0,0,0,0,1,0,0,0,0.0,9.0,6.0,0.0,0,0,0,0,0,0,2,12,0,0,254,-1,1,20,0.0,0.0,0.0,0.0,0.0,0.0,0.0,0.0
64230,53,17,90.0,122.0,45.0,45.0,45.0,0.0,61.0,61.0,61.0,0.0,44.33,72.695,126.0,3.0,3.0,3.0,0.0,3.0,3.0,3.0,3.0,0.0,3.0,3.0,0,0,0,0,45.0,61.0,0,0,0,0,0,0,0,0,1.0,64.25,45.0,61.0,0,0,0,0,0,0,2,90,2,122,-1,-1,1,20,0.0,0.0,0.0,0.0,0.0,0.0,0.0,0.0
52359,53,17,82.0,238.0,41.0,41.0,41.0,0.0,119.0,119.0,119.0,0.0,10407.33,18061.428,31212.0,1.0,1.0,1.0,0.0,1.0,1.0,3.0,3.0,0.0,3.0,3.0,0,0,0,0,41.0,119.0,0,0,0,0,0,0,0,0,1.0,90.25,41.0,119.0,0,0,0,0,0,0,2,82,2,238,-1,-1,1,20,0.0,0.0,0.0,0.0,0.0,0.0,0.0,0.0
58609,53,17,66.0,198.0,33.0,33.0,33.0,0.0,99.0,99.0,99.0,0.0,53.66,98.72,154.0,3.0,3.0,3.0,0.0,3.0,3.0,4.0,4.0,0.0,4.0,4.0,0,0,0,0,33.0,99.0,0,0,0,0,0,0,0,0,1.0,74.25,33.0,99.0,0,0,0,0,0,0,2,66,2,198,-1,-1,1,20,0.0,0.0,0.0,0.0,0.0,0.0,0.0,0.0
40589,443,6,716.0,5543.0,342.0,0.0,29.0,80.4972,1448.0,0.0,287.5714,510.0505,2805063.84,4583078.534,10220921.0,3.0,115554064.0,5255922.95,5180244.016,10240021.0,4.0,112691018.0,5638629.4,5229529.522,10240201.0,3293.0,0,0,0,0,0.0,1448.0,0,0,0,1,0,0,0,0,0.0,144.8798,29.0,287.5714,0,0,0,0,0,0,25,716,21,5543,29200,22,4,32,35034.54,46312.29,144496.0,28887.0,10194601.36,68447.992,10220920.0,10007076.0
54390,80,6,12.0,0.0,6.0,0.0,4.0,3.4641,0.0,0.0,0.0,0.0,1831273.66,3119945.795,5445043.0,174.0,5578620.0,2789310.0,3893899.978,5445043.0,23202.0,0.0,0.0,0.0,0.0,0.0,0,0,0,0,0.0,6.0,0,0,0,1,0,0,0,0,0.0,3.0,4.0,0.0,0,0,0,0,0,0,3,12,1,0,8192,65535,2,20,0.0,0.0,0.0,0.0,0.0,0.0,0.0,0.0
443,57057,6,12.0,0.0,6.0,6.0,6.0,0.0,0.0,0.0,0.0,0.0,211.0,0.0,211.0,211.0,211.0,211.0,0.0,211.0,211.0,0.0,0.0,0.0,0.0,0.0,0,0,0,0,6.0,6.0,0,0,0,0,1,0,0,0,0.0,9.0,6.0,0.0,0,0,0,0,0,0,2,12,0,0,32,-1,1,20,0.0,0.0,0.0,0.0,0.0,0.0,0.0,0.0
56452,53,17,60.0,264.0,30.0,30.0,30.0,0.0,132.0,132.0,132.0,0.0,70.0,70.71,158.0,3.0,3.0,3.0,0.0,3.0,3.0,48.0,48.0,0.0,48.0,48.0,0,0,0,0,30.0,132.0,0,0,0,0,0,0,0,0,1.0,88.5,30.0,132.0,0,0,0,0,0,0,2,60,2,264,-1,-1,1,20,0.0,0.0,0.0,0.0,0.0,0.0,0.0,0.0
62422,80,6,892.0,1075.0,792.0,0.0,248.4,395.1543,1073.0,0.0,455.0,593.4497,8145.83,11713.268,23325.0,6.0,54641.0,12720.25,13892.162,25169.0,2079.0,27364.0,12634.0,14597.552,24524.0,54.0,0,0,0,0,0.0,1072.0,0,0,0,1,0,0,0,0,0.0,374.75,248.4,455.0,0,0,0,0,0,0,5,892,3,1075,65535,238,4,32,0.0,0.0,0.0,0.0,0.0,0.0,0.0,0.0
443,53981,6,6.0,6.0,6.0,6.0,6.0,0.0,6.0,6.0,6.0,0.0,25.0,0.0,25.0,25.0,0.0,0.0,0.0,0.0,0.0,0.0,0.0,0.0,0.0,0.0,0,0,0,0,6.0,6.0,0,0,0,0,1,1,0,0,1.0,9.0,6.0,6.0,0,0,0,0,0,0,1,6,1,6,122,252,0,20,0.0,0.0,0.0,0.0,0.0,0.0,0.0,0.0
41626,80,6,477.0,1872.0,435.0,0.0,47.1176,134.1465,1860.0,0.0,211.7143,625.5813,3303446.61,4700851.86,10012296.0,4.0,81050107.0,6420621.2,5001074.113,10047981.0,39861.0,91010234.0,6558697.15,4929243.312,10043967.0,111.0,0,0,0,0,0.0,1860.0,0,0,0,1,0,0,0,0,1.0,137.3758,47.1176,211.7143,0,0,0,0,0,0,17,477,14,1872,29200,939,16,20,53767.8,10960.488,81127.0,22933.0,10019702.6,7799.665,10012293.0,10025727.0
443,58022,6,0.0,0.0,0.0,0.0,0.0,0.0,0.0,0.0,0.0,0.0,90.0,0.0,90.0,90.0,0.0,0.0,0.0,0.0,0.0,0.0,0.0,0.0,0.0,0.0,0,0,0,0,0.0,0.0,0,0,0,0,1,0,0,0,1.0,0.0,0.0,0.0,0,0,0,0,0,0,1,0,1,0,357,32832,0,32,0.0,0.0,0.0,0.0,0.0,0.0,0.0,0.0
61195,443,6,704.0,1327.0,453.0,0.0,70.4,142.9399,1189.0,0.0,265.4,519.7546,20248.71,36117.037,87353.0,49.0,280376.0,32595.66,43372.326,89548.0,49.0,180584.0,45248.0,49917.021,87691.0,384.0,0,0,0,0,0.0,1189.0,0,0,0,1,0,0,0,0,0.0,135.4,70.4,265.4,0,0,0,0,0,0,10,704,5,1327,65535,114,5,32,0.0,0.0,0.0,0.0,0.0,0.0,0.0,0.0
443,50402,6,6.0,6.0,6.0,6.0,6.0,0.0,6.0,6.0,6.0,0.0,26.0,0.0,26.0,26.0,0.0,0.0,0.0,0.0,0.0,0.0,0.0,0.0,0.0,0.0,0,0,0,0,6.0,6.0,0,0,0,0,1,1,0,0,1.0,9.0,6.0,6.0,0,0,0,0,0,0,1,6,1,6,113,256,0,20,0.0,0.0,0.0,0.0,0.0,0.0,0.0,0.0
443,53243,6,0.0,0.0,0.0,0.0,0.0,0.0,0.0,0.0,0.0,0.0,3.0,0.0,3.0,3.0,3.0,3.0,0.0,3.0,3.0,0.0,0.0,0.0,0.0,0.0,0,0,0,0,0.0,0.0,0,0,0,0,1,0,0,0,0.0,0.0,0.0,0.0,0,0,0,0,0,0,2,0,0,0,382,-1,0,32,0.0,0.0,0.0,0.0,0.0,0.0,0.0,0.0
53541,53,17,82.0,198.0,41.0,41.0,41.0,0.0,99.0,99.0,99.0,0.0,20405.66,35465.449,61117.0,3.0,47.0,47.0,0.0,47.0,47.0,3.0,3.0,0.0,3.0,3.0,0,0,0,0,41.0,99.0,0,0,0,0,0,0,0,0,1.0,70.25,41.0,99.0,0,0,0,0,0,0,2,82,2,198,-1,-1,1,32,0.0,0.0,0.0,0.0,0.0,0.0,0.0,0.0
443,38764,6,0.0,0.0,0.0,0.0,0.0,0.0,0.0,0.0,0.0,0.0,53.0,0.0,53.0,53.0,0.0,0.0,0.0,0.0,0.0,0.0,0.0,0.0,0.0,0.0,0,0,0,0,0.0,0.0,0,0,0,0,1,0,0,0,1.0,0.0,0.0,0.0,0,0,0,0,0,0,1,0,1,0,362,32832,0,32,0.0,0.0,0.0,0.0,0.0,0.0,0.0,0.0
60466,53,17,44.0,204.0,44.0,44.0,44.0,0.0,204.0,204.0,204.0,0.0,30425.0,0.0,30425.0,30425.0,0.0,0.0,0.0,0.0,0.0,0.0,0.0,0.0,0.0,0.0,0,0,0,0,44.0,204.0,0,0,0,0,0,0,0,0,1.0,146.0,44.0,204.0,0,0,0,0,0,0,1,44,1,204,-1,-1,0,32,0.0,0.0,0.0,0.0,0.0,0.0,0.0,0.0
38858,53,17,66.0,140.0,33.0,33.0,33.0,0.0,70.0,70.0,70.0,0.0,58.0,92.276,168.0,3.0,3.0,3.0,0.0,3.0,3.0,4.0,4.0,0.0,4.0,4.0,0,0,0,0,33.0,70.0,0,0,0,0,0,0,0,0,1.0,59.75,33.0,70.0,0,0,0,0,0,0,2,66,2,140,-1,-1,1,32,0.0,0.0,0.0,0.0,0.0,0.0,0.0,0.0
37000,53,17,72.0,230.0,36.0,36.0,36.0,0.0,115.0,115.0,115.0,0.0,67820.33,113625.433,193454.0,3.0,3.0,3.0,0.0,3.0,3.0,4.0,4.0,0.0,4.0,4.0,0,0,0,0,36.0,115.0,0,0,0,0,0,0,0,0,1.0,84.5,36.0,115.0,0,0,0,0,0,0,2,72,2,230,-1,-1,1,32,0.0,0.0,0.0,0.0,0.0,0.0,0.0,0.0
52174,53,17,176.0,662.0,44.0,44.0,44.0,0.0,331.0,331.0,331.0,0.0,24541.4,38380.007,81748.0,3.0,30863.0,10254.0,17854.768,30866.0,3.0,48.0,48.0,0.0,48.0,48.0,0,0,0,0,44.0,331.0,0,0,0,0,0,0,0,0,0.0,147.0,44.0,331.0,0,0,0,0,0,0,4,176,2,662,-1,-1,3,20,0.0,0.0,0.0,0.0,0.0,0.0,0.0,0.0
50503,53,17,66.0,130.0,33.0,33.0,33.0,0.0,65.0,65.0,65.0,0.0,18111.0,31171.932,53327.0,3.0,3.0,3.0,0.0,3.0,3.0,47.0,47.0,0.0,47.0,47.0,0,0,0,0,33.0,65.0,0,0,0,0,0,0,0,0,1.0,57.25,33.0,65.0,0,0,0,0,0,0,2,66,2,130,-1,-1,1,32,0.0,0.0,0.0,0.0,0.0,0.0,0.0,0.0
61087,53,17,45.0,149.0,45.0,45.0,45.0,0.0,149.0,149.0,149.0,0.0,64689.0,0.0,64689.0,64689.0,0.0,0.0,0.0,0.0,0.0,0.0,0.0,0.0,0.0,0.0,0,0,0,0,45.0,149.0,0,0,0,0,0,0,0,0,1.0,119.5,45.0,149.0,0,0,0,0,0,0,1,45,1,149,-1,-1,0,20,0.0,0.0,0.0,0.0,0.0,0.0,0.0,0.0
62282,53,17,43.0,209.0,43.0,43.0,43.0,0.0,209.0,209.0,209.0,0.0,60692.0,0.0,60692.0,60692.0,0.0,0.0,0.0,0.0,0.0,0.0,0.0,0.0,0.0,0.0,0,0,0,0,43.0,209.0,0,0,0,0,0,0,0,0,1.0,147.5,43.0,209.0,0,0,0,0,0,0,1,43,1,209,-1,-1,0,20,0.0,0.0,0.0,0.0,0.0,0.0,0.0,0.0
443,54573,6,0.0,0.0,0.0,0.0,0.0,0.0,0.0,0.0,0.0,0.0,3.0,0.0,3.0,3.0,3.0,3.0,0.0,3.0,3.0,0.0,0.0,0.0,0.0,0.0,0,0,0,0,0.0,0.0,0,0,0,0,1,0,0,0,0.0,0.0,0.0,0.0,0,0,0,0,0,0,2,0,0,0,357,-1,0,32,0.0,0.0,0.0,0.0,0.0,0.0,0.0,0.0
52624,80,6,986.0,2124.0,982.0,0.0,193.5,442.1563,1314.0,0.0,302.8,633.1682,904668.57,1711971.762,4958586.0,73.0,468361.0,122470.33,133385.01,348046.0,365.0,5153652.0,2255770.5,2340217.842,4958797.0,1069.0,0,0,0,0,0.0,1314.0,0,0,0,1,0,0,0,0,1.0,252.255,193.5,302.8,0,0,0,0,0,0,4,986,5,2124,29200,33,1,32,0.0,0.0,0.0,0.0,0.0,0.0,0.0,0.0
60455,53,17,55.0,342.0,55.0,55.0,55.0,0.0,342.0,342.0,342.0,0.0,91324.0,0.0,91324.0,91324.0,0.0,0.0,0.0,0.0,0.0,0.0,0.0,0.0,0.0,0.0,0,0,0,0,55.0,342.0,0,0,0,0,0,0,0,0,1.0,226.0,55.0,342.0,0,0,0,0,0,0,1,55,1,342,-1,-1,0,20,0.0,0.0,0.0,0.0,0.0,0.0,0.0,0.0
49974,80,6,422.0,2264.0,426.0,0.0,142.0,241.3676,2262.0,0.0,566.5,1133.0,9467.83,14030.134,21599.0,4.0,29625.0,14812.5,20695.065,21616.0,4336.0,33970.0,11970.33,16076.022,21272.0,4.0,0,0,0,0,0.0,2262.0,0,0,0,1,0,0,0,0,1.0,384.4286,142.0,566.5,0,0,0,0,0,0,3,422,4,2264,8192,237,2,20,0.0,0.0,0.0,0.0,0.0,0.0,0.0,0.0
42525,53,17,64.0,96.0,32.0,32.0,32.0,0.0,48.0,48.0,48.0,0.0,101.0,174.63,305.0,48.0,48.0,48.0,0.0,48.0,48.0,48.0,48.0,0.0,48.0,48.0,0,0,0,0,32.0,48.0,0,0,0,0,0,0,0,0,1.0,48.0,32.0,48.0,0,0,0,0,0,0,2,64,2,96,-1,-1,1,20,0.0,0.0,0.0,0.0,0.0,0.0,0.0,0.0
61603,53,17,60.0,103.0,60.0,60.0,60.0,0.0,103.0,103.0,103.0,0.0,30652.0,0.0,30652.0,30652.0,0.0,0.0,0.0,0.0,0.0,0.0,0.0,0.0,0.0,0.0,0,0,0,0,60.0,103.0,0,0,0,0,0,0,0,0,1.0,101.5,60.0,103.0,0,0,0,0,0,0,1,60,1,103,-1,-1,0,20,0.0,0.0,0.0,0.0,0.0,0.0,0.0,0.0
49958,443,6,698.0,3724.0,517.0,0.0,87.25,178.6335,1460.0,0.0,465.5,640.8949,299689.23,1047869.806,4757636.0,3.0,5078558.0,522054.14,1530083.536,4757636.0,3.0,175485.0,34125.0,53177.402,127936.0,48.0,0,0,0,0,0.0,1460.0,0,0,0,1,0,0,0,0,1.0,276.375,87.25,465.5,0,0,0,0,0,0,8,698,8,3724,8192,255,7,20,0.0,0.0,0.0,0.0,0.0,0.0,0.0,0.0
54593,443,6,615.0,164.0,517.0,0.0,88.1429,189.989,152.0,0.0,41.0,74.054,504583.0,1553492.22,4932005.0,3.0,5041585.0,843097.83,2030336.739,5009506.0,3.0,84312.0,28470.66,30947.82,65020.0,311.0,0,0,0,0,0.0,517.0,0,0,0,1,0,0,0,0,0.0,71.0,88.1429,41.0,0,0,0,0,0,0,7,615,4,164,29200,30,6,20,0.0,0.0,0.0,0.0,0.0,0.0,0.0,0.0
33330,80,6,0.0,0.0,0.0,0.0,0.0,0.0,0.0,0.0,0.0,0.0,14.0,0.0,14.0,14.0,0.0,0.0,0.0,0.0,0.0,0.0,0.0,0.0,0.0,0.0,0,0,0,0,0.0,0.0,0,0,0,0,1,1,0,0,1.0,0.0,0.0,0.0,0,0,0,0,0,0,1,0,1,0,237,939,0,32,0.0,0.0,0.0,0.0,0.0,0.0,0.0,0.0
53994,443,6,1221.0,5850.0,621.0,0.0,106.5185,188.446,1460.0,0.0,446.9167,588.5897,211757.16,1038162.327,5009087.0,3.0,5620257.0,303421.08,1577140.437,5009084.0,3.0,408472.0,33889.9,36291.37,158233.0,3.0,0,0,0,0,0.0,1460.0,0,0,0,1,0,0,0,0,0.0,260.2875,106.5185,446.9167,0,0,0,0,0,0,13,1221,12,5850,8192,123,12,20,599986.0,0.0,599986.0,599986.0,5009079.0,0.0,5009079.0,5009079.0
61585,53,17,56.0,110.0,56.0,56.0,56.0,0.0,110.0,110.0,110.0,0.0,31953.0,0.0,31953.0,31953.0,0.0,0.0,0.0,0.0,0.0,0.0,0.0,0.0,0.0,0.0,0,0,0,0,56.0,110.0,0,0,0,0,0,0,0,0,1.0,111.0,56.0,110.0,0,0,0,0,0,0,1,56,1,110,-1,-1,0,40,0.0,0.0,0.0,0.0,0.0,0.0,0.0,0.0
0,0,0,0.0,0.0,0.0,0.0,0.0,0.0,0.0,0.0,0.0,0.0,601125.23,1766921.885,19980918.0,0.0,113717061.0,848317.0,1688277.438,19980958.0,0.0,0.0,0.0,0.0,0.0,0.0,0,0,0,0,0.0,0.0,0,0,0,0,0,0,0,0,0.0,0.0,0.0,0.0,0,0,0,0,0,0,179,0,0,0,-1,-1,0,0,4915807.66,8746154.894,10791915.0,1.0,9308622.5,4145485.738,19980917.0,5380207.0
53372,53,17,68.0,182.0,34.0,34.0,34.0,0.0,91.0,91.0,91.0,0.0,7955.66,13727.5,23860.0,3.0,3.0,3.0,0.0,3.0,3.0,3.0,3.0,0.0,3.0,3.0,0,0,0,0,34.0,91.0,0,0,0,0,0,0,0,0,1.0,71.0,34.0,91.0,0,0,0,0,0,0,2,68,2,182,-1,-1,1,20,0.0,0.0,0.0,0.0,0.0,0.0,0.0,0.0
52057,443,6,12.0,0.0,6.0,6.0,6.0,0.0,0.0,0.0,0.0,0.0,3.0,0.0,3.0,3.0,3.0,3.0,0.0,3.0,3.0,0.0,0.0,0.0,0.0,0.0,0,0,0,0,6.0,6.0,1,0,0,0,0,0,0,0,0.0,9.0,6.0,0.0,0,0,0,0,0,0,2,12,0,0,0,-1,1,20,0.0,0.0,0.0,0.0,0.0,0.0,0.0,0.0
443,58825,6,6.0,6.0,6.0,6.0,6.0,0.0,6.0,6.0,6.0,0.0,68.0,0.0,68.0,68.0,0.0,0.0,0.0,0.0,0.0,0.0,0.0,0.0,0.0,0.0,0,0,0,0,6.0,6.0,0,0,0,0,1,1,0,0,1.0,9.0,6.0,6.0,0,0,0,0,0,0,1,6,1,6,31258,63967,0,20,0.0,0.0,0.0,0.0,0.0,0.0,0.0,0.0
57109,443,6,135.0,46.0,46.0,6.0,27.0,20.1246,46.0,46.0,46.0,0.0,793219.4,1688660.288,3157117.0,4.0,3447645.0,861986.25,1690138.189,3157117.0,4.0,0.0,0.0,0.0,0.0,0.0,1,0,0,0,6.0,46.0,0,1,0,0,1,0,0,0,0.0,37.8333,27.0,46.0,0,0,0,0,0,0,5,135,1,46,255,360,4,20,0.0,0.0,0.0,0.0,0.0,0.0,0.0,0.0
51940,53,17,22.0,170.0,22.0,22.0,22.0,0.0,85.0,85.0,85.0,0.0,83.0,108.457,202.0,1.0,1.0,1.0,0.0,1.0,1.0,48.0,48.0,0.0,48.0,48.0,0,0,0,0,22.0,85.0,0,0,0,0,0,0,0,0,1.0,64.0,22.0,85.0,0,0,0,0,0,0,2,22,2,170,-1,-1,1,32,0.0,0.0,0.0,0.0,0.0,0.0,0.0,0.0
57229,443,6,919.0,35680.0,255.0,0.0,49.0667,62.8847,2920.0,0.0,1205.64,982.5522,107521.75,510577.557,4630566.0,2.0,1170559.0,41464.92,50315.875,604032.0,3.0,6858267.0,253824.66,469595.87,4795261.0,2.0,0,0,0,0,0.0,2920.0,0,0,0,1,0,0,0,0,1.0,673.204,49.0667,1205.64,0,0,0,0,0,0,24,919,35,35680,8192,48,23,20,0.0,0.0,0.0,0.0,0.0,0.0,0.0,0.0
61290,53,17,127.0,339.0,87.0,40.0,63.5,52.0208,176.0,128.0,169.5,49.799,12971330.33,21724724.284,38718581.0,30765.0,38782777.0,38782777.0,0.0,38782777.0,38782777.0,38780842.0,38780242.0,0.0,38780842.0,38780842.0,0,0,0,0,40.0,176.0,0,0,0,0,0,0,0,0,1.0,132.25,63.5,169.5,0,0,0,0,0,0,2,127,2,339,-1,-1,1,20,30472.0,0.0,30472.0,30472.0,34718500.0,0.0,38718500.0,38718500.0
41227,443,6,0.0,6.0,0.0,0.0,0.0,0.0,6.0,6.0,6.0,0.0,342743.0,0.0,442743.0,342743.0,0.0,0.0,0.0,0.0,0.0,0.0,0.0,0.0,0.0,0.0,0,0,0,0,0.0,6.0,0,0,0,1,0,0,0,0,1.0,3.0,0.0,6.0,0,0,0,0,0,0,1,0,1,6,29200,32700,0,40,0.0,0.0,0.0,0.0,0.0,0.0,0.0,0.0
56527,443,6,900.0,3002.0,500.0,0.0,127.0,180.9012,1402.0,0.0,600.4,657.7865,95551.41,267523.777,985553.0,4.0,256949.0,58318.83,79556.459,136368.0,158.0,1187086.0,185944.75,393339.872,995704.0,4.0,0,0,0,0,0.0,1402.0,0,0,0,1,0,0,0,0,0.0,340.0,127.0,600.4,0,0,0,0,0,0,7,900,5,3002,29200,27200,3,32,0.0,0.0,0.0,0.0,0.0,0.0,0.0,0.0
60724,53,17,88.0,244.0,44.0,44.0,44.0,0.0,122.0,122.0,122.0,0.0,63.33,105.255,184.0,3.0,3.0,3.0,0.0,3.0,3.0,3.0,3.0,0.0,3.0,3.0,0,0,0,0,44.0,122.0,0,0,0,0,0,0,0,0,1.0,94.0,44.0,122.0,0,0,0,0,0,0,2,88,2,244,-1,-1,1,32,0.0,0.0,0.0,0.0,0.0,0.0,0.0,0.0
59709,53,17,156.0,230.0,39.0,39.0,39.0,0.0,115.0,115.0,115.0,0.0,12203.4,16476.502,32663.0,4.0,32657.0,10852.33,18408.323,32653.0,4.0,4.0,4.0,0.0,4.0,4.0,0,0,0,0,39.0,115.0,0,0,0,0,0,0,0,0,0.0,65.8333,39.0,115.0,0,0,0,0,0,0,4,156,2,230,-1,-1,3,20,0.0,0.0,0.0,0.0,0.0,0.0,0.0,0.0
52648,22,6,0.0,0.0,0.0,0.0,0.0,0.0,0.0,0.0,0.0,0.0,169.0,0.0,169.0,169.0,0.0,0.0,0.0,0.0,0.0,0.0,0.0,0.0,0.0,0.0,0,0,0,0,0.0,0.0,0,0,0,0,1,1,0,0,1.0,0.0,0.0,0.0,0,0,0,0,0,0,1,0,1,0,290,243,0,32,0.0,0.0,0.0,0.0,0.0,0.0,0.0,0.0
62148,53,17,62.0,78.0,62.0,62.0,62.0,0.0,78.0,78.0,78.0,0.0,31018.0,0.0,31018.0,31018.0,0.0,0.0,0.0,0.0,0.0,0.0,0.0,0.0,0.0,0.0,0,0,0,0,62.0,78.0,0,0,0,0,0,0,0,0,1.0,101.0,62.0,78.0,0,0,0,0,0,0,1,62,1,78,-1,-1,0,20,0.0,0.0,0.0,0.0,0.0,0.0,0.0,0.0
46879,53,17,70.0,102.0,35.0,35.0,35.0,0.0,51.0,51.0,51.0,0.0,59.66,60.543,125.0,3.0,3.0,3.0,0.0,3.0,3.0,48.0,48.0,0.0,48.0,48.0,0,0,0,0,35.0,51.0,0,0,0,0,0,0,0,0,1.0,51.75,35.0,51.0,0,0,0,0,0,0,2,70,2,102,-1,-1,1,20,0.0,0.0,0.0,0.0,0.0,0.0,0.0,0.0
443,58025,6,6.0,6.0,6.0,6.0,6.0,0.0,6.0,6.0,6.0,0.0,27.0,0.0,27.0,27.0,0.0,0.0,0.0,0.0,0.0,0.0,0.0,0.0,0.0,0.0,0,0,0,0,6.0,6.0,0,0,0,0,1,1,0,0,1.0,9.0,6.0,6.0,0,0,0,0,0,0,1,6,1,6,131,16560,0,20,0.0,0.0,0.0,0.0,0.0,0.0,0.0,0.0
61738,443,6,834.0,1199.0,581.0,0.0,113.4,192.6613,1061.0,0.0,239.8,462.9377,14268.57,26089.191,50740.0,1.0,164167.0,18091.66,29981.84,54147.0,91.0,104443.0,26463.25,27977.858,51209.0,1.0,0,0,0,0,0.0,1061.0,0,0,0,1,0,0,0,0,0.0,168.9333,113.4,239.8,0,0,0,0,0,0,10,834,5,1199,65535,349,5,32,0.0,0.0,0.0,0.0,0.0,0.0,0.0,0.0
443,36715,6,31.0,0.0,31.0,0.0,15.5,21.9203,0.0,0.0,0.0,0.0,3.0,0.0,3.0,3.0,3.0,3.0,0.0,3.0,3.0,0.0,0.0,0.0,0.0,0.0,1,0,0,0,0.0,31.0,0,1,0,0,1,0,0,0,0.0,31.0,15.5,0.0,0,0,0,0,0,0,2,31,0,0,939,-1,0,32,0.0,0.0,0.0,0.0,0.0,0.0,0.0,0.0
63292,53,17,148.0,512.0,37.0,37.0,37.0,0.0,226.0,226.0,226.0,0.0,17455.2,26785.282,60235.0,3.0,30734.0,10248.33,17795.643,30737.0,3.0,4.0,4.0,0.0,4.0,4.0,0,0,0,0,37.0,226.0,0,0,0,0,0,0,0,0,0.0,103.1667,37.0,226.0,0,0,0,0,0,0,4,148,2,512,-1,-1,3,20,0.0,0.0,0.0,0.0,0.0,0.0,0.0,0.0
59470,443,6,6.0,6.0,6.0,6.0,6.0,0.0,6.0,6.0,6.0,0.0,50218.0,0.0,50218.0,50218.0,0.0,0.0,0.0,0.0,0.0,0.0,0.0,0.0,0.0,0.0,0,0,0,0,6.0,6.0,0,0,0,0,1,0,0,0,1.0,9.0,6.0,6.0,0,0,0,0,0,0,1,6,1,6,256,8146,0,20,0.0,0.0,0.0,0.0,0.0,0.0,0.0,0.0
58503,53,17,88.0,120.0,44.0,44.0,44.0,0.0,60.0,60.0,60.0,0.0,51.66,83.06,148.0,3.0,3.0,3.0,0.0,3.0,3.0,4.0,4.0,0.0,4.0,4.0,0,0,0,0,44.0,60.0,0,0,0,0,0,0,0,0,1.0,63.0,44.0,60.0,0,0,0,0,0,0,2,88,2,120,-1,-1,1,20,0.0,0.0,0.0,0.0,0.0,0.0,0.0,0.0
50490,53,17,78.0,202.0,39.0,39.0,39.0,0.0,101.0,101.0,101.0,0.0,8011.66,13867.469,24027.0,4.0,4.0,4.0,0.0,4.0,4.0,4.0,4.0,0.0,4.0,4.0,0,0,0,0,39.0,101.0,0,0,0,0,0,0,0,0,1.0,89.75,39.0,101.0,0,0,0,0,0,0,2,78,2,202,-1,-1,1,20,0.0,0.0,0.0,0.0,0.0,0.0,0.0,0.0
55441,53,17,130.0,234.0,65.0,65.0,65.0,0.0,117.0,117.0,117.0,0.0,73.0,87.802,176.0,3.0,43.0,43.0,0.0,43.0,43.0,3.0,3.0,0.0,3.0,3.0,0,0,0,0,65.0,117.0,0,0,0,0,0,0,0,0,1.0,102.25,65.0,117.0,0,0,0,0,0,0,2,130,2,234,-1,-1,1,32,0.0,0.0,0.0,0.0,0.0,0.0,0.0,0.0
59921,443,6,29.0,0.0,29.0,0.0,5.8,12.9692,0.0,0.0,0.0,0.0,69886.0,123411.063,268143.0,1.0,264504.0,78126.0,125371.33,268143.0,1.0,0.0,0.0,0.0,0.0,0.0,0,0,0,0,0.0,29.0,0,0,0,0,1,0,0,0,0.0,5.8,5.8,0.0,0,0,0,0,0,0,5,29,0,0,33061,-1,1,32,0.0,0.0,0.0,0.0,0.0,0.0,0.0,0.0
1204,443,6,614.0,4158.0,192.0,0.0,48.7692,63.4055,1460.0,0.0,342.7778,588.1289,4149893.5,15213484.763,58969798.0,3.0,117293620.0,8670990.57,22275869.617,58969798.0,188.0,117100384.0,8158037.35,21114364.27,59003788.0,3.0,0,0,0,0,0.0,1460.0,0,0,0,1,0,0,0,0,1.0,208.7625,48.7692,342.7778,0,0,0,0,0,0,13,614,18,4158,8192,37,12,20,139142.0,39444.868,137757.0,136715.0,58448576.5,378360.623,58969797.0,58644577.0
443,50890,6,6.0,6.0,6.0,6.0,6.0,0.0,6.0,6.0,6.0,0.0,18.0,0.0,18.0,18.0,0.0,0.0,0.0,0.0,0.0,0.0,0.0,0.0,0.0,0.0,0,0,0,0,6.0,6.0,0,0,0,0,1,0,0,0,1.0,9.0,6.0,6.0,0,0,0,0,0,0,1,6,1,6,32,32850,0,20,0.0,0.0,0.0,0.0,0.0,0.0,0.0,0.0
60443,53,17,46.0,107.0,46.0,46.0,46.0,0.0,107.0,107.0,107.0,0.0,61330.0,0.0,61330.0,61330.0,0.0,0.0,0.0,0.0,0.0,0.0,0.0,0.0,0.0,0.0,0,0,0,0,46.0,107.0,0,0,0,0,0,0,0,0,1.0,99.5,46.0,107.0,0,0,0,0,0,0,1,46,1,107,-1,-1,0,20,0.0,0.0,0.0,0.0,0.0,0.0,0.0,0.0
443,49233,6,37.0,0.0,37.0,0.0,18.5,26.163,0.0,0.0,0.0,0.0,4.0,0.0,4.0,4.0,4.0,4.0,0.0,4.0,4.0,0.0,0.0,0.0,0.0,0.0,1,0,0,0,0.0,37.0,0,1,0,0,1,0,0,0,0.0,37.0,18.5,0.0,0,0,0,0,0,0,2,37,0,0,65,-1,0,32,0.0,0.0,0.0,0.0,0.0,0.0,0.0,0.0
9959,53,17,64.0,196.0,32.0,32.0,32.0,0.0,98.0,98.0,98.0,0.0,72.66,129.015,211.0,1.0,1.0,1.0,0.0,1.0,1.0,1.0,1.0,0.0,1.0,1.0,0,0,0,0,32.0,98.0,0,0,0,0,0,0,0,0,1.0,73.0,32.0,98.0,0,0,0,0,0,0,2,64,2,196,-1,-1,1,20,0.0,0.0,0.0,0.0,0.0,0.0,0.0,0.0
6925,80,6,12.0,0.0,6.0,6.0,6.0,0.0,0.0,0.0,0.0,0.0,41.0,0.0,41.0,41.0,41.0,41.0,0.0,41.0,41.0,0.0,0.0,0.0,0.0,0.0,0,0,0,0,6.0,6.0,0,0,0,0,1,0,0,0,0.0,9.0,6.0,0.0,0,0,0,0,0,0,2,12,0,0,255,-1,1,20,0.0,0.0,0.0,0.0,0.0,0.0,0.0,0.0
61861,53,17,92.0,284.0,46.0,46.0,46.0,0.0,142.0,142.0,142.0,0.0,79.33,131.752,231.0,3.0,3.0,3.0,0.0,3.0,3.0,4.0,4.0,0.0,4.0,4.0,0,0,0,0,46.0,142.0,0,0,0,0,0,0,0,0,1.0,105.5,46.0,142.0,0,0,0,0,0,0,2,92,2,284,-1,-1,1,40,0.0,0.0,0.0,0.0,0.0,0.0,0.0,0.0
80,52849,6,6.0,6.0,6.0,6.0,6.0,0.0,6.0,6.0,6.0,0.0,35.0,0.0,35.0,35.0,0.0,0.0,0.0,0.0,0.0,0.0,0.0,0.0,0.0,0.0,0,0,0,0,6.0,6.0,0,0,0,0,1,1,0,0,1.0,9.0,6.0,6.0,0,0,0,0,0,0,1,6,1,6,913,256,0,20,0.0,0.0,0.0,0.0,0.0,0.0,0.0,0.0
34467,53,17,90.0,172.0,45.0,45.0,45.0,0.0,86.0,86.0,86.0,0.0,67.66,81.406,152.0,16.0,49.0,49.0,0.0,49.0,49.0,48.0,48.0,0.0,48.0,48.0,0,0,0,0,45.0,86.0,0,0,0,0,0,0,0,0,1.0,76.75,45.0,86.0,0,0,0,0,0,0,2,90,2,172,-1,-1,1,32,0.0,0.0,0.0,0.0,0.0,0.0,0.0,0.0
443,59287,6,12.0,0.0,6.0,6.0,6.0,0.0,0.0,0.0,0.0,0.0,230.0,0.0,230.0,230.0,230.0,230.0,0.0,230.0,230.0,0.0,0.0,0.0,0.0,0.0,0,0,0,0,6.0,6.0,0,0,0,0,1,0,0,0,0.0,9.0,6.0,0.0,0,0,0,0,0,0,2,12,0,0,4827,-1,1,20,0.0,0.0,0.0,0.0,0.0,0.0,0.0,0.0
60779,53,17,92.0,284.0,55.0,47.0,46.0,7.0711,112.0,106.0,142.0,9.8967,33048643.33,55852169.385,109161648.0,243636.0,109132914.0,109132914.0,0.0,109132914.0,109132914.0,109161382.0,109161382.0,0.0,109161382.0,109161382.0,0,0,0,0,47.0,112.0,0,0,0,0,0,0,0,0,1.0,99.25,46.0,142.0,0,0,0,0,0,0,2,92,2,284,-1,-1,1,32,46842.0,0.0,46842.0,46842.0,109161661.0,0.0,109161661.0,109161661.0
443,54218,6,43.0,0.0,31.0,6.0,14.3333,14.4338,0.0,0.0,0.0,0.0,2.0,1.414,3.0,1.0,4.0,2.0,1.414,3.0,1.0,0.0,0.0,0.0,0.0,0.0,0,0,0,0,6.0,31.0,0,0,0,0,1,0,0,0,0.0,16.3333,14.3333,0.0,0,0,0,0,0,0,3,43,0,0,946,-1,2,20,0.0,0.0,0.0,0.0,0.0,0.0,0.0,0.0
61337,53,17,51.0,112.0,51.0,51.0,51.0,0.0,112.0,112.0,112.0,0.0,30506.0,0.0,30506.0,30506.0,0.0,0.0,0.0,0.0,0.0,0.0,0.0,0.0,0.0,0.0,0,0,0,0,51.0,112.0,0,0,0,0,0,0,0,0,1.0,107.0,51.0,112.0,0,0,0,0,0,0,1,51,1,112,-1,-1,0,32,0.0,0.0,0.0,0.0,0.0,0.0,0.0,0.0
41202,443,6,803.0,3950.0,267.0,0.0,85.1111,99.3023,2996.0,0.0,369.0909,987.0125,45256.58,64927.098,290068.0,3.0,540387.0,74241.75,88051.438,293078.0,214.0,563588.0,61983.2,75799.73,290324.0,3.0,0,0,0,0,0.0,2996.0,0,0,0,1,0,0,0,0,1.0,244.05,85.1111,369.0909,0,0,0,0,0,0,9,803,11,3950,29200,254,4,32,0.0,0.0,0.0,0.0,0.0,0.0,0.0,0.0
51682,53,17,60.0,168.0,30.0,30.0,30.0,0.0,84.0,84.0,84.0,0.0,25950.66,44077.007,77844.0,3.0,4.0,4.0,0.0,4.0,4.0,3.0,3.0,0.0,3.0,3.0,0,0,0,0,30.0,84.0,0,0,0,0,0,0,0,0,1.0,64.5,30.0,84.0,0,0,0,0,0,0,2,60,2,168,-1,-1,1,32,0.0,0.0,0.0,0.0,0.0,0.0,0.0,0.0
50530,53,17,88.0,250.0,44.0,44.0,44.0,0.0,125.0,125.0,125.0,0.0,63.33,101.891,182.0,3.0,4.0,4.0,0.0,4.0,4.0,3.0,3.0,0.0,3.0,3.0,0,0,0,0,44.0,125.0,0,0,0,0,0,0,0,0,1.0,95.5,44.0,125.0,0,0,0,0,0,0,2,88,2,250,-1,-1,1,32,0.0,0.0,0.0,0.0,0.0,0.0,0.0,0.0
52091,80,6,3210.0,4479.0,445.0,0.0,112.8462,196.9905,746.0,0.0,235.9091,374.9638,2861229.14,4425802.845,10209684.0,43.0,118385020.0,4639553.45,5094631.565,10240017.0,664.0,118281827.0,6353484.71,4834460.341,10240183.0,20489.0,0,0,0,0,0.0,746.0,0,0,0,1,0,0,0,0,0.0,162.2188,112.8462,235.9091,0,0,0,0,0,0,26,3210,17,4479,29200,395,6,32,358902.36,698656.409,2761833.0,21991.0,10183050.81,57345.858,10209689.0,10026380.0
54393,80,6,982.0,524.0,906.0,0.0,97.75,280.0,522.0,0.0,41.4667,159.0119,3971953.83,4885540.034,9999836.0,61.0,110595931.0,7784847.36,4280928.309,10034569.0,836.0,110286806.0,8473171.35,3765412.241,10035746.0,2617.0,0,0,0,0,0.0,906.0,0,0,0,1,0,0,0,0,1.0,64.3667,97.75,41.4667,0,0,0,0,0,0,16,982,15,524,8192,66,15,20,30048.18,11942.164,62421.0,35286.0,9972457.09,36147.757,9999839.0,9942380.0
50818,53,17,72.0,104.0,36.0,36.0,36.0,0.0,52.0,52.0,52.0,0.0,61.66,22.563,83.0,48.0,49.0,49.0,0.0,49.0,49.0,48.0,48.0,0.0,48.0,48.0,0,0,0,0,36.0,52.0,0,0,0,0,0,0,0,0,1.0,53.0,36.0,52.0,0,0,0,0,0,0,2,72,2,104,-1,-1,1,32,0.0,0.0,0.0,0.0,0.0,0.0,0.0,0.0
59585,53,17,82.0,338.0,41.0,41.0,41.0,0.0,169.0,169.0,169.0,0.0,65.33,102.561,189.0,3.0,3.0,3.0,0.0,3.0,3.0,3.0,3.0,0.0,3.0,3.0,0,0,0,0,41.0,169.0,0,0,0,0,0,0,0,0,1.0,115.25,41.0,169.0,0,0,0,0,0,0,2,82,2,338,-1,-1,1,32,0.0,0.0,0.0,0.0,0.0,0.0,0.0,0.0
64856,53,17,64.0,330.0,32.0,32.0,32.0,0.0,165.0,165.0,165.0,0.0,57.33,92.564,165.0,4.0,4.0,4.0,0.0,4.0,4.0,4.0,4.0,0.0,4.0,4.0,0,0,0,0,32.0,165.0,0,0,0,0,0,0,0,0,1.0,106.5,32.0,165.0,0,0,0,0,0,0,2,64,2,330,-1,-1,1,40,0.0,0.0,0.0,0.0,0.0,0.0,0.0,0.0
62545,53,17,58.0,186.0,58.0,58.0,58.0,0.0,186.0,186.0,186.0,0.0,65160.0,0.0,65160.0,65160.0,0.0,0.0,0.0,0.0,0.0,0.0,0.0,0.0,0.0,0.0,0,0,0,0,58.0,186.0,0,0,0,0,0,0,0,0,1.0,151.0,58.0,186.0,0,0,0,0,0,0,1,58,1,186,-1,-1,0,32,0.0,0.0,0.0,0.0,0.0,0.0,0.0,0.0
49480,80,6,0.0,0.0,0.0,0.0,0.0,0.0,0.0,0.0,0.0,0.0,1894212.0,3173350.09,5446783.0,80.0,5583737.0,2791868.5,3805300.032,5446783.0,86735.0,0.0,0.0,0.0,0.0,0.0,0,0,0,0,0.0,0.0,0,0,0,1,0,0,0,0,0.0,0.0,0.0,0.0,0,0,0,0,0,0,3,0,1,0,29200,28960,0,32,0.0,0.0,0.0,0.0,0.0,0.0,0.0,0.0
52568,443,6,1378.0,144107.0,517.0,0.0,24.7035,87.354,4380.0,0.0,1861.0185,685.5545,573.87,2774.293,22645.0,1.0,138204.0,3700.64,11682.831,24033.0,1.0,33896.0,3275.91,5785.306,22880.0,2.0,0,0,0,0,0.0,4380.0,0,0,0,1,0,0,0,0,1.0,1143.0836,24.7035,1861.0185,0,0,0,0,0,0,126,1378,103,144107,65535,127,22,20,0.0,0.0,0.0,0.0,0.0,0.0,0.0,0.0
58580,53,17,130.0,624.0,35.0,35.0,35.0,0.0,151.0,151.0,151.0,0.0,34402.42,73050.044,261415.0,1.0,272416.0,54802.66,144002.766,272419.0,1.0,200121.0,30047.33,100051.584,200187.0,3.0,0,0,0,0,35.0,151.0,0,0,0,0,0,0,0,0,1.0,108.125,35.0,151.0,0,0,0,0,0,0,4,130,4,624,-1,-1,3,20,0.0,0.0,0.0,0.0,0.0,0.0,0.0,0.0
51871,53,17,72.0,534.0,36.0,36.0,36.0,0.0,267.0,267.0,267.0,0.0,87.33,140.033,251.0,3.0,3.0,3.0,0.0,3.0,3.0,3.0,3.0,0.0,3.0,3.0,0,0,0,0,36.0,267.0,0,0,0,0,0,0,0,0,1.0,150.5,36.0,267.0,0,0,0,0,0,0,2,72,2,534,-1,-1,1,32,0.0,0.0,0.0,0.0,0.0,0.0,0.0,0.0
443,56854,6,37.0,6.0,37.0,0.0,18.5,26.163,6.0,6.0,6.0,0.0,35.0,47.876,60.0,5.0,60.0,60.0,0.0,60.0,60.0,0.0,0.0,0.0,0.0,0.0,1,0,0,0,0.0,37.0,0,1,0,0,1,0,0,0,0.0,26.6667,18.5,6.0,0,0,0,0,0,0,2,37,1,6,118,0,0,32,0.0,0.0,0.0,0.0,0.0,0.0,0.0,0.0
52053,443,6,974.0,7387.0,469.0,0.0,64.9333,134.266,1581.0,0.0,671.5455,745.9321,13871.68,25549.22,96552.0,1.0,320368.0,20025.28,34959.418,128748.0,1.0,272404.0,27922.7,40582.043,146071.0,1.0,0,0,0,0,0.0,1581.0,0,0,0,1,0,0,0,0,0.0,321.5769,64.9333,671.5455,0,0,0,0,0,0,15,974,11,7387,65535,357,6,32,0.0,0.0,0.0,0.0,0.0,0.0,0.0,0.0
60734,443,6,1652.0,793.0,1368.0,0.0,150.0,405.4077,665.0,0.0,136.5,258.7207,10013.35,14854.115,39728.0,4.0,144441.0,15000.3,21886.644,59882.0,4.0,120873.0,20198.5,17663.312,31420.0,242.0,0,0,0,0,0.0,1368.0,0,0,0,1,0,0,0,0,0.0,156.8,150.0,136.5,0,0,0,0,0,0,11,1652,8,793,65535,362,6,32,0.0,0.0,0.0,0.0,0.0,0.0,0.0,0.0
18518,53,17,70.0,174.0,35.0,35.0,35.0,0.0,87.0,87.0,87.0,0.0,75.66,84.298,171.0,3.0,3.0,3.0,0.0,3.0,3.0,47.0,47.0,0.0,47.0,47.0,0,0,0,0,35.0,87.0,0,0,0,0,0,0,0,0,1.0,69.75,35.0,87.0,0,0,0,0,0,0,2,70,2,174,-1,-1,1,40,0.0,0.0,0.0,0.0,0.0,0.0,0.0,0.0
443,55044,6,12.0,0.0,6.0,6.0,6.0,0.0,0.0,0.0,0.0,0.0,699206.0,0.0,699206.0,699206.0,699206.0,699206.0,0.0,699206.0,699206.0,0.0,0.0,0.0,0.0,0.0,0,0,0,0,6.0,6.0,0,0,0,0,1,0,0,0,0.0,9.0,6.0,0.0,0,0,0,0,0,0,2,12,0,0,5758,-1,1,20,0.0,0.0,0.0,0.0,0.0,0.0,0.0,0.0
443,55813,6,0.0,0.0,0.0,0.0,0.0,0.0,0.0,0.0,0.0,0.0,66.0,0.0,66.0,66.0,0.0,0.0,0.0,0.0,0.0,0.0,0.0,0.0,0.0,0.0,0,0,0,0,0.0,0.0,0,0,0,0,1,0,0,0,1.0,0.0,0.0,0.0,0,0,0,0,0,0,1,0,1,0,357,32832,0,32,0.0,0.0,0.0,0.0,0.0,0.0,0.0,0.0
80,50476,6,0.0,0.0,0.0,0.0,0.0,0.0,0.0,0.0,0.0,0.0,21.0,0.0,21.0,21.0,0.0,0.0,0.0,0.0,0.0,0.0,0.0,0.0,0.0,0.0,0,0,0,0,0.0,0.0,0,0,0,0,1,1,0,0,1.0,0.0,0.0,0.0,0,0,0,0,0,0,1,0,1,0,971,237,0,32,0.0,0.0,0.0,0.0,0.0,0.0,0.0,0.0
61927,53,17,71.0,257.0,71.0,71.0,71.0,0.0,257.0,257.0,257.0,0.0,112009.0,0.0,112009.0,112009.0,0.0,0.0,0.0,0.0,0.0,0.0,0.0,0.0,0.0,0.0,0,0,0,0,71.0,257.0,0,0,0,0,0,0,0,0,1.0,189.5,71.0,257.0,0,0,0,0,0,0,1,71,1,257,-1,-1,0,20,0.0,0.0,0.0,0.0,0.0,0.0,0.0,0.0
50626,443,6,1435.0,4050.0,541.0,0.0,149.0,219.5644,1646.0,2.0,560.0,712.9283,93466.0,260490.957,973235.0,1.0,1194721.0,172188.12,260376.017,978275.0,598.0,1099306.0,176773.57,255636.96,994455.0,1.0,0,0,0,0,0.0,1646.0,0,0,0,1,0,0,0,0,1.0,331.0947,149.0,560.0,0,0,0,0,0,0,9,1435,10,4050,8192,26231,8,20,0.0,0.0,0.0,0.0,0.0,0.0,0.0,0.0
443,47602,6,0.0,0.0,0.0,0.0,0.0,0.0,0.0,0.0,0.0,0.0,50.0,0.0,50.0,50.0,0.0,0.0,0.0,0.0,0.0,0.0,0.0,0.0,0.0,0.0,0,0,0,0,0.0,0.0,0,0,0,0,1,1,0,0,1.0,0.0,0.0,0.0,0,0,0,0,0,0,1,0,1,0,8192,227,0,32,0.0,0.0,0.0,0.0,0.0,0.0,0.0,0.0
443,58652,6,0.0,0.0,0.0,0.0,0.0,0.0,0.0,0.0,0.0,0.0,56.0,0.0,56.0,56.0,0.0,0.0,0.0,0.0,0.0,0.0,0.0,0.0,0.0,0.0,0,0,0,0,0.0,0.0,0,0,0,0,1,1,0,0,1.0,0.0,0.0,0.0,0,0,0,0,0,0,1,0,1,0,362,32832,0,32,0.0,0.0,0.0,0.0,0.0,0.0,0.0,0.0
61896,53,17,42.0,58.0,42.0,42.0,42.0,0.0,58.0,58.0,58.0,0.0,31455.0,0.0,31455.0,31455.0,0.0,0.0,0.0,0.0,0.0,0.0,0.0,0.0,0.0,0.0,0,0,0,0,42.0,58.0,0,0,0,0,0,0,0,0,1.0,71.0,42.0,58.0,0,0,0,0,0,0,1,42,1,58,-1,-1,0,32,0.0,0.0,0.0,0.0,0.0,0.0,0.0,0.0
54226,443,6,615.0,164.0,517.0,0.0,88.1429,189.989,152.0,0.0,41.0,74.054,562653.4,1808027.928,5300564.0,2.0,5409810.0,931553.33,2143515.04,5495405.0,2.0,79851.0,26977.66,30442.367,59784.0,273.0,0,0,0,0,0.0,517.0,0,0,0,1,0,0,0,0,0.0,71.0,88.1429,41.0,0,0,0,0,0,0,7,615,4,164,29200,30,6,20,99594.0,0.0,99594.0,99594.0,5300548.0,0.0,5300568.0,5300548.0
443,49942,6,6.0,6.0,6.0,6.0,6.0,0.0,6.0,6.0,6.0,0.0,179.0,0.0,179.0,179.0,0.0,0.0,0.0,0.0,0.0,0.0,0.0,0.0,0.0,0.0,0,0,0,0,6.0,6.0,0,0,0,0,1,1,0,0,1.0,9.0,6.0,6.0,0,0,0,0,0,0,1,6,1,6,32,253,0,20,0.0,0.0,0.0,0.0,0.0,0.0,0.0,0.0
443,49096,6,0.0,0.0,0.0,0.0,0.0,0.0,0.0,0.0,0.0,0.0,43.0,0.0,43.0,43.0,0.0,0.0,0.0,0.0,0.0,0.0,0.0,0.0,0.0,0.0,0,0,0,0,0.0,0.0,0,0,0,0,1,1,0,0,1.0,0.0,0.0,0.0,0,0,0,0,0,0,1,0,1,0,349,32832,0,32,0.0,0.0,0.0,0.0,0.0,0.0,0.0,0.0
443,55217,6,6.0,6.0,6.0,6.0,6.0,0.0,6.0,6.0,6.0,0.0,94.0,0.0,94.0,94.0,0.0,0.0,0.0,0.0,0.0,0.0,0.0,0.0,0.0,0.0,0,0,0,0,6.0,6.0,0,0,0,0,1,1,0,0,1.0,9.0,6.0,6.0,0,0,0,0,0,0,1,6,1,6,32,32850,0,20,0.0,0.0,0.0,0.0,0.0,0.0,0.0,0.0
53347,80,6,441.0,11141.0,301.0,0.0,52.5714,117.3068,1963.0,0.0,1382.025,969.2682,21487.34,37481.597,111816.0,23.0,441572.0,46396.0,47753.148,113719.0,244.0,321278.0,30954.0,50265.584,118129.0,48.0,0,0,0,0,0.0,1963.0,0,0,0,1,0,0,0,0,1.0,648.8412,52.5714,1382.025,0,0,0,0,0,0,7,441,8,11141,65535,934,1,32,0.0,0.0,0.0,0.0,0.0,0.0,0.0,0.0
62043,53,17,68.0,132.0,34.0,34.0,34.0,0.0,66.0,66.0,66.0,0.0,47.66,77.077,137.0,3.0,3.0,3.0,0.0,3.0,3.0,3.0,3.0,0.0,3.0,3.0,0,0,0,0,34.0,66.0,0,0,0,0,0,0,0,0,1.0,58.5,34.0,66.0,0,0,0,0,0,0,2,68,2,132,-1,-1,1,20,0.0,0.0,0.0,0.0,0.0,0.0,0.0,0.0
52992,443,6,1076.0,9831.0,502.0,0.0,76.6429,163.0919,2696.0,0.0,535.25,869.1072,3117069.81,13409544.517,58924490.0,1.0,118970346.0,6321341.52,16978334.826,58924490.0,26.0,118974676.0,6789225.57,18017217.83,59008944.0,1.0,0,0,0,0,0.0,2696.0,0,0,0,1,0,0,0,0,1.0,339.75,76.6429,535.25,0,0,0,0,0,0,14,1076,18,9831,29200,409,9,32,403381.0,671308.23,996029.0,82859.0,58703037.16,382528.188,58924493.0,58697685.0
443,51474,6,37.0,0.0,37.0,0.0,18.5,26.163,0.0,0.0,0.0,0.0,3.0,0.0,3.0,3.0,3.0,3.0,0.0,3.0,3.0,0.0,0.0,0.0,0.0,0.0,1,0,0,0,0.0,37.0,0,1,0,0,1,0,0,0,0.0,37.0,18.5,0.0,0,0,0,0,0,0,2,37,0,0,115,-1,0,32,0.0,0.0,0.0,0.0,0.0,0.0,0.0,0.0
60809,53,17,52.0,116.0,52.0,52.0,52.0,0.0,116.0,116.0,116.0,0.0,30899.0,0.0,30899.0,30899.0,0.0,0.0,0.0,0.0,0.0,0.0,0.0,0.0,0.0,0.0,0,0,0,0,52.0,116.0,0,0,0,0,0,0,0,0,1.0,110.0,52.0,116.0,0,0,0,0,0,0,1,52,1,116,-1,-1,0,20,0.0,0.0,0.0,0.0,0.0,0.0,0.0,0.0
61658,53,17,42.0,153.0,42.0,42.0,42.0,0.0,153.0,153.0,153.0,0.0,30474.0,0.0,30474.0,30474.0,0.0,0.0,0.0,0.0,0.0,0.0,0.0,0.0,0.0,0.0,0,0,0,0,42.0,153.0,0,0,0,0,0,0,0,0,1.0,118.5,42.0,153.0,0,0,0,0,0,0,1,42,1,153,-1,-1,0,20,0.0,0.0,0.0,0.0,0.0,0.0,0.0,0.0
13775,53,17,200.0,290.0,50.0,50.0,50.0,0.0,145.0,145.0,145.0,0.0,149464.0,373171.629,832051.0,3.0,32152.0,10750.66,18821.028,32140.0,3.0,4.0,4.0,0.0,4.0,4.0,0,0,0,0,50.0,145.0,0,0,0,0,0,0,0,0,0.0,80.0,50.0,145.0,0,0,0,0,0,0,4,200,2,290,-1,-1,3,32,0.0,0.0,0.0,0.0,0.0,0.0,0.0,0.0
50412,53,17,82.0,238.0,41.0,41.0,41.0,0.0,119.0,119.0,119.0,0.0,10329.0,17874.951,30984.0,3.0,47.0,47.0,0.0,47.0,47.0,3.0,3.0,0.0,3.0,3.0,0,0,0,0,41.0,119.0,0,0,0,0,0,0,0,0,1.0,90.25,41.0,119.0,0,0,0,0,0,0,2,82,2,238,-1,-1,1,32,0.0,0.0,0.0,0.0,0.0,0.0,0.0,0.0
56459,80,6,0.0,0.0,0.0,0.0,0.0,0.0,0.0,0.0,0.0,0.0,1941722.66,3254395.858,5600713.0,1287.0,5722185.0,2861092.5,4054854.854,5600713.0,36892.0,0.0,0.0,0.0,0.0,0.0,0,0,0,0,0.0,0.0,0,0,0,1,0,0,0,0,0.0,0.0,0.0,0.0,0,0,0,0,0,0,3,0,1,0,29200,42408,0,32,0.0,0.0,0.0,0.0,0.0,0.0,0.0,0.0
64353,443,6,3657.0,7826.0,1172.0,0.0,222.1765,466.8091,1413.0,0.0,646.8947,673.6258,950581.62,2839517.991,10010671.0,1.0,35672048.0,1764147.7,3884439.012,10035992.0,239.0,31425168.0,1878166.3,3751588.553,10034880.0,1.0,0,0,0,0,0.0,1413.0,0,0,0,1,0,0,0,0,1.0,395.525,222.1765,646.8947,0,0,0,0,0,0,17,3657,19,7826,29200,420,6,32,1418201.66,1988992.956,4085960.0,93095.0,8576952.33,1428050.596,10010679.0,7804743.0
443,58450,6,0.0,0.0,0.0,0.0,0.0,0.0,0.0,0.0,0.0,0.0,18.5,28.581,34.0,3.0,1.0,1.0,0.0,1.0,1.0,0.0,0.0,0.0,0.0,0.0,0,0,0,0,0.0,0.0,0,0,0,0,1,1,0,0,0.0,0.0,0.0,0.0,0,0,0,0,0,0,2,0,1,0,62,33304,0,32,0.0,0.0,0.0,0.0,0.0,0.0,0.0,0.0
443,64546,6,6.0,6.0,6.0,6.0,6.0,0.0,6.0,6.0,6.0,0.0,30.0,0.0,30.0,30.0,0.0,0.0,0.0,0.0,0.0,0.0,0.0,0.0,0.0,0.0,0,0,0,0,6.0,6.0,0,0,0,0,1,0,0,0,1.0,9.0,6.0,6.0,0,0,0,0,0,0,1,6,1,6,293,7,0,20,0.0,0.0,0.0,0.0,0.0,0.0,0.0,0.0
53686,443,6,3341.0,2333.0,1081.0,0.0,168.5952,323.5552,1313.0,0.0,180.0111,417.3972,2888150.88,4461608.537,10024021.0,0.0,116112412.0,5071700.1,4907789.429,10061975.0,1.0,111161930.0,5139825.17,5017625.205,10062163.0,0.0,0,0,0,0,0.0,1381.0,0,0,0,1,0,0,0,0,0.0,179.2317,168.5952,180.0111,0,0,0,0,0,0,23,3341,19,2333,29200,14168,5,32,152244.36,514717.457,1863564.0,36978.0,10010878.0,6433.092,10024023.0,9999919.0
55216,53,17,82.0,452.0,41.0,41.0,41.0,0.0,226.0,226.0,226.0,0.0,7912.66,13647.484,23739.0,3.0,4.0,4.0,0.0,4.0,4.0,3.0,3.0,0.0,3.0,3.0,0,0,0,0,41.0,226.0,0,0,0,0,0,0,0,0,1.0,143.75,41.0,226.0,0,0,0,0,0,0,2,82,2,452,-1,-1,1,20,0.0,0.0,0.0,0.0,0.0,0.0,0.0,0.0
443,61318,6,5048.0,6.0,2060.0,6.0,1035.0,1009.8327,6.0,6.0,6.0,0.0,590.66,924.314,1727.0,0.0,1256.0,619.0,78.968,1727.0,0.0,0.0,0.0,0.0,0.0,0.0,0,0,0,0,6.0,2060.0,0,0,0,0,1,0,0,0,0.0,2060.5762,1035.0,6.0,0,0,0,0,0,0,8,5048,1,6,113,0,6,20,0.0,0.0,0.0,0.0,0.0,0.0,0.0,0.0
443,49582,6,37.0,6.0,37.0,0.0,18.5,26.163,6.0,6.0,6.0,0.0,106.5,44.947,140.0,72.0,219.0,219.0,0.0,219.0,219.0,0.0,0.0,0.0,0.0,0.0,1,0,0,0,0.0,37.0,0,1,0,0,1,0,0,0,0.0,26.6667,18.5,6.0,0,0,0,0,0,0,2,37,1,6,114,0,0,32,0.0,0.0,0.0,0.0,0.0,0.0,0.0,0.0
443,49504,6,0.0,18.0,0.0,0.0,0.0,0.0,6.0,6.0,6.0,0.0,45695.75,90385.887,181229.0,1.0,181376.0,181376.0,0.0,181376.0,181376.0,4.0,2.0,1.414,3.0,1.0,0,0,0,0,0.0,6.0,0,0,0,0,1,0,0,0,1.0,3.6,0.0,6.0,0,0,0,0,0,0,2,0,3,18,123,0,0,32,0.0,0.0,0.0,0.0,0.0,0.0,0.0,0.0
53383,443,6,990.0,3368.0,624.0,0.0,58.375,164.9368,1418.0,0.0,262.0909,491.4876,2414578.39,4281107.32,10029765.0,3.0,60904797.0,4609886.4,5182313.946,10059925.0,180.0,60845649.0,5043947.9,5224225.733,10051012.0,3.0,0,0,0,0,0.0,1418.0,0,0,0,1,0,0,0,0,0.0,144.9214,58.375,262.0909,0,0,0,0,0,0,16,990,11,3368,29200,177,3,32,56480.5,86539.667,181402.0,85610.0,10022839.66,335.461,10029768.0,9995280.0
61680,53,17,44.0,136.0,44.0,44.0,44.0,0.0,136.0,136.0,136.0,0.0,62905.0,0.0,62905.0,62905.0,0.0,0.0,0.0,0.0,0.0,0.0,0.0,0.0,0.0,0.0,0,0,0,0,44.0,136.0,0,0,0,0,0,0,0,0,1.0,112.0,44.0,136.0,0,0,0,0,0,0,1,44,1,136,-1,-1,0,20,0.0,0.0,0.0,0.0,0.0,0.0,0.0,0.0
49565,443,6,4086.0,1676.0,2640.0,0.0,433.5455,909.1922,445.0,0.0,163.6667,131.3412,523276.25,1536558.009,5179915.0,3.0,5335695.0,817997.16,2143565.549,5179915.0,93.0,130908.0,16564.66,23209.102,43087.0,3.0,0,0,0,0,0.0,2640.0,0,0,0,1,0,0,0,0,0.0,389.45,433.5455,163.6667,0,0,0,0,0,0,7,4086,6,1676,8192,6420,6,20,140920.0,0.0,140920.0,140920.0,5179915.0,0.0,5179915.0,5179915.0
443,38424,6,0.0,0.0,0.0,0.0,0.0,0.0,0.0,0.0,0.0,0.0,3.0,0.0,3.0,3.0,3.0,3.0,0.0,3.0,3.0,0.0,0.0,0.0,0.0,0.0,0,0,0,0,0.0,0.0,0,0,0,0,1,0,0,0,0.0,0.0,0.0,0.0,0,0,0,0,0,0,2,0,0,0,349,-1,0,32,0.0,0.0,0.0,0.0,0.0,0.0,0.0,0.0
47940,53,17,60.0,344.0,30.0,30.0,30.0,0.0,172.0,172.0,172.0,0.0,62.0,106.503,180.0,3.0,3.0,3.0,0.0,3.0,3.0,3.0,3.0,0.0,3.0,3.0,0,0,0,0,30.0,172.0,0,0,0,0,0,0,0,0,1.0,108.5,30.0,172.0,0,0,0,0,0,0,2,60,2,344,-1,-1,1,32,0.0,0.0,0.0,0.0,0.0,0.0,0.0,0.0
443,59722,6,6.0,6.0,6.0,6.0,6.0,0.0,6.0,6.0,6.0,0.0,68.0,0.0,68.0,68.0,0.0,0.0,0.0,0.0,0.0,0.0,0.0,0.0,0.0,0.0,0,0,0,0,6.0,6.0,0,0,0,0,1,1,0,0,1.0,9.0,6.0,6.0,0,0,0,0,0,0,1,6,1,6,32,32850,0,20,0.0,0.0,0.0,0.0,0.0,0.0,0.0,0.0
443,51705,6,0.0,0.0,0.0,0.0,0.0,0.0,0.0,0.0,0.0,0.0,82.0,0.0,82.0,82.0,0.0,0.0,0.0,0.0,0.0,0.0,0.0,0.0,0.0,0.0,0,0,0,0,0.0,0.0,0,0,0,0,1,0,0,0,1.0,0.0,0.0,0.0,0,0,0,0,0,0,1,0,1,0,170,32832,0,32,0.0,0.0,0.0,0.0,0.0,0.0,0.0,0.0
50078,80,6,12.0,0.0,6.0,6.0,6.0,0.0,0.0,0.0,0.0,0.0,76.0,0.0,76.0,76.0,76.0,76.0,0.0,76.0,76.0,0.0,0.0,0.0,0.0,0.0,0,0,0,0,6.0,6.0,0,0,0,0,1,0,0,0,0.0,9.0,6.0,0.0,0,0,0,0,0,0,2,12,0,0,32050,-1,1,20,0.0,0.0,0.0,0.0,0.0,0.0,0.0,0.0
61727,53,17,53.0,116.0,53.0,53.0,53.0,0.0,116.0,116.0,116.0,0.0,449.0,0.0,449.0,449.0,0.0,0.0,0.0,0.0,0.0,0.0,0.0,0.0,0.0,0.0,0,0,0,0,53.0,116.0,0,0,0,0,0,0,0,0,1.0,111.0,53.0,116.0,0,0,0,0,0,0,1,53,1,116,-1,-1,0,20,0.0,0.0,0.0,0.0,0.0,0.0,0.0,0.0
61781,443,6,999.0,5142.0,533.0,0.0,131.0,202.0604,1460.0,0.0,540.1429,591.4312,580859.66,1923361.241,7745481.0,22.0,7213388.0,1037632.66,2934501.738,7745481.0,150.0,345047.0,43438.16,109043.079,146795.0,48.0,0,0,0,0,0.0,1460.0,0,0,0,1,0,0,0,0,1.0,389.7571,131.0,540.1429,0,0,0,0,0,0,7,999,7,5142,8192,140,6,20,0.0,0.0,0.0,0.0,0.0,0.0,0.0,0.0
29967,53,17,64.0,158.0,32.0,32.0,32.0,0.0,79.0,79.0,79.0,0.0,8069.0,13945.485,24104.0,0.0,0.0,0.0,0.0,0.0,0.0,4.0,4.0,0.0,4.0,4.0,0,0,0,0,32.0,79.0,0,0,0,0,0,0,0,0,1.0,63.5,32.0,79.0,0,0,0,0,0,0,2,64,2,158,-1,-1,1,40,0.0,0.0,0.0,0.0,0.0,0.0,0.0,0.0
443,50641,6,12.0,0.0,6.0,6.0,6.0,0.0,0.0,0.0,0.0,0.0,476.0,0.0,476.0,476.0,476.0,476.0,0.0,476.0,476.0,0.0,0.0,0.0,0.0,0.0,0,0,0,0,6.0,6.0,0,0,0,0,1,0,0,0,0.0,9.0,6.0,0.0,0,0,0,0,0,0,2,12,0,0,927,-1,1,20,0.0,0.0,0.0,0.0,0.0,0.0,0.0,0.0
61079,53,17,84.0,204.0,42.0,42.0,42.0,0.0,102.0,102.0,102.0,0.0,58.66,68.87,123.0,3.0,3.0,3.0,0.0,3.0,3.0,48.0,48.0,0.0,48.0,48.0,0,0,0,0,42.0,102.0,0,0,0,0,0,0,0,0,1.0,82.5,42.0,102.0,0,0,0,0,0,0,2,84,2,204,-1,-1,1,32,0.0,0.0,0.0,0.0,0.0,0.0,0.0,0.0
52296,53,17,88.0,472.0,44.0,44.0,44.0,0.0,236.0,236.0,236.0,0.0,68.0,115.654,197.0,3.0,3.0,3.0,0.0,3.0,3.0,3.0,3.0,0.0,3.0,3.0,0,0,0,0,44.0,236.0,0,0,0,0,0,0,0,0,1.0,151.0,44.0,236.0,0,0,0,0,0,0,2,88,2,472,-1,-1,1,20,0.0,0.0,0.0,0.0,0.0,0.0,0.0,0.0
62151,53,17,124.0,626.0,31.0,31.0,31.0,0.0,153.0,153.0,153.0,0.0,31325.85,55976.713,160415.0,2.0,161887.0,50629.33,90780.041,161870.0,3.0,121680.0,43893.66,70933.176,121685.0,3.0,0,0,0,0,31.0,153.0,0,0,0,0,0,0,0,0,1.0,101.375,31.0,153.0,0,0,0,0,0,0,4,124,4,626,-1,-1,3,32,0.0,0.0,0.0,0.0,0.0,0.0,0.0,0.0
57012,443,6,1488.0,5463.0,533.0,0.0,86.4,166.6545,1460.0,0.0,290.0545,493.4002,1552627.02,3649731.891,10016123.0,3.0,60196393.0,4345687.93,5129729.725,10109971.0,2.0,60679990.0,3848049.12,5149404.575,10106739.0,3.0,0,0,0,0,0.0,1460.0,0,0,0,1,0,0,0,0,1.0,195.9476,86.4,290.0545,0,0,0,0,0,0,20,1488,23,5463,8192,213,19,20,137860.66,113235.978,432222.0,50322.0,10002438.33,7623.392,10016129.0,9953093.0
38920,53,17,76.0,154.0,38.0,38.0,38.0,0.0,77.0,77.0,77.0,0.0,10292.33,17867.902,30871.0,4.0,48.0,48.0,0.0,48.0,48.0,4.0,4.0,0.0,4.0,4.0,0,0,0,0,38.0,77.0,0,0,0,0,0,0,0,0,1.0,67.0,38.0,77.0,0,0,0,0,0,0,2,76,2,154,-1,-1,1,32,0.0,0.0,0.0,0.0,0.0,0.0,0.0,0.0
443,62270,6,37.0,0.0,37.0,0.0,12.3333,21.362,0.0,0.0,0.0,0.0,2.0,1.414,3.0,1.0,4.0,2.0,1.414,3.0,1.0,0.0,0.0,0.0,0.0,0.0,0,0,0,0,0.0,37.0,0,0,0,0,1,0,0,0,0.0,12.3333,12.3333,0.0,0,0,0,0,0,0,3,37,0,0,117,-1,1,32,0.0,0.0,0.0,0.0,0.0,0.0,0.0,0.0
53703,80,6,12.0,0.0,6.0,6.0,6.0,0.0,0.0,0.0,0.0,0.0,609536.0,0.0,609536.0,609536.0,609536.0,609536.0,0.0,609536.0,609536.0,0.0,0.0,0.0,0.0,0.0,0,0,0,0,6.0,6.0,0,0,0,0,1,1,0,0,0.0,9.0,6.0,0.0,0,0,0,0,0,0,2,12,0,0,16425,-1,1,20,0.0,0.0,0.0,0.0,0.0,0.0,0.0,0.0
15009,53,17,86.0,198.0,43.0,43.0,43.0,0.0,99.0,99.0,99.0,0.0,10284.33,17858.133,30843.0,3.0,3.0,3.0,0.0,3.0,3.0,3.0,3.0,0.0,3.0,3.0,0,0,0,0,43.0,99.0,0,0,0,0,0,0,0,0,1.0,81.75,43.0,99.0,0,0,0,0,0,0,2,86,2,198,-1,-1,1,20,0.0,0.0,0.0,0.0,0.0,0.0,0.0,0.0
51008,80,6,12.0,0.0,6.0,0.0,4.0,3.4641,0.0,0.0,0.0,0.0,1767810.33,3019852.702,5273193.0,17.0,5273351.0,2636675.5,3778641.948,5273193.0,29156.0,0.0,0.0,0.0,0.0,0.0,0,0,0,0,0.0,6.0,0,0,0,1,0,0,0,0,0.0,3.0,4.0,0.0,0,0,0,0,0,0,3,12,1,0,8192,29200,2,20,0.0,0.0,0.0,0.0,0.0,0.0,0.0,0.0
58453,443,6,847.0,19320.0,197.0,0.0,27.2941,52.7023,2920.0,0.0,881.6316,722.9238,2124895.04,4117282.784,10018498.0,42.0,116107726.0,4740180.9,5013285.582,10047994.0,48.0,111135884.0,4227290.22,5012376.183,10048009.0,49.0,0,0,0,0,0.0,2920.0,0,0,0,1,0,0,0,0,0.0,493.1,27.2941,881.6316,0,0,0,0,0,0,29,847,26,19320,8192,980,28,20,199588.36,545809.072,1864943.0,36255.0,9595997.0,1340999.002,10018492.0,5033232.0
54086,53,17,74.0,262.0,37.0,37.0,37.0,0.0,131.0,131.0,131.0,0.0,64.33,109.799,197.0,3.0,3.0,3.0,0.0,3.0,3.0,4.0,4.0,0.0,4.0,4.0,0,0,0,0,37.0,131.0,0,0,0,0,0,0,0,0,1.0,93.25,37.0,131.0,0,0,0,0,0,0,2,74,2,262,-1,-1,1,20,0.0,0.0,0.0,0.0,0.0,0.0,0.0,0.0
39480,443,6,7027.0,13585.0,1956.0,0.0,350.0556,541.3735,1448.0,0.0,817.6364,672.0502,355220.97,1843559.53,9997990.0,16.0,11456445.0,689526.33,2544758.089,9997990.0,16.0,11385531.0,826441.62,2553997.711,9998019.0,188.0,0,0,0,0,0.0,1956.0,0,0,0,1,0,0,0,0,0.0,580.6469,350.0556,817.6364,0,0,0,0,0,0,29,7027,19,13585,29200,122,8,32,1770261.0,0.0,1770261.0,1770261.0,9997997.0,0.0,9997997.0,9997997.0
2867,53,17,80.0,272.0,40.0,40.0,40.0,0.0,136.0,136.0,136.0,0.0,135.0,199.046,350.0,1.0,1.0,1.0,0.0,1.0,1.0,48.0,48.0,0.0,48.0,48.0,0,0,0,0,40.0,136.0,0,0,0,0,0,0,0,0,1.0,98.0,40.0,136.0,0,0,0,0,0,0,2,80,2,272,-1,-1,1,32,0.0,0.0,0.0,0.0,0.0,0.0,0.0,0.0
64320,53,17,64.0,158.0,32.0,32.0,32.0,0.0,79.0,79.0,79.0,0.0,7980.0,13809.333,23949.0,3.0,3.0,3.0,0.0,3.0,3.0,4.0,4.0,0.0,4.0,4.0,0,0,0,0,32.0,79.0,0,0,0,0,0,0,0,0,1.0,63.5,32.0,79.0,0,0,0,0,0,0,2,64,2,158,-1,-1,1,20,0.0,0.0,0.0,0.0,0.0,0.0,0.0,0.0
57647,53,17,60.0,414.0,30.0,30.0,30.0,0.0,207.0,207.0,207.0,0.0,7959.0,13727.606,23720.0,1.0,1.0,1.0,0.0,1.0,1.0,3.0,3.0,0.0,3.0,3.0,0,0,0,0,30.0,207.0,0,0,0,0,0,0,0,0,1.0,126.0,30.0,207.0,0,0,0,0,0,0,2,60,2,414,-1,-1,1,20,0.0,0.0,0.0,0.0,0.0,0.0,0.0,0.0
443,55683,6,43.0,6.0,31.0,6.0,14.3333,14.4338,6.0,6.0,6.0,0.0,69.33,75.634,110.0,1.0,238.0,117.0,136.564,230.0,1.0,0.0,0.0,0.0,0.0,0.0,0,0,0,0,6.0,31.0,0,0,0,0,1,0,0,0,0.0,13.75,14.3333,6.0,0,0,0,0,0,0,3,43,1,6,1013,0,2,20,0.0,0.0,0.0,0.0,0.0,0.0,0.0,0.0
64492,443,6,0.0,0.0,0.0,0.0,0.0,0.0,0.0,0.0,0.0,0.0,26150.5,37543.844,52300.0,1.0,1.0,1.0,0.0,1.0,1.0,0.0,0.0,0.0,0.0,0.0,0,0,0,0,0.0,0.0,0,0,0,0,1,1,0,0,0.0,0.0,0.0,0.0,0,0,0,0,0,0,2,0,1,0,32832,357,0,32,0.0,0.0,0.0,0.0,0.0,0.0,0.0,0.0
49888,443,6,713.0,479.0,469.0,0.0,71.3,147.2874,341.0,0.0,95.8,149.5299,5101.57,9333.522,23756.0,3.0,82559.0,9431.33,10513.93,24840.0,3.0,51036.0,12503.5,13373.829,24245.0,241.0,0,0,0,0,0.0,469.0,0,0,0,1,0,0,0,0,0.0,79.4667,71.3,95.8,0,0,0,0,0,0,10,713,5,479,65535,972,5,32,0.0,0.0,0.0,0.0,0.0,0.0,0.0,0.0
61994,443,6,974.0,7387.0,469.0,0.0,64.9333,134.266,1581.0,0.0,738.7,750.4129,12480.19,24816.032,84931.0,1.0,329542.0,22418.28,38821.41,84939.0,1.0,265259.0,23631.55,30271.844,124661.0,1.0,0,0,0,0,0.0,1581.0,0,0,0,1,0,0,0,0,0.0,334.44,64.9333,738.7,0,0,0,0,0,0,15,974,10,7387,65535,179,6,32,0.0,0.0,0.0,0.0,0.0,0.0,0.0,0.0
52904,53,17,168.0,392.0,84.0,84.0,84.0,0.0,196.0,196.0,196.0,0.0,60.33,107.577,189.0,3.0,3.0,3.0,0.0,3.0,3.0,3.0,3.0,0.0,3.0,3.0,0,0,0,0,84.0,196.0,0,0,0,0,0,0,0,0,1.0,161.0,84.0,196.0,0,0,0,0,0,0,2,168,2,392,-1,-1,1,20,0.0,0.0,0.0,0.0,0.0,0.0,0.0,0.0
36539,443,6,12.0,0.0,6.0,6.0,6.0,0.0,0.0,0.0,0.0,0.0,32596.0,0.0,32596.0,32596.0,32596.0,32596.0,0.0,32596.0,32596.0,0.0,0.0,0.0,0.0,0.0,0,0,0,0,6.0,6.0,0,0,0,0,1,0,0,0,0.0,9.0,6.0,0.0,0,0,0,0,0,0,2,12,0,0,64212,-1,1,20,0.0,0.0,0.0,0.0,0.0,0.0,0.0,0.0
58963,53,17,74.0,562.0,37.0,37.0,37.0,0.0,281.0,281.0,281.0,0.0,78.0,127.782,227.0,3.0,3.0,3.0,0.0,3.0,3.0,3.0,3.0,0.0,3.0,3.0,0,0,0,0,37.0,281.0,0,0,0,0,0,0,0,0,1.0,168.25,37.0,281.0,0,0,0,0,0,0,2,74,2,562,-1,-1,1,20,0.0,0.0,0.0,0.0,0.0,0.0,0.0,0.0
53399,443,6,366.0,3782.0,212.0,0.0,59.3333,89.2248,1460.0,0.0,630.3333,677.2171,11730.09,18985.285,40692.0,59.0,135122.0,27824.4,21888.81,49495.0,155.0,90077.0,15011.4,23509.179,44897.0,48.0,0,0,0,0,0.0,1460.0,0,0,0,1,0,0,0,0,1.0,344.8333,59.3333,630.3333,0,0,0,0,0,0,6,366,6,3782,8192,60,5,20,0.0,0.0,0.0,0.0,0.0,0.0,0.0,0.0
443,48539,6,31.0,0.0,31.0,0.0,10.3333,17.8979,0.0,0.0,0.0,0.0,135.5,136.596,256.0,3.0,271.0,135.5,138.243,256.0,3.0,0.0,0.0,0.0,0.0,0.0,0,0,0,0,0.0,31.0,0,0,0,0,1,0,0,0,0.0,10.3333,10.3333,0.0,0,0,0,0,0,0,3,31,0,0,59,-1,1,32,0.0,0.0,0.0,0.0,0.0,0.0,0.0,0.0
443,58248,6,37.0,0.0,37.0,0.0,18.5,26.163,0.0,0.0,0.0,0.0,1.0,0.0,1.0,1.0,1.0,1.0,0.0,1.0,1.0,0.0,0.0,0.0,0.0,0.0,1,0,0,0,0.0,37.0,0,1,0,0,1,0,0,0,0.0,37.0,18.5,0.0,0,0,0,0,0,0,2,37,0,0,115,-1,0,32,0.0,0.0,0.0,0.0,0.0,0.0,0.0,0.0
64263,80,6,1027.0,644.0,1007.0,0.0,205.8,462.5423,632.0,0.0,210.6667,336.726,13703.57,19814.343,41111.0,30.0,86621.0,21865.25,23332.386,41161.0,354.0,42352.0,26776.0,26828.714,41384.0,4866.0,0,0,0,0,0.0,1037.0,0,0,0,1,0,0,0,0,0.0,215.75,205.8,210.6667,0,0,0,0,0,0,5,1027,3,644,65535,986,1,32,0.0,0.0,0.0,0.0,0.0,0.0,0.0,0.0
55744,53,17,156.0,132.0,39.0,39.0,39.0,0.0,66.0,66.0,66.0,0.0,14563.0,18700.689,41607.0,3.0,21701.0,7560.0,18526.056,21707.0,3.0,3.0,3.0,0.0,3.0,3.0,0,0,0,0,39.0,66.0,0,0,0,0,0,0,0,0,0.0,50.5,39.0,66.0,0,0,0,0,0,0,4,156,2,132,-1,-1,3,20,0.0,0.0,0.0,0.0,0.0,0.0,0.0,0.0
64007,443,6,0.0,0.0,0.0,0.0,0.0,0.0,0.0,0.0,0.0,0.0,3.0,0.0,3.0,3.0,3.0,3.0,0.0,3.0,3.0,0.0,0.0,0.0,0.0,0.0,0,0,0,0,0.0,0.0,0,0,0,0,1,1,0,0,0.0,0.0,0.0,0.0,0,0,0,0,0,0,2,0,0,0,32832,-1,0,32,0.0,0.0,0.0,0.0,0.0,0.0,0.0,0.0
60924,53,17,55.0,71.0,55.0,55.0,55.0,0.0,71.0,71.0,71.0,0.0,31174.0,0.0,31174.0,31174.0,0.0,0.0,0.0,0.0,0.0,0.0,0.0,0.0,0.0,0.0,0,0,0,0,55.0,71.0,0,0,0,0,0,0,0,0,1.0,90.5,55.0,71.0,0,0,0,0,0,0,1,55,1,71,-1,-1,0,44,0.0,0.0,0.0,0.0,0.0,0.0,0.0,0.0
47582,53,17,64.0,204.0,32.0,32.0,32.0,0.0,102.0,102.0,102.0,0.0,69.66,111.264,203.0,0.0,0.0,0.0,0.0,0.0,0.0,1.0,1.0,0.0,1.0,1.0,0,0,0,0,32.0,102.0,0,0,0,0,0,0,0,0,1.0,75.0,32.0,102.0,0,0,0,0,0,0,2,64,2,204,-1,-1,1,20,0.0,0.0,0.0,0.0,0.0,0.0,0.0,0.0
443,58633,6,0.0,0.0,0.0,0.0,0.0,0.0,0.0,0.0,0.0,0.0,84.0,0.0,84.0,84.0,0.0,0.0,0.0,0.0,0.0,0.0,0.0,0.0,0.0,0.0,0,0,0,0,0.0,0.0,0,0,0,0,1,1,0,0,1.0,0.0,0.0,0.0,0,0,0,0,0,0,1,0,1,0,349,32832,0,32,0.0,0.0,0.0,0.0,0.0,0.0,0.0,0.0
6454,443,6,7085.0,68701.0,718.0,6.0,162.3417,232.3983,2896.0,6.0,959.3709,693.4239,133116.53,1099603.005,9463963.0,4.0,11654582.0,376527.87,1589184.312,9433963.0,191.0,11626123.0,238844.06,1549396.213,9684049.0,4.0,1,0,0,0,6.0,2896.0,0,1,0,0,1,0,0,0,1.0,629.8418,162.3417,959.3709,0,0,0,0,0,0,71,7085,83,68701,63564,63760,70,20,8369475.0,0.0,5369475.0,6369475.0,9463992.0,0.0,9463992.0,9463992.0
53902,443,6,0.0,0.0,0.0,0.0,0.0,0.0,0.0,0.0,0.0,0.0,318.5,345.786,653.0,3.0,637.0,318.5,403.596,653.0,3.0,0.0,0.0,0.0,0.0,0.0,0,0,0,0,0.0,0.0,0,0,0,0,1,0,0,0,0.0,0.0,0.0,0.0,0,0,0,0,0,0,3,0,0,0,33300,-1,0,32,0.0,0.0,0.0,0.0,0.0,0.0,0.0,0.0
50119,443,6,580.0,188.0,517.0,0.0,116.0,225.1011,136.0,0.0,32.5,66.6926,2947301.55,6953372.577,19509647.0,91.0,19450611.0,6775738.25,8869646.442,19531543.0,215.0,9538619.0,9344609.33,68715.786,9503620.0,4000650.0,0,0,0,0,0.0,517.0,0,0,0,1,0,0,0,0,0.0,83.6667,116.0,32.5,0,0,0,0,0,0,5,580,4,188,8192,111,4,20,311471.0,0.0,311471.0,311471.0,19509682.0,0.0,19509642.0,19509682.0
443,42644,6,31.0,0.0,31.0,0.0,10.3333,17.8979,0.0,0.0,0.0,0.0,101.0,1.414,103.0,1.0,204.0,102.0,1.414,103.0,1.0,0.0,0.0,0.0,0.0,0.0,0,0,0,0,0.0,31.0,0,0,0,0,1,0,0,0,0.0,10.3333,10.3333,0.0,0,0,0,0,0,0,3,31,0,0,59,-1,1,32,0.0,0.0,0.0,0.0,0.0,0.0,0.0,0.0
28401,53,17,66.0,98.0,33.0,33.0,33.0,0.0,49.0,49.0,49.0,0.0,10321.66,17866.899,30951.0,3.0,3.0,3.0,0.0,3.0,3.0,3.0,3.0,0.0,3.0,3.0,0,0,0,0,33.0,49.0,0,0,0,0,0,0,0,0,1.0,49.25,33.0,49.0,0,0,0,0,0,0,2,66,2,98,-1,-1,1,32,0.0,0.0,0.0,0.0,0.0,0.0,0.0,0.0
443,63037,6,6.0,6.0,6.0,6.0,6.0,0.0,6.0,6.0,6.0,0.0,56.0,0.0,56.0,56.0,0.0,0.0,0.0,0.0,0.0,0.0,0.0,0.0,0.0,0.0,0,0,0,0,6.0,6.0,0,0,0,0,1,1,0,0,1.0,9.0,6.0,6.0,0,0,0,0,0,0,1,6,1,6,48192,254,0,20,0.0,0.0,0.0,0.0,0.0,0.0,0.0,0.0
61852,53,17,55.0,98.0,55.0,55.0,55.0,0.0,98.0,98.0,98.0,0.0,47623.0,0.0,47623.0,47623.0,0.0,0.0,0.0,0.0,0.0,0.0,0.0,0.0,0.0,0.0,0,0,0,0,55.0,98.0,0,0,0,0,0,0,0,0,1.0,104.0,55.0,98.0,0,0,0,0,0,0,1,55,1,98,-1,-1,0,20,0.0,0.0,0.0,0.0,0.0,0.0,0.0,0.0
443,49775,6,0.0,0.0,0.0,0.0,0.0,0.0,0.0,0.0,0.0,0.0,54.0,0.0,54.0,54.0,0.0,0.0,0.0,0.0,0.0,0.0,0.0,0.0,0.0,0.0,0,0,0,0,0.0,0.0,0,0,0,0,1,1,0,0,1.0,0.0,0.0,0.0,0,0,0,0,0,0,1,0,1,0,116,305,0,32,0.0,0.0,0.0,0.0,0.0,0.0,0.0,0.0
52619,443,6,1575.0,92021.0,299.0,0.0,28.6977,72.2231,4380.0,0.0,1431.0696,956.486,1793423.48,3782657.39,10003600.0,6.0,117675789.0,3795310.52,4822411.407,10231937.0,5.0,112471587.0,3025075.28,4835778.65,10239304.0,48.0,0,0,0,0,0.0,4380.0,0,0,0,1,0,0,0,0,1.0,846.5496,28.6977,1431.0696,0,0,0,0,0,0,42,1575,62,92021,8192,1013,41,20,240326.72,592854.416,2822817.0,29705.0,9195454.09,1208312.829,10003605.0,5836582.0
62176,53,17,43.0,91.0,43.0,43.0,43.0,0.0,91.0,91.0,91.0,0.0,60108.0,0.0,60108.0,60108.0,0.0,0.0,0.0,0.0,0.0,0.0,0.0,0.0,0.0,0.0,0,0,0,0,43.0,91.0,0,0,0,0,0,0,0,0,1.0,88.5,43.0,91.0,0,0,0,0,0,0,1,43,1,91,-1,-1,0,32,0.0,0.0,0.0,0.0,0.0,0.0,0.0,0.0
57789,443,6,187.0,92.0,46.0,6.0,26.7143,20.0891,46.0,46.0,46.0,0.0,7895487.12,20669570.669,58750418.0,48.0,63170764.0,10535146.33,23619096.394,58750418.0,48.0,58094972.0,58094972.0,0.0,59094972.0,58094972.0,1,0,0,0,6.0,46.0,0,1,0,0,1,0,0,0,0.0,36.1111,26.7143,46.0,0,0,0,0,0,0,7,187,2,92,16537,411,6,20,80779.0,0.0,80779.0,80779.0,58750409.0,0.0,58750409.0,58750409.0
61314,53,17,53.0,69.0,53.0,53.0,53.0,0.0,69.0,69.0,69.0,0.0,58815.0,0.0,58815.0,58815.0,0.0,0.0,0.0,0.0,0.0,0.0,0.0,0.0,0.0,0.0,0,0,0,0,53.0,69.0,0,0,0,0,0,0,0,0,1.0,87.5,53.0,69.0,0,0,0,0,0,0,1,53,1,69,-1,-1,0,32,0.0,0.0,0.0,0.0,0.0,0.0,0.0,0.0
61214,53,17,54.0,112.0,54.0,54.0,54.0,0.0,112.0,112.0,112.0,0.0,30839.0,0.0,30839.0,30839.0,0.0,0.0,0.0,0.0,0.0,0.0,0.0,0.0,0.0,0.0,0,0,0,0,54.0,112.0,0,0,0,0,0,0,0,0,1.0,110.0,54.0,112.0,0,0,0,0,0,0,1,54,1,112,-1,-1,0,32,0.0,0.0,0.0,0.0,0.0,0.0,0.0,0.0
62515,53,17,140.0,272.0,35.0,35.0,35.0,0.0,63.0,63.0,63.0,0.0,4462.0,11958.997,30684.0,3.0,31682.0,10567.66,17668.277,31685.0,3.0,294.0,31.33,178.809,140.0,3.0,0,0,0,0,35.0,63.0,0,0,0,0,0,0,0,0,1.0,59.125,35.0,63.0,0,0,0,0,0,0,4,140,4,272,-1,-1,3,20,0.0,0.0,0.0,0.0,0.0,0.0,0.0,0.0
57904,53,17,94.0,220.0,47.0,47.0,47.0,0.0,110.0,110.0,110.0,0.0,101.66,137.492,274.0,0.0,27.0,27.0,0.0,27.0,67.0,0.0,0.0,0.0,0.0,0.0,0,0,0,0,47.0,110.0,0,0,0,0,0,0,0,0,1.0,90.25,47.0,110.0,0,0,0,0,0,0,2,94,2,220,-1,-1,1,32,0.0,0.0,0.0,0.0,0.0,0.0,0.0,0.0
54214,443,6,769.0,4721.0,423.0,0.0,56.6154,120.2253,1618.0,0.0,388.0714,626.2269,2268275.76,4159884.163,10003419.0,80.0,62125187.0,4485763.35,5196839.615,10056443.0,110.0,61001256.0,5088036.0,5164755.622,10057957.0,210.0,0,0,0,0,0.0,1618.0,0,0,0,1,0,0,0,0,0.0,182.2,56.6154,388.0714,0,0,0,0,0,0,13,769,14,4721,8192,245,12,20,152538.5,267423.8,1368581.0,50336.0,9995137.66,1813.421,10003419.0,9942895.0
52021,80,6,573.0,834.0,433.0,0.0,32.1875,106.35,716.0,0.0,53.7143,199.3226,3979898.96,4872404.622,10004257.0,61.0,115411417.0,7693090.46,4167380.16,10046284.0,571.0,110567754.0,8501937.64,3757682.151,10046529.0,20882.0,0,0,0,0,0.0,716.0,0,0,0,1,0,0,0,0,0.0,43.3,32.1875,53.7143,0,0,0,0,0,0,16,573,14,834,8192,943,15,20,41482.63,24974.19,169499.0,36580.0,10009763.27,6253.24,10004250.0,9999938.0
6340,53,17,62.0,194.0,31.0,31.0,31.0,0.0,97.0,97.0,97.0,0.0,34982.66,64385.849,104992.0,3.0,3.0,3.0,0.0,3.0,3.0,48.0,48.0,0.0,48.0,48.0,0,0,0,0,31.0,97.0,0,0,0,0,0,0,0,0,1.0,71.75,31.0,97.0,0,0,0,0,0,0,2,62,2,194,-1,-1,1,32,0.0,0.0,0.0,0.0,0.0,0.0,0.0,0.0
34442,443,6,3108.0,448360.0,635.0,0.0,8.2717,38.5899,4444.0,0.0,1989.6937,831.0594,17446.35,107517.024,1330562.0,-0.0,1862253.0,48653.64,263324.06,330562.0,1.0,1628248.0,22524.03,148565.503,1460478.0,1.0,0,0,0,0,0.0,4444.0,0,0,0,1,0,0,0,0,1.0,1179.579,8.2717,1989.6937,0,0,0,0,0,0,233,3108,256,448360,29200,1416,5,32,0.0,0.0,0.0,0.0,0.0,0.0,0.0,0.0
60668,53,17,57.0,145.0,57.0,57.0,57.0,0.0,145.0,145.0,145.0,0.0,110694.0,0.0,110694.0,110694.0,0.0,0.0,0.0,0.0,0.0,0.0,0.0,0.0,0.0,0.0,0,0,0,0,57.0,145.0,0,0,0,0,0,0,0,0,1.0,139.5,57.0,145.0,0,0,0,0,0,0,1,57,1,145,-1,-1,0,32,0.0,0.0,0.0,0.0,0.0,0.0,0.0,0.0
443,39651,6,0.0,0.0,0.0,0.0,0.0,0.0,0.0,0.0,0.0,0.0,502.0,0.0,502.0,502.0,502.0,502.0,0.0,502.0,502.0,0.0,0.0,0.0,0.0,0.0,0,0,0,0,0.0,0.0,0,0,0,0,1,0,0,0,0.0,0.0,0.0,0.0,0,0,0,0,0,0,2,0,0,0,357,-1,0,32,0.0,0.0,0.0,0.0,0.0,0.0,0.0,0.0
57065,53,17,62.0,122.0,31.0,31.0,31.0,0.0,61.0,61.0,61.0,0.0,20306.66,35155.713,60964.0,3.0,3.0,3.0,0.0,3.0,3.0,3.0,3.0,0.0,3.0,3.0,0,0,0,0,31.0,61.0,0,0,0,0,0,0,0,0,1.0,53.75,31.0,61.0,0,0,0,0,0,0,2,62,2,122,-1,-1,1,20,0.0,0.0,0.0,0.0,0.0,0.0,0.0,0.0
61750,53,17,52.0,136.0,52.0,52.0,52.0,0.0,136.0,136.0,136.0,0.0,59613.0,0.0,59613.0,59613.0,0.0,0.0,0.0,0.0,0.0,0.0,0.0,0.0,0.0,0.0,0,0,0,0,52.0,136.0,0,0,0,0,0,0,0,0,1.0,120.0,52.0,136.0,0,0,0,0,0,0,1,52,1,136,-1,-1,0,32,0.0,0.0,0.0,0.0,0.0,0.0,0.0,0.0
65386,53,17,62.0,226.0,31.0,31.0,31.0,0.0,113.0,113.0,113.0,0.0,7900.66,13643.652,23698.0,3.0,4.0,4.0,0.0,4.0,4.0,3.0,3.0,0.0,3.0,3.0,0,0,0,0,31.0,113.0,0,0,0,0,0,0,0,0,1.0,89.75,31.0,113.0,0,0,0,0,0,0,2,62,2,226,-1,-1,1,32,0.0,0.0,0.0,0.0,0.0,0.0,0.0,0.0
443,49798,6,37.0,0.0,31.0,6.0,18.5,17.6777,0.0,0.0,0.0,0.0,3.0,0.0,3.0,3.0,3.0,3.0,0.0,3.0,3.0,0.0,0.0,0.0,0.0,0.0,1,0,0,0,6.0,31.0,0,1,0,0,1,0,0,0,0.0,34.0,18.5,0.0,0,0,0,0,0,0,2,37,0,0,110,-1,1,20,0.0,0.0,0.0,0.0,0.0,0.0,0.0,0.0
51345,443,6,1245.0,5661.0,406.0,0.0,96.1077,162.1795,1418.0,0.0,521.6316,633.2411,3708743.87,14409801.336,45009676.0,12.0,90903343.0,7296480.66,19080590.163,45020696.0,128.0,90996508.0,7941857.5,20353241.233,45025930.0,48.0,0,0,0,0,0.0,1418.0,0,0,0,1,0,0,0,0,0.0,262.5368,96.1077,521.6316,0,0,0,0,0,0,13,1245,9,5661,8192,363,12,20,111340.5,136698.743,467651.0,86214.0,44984973.0,284.535,45009670.0,44951841.0
443,49316,6,12.0,0.0,6.0,6.0,6.0,0.0,0.0,0.0,0.0,0.0,3.0,0.0,3.0,3.0,3.0,3.0,0.0,3.0,3.0,0.0,0.0,0.0,0.0,0.0,0,0,0,0,6.0,6.0,0,0,0,0,1,0,0,0,0.0,9.0,6.0,0.0,0,0,0,0,0,0,2,12,0,0,351,-1,1,20,0.0,0.0,0.0,0.0,0.0,0.0,0.0,0.0
443,52446,6,12.0,0.0,6.0,6.0,6.0,0.0,0.0,0.0,0.0,0.0,3.0,0.0,3.0,3.0,3.0,3.0,0.0,3.0,3.0,0.0,0.0,0.0,0.0,0.0,0,0,0,0,6.0,6.0,0,0,0,0,1,0,0,0,0.0,9.0,6.0,0.0,0,0,0,0,0,0,2,12,0,0,367,-1,1,20,0.0,0.0,0.0,0.0,0.0,0.0,0.0,0.0
49860,53,17,64.0,96.0,32.0,32.0,32.0,0.0,48.0,48.0,48.0,0.0,128.33,180.764,376.0,1.0,1.0,1.0,0.0,1.0,1.0,48.0,48.0,0.0,48.0,48.0,0,0,0,0,32.0,48.0,0,0,0,0,0,0,0,0,1.0,48.0,32.0,48.0,0,0,0,0,0,0,2,64,2,96,-1,-1,1,32,0.0,0.0,0.0,0.0,0.0,0.0,0.0,0.0
52611,80,6,12.0,0.0,6.0,6.0,6.0,0.0,0.0,0.0,0.0,0.0,87.0,0.0,87.0,87.0,87.0,87.0,0.0,87.0,87.0,0.0,0.0,0.0,0.0,0.0,0,0,0,0,6.0,6.0,0,0,0,0,1,0,0,0,0.0,9.0,6.0,0.0,0,0,0,0,0,0,2,12,0,0,16425,-1,1,20,0.0,0.0,0.0,0.0,0.0,0.0,0.0,0.0
64010,53,17,164.0,224.0,41.0,41.0,41.0,0.0,112.0,112.0,112.0,0.0,9533.4,15672.898,32231.0,1.0,32377.0,10795.0,18089.666,32321.0,1.0,48.0,48.0,0.0,48.0,48.0,0,0,0,0,41.0,112.0,0,0,0,0,0,0,0,0,0.0,64.8333,41.0,112.0,0,0,0,0,0,0,4,164,2,224,-1,-1,3,20,0.0,0.0,0.0,0.0,0.0,0.0,0.0,0.0
54538,53,17,80.0,200.0,40.0,40.0,40.0,0.0,100.0,100.0,100.0,0.0,10266.0,17747.868,30793.0,3.0,3.0,3.0,0.0,3.0,3.0,3.0,3.0,0.0,3.0,3.0,0,0,0,0,40.0,100.0,0,0,0,0,0,0,0,0,1.0,80.0,40.0,100.0,0,0,0,0,0,0,2,80,2,200,-1,-1,1,20,0.0,0.0,0.0,0.0,0.0,0.0,0.0,0.0
52988,443,6,617.0,164.0,517.0,0.0,88.1429,189.989,152.0,0.0,41.0,74.054,599084.6,1806047.802,5766240.0,3.0,5887262.0,986204.66,2346850.095,5749665.0,3.0,87334.0,29814.66,30982.532,56080.0,322.0,0,0,0,0,0.0,517.0,0,0,0,1,0,0,0,0,0.0,71.0,88.1429,41.0,0,0,0,0,0,0,7,617,4,164,29200,30,6,20,99917.0,0.0,99917.0,99917.0,5769281.0,0.0,5766281.0,5769281.0
53238,443,6,1187.0,5884.0,501.0,0.0,116.125,196.9891,1901.0,0.0,666.1429,741.8436,854499.75,2772246.12,9990682.0,10.0,16144388.0,1959858.57,3129909.243,9990682.0,99.0,10223711.0,1465983.25,3793895.502,10110198.0,47.0,0,0,0,0,0.0,1901.0,0,0,0,1,0,0,0,0,0.0,364.3333,116.125,666.1429,0,0,0,0,0,0,16,1187,9,5884,8192,13718,15,20,86107.0,0.0,86107.0,86107.0,9990607.0,0.0,9990607.0,9990607.0
60710,53,17,47.0,63.0,47.0,47.0,47.0,0.0,63.0,63.0,63.0,0.0,23413.0,0.0,23413.0,23413.0,0.0,0.0,0.0,0.0,0.0,0.0,0.0,0.0,0.0,0.0,0,0,0,0,47.0,63.0,0,0,0,0,0,0,0,0,1.0,78.5,47.0,63.0,0,0,0,0,0,0,1,47,1,63,-1,-1,0,32,0.0,0.0,0.0,0.0,0.0,0.0,0.0,0.0
59615,80,6,12.0,0.0,6.0,6.0,6.0,0.0,0.0,0.0,0.0,0.0,10833.0,0.0,10833.0,10833.0,10833.0,10833.0,0.0,10833.0,10833.0,0.0,0.0,0.0,0.0,0.0,0,0,0,0,6.0,6.0,0,0,0,0,1,0,0,0,0.0,9.0,6.0,0.0,0,0,0,0,0,0,2,12,0,0,16217,-1,1,20,0.0,0.0,0.0,0.0,0.0,0.0,0.0,0.0
443,52300,6,0.0,0.0,0.0,0.0,0.0,0.0,0.0,0.0,0.0,0.0,7819.0,10818.481,14594.0,270.0,14638.0,14638.0,0.0,14638.0,14638.0,0.0,0.0,0.0,0.0,0.0,0,0,0,0,0.0,0.0,0,0,0,0,1,1,0,0,0.0,0.0,0.0,0.0,0,0,0,0,0,0,2,0,1,0,349,32832,0,32,0.0,0.0,0.0,0.0,0.0,0.0,0.0,0.0
55003,443,6,1196.0,123804.0,421.0,0.0,38.0435,78.7421,4344.0,0.0,1723.5932,968.7601,177649.68,1247362.132,10024113.0,1.0,23724459.0,446279.53,1788378.139,10054017.0,3.0,23219679.0,233007.93,1582826.438,10054825.0,1.0,0,0,0,0,0.0,4344.0,0,0,0,1,0,0,0,0,1.0,1115.0642,38.0435,1723.5932,0,0,0,0,0,0,180,1196,102,123804,29200,294,7,32,3688156.6,9740045.454,3812297.0,37071.0,10013659.83,9601.761,10024112.0,10003921.0
60549,53,17,65.0,136.0,65.0,65.0,65.0,0.0,136.0,136.0,136.0,0.0,62617.0,0.0,62617.0,62617.0,0.0,0.0,0.0,0.0,0.0,0.0,0.0,0.0,0.0,0.0,0,0,0,0,65.0,136.0,0,0,0,0,0,0,0,0,1.0,133.0,65.0,136.0,0,0,0,0,0,0,1,65,1,136,-1,-1,0,32,0.0,0.0,0.0,0.0,0.0,0.0,0.0,0.0
55265,80,6,2549.0,50733.0,449.0,0.0,102.7366,196.4475,2896.0,0.0,1173.96,590.0419,954456.9,2965623.601,10002697.0,4.0,66903684.0,2927958.52,4148983.618,10058395.0,4.0,66711778.0,1966442.63,3529496.491,10052681.0,47.0,0,0,0,0,0.0,2896.0,0,0,0,1,0,0,0,0,1.0,734.7578,102.7366,1173.96,0,0,0,0,0,0,38,2549,30,50733,8192,985,37,20,151584.16,207285.417,703698.0,22927.0,10007617.66,4084.791,10002690.0,9999859.0
51372,443,6,364.0,3727.0,213.0,0.0,50.75,83.8258,1460.0,0.0,611.1667,679.2171,22249.88,30216.891,87969.0,38.0,262086.0,52350.57,47259.559,89291.0,125.0,179332.0,39546.4,47604.667,89246.0,49.0,0,0,0,0,0.0,1460.0,0,0,0,1,0,0,0,0,0.0,304.8333,50.75,611.1667,0,0,0,0,0,0,8,364,6,3727,8192,946,7,20,0.0,0.0,0.0,0.0,0.0,0.0,0.0,0.0
51545,80,6,988.0,1468.0,988.0,0.0,194.6,427.7613,1432.0,0.0,364.6,693.2795,73238.5,113804.179,229879.0,64.0,217519.0,109879.25,146516.249,228842.0,443.0,201887.0,65747.75,129118.873,201484.0,1913.0,0,0,0,0,0.0,1432.0,0,0,0,1,0,0,0,0,0.0,264.875,194.6,364.6,0,0,0,0,0,0,5,988,5,1468,65535,59,4,20,0.0,0.0,0.0,0.0,0.0,0.0,0.0,0.0
53667,443,6,123.0,46.0,46.0,0.0,24.6,23.2766,46.0,46.0,46.0,0.0,874265.6,1802438.1,4032704.0,13.0,4063285.0,1010343.25,2000139.158,4032704.0,19.0,0.0,0.0,0.0,0.0,0.0,1,0,0,0,0.0,46.0,0,1,0,0,1,0,0,0,0.0,35.8333,24.6,46.0,0,0,0,0,0,0,5,123,1,46,530,362,2,32,0.0,0.0,0.0,0.0,0.0,0.0,0.0,0.0
14881,53,17,62.0,94.0,31.0,31.0,31.0,0.0,47.0,47.0,47.0,0.0,57.66,99.111,176.0,3.0,4.0,4.0,0.0,4.0,4.0,3.0,3.0,0.0,3.0,3.0,0,0,0,0,31.0,47.0,0,0,0,0,0,0,0,0,1.0,46.75,31.0,47.0,0,0,0,0,0,0,2,62,2,94,-1,-1,1,32,0.0,0.0,0.0,0.0,0.0,0.0,0.0,0.0
443,1177,6,43.0,0.0,31.0,6.0,14.3333,14.4338,0.0,0.0,0.0,0.0,138.5,153.733,276.0,3.0,277.0,138.5,123.942,276.0,3.0,0.0,0.0,0.0,0.0,0.0,0,0,0,0,6.0,31.0,0,0,0,0,1,0,0,0,0.0,16.3333,14.3333,0.0,0,0,0,0,0,0,3,43,0,0,1013,-1,2,20,0.0,0.0,0.0,0.0,0.0,0.0,0.0,0.0
443,60196,6,0.0,0.0,0.0,0.0,0.0,0.0,0.0,0.0,0.0,0.0,26.0,0.0,26.0,26.0,0.0,0.0,0.0,0.0,0.0,0.0,0.0,0.0,0.0,0.0,0,0,0,0,0.0,0.0,0,0,0,0,1,1,0,0,1.0,0.0,0.0,0.0,0,0,0,0,0,0,1,0,1,0,362,32832,0,32,0.0,0.0,0.0,0.0,0.0,0.0,0.0,0.0
60891,53,17,48.0,195.0,48.0,48.0,48.0,0.0,195.0,195.0,195.0,0.0,46219.0,0.0,46219.0,46219.0,0.0,0.0,0.0,0.0,0.0,0.0,0.0,0.0,0.0,0.0,0,0,0,0,48.0,195.0,0,0,0,0,0,0,0,0,1.0,145.5,48.0,195.0,0,0,0,0,0,0,1,48,1,195,-1,-1,0,32,0.0,0.0,0.0,0.0,0.0,0.0,0.0,0.0
34114,80,6,432.0,1766.0,432.0,0.0,27.0,108.0,1766.0,0.0,126.4286,384.1111,3821124.66,4834587.444,10216563.0,25.0,115682184.0,7720184.46,4330796.724,10240025.0,20.0,112508162.0,8055527.23,3839323.838,10240220.0,20796.0,0,0,0,0,0.0,1766.0,0,0,0,1,0,0,0,0,0.0,73.7545,27.0,126.4286,0,0,0,0,0,0,16,432,14,1766,29200,939,1,32,32791.45,10852.686,85791.0,22926.0,10199560.81,1119.054,10216561.0,10013823.0
50677,53,17,80.0,294.0,40.0,40.0,40.0,0.0,147.0,147.0,147.0,0.0,20315.0,35077.378,60842.0,3.0,48.0,48.0,0.0,48.0,48.0,3.0,3.0,0.0,3.0,3.0,0,0,0,0,40.0,147.0,0,0,0,0,0,0,0,0,1.0,103.5,40.0,147.0,0,0,0,0,0,0,2,80,2,294,-1,-1,1,32,0.0,0.0,0.0,0.0,0.0,0.0,0.0,0.0
443,41486,6,0.0,0.0,0.0,0.0,0.0,0.0,0.0,0.0,0.0,0.0,50534.0,70446.679,100597.0,77.0,100575.0,50575.0,0.0,100575.0,100575.0,0.0,0.0,0.0,0.0,0.0,0,0,0,0,0.0,0.0,0,0,0,0,1,0,0,0,0.0,0.0,0.0,0.0,0,0,0,0,0,0,2,0,1,0,362,532,0,32,0.0,0.0,0.0,0.0,0.0,0.0,0.0,0.0
443,54513,6,37.0,0.0,37.0,0.0,18.5,26.163,0.0,0.0,0.0,0.0,3.0,0.0,3.0,3.0,3.0,3.0,0.0,3.0,3.0,0.0,0.0,0.0,0.0,0.0,1,0,0,0,0.0,37.0,0,1,0,0,1,0,0,0,0.0,37.0,18.5,0.0,0,0,0,0,0,0,2,37,0,0,114,-1,0,32,0.0,0.0,0.0,0.0,0.0,0.0,0.0,0.0
57365,443,6,739.0,799.0,485.0,0.0,73.9,152.6765,661.0,0.0,159.8,286.4807,10379.0,12389.213,36677.0,2.0,162946.0,16891.88,20906.101,53244.0,2.0,92939.0,23487.75,19931.342,36961.0,512.0,0,0,0,0,0.0,661.0,0,0,0,1,0,0,0,0,0.0,102.5333,73.9,159.8,0,0,0,0,0,0,10,739,5,799,65535,349,5,32,0.0,0.0,0.0,0.0,0.0,0.0,0.0,0.0
53145,443,6,4079.0,3956.0,2999.0,0.0,831.4444,1048.5892,1460.0,0.0,510.2857,674.7023,55808.15,92705.713,276918.0,77.0,739210.0,109852.0,122055.262,278918.0,1611.0,546460.0,59396.0,157566.706,250207.0,250.0,0,0,0,0,0.0,2999.0,0,0,0,1,0,0,0,0,1.0,578.1923,831.4444,510.2857,0,0,0,0,0,0,9,4079,7,3956,8192,272,8,20,0.0,0.0,0.0,0.0,0.0,0.0,0.0,0.0
51904,53,17,168.0,216.0,42.0,42.0,42.0,0.0,108.0,108.0,108.0,0.0,35514.8,79122.285,146988.0,3.0,31353.0,10414.33,18511.54,31357.0,3.0,46.0,46.0,0.0,46.0,46.0,0,0,0,0,42.0,108.0,0,0,0,0,0,0,0,0,0.0,60.6667,42.0,108.0,0,0,0,0,0,0,4,168,2,216,-1,-1,3,32,0.0,0.0,0.0,0.0,0.0,0.0,0.0,0.0
56340,53,17,66.0,316.0,33.0,33.0,33.0,0.0,158.0,158.0,158.0,0.0,67.66,72.903,147.0,4.0,48.0,48.0,0.0,48.0,48.0,4.0,4.0,0.0,4.0,4.0,0,0,0,0,33.0,158.0,0,0,0,0,0,0,0,0,1.0,103.75,33.0,158.0,0,0,0,0,0,0,2,66,2,316,-1,-1,1,32,0.0,0.0,0.0,0.0,0.0,0.0,0.0,0.0
64392,443,6,18.0,0.0,6.0,6.0,6.0,0.0,0.0,0.0,0.0,0.0,75.33,59.694,140.0,48.0,231.0,115.5,169.899,230.0,48.0,0.0,0.0,0.0,0.0,0.0,0,0,0,0,0.0,6.0,1,0,0,0,0,0,0,0,0.0,6.0,6.0,0.0,0,0,0,0,0,0,3,18,1,0,0,933,2,20,0.0,0.0,0.0,0.0,0.0,0.0,0.0,0.0
80,55099,6,6.0,6.0,6.0,6.0,6.0,0.0,6.0,6.0,6.0,0.0,53.0,0.0,53.0,53.0,0.0,0.0,0.0,0.0,0.0,0.0,0.0,0.0,0.0,0.0,0,0,0,0,6.0,6.0,0,0,0,0,1,1,0,0,1.0,9.0,6.0,6.0,0,0,0,0,0,0,1,6,1,6,112,256,0,20,0.0,0.0,0.0,0.0,0.0,0.0,0.0,0.0
60619,53,17,60.0,168.0,60.0,60.0,60.0,0.0,168.0,168.0,168.0,0.0,46650.0,0.0,46650.0,46650.0,0.0,0.0,0.0,0.0,0.0,0.0,0.0,0.0,0.0,0.0,0,0,0,0,60.0,168.0,0,0,0,0,0,0,0,0,1.0,144.0,60.0,168.0,0,0,0,0,0,0,1,60,1,168,-1,-1,0,20,0.0,0.0,0.0,0.0,0.0,0.0,0.0,0.0
51081,443,6,713.0,479.0,469.0,0.0,71.3,147.2874,341.0,0.0,95.8,149.5299,6625.07,9415.847,29116.0,3.0,84241.0,9131.44,11798.926,26851.0,3.0,51118.0,12624.0,13198.237,29806.0,423.0,0,0,0,0,0.0,469.0,0,0,0,1,0,0,0,0,0.0,79.4667,71.3,95.8,0,0,0,0,0,0,10,713,5,479,65535,972,5,32,0.0,0.0,0.0,0.0,0.0,0.0,0.0,0.0
51970,53,17,140.0,394.0,35.0,35.0,35.0,0.0,97.0,97.0,97.0,0.0,5691.57,11302.389,31896.0,3.0,35436.0,11572.0,21188.199,35439.0,3.0,5172.0,1727.33,1501.826,5101.0,3.0,0,0,0,0,35.0,97.0,0,0,0,0,0,0,0,0,1.0,75.375,35.0,97.0,0,0,0,0,0,0,4,140,4,394,-1,-1,3,20,0.0,0.0,0.0,0.0,0.0,0.0,0.0,0.0
50031,53,17,54.0,118.0,27.0,27.0,27.0,0.0,59.0,59.0,59.0,0.0,34027.0,58855.014,102070.0,3.0,3.0,3.0,0.0,3.0,3.0,4.0,4.0,0.0,4.0,4.0,0,0,0,0,27.0,59.0,0,0,0,0,0,0,0,0,1.0,49.75,27.0,59.0,0,0,0,0,0,0,2,54,2,118,-1,-1,1,32,0.0,0.0,0.0,0.0,0.0,0.0,0.0,0.0
42682,443,6,599.0,152.0,517.0,0.0,85.5714,191.3085,152.0,0.0,38.0,76.0,559649.0,1560893.063,4947383.0,49.0,5088125.0,878504.16,2034300.826,4917418.0,49.0,99499.0,36499.0,32525.524,67809.0,905.0,0,0,0,0,0.0,517.0,0,0,0,1,0,0,0,0,0.0,68.2727,85.5714,38.0,0,0,0,0,0,0,7,599,4,152,29200,939,3,32,0.0,0.0,0.0,0.0,0.0,0.0,0.0,0.0
62071,53,17,62.0,94.0,31.0,31.0,31.0,0.0,47.0,47.0,47.0,0.0,56.33,91.511,163.0,3.0,4.0,4.0,0.0,4.0,4.0,3.0,3.0,0.0,3.0,3.0,0,0,0,0,31.0,47.0,0,0,0,0,0,0,0,0,1.0,46.75,31.0,47.0,0,0,0,0,0,0,2,62,2,94,-1,-1,1,32,0.0,0.0,0.0,0.0,0.0,0.0,0.0,0.0
63480,53,17,72.0,104.0,36.0,36.0,36.0,0.0,52.0,52.0,52.0,0.0,75879.33,124607.279,217632.0,4.0,4.0,4.0,0.0,4.0,4.0,4.0,4.0,0.0,4.0,4.0,0,0,0,0,36.0,52.0,0,0,0,0,0,0,0,0,1.0,53.0,36.0,52.0,0,0,0,0,0,0,2,72,2,104,-1,-1,1,32,0.0,0.0,0.0,0.0,0.0,0.0,0.0,0.0
50950,22,6,2628.0,6934.0,456.0,0.0,66.5366,104.1296,976.0,0.0,157.5714,312.1115,15565.9,109968.486,951869.0,1.0,1307291.0,32912.27,178960.597,993177.0,1.0,308119.0,811.12,22000.901,91806.0,1.0,0,0,0,0,0.0,976.0,0,0,0,1,0,0,0,0,1.0,112.7955,66.5366,157.5714,0,0,0,0,0,0,41,2628,42,6934,29200,243,24,32,0.0,0.0,0.0,0.0,0.0,0.0,0.0,0.0
51556,80,6,12.0,0.0,6.0,0.0,4.0,3.4641,0.0,0.0,0.0,0.0,1962787.33,3370573.322,5872523.0,37.0,5894454.0,2947227.0,4181963.108,5872523.0,23030.0,0.0,0.0,0.0,0.0,0.0,0,0,0,0,0.0,6.0,0,0,0,1,0,0,0,0,0.0,3.0,4.0,0.0,0,0,0,0,0,0,3,12,1,0,8192,29200,2,20,0.0,0.0,0.0,0.0,0.0,0.0,0.0,0.0
28232,53,17,46.0,46.0,23.0,23.0,23.0,0.0,23.0,23.0,23.0,0.0,56.66,94.284,163.0,1.0,1.0,1.0,0.0,1.0,1.0,1.0,1.0,0.0,1.0,1.0,0,0,0,0,23.0,23.0,0,0,0,0,0,0,0,0,1.0,28.75,23.0,23.0,0,0,0,0,0,0,2,46,2,46,-1,-1,1,32,0.0,0.0,0.0,0.0,0.0,0.0,0.0,0.0
62517,53,17,42.0,185.0,42.0,42.0,42.0,0.0,185.0,185.0,185.0,0.0,73521.0,0.0,73521.0,73521.0,0.0,0.0,0.0,0.0,0.0,0.0,0.0,0.0,0.0,0.0,0,0,0,0,42.0,185.0,0,0,0,0,0,0,0,0,1.0,134.5,42.0,185.0,0,0,0,0,0,0,1,42,1,185,-1,-1,0,20,0.0,0.0,0.0,0.0,0.0,0.0,0.0,0.0
443,57046,6,37.0,0.0,37.0,0.0,12.3333,21.362,0.0,0.0,0.0,0.0,8.5,7.771,14.0,3.0,15.0,7.5,7.043,14.0,3.0,0.0,0.0,0.0,0.0,0.0,0,0,0,0,0.0,37.0,0,0,0,0,1,0,0,0,0.0,12.3333,12.3333,0.0,0,0,0,0,0,0,3,37,0,0,114,-1,1,32,0.0,0.0,0.0,0.0,0.0,0.0,0.0,0.0
61216,53,17,49.0,96.0,49.0,49.0,49.0,0.0,96.0,96.0,96.0,0.0,49890.0,0.0,49890.0,49890.0,0.0,0.0,0.0,0.0,0.0,0.0,0.0,0.0,0.0,0.0,0,0,0,0,49.0,96.0,0,0,0,0,0,0,0,0,1.0,97.0,49.0,96.0,0,0,0,0,0,0,1,49,1,96,-1,-1,0,20,0.0,0.0,0.0,0.0,0.0,0.0,0.0,0.0
49685,443,6,53.0,0.0,53.0,0.0,26.5,37.4767,0.0,0.0,0.0,0.0,3.0,0.0,3.0,3.0,3.0,3.0,0.0,3.0,3.0,0.0,0.0,0.0,0.0,0.0,1,0,0,0,0.0,53.0,0,1,0,0,1,0,0,0,0.0,53.0,26.5,0.0,0,0,0,0,0,0,2,53,0,0,40240,-1,0,32,0.0,0.0,0.0,0.0,0.0,0.0,0.0,0.0
50671,443,6,135.0,46.0,46.0,6.0,27.0,20.1246,46.0,46.0,46.0,0.0,827669.0,1907835.903,4354335.0,3.0,4443698.0,1180949.0,2169749.8,4354335.0,3.0,0.0,0.0,0.0,0.0,0.0,1,0,0,0,6.0,46.0,0,1,0,0,1,0,0,0,0.0,37.8333,27.0,46.0,0,0,0,0,0,0,5,135,1,46,16537,360,4,20,0.0,0.0,0.0,0.0,0.0,0.0,0.0,0.0
56692,443,6,2122.0,5232.0,3069.0,0.0,315.8889,752.7563,1460.0,2.0,582.4444,697.4235,4070.88,8028.332,15558.0,1.0,56344.0,7011.4,9065.705,15479.0,1.0,28163.0,8215.37,7274.53,10679.0,1.0,0,0,0,0,0.0,3069.0,0,0,0,1,0,0,0,0,1.0,464.7125,315.8889,582.4444,0,0,0,0,0,0,6,2122,9,5232,8192,65535,5,20,0.0,0.0,0.0,0.0,0.0,0.0,0.0,0.0
61918,53,17,64.0,117.0,64.0,64.0,64.0,0.0,117.0,117.0,117.0,0.0,61259.0,0.0,61259.0,61259.0,0.0,0.0,0.0,0.0,0.0,0.0,0.0,0.0,0.0,0.0,0,0,0,0,64.0,117.0,0,0,0,0,0,0,0,0,1.0,122.5,64.0,117.0,0,0,0,0,0,0,1,64,1,117,-1,-1,0,32,0.0,0.0,0.0,0.0,0.0,0.0,0.0,0.0
80,64504,6,0.0,0.0,0.0,0.0,0.0,0.0,0.0,0.0,0.0,0.0,23.0,0.0,23.0,23.0,0.0,0.0,0.0,0.0,0.0,0.0,0.0,0.0,0.0,0.0,0,0,0,0,0.0,0.0,0,0,0,0,1,1,0,0,1.0,0.0,0.0,0.0,0,0,0,0,0,0,1,0,1,0,118,33304,0,32,0.0,0.0,0.0,0.0,0.0,0.0,0.0,0.0
60241,53,17,54.0,310.0,54.0,54.0,54.0,0.0,310.0,310.0,310.0,0.0,46339.0,0.0,46339.0,46339.0,0.0,0.0,0.0,0.0,0.0,0.0,0.0,0.0,0.0,0.0,0,0,0,0,54.0,310.0,0,0,0,0,0,0,0,0,1.0,219.0,54.0,310.0,0,0,0,0,0,0,1,54,1,310,-1,-1,0,20,0.0,0.0,0.0,0.0,0.0,0.0,0.0,0.0
57622,53,17,46.0,46.0,23.0,23.0,23.0,0.0,23.0,23.0,23.0,0.0,62.66,106.631,182.0,2.0,2.0,2.0,0.0,2.0,2.0,3.0,3.0,0.0,3.0,3.0,0,0,0,0,23.0,23.0,0,0,0,0,0,0,0,0,1.0,28.75,23.0,23.0,0,0,0,0,0,0,2,46,2,46,-1,-1,1,32,0.0,0.0,0.0,0.0,0.0,0.0,0.0,0.0
59281,443,6,713.0,479.0,469.0,0.0,71.3,147.2874,341.0,0.0,95.8,149.5299,5466.42,9682.04,23684.0,46.0,84118.0,9025.44,11266.736,26281.0,48.0,59476.0,12424.0,13973.745,23651.0,394.0,0,0,0,0,0.0,469.0,0,0,0,1,0,0,0,0,0.0,79.4667,71.3,95.8,0,0,0,0,0,0,10,713,5,479,65535,972,5,32,0.0,0.0,0.0,0.0,0.0,0.0,0.0,0.0
61985,53,17,61.0,112.0,61.0,61.0,61.0,0.0,112.0,112.0,112.0,0.0,516.0,0.0,516.0,516.0,0.0,0.0,0.0,0.0,0.0,0.0,0.0,0.0,0.0,0.0,0,0,0,0,61.0,112.0,0,0,0,0,0,0,0,0,1.0,117.0,61.0,112.0,0,0,0,0,0,0,1,61,1,112,-1,-1,0,20,0.0,0.0,0.0,0.0,0.0,0.0,0.0,0.0
50172,80,6,0.0,0.0,0.0,0.0,0.0,0.0,0.0,0.0,0.0,0.0,106650.0,0.0,106650.0,106650.0,0.0,0.0,0.0,0.0,0.0,0.0,0.0,0.0,0.0,0.0,0,0,0,0,0.0,0.0,0,0,0,0,1,1,0,0,1.0,0.0,0.0,0.0,0,0,0,0,0,0,1,0,1,0,237,239,0,32,0.0,0.0,0.0,0.0,0.0,0.0,0.0,0.0
60943,53,17,64.0,117.0,64.0,64.0,64.0,0.0,117.0,117.0,117.0,0.0,131234.0,0.0,131234.0,131234.0,0.0,0.0,0.0,0.0,0.0,0.0,0.0,0.0,0.0,0.0,0,0,0,0,64.0,117.0,0,0,0,0,0,0,0,0,1.0,122.5,64.0,117.0,0,0,0,0,0,0,1,64,1,117,-1,-1,0,32,0.0,0.0,0.0,0.0,0.0,0.0,0.0,0.0
443,53766,6,12.0,0.0,6.0,6.0,6.0,0.0,0.0,0.0,0.0,0.0,223.0,0.0,223.0,223.0,223.0,223.0,0.0,223.0,223.0,0.0,0.0,0.0,0.0,0.0,0,0,0,0,6.0,6.0,0,0,0,0,1,0,0,0,0.0,9.0,6.0,0.0,0,0,0,0,0,0,2,12,0,0,127,-1,1,20,0.0,0.0,0.0,0.0,0.0,0.0,0.0,0.0
36772,443,6,617.0,164.0,517.0,0.0,88.1429,189.989,152.0,0.0,41.0,74.054,508130.0,1542861.722,4940991.0,49.0,5046169.0,844503.16,2042929.867,5009589.0,49.0,80333.0,26477.33,30514.574,59115.0,221.0,0,0,0,0,0.0,517.0,0,0,0,1,0,0,0,0,0.0,71.0,88.1429,41.0,0,0,0,0,0,0,7,617,4,164,29200,30,6,20,0.0,0.0,0.0,0.0,0.0,0.0,0.0,0.0
63255,53,17,70.0,102.0,35.0,35.0,35.0,0.0,51.0,51.0,51.0,0.0,59.0,66.711,126.0,3.0,3.0,3.0,0.0,3.0,3.0,49.0,49.0,0.0,49.0,49.0,0,0,0,0,35.0,51.0,0,0,0,0,0,0,0,0,1.0,51.75,35.0,51.0,0,0,0,0,0,0,2,70,2,102,-1,-1,1,32,0.0,0.0,0.0,0.0,0.0,0.0,0.0,0.0
63903,443,6,1115.0,34181.0,493.0,0.0,33.2727,115.4399,4344.0,0.0,1273.2931,1070.9221,1277506.68,3382457.042,10024812.0,1.0,115778079.0,2736487.96,4373319.95,10042099.0,1.0,110606022.0,2372301.86,4018637.694,10048083.0,1.0,0,0,0,0,0.0,4344.0,0,0,0,1,0,0,0,0,1.0,754.4592,33.2727,1273.2931,0,0,0,0,0,0,43,1115,46,34181,29200,972,5,32,46731.18,25087.592,155251.0,23119.0,10020885.36,8706.855,10024818.0,9999276.0
443,57006,6,0.0,0.0,0.0,0.0,0.0,0.0,0.0,0.0,0.0,0.0,62.0,0.0,62.0,62.0,0.0,0.0,0.0,0.0,0.0,0.0,0.0,0.0,0.0,0.0,0,0,0,0,0.0,0.0,0,0,0,0,1,1,0,0,1.0,0.0,0.0,0.0,0,0,0,0,0,0,1,0,1,0,349,778,0,32,0.0,0.0,0.0,0.0,0.0,0.0,0.0,0.0
31740,443,6,0.0,0.0,0.0,0.0,0.0,0.0,0.0,0.0,0.0,0.0,95879.0,0.0,95879.0,95879.0,0.0,0.0,0.0,0.0,0.0,0.0,0.0,0.0,0.0,0.0,0,0,0,0,0.0,0.0,0,0,0,0,1,1,0,0,1.0,0.0,0.0,0.0,0,0,0,0,0,0,1,0,1,0,304,254,0,32,0.0,0.0,0.0,0.0,0.0,0.0,0.0,0.0
60941,53,17,44.0,138.0,44.0,44.0,44.0,0.0,138.0,138.0,138.0,0.0,47691.0,0.0,47691.0,47691.0,0.0,0.0,0.0,0.0,0.0,0.0,0.0,0.0,0.0,0.0,0,0,0,0,44.0,138.0,0,0,0,0,0,0,0,0,1.0,113.0,44.0,138.0,0,0,0,0,0,0,1,44,1,138,-1,-1,0,20,0.0,0.0,0.0,0.0,0.0,0.0,0.0,0.0
19328,53,17,84.0,204.0,42.0,42.0,42.0,0.0,102.0,102.0,102.0,0.0,62.33,67.112,137.0,4.0,4.0,4.0,0.0,4.0,4.0,47.0,47.0,0.0,47.0,47.0,0,0,0,0,42.0,102.0,0,0,0,0,0,0,0,0,1.0,82.5,42.0,102.0,0,0,0,0,0,0,2,84,2,204,-1,-1,1,32,0.0,0.0,0.0,0.0,0.0,0.0,0.0,0.0
53866,139,6,2488.0,3164.0,194.0,0.0,50.8462,75.8989,440.0,0.0,121.6923,132.6912,480.85,2536.135,22337.0,1.0,37461.0,356.41,3226.166,22936.0,1.0,22987.0,1093.85,3753.522,26490.0,3.0,0,0,0,0,0.0,440.0,0,0,0,1,0,0,0,0,0.0,75.8604,50.8462,121.6923,0,0,0,0,0,0,49,2488,26,3164,65535,269,22,32,0.0,0.0,0.0,0.0,0.0,0.0,0.0,0.0
60806,53,17,70.0,254.0,35.0,35.0,35.0,0.0,127.0,127.0,127.0,0.0,122443.33,205779.139,377226.0,3.0,3.0,3.0,0.0,3.0,3.0,4.0,4.0,0.0,4.0,4.0,0,0,0,0,35.0,127.0,0,0,0,0,0,0,0,0,1.0,89.75,35.0,127.0,0,0,0,0,0,0,2,70,2,254,-1,-1,1,32,0.0,0.0,0.0,0.0,0.0,0.0,0.0,0.0
443,51907,6,43.0,0.0,31.0,6.0,14.3333,14.4338,0.0,0.0,0.0,0.0,2.0,1.414,3.0,1.0,4.0,2.0,1.414,3.0,1.0,0.0,0.0,0.0,0.0,0.0,0,0,0,0,6.0,31.0,0,0,0,0,1,0,0,0,0.0,16.3333,14.3333,0.0,0,0,0,0,0,0,3,43,0,0,62,-1,2,20,0.0,0.0,0.0,0.0,0.0,0.0,0.0,0.0
54013,53,17,54.0,86.0,27.0,27.0,27.0,0.0,43.0,43.0,43.0,0.0,66.0,107.076,191.0,3.0,4.0,4.0,0.0,4.0,4.0,3.0,3.0,0.0,3.0,3.0,0,0,0,0,27.0,43.0,0,0,0,0,0,0,0,0,1.0,41.75,27.0,43.0,0,0,0,0,0,0,2,54,2,86,-1,-1,1,32,0.0,0.0,0.0,0.0,0.0,0.0,0.0,0.0
80,50516,6,0.0,0.0,0.0,0.0,0.0,0.0,0.0,0.0,0.0,0.0,83.0,0.0,83.0,83.0,0.0,0.0,0.0,0.0,0.0,0.0,0.0,0.0,0.0,0.0,0,0,0,0,0.0,0.0,0,0,0,0,1,1,0,0,1.0,0.0,0.0,0.0,0,0,0,0,0,0,1,0,1,0,118,1229,0,32,0.0,0.0,0.0,0.0,0.0,0.0,0.0,0.0
63538,443,6,65.0,0.0,53.0,6.0,21.6667,27.1355,0.0,0.0,0.0,0.0,85.5,93.239,177.0,3.0,185.0,92.5,44.488,177.0,3.0,0.0,0.0,0.0,0.0,0.0,0,0,0,0,6.0,53.0,0,0,0,0,1,0,0,0,0.0,23.6667,21.6667,0.0,0,0,0,0,0,0,3,65,0,0,62253,-1,2,20,0.0,0.0,0.0,0.0,0.0,0.0,0.0,0.0
123,123,17,48.0,48.0,48.0,48.0,48.0,0.0,48.0,48.0,48.0,0.0,93706.0,0.0,93706.0,93706.0,0.0,0.0,0.0,0.0,0.0,0.0,0.0,0.0,0.0,0.0,0,0,0,0,48.0,48.0,0,0,0,0,0,0,0,0,1.0,72.0,48.0,48.0,0,0,0,0,0,0,1,48,1,48,-1,-1,0,32,0.0,0.0,0.0,0.0,0.0,0.0,0.0,0.0
62448,53,17,49.0,65.0,49.0,49.0,49.0,0.0,65.0,65.0,65.0,0.0,60547.0,0.0,60547.0,60547.0,0.0,0.0,0.0,0.0,0.0,0.0,0.0,0.0,0.0,0.0,0,0,0,0,49.0,65.0,0,0,0,0,0,0,0,0,1.0,81.5,49.0,65.0,0,0,0,0,0,0,1,49,1,65,-1,-1,0,20,0.0,0.0,0.0,0.0,0.0,0.0,0.0,0.0
61889,53,17,48.0,142.0,48.0,48.0,48.0,0.0,142.0,142.0,142.0,0.0,31189.0,0.0,31189.0,31189.0,0.0,0.0,0.0,0.0,0.0,0.0,0.0,0.0,0.0,0.0,0,0,0,0,48.0,142.0,0,0,0,0,0,0,0,0,1.0,119.0,48.0,142.0,0,0,0,0,0,0,1,48,1,142,-1,-1,0,32,0.0,0.0,0.0,0.0,0.0,0.0,0.0,0.0
58212,53,17,80.0,452.0,40.0,40.0,40.0,0.0,226.0,226.0,226.0,0.0,40426.33,69925.125,121274.0,3.0,47.0,47.0,0.0,47.0,47.0,3.0,3.0,0.0,3.0,3.0,0,0,0,0,40.0,226.0,0,0,0,0,0,0,0,0,1.0,143.0,40.0,226.0,0,0,0,0,0,0,2,80,2,452,-1,-1,1,20,0.0,0.0,0.0,0.0,0.0,0.0,0.0,0.0
52008,53,17,74.0,262.0,37.0,37.0,37.0,0.0,131.0,131.0,131.0,0.0,13460.33,23779.949,40373.0,3.0,3.0,3.0,0.0,3.0,3.0,48.0,48.0,0.0,48.0,48.0,0,0,0,0,37.0,131.0,0,0,0,0,0,0,0,0,1.0,93.25,37.0,131.0,0,0,0,0,0,0,2,74,2,262,-1,-1,1,40,0.0,0.0,0.0,0.0,0.0,0.0,0.0,0.0
54964,80,6,439.0,859.0,439.0,0.0,146.3333,253.2768,859.0,0.0,214.75,429.5,7537.66,11902.061,23419.0,3.0,23794.0,11897.0,16308.602,23289.0,720.0,24279.0,8053.0,13441.783,23783.0,3.0,0,0,0,0,0.0,859.0,0,0,0,1,0,0,0,0,1.0,185.4286,146.3333,214.75,0,0,0,0,0,0,3,439,4,859,29200,31,1,32,0.0,0.0,0.0,0.0,0.0,0.0,0.0,0.0
55059,443,6,720.0,1295.0,469.0,0.0,72.0,147.7084,1157.0,0.0,259.0,505.5413,20164.35,36638.086,88967.0,32.0,381321.0,31426.44,46360.062,92710.0,32.0,229781.0,58960.75,50050.84,88271.0,389.0,0,0,0,0,0.0,1157.0,0,0,0,1,0,0,0,0,0.0,134.3333,72.0,259.0,0,0,0,0,0,0,10,720,5,1295,65535,65,5,32,0.0,0.0,0.0,0.0,0.0,0.0,0.0,0.0
443,41537,6,31.0,6.0,31.0,0.0,15.5,21.9203,6.0,6.0,6.0,0.0,23.5,32.326,44.0,3.0,3.0,3.0,0.0,3.0,3.0,0.0,0.0,0.0,0.0,0.0,1,0,0,0,0.0,31.0,0,1,0,0,1,0,0,0,0.0,22.6667,15.5,6.0,0,0,0,0,0,0,2,31,1,6,1006,0,0,32,0.0,0.0,0.0,0.0,0.0,0.0,0.0,0.0
60336,443,6,1028.0,687.0,517.0,0.0,152.5714,223.5285,506.0,0.0,108.5,236.921,531832.45,1649959.327,4911564.0,74.0,615868.0,52633.66,69680.023,374437.0,134.0,5516338.0,943779.6,2088754.838,4991123.0,411.0,0,0,0,0,0.0,507.0,0,0,0,1,0,0,0,0,1.0,142.1,152.5714,108.5,0,0,0,0,0,0,7,1028,6,687,8192,131,6,20,0.0,0.0,0.0,0.0,0.0,0.0,0.0,0.0
52324,80,6,679.0,28403.0,359.0,0.0,42.1762,115.1359,2896.0,0.0,1029.5625,762.9884,6437.87,39090.607,185550.0,1.0,314945.0,22240.66,57286.747,289221.0,49.0,295694.0,12108.73,41316.479,146275.0,1.0,0,0,0,0,0.0,2896.0,0,0,0,1,0,0,0,0,1.0,562.1667,42.1762,1029.5625,0,0,0,0,0,0,13,679,22,28403,65535,122,1,32,0.0,0.0,0.0,0.0,0.0,0.0,0.0,0.0
56730,443,6,37.0,0.0,37.0,0.0,18.5,26.163,0.0,0.0,0.0,0.0,3.0,0.0,3.0,3.0,3.0,3.0,0.0,3.0,3.0,0.0,0.0,0.0,0.0,0.0,1,0,0,0,0.0,37.0,0,1,0,0,1,0,0,0,0.0,37.0,18.5,0.0,0,0,0,0,0,0,2,37,0,0,65535,-1,0,32,0.0,0.0,0.0,0.0,0.0,0.0,0.0,0.0
51757,443,6,135.0,46.0,46.0,6.0,27.0,20.1246,46.0,46.0,46.0,0.0,871514.6,1791054.722,4028415.0,48.0,4243263.0,1030815.25,1917475.609,4028415.0,48.0,0.0,0.0,0.0,0.0,0.0,1,0,0,0,6.0,46.0,0,1,0,0,1,0,0,0,0.0,37.8333,27.0,46.0,0,0,0,0,0,0,5,135,1,46,16530,360,4,20,0.0,0.0,0.0,0.0,0.0,0.0,0.0,0.0
443,60454,6,37.0,0.0,37.0,0.0,18.5,26.163,0.0,0.0,0.0,0.0,3.0,0.0,3.0,3.0,3.0,3.0,0.0,3.0,3.0,0.0,0.0,0.0,0.0,0.0,1,0,0,0,0.0,37.0,0,1,0,0,1,0,0,0,0.0,37.0,18.5,0.0,0,0,0,0,0,0,2,37,0,0,972,-1,0,32,0.0,0.0,0.0,0.0,0.0,0.0,0.0,0.0
80,51830,6,0.0,0.0,0.0,0.0,0.0,0.0,0.0,0.0,0.0,0.0,43.0,0.0,43.0,43.0,0.0,0.0,0.0,0.0,0.0,0.0,0.0,0.0,0.0,0.0,0,0,0,0,0.0,0.0,0,0,0,0,1,1,0,0,1.0,0.0,0.0,0.0,0,0,0,0,0,0,1,0,1,0,340,265,0,32,0.0,0.0,0.0,0.0,0.0,0.0,0.0,0.0
443,62865,6,37.0,0.0,37.0,0.0,18.5,26.163,0.0,0.0,0.0,0.0,4.0,0.0,4.0,4.0,4.0,4.0,0.0,4.0,4.0,0.0,0.0,0.0,0.0,0.0,1,0,0,0,0.0,37.0,0,1,0,0,1,0,0,0,0.0,37.0,18.5,0.0,0,0,0,0,0,0,2,37,0,0,61,-1,0,32,0.0,0.0,0.0,0.0,0.0,0.0,0.0,0.0
37475,443,6,1071.0,5266.0,738.0,0.0,123.0,260.9451,1460.0,0.0,645.625,652.8349,32941.92,55633.198,148457.0,1.0,465352.0,50354.57,71045.442,148747.0,247.0,450400.0,63021.42,76788.044,158577.0,1.0,0,0,0,0,0.0,1460.0,0,0,0,1,0,0,0,0,1.0,399.8586,123.0,645.625,0,0,0,0,0,0,9,1071,8,5266,29200,60,7,20,0.0,0.0,0.0,0.0,0.0,0.0,0.0,0.0
2532,80,6,592.0,1774.0,430.0,0.0,32.625,106.1106,1768.0,0.0,126.4444,476.0018,3988897.02,4852967.677,10017538.0,54.0,115914434.0,7670955.6,4136033.628,10030798.0,380.0,110362219.0,8494659.3,3758112.222,10031778.0,1785.0,0,0,0,0,0.0,1768.0,0,0,0,1,0,0,0,0,0.0,73.0667,32.625,126.4444,0,0,0,0,0,0,16,592,14,1774,8192,946,15,20,61568.18,76485.854,277404.0,23791.0,9992182.09,14283.093,10017534.0,9754080.0
63716,53,17,84.0,310.0,42.0,42.0,42.0,0.0,155.0,155.0,155.0,0.0,16218.66,28041.912,48609.0,4.0,4.0,4.0,0.0,4.0,4.0,48.0,48.0,0.0,48.0,48.0,0,0,0,0,42.0,155.0,0,0,0,0,0,0,0,0,1.0,109.0,42.0,155.0,0,0,0,0,0,0,2,84,2,310,-1,-1,1,20,0.0,0.0,0.0,0.0,0.0,0.0,0.0,0.0
56174,53,17,78.0,280.0,39.0,39.0,39.0,0.0,140.0,140.0,140.0,0.0,54.33,82.953,156.0,3.0,3.0,3.0,0.0,3.0,3.0,3.0,3.0,0.0,3.0,3.0,0,0,0,0,39.0,140.0,0,0,0,0,0,0,0,0,1.0,99.25,39.0,140.0,0,0,0,0,0,0,2,78,2,280,-1,-1,1,20,0.0,0.0,0.0,0.0,0.0,0.0,0.0,0.0
5382,80,6,3782.0,1482.0,437.0,0.0,197.3,234.0104,746.0,0.0,95.4667,280.046,2137679.24,5257929.494,10005735.0,87.0,119742948.0,4449190.28,4888826.003,10068605.0,34455.0,119249303.0,4907938.68,4660095.754,10064406.0,7822.0,0,0,0,0,0.0,746.0,0,0,0,1,0,0,0,0,0.0,164.6518,197.3,95.4667,0,0,0,0,0,0,20,3782,15,1482,8192,381,19,20,951564.09,1748318.081,5737343.0,50674.0,9614084.18,1503608.29,10005736.0,5553017.0
61169,53,17,68.0,132.0,34.0,34.0,34.0,0.0,66.0,66.0,66.0,0.0,50.66,87.282,145.0,3.0,3.0,3.0,0.0,3.0,3.0,3.0,3.0,0.0,3.0,3.0,0,0,0,0,34.0,66.0,0,0,0,0,0,0,0,0,1.0,58.5,34.0,66.0,0,0,0,0,0,0,2,68,2,132,-1,-1,1,32,0.0,0.0,0.0,0.0,0.0,0.0,0.0,0.0
12514,53,17,70.0,414.0,35.0,35.0,35.0,0.0,207.0,207.0,207.0,0.0,81.66,133.111,231.0,4.0,4.0,4.0,0.0,4.0,4.0,4.0,4.0,0.0,4.0,4.0,0,0,0,0,35.0,207.0,0,0,0,0,0,0,0,0,1.0,129.75,35.0,207.0,0,0,0,0,0,0,2,70,2,414,-1,-1,1,32,0.0,0.0,0.0,0.0,0.0,0.0,0.0,0.0
58993,53,17,64.0,96.0,32.0,32.0,32.0,0.0,48.0,48.0,48.0,0.0,10424.66,18033.417,31261.0,3.0,3.0,3.0,0.0,3.0,3.0,3.0,3.0,0.0,3.0,3.0,0,0,0,0,32.0,48.0,0,0,0,0,0,0,0,0,1.0,48.0,32.0,48.0,0,0,0,0,0,0,2,64,2,96,-1,-1,1,20,0.0,0.0,0.0,0.0,0.0,0.0,0.0,0.0
39419,443,6,31.0,0.0,31.0,0.0,7.75,14.5,0.0,0.0,0.0,0.0,4709469.96,4974870.555,10217387.0,3.0,85465499.0,9042886.0,9675120.079,10240016.0,3.0,80485384.0,10027152.8,888.195,10240105.0,10023183.0,0,0,0,0,0.0,31.0,0,0,0,0,1,0,0,0,0.0,7.4667,7.75,0.0,0,0,0,0,0,0,12,31,6,0,320,312,1,32,28368.0,65.306,28333.0,28303.0,10217029.77,595.276,10217386.0,10218780.0
60566,53,17,68.0,182.0,34.0,34.0,34.0,0.0,91.0,91.0,91.0,0.0,52.33,81.881,150.0,3.0,3.0,3.0,0.0,3.0,3.0,3.0,3.0,0.0,3.0,3.0,0,0,0,0,34.0,91.0,0,0,0,0,0,0,0,0,1.0,71.0,34.0,91.0,0,0,0,0,0,0,2,68,2,182,-1,-1,1,32,0.0,0.0,0.0,0.0,0.0,0.0,0.0,0.0
62215,53,17,105.0,147.0,56.0,49.0,52.5,7.7782,117.0,50.0,86.5,30.3066,3348538.66,5616689.375,2066344.0,30498.0,2068652.0,2068652.0,0.0,2068652.0,2068652.0,2037773.0,9037773.0,0.0,2037773.0,2037773.0,0,0,0,0,49.0,117.0,0,0,0,0,0,0,0,0,1.0,75.25,52.5,86.5,0,0,0,0,0,0,2,105,2,147,-1,-1,1,20,0.0,0.0,0.0,0.0,0.0,0.0,0.0,0.0
65147,53,17,76.0,172.0,38.0,38.0,38.0,0.0,86.0,86.0,86.0,0.0,75.33,42.055,122.0,48.0,48.0,48.0,0.0,48.0,48.0,48.0,48.0,0.0,48.0,48.0,0,0,0,0,38.0,86.0,0,0,0,0,0,0,0,0,1.0,71.5,38.0,86.0,0,0,0,0,0,0,2,76,2,172,-1,-1,1,20,0.0,0.0,0.0,0.0,0.0,0.0,0.0,0.0
63354,443,6,936.0,5103.0,553.0,0.0,66.7333,145.7839,1448.0,0.0,636.625,680.1625,25910.96,50723.499,226461.0,1.0,507965.0,45576.53,80058.583,226461.0,1.0,402343.0,50163.0,107484.426,286314.0,48.0,0,0,0,0,0.0,1448.0,0,0,0,1,0,0,0,0,0.0,295.7617,66.7333,636.625,0,0,0,0,0,0,15,936,8,5103,65535,118,6,32,0.0,0.0,0.0,0.0,0.0,0.0,0.0,0.0
54425,80,6,347.0,594.0,387.0,0.0,114.3333,216.9826,594.0,0.0,194.5,369.0072,48931.25,69983.396,120766.0,70.0,150767.0,75383.5,87418.358,120740.0,28935.0,156252.0,56254.0,134007.459,151042.0,9793.0,0,0,0,0,0.0,594.0,0,0,0,1,0,0,0,0,1.0,159.8714,114.3333,194.5,0,0,0,0,0,0,3,347,4,594,8192,37,2,20,0.0,0.0,0.0,0.0,0.0,0.0,0.0,0.0
443,41486,6,0.0,0.0,0.0,0.0,0.0,0.0,0.0,0.0,0.0,0.0,15.0,0.0,15.0,15.0,0.0,0.0,0.0,0.0,0.0,0.0,0.0,0.0,0.0,0.0,0,0,0,0,0.0,0.0,0,0,0,0,1,1,0,0,1.0,0.0,0.0,0.0,0,0,0,0,0,0,1,0,1,0,115,1423,0,32,0.0,0.0,0.0,0.0,0.0,0.0,0.0,0.0
49672,80,6,322.0,2257.0,326.0,0.0,60.0,146.6564,1448.0,0.0,453.4,659.9329,9010.84,15500.118,30572.0,4.0,95058.0,18205.33,17596.439,30628.0,4.0,33247.0,7612.75,13454.488,30991.0,40.0,0,0,0,0,0.0,1448.0,0,0,0,1,0,0,0,0,1.0,277.05,60.0,453.4,0,0,0,0,0,0,4,322,5,2257,65535,235,1,32,0.0,0.0,0.0,0.0,0.0,0.0,0.0,0.0
57153,443,6,830.0,26432.0,317.0,0.0,20.0,77.9504,2865.0,0.0,818.7778,895.0498,1966894.36,3884782.353,10003140.0,2.0,116397870.0,3943621.0,4883797.464,10024443.0,3.0,110339683.0,3989586.34,4922497.11,10023877.0,2.0,0,0,0,0,0.0,2865.0,0,0,0,1,0,0,0,0,0.0,497.6,20.0,818.7778,0,0,0,0,0,0,30,830,28,26432,8192,366,29,20,70142.81,93947.989,229768.0,22963.0,9633292.09,1319670.437,10003149.0,5006257.0
56223,53,17,76.0,180.0,38.0,38.0,38.0,0.0,90.0,90.0,90.0,0.0,50.0,88.719,143.0,3.0,4.0,4.0,0.0,4.0,4.0,3.0,3.0,0.0,3.0,3.0,0,0,0,0,38.0,90.0,0,0,0,0,0,0,0,0,1.0,73.5,38.0,90.0,0,0,0,0,0,0,2,76,2,180,-1,-1,1,20,0.0,0.0,0.0,0.0,0.0,0.0,0.0,0.0
54536,443,6,1839.0,11330.0,478.0,0.0,87.9024,159.6902,1745.0,0.0,488.0769,707.711,1939231.72,3920355.031,10010875.0,1.0,64404985.0,3973292.47,4902581.083,10036440.0,1.0,64335085.0,4140110.64,5009291.571,10036029.0,3.0,0,0,0,0,0.0,1745.0,0,0,0,1,0,0,0,0,0.0,262.3391,87.9024,488.0769,0,0,0,0,0,0,22,1839,19,11330,8192,127,21,20,490699.16,1655096.301,3786120.0,50473.0,9960931.0,100502.092,10010872.0,9849183.0
53899,443,6,135.0,46.0,46.0,6.0,27.0,20.1246,46.0,46.0,46.0,0.0,733179.8,1553343.148,3466444.0,4.0,3651898.0,915449.5,1704653.137,3466444.0,4.0,0.0,0.0,0.0,0.0,0.0,1,0,0,0,6.0,46.0,0,1,0,0,1,0,0,0,0.0,37.8333,27.0,46.0,0,0,0,0,0,0,5,135,1,46,16287,180,4,20,0.0,0.0,0.0,0.0,0.0,0.0,0.0,0.0
57505,53,17,148.0,234.0,37.0,37.0,37.0,0.0,117.0,117.0,117.0,0.0,12181.6,16614.608,36611.0,3.0,36742.0,12210.66,20466.969,36645.0,4.0,4.0,4.0,0.0,4.0,4.0,0,0,0,0,37.0,117.0,0,0,0,0,0,0,0,0,0.0,66.5,37.0,117.0,0,0,0,0,0,0,4,148,2,234,-1,-1,3,32,0.0,0.0,0.0,0.0,0.0,0.0,0.0,0.0
53124,443,6,12.0,0.0,6.0,6.0,6.0,0.0,0.0,0.0,0.0,0.0,4.0,0.0,4.0,4.0,4.0,4.0,0.0,4.0,4.0,0.0,0.0,0.0,0.0,0.0,0,0,0,0,6.0,6.0,1,0,0,0,0,0,0,0,0.0,9.0,6.0,0.0,0,0,0,0,0,0,2,12,0,0,0,-1,1,20,0.0,0.0,0.0,0.0,0.0,0.0,0.0,0.0
61048,443,6,12.0,0.0,6.0,6.0,6.0,0.0,0.0,0.0,0.0,0.0,131.0,0.0,131.0,131.0,131.0,131.0,0.0,131.0,131.0,0.0,0.0,0.0,0.0,0.0,0,0,0,0,6.0,6.0,0,0,0,0,1,0,0,0,0.0,9.0,6.0,0.0,0,0,0,0,0,0,2,12,0,0,63955,-1,1,20,0.0,0.0,0.0,0.0,0.0,0.0,0.0,0.0
53155,443,6,1349.0,934.0,1093.0,0.0,122.3846,314.1977,836.0,0.0,67.8889,238.9423,2114156.8,4125159.943,10029647.0,39.0,60791002.0,4331400.4,5171610.617,10148013.0,557.0,60741381.0,5523898.61,5225945.73,10148031.0,230.0,0,0,0,0,0.0,1093.0,0,0,0,1,0,0,0,0,0.0,91.9072,122.3846,67.8889,0,0,0,0,0,0,13,1349,14,934,29200,248,3,32,74983.83,96686.236,291623.0,50645.0,9945145.16,127361.921,10029645.0,9728979.0
443,55058,6,6.0,6.0,6.0,6.0,6.0,0.0,6.0,6.0,6.0,0.0,48.0,0.0,48.0,48.0,0.0,0.0,0.0,0.0,0.0,0.0,0.0,0.0,0.0,0.0,0,0,0,0,6.0,6.0,0,0,0,0,1,0,0,0,1.0,9.0,6.0,6.0,0,0,0,0,0,0,1,6,1,6,8192,35013,0,20,0.0,0.0,0.0,0.0,0.0,0.0,0.0,0.0
61463,53,17,136.0,392.0,68.0,68.0,68.0,0.0,196.0,196.0,196.0,0.0,60.66,90.581,175.0,3.0,3.0,3.0,0.0,3.0,3.0,3.0,3.0,0.0,3.0,3.0,0,0,0,0,68.0,196.0,0,0,0,0,0,0,0,0,1.0,149.0,68.0,196.0,0,0,0,0,0,0,2,136,2,392,-1,-1,1,32,0.0,0.0,0.0,0.0,0.0,0.0,0.0,0.0
56664,53,17,86.0,222.0,43.0,43.0,43.0,0.0,111.0,111.0,111.0,0.0,15883.66,27574.706,47646.0,1.0,1.0,1.0,0.0,1.0,1.0,3.0,3.0,0.0,3.0,3.0,0,0,0,0,43.0,111.0,0,0,0,0,0,0,0,0,1.0,87.75,43.0,111.0,0,0,0,0,0,0,2,86,2,222,-1,-1,1,32,0.0,0.0,0.0,0.0,0.0,0.0,0.0,0.0
40548,443,6,12.0,0.0,6.0,6.0,6.0,0.0,0.0,0.0,0.0,0.0,4.0,0.0,4.0,4.0,4.0,4.0,0.0,4.0,4.0,0.0,0.0,0.0,0.0,0.0,0,0,0,0,6.0,6.0,1,0,0,0,0,0,0,0,0.0,9.0,6.0,0.0,0,0,0,0,0,0,2,12,0,0,0,-1,1,20,0.0,0.0,0.0,0.0,0.0,0.0,0.0,0.0
51678,80,6,12.0,0.0,6.0,0.0,4.0,3.4641,0.0,0.0,0.0,0.0,2017574.33,3435843.905,5929943.0,118.0,6042544.0,3021272.0,4173852.92,5929943.0,32306.0,0.0,0.0,0.0,0.0,0.0,0,0,0,0,0.0,6.0,0,0,0,1,0,0,0,0,0.0,3.0,4.0,0.0,0,0,0,0,0,0,3,12,1,0,8192,29200,2,20,0.0,0.0,0.0,0.0,0.0,0.0,0.0,0.0
31517,443,6,961.0,4940.0,561.0,0.0,46.4846,130.0857,1448.0,0.0,252.1,508.5351,2819208.06,4445902.636,10189213.0,2.0,115446695.0,5462090.04,5104127.032,10240017.0,2.0,112610908.0,6217130.82,5075095.262,10240147.0,48.0,0,0,0,0,0.0,1448.0,0,0,0,1,0,0,0,0,0.0,133.7,46.4846,252.1,0,0,0,0,0,0,22,961,20,4940,29200,972,4,32,88719.14,145019.525,601647.0,22433.0,10177934.45,55232.672,10189214.0,10003507.0
57220,80,6,874.0,1518.0,444.0,0.0,48.125,144.1076,773.0,0.0,139.4615,267.9244,3699995.85,4839636.997,10207067.0,35.0,116890357.0,6825762.62,4949536.598,10240048.0,23393.0,113850092.0,8290079.15,3816693.184,10240344.0,20385.0,0,0,0,0,0.0,773.0,0,0,0,1,0,0,0,0,0.0,82.4667,48.125,139.4615,0,0,0,0,0,0,16,874,16,1518,29200,972,2,32,665894.36,1119163.483,4756310.0,136703.0,10186693.36,66735.501,10207068.0,10047178.0
61135,53,17,52.0,68.0,52.0,52.0,52.0,0.0,68.0,68.0,68.0,0.0,30454.0,0.0,30454.0,30454.0,0.0,0.0,0.0,0.0,0.0,0.0,0.0,0.0,0.0,0.0,0,0,0,0,52.0,68.0,0,0,0,0,0,0,0,0,1.0,86.0,52.0,68.0,0,0,0,0,0,0,1,52,1,68,-1,-1,0,20,0.0,0.0,0.0,0.0,0.0,0.0,0.0,0.0
10313,53,17,76.0,332.0,38.0,38.0,38.0,0.0,166.0,166.0,166.0,0.0,88160.33,144096.066,254475.0,1.0,1.0,1.0,0.0,1.0,1.0,47.0,47.0,0.0,47.0,47.0,0,0,0,0,38.0,166.0,0,0,0,0,0,0,0,0,1.0,111.5,38.0,166.0,0,0,0,0,0,0,2,76,2,332,-1,-1,1,20,0.0,0.0,0.0,0.0,0.0,0.0,0.0,0.0
4507,80,6,388.0,357.0,378.0,0.0,36.375,114.0603,341.0,0.0,35.7778,103.1723,3942635.65,4862279.904,10006018.0,193.0,115135253.0,7698950.4,4170230.415,10030495.0,227.0,110222259.0,8480561.69,3752402.21,10027743.0,20137.0,0,0,0,0,0.0,348.0,0,0,0,1,0,0,0,0,0.0,34.3,36.375,35.7778,0,0,0,0,0,0,16,388,13,357,8192,346,15,20,40909.63,176871.076,641156.0,23130.0,9981440.9,62799.66,10006013.0,9983791.0
58123,53,17,128.0,260.0,32.0,32.0,32.0,0.0,130.0,130.0,130.0,0.0,9629.8,14668.7,30725.0,3.0,30794.0,10298.66,17779.533,30745.0,3.0,48.0,48.0,0.0,48.0,48.0,0,0,0,0,32.0,130.0,0,0,0,0,0,0,0,0,0.0,66.0,32.0,130.0,0,0,0,0,0,0,4,128,2,260,-1,-1,3,20,0.0,0.0,0.0,0.0,0.0,0.0,0.0,0.0
61448,53,17,44.0,76.0,44.0,44.0,44.0,0.0,76.0,76.0,76.0,0.0,47035.0,0.0,47035.0,47035.0,0.0,0.0,0.0,0.0,0.0,0.0,0.0,0.0,0.0,0.0,0,0,0,0,44.0,76.0,0,0,0,0,0,0,0,0,1.0,82.0,44.0,76.0,0,0,0,0,0,0,1,44,1,76,-1,-1,0,32,0.0,0.0,0.0,0.0,0.0,0.0,0.0,0.0
443,60764,6,37.0,0.0,31.0,6.0,18.5,17.6777,0.0,0.0,0.0,0.0,1.0,0.0,1.0,1.0,1.0,1.0,0.0,1.0,1.0,0.0,0.0,0.0,0.0,0.0,1,0,0,0,6.0,31.0,0,1,0,0,1,0,0,0,0.0,34.0,18.5,0.0,0,0,0,0,0,0,2,37,0,0,110,-1,1,20,0.0,0.0,0.0,0.0,0.0,0.0,0.0,0.0
52005,443,6,18.0,0.0,6.0,6.0,6.0,0.0,0.0,0.0,0.0,0.0,18009002.4,24585582.527,45002900.0,14399.0,90022037.0,45011018.5,2512.117,45026681.0,45024877.0,90022964.0,45012982.0,828.444,45022760.0,45016606.0,0,0,0,0,0.0,6.0,0,0,0,0,1,0,0,0,1.0,4.0,6.0,0.0,0,0,0,0,0,0,3,18,3,0,256,31,2,20,14258.0,193.206,14356.0,14675.0,45006113.0,3123.117,45002909.0,45000545.0
80,53511,6,6.0,6.0,6.0,6.0,6.0,0.0,6.0,6.0,6.0,0.0,44.0,0.0,44.0,44.0,0.0,0.0,0.0,0.0,0.0,0.0,0.0,0.0,0.0,0.0,0,0,0,0,6.0,6.0,0,0,0,0,1,1,0,0,1.0,9.0,6.0,6.0,0,0,0,0,0,0,1,6,1,6,288,16425,0,20,0.0,0.0,0.0,0.0,0.0,0.0,0.0,0.0
47873,80,6,517.0,752.0,433.0,0.0,32.3125,106.8605,746.0,0.0,53.7143,199.2599,3975322.13,4874425.904,10011935.0,51.0,115243084.0,7674076.4,4186122.357,10051921.0,125.0,110578325.0,8506423.07,3753578.809,10057117.0,20891.0,0,0,0,0,0.0,746.0,0,0,0,1,0,0,0,0,0.0,42.3,32.3125,53.7143,0,0,0,0,0,0,16,517,14,752,29200,340,1,32,32210.9,7733.319,91130.0,22881.0,10006336.72,4114.001,10011937.0,9999996.0
49356,53,17,72.0,328.0,36.0,36.0,36.0,0.0,164.0,164.0,164.0,0.0,10282.0,17814.656,30849.0,3.0,3.0,3.0,0.0,3.0,3.0,4.0,4.0,0.0,4.0,4.0,0,0,0,0,36.0,164.0,0,0,0,0,0,0,0,0,1.0,109.0,36.0,164.0,0,0,0,0,0,0,2,72,2,328,-1,-1,1,20,0.0,0.0,0.0,0.0,0.0,0.0,0.0,0.0
60420,53,17,95.0,177.0,95.0,95.0,95.0,0.0,177.0,177.0,177.0,0.0,35469.0,0.0,35469.0,35469.0,0.0,0.0,0.0,0.0,0.0,0.0,0.0,0.0,0.0,0.0,0,0,0,0,95.0,177.0,0,0,0,0,0,0,0,0,1.0,183.5,95.0,177.0,0,0,0,0,0,0,1,95,1,177,-1,-1,0,20,0.0,0.0,0.0,0.0,0.0,0.0,0.0,0.0
59704,53,17,88.0,200.0,44.0,44.0,44.0,0.0,100.0,100.0,100.0,0.0,16160.0,27925.194,48485.0,3.0,3.0,3.0,0.0,3.0,3.0,3.0,3.0,0.0,3.0,3.0,0,0,0,0,44.0,100.0,0,0,0,0,0,0,0,0,1.0,83.0,44.0,100.0,0,0,0,0,0,0,2,88,2,200,-1,-1,1,32,0.0,0.0,0.0,0.0,0.0,0.0,0.0,0.0
3294,53,17,80.0,218.0,40.0,40.0,40.0,0.0,109.0,109.0,109.0,0.0,61.0,68.296,133.0,3.0,3.0,3.0,0.0,3.0,3.0,49.0,49.0,0.0,49.0,49.0,0,0,0,0,40.0,109.0,0,0,0,0,0,0,0,0,1.0,84.5,40.0,109.0,0,0,0,0,0,0,2,80,2,218,-1,-1,1,32,0.0,0.0,0.0,0.0,0.0,0.0,0.0,0.0
443,64971,6,37.0,0.0,37.0,0.0,18.5,26.163,0.0,0.0,0.0,0.0,3.0,0.0,3.0,3.0,3.0,3.0,0.0,3.0,3.0,0.0,0.0,0.0,0.0,0.0,1,0,0,0,0.0,37.0,0,1,0,0,1,0,0,0,0.0,37.0,18.5,0.0,0,0,0,0,0,0,2,37,0,0,115,-1,0,32,0.0,0.0,0.0,0.0,0.0,0.0,0.0,0.0
443,49712,6,0.0,0.0,0.0,0.0,0.0,0.0,0.0,0.0,0.0,0.0,2304.0,0.0,2304.0,2304.0,2304.0,2304.0,0.0,2304.0,2304.0,0.0,0.0,0.0,0.0,0.0,0,0,0,0,0.0,0.0,0,0,0,0,1,0,0,0,0.0,0.0,0.0,0.0,0,0,0,0,0,0,2,0,0,0,357,-1,0,32,0.0,0.0,0.0,0.0,0.0,0.0,0.0,0.0
60839,53,17,45.0,61.0,45.0,45.0,45.0,0.0,61.0,61.0,61.0,0.0,30992.0,0.0,30992.0,30992.0,0.0,0.0,0.0,0.0,0.0,0.0,0.0,0.0,0.0,0.0,0,0,0,0,45.0,61.0,0,0,0,0,0,0,0,0,1.0,75.5,45.0,61.0,0,0,0,0,0,0,1,45,1,61,-1,-1,0,32,0.0,0.0,0.0,0.0,0.0,0.0,0.0,0.0
443,64982,6,0.0,0.0,0.0,0.0,0.0,0.0,0.0,0.0,0.0,0.0,63.0,0.0,63.0,63.0,0.0,0.0,0.0,0.0,0.0,0.0,0.0,0.0,0.0,0.0,0,0,0,0,0.0,0.0,0,0,0,0,1,1,0,0,1.0,0.0,0.0,0.0,0,0,0,0,0,0,1,0,1,0,349,32832,0,32,0.0,0.0,0.0,0.0,0.0,0.0,0.0,0.0
62145,53,17,105.0,265.0,61.0,44.0,52.5,13.735,173.0,105.0,132.5,24.5194,39318978.0,64564724.483,117985416.0,73434.0,117973842.0,117973842.0,0.0,117973842.0,117973842.0,117976894.0,117976894.0,0.0,117976894.0,117976894.0,0,0,0,0,44.0,173.0,0,0,0,0,0,0,0,0,1.0,104.5,52.5,132.5,0,0,0,0,0,0,2,105,2,265,-1,-1,1,32,88469.0,0.0,88469.0,88469.0,117985445.0,0.0,117985445.0,117985445.0
443,52394,6,6.0,6.0,6.0,6.0,6.0,0.0,6.0,6.0,6.0,0.0,20.0,0.0,20.0,20.0,0.0,0.0,0.0,0.0,0.0,0.0,0.0,0.0,0.0,0.0,0,0,0,0,6.0,6.0,0,0,0,0,1,1,0,0,1.0,9.0,6.0,6.0,0,0,0,0,0,0,1,6,1,6,32,32850,0,20,0.0,0.0,0.0,0.0,0.0,0.0,0.0,0.0
36617,80,6,6.0,6.0,6.0,6.0,6.0,0.0,6.0,6.0,6.0,0.0,33179.0,0.0,33179.0,33179.0,0.0,0.0,0.0,0.0,0.0,0.0,0.0,0.0,0.0,0.0,0,0,0,0,6.0,6.0,0,0,0,0,1,1,0,0,1.0,9.0,6.0,6.0,0,0,0,0,0,0,1,6,1,6,253,984,0,20,0.0,0.0,0.0,0.0,0.0,0.0,0.0,0.0
57569,443,6,12.0,0.0,6.0,6.0,6.0,0.0,0.0,0.0,0.0,0.0,118.0,0.0,118.0,118.0,118.0,118.0,0.0,118.0,118.0,0.0,0.0,0.0,0.0,0.0,0,0,0,0,6.0,6.0,0,0,0,0,1,0,0,0,0.0,9.0,6.0,0.0,0,0,0,0,0,0,2,12,0,0,16216,-1,1,20,0.0,0.0,0.0,0.0,0.0,0.0,0.0,0.0
50173,443,6,356.0,3782.0,212.0,0.0,59.3333,89.2248,2042.0,0.0,756.4,947.5195,24170.9,39470.547,86774.0,22.0,263157.0,52668.4,42901.013,88121.0,156.0,175566.0,33596.5,49605.435,88090.0,194.0,0,0,0,0,0.0,2042.0,0,0,0,1,0,0,0,0,0.0,376.1817,59.3333,756.4,0,0,0,0,0,0,6,356,5,3782,8192,60,5,20,0.0,0.0,0.0,0.0,0.0,0.0,0.0,0.0
43283,53,17,86.0,194.0,43.0,43.0,43.0,0.0,97.0,97.0,97.0,0.0,106348.66,287893.812,328999.0,3.0,3.0,3.0,0.0,3.0,3.0,48.0,48.0,0.0,48.0,48.0,0,0,0,0,43.0,97.0,0,0,0,0,0,0,0,0,1.0,80.75,43.0,97.0,0,0,0,0,0,0,2,86,2,194,-1,-1,1,32,0.0,0.0,0.0,0.0,0.0,0.0,0.0,0.0
55160,443,6,901.0,13980.0,224.0,0.0,46.1538,75.3511,1430.0,0.0,729.4118,684.322,5165.8,12616.205,32741.0,1.0,175406.0,8745.09,16454.682,35901.0,3.0,147572.0,9324.23,12554.08,40203.0,2.0,0,0,0,0,0.0,1430.0,0,0,0,1,0,0,0,0,1.0,446.2136,46.1538,729.4118,0,0,0,0,0,0,23,901,19,13980,8192,360,22,20,0.0,0.0,0.0,0.0,0.0,0.0,0.0,0.0
58192,53,17,78.0,110.0,39.0,39.0,39.0,0.0,55.0,55.0,55.0,0.0,49.33,76.6,141.0,3.0,3.0,3.0,0.0,3.0,3.0,4.0,4.0,0.0,4.0,4.0,0,0,0,0,39.0,55.0,0,0,0,0,0,0,0,0,1.0,56.75,39.0,55.0,0,0,0,0,0,0,2,78,2,110,-1,-1,1,32,0.0,0.0,0.0,0.0,0.0,0.0,0.0,0.0
61277,53,17,56.0,72.0,56.0,56.0,56.0,0.0,72.0,72.0,72.0,0.0,50776.0,0.0,50776.0,50776.0,0.0,0.0,0.0,0.0,0.0,0.0,0.0,0.0,0.0,0.0,0,0,0,0,56.0,72.0,0,0,0,0,0,0,0,0,1.0,92.0,56.0,72.0,0,0,0,0,0,0,1,56,1,72,-1,-1,0,20,0.0,0.0,0.0,0.0,0.0,0.0,0.0,0.0
55354,80,6,12.0,0.0,6.0,6.0,6.0,0.0,0.0,0.0,0.0,0.0,15362573.0,21982361.268,31046516.0,23296.0,31287815.0,31287815.0,0.0,31287815.0,31287815.0,0.0,0.0,0.0,0.0,0.0,0,0,0,0,0.0,6.0,0,0,0,0,1,0,0,0,0.0,6.0,6.0,0.0,0,0,0,0,0,0,2,12,1,0,256,1294,1,20,0.0,0.0,0.0,0.0,0.0,0.0,0.0,0.0
49458,53,17,68.0,422.0,34.0,34.0,34.0,0.0,211.0,211.0,211.0,0.0,10492.0,18160.913,31460.0,3.0,3.0,3.0,0.0,3.0,3.0,48.0,48.0,0.0,48.0,48.0,0,0,0,0,34.0,211.0,0,0,0,0,0,0,0,0,1.0,131.0,34.0,211.0,0,0,0,0,0,0,2,68,2,422,-1,-1,1,32,0.0,0.0,0.0,0.0,0.0,0.0,0.0,0.0
51517,53,17,172.0,336.0,86.0,86.0,86.0,0.0,168.0,168.0,168.0,0.0,60.33,102.593,179.0,3.0,3.0,3.0,0.0,3.0,3.0,3.0,3.0,0.0,3.0,3.0,0,0,0,0,86.0,168.0,0,0,0,0,0,0,0,0,1.0,148.5,86.0,168.0,0,0,0,0,0,0,2,172,2,336,-1,-1,1,20,0.0,0.0,0.0,0.0,0.0,0.0,0.0,0.0
80,54994,6,0.0,0.0,0.0,0.0,0.0,0.0,0.0,0.0,0.0,0.0,56.0,0.0,56.0,56.0,0.0,0.0,0.0,0.0,0.0,0.0,0.0,0.0,0.0,0.0,0,0,0,0,0.0,0.0,0,0,0,0,1,1,0,0,1.0,0.0,0.0,0.0,0,0,0,0,0,0,1,0,1,0,332,32832,0,32,0.0,0.0,0.0,0.0,0.0,0.0,0.0,0.0
443,63569,6,0.0,0.0,0.0,0.0,0.0,0.0,0.0,0.0,0.0,0.0,106.0,0.0,106.0,106.0,0.0,0.0,0.0,0.0,0.0,0.0,0.0,0.0,0.0,0.0,0,0,0,0,0.0,0.0,0,0,0,0,1,0,0,0,1.0,0.0,0.0,0.0,0,0,0,0,0,0,1,0,1,0,122,65535,0,32,0.0,0.0,0.0,0.0,0.0,0.0,0.0,0.0
50928,80,6,12.0,0.0,6.0,6.0,6.0,0.0,0.0,0.0,0.0,0.0,192.0,0.0,192.0,192.0,192.0,192.0,0.0,192.0,192.0,0.0,0.0,0.0,0.0,0.0,0,0,0,0,6.0,6.0,0,0,0,0,1,0,0,0,0.0,9.0,6.0,0.0,0,0,0,0,0,0,2,12,0,0,63014,-1,1,20,0.0,0.0,0.0,0.0,0.0,0.0,0.0,0.0
443,40589,6,0.0,0.0,0.0,0.0,0.0,0.0,0.0,0.0,0.0,0.0,15.0,0.0,15.0,15.0,0.0,0.0,0.0,0.0,0.0,0.0,0.0,0.0,0.0,0.0,0,0,0,0,0.0,0.0,0,0,0,0,1,1,0,0,1.0,0.0,0.0,0.0,0,0,0,0,0,0,1,0,1,0,64,335,0,32,0.0,0.0,0.0,0.0,0.0,0.0,0.0,0.0
59858,443,6,3323.0,4311.0,2055.0,0.0,398.2222,717.7314,1460.0,0.0,485.5556,677.908,3477031.4,10600915.957,44957071.0,44.0,60992447.0,7678367.12,13285845.694,44957071.0,45.0,60590192.0,8732420.12,15136341.36,45058376.0,47.0,0,0,0,0,0.0,2055.0,0,0,0,1,0,0,0,0,1.0,458.8238,398.2222,485.5556,0,0,0,0,0,0,9,3323,12,4311,8192,135,8,20,105019.5,164022.418,247098.0,45809.0,30323644.5,37007574.122,44957074.0,15847815.0
60190,443,6,976.0,7387.0,469.0,0.0,65.0667,134.3489,1581.0,0.0,671.5455,745.9321,14318.76,27509.226,92299.0,1.0,327541.0,21224.57,33922.731,93059.0,1.0,227406.0,26228.2,39742.479,94703.0,3.0,0,0,0,0,0.0,1581.0,0,0,0,1,0,0,0,0,0.0,321.5769,65.0667,671.5455,0,0,0,0,0,0,15,976,11,7387,65535,357,6,32,0.0,0.0,0.0,0.0,0.0,0.0,0.0,0.0
13586,53,17,86.0,196.0,43.0,43.0,43.0,0.0,98.0,98.0,98.0,0.0,50.66,87.257,145.0,2.0,2.0,2.0,0.0,2.0,2.0,3.0,3.0,0.0,3.0,3.0,0,0,0,0,43.0,98.0,0,0,0,0,0,0,0,0,1.0,81.25,43.0,98.0,0,0,0,0,0,0,2,86,2,196,-1,-1,1,32,0.0,0.0,0.0,0.0,0.0,0.0,0.0,0.0
13656,53,17,82.0,340.0,41.0,41.0,41.0,0.0,170.0,170.0,170.0,0.0,20453.66,35307.165,61305.0,3.0,3.0,3.0,0.0,3.0,3.0,4.0,4.0,0.0,4.0,4.0,0,0,0,0,41.0,170.0,0,0,0,0,0,0,0,0,1.0,115.75,41.0,170.0,0,0,0,0,0,0,2,82,2,340,-1,-1,1,20,0.0,0.0,0.0,0.0,0.0,0.0,0.0,0.0
443,33434,6,0.0,0.0,0.0,0.0,0.0,0.0,0.0,0.0,0.0,0.0,150.0,0.0,150.0,150.0,0.0,0.0,0.0,0.0,0.0,0.0,0.0,0.0,0.0,0.0,0,0,0,0,0.0,0.0,0,0,0,0,1,1,0,0,1.0,0.0,0.0,0.0,0,0,0,0,0,0,1,0,1,0,126,333,0,32,0.0,0.0,0.0,0.0,0.0,0.0,0.0,0.0
56491,443,6,2346.0,10373.0,653.0,0.0,120.6364,201.5583,1460.0,0.0,545.9333,661.4249,1849480.97,3728554.605,10014635.0,2.0,94645970.0,3921290.45,4805550.193,10068316.0,3.0,99945222.0,3816623.14,3683655.632,10068114.0,2.0,0,0,0,0,0.0,1460.0,0,0,0,1,0,0,0,0,1.0,352.2073,120.6364,545.9333,0,0,0,0,0,0,22,2346,28,10373,8192,5740,21,20,473377.87,1736830.116,4391274.0,150392.0,9991964.42,12624.245,10014636.0,9946500.0
49275,443,6,12.0,0.0,6.0,6.0,6.0,0.0,0.0,0.0,0.0,0.0,3.0,0.0,3.0,3.0,3.0,3.0,0.0,3.0,3.0,0.0,0.0,0.0,0.0,0.0,0,0,0,0,6.0,6.0,1,0,0,0,0,0,0,0,0.0,9.0,6.0,0.0,0,0,0,0,0,0,2,12,0,0,0,-1,1,20,0.0,0.0,0.0,0.0,0.0,0.0,0.0,0.0
61384,53,17,57.0,315.0,57.0,57.0,57.0,0.0,315.0,315.0,315.0,0.0,105154.0,0.0,105154.0,105154.0,0.0,0.0,0.0,0.0,0.0,0.0,0.0,0.0,0.0,0.0,0,0,0,0,57.0,315.0,0,0,0,0,0,0,0,0,1.0,214.5,57.0,315.0,0,0,0,0,0,0,1,57,1,315,-1,-1,0,20,0.0,0.0,0.0,0.0,0.0,0.0,0.0,0.0
443,58251,6,37.0,0.0,37.0,0.0,12.3333,21.362,0.0,0.0,0.0,0.0,2.0,1.414,3.0,1.0,4.0,2.0,1.414,3.0,1.0,0.0,0.0,0.0,0.0,0.0,0,0,0,0,0.0,37.0,0,0,0,0,1,0,0,0,0.0,12.3333,12.3333,0.0,0,0,0,0,0,0,3,37,0,0,116,-1,1,32,0.0,0.0,0.0,0.0,0.0,0.0,0.0,0.0
33644,53,17,54.0,108.0,27.0,27.0,27.0,0.0,54.0,54.0,54.0,0.0,64685.66,105706.467,182090.0,1.0,1.0,1.0,0.0,1.0,1.0,49.0,49.0,0.0,49.0,49.0,0,0,0,0,27.0,54.0,0,0,0,0,0,0,0,0,1.0,47.25,27.0,54.0,0,0,0,0,0,0,2,54,2,108,-1,-1,1,32,0.0,0.0,0.0,0.0,0.0,0.0,0.0,0.0
23892,53,17,74.0,204.0,37.0,37.0,37.0,0.0,102.0,102.0,102.0,0.0,54.33,83.605,156.0,3.0,4.0,4.0,0.0,4.0,4.0,3.0,3.0,0.0,3.0,3.0,0,0,0,0,37.0,102.0,0,0,0,0,0,0,0,0,1.0,78.75,37.0,102.0,0,0,0,0,0,0,2,74,2,204,-1,-1,1,20,0.0,0.0,0.0,0.0,0.0,0.0,0.0,0.0
55604,443,6,1007.0,63619.0,222.0,0.0,29.4038,59.3561,2920.0,0.0,1475.2836,912.4519,1722452.6,3718882.903,10011641.0,16.0,115352126.0,4849668.71,4997138.214,10037977.0,49.0,110363503.0,3502168.57,4876849.292,10038959.0,48.0,0,0,0,0,0.0,2920.0,0,0,0,1,0,0,0,0,1.0,895.8444,29.4038,1475.2836,0,0,0,0,0,0,46,1007,53,63619,8192,988,45,20,63655.9,35283.646,110705.0,22915.0,10008856.9,6704.527,10011642.0,9999996.0
18560,53,17,96.0,240.0,48.0,48.0,48.0,0.0,120.0,120.0,120.0,0.0,62.33,103.058,181.0,1.0,1.0,1.0,0.0,1.0,1.0,1.0,1.0,0.0,1.0,1.0,0,0,0,0,48.0,120.0,0,0,0,0,0,0,0,0,1.0,98.0,48.0,120.0,0,0,0,0,0,0,2,96,2,240,-1,-1,1,32,0.0,0.0,0.0,0.0,0.0,0.0,0.0,0.0
62879,53,17,101.0,168.0,56.0,45.0,50.5,6.364,96.0,72.0,84.0,4.164,27793067.33,46893690.687,82105909.0,30383.0,82235094.0,82235094.0,0.0,82235094.0,82235094.0,82239596.0,82239596.0,0.0,82239596.0,82239596.0,0,0,0,0,45.0,96.0,0,0,0,0,0,0,0,0,1.0,88.0,50.5,84.0,0,0,0,0,0,0,2,101,2,168,-1,-1,1,32,30963.0,0.0,30963.0,30963.0,82105934.0,0.0,82105934.0,82105934.0
62134,53,17,98.0,184.0,49.0,49.0,49.0,0.0,92.0,92.0,92.0,0.0,81.0,138.949,235.0,2.0,2.0,2.0,0.0,2.0,2.0,3.0,3.0,0.0,3.0,3.0,0,0,0,0,49.0,92.0,0,0,0,0,0,0,0,0,1.0,85.75,49.0,92.0,0,0,0,0,0,0,2,98,2,184,-1,-1,1,32,0.0,0.0,0.0,0.0,0.0,0.0,0.0,0.0
80,55061,6,6.0,6.0,6.0,6.0,6.0,0.0,6.0,6.0,6.0,0.0,95.0,0.0,95.0,95.0,0.0,0.0,0.0,0.0,0.0,0.0,0.0,0.0,0.0,0.0,0,0,0,0,6.0,6.0,0,0,0,0,1,1,0,0,1.0,9.0,6.0,6.0,0,0,0,0,0,0,1,6,1,6,913,256,0,20,0.0,0.0,0.0,0.0,0.0,0.0,0.0,0.0
443,56128,6,0.0,0.0,0.0,0.0,0.0,0.0,0.0,0.0,0.0,0.0,165.0,0.0,165.0,165.0,0.0,0.0,0.0,0.0,0.0,0.0,0.0,0.0,0.0,0.0,0,0,0,0,0.0,0.0,0,0,0,0,1,1,0,0,1.0,0.0,0.0,0.0,0,0,0,0,0,0,1,0,1,0,357,32832,0,32,0.0,0.0,0.0,0.0,0.0,0.0,0.0,0.0
62941,53,17,78.0,216.0,39.0,39.0,39.0,0.0,108.0,108.0,108.0,0.0,10234.33,17778.932,30796.0,3.0,3.0,3.0,0.0,3.0,3.0,4.0,4.0,0.0,4.0,4.0,0,0,0,0,39.0,108.0,0,0,0,0,0,0,0,0,1.0,83.25,39.0,108.0,0,0,0,0,0,0,2,78,2,216,-1,-1,1,20,0.0,0.0,0.0,0.0,0.0,0.0,0.0,0.0
60294,443,6,352.0,3782.0,208.0,6.0,58.6667,87.8605,1460.0,0.0,630.3333,677.2171,11882.45,19138.513,40438.0,10.0,128325.0,25822.0,23667.799,44635.0,191.0,83352.0,17310.4,22058.091,40398.0,53.0,0,0,0,0,0.0,1460.0,0,0,0,1,0,0,0,0,1.0,344.5,58.6667,630.3333,0,0,0,0,0,0,6,352,6,3782,8192,60,5,20,0.0,0.0,0.0,0.0,0.0,0.0,0.0,0.0
46400,443,6,389.0,3609.0,192.0,0.0,43.7778,70.8626,1418.0,0.0,681.8,674.524,411834.69,1403999.526,4989097.0,0.0,5303475.0,734154.37,1819103.952,4989097.0,0.0,411362.0,73390.5,86804.578,242965.0,48.0,0,0,0,0,0.0,1418.0,0,0,0,1,0,0,0,0,0.0,290.3571,43.7778,681.8,0,0,0,0,0,0,9,389,5,3609,29200,349,3,32,0.0,0.0,0.0,0.0,0.0,0.0,0.0,0.0
443,38697,6,12.0,0.0,6.0,6.0,6.0,0.0,0.0,0.0,0.0,0.0,3.0,0.0,3.0,3.0,3.0,3.0,0.0,3.0,3.0,0.0,0.0,0.0,0.0,0.0,0,0,0,0,6.0,6.0,0,0,0,0,1,0,0,0,0.0,9.0,6.0,0.0,0,0,0,0,0,0,2,12,0,0,360,-1,1,20,0.0,0.0,0.0,0.0,0.0,0.0,0.0,0.0
80,40306,6,0.0,0.0,0.0,0.0,0.0,0.0,0.0,0.0,0.0,0.0,63.0,0.0,63.0,63.0,0.0,0.0,0.0,0.0,0.0,0.0,0.0,0.0,0.0,0.0,0,0,0,0,0.0,0.0,0,0,0,0,1,1,0,0,1.0,0.0,0.0,0.0,0,0,0,0,0,0,1,0,1,0,287,229,0,32,0.0,0.0,0.0,0.0,0.0,0.0,0.0,0.0
64412,443,6,903.0,2280.0,449.0,0.0,72.3077,143.2131,1448.0,0.0,545.0,654.4689,13325.91,17852.223,52275.0,1.0,282923.0,28739.91,29190.7,59280.0,1.0,178386.0,28362.22,39044.298,62957.0,191.0,0,0,0,0,0.0,1448.0,0,0,0,1,0,0,0,0,0.0,212.4615,72.3077,545.0,0,0,0,0,0,0,13,903,8,2280,65535,972,6,32,0.0,0.0,0.0,0.0,0.0,0.0,0.0,0.0
60707,53,17,102.0,181.0,51.0,51.0,51.0,1.4142,93.0,68.0,90.5,7.9282,36138334.33,62948747.62,109410695.0,30845.0,109115621.0,109115621.0,0.0,109515621.0,109115621.0,109415954.0,109415954.0,0.0,109415954.0,109415954.0,0,0,0,0,51.0,93.0,0,0,0,0,0,0,0,0,1.0,83.75,51.0,90.5,0,0,0,0,0,0,2,102,2,181,-1,-1,1,32,30824.0,0.0,30824.0,30824.0,109410672.0,0.0,109410692.0,109410672.0
60321,53,17,63.0,121.0,63.0,63.0,63.0,0.0,121.0,121.0,121.0,0.0,30588.0,0.0,30588.0,30588.0,0.0,0.0,0.0,0.0,0.0,0.0,0.0,0.0,0.0,0.0,0,0,0,0,63.0,121.0,0,0,0,0,0,0,0,0,1.0,123.5,63.0,121.0,0,0,0,0,0,0,1,63,1,121,-1,-1,0,40,0.0,0.0,0.0,0.0,0.0,0.0,0.0,0.0
29727,53,17,84.0,166.0,42.0,42.0,42.0,0.0,83.0,83.0,83.0,0.0,77.5,127.436,224.0,3.0,4.0,4.0,0.0,4.0,4.0,3.0,3.0,0.0,3.0,3.0,0,0,0,0,42.0,83.0,0,0,0,0,0,0,0,0,1.0,73.0,42.0,83.0,0,0,0,0,0,0,2,84,2,166,-1,-1,1,32,0.0,0.0,0.0,0.0,0.0,0.0,0.0,0.0
52712,443,6,12.0,0.0,6.0,6.0,6.0,0.0,0.0,0.0,0.0,0.0,426157.5,74.819,428311.0,423128.0,428314.0,428314.0,0.0,428314.0,428314.0,0.0,0.0,0.0,0.0,0.0,0,0,0,0,0.0,6.0,1,0,0,0,0,0,0,0,0.0,6.0,6.0,0.0,0,0,0,0,0,0,2,12,1,0,0,115,1,20,0.0,0.0,0.0,0.0,0.0,0.0,0.0,0.0
60599,53,17,63.0,121.0,63.0,63.0,63.0,0.0,121.0,121.0,121.0,0.0,30491.0,0.0,30491.0,30491.0,0.0,0.0,0.0,0.0,0.0,0.0,0.0,0.0,0.0,0.0,0,0,0,0,63.0,121.0,0,0,0,0,0,0,0,0,1.0,123.5,63.0,121.0,0,0,0,0,0,0,1,63,1,121,-1,-1,0,32,0.0,0.0,0.0,0.0,0.0,0.0,0.0,0.0
58953,53,17,88.0,472.0,44.0,44.0,44.0,0.0,236.0,236.0,236.0,0.0,62.33,106.036,182.0,3.0,3.0,3.0,0.0,3.0,3.0,3.0,3.0,0.0,3.0,3.0,0,0,0,0,44.0,236.0,0,0,0,0,0,0,0,0,1.0,151.0,44.0,236.0,0,0,0,0,0,0,2,88,2,472,-1,-1,1,20,0.0,0.0,0.0,0.0,0.0,0.0,0.0,0.0
61690,53,17,66.0,122.0,33.0,33.0,33.0,0.0,61.0,61.0,61.0,0.0,57.0,56.188,129.0,4.0,48.0,48.0,0.0,48.0,48.0,4.0,4.0,0.0,4.0,4.0,0,0,0,0,33.0,61.0,0,0,0,0,0,0,0,0,1.0,55.25,33.0,61.0,0,0,0,0,0,0,2,66,2,122,-1,-1,1,32,0.0,0.0,0.0,0.0,0.0,0.0,0.0,0.0
42352,53,17,92.0,284.0,46.0,46.0,46.0,0.0,142.0,142.0,142.0,0.0,59.33,96.249,172.0,3.0,3.0,3.0,0.0,3.0,3.0,3.0,3.0,0.0,3.0,3.0,0,0,0,0,46.0,142.0,0,0,0,0,0,0,0,0,1.0,105.5,46.0,142.0,0,0,0,0,0,0,2,92,2,284,-1,-1,1,20,0.0,0.0,0.0,0.0,0.0,0.0,0.0,0.0
49505,443,6,822.0,1199.0,597.0,0.0,84.2,186.1683,1061.0,0.0,239.8,462.6376,21324.71,35521.685,87175.0,3.0,301782.0,32665.66,60622.054,129665.0,3.0,217119.0,58514.25,48580.25,89245.0,3.0,0,0,0,0,0.0,1061.0,0,0,0,1,0,0,0,0,0.0,136.0667,84.2,239.8,0,0,0,0,0,0,10,822,5,1199,65535,350,5,32,0.0,0.0,0.0,0.0,0.0,0.0,0.0,0.0
50183,80,6,432.0,2052.0,426.0,0.0,104.0,203.4641,1448.0,0.0,450.4,659.3684,9883.66,14595.364,39923.0,22.0,89531.0,12805.5,20861.718,30949.0,2282.0,35204.0,7101.5,11287.826,31667.0,224.0,0,0,0,0,0.0,1448.0,0,0,0,1,0,0,0,0,1.0,297.8333,104.0,450.4,0,0,0,0,0,0,3,432,5,2052,29200,235,1,32,0.0,0.0,0.0,0.0,0.0,0.0,0.0,0.0
63817,80,6,12.0,0.0,6.0,6.0,6.0,0.0,0.0,0.0,0.0,0.0,601913.0,0.0,601913.0,601913.0,601913.0,601913.0,0.0,601913.0,601913.0,0.0,0.0,0.0,0.0,0.0,0,0,0,0,6.0,6.0,0,0,0,0,1,1,0,0,0.0,9.0,6.0,0.0,0,0,0,0,0,0,2,12,0,0,256,-1,1,20,0.0,0.0,0.0,0.0,0.0,0.0,0.0,0.0
5239,443,6,356.0,5471.0,212.0,0.0,59.3333,89.2248,1950.0,0.0,736.75,752.9099,26188.37,40072.183,87126.0,48.0,232276.0,52252.2,45485.629,90555.0,148.0,180017.0,45036.33,53541.755,98103.0,49.0,0,0,0,0,0.0,1950.0,0,0,0,1,0,0,0,0,1.0,444.5333,59.3333,736.75,0,0,0,0,0,0,6,356,4,5471,8192,60,5,20,0.0,0.0,0.0,0.0,0.0,0.0,0.0,0.0
58850,53,17,180.0,200.0,90.0,90.0,90.0,0.0,100.0,100.0,100.0,0.0,10394.66,17992.089,31170.0,3.0,48.0,48.0,0.0,48.0,48.0,3.0,3.0,0.0,3.0,3.0,0,0,0,0,90.0,100.0,0,0,0,0,0,0,0,0,1.0,120.5,90.0,100.0,0,0,0,0,0,0,2,180,2,200,-1,-1,1,20,0.0,0.0,0.0,0.0,0.0,0.0,0.0,0.0
61170,53,17,56.0,114.0,56.0,56.0,56.0,0.0,114.0,114.0,114.0,0.0,48195.0,0.0,48195.0,48195.0,0.0,0.0,0.0,0.0,0.0,0.0,0.0,0.0,0.0,0.0,0,0,0,0,56.0,114.0,0,0,0,0,0,0,0,0,1.0,113.0,56.0,114.0,0,0,0,0,0,0,1,56,1,114,-1,-1,0,32,0.0,0.0,0.0,0.0,0.0,0.0,0.0,0.0
55025,80,6,588.0,299.0,588.0,0.0,194.6,298.5442,291.0,2.0,99.8,140.6807,330496.83,781996.934,1962576.0,138.0,2278063.0,789010.25,1136334.809,1962576.0,126.0,180299.0,43449.75,79827.098,100985.0,884.0,0,0,0,0,0.0,588.0,0,0,0,1,0,0,0,0,1.0,173.8714,194.6,99.8,0,0,0,0,0,0,5,588,5,299,8192,16384,4,20,0.0,0.0,0.0,0.0,0.0,0.0,0.0,0.0
443,52976,6,6.0,6.0,6.0,6.0,6.0,0.0,6.0,6.0,6.0,0.0,26.0,0.0,26.0,26.0,0.0,0.0,0.0,0.0,0.0,0.0,0.0,0.0,0.0,0.0,0,0,0,0,6.0,6.0,0,0,0,0,1,1,0,0,1.0,9.0,6.0,6.0,0,0,0,0,0,0,1,6,1,6,60,255,0,20,0.0,0.0,0.0,0.0,0.0,0.0,0.0,0.0
58411,443,6,1675.0,4136.0,437.0,0.0,123.7143,179.1132,1460.0,0.0,279.0,442.3743,3081195.11,10475191.571,44795582.0,97.0,62981739.0,6171532.84,14222485.964,44795382.0,177.0,62715608.0,5750930.66,15314399.678,45041931.0,197.0,0,0,0,0,0.0,1460.0,0,0,0,1,0,0,0,0,1.0,236.777,123.7143,279.0,0,0,0,0,0,0,14,1675,12,4136,8192,120,13,20,3890636.5,5094965.954,8050662.0,5047561.0,30114461.0,21764395.205,44795584.0,15600368.0
60615,53,17,171.0,190.0,85.0,52.0,65.5,20.8061,117.0,54.0,97.0,26.9251,16747941.0,28914176.496,49129877.0,30258.0,49240719.0,49240719.0,0.0,49240719.0,49240719.0,49249553.0,49249553.0,0.0,49249553.0,49249553.0,0,0,0,0,52.0,117.0,0,0,0,0,0,0,0,0,1.0,95.0,65.5,97.0,0,0,0,0,0,0,2,171,2,190,-1,-1,1,20,30784.0,0.0,30784.0,30784.0,49129881.0,0.0,49129881.0,49129881.0
63244,53,17,186.0,428.0,44.0,44.0,44.0,0.0,107.0,107.0,107.0,0.0,4744.28,11570.201,30712.0,1.0,31736.0,10242.0,17794.403,31785.0,2.0,374.0,158.66,148.191,323.0,1.0,0,0,0,0,44.0,107.0,0,0,0,0,0,0,0,0,1.0,84.0,44.0,107.0,0,0,0,0,0,0,4,186,4,428,-1,-1,3,20,0.0,0.0,0.0,0.0,0.0,0.0,0.0,0.0
123,123,17,48.0,48.0,48.0,48.0,48.0,0.0,48.0,48.0,48.0,0.0,84998.0,0.0,84998.0,84998.0,0.0,0.0,0.0,0.0,0.0,0.0,0.0,0.0,0.0,0.0,0,0,0,0,48.0,48.0,0,0,0,0,0,0,0,0,1.0,72.0,48.0,48.0,0,0,0,0,0,0,1,48,1,48,-1,-1,0,32,0.0,0.0,0.0,0.0,0.0,0.0,0.0,0.0
35214,443,6,2809.0,2470.0,2267.0,0.0,343.2222,749.1392,1448.0,0.0,398.3333,598.1122,7329.38,12670.006,21998.0,1.0,97895.0,12154.5,15597.515,23751.0,220.0,87804.0,16984.8,13445.189,33355.0,1.0,0,0,0,0,0.0,2267.0,0,0,0,1,0,0,0,0,1.0,474.1,343.2222,398.3333,0,0,0,0,0,0,9,2809,6,2470,29200,70,4,32,0.0,0.0,0.0,0.0,0.0,0.0,0.0,0.0
61330,53,17,96.0,264.0,50.0,46.0,48.0,9.8995,147.0,61.0,132.0,72.4269,27803553.66,44359391.898,82534645.0,73435.0,82561265.0,82561265.0,0.0,82561265.0,82561265.0,82582423.0,82582423.0,0.0,82582443.0,82582423.0,0,0,0,0,46.0,147.0,0,0,0,0,0,0,0,0,1.0,109.25,48.0,132.0,0,0,0,0,0,0,2,96,2,264,-1,-1,1,20,30706.0,0.0,30706.0,30706.0,82534647.0,0.0,82534647.0,82534647.0
57904,443,6,839.0,4679.0,438.0,0.0,109.4286,162.9005,1460.0,0.0,579.875,637.9722,764693.9,2509522.02,9962331.0,65.0,123936.0,10241.75,19313.201,66406.0,157.0,10170507.0,1209166.57,3748150.483,9906772.0,48.0,0,0,0,0,0.0,1460.0,0,0,0,1,0,0,0,0,1.0,381.8155,109.4286,579.875,0,0,0,0,0,0,9,839,8,4679,8192,131,8,20,268298.0,0.0,268298.0,268298.0,9962383.0,0.0,9962333.0,9962383.0
2255,80,6,12.0,0.0,6.0,6.0,6.0,0.0,0.0,0.0,0.0,0.0,63.0,0.0,63.0,63.0,63.0,63.0,0.0,63.0,63.0,0.0,0.0,0.0,0.0,0.0,0,0,0,0,6.0,6.0,0,0,0,0,1,0,0,0,0.0,9.0,6.0,0.0,0,0,0,0,0,0,2,12,0,0,254,-1,1,20,0.0,0.0,0.0,0.0,0.0,0.0,0.0,0.0
57185,443,6,74.0,0.0,37.0,37.0,37.0,0.0,0.0,0.0,0.0,0.0,32036166.0,0.0,32036166.0,32036166.0,32036166.0,32036166.0,0.0,32036166.0,32036166.0,0.0,0.0,0.0,0.0,0.0,1,0,0,0,37.0,37.0,0,1,0,0,1,1,0,0,0.0,55.5,37.0,0.0,0,0,0,0,0,0,2,74,0,0,33304,-1,1,32,0.0,0.0,0.0,0.0,0.0,0.0,0.0,0.0
53982,443,6,851.0,12638.0,214.0,0.0,55.0833,88.9767,1418.0,0.0,837.7059,657.7545,8024.59,14693.895,51830.0,1.0,261390.0,16194.18,22492.319,55030.0,11.0,132473.0,8306.86,16601.098,40177.0,1.0,0,0,0,0,0.0,1418.0,0,0,0,1,0,0,0,0,0.0,395.4633,55.0833,837.7059,0,0,0,0,0,0,12,851,14,12638,29200,357,7,32,0.0,0.0,0.0,0.0,0.0,0.0,0.0,0.0
53870,53,17,62.0,190.0,31.0,31.0,31.0,0.0,95.0,95.0,95.0,0.0,10296.33,17883.421,30887.0,3.0,3.0,3.0,0.0,3.0,3.0,4.0,4.0,0.0,4.0,4.0,0,0,0,0,31.0,95.0,0,0,0,0,0,0,0,0,1.0,70.75,31.0,95.0,0,0,0,0,0,0,2,62,2,190,-1,-1,1,20,0.0,0.0,0.0,0.0,0.0,0.0,0.0,0.0
60113,53,17,43.0,78.0,43.0,43.0,43.0,0.0,78.0,78.0,78.0,0.0,30700.0,0.0,30700.0,30700.0,0.0,0.0,0.0,0.0,0.0,0.0,0.0,0.0,0.0,0.0,0,0,0,0,43.0,78.0,0,0,0,0,0,0,0,0,1.0,82.0,43.0,78.0,0,0,0,0,0,0,1,43,1,78,-1,-1,0,20,0.0,0.0,0.0,0.0,0.0,0.0,0.0,0.0
49748,443,6,1279.0,6557.0,517.0,0.0,133.0,203.4701,1551.0,0.0,761.0,759.568,231167.12,324299.236,1999920.0,3.0,2083822.0,314338.0,781225.061,1999220.0,191.0,2973633.0,479310.62,348793.082,1999334.0,3.0,0,0,0,0,0.0,1551.0,0,0,0,1,0,0,0,0,1.0,476.1167,133.0,761.0,0,0,0,0,0,0,9,1279,10,6557,8192,252,8,20,0.0,0.0,0.0,0.0,0.0,0.0,0.0,0.0
64226,80,6,343.0,819.0,331.0,0.0,110.75,190.52,819.0,0.0,259.75,440.5094,745405.14,1778130.695,4940192.0,3.0,98256.0,36782.33,67173.008,95450.0,28925.0,5011677.0,1613259.66,2858335.245,4910444.0,3.0,0,0,0,0,0.0,819.0,0,0,0,1,0,0,0,0,1.0,187.2857,110.75,259.75,0,0,0,0,0,0,4,343,4,819,8192,61,3,20,0.0,0.0,0.0,0.0,0.0,0.0,0.0,0.0
58260,443,6,12.0,6.0,6.0,6.0,6.0,0.0,6.0,6.0,6.0,0.0,151575.0,0.0,151575.0,151575.0,161575.0,161575.0,0.0,161575.0,161575.0,0.0,0.0,0.0,0.0,0.0,0,0,0,0,6.0,6.0,0,0,0,0,1,0,0,0,0.0,9.0,6.0,6.0,0,0,0,0,0,0,2,12,1,6,252,60,1,20,0.0,0.0,0.0,0.0,0.0,0.0,0.0,0.0
50868,443,6,796.0,3615.0,505.0,0.0,79.6,167.0618,1597.0,0.0,483.25,735.8143,582390.88,2179399.309,8432290.0,4.0,9084732.0,703679.77,2273220.784,8432192.0,4.0,978609.0,168217.28,229414.918,516113.0,219.0,0,0,0,0,0.0,1597.0,0,0,0,1,0,0,0,0,0.0,261.8571,79.6,483.25,0,0,0,0,0,0,10,796,8,3615,65535,122,5,32,0.0,0.0,0.0,0.0,0.0,0.0,0.0,0.0
443,50886,6,6.0,6.0,6.0,6.0,6.0,0.0,6.0,6.0,6.0,0.0,25.0,0.0,25.0,25.0,0.0,0.0,0.0,0.0,0.0,0.0,0.0,0.0,0.0,0.0,0,0,0,0,6.0,6.0,0,0,0,0,1,1,0,0,1.0,9.0,6.0,6.0,0,0,0,0,0,0,1,6,1,6,60,255,0,20,0.0,0.0,0.0,0.0,0.0,0.0,0.0,0.0
443,50486,6,37.0,0.0,37.0,0.0,12.3333,21.362,0.0,0.0,0.0,0.0,36.0,48.72,79.0,3.0,98.0,49.0,48.121,49.0,3.0,0.0,0.0,0.0,0.0,0.0,0,0,0,0,0.0,37.0,0,0,0,0,1,0,0,0,0.0,12.3333,12.3333,0.0,0,0,0,0,0,0,3,37,0,0,117,-1,1,32,0.0,0.0,0.0,0.0,0.0,0.0,0.0,0.0
50688,443,6,974.0,7387.0,469.0,0.0,64.9333,134.266,1581.0,0.0,671.5455,745.9321,13880.48,25454.051,93902.0,2.0,354862.0,27416.28,30682.034,103326.0,2.0,296124.0,38627.7,40585.176,117749.0,2.0,0,0,0,0,0.0,1581.0,0,0,0,1,0,0,0,0,0.0,321.5769,64.9333,671.5455,0,0,0,0,0,0,15,974,11,7387,65535,357,6,32,0.0,0.0,0.0,0.0,0.0,0.0,0.0,0.0
28880,53,17,82.0,198.0,41.0,41.0,41.0,0.0,99.0,99.0,99.0,0.0,10497.0,18118.38,31483.0,1.0,47.0,47.0,0.0,47.0,47.0,1.0,1.0,0.0,1.0,1.0,0,0,0,0,41.0,99.0,0,0,0,0,0,0,0,0,1.0,80.25,41.0,99.0,0,0,0,0,0,0,2,82,2,198,-1,-1,1,32,0.0,0.0,0.0,0.0,0.0,0.0,0.0,0.0
443,59298,6,0.0,0.0,0.0,0.0,0.0,0.0,0.0,0.0,0.0,0.0,3.0,0.0,3.0,3.0,3.0,3.0,0.0,3.0,3.0,0.0,0.0,0.0,0.0,0.0,0,0,0,0,0.0,0.0,0,0,0,0,1,0,0,0,0.0,0.0,0.0,0.0,0,0,0,0,0,0,2,0,0,0,357,-1,0,32,0.0,0.0,0.0,0.0,0.0,0.0,0.0,0.0
64034,53,17,68.0,250.0,34.0,34.0,34.0,0.0,125.0,125.0,125.0,0.0,30739.66,53475.193,92160.0,3.0,4.0,4.0,0.0,4.0,4.0,3.0,3.0,0.0,3.0,3.0,0,0,0,0,34.0,125.0,0,0,0,0,0,0,0,0,1.0,88.0,34.0,125.0,0,0,0,0,0,0,2,68,2,250,-1,-1,1,40,0.0,0.0,0.0,0.0,0.0,0.0,0.0,0.0
59308,443,6,1632.0,443.0,1368.0,0.0,158.2,407.6748,293.0,0.0,88.1667,158.1215,12867.93,17112.693,36104.0,3.0,190052.0,17107.44,20398.608,52803.0,3.0,148240.0,27038.0,20920.545,58102.0,3.0,0,0,0,0,0.0,1368.0,0,0,0,1,0,0,0,0,0.0,130.2375,158.2,88.1667,0,0,0,0,0,0,10,1632,0,443,65535,362,5,32,0.0,0.0,0.0,0.0,0.0,0.0,0.0,0.0
443,46687,6,6.0,6.0,6.0,6.0,6.0,0.0,6.0,6.0,6.0,0.0,237.0,0.0,237.0,237.0,0.0,0.0,0.0,0.0,0.0,0.0,0.0,0.0,0.0,0.0,0,0,0,0,6.0,6.0,0,0,0,0,1,1,0,0,1.0,9.0,6.0,6.0,0,0,0,0,0,0,1,6,1,6,31256,64163,0,20,0.0,0.0,0.0,0.0,0.0,0.0,0.0,0.0
54231,443,6,135.0,46.0,46.0,6.0,27.0,20.1246,46.0,46.0,46.0,0.0,831940.0,1717332.819,3966510.0,4.0,4200710.0,1050157.5,1900132.2,3966510.0,4.0,0.0,0.0,0.0,0.0,0.0,1,0,0,0,6.0,46.0,0,1,0,0,1,0,0,0,0.0,37.8333,27.0,46.0,0,0,0,0,0,0,5,135,1,46,250,198,4,20,0.0,0.0,0.0,0.0,0.0,0.0,0.0,0.0
44174,53,17,74.0,154.0,37.0,37.0,37.0,0.0,77.0,77.0,77.0,0.0,82.33,136.469,246.0,1.0,1.0,1.0,0.0,1.0,1.0,1.0,1.0,0.0,1.0,1.0,0,0,0,0,37.0,77.0,0,0,0,0,0,0,0,0,1.0,66.25,37.0,77.0,0,0,0,0,0,0,2,74,2,154,-1,-1,1,40,0.0,0.0,0.0,0.0,0.0,0.0,0.0,0.0
46912,443,6,1239.0,56142.0,517.0,0.0,23.4286,107.5074,3136.0,0.0,1314.9404,906.4044,1162490.68,5225428.147,28645745.0,3.0,118342805.0,2984750.66,6012149.884,28645745.0,48.0,118684654.0,1815125.02,7636396.63,28673991.0,3.0,0,0,0,0,0.0,3136.0,0,0,0,1,0,0,0,0,1.0,803.1663,23.4286,1314.9404,0,0,0,0,0,0,34,1239,43,56142,29200,63,6,32,660013.0,804336.012,1744559.0,29165.0,18588382.33,202918.803,28645785.0,28396148.0
80,57137,6,0.0,0.0,0.0,0.0,0.0,0.0,0.0,0.0,0.0,0.0,81.0,0.0,81.0,81.0,0.0,0.0,0.0,0.0,0.0,0.0,0.0,0.0,0.0,0.0,0,0,0,0,0.0,0.0,0,0,0,0,1,1,0,0,1.0,0.0,0.0,0.0,0,0,0,0,0,0,1,0,1,0,129,33304,0,32,0.0,0.0,0.0,0.0,0.0,0.0,0.0,0.0
65519,53,17,78.0,210.0,39.0,39.0,39.0,0.0,105.0,105.0,105.0,0.0,54.33,83.115,156.0,3.0,3.0,3.0,0.0,3.0,3.0,4.0,4.0,0.0,4.0,4.0,0,0,0,0,39.0,105.0,0,0,0,0,0,0,0,0,1.0,81.75,39.0,105.0,0,0,0,0,0,0,2,78,2,210,-1,-1,1,20,0.0,0.0,0.0,0.0,0.0,0.0,0.0,0.0
443,63379,6,0.0,0.0,0.0,0.0,0.0,0.0,0.0,0.0,0.0,0.0,71.0,0.0,71.0,71.0,0.0,0.0,0.0,0.0,0.0,0.0,0.0,0.0,0.0,0.0,0,0,0,0,0.0,0.0,0,0,0,0,1,0,0,0,1.0,0.0,0.0,0.0,0,0,0,0,0,0,1,0,1,0,349,32832,0,32,0.0,0.0,0.0,0.0,0.0,0.0,0.0,0.0
12671,53,17,70.0,258.0,35.0,35.0,35.0,0.0,129.0,129.0,129.0,0.0,20595.33,35595.2,61780.0,1.0,1.0,1.0,0.0,1.0,1.0,3.0,3.0,0.0,3.0,3.0,0,0,0,0,35.0,129.0,0,0,0,0,0,0,0,0,1.0,80.75,35.0,129.0,0,0,0,0,0,0,2,70,2,258,-1,-1,1,32,0.0,0.0,0.0,0.0,0.0,0.0,0.0,0.0
443,58125,6,6.0,6.0,6.0,6.0,6.0,0.0,6.0,6.0,6.0,0.0,103.0,0.0,103.0,103.0,0.0,0.0,0.0,0.0,0.0,0.0,0.0,0.0,0.0,0.0,0,0,0,0,6.0,6.0,0,0,0,0,1,1,0,0,1.0,9.0,6.0,6.0,0,0,0,0,0,0,1,6,1,6,26217,63616,0,20,0.0,0.0,0.0,0.0,0.0,0.0,0.0,0.0
56926,53,17,74.0,154.0,37.0,37.0,37.0,0.0,77.0,77.0,77.0,0.0,98.33,164.742,296.0,1.0,1.0,1.0,0.0,1.0,1.0,1.0,1.0,0.0,1.0,1.0,0,0,0,0,37.0,77.0,0,0,0,0,0,0,0,0,1.0,66.25,37.0,77.0,0,0,0,0,0,0,2,74,2,154,-1,-1,1,20,0.0,0.0,0.0,0.0,0.0,0.0,0.0,0.0
62188,53,17,42.0,58.0,42.0,42.0,42.0,0.0,58.0,58.0,58.0,0.0,430668.0,0.0,430668.0,430668.0,0.0,0.0,0.0,0.0,0.0,0.0,0.0,0.0,0.0,0.0,0,0,0,0,42.0,58.0,0,0,0,0,0,0,0,0,1.0,71.0,42.0,58.0,0,0,0,0,0,0,1,42,1,58,-1,-1,0,20,0.0,0.0,0.0,0.0,0.0,0.0,0.0,0.0
50793,53,17,62.0,244.0,31.0,31.0,31.0,0.0,122.0,122.0,122.0,0.0,72.66,100.873,179.0,3.0,3.0,3.0,0.0,3.0,3.0,48.0,48.0,0.0,48.0,48.0,0,0,0,0,31.0,122.0,0,0,0,0,0,0,0,0,1.0,84.25,31.0,122.0,0,0,0,0,0,0,2,62,2,244,-1,-1,1,20,0.0,0.0,0.0,0.0,0.0,0.0,0.0,0.0
49356,443,6,351.0,3904.0,201.0,0.0,50.7778,82.8053,1460.0,0.0,650.3333,709.2506,32957.73,40442.969,99256.0,16.0,296455.0,59257.12,44046.012,99456.0,116.0,193333.0,39093.6,69709.18,99475.0,48.0,0,0,0,0,0.0,1460.0,0,0,0,1,0,0,0,0,0.0,323.2857,50.7778,650.3333,0,0,0,0,0,0,9,351,6,3904,8192,60,8,20,0.0,0.0,0.0,0.0,0.0,0.0,0.0,0.0
61389,53,17,57.0,142.0,57.0,57.0,57.0,0.0,142.0,142.0,142.0,0.0,131244.0,0.0,131244.0,131244.0,0.0,0.0,0.0,0.0,0.0,0.0,0.0,0.0,0.0,0.0,0,0,0,0,57.0,142.0,0,0,0,0,0,0,0,0,1.0,128.0,57.0,142.0,0,0,0,0,0,0,1,57,1,142,-1,-1,0,32,0.0,0.0,0.0,0.0,0.0,0.0,0.0,0.0
48888,53,17,90.0,222.0,45.0,45.0,45.0,0.0,111.0,111.0,111.0,0.0,103.66,175.805,309.0,1.0,1.0,1.0,0.0,1.0,1.0,3.0,3.0,0.0,3.0,3.0,0,0,0,0,45.0,111.0,0,0,0,0,0,0,0,0,1.0,89.25,45.0,111.0,0,0,0,0,0,0,2,90,2,222,-1,-1,1,32,0.0,0.0,0.0,0.0,0.0,0.0,0.0,0.0
443,50478,6,0.0,0.0,0.0,0.0,0.0,0.0,0.0,0.0,0.0,0.0,60.0,0.0,60.0,60.0,0.0,0.0,0.0,0.0,0.0,0.0,0.0,0.0,0.0,0.0,0,0,0,0,0.0,0.0,0,0,0,0,1,1,0,0,1.0,0.0,0.0,0.0,0,0,0,0,0,0,1,0,1,0,371,32832,0,32,0.0,0.0,0.0,0.0,0.0,0.0,0.0,0.0
61990,53,17,108.0,174.0,63.0,49.0,54.0,16.9774,108.0,61.0,87.0,35.2551,29861283.66,50530387.475,87568406.0,43137.0,87268416.0,87268416.0,0.0,87688416.0,87268416.0,87298536.0,87298536.0,0.0,87398536.0,87698536.0,0,0,0,0,49.0,108.0,0,0,0,0,0,0,0,0,1.0,83.75,54.0,87.0,0,0,0,0,0,0,2,108,2,174,-1,-1,1,20,30957.0,0.0,30957.0,30957.0,87568455.0,0.0,87568455.0,87568455.0
58970,443,6,37.0,0.0,37.0,0.0,18.5,26.163,0.0,0.0,0.0,0.0,3.0,0.0,3.0,3.0,3.0,3.0,0.0,3.0,3.0,0.0,0.0,0.0,0.0,0.0,1,0,0,0,0.0,37.0,0,1,0,0,1,0,0,0,0.0,37.0,18.5,0.0,0,0,0,0,0,0,2,37,0,0,65535,-1,0,32,0.0,0.0,0.0,0.0,0.0,0.0,0.0,0.0
56776,53,17,88.0,120.0,44.0,44.0,44.0,0.0,60.0,60.0,60.0,0.0,57.33,91.894,164.0,3.0,3.0,3.0,0.0,3.0,3.0,4.0,4.0,0.0,4.0,4.0,0,0,0,0,44.0,60.0,0,0,0,0,0,0,0,0,1.0,63.0,44.0,60.0,0,0,0,0,0,0,2,88,2,120,-1,-1,1,20,0.0,0.0,0.0,0.0,0.0,0.0,0.0,0.0
32456,53,17,64.0,234.0,32.0,32.0,32.0,0.0,117.0,117.0,117.0,0.0,10459.0,18008.614,31372.0,1.0,3.0,3.0,0.0,3.0,3.0,1.0,1.0,0.0,1.0,1.0,0,0,0,0,32.0,117.0,0,0,0,0,0,0,0,0,1.0,82.5,32.0,117.0,0,0,0,0,0,0,2,64,2,234,-1,-1,1,32,0.0,0.0,0.0,0.0,0.0,0.0,0.0,0.0
20891,53,17,64.0,256.0,32.0,32.0,32.0,0.0,128.0,128.0,128.0,0.0,10361.66,17952.659,31039.0,1.0,1.0,1.0,0.0,1.0,1.0,3.0,3.0,0.0,3.0,3.0,0,0,0,0,32.0,128.0,0,0,0,0,0,0,0,0,1.0,88.0,32.0,128.0,0,0,0,0,0,0,2,64,2,256,-1,-1,1,32,0.0,0.0,0.0,0.0,0.0,0.0,0.0,0.0
65084,443,6,1711.0,9055.0,1335.0,0.0,116.7778,305.9212,1413.0,0.0,888.75,718.075,22420.4,43214.493,267615.0,1.0,459639.0,39682.88,84742.163,267615.0,1.0,494779.0,48666.71,98300.183,380427.0,4.0,0,0,0,0,0.0,1413.0,0,0,0,1,0,0,0,0,0.0,468.1305,116.7778,888.75,0,0,0,0,0,0,18,1711,12,9055,65535,383,5,32,0.0,0.0,0.0,0.0,0.0,0.0,0.0,0.0
50131,53,17,66.0,98.0,33.0,33.0,33.0,0.0,49.0,49.0,49.0,0.0,89.0,113.736,211.0,3.0,48.0,48.0,0.0,48.0,48.0,3.0,3.0,0.0,3.0,3.0,0,0,0,0,33.0,49.0,0,0,0,0,0,0,0,0,1.0,49.25,33.0,49.0,0,0,0,0,0,0,2,66,2,98,-1,-1,1,20,0.0,0.0,0.0,0.0,0.0,0.0,0.0,0.0
59796,53,17,88.0,144.0,44.0,44.0,44.0,0.0,72.0,72.0,72.0,0.0,8109.66,14050.944,24321.0,3.0,49.0,49.0,0.0,49.0,49.0,3.0,3.0,0.0,3.0,3.0,0,0,0,0,44.0,72.0,0,0,0,0,0,0,0,0,1.0,69.0,44.0,72.0,0,0,0,0,0,0,2,88,2,144,-1,-1,1,20,0.0,0.0,0.0,0.0,0.0,0.0,0.0,0.0
443,54817,6,0.0,18.0,0.0,0.0,0.0,0.0,6.0,6.0,6.0,0.0,25483.5,51125.266,103301.0,1.0,103480.0,103480.0,0.0,103480.0,103480.0,4.0,2.0,1.414,3.0,1.0,0,0,0,0,0.0,6.0,0,0,0,0,1,0,0,0,1.0,3.6,0.0,6.0,0,0,0,0,0,0,2,0,3,18,118,0,0,32,0.0,0.0,0.0,0.0,0.0,0.0,0.0,0.0
443,54992,6,0.0,0.0,0.0,0.0,0.0,0.0,0.0,0.0,0.0,0.0,242.0,0.0,242.0,242.0,0.0,0.0,0.0,0.0,0.0,0.0,0.0,0.0,0.0,0.0,0,0,0,0,0.0,0.0,0,0,0,0,1,0,0,0,1.0,0.0,0.0,0.0,0,0,0,0,0,0,1,0,1,0,357,32832,0,32,0.0,0.0,0.0,0.0,0.0,0.0,0.0,0.0
56374,443,6,12.0,0.0,6.0,6.0,6.0,0.0,0.0,0.0,0.0,0.0,82.0,0.0,82.0,82.0,82.0,82.0,0.0,82.0,82.0,0.0,0.0,0.0,0.0,0.0,0,0,0,0,6.0,6.0,0,0,0,0,1,0,0,0,0.0,9.0,6.0,0.0,0,0,0,0,0,0,2,12,0,0,253,-1,1,20,0.0,0.0,0.0,0.0,0.0,0.0,0.0,0.0
443,56335,6,12.0,0.0,6.0,6.0,6.0,0.0,0.0,0.0,0.0,0.0,999782.0,0.0,999782.0,999782.0,999782.0,999782.0,0.0,999782.0,999782.0,0.0,0.0,0.0,0.0,0.0,0,0,0,0,6.0,6.0,0,0,0,0,1,0,0,0,0.0,9.0,6.0,0.0,0,0,0,0,0,0,2,12,0,0,4968,-1,1,20,0.0,0.0,0.0,0.0,0.0,0.0,0.0,0.0
60118,53,17,55.0,111.0,55.0,55.0,55.0,0.0,111.0,111.0,111.0,0.0,30524.0,0.0,30524.0,30524.0,0.0,0.0,0.0,0.0,0.0,0.0,0.0,0.0,0.0,0.0,0,0,0,0,55.0,111.0,0,0,0,0,0,0,0,0,1.0,110.5,55.0,111.0,0,0,0,0,0,0,1,55,1,111,-1,-1,0,20,0.0,0.0,0.0,0.0,0.0,0.0,0.0,0.0
63202,53,17,94.0,206.0,47.0,45.0,47.0,0.0,103.0,103.0,103.0,0.0,54.33,86.202,155.0,3.0,4.0,4.0,0.0,4.0,4.0,3.0,3.0,0.0,3.0,3.0,0,0,0,0,45.0,103.0,0,0,0,0,0,0,0,0,1.0,86.75,47.0,103.0,0,0,0,0,0,0,2,94,2,206,-1,-1,1,32,0.0,0.0,0.0,0.0,0.0,0.0,0.0,0.0
443,53636,6,0.0,0.0,0.0,0.0,0.0,0.0,0.0,0.0,0.0,0.0,3.0,0.0,3.0,3.0,3.0,3.0,0.0,3.0,3.0,0.0,0.0,0.0,0.0,0.0,0,0,0,0,0.0,0.0,0,0,0,0,1,0,0,0,0.0,0.0,0.0,0.0,0,0,0,0,0,0,2,0,0,0,5228,-1,0,32,0.0,0.0,0.0,0.0,0.0,0.0,0.0,0.0
443,61361,6,37.0,0.0,37.0,0.0,18.5,26.163,0.0,0.0,0.0,0.0,3.0,0.0,3.0,3.0,3.0,3.0,0.0,3.0,3.0,0.0,0.0,0.0,0.0,0.0,1,0,0,0,0.0,37.0,0,1,0,0,1,0,0,0,0.0,37.0,18.5,0.0,0,0,0,0,0,0,2,37,0,0,61,-1,0,32,0.0,0.0,0.0,0.0,0.0,0.0,0.0,0.0
123,123,17,48.0,48.0,48.0,48.0,48.0,0.0,48.0,48.0,48.0,0.0,121454.0,0.0,121454.0,121454.0,0.0,0.0,0.0,0.0,0.0,0.0,0.0,0.0,0.0,0.0,0,0,0,0,48.0,48.0,0,0,0,0,0,0,0,0,1.0,72.0,48.0,48.0,0,0,0,0,0,0,1,48,1,48,-1,-1,0,44,0.0,0.0,0.0,0.0,0.0,0.0,0.0,0.0
443,52817,6,6.0,6.0,6.0,6.0,6.0,0.0,6.0,6.0,6.0,0.0,24.0,0.0,24.0,24.0,0.0,0.0,0.0,0.0,0.0,0.0,0.0,0.0,0.0,0.0,0,0,0,0,6.0,6.0,0,0,0,0,1,1,0,0,1.0,9.0,6.0,6.0,0,0,0,0,0,0,1,6,1,6,33511,255,0,20,0.0,0.0,0.0,0.0,0.0,0.0,0.0,0.0
4007,443,6,342.0,3871.0,202.0,0.0,41.25,74.7473,1460.0,0.0,688.625,685.2934,380741.5,1297459.393,4335054.0,3.0,5632388.0,700794.28,1876206.182,4335054.0,3.0,64431.0,13241.28,18492.29,35746.0,48.0,0,0,0,0,0.0,1460.0,0,0,0,1,0,0,0,0,0.0,315.5714,41.25,688.625,0,0,0,0,0,0,8,342,8,3871,8192,946,7,20,0.0,0.0,0.0,0.0,0.0,0.0,0.0,0.0
443,37068,6,31.0,0.0,31.0,0.0,10.3333,17.8979,0.0,0.0,0.0,0.0,2.0,1.414,3.0,1.0,4.0,2.0,1.414,3.0,1.0,0.0,0.0,0.0,0.0,0.0,0,0,0,0,0.0,31.0,0,0,0,0,1,0,0,0,0.0,10.3333,10.3333,0.0,0,0,0,0,0,0,3,31,0,0,59,-1,1,32,0.0,0.0,0.0,0.0,0.0,0.0,0.0,0.0
63555,443,6,713.0,479.0,469.0,0.0,71.3,147.2874,341.0,0.0,95.8,149.5299,6181.57,10540.371,24604.0,3.0,80241.0,9882.66,11295.342,25554.0,3.0,58958.0,12919.5,13019.84,24201.0,342.0,0,0,0,0,0.0,469.0,0,0,0,1,0,0,0,0,0.0,79.4667,71.3,95.8,0,0,0,0,0,0,10,713,5,479,65535,972,5,32,0.0,0.0,0.0,0.0,0.0,0.0,0.0,0.0
443,53048,6,6.0,6.0,6.0,6.0,6.0,0.0,6.0,6.0,6.0,0.0,46.0,0.0,46.0,46.0,0.0,0.0,0.0,0.0,0.0,0.0,0.0,0.0,0.0,0.0,0,0,0,0,6.0,6.0,0,0,0,0,1,1,0,0,1.0,9.0,6.0,6.0,0,0,0,0,0,0,1,6,1,6,32,32850,0,20,0.0,0.0,0.0,0.0,0.0,0.0,0.0,0.0
33386,443,6,474.0,644.0,314.0,0.0,79.0,130.3089,485.0,0.0,92.0,179.684,21126.42,25716.468,76707.0,1.0,286422.0,58615.4,27171.527,76407.0,52720.0,257180.0,47795.0,49467.929,113355.0,1.0,0,0,0,0,0.0,485.0,0,0,0,1,0,0,0,0,1.0,86.0,79.0,92.0,0,0,0,0,0,0,6,474,7,644,29200,114,3,32,0.0,0.0,0.0,0.0,0.0,0.0,0.0,0.0
49908,443,6,12.0,0.0,6.0,6.0,6.0,0.0,0.0,0.0,0.0,0.0,3.0,0.0,3.0,3.0,3.0,3.0,0.0,3.0,3.0,0.0,0.0,0.0,0.0,0.0,0,0,0,0,6.0,6.0,1,0,0,0,0,0,0,0,0.0,9.0,6.0,0.0,0,0,0,0,0,0,2,12,0,0,0,-1,1,20,0.0,0.0,0.0,0.0,0.0,0.0,0.0,0.0
62010,53,17,101.0,265.0,55.0,46.0,50.5,6.364,139.0,160.0,132.5,14.0478,24297358.0,40071838.689,72588913.0,514.0,72570510.0,72570510.0,0.0,72570510.0,72570510.0,72530428.0,72530428.0,0.0,72530428.0,72530428.0,0,0,0,0,46.0,139.0,0,0,0,0,0,0,0,0,1.0,102.3333,50.5,132.5,0,0,0,0,0,0,2,101,2,265,-1,-1,1,20,60545.0,0.0,60545.0,60545.0,72588963.0,0.0,72588943.0,72588963.0
61832,53,17,49.0,147.0,49.0,49.0,49.0,0.0,147.0,147.0,147.0,0.0,23641.0,0.0,23641.0,23641.0,0.0,0.0,0.0,0.0,0.0,0.0,0.0,0.0,0.0,0.0,0,0,0,0,49.0,147.0,0,0,0,0,0,0,0,0,1.0,122.5,49.0,147.0,0,0,0,0,0,0,1,49,1,147,-1,-1,0,32,0.0,0.0,0.0,0.0,0.0,0.0,0.0,0.0
443,55333,6,0.0,0.0,0.0,0.0,0.0,0.0,0.0,0.0,0.0,0.0,107.0,0.0,107.0,107.0,0.0,0.0,0.0,0.0,0.0,0.0,0.0,0.0,0.0,0.0,0,0,0,0,0.0,0.0,0,0,0,0,1,1,0,0,1.0,0.0,0.0,0.0,0,0,0,0,0,0,1,0,1,0,357,32832,0,32,0.0,0.0,0.0,0.0,0.0,0.0,0.0,0.0
50996,443,6,6.0,37.0,6.0,6.0,6.0,0.0,37.0,0.0,18.5,26.163,738004.0,0.0,738004.0,738004.0,0.0,0.0,0.0,0.0,0.0,0.0,0.0,0.0,0.0,0.0,0,0,0,0,0.0,37.0,1,0,0,0,0,0,0,0,1.0,16.5,6.0,18.5,0,0,0,0,0,0,1,6,1,37,0,65,0,20,0.0,0.0,0.0,0.0,0.0,0.0,0.0,0.0
55392,443,6,932.0,91281.0,517.0,0.0,26.1863,78.1881,2460.0,0.0,1058.3404,658.1431,1301529.0,9605371.077,58649097.0,0.0,116745845.0,3229871.84,13513958.31,58749097.0,17.0,116127125.0,2700694.55,12540064.913,58765005.0,2.0,0,0,0,0,0.0,2460.0,0,0,0,1,0,0,0,0,1.0,540.4,26.1863,1058.3404,0,0,0,0,0,0,45,932,60,91281,8192,360,44,20,172135.0,191014.618,259188.0,96710.0,58376588.5,381660.932,58649099.0,57563496.0
55124,443,6,599.0,160.0,517.0,0.0,85.5714,191.3085,160.0,0.0,53.3333,92.376,605660.9,1783752.585,5312999.0,3.0,5519027.0,933675.16,2218800.885,5309074.0,3.0,111346.0,30785.0,31201.139,69772.0,15004.0,0,0,0,0,0.0,517.0,0,0,0,1,0,0,0,0,0.0,75.9,85.5714,53.3333,0,0,0,0,0,0,7,599,3,160,29200,59,3,32,129088.0,0.0,129088.0,129088.0,5312928.0,0.0,5312998.0,5312928.0
40768,53,17,92.0,284.0,46.0,46.0,46.0,0.0,142.0,142.0,142.0,0.0,65.33,103.923,181.0,3.0,3.0,3.0,0.0,3.0,3.0,3.0,3.0,0.0,3.0,3.0,0,0,0,0,46.0,142.0,0,0,0,0,0,0,0,0,1.0,105.5,46.0,142.0,0,0,0,0,0,0,2,92,2,284,-1,-1,1,32,0.0,0.0,0.0,0.0,0.0,0.0,0.0,0.0
54108,443,6,599.0,132.0,517.0,0.0,85.5714,191.3085,132.0,0.0,38.0,66.0,504407.7,1335963.509,4947640.0,24.0,5043426.0,840477.66,2033101.203,4999971.0,27.0,94067.0,34065.33,31887.502,68941.0,23544.0,0,0,0,0,0.0,517.0,0,0,0,1,0,0,0,0,0.0,68.2727,85.5714,38.0,0,0,0,0,0,0,7,599,4,132,29200,939,3,32,0.0,0.0,0.0,0.0,0.0,0.0,0.0,0.0
54326,53,17,60.0,264.0,30.0,30.0,30.0,0.0,132.0,132.0,132.0,0.0,55.66,88.039,150.0,3.0,4.0,4.0,0.0,4.0,4.0,3.0,3.0,0.0,3.0,3.0,0,0,0,0,30.0,132.0,0,0,0,0,0,0,0,0,1.0,88.5,30.0,132.0,0,0,0,0,0,0,2,60,2,264,-1,-1,1,20,0.0,0.0,0.0,0.0,0.0,0.0,0.0,0.0
443,52552,6,6.0,6.0,6.0,6.0,6.0,0.0,6.0,6.0,6.0,0.0,22.0,0.0,22.0,22.0,0.0,0.0,0.0,0.0,0.0,0.0,0.0,0.0,0.0,0.0,0,0,0,0,6.0,6.0,0,0,0,0,1,1,0,0,1.0,9.0,6.0,6.0,0,0,0,0,0,0,1,6,1,6,31109,16569,0,20,0.0,0.0,0.0,0.0,0.0,0.0,0.0,0.0
52439,53,17,132.0,296.0,33.0,33.0,33.0,0.0,148.0,148.0,148.0,0.0,97722.4,143090.457,294060.0,3.0,92553.0,30884.66,53464.684,92540.0,3.0,4.0,4.0,0.0,4.0,4.0,0,0,0,0,33.0,148.0,0,0,0,0,0,0,0,0,0.0,76.8333,33.0,148.0,0,0,0,0,0,0,4,132,2,296,-1,-1,3,20,0.0,0.0,0.0,0.0,0.0,0.0,0.0,0.0
80,56283,6,6.0,6.0,6.0,6.0,6.0,0.0,6.0,6.0,6.0,0.0,128.0,0.0,128.0,128.0,0.0,0.0,0.0,0.0,0.0,0.0,0.0,0.0,0.0,0.0,0,0,0,0,6.0,6.0,0,0,0,0,1,1,0,0,1.0,9.0,6.0,6.0,0,0,0,0,0,0,1,6,1,6,319,258,0,20,0.0,0.0,0.0,0.0,0.0,0.0,0.0,0.0
443,60908,6,0.0,0.0,0.0,0.0,0.0,0.0,0.0,0.0,0.0,0.0,63.0,0.0,63.0,63.0,0.0,0.0,0.0,0.0,0.0,0.0,0.0,0.0,0.0,0.0,0,0,0,0,0.0,0.0,0,0,0,0,1,1,0,0,1.0,0.0,0.0,0.0,0,0,0,0,0,0,1,0,1,0,362,32832,0,32,0.0,0.0,0.0,0.0,0.0,0.0,0.0,0.0
62582,53,17,121.0,219.0,70.0,41.0,60.5,26.233,166.0,142.0,109.5,39.3627,15681341.33,25711805.081,46844879.0,30138.0,46914819.0,46914819.0,0.0,46914819.0,46914819.0,46815773.0,46815773.0,0.0,46815773.0,46815773.0,0,0,0,0,41.0,166.0,0,0,0,0,0,0,0,0,1.0,100.0,60.5,109.5,0,0,0,0,0,0,2,121,2,219,-1,-1,1,20,23364.0,0.0,23364.0,23364.0,46844881.0,0.0,46844871.0,46844881.0
53612,443,6,12.0,0.0,6.0,6.0,6.0,0.0,0.0,0.0,0.0,0.0,49.0,0.0,49.0,49.0,49.0,49.0,0.0,49.0,49.0,0.0,0.0,0.0,0.0,0.0,0,0,0,0,6.0,6.0,1,0,0,0,0,0,0,0,0.0,9.0,6.0,0.0,0,0,0,0,0,0,2,12,0,0,0,-1,1,20,0.0,0.0,0.0,0.0,0.0,0.0,0.0,0.0
60191,53,17,43.0,102.0,43.0,43.0,43.0,0.0,102.0,102.0,102.0,0.0,50114.0,0.0,50114.0,50114.0,0.0,0.0,0.0,0.0,0.0,0.0,0.0,0.0,0.0,0.0,0,0,0,0,43.0,102.0,0,0,0,0,0,0,0,0,1.0,94.0,43.0,102.0,0,0,0,0,0,0,1,43,1,102,-1,-1,0,32,0.0,0.0,0.0,0.0,0.0,0.0,0.0,0.0
63459,80,6,743.0,30694.0,330.0,0.0,22.6583,84.4477,3037.0,0.0,992.2,1224.8648,1315725.05,3307551.227,10011635.0,4.0,115387918.0,2879942.73,4572663.178,10047916.0,223.0,110659942.0,2995182.61,4392268.942,10048312.0,48.0,0,0,0,0,0.0,3037.0,0,0,0,1,0,0,0,0,1.0,660.0945,22.6583,992.2,0,0,0,0,0,0,36,743,50,30694,29200,349,4,32,33191.54,26435.183,150279.0,23887.0,10003495.54,3777.951,10011637.0,9992474.0
35628,80,6,396.0,10545.0,394.0,0.0,23.3333,93.2534,4214.0,0.0,878.1,1268.7067,2443457.36,4257443.677,10006812.0,5.0,115981284.0,5027218.18,5011764.305,10020017.0,41.0,110905330.0,4321444.81,5146817.13,10023923.0,47.0,0,0,0,0,0.0,4214.0,0,0,0,1,0,0,0,0,1.0,427.687,23.3333,878.1,0,0,0,0,0,0,24,396,25,10545,29200,118,1,32,43397.81,55689.344,241769.0,23059.0,9990743.09,33082.638,10006812.0,9994217.0
443,52971,6,37.0,0.0,31.0,6.0,18.5,17.6777,0.0,0.0,0.0,0.0,3.0,0.0,3.0,3.0,3.0,3.0,0.0,3.0,3.0,0.0,0.0,0.0,0.0,0.0,1,0,0,0,6.0,31.0,0,1,0,0,1,0,0,0,0.0,34.0,18.5,0.0,0,0,0,0,0,0,2,37,0,0,110,-1,1,20,0.0,0.0,0.0,0.0,0.0,0.0,0.0,0.0
443,58241,6,77.0,18.0,46.0,0.0,25.6667,23.4592,6.0,6.0,6.0,0.0,15604.0,27285.674,64270.0,1.0,65303.0,32651.5,36917.921,64230.0,1.0,4.0,2.0,1.414,3.0,1.0,1,0,0,0,0.0,46.0,0,1,0,0,1,0,0,0,0.0,11.0,25.6667,6.0,0,0,0,0,0,0,3,77,3,18,119,0,1,32,0.0,0.0,0.0,0.0,0.0,0.0,0.0,0.0
443,42294,6,12.0,0.0,6.0,6.0,6.0,0.0,0.0,0.0,0.0,0.0,999895.0,0.0,999895.0,999895.0,999895.0,999895.0,0.0,999895.0,999895.0,0.0,0.0,0.0,0.0,0.0,0,0,0,0,6.0,6.0,0,0,0,0,1,0,0,0,0.0,9.0,6.0,0.0,0,0,0,0,0,0,2,12,0,0,4969,-1,1,20,0.0,0.0,0.0,0.0,0.0,0.0,0.0,0.0
443,62491,6,0.0,0.0,0.0,0.0,0.0,0.0,0.0,0.0,0.0,0.0,76.0,0.0,76.0,76.0,0.0,0.0,0.0,0.0,0.0,0.0,0.0,0.0,0.0,0.0,0,0,0,0,0.0,0.0,0,0,0,0,1,0,0,0,1.0,0.0,0.0,0.0,0,0,0,0,0,0,1,0,1,0,179,32832,0,32,0.0,0.0,0.0,0.0,0.0,0.0,0.0,0.0
54877,443,6,1095.0,4903.0,418.0,0.0,45.6667,117.0679,1418.0,0.0,200.0636,465.5195,3904292.63,14612062.903,58987065.0,1.0,118917518.0,8403621.64,18980803.077,58918061.0,49.0,118912533.0,8302485.05,21300323.218,59047538.0,1.0,0,0,0,0,0.0,1418.0,0,0,0,1,0,0,0,0,1.0,146.48,45.6667,200.0636,0,0,0,0,0,0,18,1095,19,4903,29200,349,8,32,381985.5,435070.124,683522.0,83632.0,58624670.5,603693.413,58987063.0,58449852.0
50262,443,6,734.0,1581.0,485.0,0.0,73.4,152.6784,1349.0,0.0,385.8333,676.1692,20374.93,36862.517,87708.0,4.0,286488.0,36746.55,44202.38,91608.0,4.0,180248.0,45067.6,49591.323,89042.0,737.0,0,0,0,0,0.0,1349.0,0,0,0,1,0,0,0,0,0.0,158.5333,73.4,385.8333,0,0,0,0,0,0,10,734,6,1581,65535,114,5,32,0.0,0.0,0.0,0.0,0.0,0.0,0.0,0.0
30979,22,6,0.0,0.0,0.0,0.0,0.0,0.0,0.0,0.0,0.0,0.0,176.0,0.0,176.0,176.0,0.0,0.0,0.0,0.0,0.0,0.0,0.0,0.0,0.0,0.0,0,0,0,0,0.0,0.0,0,0,0,0,1,1,0,0,1.0,0.0,0.0,0.0,0,0,0,0,0,0,1,0,1,0,290,243,0,32,0.0,0.0,0.0,0.0,0.0,0.0,0.0,0.0
56063,443,6,187.0,92.0,46.0,6.0,26.7143,20.0891,46.0,46.0,46.0,0.0,7817869.9,20588087.733,58954924.0,4.0,64197065.0,10527083.83,23832532.618,58954924.0,4.0,59004886.0,59004886.0,0.0,59004886.0,59004886.0,1,0,0,0,6.0,46.0,0,1,0,0,1,0,0,0,0.0,36.1111,26.7143,46.0,0,0,0,0,0,0,7,187,2,92,16553,435,6,20,79891.0,0.0,79891.0,79891.0,58954917.0,0.0,58954917.0,58954917.0
80,52258,6,6.0,6.0,6.0,6.0,6.0,0.0,6.0,6.0,6.0,0.0,40.0,0.0,40.0,40.0,0.0,0.0,0.0,0.0,0.0,0.0,0.0,0.0,0.0,0.0,0,0,0,0,6.0,6.0,0,0,0,0,1,1,0,0,1.0,9.0,6.0,6.0,0,0,0,0,0,0,1,6,1,6,913,16370,0,20,0.0,0.0,0.0,0.0,0.0,0.0,0.0,0.0
443,49482,6,37.0,0.0,37.0,0.0,18.5,26.163,0.0,0.0,0.0,0.0,3.0,0.0,3.0,3.0,3.0,3.0,0.0,3.0,3.0,0.0,0.0,0.0,0.0,0.0,1,0,0,0,0.0,37.0,0,1,0,0,1,0,0,0,0.0,37.0,18.5,0.0,0,0,0,0,0,0,2,37,0,0,115,-1,0,32,0.0,0.0,0.0,0.0,0.0,0.0,0.0,0.0
64144,80,6,864.0,3613.0,423.0,0.0,93.4,186.9027,1673.0,0.0,306.6,784.6379,2419484.45,4212468.084,10000443.0,130.0,32246229.0,4663851.55,5006474.544,10026517.0,11311.0,47791133.0,5930599.22,5248891.998,10028106.0,220.0,0,0,0,0,0.0,1673.0,0,0,0,1,0,0,0,0,0.0,212.6333,93.4,306.6,0,0,0,0,0,0,10,864,10,3613,8192,980,9,20,362606.57,614429.696,2407444.0,23616.0,9964246.0,6964.668,10000444.0,9816582.0
443,59924,6,0.0,0.0,0.0,0.0,0.0,0.0,0.0,0.0,0.0,0.0,34.5,45.172,66.0,3.0,3.0,3.0,0.0,3.0,3.0,0.0,0.0,0.0,0.0,0.0,0,0,0,0,0.0,0.0,0,0,0,0,1,1,0,0,0.0,0.0,0.0,0.0,0,0,0,0,0,0,2,0,1,0,383,32832,0,32,0.0,0.0,0.0,0.0,0.0,0.0,0.0,0.0
54772,443,6,12.0,0.0,6.0,6.0,6.0,0.0,0.0,0.0,0.0,0.0,9558.0,0.0,9558.0,9558.0,9558.0,9558.0,0.0,9558.0,9558.0,0.0,0.0,0.0,0.0,0.0,0,0,0,0,6.0,6.0,0,0,0,0,1,0,0,0,0.0,9.0,6.0,0.0,0,0,0,0,0,0,2,12,0,0,253,-1,1,20,0.0,0.0,0.0,0.0,0.0,0.0,0.0,0.0
56051,443,6,12.0,0.0,6.0,6.0,6.0,0.0,0.0,0.0,0.0,0.0,3637464.0,0.0,3637464.0,3637464.0,3637464.0,3637464.0,0.0,3637464.0,3637464.0,0.0,0.0,0.0,0.0,0.0,0,0,0,0,6.0,6.0,0,0,0,0,1,0,0,0,0.0,9.0,6.0,0.0,0,0,0,0,0,0,2,12,0,0,63866,-1,1,20,0.0,0.0,0.0,0.0,0.0,0.0,0.0,0.0
63766,53,17,148.0,208.0,37.0,37.0,37.0,0.0,104.0,104.0,104.0,0.0,16396.0,28908.36,69808.0,4.0,69952.0,29614.33,36418.106,69807.0,4.0,4.0,4.0,0.0,4.0,4.0,0,0,0,0,37.0,104.0,0,0,0,0,0,0,0,0,0.0,61.1667,37.0,104.0,0,0,0,0,0,0,4,148,2,208,-1,-1,3,20,0.0,0.0,0.0,0.0,0.0,0.0,0.0,0.0
443,59464,6,37.0,0.0,37.0,0.0,18.5,26.163,0.0,0.0,0.0,0.0,3.0,0.0,3.0,3.0,3.0,3.0,0.0,3.0,3.0,0.0,0.0,0.0,0.0,0.0,1,0,0,0,0.0,37.0,0,1,0,0,1,0,0,0,0.0,37.0,18.5,0.0,0,0,0,0,0,0,2,37,0,0,1120,-1,0,32,0.0,0.0,0.0,0.0,0.0,0.0,0.0,0.0
64357,443,6,0.0,0.0,0.0,0.0,0.0,0.0,0.0,0.0,0.0,0.0,46.0,0.0,46.0,46.0,46.0,46.0,0.0,46.0,46.0,0.0,0.0,0.0,0.0,0.0,0,0,0,0,0.0,0.0,0,0,0,0,1,1,0,0,0.0,0.0,0.0,0.0,0,0,0,0,0,0,2,0,0,0,65535,-1,0,32,0.0,0.0,0.0,0.0,0.0,0.0,0.0,0.0
55897,443,6,0.0,0.0,0.0,0.0,0.0,0.0,0.0,0.0,0.0,0.0,4490393.0,2150513.134,6000757.0,2999623.0,9062796.0,4535348.0,2127850.646,6000757.0,2941550.0,0.0,0.0,0.0,0.0,0.0,0,0,0,0,0.0,0.0,0,0,0,1,0,0,0,0,0.0,0.0,0.0,0.0,0,0,0,0,0,0,3,0,0,0,8192,-1,0,28,3015003.0,0.0,3015003.0,3015003.0,6000745.0,0.0,6000745.0,6000745.0
59756,53,17,78.0,110.0,39.0,39.0,39.0,0.0,55.0,55.0,55.0,0.0,49.0,77.942,139.0,4.0,4.0,4.0,0.0,4.0,4.0,4.0,4.0,0.0,4.0,4.0,0,0,0,0,39.0,55.0,0,0,0,0,0,0,0,0,1.0,56.75,39.0,55.0,0,0,0,0,0,0,2,78,2,110,-1,-1,1,20,0.0,0.0,0.0,0.0,0.0,0.0,0.0,0.0
36138,53,17,86.0,220.0,43.0,43.0,43.0,0.0,110.0,110.0,110.0,0.0,183990.66,278933.379,431960.0,0.0,50.0,50.0,0.0,50.0,50.0,3.0,3.0,0.0,3.0,3.0,0,0,0,0,43.0,110.0,0,0,0,0,0,0,0,0,1.0,87.25,43.0,110.0,0,0,0,0,0,0,2,86,2,220,-1,-1,1,32,0.0,0.0,0.0,0.0,0.0,0.0,0.0,0.0
58131,53,17,180.0,636.0,45.0,45.0,45.0,0.0,318.0,318.0,318.0,0.0,7866.8,14245.719,33221.0,3.0,33393.0,11164.0,19545.648,33281.0,3.0,4.0,4.0,0.0,4.0,4.0,0,0,0,0,45.0,318.0,0,0,0,0,0,0,0,0,0.0,146.5,45.0,318.0,0,0,0,0,0,0,4,180,2,636,-1,-1,3,20,0.0,0.0,0.0,0.0,0.0,0.0,0.0,0.0
61273,53,17,95.0,250.0,95.0,95.0,95.0,0.0,250.0,250.0,250.0,0.0,47826.0,0.0,47826.0,47826.0,0.0,0.0,0.0,0.0,0.0,0.0,0.0,0.0,0.0,0.0,0,0,0,0,95.0,250.0,0,0,0,0,0,0,0,0,1.0,200.0,95.0,250.0,0,0,0,0,0,0,1,95,1,250,-1,-1,0,44,0.0,0.0,0.0,0.0,0.0,0.0,0.0,0.0
57593,80,6,12.0,0.0,6.0,0.0,4.0,3.4641,0.0,0.0,0.0,0.0,1996419.66,3337428.479,5855062.0,38.0,5996249.0,2998124.5,4176771.029,5855062.0,42102.0,0.0,0.0,0.0,0.0,0.0,0,0,0,0,0.0,6.0,0,0,0,1,0,0,0,0,0.0,3.0,4.0,0.0,0,0,0,0,0,0,3,12,1,0,8192,14600,2,20,0.0,0.0,0.0,0.0,0.0,0.0,0.0,0.0
61004,53,17,56.0,116.0,56.0,56.0,56.0,0.0,116.0,116.0,116.0,0.0,207882.0,0.0,207882.0,207882.0,0.0,0.0,0.0,0.0,0.0,0.0,0.0,0.0,0.0,0.0,0,0,0,0,56.0,116.0,0,0,0,0,0,0,0,0,1.0,114.0,56.0,116.0,0,0,0,0,0,0,1,56,1,116,-1,-1,0,20,0.0,0.0,0.0,0.0,0.0,0.0,0.0,0.0
53474,443,6,1276.0,1520.0,901.0,0.0,106.2,300.343,1397.0,0.0,307.0,605.7733,4063.59,6790.678,15239.0,1.0,65067.0,8908.33,8690.291,23763.0,1.0,44389.0,3744.25,7424.619,15033.0,180.0,0,0,0,0,0.0,1397.0,0,0,0,1,0,0,0,0,0.0,172.2333,106.2,307.0,0,0,0,0,0,0,10,1276,5,1520,65535,32,19,20,0.0,0.0,0.0,0.0,0.0,0.0,0.0,0.0
25333,53,17,70.0,134.0,35.0,35.0,35.0,0.0,67.0,67.0,67.0,0.0,15767.0,27124.316,47295.0,1.0,1.0,1.0,0.0,1.0,1.0,4.0,4.0,0.0,4.0,4.0,0,0,0,0,35.0,67.0,0,0,0,0,0,0,0,0,1.0,59.75,35.0,67.0,0,0,0,0,0,0,2,70,2,134,-1,-1,1,32,0.0,0.0,0.0,0.0,0.0,0.0,0.0,0.0
35328,80,6,1163.0,103546.0,577.0,0.0,15.037,84.7291,4344.0,0.0,1841.8434,1097.0979,585119.22,2244220.468,10011970.0,0.0,40946195.0,1313600.88,3310796.544,10013920.0,3.0,48386532.0,925396.59,2856423.217,10036025.0,1.0,0,0,0,0,0.0,4344.0,0,0,0,1,0,0,0,0,1.0,1280.6757,15.037,1841.8434,0,0,0,0,0,0,77,1163,93,103546,29200,972,5,32,353590.5,799337.361,1970647.0,36739.0,10011759.5,4058.298,10011970.0,10000717.0
49710,443,6,95.0,0.0,55.0,6.0,35.625,28.5069,0.0,0.0,0.0,0.0,81.0,43.937,121.0,48.0,264.0,142.0,153.173,121.0,48.0,0.0,0.0,0.0,0.0,0.0,1,0,0,0,6.0,55.0,0,1,0,0,1,0,0,0,0.0,38.0,35.625,0.0,0,0,0,0,0,0,3,95,0,0,63141,-1,2,20,0.0,0.0,0.0,0.0,0.0,0.0,0.0,0.0
61407,53,17,51.0,111.0,51.0,51.0,51.0,0.0,111.0,111.0,111.0,0.0,407.0,0.0,407.0,407.0,0.0,0.0,0.0,0.0,0.0,0.0,0.0,0.0,0.0,0.0,0,0,0,0,51.0,111.0,0,0,0,0,0,0,0,0,1.0,106.5,51.0,111.0,0,0,0,0,0,0,1,51,1,111,-1,-1,0,20,0.0,0.0,0.0,0.0,0.0,0.0,0.0,0.0
443,58590,6,37.0,0.0,37.0,0.0,18.5,26.163,0.0,0.0,0.0,0.0,3.0,0.0,3.0,3.0,3.0,3.0,0.0,3.0,3.0,0.0,0.0,0.0,0.0,0.0,1,0,0,0,0.0,37.0,0,1,0,0,1,0,0,0,0.0,37.0,18.5,0.0,0,0,0,0,0,0,2,37,0,0,115,-1,0,32,0.0,0.0,0.0,0.0,0.0,0.0,0.0,0.0
443,50885,6,6.0,6.0,6.0,6.0,6.0,0.0,6.0,6.0,6.0,0.0,3.0,0.0,3.0,3.0,0.0,0.0,0.0,0.0,0.0,0.0,0.0,0.0,0.0,0.0,0,0,0,0,6.0,6.0,0,0,0,0,1,0,0,0,1.0,9.0,6.0,6.0,0,0,0,0,0,0,1,6,1,6,119,256,0,20,0.0,0.0,0.0,0.0,0.0,0.0,0.0,0.0
53649,53,17,88.0,120.0,44.0,44.0,44.0,0.0,60.0,60.0,60.0,0.0,50.66,85.457,146.0,3.0,3.0,3.0,0.0,3.0,3.0,4.0,4.0,0.0,4.0,4.0,0,0,0,0,44.0,60.0,0,0,0,0,0,0,0,0,1.0,63.0,44.0,60.0,0,0,0,0,0,0,2,88,2,120,-1,-1,1,32,0.0,0.0,0.0,0.0,0.0,0.0,0.0,0.0
443,56193,6,0.0,0.0,0.0,0.0,0.0,0.0,0.0,0.0,0.0,0.0,929.0,0.0,929.0,929.0,0.0,0.0,0.0,0.0,0.0,0.0,0.0,0.0,0.0,0.0,0,0,0,0,0.0,0.0,0,0,0,0,1,1,0,0,1.0,0.0,0.0,0.0,0,0,0,0,0,0,1,0,1,0,383,32832,0,32,0.0,0.0,0.0,0.0,0.0,0.0,0.0,0.0
443,58379,6,12.0,0.0,6.0,6.0,6.0,0.0,0.0,0.0,0.0,0.0,3.0,0.0,3.0,3.0,3.0,3.0,0.0,3.0,3.0,0.0,0.0,0.0,0.0,0.0,0,0,0,0,6.0,6.0,0,0,0,0,1,0,0,0,0.0,9.0,6.0,0.0,0,0,0,0,0,0,2,12,0,0,377,-1,1,20,0.0,0.0,0.0,0.0,0.0,0.0,0.0,0.0
443,56372,6,6.0,6.0,6.0,6.0,6.0,0.0,6.0,6.0,6.0,0.0,3.0,0.0,3.0,3.0,0.0,0.0,0.0,0.0,0.0,0.0,0.0,0.0,0.0,0.0,0,0,0,0,6.0,6.0,0,0,0,0,1,1,0,0,1.0,9.0,6.0,6.0,0,0,0,0,0,0,1,6,1,6,136,255,0,20,0.0,0.0,0.0,0.0,0.0,0.0,0.0,0.0
56737,80,6,557.0,259.0,533.0,0.0,110.75,251.519,259.0,0.0,89.25,149.5118,747593.57,1956691.029,5000914.0,111.0,216950.0,75313.33,67847.237,139661.0,158.0,5111304.0,1750531.33,2745370.417,5000532.0,348.0,0,0,0,0,0.0,533.0,0,0,0,1,0,0,0,0,1.0,97.425,110.75,89.25,0,0,0,0,0,0,4,557,4,259,8192,946,3,20,0.0,0.0,0.0,0.0,0.0,0.0,0.0,0.0
443,51826,6,37.0,0.0,37.0,0.0,18.5,26.163,0.0,0.0,0.0,0.0,4.0,0.0,4.0,4.0,4.0,4.0,0.0,4.0,4.0,0.0,0.0,0.0,0.0,0.0,1,0,0,0,0.0,37.0,0,1,0,0,1,0,0,0,0.0,37.0,18.5,0.0,0,0,0,0,0,0,2,37,0,0,114,-1,0,32,0.0,0.0,0.0,0.0,0.0,0.0,0.0,0.0
25007,53,17,70.0,166.0,35.0,35.0,35.0,0.0,83.0,83.0,83.0,0.0,67.0,33.812,104.0,48.0,48.0,48.0,0.0,48.0,48.0,48.0,48.0,0.0,48.0,48.0,0,0,0,0,35.0,83.0,0,0,0,0,0,0,0,0,1.0,67.75,35.0,83.0,0,0,0,0,0,0,2,70,2,166,-1,-1,1,32,0.0,0.0,0.0,0.0,0.0,0.0,0.0,0.0
443,49486,6,12.0,0.0,6.0,6.0,6.0,0.0,0.0,0.0,0.0,0.0,3339.0,0.0,3339.0,3339.0,3339.0,3339.0,0.0,3339.0,3339.0,0.0,0.0,0.0,0.0,0.0,0,0,0,0,6.0,6.0,0,0,0,0,1,0,0,0,0.0,9.0,6.0,0.0,0,0,0,0,0,0,2,12,0,0,360,-1,1,20,0.0,0.0,0.0,0.0,0.0,0.0,0.0,0.0
55648,443,6,702.0,2091.0,453.0,0.0,70.4,142.9399,2048.0,0.0,587.2,1080.9244,168595.35,419142.924,1824904.0,3.0,1081729.0,265764.66,536926.188,1824004.0,3.0,1880056.0,264359.5,519774.278,1804935.0,421.0,0,0,0,0,0.0,2048.0,0,0,0,1,0,0,0,0,0.0,238.4333,70.4,587.2,0,0,0,0,0,0,10,702,5,2091,65535,61,5,32,0.0,0.0,0.0,0.0,0.0,0.0,0.0,0.0
61362,53,17,49.0,110.0,49.0,49.0,49.0,0.0,110.0,110.0,110.0,0.0,23155.0,0.0,23155.0,23155.0,0.0,0.0,0.0,0.0,0.0,0.0,0.0,0.0,0.0,0.0,0,0,0,0,49.0,110.0,0,0,0,0,0,0,0,0,1.0,104.0,49.0,110.0,0,0,0,0,0,0,1,49,1,110,-1,-1,0,32,0.0,0.0,0.0,0.0,0.0,0.0,0.0,0.0
443,62786,6,6.0,6.0,6.0,6.0,6.0,0.0,6.0,6.0,6.0,0.0,103.0,0.0,103.0,103.0,0.0,0.0,0.0,0.0,0.0,0.0,0.0,0.0,0.0,0.0,0,0,0,0,6.0,6.0,0,0,0,0,1,1,0,0,1.0,9.0,6.0,6.0,0,0,0,0,0,0,1,6,1,6,32,32850,0,20,0.0,0.0,0.0,0.0,0.0,0.0,0.0,0.0
443,59637,6,6.0,6.0,6.0,6.0,6.0,0.0,6.0,6.0,6.0,0.0,31.0,0.0,31.0,31.0,0.0,0.0,0.0,0.0,0.0,0.0,0.0,0.0,0.0,0.0,0,0,0,0,6.0,6.0,0,0,0,0,1,1,0,0,1.0,9.0,6.0,6.0,0,0,0,0,0,0,1,6,1,6,32,32850,0,20,0.0,0.0,0.0,0.0,0.0,0.0,0.0,0.0
63924,443,6,1960.0,36690.0,860.0,0.0,93.7241,246.4327,2836.0,0.0,1065.0556,802.4782,18374.37,37252.014,340516.0,0.0,859529.0,43254.22,83081.848,340516.0,0.0,733334.0,22495.54,60759.469,441698.0,1.0,0,0,0,0,0.0,2836.0,0,0,0,1,0,0,0,0,1.0,684.2333,93.7241,1065.0556,0,0,0,0,0,0,35,1960,37,36690,65535,368,3,32,0.0,0.0,0.0,0.0,0.0,0.0,0.0,0.0
60740,443,6,74.0,0.0,37.0,37.0,37.0,0.0,0.0,0.0,0.0,0.0,64061263.0,0.0,64061263.0,64061263.0,64061263.0,64061263.0,0.0,64061263.0,64061263.0,0.0,0.0,0.0,0.0,0.0,1,0,0,0,37.0,37.0,0,1,0,0,1,1,0,0,0.0,55.5,37.0,0.0,0,0,0,0,0,0,2,74,0,0,33304,-1,1,32,0.0,0.0,0.0,0.0,0.0,0.0,0.0,0.0
4650,80,6,4950.0,3276.0,430.0,0.0,116.7778,180.7083,796.0,0.0,141.5932,351.9249,2716212.31,4347236.127,10002422.0,48.0,119272233.0,4697537.46,4771493.66,10036490.0,375.0,113507475.0,6141113.67,4429145.337,10036685.0,674.0,0,0,0,0,0.0,796.0,0,0,0,1,0,0,0,0,0.0,136.8686,116.7778,141.5932,0,0,0,0,0,0,27,4950,22,3276,8192,217,26,20,413199.41,1605934.042,4031667.0,23607.0,10007341.72,459.491,10002426.0,9992414.0
62749,443,6,776.0,5426.0,469.0,0.0,96.0,155.3409,1460.0,0.0,533.375,652.1861,224618.82,884092.788,2604052.0,3.0,5980592.0,427210.57,1241325.542,2601052.0,148.0,4765917.0,453746.57,1002578.519,2631660.0,3.0,0,0,0,0,0.0,1460.0,0,0,0,1,0,0,0,0,0.0,308.6144,96.0,533.375,0,0,0,0,0,0,8,776,8,5426,8192,292,7,20,0.0,0.0,0.0,0.0,0.0,0.0,0.0,0.0
49543,443,6,12.0,0.0,6.0,6.0,6.0,0.0,0.0,0.0,0.0,0.0,725456.0,0.0,725456.0,725456.0,725456.0,725456.0,0.0,725456.0,725456.0,0.0,0.0,0.0,0.0,0.0,0,0,0,0,6.0,6.0,0,0,0,0,1,0,0,0,0.0,9.0,6.0,0.0,0,0,0,0,0,0,2,12,0,0,63572,-1,1,20,0.0,0.0,0.0,0.0,0.0,0.0,0.0,0.0
443,2190,6,6.0,6.0,6.0,6.0,6.0,0.0,6.0,6.0,6.0,0.0,93.0,0.0,93.0,93.0,0.0,0.0,0.0,0.0,0.0,0.0,0.0,0.0,0.0,0.0,0,0,0,0,6.0,6.0,0,0,0,0,1,1,0,0,1.0,9.0,6.0,6.0,0,0,0,0,0,0,1,6,1,6,60,255,0,20,0.0,0.0,0.0,0.0,0.0,0.0,0.0,0.0
54858,53,17,104.0,352.0,52.0,52.0,52.0,0.0,176.0,176.0,176.0,0.0,79.66,99.977,193.0,4.0,4.0,4.0,0.0,4.0,4.0,48.0,48.0,0.0,48.0,48.0,0,0,0,0,52.0,176.0,0,0,0,0,0,0,0,0,1.0,127.0,52.0,176.0,0,0,0,0,0,0,2,104,2,352,-1,-1,1,20,0.0,0.0,0.0,0.0,0.0,0.0,0.0,0.0
60224,53,17,84.0,242.0,42.0,42.0,42.0,0.0,121.0,121.0,121.0,0.0,31686.66,54280.699,94053.0,1.0,1.0,1.0,0.0,1.0,1.0,4.0,4.0,0.0,4.0,4.0,0,0,0,0,42.0,121.0,0,0,0,0,0,0,0,0,1.0,92.0,42.0,121.0,0,0,0,0,0,0,2,84,2,242,-1,-1,1,20,0.0,0.0,0.0,0.0,0.0,0.0,0.0,0.0
80,59607,6,6.0,6.0,6.0,6.0,6.0,0.0,6.0,6.0,6.0,0.0,97.0,0.0,97.0,97.0,0.0,0.0,0.0,0.0,0.0,0.0,0.0,0.0,0.0,0.0,0,0,0,0,6.0,6.0,0,0,0,0,1,1,0,0,1.0,9.0,6.0,6.0,0,0,0,0,0,0,1,6,1,6,229,16416,0,20,0.0,0.0,0.0,0.0,0.0,0.0,0.0,0.0
443,60183,6,0.0,0.0,0.0,0.0,0.0,0.0,0.0,0.0,0.0,0.0,35.0,42.626,66.0,3.0,3.0,3.0,0.0,3.0,3.0,0.0,0.0,0.0,0.0,0.0,0,0,0,0,0.0,0.0,0,0,0,0,1,1,0,0,0.0,0.0,0.0,0.0,0,0,0,0,0,0,2,0,1,0,357,32832,0,32,0.0,0.0,0.0,0.0,0.0,0.0,0.0,0.0
443,56670,6,12.0,0.0,6.0,6.0,6.0,0.0,0.0,0.0,0.0,0.0,999048.0,0.0,999048.0,999048.0,999048.0,999048.0,0.0,999048.0,999048.0,0.0,0.0,0.0,0.0,0.0,0,0,0,0,6.0,6.0,0,0,0,0,1,0,0,0,0.0,9.0,6.0,0.0,0,0,0,0,0,0,2,12,0,0,5214,-1,1,20,0.0,0.0,0.0,0.0,0.0,0.0,0.0,0.0
60326,53,17,87.0,212.0,47.0,40.0,43.5,4.9497,111.0,101.0,106.0,5.5569,19233163.33,33428059.095,56581020.0,51221.0,56593086.0,56593086.0,0.0,56593086.0,56593086.0,56522045.0,56522045.0,0.0,56522045.0,56522045.0,0,0,0,0,40.0,111.0,0,0,0,0,0,0,0,0,1.0,88.25,43.5,106.0,0,0,0,0,0,0,2,87,2,212,-1,-1,1,20,30512.0,0.0,30512.0,30512.0,56581079.0,0.0,56581029.0,56581079.0
61376,53,17,44.0,108.0,44.0,44.0,44.0,0.0,108.0,108.0,108.0,0.0,61743.0,0.0,61743.0,61743.0,0.0,0.0,0.0,0.0,0.0,0.0,0.0,0.0,0.0,0.0,0,0,0,0,44.0,108.0,0,0,0,0,0,0,0,0,1.0,98.0,44.0,108.0,0,0,0,0,0,0,1,44,1,108,-1,-1,0,32,0.0,0.0,0.0,0.0,0.0,0.0,0.0,0.0
30985,53,17,94.0,196.0,47.0,47.0,47.0,0.0,98.0,98.0,98.0,0.0,83.0,131.476,249.0,1.0,1.0,1.0,0.0,1.0,1.0,1.0,1.0,0.0,1.0,1.0,0,0,0,0,47.0,98.0,0,0,0,0,0,0,0,0,1.0,84.25,47.0,98.0,0,0,0,0,0,0,2,94,2,196,-1,-1,1,32,0.0,0.0,0.0,0.0,0.0,0.0,0.0,0.0
60450,53,17,56.0,116.0,56.0,56.0,56.0,0.0,116.0,116.0,116.0,0.0,31007.0,0.0,31007.0,31007.0,0.0,0.0,0.0,0.0,0.0,0.0,0.0,0.0,0.0,0.0,0,0,0,0,56.0,116.0,0,0,0,0,0,0,0,0,1.0,114.0,56.0,116.0,0,0,0,0,0,0,1,56,1,116,-1,-1,0,32,0.0,0.0,0.0,0.0,0.0,0.0,0.0,0.0
443,60002,6,6.0,6.0,6.0,6.0,6.0,0.0,6.0,6.0,6.0,0.0,66.0,0.0,66.0,66.0,0.0,0.0,0.0,0.0,0.0,0.0,0.0,0.0,0.0,0.0,0,0,0,0,6.0,6.0,0,0,0,0,1,1,0,0,1.0,9.0,6.0,6.0,0,0,0,0,0,0,1,6,1,6,32,253,0,20,0.0,0.0,0.0,0.0,0.0,0.0,0.0,0.0
53316,443,6,3518.0,2415.0,795.0,0.0,333.8,349.2603,201.0,0.0,259.2727,96.029,228488.97,622144.046,2489012.0,1.0,6097936.0,438592.55,503405.758,2489012.0,151.0,1009702.0,161900.25,215257.25,1344788.0,1.0,0,0,0,0,0.0,795.0,0,0,0,1,0,0,0,0,0.0,289.3113,333.8,259.2727,0,0,0,0,0,0,10,3518,9,2415,29200,155,5,32,0.0,0.0,0.0,0.0,0.0,0.0,0.0,0.0
443,52477,6,0.0,0.0,0.0,0.0,0.0,0.0,0.0,0.0,0.0,0.0,48.0,0.0,48.0,48.0,0.0,0.0,0.0,0.0,0.0,0.0,0.0,0.0,0.0,0.0,0,0,0,0,0.0,0.0,0,0,0,0,1,1,0,0,1.0,0.0,0.0,0.0,0,0,0,0,0,0,1,0,1,0,121,317,0,32,0.0,0.0,0.0,0.0,0.0,0.0,0.0,0.0
49385,53,17,60.0,264.0,30.0,30.0,30.0,0.0,132.0,132.0,132.0,0.0,49440.66,87873.801,148316.0,3.0,3.0,3.0,0.0,3.0,3.0,4.0,4.0,0.0,4.0,4.0,0,0,0,0,30.0,132.0,0,0,0,0,0,0,0,0,1.0,88.5,30.0,132.0,0,0,0,0,0,0,2,60,2,264,-1,-1,1,40,0.0,0.0,0.0,0.0,0.0,0.0,0.0,0.0
58302,80,6,12.0,0.0,6.0,0.0,4.0,3.4641,0.0,0.0,0.0,0.0,1943564.33,3212764.224,5648374.0,91.0,5767787.0,2883893.5,3948838.14,5648374.0,32772.0,0.0,0.0,0.0,0.0,0.0,0,0,0,0,0.0,6.0,0,0,0,1,0,0,0,0,0.0,3.0,4.0,0.0,0,0,0,0,0,0,3,12,1,0,8192,14600,2,20,0.0,0.0,0.0,0.0,0.0,0.0,0.0,0.0
36690,53,17,76.0,108.0,38.0,38.0,38.0,0.0,54.0,54.0,54.0,0.0,49.66,43.704,96.0,3.0,3.0,3.0,0.0,3.0,3.0,48.0,48.0,0.0,48.0,48.0,0,0,0,0,38.0,54.0,0,0,0,0,0,0,0,0,1.0,55.5,38.0,54.0,0,0,0,0,0,0,2,76,2,108,-1,-1,1,32,0.0,0.0,0.0,0.0,0.0,0.0,0.0,0.0
443,2861,6,12.0,0.0,6.0,6.0,6.0,0.0,0.0,0.0,0.0,0.0,3969.0,0.0,3969.0,3969.0,3969.0,3969.0,0.0,3969.0,3969.0,0.0,0.0,0.0,0.0,0.0,0,0,0,0,6.0,6.0,0,0,0,0,1,0,0,0,0.0,9.0,6.0,0.0,0,0,0,0,0,0,2,12,0,0,1302,-1,1,20,0.0,0.0,0.0,0.0,0.0,0.0,0.0,0.0
47624,53,17,64.0,96.0,32.0,32.0,32.0,0.0,48.0,48.0,48.0,0.0,87.0,147.627,253.0,3.0,3.0,3.0,0.0,3.0,3.0,3.0,3.0,0.0,3.0,3.0,0,0,0,0,32.0,48.0,0,0,0,0,0,0,0,0,1.0,48.0,32.0,48.0,0,0,0,0,0,0,2,64,2,96,-1,-1,1,32,0.0,0.0,0.0,0.0,0.0,0.0,0.0,0.0
59937,53,17,74.0,138.0,37.0,37.0,37.0,0.0,69.0,69.0,69.0,0.0,54.0,58.624,117.0,4.0,4.0,4.0,0.0,4.0,4.0,48.0,48.0,0.0,48.0,48.0,0,0,0,0,37.0,69.0,0,0,0,0,0,0,0,0,1.0,62.25,37.0,69.0,0,0,0,0,0,0,2,74,2,138,-1,-1,1,40,0.0,0.0,0.0,0.0,0.0,0.0,0.0,0.0
62300,53,17,43.0,59.0,43.0,43.0,43.0,0.0,59.0,59.0,59.0,0.0,23457.0,0.0,23457.0,23457.0,0.0,0.0,0.0,0.0,0.0,0.0,0.0,0.0,0.0,0.0,0,0,0,0,43.0,59.0,0,0,0,0,0,0,0,0,1.0,72.5,43.0,59.0,0,0,0,0,0,0,1,43,1,59,-1,-1,0,20,0.0,0.0,0.0,0.0,0.0,0.0,0.0,0.0
80,63163,6,6.0,6.0,6.0,6.0,6.0,0.0,6.0,6.0,6.0,0.0,30.0,0.0,30.0,30.0,0.0,0.0,0.0,0.0,0.0,0.0,0.0,0.0,0.0,0.0,0,0,0,0,6.0,6.0,0,0,0,0,1,1,0,0,1.0,9.0,6.0,6.0,0,0,0,0,0,0,1,6,1,6,913,256,0,20,0.0,0.0,0.0,0.0,0.0,0.0,0.0,0.0
56628,53,17,80.0,452.0,40.0,40.0,40.0,0.0,226.0,226.0,226.0,0.0,10396.66,17980.344,31183.0,3.0,3.0,3.0,0.0,3.0,3.0,4.0,4.0,0.0,4.0,4.0,0,0,0,0,40.0,226.0,0,0,0,0,0,0,0,0,1.0,143.0,40.0,226.0,0,0,0,0,0,0,2,80,2,452,-1,-1,1,20,0.0,0.0,0.0,0.0,0.0,0.0,0.0,0.0
53227,443,6,1362.0,7882.0,991.0,0.0,131.375,285.5909,1397.0,0.0,910.0,658.1824,348263.29,1754541.775,8450528.0,4.0,8524345.0,647593.08,2036710.255,8450728.0,148.0,520850.0,10058.0,46823.845,441598.0,48.0,0,0,0,0,0.0,1397.0,0,0,0,1,0,0,0,0,0.0,553.9236,131.375,910.0,0,0,0,0,0,0,16,1362,11,7882,8192,34,15,20,0.0,0.0,0.0,0.0,0.0,0.0,0.0,0.0
55516,53,17,74.0,138.0,37.0,37.0,37.0,0.0,69.0,69.0,69.0,0.0,7998.66,13829.903,23941.0,3.0,3.0,3.0,0.0,3.0,3.0,4.0,4.0,0.0,4.0,4.0,0,0,0,0,37.0,69.0,0,0,0,0,0,0,0,0,1.0,62.25,37.0,69.0,0,0,0,0,0,0,2,74,2,138,-1,-1,1,20,0.0,0.0,0.0,0.0,0.0,0.0,0.0,0.0
57804,443,6,548.0,3853.0,192.0,0.0,68.8,79.8138,2701.0,0.0,927.6,1279.5984,9851.61,18735.915,42289.0,48.0,105071.0,16480.22,16742.176,46761.0,48.0,38735.0,17120.25,17932.852,32491.0,214.0,0,0,0,0,0.0,2701.0,0,0,0,1,0,0,0,0,0.0,380.3714,68.8,927.6,0,0,0,0,0,0,5,548,5,3853,8192,123,4,20,0.0,0.0,0.0,0.0,0.0,0.0,0.0,0.0
59932,443,6,5242.0,28411.0,652.0,0.0,183.3125,244.0008,1460.0,0.0,872.9091,685.5568,1884876.33,9736583.416,45005142.0,1.0,85504628.0,4554886.79,12894177.577,45008142.0,161.0,85403971.0,4247294.78,11228517.361,45045750.0,1.0,0,0,0,0,0.0,1460.0,0,0,0,1,0,0,0,0,0.0,515.0449,183.3125,872.9091,0,0,0,0,0,0,26,5242,32,28411,8192,192,25,20,650495.0,882545.796,8107833.0,136706.0,22773702.66,14399687.016,45005146.0,8667255.0
443,62814,6,6.0,6.0,6.0,6.0,6.0,0.0,6.0,6.0,6.0,0.0,89.0,0.0,89.0,89.0,0.0,0.0,0.0,0.0,0.0,0.0,0.0,0.0,0.0,0.0,0,0,0,0,6.0,6.0,0,0,0,0,1,1,0,0,1.0,9.0,6.0,6.0,0,0,0,0,0,0,1,6,1,6,8192,254,0,20,0.0,0.0,0.0,0.0,0.0,0.0,0.0,0.0
138,138,17,2901.0,0.0,207.0,200.0,230.0,0.0,0.0,0.0,0.0,0.0,2.0,1.466,8.0,1.0,4.0,2.0,1.475,8.0,1.0,0.0,0.0,0.0,0.0,0.0,0,0,0,0,200.0,207.0,0,0,0,0,0,0,0,0,0.0,255.0762,230.0,0.0,0,0,0,0,0,0,13,2901,0,0,-1,-1,12,32,0.0,0.0,0.0,0.0,0.0,0.0,0.0,0.0
443,53909,6,50.0,6.0,38.0,6.0,16.6667,18.4752,6.0,6.0,6.0,0.0,5545.66,9161.341,12481.0,3.0,12640.0,6320.0,10536.18,12437.0,3.0,0.0,0.0,0.0,0.0,0.0,0,0,0,0,6.0,38.0,0,0,0,0,1,0,0,0,0.0,15.5,16.6667,6.0,0,0,0,0,0,0,3,50,1,6,351,0,2,20,0.0,0.0,0.0,0.0,0.0,0.0,0.0,0.0
80,33036,6,0.0,0.0,0.0,0.0,0.0,0.0,0.0,0.0,0.0,0.0,49.0,0.0,49.0,49.0,0.0,0.0,0.0,0.0,0.0,0.0,0.0,0.0,0.0,0.0,0,0,0,0,0.0,0.0,0,0,0,0,1,1,0,0,1.0,0.0,0.0,0.0,0,0,0,0,0,0,1,0,1,0,332,205,0,32,0.0,0.0,0.0,0.0,0.0,0.0,0.0,0.0
54930,53,17,140.0,406.0,70.0,70.0,70.0,0.0,203.0,203.0,203.0,0.0,61.0,62.276,134.0,4.0,4.0,4.0,0.0,4.0,4.0,48.0,48.0,0.0,48.0,48.0,0,0,0,0,70.0,203.0,0,0,0,0,0,0,0,0,1.0,151.0,70.0,203.0,0,0,0,0,0,0,2,140,2,406,-1,-1,1,32,0.0,0.0,0.0,0.0,0.0,0.0,0.0,0.0
64595,443,6,380.0,3552.0,209.0,0.0,48.75,76.7638,1999.0,0.0,692.4,929.9287,504782.83,1647086.347,5398573.0,42.0,5680041.0,846224.42,2188178.501,5398573.0,48.0,185210.0,44098.0,50197.839,95478.0,222.0,0,0,0,0,0.0,1999.0,0,0,0,1,0,0,0,0,0.0,315.4667,48.75,692.4,0,0,0,0,0,0,8,380,5,3552,8192,237,7,20,151130.0,0.0,151130.0,151130.0,5398507.0,0.0,5398507.0,5398507.0
62134,53,17,51.0,67.0,51.0,51.0,51.0,0.0,67.0,67.0,67.0,0.0,24325.0,0.0,24325.0,24325.0,0.0,0.0,0.0,0.0,0.0,0.0,0.0,0.0,0.0,0.0,0,0,0,0,51.0,67.0,0,0,0,0,0,0,0,0,1.0,84.5,51.0,67.0,0,0,0,0,0,0,1,51,1,67,-1,-1,0,20,0.0,0.0,0.0,0.0,0.0,0.0,0.0,0.0
35339,443,6,361.0,4805.0,188.0,0.0,35.2857,71.805,1841.0,0.0,804.5,802.6167,373399.7,1363393.751,4253267.0,8.0,5546192.0,642038.25,1651127.77,4253267.0,7.0,558622.0,89108.4,118928.208,286130.0,187.0,0,0,0,0,0.0,1841.0,0,0,0,1,0,0,0,0,0.0,328.7714,35.2857,804.5,0,0,0,0,0,0,9,361,6,4805,29200,126,3,32,0.0,0.0,0.0,0.0,0.0,0.0,0.0,0.0
443,51512,6,0.0,18.0,0.0,0.0,0.0,0.0,6.0,6.0,6.0,0.0,14.33,21.912,46.0,1.0,0.0,0.0,0.0,0.0,0.0,4.0,2.0,1.414,3.0,1.0,0,0,0,0,0.0,6.0,0,0,0,0,1,0,0,0,3.0,4.5,0.0,6.0,0,0,0,0,0,0,1,0,3,18,972,0,0,32,0.0,0.0,0.0,0.0,0.0,0.0,0.0,0.0
49257,80,6,12.0,0.0,6.0,0.0,4.0,3.4641,0.0,0.0,0.0,0.0,1727279.33,2927425.968,5133048.0,10.0,5172738.0,2586369.0,3514933.489,5133048.0,23470.0,0.0,0.0,0.0,0.0,0.0,0,0,0,0,0.0,6.0,0,0,0,1,0,0,0,0,0.0,3.0,4.0,0.0,0,0,0,0,0,0,3,12,1,0,29200,26960,2,20,0.0,0.0,0.0,0.0,0.0,0.0,0.0,0.0
13382,53,17,70.0,178.0,35.0,35.0,35.0,0.0,89.0,89.0,89.0,0.0,23772.0,41512.417,71369.0,3.0,3.0,3.0,0.0,3.0,3.0,3.0,3.0,0.0,3.0,3.0,0,0,0,0,35.0,89.0,0,0,0,0,0,0,0,0,1.0,70.75,35.0,89.0,0,0,0,0,0,0,2,70,2,178,-1,-1,1,32,0.0,0.0,0.0,0.0,0.0,0.0,0.0,0.0
61549,53,17,53.0,113.0,53.0,53.0,53.0,0.0,113.0,113.0,113.0,0.0,47355.0,0.0,47355.0,47355.0,0.0,0.0,0.0,0.0,0.0,0.0,0.0,0.0,0.0,0.0,0,0,0,0,53.0,113.0,0,0,0,0,0,0,0,0,1.0,109.5,53.0,113.0,0,0,0,0,0,0,1,53,1,113,-1,-1,0,20,0.0,0.0,0.0,0.0,0.0,0.0,0.0,0.0
50044,80,6,292.0,2784.0,292.0,0.0,17.4118,72.0117,1460.0,0.0,176.0,442.9912,3410959.61,4792299.094,10001248.0,3.0,116278915.0,6705045.64,4646380.722,10038529.0,23536.0,110279888.0,7842981.94,4227900.449,10036415.0,83.0,0,0,0,0,0.0,1460.0,0,0,0,1,0,0,0,0,0.0,106.6333,17.4118,176.0,0,0,0,0,0,0,18,292,15,2784,8192,946,17,20,36113.58,77983.766,202264.0,42948.0,9993686.36,2710.472,10001243.0,9799361.0
57372,53,17,90.0,122.0,45.0,45.0,45.0,0.0,61.0,61.0,61.0,0.0,48.66,76.619,139.0,3.0,3.0,3.0,0.0,3.0,3.0,3.0,3.0,0.0,3.0,3.0,0,0,0,0,45.0,61.0,0,0,0,0,0,0,0,0,1.0,64.25,45.0,61.0,0,0,0,0,0,0,2,90,2,122,-1,-1,1,20,0.0,0.0,0.0,0.0,0.0,0.0,0.0,0.0
1523,443,6,1226.0,574.0,965.0,0.0,120.1429,299.1405,439.0,0.0,67.9231,182.7288,8044.33,13139.595,41599.0,3.0,144888.0,14570.33,22611.714,69605.0,3.0,92975.0,18398.0,18467.844,31751.0,3.0,0,0,0,0,0.0,965.0,0,0,0,1,0,0,0,0,0.0,109.2889,120.1429,67.9231,0,0,0,0,0,0,14,1226,7,574,65535,32,13,20,0.0,0.0,0.0,0.0,0.0,0.0,0.0,0.0
15034,53,17,66.0,98.0,33.0,33.0,33.0,0.0,49.0,49.0,49.0,0.0,10384.66,17987.101,31143.0,3.0,3.0,3.0,0.0,3.0,3.0,4.0,4.0,0.0,4.0,4.0,0,0,0,0,33.0,49.0,0,0,0,0,0,0,0,0,1.0,49.25,33.0,49.0,0,0,0,0,0,0,2,66,2,98,-1,-1,1,32,0.0,0.0,0.0,0.0,0.0,0.0,0.0,0.0
4810,53,17,66.0,98.0,33.0,33.0,33.0,0.0,49.0,49.0,49.0,0.0,80.66,137.379,236.0,3.0,4.0,4.0,0.0,4.0,4.0,3.0,3.0,0.0,3.0,3.0,0,0,0,0,33.0,49.0,0,0,0,0,0,0,0,0,1.0,49.25,33.0,49.0,0,0,0,0,0,0,2,66,2,98,-1,-1,1,20,0.0,0.0,0.0,0.0,0.0,0.0,0.0,0.0
53328,443,6,1014.0,4682.0,733.0,0.0,68.2667,184.1655,1418.0,0.0,253.6364,485.2369,2938005.08,4561354.521,10011772.0,4.0,116455499.0,5562311.9,4984665.027,10056010.0,4.0,111338912.0,6149745.07,5083121.263,10052013.0,204.0,0,0,0,0,0.0,1418.0,0,0,0,1,0,0,0,0,0.0,142.075,68.2667,253.6364,0,0,0,0,0,0,21,1014,19,4682,29200,375,4,32,50776.08,69696.83,247134.0,36697.0,9614171.08,1315633.783,10011772.0,5137576.0
51961,80,6,12.0,0.0,6.0,6.0,6.0,0.0,0.0,0.0,0.0,0.0,140.0,0.0,140.0,140.0,140.0,140.0,0.0,140.0,140.0,0.0,0.0,0.0,0.0,0.0,0,0,0,0,6.0,6.0,0,0,0,0,1,0,0,0,0.0,9.0,6.0,0.0,0,0,0,0,0,0,2,12,0,0,63588,-1,1,20,0.0,0.0,0.0,0.0,0.0,0.0,0.0,0.0
443,64748,6,37.0,0.0,31.0,6.0,18.5,17.6777,0.0,0.0,0.0,0.0,3.0,0.0,3.0,3.0,3.0,3.0,0.0,3.0,3.0,0.0,0.0,0.0,0.0,0.0,1,0,0,0,6.0,31.0,0,1,0,0,1,0,0,0,0.0,34.0,18.5,0.0,0,0,0,0,0,0,2,37,0,0,123,-1,1,20,0.0,0.0,0.0,0.0,0.0,0.0,0.0,0.0
34368,443,6,658.0,5490.0,342.0,0.0,39.5333,82.583,1448.0,0.0,396.1368,579.9831,2846795.03,4576411.55,10011162.0,8.0,115415430.0,5759906.72,4973496.157,10055940.0,48.0,110518854.0,6139764.24,5026116.445,10059200.0,49.0,0,0,0,0,0.0,1448.0,0,0,0,1,0,0,0,0,0.0,208.44,39.5333,396.1368,0,0,0,0,0,0,24,658,19,5490,29200,61,4,32,30436.81,34314.828,185256.0,22984.0,10008477.27,5848.917,10011164.0,9999903.0
64850,53,17,160.0,388.0,80.0,80.0,80.0,0.0,194.0,194.0,194.0,0.0,67.0,118.643,198.0,3.0,3.0,3.0,0.0,3.0,3.0,4.0,4.0,0.0,4.0,4.0,0,0,0,0,80.0,194.0,0,0,0,0,0,0,0,0,1.0,159.0,80.0,194.0,0,0,0,0,0,0,2,160,2,388,-1,-1,1,32,0.0,0.0,0.0,0.0,0.0,0.0,0.0,0.0
62230,53,17,60.0,264.0,30.0,30.0,30.0,0.0,132.0,132.0,132.0,0.0,64.0,105.977,185.0,3.0,3.0,3.0,0.0,3.0,3.0,4.0,4.0,0.0,4.0,4.0,0,0,0,0,30.0,132.0,0,0,0,0,0,0,0,0,1.0,89.5,30.0,132.0,0,0,0,0,0,0,2,60,2,264,-1,-1,1,32,0.0,0.0,0.0,0.0,0.0,0.0,0.0,0.0
41208,53,17,94.0,230.0,47.0,47.0,47.0,0.0,115.0,115.0,115.0,0.0,67.66,111.791,209.0,0.0,0.0,0.0,0.0,0.0,0.0,1.0,1.0,0.0,1.0,1.0,0,0,0,0,47.0,115.0,0,0,0,0,0,0,0,0,1.0,92.75,47.0,115.0,0,0,0,0,0,0,2,94,2,230,-1,-1,1,32,0.0,0.0,0.0,0.0,0.0,0.0,0.0,0.0
55097,80,6,452.0,257.0,450.0,0.0,110.3333,213.2641,257.0,0.0,71.75,141.5,9314.16,14671.381,23607.0,4.0,28190.0,14595.0,18987.688,24380.0,590.0,15291.0,8137.0,16315.917,23803.0,4.0,0,0,0,0,0.0,450.0,0,0,0,1,0,0,0,0,1.0,83.7143,110.3333,71.75,0,0,0,0,0,0,3,452,4,257,29200,931,1,32,0.0,0.0,0.0,0.0,0.0,0.0,0.0,0.0
62905,53,17,62.0,88.0,62.0,62.0,62.0,0.0,88.0,88.0,88.0,0.0,100433.0,0.0,100433.0,100433.0,0.0,0.0,0.0,0.0,0.0,0.0,0.0,0.0,0.0,0.0,0,0,0,0,62.0,88.0,0,0,0,0,0,0,0,0,1.0,106.0,62.0,88.0,0,0,0,0,0,0,1,62,1,88,-1,-1,0,32,0.0,0.0,0.0,0.0,0.0,0.0,0.0,0.0
4313,22,6,2664.0,6630.0,456.0,0.0,64.9756,109.8646,976.0,0.0,157.2273,312.4552,18605.77,104720.783,952948.0,0.0,1329234.0,32423.75,164373.999,995184.0,3.0,327572.0,9709.47,19686.374,94561.0,0.0,0,0,0,0,0.0,976.0,0,0,0,1,0,0,0,0,1.0,113.8795,64.9756,157.2273,0,0,0,0,0,0,41,2664,44,6630,8192,245,40,20,0.0,0.0,0.0,0.0,0.0,0.0,0.0,0.0
58011,443,6,817.0,5720.0,469.0,0.0,67.8667,131.1747,1591.0,0.0,646.6,796.5142,32765.05,89247.249,361732.0,3.0,775095.0,59903.18,117903.544,361732.0,3.0,767605.0,74113.22,135141.31,387186.0,50.0,0,0,0,0,0.0,1591.0,0,0,0,1,0,0,0,0,0.0,297.4151,67.8667,646.6,0,0,0,0,0,0,15,817,8,5720,65535,114,6,32,0.0,0.0,0.0,0.0,0.0,0.0,0.0,0.0
48069,80,6,0.0,0.0,0.0,0.0,0.0,0.0,0.0,0.0,0.0,0.0,1834616.66,3109334.453,5455453.0,88.0,5585032.0,2742516.0,3869040.471,5455453.0,32978.0,0.0,0.0,0.0,0.0,0.0,0,0,0,0,0.0,0.0,0,0,0,1,0,0,0,0,0.0,0.0,0.0,0.0,0,0,0,0,0,0,3,0,1,0,29200,28960,0,32,0.0,0.0,0.0,0.0,0.0,0.0,0.0,0.0
56290,443,6,12.0,0.0,6.0,6.0,6.0,0.0,0.0,0.0,0.0,0.0,19.5,17.941,37.0,1.0,1.0,1.0,0.0,1.0,1.0,0.0,0.0,0.0,0.0,0.0,0,0,0,0,0.0,6.0,1,0,0,0,0,0,0,0,0.0,6.0,6.0,0.0,0,0,0,0,0,0,2,12,1,0,0,972,1,20,0.0,0.0,0.0,0.0,0.0,0.0,0.0,0.0
62494,53,17,116.0,255.0,58.0,58.0,58.0,0.0,121.0,111.0,127.5,6.8145,10474976.33,17354377.48,31454680.0,30442.0,31594953.0,31594953.0,0.0,31594953.0,31594953.0,31597545.0,31597545.0,0.0,31597545.0,31597545.0,0,0,0,0,58.0,121.0,0,0,0,0,0,0,0,0,1.0,108.5,58.0,127.5,0,0,0,0,0,0,2,116,2,255,-1,-1,1,20,31138.0,0.0,31138.0,31138.0,31454663.0,0.0,31554683.0,31454663.0
443,49454,6,12.0,0.0,6.0,6.0,6.0,0.0,0.0,0.0,0.0,0.0,3.0,0.0,3.0,3.0,3.0,3.0,0.0,3.0,3.0,0.0,0.0,0.0,0.0,0.0,0,0,0,0,6.0,6.0,0,0,0,0,1,0,0,0,0.0,9.0,6.0,0.0,0,0,0,0,0,0,2,12,0,0,905,-1,1,20,0.0,0.0,0.0,0.0,0.0,0.0,0.0,0.0
60075,53,17,73.0,149.0,73.0,73.0,73.0,0.0,149.0,149.0,149.0,0.0,350421.0,0.0,350421.0,350421.0,0.0,0.0,0.0,0.0,0.0,0.0,0.0,0.0,0.0,0.0,0,0,0,0,73.0,149.0,0,0,0,0,0,0,0,0,1.0,147.5,73.0,149.0,0,0,0,0,0,0,1,73,1,149,-1,-1,0,32,0.0,0.0,0.0,0.0,0.0,0.0,0.0,0.0
64499,80,6,12.0,2.0,6.0,0.0,4.0,3.4641,2.0,2.0,2.0,0.0,1713641.66,3063421.253,5378285.0,128.0,5307794.0,2653897.0,3708253.741,5378285.0,36497.0,0.0,0.0,0.0,0.0,0.0,0,0,0,0,0.0,6.0,0,0,0,1,0,0,0,0,0.0,3.5,4.0,2.0,0,0,0,0,0,0,3,12,1,2,8192,17920,2,20,0.0,0.0,0.0,0.0,0.0,0.0,0.0,0.0
443,55264,6,37.0,0.0,37.0,0.0,18.5,26.163,0.0,0.0,0.0,0.0,4.0,0.0,4.0,4.0,4.0,4.0,0.0,4.0,4.0,0.0,0.0,0.0,0.0,0.0,1,0,0,0,0.0,37.0,0,1,0,0,1,0,0,0,0.0,37.0,18.5,0.0,0,0,0,0,0,0,2,37,0,0,112,-1,0,32,0.0,0.0,0.0,0.0,0.0,0.0,0.0,0.0
50452,443,6,0.0,0.0,0.0,0.0,0.0,0.0,0.0,0.0,0.0,0.0,217.0,0.0,217.0,217.0,217.0,217.0,0.0,217.0,217.0,0.0,0.0,0.0,0.0,0.0,0,0,0,0,0.0,0.0,0,0,0,0,1,0,0,0,0.0,0.0,0.0,0.0,0,0,0,0,0,0,2,0,0,0,245,-1,0,32,0.0,0.0,0.0,0.0,0.0,0.0,0.0,0.0
17940,53,17,74.0,262.0,37.0,37.0,37.0,0.0,131.0,131.0,131.0,0.0,23428.33,40184.854,70329.0,3.0,3.0,3.0,0.0,3.0,3.0,3.0,3.0,0.0,3.0,3.0,0,0,0,0,37.0,131.0,0,0,0,0,0,0,0,0,1.0,93.25,37.0,131.0,0,0,0,0,0,0,2,74,2,262,-1,-1,1,20,0.0,0.0,0.0,0.0,0.0,0.0,0.0,0.0
61899,53,17,92.0,348.0,46.0,46.0,46.0,0.0,174.0,174.0,174.0,0.0,63.66,101.032,179.0,3.0,3.0,3.0,0.0,3.0,3.0,4.0,4.0,0.0,4.0,4.0,0,0,0,0,46.0,174.0,0,0,0,0,0,0,0,0,1.0,121.5,46.0,174.0,0,0,0,0,0,0,2,92,2,348,-1,-1,1,32,0.0,0.0,0.0,0.0,0.0,0.0,0.0,0.0
52103,443,6,12.0,0.0,6.0,6.0,6.0,0.0,0.0,0.0,0.0,0.0,838147.0,0.0,838147.0,838147.0,838147.0,838147.0,0.0,838147.0,838147.0,0.0,0.0,0.0,0.0,0.0,0,0,0,0,6.0,6.0,0,0,0,0,1,0,0,0,0.0,9.0,6.0,0.0,0,0,0,0,0,0,2,12,0,0,16419,-1,1,20,0.0,0.0,0.0,0.0,0.0,0.0,0.0,0.0
60000,53,17,88.0,188.0,44.0,44.0,44.0,0.0,94.0,94.0,94.0,0.0,50.66,81.845,146.0,3.0,3.0,3.0,0.0,3.0,3.0,3.0,3.0,0.0,3.0,3.0,0,0,0,0,44.0,94.0,0,0,0,0,0,0,0,0,1.0,80.0,44.0,94.0,0,0,0,0,0,0,2,88,2,188,-1,-1,1,32,0.0,0.0,0.0,0.0,0.0,0.0,0.0,0.0
443,46845,6,31.0,6.0,31.0,0.0,15.5,21.9203,6.0,6.0,6.0,0.0,147.0,2.098,143.0,148.0,248.0,248.0,0.0,248.0,248.0,0.0,0.0,0.0,0.0,0.0,1,0,0,0,0.0,31.0,0,1,0,0,1,0,0,0,0.0,22.6667,15.5,6.0,0,0,0,0,0,0,2,31,1,6,1379,0,0,32,0.0,0.0,0.0,0.0,0.0,0.0,0.0,0.0
62570,53,17,41.0,125.0,41.0,41.0,41.0,0.0,125.0,125.0,125.0,0.0,48719.0,0.0,48719.0,48719.0,0.0,0.0,0.0,0.0,0.0,0.0,0.0,0.0,0.0,0.0,0,0,0,0,41.0,125.0,0,0,0,0,0,0,0,0,1.0,103.5,41.0,125.0,0,0,0,0,0,0,1,41,1,125,-1,-1,0,20,0.0,0.0,0.0,0.0,0.0,0.0,0.0,0.0
62486,53,17,44.0,72.0,44.0,44.0,44.0,0.0,72.0,72.0,72.0,0.0,30622.0,0.0,30622.0,30622.0,0.0,0.0,0.0,0.0,0.0,0.0,0.0,0.0,0.0,0.0,0,0,0,0,44.0,72.0,0,0,0,0,0,0,0,0,1.0,80.0,44.0,72.0,0,0,0,0,0,0,1,44,1,72,-1,-1,0,20,0.0,0.0,0.0,0.0,0.0,0.0,0.0,0.0
54606,53,17,92.0,284.0,46.0,46.0,46.0,0.0,142.0,142.0,142.0,0.0,58.0,67.71,122.0,3.0,3.0,3.0,0.0,3.0,3.0,47.0,47.0,0.0,47.0,47.0,0,0,0,0,46.0,142.0,0,0,0,0,0,0,0,0,1.0,105.5,46.0,142.0,0,0,0,0,0,0,2,92,2,284,-1,-1,1,20,0.0,0.0,0.0,0.0,0.0,0.0,0.0,0.0
1273,80,6,446.0,376.0,436.0,0.0,87.2,194.9378,376.0,0.0,128.0,181.9533,26117.85,61780.155,123867.0,10.0,257910.0,54955.0,73199.825,124927.0,24104.0,176456.0,56716.0,97815.115,184337.0,17696.0,0,0,0,0,0.0,436.0,0,0,0,1,0,0,0,0,0.0,100.875,87.2,128.0,0,0,0,0,0,0,5,446,3,376,65535,110,4,20,0.0,0.0,0.0,0.0,0.0,0.0,0.0,0.0
38280,80,6,440.0,859.0,440.0,0.0,146.6667,254.0341,859.0,0.0,214.75,429.5,7996.83,11877.511,23996.0,2.0,23873.0,11936.5,16369.763,23071.0,164.0,24171.0,8083.66,13714.699,23487.0,2.0,0,0,0,0,0.0,859.0,0,0,0,1,0,0,0,0,1.0,185.5714,146.6667,214.75,0,0,0,0,0,0,3,440,4,859,29200,31,1,32,0.0,0.0,0.0,0.0,0.0,0.0,0.0,0.0
443,45800,6,0.0,0.0,0.0,0.0,0.0,0.0,0.0,0.0,0.0,0.0,27.0,0.0,27.0,27.0,0.0,0.0,0.0,0.0,0.0,0.0,0.0,0.0,0.0,0.0,0,0,0,0,0.0,0.0,0,0,0,0,1,1,0,0,1.0,0.0,0.0,0.0,0,0,0,0,0,0,1,0,1,0,349,339,0,32,0.0,0.0,0.0,0.0,0.0,0.0,0.0,0.0
443,55347,6,12.0,0.0,6.0,6.0,6.0,0.0,0.0,0.0,0.0,0.0,4.0,0.0,4.0,4.0,4.0,4.0,0.0,4.0,4.0,0.0,0.0,0.0,0.0,0.0,0,0,0,0,6.0,6.0,0,0,0,0,1,0,0,0,0.0,9.0,6.0,0.0,0,0,0,0,0,0,2,12,0,0,360,-1,1,20,0.0,0.0,0.0,0.0,0.0,0.0,0.0,0.0
55174,80,6,987.0,362.0,889.0,0.0,721.6667,693.8728,360.0,0.0,66.0,133.0633,30967.75,42857.048,84489.0,1.0,17135.0,3567.5,13313.485,84633.0,323.0,45100.0,15030.0,50216.614,25125.0,1.0,0,0,0,0,0.0,889.0,0,0,0,1,0,0,0,0,1.0,394.8571,721.6667,66.0,0,0,0,0,0,0,3,987,3,362,8192,60,2,20,0.0,0.0,0.0,0.0,0.0,0.0,0.0,0.0
61214,53,17,43.0,112.0,43.0,43.0,43.0,0.0,112.0,112.0,112.0,0.0,94862.0,0.0,94862.0,94862.0,0.0,0.0,0.0,0.0,0.0,0.0,0.0,0.0,0.0,0.0,0,0,0,0,43.0,112.0,0,0,0,0,0,0,0,0,1.0,99.0,43.0,112.0,0,0,0,0,0,0,1,43,1,112,-1,-1,0,20,0.0,0.0,0.0,0.0,0.0,0.0,0.0,0.0
61160,53,17,64.0,117.0,64.0,64.0,64.0,0.0,117.0,117.0,117.0,0.0,62138.0,0.0,62138.0,62138.0,0.0,0.0,0.0,0.0,0.0,0.0,0.0,0.0,0.0,0.0,0,0,0,0,64.0,117.0,0,0,0,0,0,0,0,0,1.0,122.5,64.0,117.0,0,0,0,0,0,0,1,64,1,117,-1,-1,0,32,0.0,0.0,0.0,0.0,0.0,0.0,0.0,0.0
23272,53,17,72.0,328.0,36.0,36.0,36.0,0.0,164.0,164.0,164.0,0.0,65.0,108.521,189.0,3.0,3.0,3.0,0.0,3.0,3.0,4.0,4.0,0.0,4.0,4.0,0,0,0,0,36.0,164.0,0,0,0,0,0,0,0,0,1.0,109.0,36.0,164.0,0,0,0,0,0,0,2,72,2,328,-1,-1,1,32,0.0,0.0,0.0,0.0,0.0,0.0,0.0,0.0
37301,443,6,0.0,0.0,0.0,0.0,0.0,0.0,0.0,0.0,0.0,0.0,172.0,0.0,172.0,172.0,172.0,172.0,0.0,172.0,172.0,0.0,0.0,0.0,0.0,0.0,0,0,0,0,0.0,0.0,0,0,0,0,1,0,0,0,0.0,0.0,0.0,0.0,0,0,0,0,0,0,2,0,0,0,319,-1,0,32,0.0,0.0,0.0,0.0,0.0,0.0,0.0,0.0
45306,53,17,84.0,284.0,42.0,42.0,42.0,0.0,142.0,142.0,142.0,0.0,65.33,109.309,199.0,3.0,3.0,3.0,0.0,3.0,3.0,3.0,3.0,0.0,3.0,3.0,0,0,0,0,42.0,142.0,0,0,0,0,0,0,0,0,1.0,102.5,42.0,142.0,0,0,0,0,0,0,2,84,2,284,-1,-1,1,20,0.0,0.0,0.0,0.0,0.0,0.0,0.0,0.0
43182,443,6,1078.0,3127.0,645.0,0.0,89.5385,185.3316,1518.0,0.0,471.0833,615.6859,2528242.71,4347680.653,10013371.0,33.0,60846956.0,4656345.91,5151065.29,10112006.0,415.0,60856757.0,6099123.87,5260135.936,10112590.0,219.0,0,0,0,0,0.0,1518.0,0,0,0,1,0,0,0,0,0.0,257.2432,89.5385,471.0833,0,0,0,0,0,0,13,1078,12,3127,29200,115,3,32,123465.83,51316.615,311087.0,88675.0,9997588.5,187074.845,10013379.0,9698147.0
58936,443,6,896.0,71385.0,342.0,0.0,21.5526,77.333,4344.0,0.0,1594.6821,1006.0644,820632.03,5489215.835,45002003.0,1.0,90844506.0,2030970.68,8906019.345,45025097.0,3.0,90474168.0,1002744.57,9519300.075,45025955.0,1.0,0,0,0,0,0.0,4344.0,0,0,0,1,0,0,0,0,1.0,938.291,21.5526,1594.6821,0,0,0,0,0,0,49,896,45,71385,8192,123,48,20,88788.0,69437.772,289004.0,29309.0,45000173.5,3123.398,45002006.0,44999534.0
51375,443,6,825.0,7127.0,214.0,0.0,41.0,74.1917,2536.0,0.0,643.5833,900.1997,3270070.27,12080211.816,58738314.0,1.0,117469368.0,6929097.83,19478889.886,58737314.0,30.0,117204646.0,6840093.45,18725784.436,59035473.0,1.0,0,0,0,0,0.0,2536.0,0,0,0,1,0,0,0,0,1.0,363.143,41.0,643.5833,0,0,0,0,0,0,19,825,18,7127,8192,360,18,20,251201.5,109539.277,293529.0,96851.0,58580872.0,562587.468,58738319.0,58760516.0
56387,443,6,17158.0,13546.0,530.0,6.0,442.4696,236.7895,1597.0,6.0,296.4286,418.7598,1068817.62,2987267.773,10007391.0,68.0,118191620.0,1425760.06,3402306.19,10198682.0,5532.0,118141206.0,2455617.29,3215221.666,10100386.0,250.0,1,0,0,0,6.0,1597.0,0,1,0,0,1,0,0,0,1.0,377.2646,442.4696,296.4286,0,0,0,0,0,0,37,17158,53,13546,42720,528,36,20,376417.16,1194092.292,3901514.0,15711.0,9864797.25,529155.56,10007399.0,6426645.0
49561,80,6,433.0,2267.0,427.0,0.0,144.3333,244.8149,1448.0,0.0,553.4,662.4808,32713.0,42895.333,87754.0,4.0,93139.0,46569.5,66844.075,87756.0,23224.0,97577.0,33288.25,57215.701,88551.0,4.0,0,0,0,0,0.0,1448.0,0,0,0,1,0,0,0,0,1.0,387.7571,144.3333,553.4,0,0,0,0,0,0,3,433,5,2267,29200,235,1,32,0.0,0.0,0.0,0.0,0.0,0.0,0.0,0.0
62325,53,17,53.0,69.0,53.0,53.0,53.0,0.0,69.0,69.0,69.0,0.0,59771.0,0.0,59771.0,59771.0,0.0,0.0,0.0,0.0,0.0,0.0,0.0,0.0,0.0,0.0,0,0,0,0,53.0,69.0,0,0,0,0,0,0,0,0,1.0,87.5,53.0,69.0,0,0,0,0,0,0,1,53,1,69,-1,-1,0,20,0.0,0.0,0.0,0.0,0.0,0.0,0.0,0.0
49888,443,6,617.0,164.0,517.0,0.0,88.1429,189.989,152.0,0.0,41.0,74.054,504534.0,1554515.021,4938333.0,22.0,5054655.0,895309.83,2039330.8,4974605.0,45.0,89881.0,26660.33,30157.964,59573.0,999.0,0,0,0,0,0.0,517.0,0,0,0,1,0,0,0,0,0.0,71.0,88.1429,41.0,0,0,0,0,0,0,7,617,4,164,29200,30,6,20,0.0,0.0,0.0,0.0,0.0,0.0,0.0,0.0
60908,53,17,62.0,78.0,62.0,62.0,62.0,0.0,78.0,78.0,78.0,0.0,23211.0,0.0,23211.0,23211.0,0.0,0.0,0.0,0.0,0.0,0.0,0.0,0.0,0.0,0.0,0,0,0,0,62.0,78.0,0,0,0,0,0,0,0,0,1.0,101.0,62.0,78.0,0,0,0,0,0,0,1,62,1,78,-1,-1,0,32,0.0,0.0,0.0,0.0,0.0,0.0,0.0,0.0
60424,53,17,96.0,128.0,49.0,47.0,48.0,0.0,64.0,64.0,64.0,0.0,61.0,67.642,130.0,3.0,3.0,3.0,0.0,3.0,3.0,48.0,48.0,0.0,48.0,48.0,0,0,0,0,47.0,64.0,0,0,0,0,0,0,0,0,1.0,68.5,48.0,64.0,0,0,0,0,0,0,2,96,2,128,-1,-1,1,32,0.0,0.0,0.0,0.0,0.0,0.0,0.0,0.0
59961,443,6,1570.0,1167.0,901.0,0.0,136.0,274.9383,997.0,0.0,181.6429,345.091,12844.8,16293.622,40368.0,33.0,182757.0,17058.22,20594.566,71876.0,48.0,197090.0,38534.66,28452.76,76703.0,418.0,0,0,0,0,0.0,997.0,0,0,0,1,0,0,0,0,0.0,156.3667,136.0,181.6429,0,0,0,0,0,0,10,1570,7,1167,65535,62,5,32,0.0,0.0,0.0,0.0,0.0,0.0,0.0,0.0
443,51966,6,0.0,0.0,0.0,0.0,0.0,0.0,0.0,0.0,0.0,0.0,17182.5,25684.715,34332.0,34.0,34365.0,34365.0,0.0,34365.0,34365.0,0.0,0.0,0.0,0.0,0.0,0,0,0,0,0.0,0.0,0,0,0,0,1,1,0,0,0.0,0.0,0.0,0.0,0,0,0,0,0,0,2,0,1,0,357,32832,0,32,0.0,0.0,0.0,0.0,0.0,0.0,0.0,0.0
15553,53,17,74.0,188.0,37.0,37.0,37.0,0.0,94.0,94.0,94.0,0.0,10574.33,18287.272,31777.0,0.0,0.0,0.0,0.0,0.0,0.0,4.0,4.0,0.0,4.0,4.0,0,0,0,0,37.0,94.0,0,0,0,0,0,0,0,0,1.0,74.75,37.0,94.0,0,0,0,0,0,0,2,74,2,188,-1,-1,1,20,0.0,0.0,0.0,0.0,0.0,0.0,0.0,0.0
49199,443,6,1591.0,11729.0,1203.0,0.0,53.4615,222.0089,2920.0,0.0,574.5182,999.468,2419365.98,4383954.353,10210228.0,4.0,115810459.0,5067043.56,5116071.389,10240095.0,4.0,112833368.0,4746143.59,5214813.826,10240202.0,48.0,0,0,0,0,0.0,2920.0,0,0,0,1,0,0,0,0,0.0,300.5162,53.4615,574.5182,0,0,0,0,0,0,26,1591,23,11729,29200,1062,25,20,37680.81,11988.412,172751.0,22970.0,10200502.81,57376.836,10210227.0,9199727.0
13068,53,17,62.0,254.0,31.0,31.0,31.0,0.0,127.0,127.0,127.0,0.0,54.33,83.13,156.0,1.0,1.0,1.0,0.0,1.0,1.0,1.0,1.0,0.0,1.0,1.0,0,0,0,0,31.0,127.0,0,0,0,0,0,0,0,0,1.0,86.75,31.0,127.0,0,0,0,0,0,0,2,62,2,254,-1,-1,1,20,0.0,0.0,0.0,0.0,0.0,0.0,0.0,0.0
443,49310,6,12.0,0.0,6.0,6.0,6.0,0.0,0.0,0.0,0.0,0.0,216.0,0.0,216.0,216.0,216.0,216.0,0.0,216.0,216.0,0.0,0.0,0.0,0.0,0.0,0,0,0,0,6.0,6.0,0,0,0,0,1,0,0,0,0.0,9.0,6.0,0.0,0,0,0,0,0,0,2,12,0,0,4734,-1,1,20,0.0,0.0,0.0,0.0,0.0,0.0,0.0,0.0
34430,80,6,0.0,0.0,0.0,0.0,0.0,0.0,0.0,0.0,0.0,0.0,1968903.33,3335604.067,5884549.0,11.0,5805128.0,2902564.0,4122414.189,5884549.0,262046.0,0.0,0.0,0.0,0.0,0.0,0,0,0,0,0.0,0.0,0,0,0,1,0,0,0,0,0.0,0.0,0.0,0.0,0,0,0,0,0,0,3,0,1,0,29200,28960,0,32,0.0,0.0,0.0,0.0,0.0,0.0,0.0,0.0
62560,53,17,57.0,317.0,57.0,57.0,57.0,0.0,317.0,317.0,317.0,0.0,60567.0,0.0,60567.0,60567.0,0.0,0.0,0.0,0.0,0.0,0.0,0.0,0.0,0.0,0.0,0,0,0,0,57.0,317.0,0,0,0,0,0,0,0,0,1.0,215.5,57.0,317.0,0,0,0,0,0,0,1,57,1,317,-1,-1,0,20,0.0,0.0,0.0,0.0,0.0,0.0,0.0,0.0
443,41093,6,31.0,0.0,31.0,0.0,15.5,21.9203,0.0,0.0,0.0,0.0,4.0,0.0,4.0,4.0,4.0,4.0,0.0,4.0,4.0,0.0,0.0,0.0,0.0,0.0,1,0,0,0,0.0,31.0,0,1,0,0,1,0,0,0,0.0,31.0,15.5,0.0,0,0,0,0,0,0,2,31,0,0,939,-1,0,32,0.0,0.0,0.0,0.0,0.0,0.0,0.0,0.0
61756,443,6,37.0,0.0,37.0,0.0,9.25,18.5,0.0,0.0,0.0,0.0,5632736.33,8652369.526,16834508.0,3.0,16834116.0,6911708.33,8537848.171,16834508.0,3.0,0.0,0.0,0.0,0.0,0.0,0,0,0,0,0.0,37.0,0,0,0,0,1,1,0,0,0.0,9.25,9.25,0.0,0,0,0,0,0,0,4,37,0,0,33285,-1,1,32,3.0,0.0,3.0,3.0,16834503.0,0.0,16834503.0,16834503.0
49217,443,6,12.0,0.0,6.0,6.0,6.0,0.0,0.0,0.0,0.0,0.0,3.0,0.0,3.0,3.0,3.0,3.0,0.0,3.0,3.0,0.0,0.0,0.0,0.0,0.0,0,0,0,0,6.0,6.0,1,0,0,0,0,0,0,0,0.0,9.0,6.0,0.0,0,0,0,0,0,0,2,12,0,0,0,-1,1,20,0.0,0.0,0.0,0.0,0.0,0.0,0.0,0.0
51664,443,6,1197.0,82255.0,449.0,0.0,39.7898,104.7559,2896.0,0.0,1330.7596,422.5918,162367.16,843737.197,9989801.0,0.0,1402546.0,37061.1,130667.539,439760.0,45.0,11314942.0,179141.84,1040939.198,9989103.0,1.0,0,0,0,0,0.0,2896.0,0,0,0,1,0,0,0,0,1.0,779.0496,39.7898,1330.7596,0,0,0,0,0,0,46,1197,95,82255,29200,126,3,32,1437076.0,0.0,1437076.0,1437076.0,9989846.0,0.0,9989806.0,9989846.0
52356,443,6,615.0,168.0,517.0,0.0,88.1429,189.989,156.0,0.0,42.0,76.054,560550.8,1558880.147,4958603.0,4.0,5043080.0,843626.33,2036286.88,5007674.0,4.0,94543.0,36777.33,32142.224,79771.0,361.0,0,0,0,0,0.0,517.0,0,0,0,1,0,0,0,0,0.0,71.0,88.1429,42.0,0,0,0,0,0,0,7,615,4,168,29200,330,6,20,0.0,0.0,0.0,0.0,0.0,0.0,0.0,0.0
38349,80,6,0.0,0.0,0.0,0.0,0.0,0.0,0.0,0.0,0.0,0.0,111736.0,0.0,111736.0,111736.0,0.0,0.0,0.0,0.0,0.0,0.0,0.0,0.0,0.0,0.0,0,0,0,0,0.0,0.0,0,0,0,0,1,1,0,0,1.0,0.0,0.0,0.0,0,0,0,0,0,0,1,0,1,0,237,939,0,32,0.0,0.0,0.0,0.0,0.0,0.0,0.0,0.0
80,60301,6,6.0,6.0,6.0,6.0,6.0,0.0,6.0,6.0,6.0,0.0,36.0,0.0,36.0,36.0,0.0,0.0,0.0,0.0,0.0,0.0,0.0,0.0,0.0,0.0,0,0,0,0,6.0,6.0,0,0,0,0,1,1,0,0,1.0,9.0,6.0,6.0,0,0,0,0,0,0,1,6,1,6,8190,256,0,20,0.0,0.0,0.0,0.0,0.0,0.0,0.0,0.0
36948,80,6,0.0,0.0,0.0,0.0,0.0,0.0,0.0,0.0,0.0,0.0,1718848.66,3026070.385,5201954.0,74.0,5234826.0,2617413.0,3729913.687,5201954.0,281013.0,0.0,0.0,0.0,0.0,0.0,0,0,0,0,0.0,0.0,0,0,0,1,0,0,0,0,0.0,0.0,0.0,0.0,0,0,0,0,0,0,3,0,1,0,29200,42408,0,32,0.0,0.0,0.0,0.0,0.0,0.0,0.0,0.0
80,58078,6,0.0,0.0,0.0,0.0,0.0,0.0,0.0,0.0,0.0,0.0,140.0,0.0,140.0,140.0,0.0,0.0,0.0,0.0,0.0,0.0,0.0,0.0,0.0,0.0,0,0,0,0,0.0,0.0,0,0,0,0,1,1,0,0,1.0,0.0,0.0,0.0,0,0,0,0,0,0,1,0,1,0,972,33304,0,32,0.0,0.0,0.0,0.0,0.0,0.0,0.0,0.0
443,62752,6,0.0,0.0,0.0,0.0,0.0,0.0,0.0,0.0,0.0,0.0,23.0,33.541,43.0,3.0,3.0,3.0,0.0,3.0,3.0,0.0,0.0,0.0,0.0,0.0,0,0,0,0,0.0,0.0,0,0,0,0,1,1,0,0,0.0,0.0,0.0,0.0,0,0,0,0,0,0,2,0,1,0,362,32832,0,32,0.0,0.0,0.0,0.0,0.0,0.0,0.0,0.0
443,65816,6,0.0,0.0,0.0,0.0,0.0,0.0,0.0,0.0,0.0,0.0,3.0,0.0,3.0,3.0,3.0,3.0,0.0,3.0,3.0,0.0,0.0,0.0,0.0,0.0,0,0,0,0,0.0,0.0,0,0,0,0,1,0,0,0,0.0,0.0,0.0,0.0,0,0,0,0,0,0,2,0,0,0,5643,-1,0,32,0.0,0.0,0.0,0.0,0.0,0.0,0.0,0.0
57851,80,6,0.0,0.0,0.0,0.0,0.0,0.0,0.0,0.0,0.0,0.0,64068051.57,80632.97,64064003.0,4023990.0,64013113.0,64006556.5,96672.921,64064003.0,4023570.0,0.0,0.0,0.0,0.0,0.0,0,0,0,0,0.0,0.0,0,0,0,0,1,1,0,0,0.0,0.0,0.0,0.0,0,0,0,0,0,0,3,0,0,0,33304,-1,0,32,0.0,0.0,0.0,0.0,0.0,0.0,0.0,0.0
49840,80,6,12.0,0.0,6.0,0.0,4.0,3.4641,0.0,0.0,0.0,0.0,1942172.33,3454832.749,5781025.0,106.0,5704265.0,2852132.5,4080434.952,5781025.0,24014.0,0.0,0.0,0.0,0.0,0.0,0,0,0,0,0.0,6.0,0,0,0,1,0,0,0,0,0.0,3.0,4.0,0.0,0,0,0,0,0,0,3,12,1,0,8192,8190,2,20,0.0,0.0,0.0,0.0,0.0,0.0,0.0,0.0
50538,80,6,12.0,0.0,6.0,6.0,6.0,0.0,0.0,0.0,0.0,0.0,54.0,0.0,54.0,54.0,54.0,54.0,0.0,54.0,54.0,0.0,0.0,0.0,0.0,0.0,0,0,0,0,6.0,6.0,0,0,0,0,1,0,0,0,0.0,9.0,6.0,0.0,0,0,0,0,0,0,2,12,0,0,254,-1,1,20,0.0,0.0,0.0,0.0,0.0,0.0,0.0,0.0
23149,53,17,60.0,264.0,30.0,30.0,30.0,0.0,132.0,132.0,132.0,0.0,64.66,105.179,188.0,3.0,3.0,3.0,0.0,3.0,3.0,3.0,3.0,0.0,3.0,3.0,0,0,0,0,30.0,132.0,0,0,0,0,0,0,0,0,1.0,88.5,30.0,132.0,0,0,0,0,0,0,2,60,2,264,-1,-1,1,20,0.0,0.0,0.0,0.0,0.0,0.0,0.0,0.0
63679,53,17,70.0,102.0,35.0,35.0,35.0,0.0,51.0,51.0,51.0,0.0,47.0,76.5,135.0,3.0,3.0,3.0,0.0,3.0,3.0,4.0,4.0,0.0,4.0,4.0,0,0,0,0,35.0,51.0,0,0,0,0,0,0,0,0,1.0,51.75,35.0,51.0,0,0,0,0,0,0,2,70,2,102,-1,-1,1,32,0.0,0.0,0.0,0.0,0.0,0.0,0.0,0.0
59523,443,6,12.0,0.0,6.0,6.0,6.0,0.0,0.0,0.0,0.0,0.0,119.0,0.0,119.0,119.0,119.0,119.0,0.0,119.0,119.0,0.0,0.0,0.0,0.0,0.0,0,0,0,0,6.0,6.0,0,0,0,0,1,0,0,0,0.0,9.0,6.0,0.0,0,0,0,0,0,0,2,12,0,0,63809,-1,1,20,0.0,0.0,0.0,0.0,0.0,0.0,0.0,0.0
62483,53,17,68.0,250.0,34.0,34.0,34.0,0.0,125.0,125.0,125.0,0.0,62.66,66.539,135.0,3.0,3.0,3.0,0.0,3.0,3.0,49.0,49.0,0.0,49.0,49.0,0,0,0,0,34.0,125.0,0,0,0,0,0,0,0,0,1.0,88.0,34.0,125.0,0,0,0,0,0,0,2,68,2,250,-1,-1,1,20,0.0,0.0,0.0,0.0,0.0,0.0,0.0,0.0
61953,53,17,90.0,172.0,45.0,45.0,45.0,0.0,86.0,86.0,86.0,0.0,56.0,92.966,167.0,3.0,3.0,3.0,0.0,3.0,3.0,4.0,4.0,0.0,4.0,4.0,0,0,0,0,45.0,86.0,0,0,0,0,0,0,0,0,1.0,76.75,45.0,86.0,0,0,0,0,0,0,2,90,2,172,-1,-1,1,20,0.0,0.0,0.0,0.0,0.0,0.0,0.0,0.0
62415,53,17,47.0,114.0,47.0,47.0,47.0,0.0,114.0,114.0,114.0,0.0,48004.0,0.0,48004.0,48004.0,0.0,0.0,0.0,0.0,0.0,0.0,0.0,0.0,0.0,0.0,0,0,0,0,47.0,114.0,0,0,0,0,0,0,0,0,1.0,104.0,47.0,114.0,0,0,0,0,0,0,1,47,1,114,-1,-1,0,32,0.0,0.0,0.0,0.0,0.0,0.0,0.0,0.0
48086,80,6,690.0,579.0,690.0,0.0,38.1429,163.1818,273.0,0.0,37.9444,60.8969,3993610.55,4850666.136,10011172.0,43.0,115858240.0,7720341.33,4186213.007,10047918.0,93.0,110517391.0,8500827.69,3759237.28,10048146.0,20392.0,0,0,0,0,0.0,690.0,0,0,0,1,0,0,0,0,0.0,33.2,38.1429,37.9444,0,0,0,0,0,0,14,690,14,579,29200,341,1,32,44356.9,16592.884,190002.0,37569.0,10016016.9,9398.555,10011172.0,9999885.0
59556,443,6,8227.0,5231.0,1403.0,0.0,315.1538,615.1369,743.0,0.0,270.1765,302.3378,1043533.68,2507455.194,10006612.0,3.0,42084722.0,1759386.75,3732664.861,10026702.0,3.0,43017742.0,2353726.24,3390233.233,11029287.0,3.0,0,0,0,0,0.0,1403.0,0,0,0,1,0,0,0,0,1.0,337.4644,315.1538,270.1765,0,0,0,0,0,0,24,8227,22,5231,8192,1136,23,20,234299.75,785794.86,1513043.0,50534.0,9977945.8,53367.289,10006619.0,9791510.0
62477,53,17,58.0,157.0,58.0,58.0,58.0,0.0,157.0,157.0,157.0,0.0,32322.0,0.0,32322.0,32322.0,0.0,0.0,0.0,0.0,0.0,0.0,0.0,0.0,0.0,0.0,0,0,0,0,58.0,157.0,0,0,0,0,0,0,0,0,1.0,136.5,58.0,157.0,0,0,0,0,0,0,1,58,1,157,-1,-1,0,32,0.0,0.0,0.0,0.0,0.0,0.0,0.0,0.0
52883,443,6,974.0,7387.0,469.0,0.0,64.9333,134.266,1581.0,0.0,738.7,750.4129,12979.78,24069.997,80299.0,1.0,326712.0,21924.5,33594.678,80343.0,1.0,224932.0,24850.22,48410.303,86710.0,1.0,0,0,0,0,0.0,1581.0,0,0,0,1,0,0,0,0,0.0,334.44,64.9333,738.7,0,0,0,0,0,0,15,974,10,7387,65535,357,6,32,0.0,0.0,0.0,0.0,0.0,0.0,0.0,0.0
46755,443,6,0.0,0.0,0.0,0.0,0.0,0.0,0.0,0.0,0.0,0.0,39676.0,0.0,39676.0,39676.0,0.0,0.0,0.0,0.0,0.0,0.0,0.0,0.0,0.0,0.0,0,0,0,0,0.0,0.0,0,0,0,0,1,1,0,0,1.0,0.0,0.0,0.0,0,0,0,0,0,0,1,0,1,0,467,343,0,32,0.0,0.0,0.0,0.0,0.0,0.0,0.0,0.0
52737,443,6,6.0,6.0,6.0,6.0,6.0,0.0,6.0,6.0,6.0,0.0,3.0,0.0,3.0,3.0,0.0,0.0,0.0,0.0,0.0,0.0,0.0,0.0,0.0,0.0,0,0,0,0,6.0,6.0,0,0,0,0,1,0,0,0,1.0,9.0,6.0,6.0,0,0,0,0,0,0,1,6,1,6,253,937,0,20,0.0,0.0,0.0,0.0,0.0,0.0,0.0,0.0
52966,80,6,6.0,6.0,6.0,6.0,6.0,0.0,6.0,6.0,6.0,0.0,23481.0,0.0,23481.0,23481.0,0.0,0.0,0.0,0.0,0.0,0.0,0.0,0.0,0.0,0.0,0,0,0,0,6.0,6.0,0,0,0,0,1,1,0,0,1.0,9.0,6.0,6.0,0,0,0,0,0,0,1,6,1,6,32994,31,0,20,0.0,0.0,0.0,0.0,0.0,0.0,0.0,0.0
53100,80,6,12.0,0.0,6.0,6.0,6.0,0.0,0.0,0.0,0.0,0.0,6712.0,0.0,6712.0,6712.0,6712.0,6712.0,0.0,6712.0,6712.0,0.0,0.0,0.0,0.0,0.0,0,0,0,0,6.0,6.0,0,0,0,0,1,0,0,0,0.0,9.0,6.0,0.0,0,0,0,0,0,0,2,12,0,0,254,-1,1,20,0.0,0.0,0.0,0.0,0.0,0.0,0.0,0.0
59633,443,6,617.0,164.0,517.0,0.0,88.1429,189.989,152.0,0.0,41.0,74.054,537815.1,1670852.633,5373372.0,3.0,5479584.0,919984.66,2240018.912,5425751.0,3.0,77819.0,29209.66,32945.829,59257.0,430.0,0,0,0,0,0.0,517.0,0,0,0,1,0,0,0,0,0.0,71.0,88.1429,41.0,0,0,0,0,0,0,7,617,4,164,29200,30,6,20,104630.0,0.0,104630.0,104630.0,5373349.0,0.0,5373349.0,5373349.0
443,57737,6,43.0,6.0,37.0,6.0,21.5,21.9203,6.0,6.0,6.0,0.0,116.5,162.843,232.0,64.0,239.0,239.0,0.0,239.0,239.0,0.0,0.0,0.0,0.0,0.0,1,0,0,0,6.0,37.0,0,1,0,0,1,0,0,0,0.0,28.6667,21.5,6.0,0,0,0,0,0,0,2,43,1,6,292,0,1,20,0.0,0.0,0.0,0.0,0.0,0.0,0.0,0.0
62059,53,17,66.0,500.0,33.0,33.0,33.0,0.0,250.0,250.0,250.0,0.0,73.33,118.343,217.0,3.0,3.0,3.0,0.0,3.0,3.0,3.0,3.0,0.0,3.0,3.0,0,0,0,0,33.0,250.0,0,0,0,0,0,0,0,0,1.0,149.75,33.0,250.0,0,0,0,0,0,0,2,66,2,500,-1,-1,1,20,0.0,0.0,0.0,0.0,0.0,0.0,0.0,0.0
443,33008,6,0.0,0.0,0.0,0.0,0.0,0.0,0.0,0.0,0.0,0.0,69.0,0.0,69.0,69.0,0.0,0.0,0.0,0.0,0.0,0.0,0.0,0.0,0.0,0.0,0,0,0,0,0.0,0.0,0,0,0,0,1,1,0,0,1.0,0.0,0.0,0.0,0,0,0,0,0,0,1,0,1,0,114,338,0,32,0.0,0.0,0.0,0.0,0.0,0.0,0.0,0.0
61963,53,17,55.0,97.0,55.0,55.0,55.0,0.0,97.0,97.0,97.0,0.0,53334.0,0.0,53334.0,53334.0,0.0,0.0,0.0,0.0,0.0,0.0,0.0,0.0,0.0,0.0,0,0,0,0,55.0,97.0,0,0,0,0,0,0,0,0,1.0,103.5,55.0,97.0,0,0,0,0,0,0,1,55,1,97,-1,-1,0,20,0.0,0.0,0.0,0.0,0.0,0.0,0.0,0.0
55093,443,6,18.0,6.0,6.0,6.0,6.0,0.0,6.0,6.0,6.0,0.0,44.66,44.977,83.0,1.0,130.0,65.0,153.976,189.0,1.0,0.0,0.0,0.0,0.0,0.0,0,0,0,0,6.0,6.0,1,0,0,0,0,0,0,0,0.0,7.5,6.0,6.0,0,0,0,0,0,0,3,18,1,6,0,0,2,20,0.0,0.0,0.0,0.0,0.0,0.0,0.0,0.0
57809,443,6,1322.0,1119.0,1077.0,0.0,132.2,335.2958,981.0,0.0,186.5,393.1187,19637.85,36458.363,87608.0,33.0,278515.0,31287.77,45522.142,118663.0,60.0,181228.0,45506.8,44563.345,88071.0,303.0,0,0,0,0,0.0,1077.0,0,0,0,1,0,0,0,0,0.0,152.3375,132.2,186.5,0,0,0,0,0,0,10,1322,6,1119,65535,70,5,32,0.0,0.0,0.0,0.0,0.0,0.0,0.0,0.0
62305,443,6,1155.0,1167.0,901.0,0.0,115.5,280.3409,969.0,0.0,194.5,393.5294,22705.46,35026.749,87782.0,40.0,327196.0,31873.22,43204.248,225055.0,44.0,192315.0,48161.8,44605.056,88271.0,340.0,0,0,0,0,0.0,969.0,0,0,0,1,0,0,0,0,0.0,144.9375,115.5,194.5,0,0,0,0,0,0,10,1155,6,1167,65535,116,5,32,0.0,0.0,0.0,0.0,0.0,0.0,0.0,0.0
47208,53,17,80.0,336.0,40.0,40.0,40.0,0.0,168.0,168.0,168.0,0.0,139821.66,208569.374,399458.0,1.0,1.0,1.0,0.0,1.0,1.0,47.0,47.0,0.0,47.0,47.0,0,0,0,0,40.0,168.0,0,0,0,0,0,0,0,0,1.0,114.0,40.0,168.0,0,0,0,0,0,0,2,80,2,336,-1,-1,1,32,0.0,0.0,0.0,0.0,0.0,0.0,0.0,0.0
57883,443,6,1025.0,5162.0,421.0,0.0,77.6364,111.4538,1460.0,0.0,317.8,516.1946,3283617.78,12411280.006,45006633.0,1.0,90767647.0,6076730.5,19867879.555,45046271.0,3.0,90477422.0,6432736.41,17959312.151,45039790.0,1.0,0,0,0,0,0.0,1460.0,0,0,0,1,0,0,0,0,1.0,216.4296,77.6364,317.8,0,0,0,0,0,0,11,1025,15,5162,8192,5123,10,20,154613.0,112249.002,370034.0,22020.0,45003895.0,6716.783,45006639.0,45006851.0
42270,443,6,710.0,3296.0,414.0,0.0,51.0,118.8056,1460.0,2.0,242.2857,501.7919,2311224.46,4245768.771,9998071.0,70.0,62463134.0,4403516.46,5156050.748,10051653.0,112.0,66310953.0,4030011.23,4964709.609,10056443.0,116.0,0,0,0,0,0.0,1460.0,0,0,0,1,0,0,0,0,1.0,133.6429,51.0,242.2857,0,0,0,0,0,0,12,710,14,3296,29200,31088,11,20,323821.16,901444.766,2605017.0,22586.0,9963937.83,635.64,9998072.0,9962541.0
3357,443,6,135.0,46.0,46.0,6.0,27.0,20.1246,46.0,46.0,46.0,0.0,1059095.4,2161874.494,4670611.0,3.0,5663330.0,1415382.5,2764097.727,4670611.0,3.0,0.0,0.0,0.0,0.0,0.0,1,0,0,0,6.0,46.0,0,1,0,0,1,0,0,0,0.0,37.8333,27.0,46.0,0,0,0,0,0,0,5,135,1,46,255,360,4,20,0.0,0.0,0.0,0.0,0.0,0.0,0.0,0.0
60378,53,17,60.0,88.0,60.0,60.0,60.0,0.0,88.0,88.0,88.0,0.0,51922.0,0.0,51922.0,51922.0,0.0,0.0,0.0,0.0,0.0,0.0,0.0,0.0,0.0,0.0,0,0,0,0,60.0,88.0,0,0,0,0,0,0,0,0,1.0,104.0,60.0,88.0,0,0,0,0,0,0,1,60,1,88,-1,-1,0,20,0.0,0.0,0.0,0.0,0.0,0.0,0.0,0.0
443,60249,6,6.0,6.0,6.0,6.0,6.0,0.0,6.0,6.0,6.0,0.0,37.0,0.0,37.0,37.0,0.0,0.0,0.0,0.0,0.0,0.0,0.0,0.0,0.0,0.0,0,0,0,0,6.0,6.0,0,0,0,0,1,1,0,0,1.0,9.0,6.0,6.0,0,0,0,0,0,0,1,6,1,6,296,253,0,20,0.0,0.0,0.0,0.0,0.0,0.0,0.0,0.0
33421,53,17,74.0,264.0,37.0,37.0,37.0,0.0,132.0,132.0,132.0,0.0,53082.66,90166.239,169248.0,1.0,1.0,1.0,0.0,1.0,1.0,3.0,3.0,0.0,3.0,3.0,0,0,0,0,37.0,132.0,0,0,0,0,0,0,0,0,1.0,93.75,37.0,132.0,0,0,0,0,0,0,2,74,2,264,-1,-1,1,32,0.0,0.0,0.0,0.0,0.0,0.0,0.0,0.0
54270,443,6,974.0,7387.0,469.0,0.0,64.9333,134.266,1581.0,0.0,671.5455,745.9321,12707.19,24749.229,93215.0,1.0,394706.0,24669.57,31539.221,107256.0,1.0,243404.0,29321.2,39444.11,98304.0,2.0,0,0,0,0,0.0,1581.0,0,0,0,1,0,0,0,0,0.0,321.5769,64.9333,671.5455,0,0,0,0,0,0,15,974,11,7387,65535,357,6,32,0.0,0.0,0.0,0.0,0.0,0.0,0.0,0.0
50762,53,17,88.0,120.0,44.0,44.0,44.0,0.0,60.0,60.0,60.0,0.0,54.0,88.538,156.0,4.0,4.0,4.0,0.0,4.0,4.0,4.0,4.0,0.0,4.0,4.0,0,0,0,0,44.0,60.0,0,0,0,0,0,0,0,0,1.0,63.0,44.0,60.0,0,0,0,0,0,0,2,88,2,120,-1,-1,1,20,0.0,0.0,0.0,0.0,0.0,0.0,0.0,0.0
50374,53,17,70.0,198.0,35.0,35.0,35.0,0.0,99.0,99.0,99.0,0.0,47916.66,83552.141,143745.0,3.0,4.0,4.0,0.0,4.0,4.0,3.0,3.0,0.0,3.0,3.0,0,0,0,0,35.0,99.0,0,0,0,0,0,0,0,0,1.0,75.75,35.0,99.0,0,0,0,0,0,0,2,70,2,198,-1,-1,1,32,0.0,0.0,0.0,0.0,0.0,0.0,0.0,0.0
14452,53,17,68.0,132.0,34.0,34.0,34.0,0.0,66.0,66.0,66.0,0.0,10444.33,18057.828,31287.0,3.0,3.0,3.0,0.0,3.0,3.0,3.0,3.0,0.0,3.0,3.0,0,0,0,0,34.0,66.0,0,0,0,0,0,0,0,0,1.0,58.5,34.0,66.0,0,0,0,0,0,0,2,68,2,132,-1,-1,1,20,0.0,0.0,0.0,0.0,0.0,0.0,0.0,0.0
62360,443,6,666.0,6179.0,421.0,0.0,60.5455,127.5348,1448.0,0.0,715.8,722.521,6328.53,8946.964,21670.0,3.0,91791.0,11120.08,10220.431,21675.0,3.0,54691.0,7748.71,14385.989,21646.0,49.0,0,0,0,0,0.0,1448.0,0,0,0,1,0,0,0,0,0.0,339.25,60.5455,715.8,0,0,0,0,0,0,11,666,8,6179,65535,122,5,32,0.0,0.0,0.0,0.0,0.0,0.0,0.0,0.0
59811,80,6,12.0,0.0,6.0,6.0,6.0,0.0,0.0,0.0,0.0,0.0,1.0,0.0,1.0,1.0,1.0,1.0,0.0,1.0,1.0,0.0,0.0,0.0,0.0,0.0,0,0,0,0,6.0,6.0,0,0,0,0,1,0,0,0,0.0,9.0,6.0,0.0,0,0,0,0,0,0,2,12,0,0,256,-1,1,20,0.0,0.0,0.0,0.0,0.0,0.0,0.0,0.0
60356,53,17,45.0,109.0,45.0,45.0,45.0,0.0,109.0,109.0,109.0,0.0,181424.0,0.0,181424.0,181424.0,0.0,0.0,0.0,0.0,0.0,0.0,0.0,0.0,0.0,0.0,0,0,0,0,45.0,109.0,0,0,0,0,0,0,0,0,1.0,99.5,45.0,109.0,0,0,0,0,0,0,1,45,1,109,-1,-1,0,32,0.0,0.0,0.0,0.0,0.0,0.0,0.0,0.0
58377,53,17,78.0,282.0,39.0,39.0,39.0,0.0,141.0,141.0,141.0,0.0,20307.33,35286.602,60916.0,3.0,4.0,4.0,0.0,4.0,4.0,3.0,3.0,0.0,3.0,3.0,0,0,0,0,39.0,141.0,0,0,0,0,0,0,0,0,1.0,99.75,39.0,141.0,0,0,0,0,0,0,2,78,2,282,-1,-1,1,32,0.0,0.0,0.0,0.0,0.0,0.0,0.0,0.0
51765,443,6,964.0,975.0,670.0,0.0,98.4,210.97,837.0,0.0,195.0,363.8296,11759.85,15567.914,36512.0,3.0,178938.0,19789.0,24984.076,75247.0,3.0,115594.0,27518.5,16009.708,45860.0,4.0,0,0,0,0,0.0,837.0,0,0,0,1,0,0,0,0,0.0,130.6,98.4,195.0,0,0,0,0,0,0,10,964,5,975,65535,351,5,32,0.0,0.0,0.0,0.0,0.0,0.0,0.0,0.0
61008,53,17,58.0,74.0,58.0,58.0,58.0,0.0,74.0,74.0,74.0,0.0,51034.0,0.0,51034.0,51034.0,0.0,0.0,0.0,0.0,0.0,0.0,0.0,0.0,0.0,0.0,0,0,0,0,58.0,74.0,0,0,0,0,0,0,0,0,1.0,95.0,58.0,74.0,0,0,0,0,0,0,1,58,1,74,-1,-1,0,20,0.0,0.0,0.0,0.0,0.0,0.0,0.0,0.0
61218,53,17,130.0,366.0,65.0,65.0,65.0,0.0,183.0,183.0,183.0,0.0,76.33,47.632,133.0,48.0,48.0,48.0,0.0,48.0,48.0,48.0,48.0,0.0,48.0,48.0,0,0,0,0,65.0,183.0,0,0,0,0,0,0,0,0,1.0,135.25,65.0,183.0,0,0,0,0,0,0,2,130,2,366,-1,-1,1,32,0.0,0.0,0.0,0.0,0.0,0.0,0.0,0.0
60063,53,17,84.0,116.0,42.0,42.0,42.0,0.0,58.0,58.0,58.0,0.0,46.66,74.893,134.0,3.0,3.0,3.0,0.0,3.0,3.0,3.0,3.0,0.0,3.0,3.0,0,0,0,0,42.0,58.0,0,0,0,0,0,0,0,0,1.0,60.5,42.0,58.0,0,0,0,0,0,0,2,84,2,116,-1,-1,1,20,0.0,0.0,0.0,0.0,0.0,0.0,0.0,0.0
38886,80,6,0.0,0.0,0.0,0.0,0.0,0.0,0.0,0.0,0.0,0.0,1731698.33,3022197.119,5217070.0,74.0,5313586.0,2656793.0,3636657.855,5217070.0,29076.0,0.0,0.0,0.0,0.0,0.0,0,0,0,0,0.0,0.0,0,0,0,1,0,0,0,0,0.0,0.0,0.0,0.0,0,0,0,0,0,0,3,0,1,0,29200,28960,0,32,0.0,0.0,0.0,0.0,0.0,0.0,0.0,0.0
53218,53,17,68.0,158.0,34.0,34.0,34.0,0.0,79.0,79.0,79.0,0.0,80.0,136.929,239.0,1.0,1.0,1.0,0.0,1.0,1.0,1.0,1.0,0.0,1.0,1.0,0,0,0,0,34.0,79.0,0,0,0,0,0,0,0,0,1.0,65.0,34.0,79.0,0,0,0,0,0,0,2,68,2,158,-1,-1,1,32,0.0,0.0,0.0,0.0,0.0,0.0,0.0,0.0
55918,443,6,0.0,0.0,0.0,0.0,0.0,0.0,0.0,0.0,0.0,0.0,125.0,0.0,125.0,125.0,125.0,125.0,0.0,125.0,125.0,0.0,0.0,0.0,0.0,0.0,0,0,0,0,0.0,0.0,0,0,0,0,1,0,0,0,0.0,0.0,0.0,0.0,0,0,0,0,0,0,2,0,0,0,876,-1,0,32,0.0,0.0,0.0,0.0,0.0,0.0,0.0,0.0
62025,443,6,843.0,90587.0,281.0,0.0,21.2313,55.3606,4380.0,2.0,1914.425,988.6056,36061.46,359405.761,2070819.0,1.0,2742488.0,64791.45,548393.684,2071501.0,1.0,522144.0,63529.0,87781.706,155478.0,2.0,0,0,0,0,0.0,4380.0,0,0,0,1,0,0,0,0,1.0,998.1953,21.2313,1914.425,0,0,0,0,0,0,21,843,48,90587,8192,24580,20,20,0.0,0.0,0.0,0.0,0.0,0.0,0.0,0.0
16668,53,17,64.0,158.0,32.0,32.0,32.0,0.0,79.0,79.0,79.0,0.0,62.0,104.306,189.0,1.0,1.0,1.0,0.0,1.0,1.0,1.0,1.0,0.0,1.0,1.0,0,0,0,0,32.0,79.0,0,0,0,0,0,0,0,0,1.0,63.5,32.0,79.0,0,0,0,0,0,0,2,64,2,158,-1,-1,1,32,0.0,0.0,0.0,0.0,0.0,0.0,0.0,0.0
443,39392,6,0.0,0.0,0.0,0.0,0.0,0.0,0.0,0.0,0.0,0.0,53.0,0.0,53.0,53.0,0.0,0.0,0.0,0.0,0.0,0.0,0.0,0.0,0.0,0.0,0,0,0,0,0.0,0.0,0,0,0,0,1,1,0,0,1.0,0.0,0.0,0.0,0,0,0,0,0,0,1,0,1,0,403,168,0,32,0.0,0.0,0.0,0.0,0.0,0.0,0.0,0.0
60950,53,17,53.0,150.0,53.0,53.0,53.0,0.0,150.0,150.0,150.0,0.0,60184.0,0.0,60184.0,60184.0,0.0,0.0,0.0,0.0,0.0,0.0,0.0,0.0,0.0,0.0,0,0,0,0,53.0,150.0,0,0,0,0,0,0,0,0,1.0,128.0,53.0,150.0,0,0,0,0,0,0,1,53,1,150,-1,-1,0,32,0.0,0.0,0.0,0.0,0.0,0.0,0.0,0.0
38229,53,17,62.0,168.0,31.0,31.0,31.0,0.0,84.0,84.0,84.0,0.0,78935.66,138041.088,236800.0,3.0,3.0,3.0,0.0,3.0,3.0,3.0,3.0,0.0,3.0,3.0,0,0,0,0,31.0,84.0,0,0,0,0,0,0,0,0,1.0,65.25,31.0,84.0,0,0,0,0,0,0,2,62,2,168,-1,-1,1,32,0.0,0.0,0.0,0.0,0.0,0.0,0.0,0.0
61002,53,17,124.0,410.0,31.0,31.0,31.0,0.0,105.0,105.0,105.0,0.0,4415.71,7152.014,10845.0,1.0,60995.0,20361.66,17197.149,60845.0,4.0,30050.0,10076.66,42.295,20049.0,29.0,0,0,0,0,31.0,105.0,0,0,0,0,0,0,0,0,1.0,70.875,31.0,105.0,0,0,0,0,0,0,4,124,4,410,-1,-1,3,20,0.0,0.0,0.0,0.0,0.0,0.0,0.0,0.0
43710,443,6,12.0,0.0,6.0,6.0,6.0,0.0,0.0,0.0,0.0,0.0,148.0,0.0,148.0,148.0,148.0,148.0,0.0,148.0,148.0,0.0,0.0,0.0,0.0,0.0,0,0,0,0,6.0,6.0,0,0,0,0,1,0,0,0,0.0,9.0,6.0,0.0,0,0,0,0,0,0,2,12,0,0,64085,-1,1,20,0.0,0.0,0.0,0.0,0.0,0.0,0.0,0.0
80,45898,6,0.0,0.0,0.0,0.0,0.0,0.0,0.0,0.0,0.0,0.0,17.0,0.0,17.0,17.0,0.0,0.0,0.0,0.0,0.0,0.0,0.0,0.0,0.0,0.0,0,0,0,0,0.0,0.0,0,0,0,0,1,1,0,0,1.0,0.0,0.0,0.0,0,0,0,0,0,0,1,0,1,0,905,229,0,32,0.0,0.0,0.0,0.0,0.0,0.0,0.0,0.0
15354,53,17,106.0,240.0,53.0,53.0,53.0,0.0,120.0,120.0,120.0,0.0,10.33,23.896,30.0,1.0,1.0,1.0,0.0,1.0,1.0,1.0,1.0,0.0,1.0,1.0,0,0,0,0,53.0,120.0,0,0,0,0,0,0,0,0,1.0,92.75,53.0,120.0,0,0,0,0,0,0,2,106,2,240,-1,-1,1,20,0.0,0.0,0.0,0.0,0.0,0.0,0.0,0.0
443,50000,6,31.0,0.0,31.0,0.0,15.5,21.9203,0.0,0.0,0.0,0.0,3.0,0.0,3.0,3.0,3.0,3.0,0.0,3.0,3.0,0.0,0.0,0.0,0.0,0.0,1,0,0,0,0.0,31.0,0,1,0,0,1,0,0,0,0.0,31.0,15.5,0.0,0,0,0,0,0,0,2,31,0,0,61,-1,0,32,0.0,0.0,0.0,0.0,0.0,0.0,0.0,0.0
80,62418,6,6.0,6.0,6.0,6.0,6.0,0.0,6.0,6.0,6.0,0.0,59.0,0.0,59.0,59.0,0.0,0.0,0.0,0.0,0.0,0.0,0.0,0.0,0.0,0.0,0,0,0,0,6.0,6.0,0,0,0,0,1,1,0,0,1.0,9.0,6.0,6.0,0,0,0,0,0,0,1,6,1,6,58,256,0,20,0.0,0.0,0.0,0.0,0.0,0.0,0.0,0.0
443,55872,6,12.0,0.0,6.0,6.0,6.0,0.0,0.0,0.0,0.0,0.0,4.0,0.0,4.0,4.0,4.0,4.0,0.0,4.0,4.0,0.0,0.0,0.0,0.0,0.0,0,0,0,0,6.0,6.0,0,0,0,0,1,0,0,0,0.0,9.0,6.0,0.0,0,0,0,0,0,0,2,12,0,0,33,-1,1,20,0.0,0.0,0.0,0.0,0.0,0.0,0.0,0.0
54326,53,17,98.0,130.0,49.0,49.0,49.0,0.0,65.0,65.0,65.0,0.0,47.33,74.695,136.0,3.0,3.0,3.0,0.0,3.0,3.0,3.0,3.0,0.0,3.0,3.0,0,0,0,0,49.0,65.0,0,0,0,0,0,0,0,0,1.0,69.25,49.0,65.0,0,0,0,0,0,0,2,98,2,130,-1,-1,1,32,0.0,0.0,0.0,0.0,0.0,0.0,0.0,0.0
56294,443,6,123.0,46.0,46.0,0.0,24.6,23.2766,46.0,46.0,46.0,0.0,927371.4,2003844.256,4868790.0,3.0,5328544.0,1027136.5,2145424.31,4868790.0,3.0,0.0,0.0,0.0,0.0,0.0,1,0,0,0,0.0,46.0,0,1,0,0,1,0,0,0,0.0,35.8333,24.6,46.0,0,0,0,0,0,0,5,123,1,46,325,363,2,32,0.0,0.0,0.0,0.0,0.0,0.0,0.0,0.0
61152,53,17,98.0,494.0,49.0,49.0,49.0,0.0,247.0,247.0,247.0,0.0,20320.33,35146.135,60956.0,3.0,3.0,3.0,0.0,3.0,3.0,4.0,4.0,0.0,4.0,4.0,0,0,0,0,49.0,247.0,0,0,0,0,0,0,0,0,1.0,150.25,49.0,247.0,0,0,0,0,0,0,2,98,2,494,-1,-1,1,32,0.0,0.0,0.0,0.0,0.0,0.0,0.0,0.0
80,62689,6,6.0,6.0,6.0,6.0,6.0,0.0,6.0,6.0,6.0,0.0,28.0,0.0,28.0,28.0,0.0,0.0,0.0,0.0,0.0,0.0,0.0,0.0,0.0,0.0,0,0,0,0,6.0,6.0,0,0,0,0,1,1,0,0,1.0,9.0,6.0,6.0,0,0,0,0,0,0,1,6,1,6,1081,256,0,20,0.0,0.0,0.0,0.0,0.0,0.0,0.0,0.0
61388,53,17,70.0,174.0,35.0,35.0,35.0,0.0,87.0,87.0,87.0,0.0,65.33,74.162,145.0,1.0,48.0,48.0,0.0,48.0,48.0,1.0,1.0,0.0,1.0,1.0,0,0,0,0,35.0,87.0,0,0,0,0,0,0,0,0,1.0,69.75,35.0,87.0,0,0,0,0,0,0,2,70,2,174,-1,-1,1,20,0.0,0.0,0.0,0.0,0.0,0.0,0.0,0.0
443,51960,6,6.0,6.0,6.0,6.0,6.0,0.0,6.0,6.0,6.0,0.0,54.0,0.0,54.0,54.0,0.0,0.0,0.0,0.0,0.0,0.0,0.0,0.0,0.0,0.0,0,0,0,0,6.0,6.0,0,0,0,0,1,1,0,0,1.0,9.0,6.0,6.0,0,0,0,0,0,0,1,6,1,6,351,254,0,20,0.0,0.0,0.0,0.0,0.0,0.0,0.0,0.0
53434,443,6,12.0,0.0,6.0,6.0,6.0,0.0,0.0,0.0,0.0,0.0,3.0,0.0,3.0,3.0,3.0,3.0,0.0,3.0,3.0,0.0,0.0,0.0,0.0,0.0,0,0,0,0,6.0,6.0,1,0,0,0,0,0,0,0,0.0,9.0,6.0,0.0,0,0,0,0,0,0,2,12,0,0,0,-1,1,20,0.0,0.0,0.0,0.0,0.0,0.0,0.0,0.0
443,56502,6,0.0,0.0,0.0,0.0,0.0,0.0,0.0,0.0,0.0,0.0,46.0,0.0,46.0,46.0,0.0,0.0,0.0,0.0,0.0,0.0,0.0,0.0,0.0,0.0,0,0,0,0,0.0,0.0,0,0,0,0,1,1,0,0,1.0,0.0,0.0,0.0,0,0,0,0,0,0,1,0,1,0,124,299,0,32,0.0,0.0,0.0,0.0,0.0,0.0,0.0,0.0
7828,53,17,54.0,150.0,27.0,27.0,27.0,0.0,75.0,75.0,75.0,0.0,55.0,96.917,169.0,0.0,0.0,0.0,0.0,0.0,0.0,1.0,1.0,0.0,1.0,1.0,0,0,0,0,27.0,75.0,0,0,0,0,0,0,0,0,1.0,57.75,27.0,75.0,0,0,0,0,0,0,2,54,2,150,-1,-1,1,20,0.0,0.0,0.0,0.0,0.0,0.0,0.0,0.0
48654,443,6,1405.0,4663.0,626.0,0.0,47.7308,112.6075,1418.0,0.0,224.1875,494.4693,3155702.26,4550334.534,9998437.0,3.0,115139967.0,5795403.41,4942985.086,10030682.0,3.0,110606915.0,6150562.55,4767671.858,10032264.0,44.0,0,0,0,0,0.0,1418.0,0,0,0,1,0,0,0,0,0.0,137.7063,47.7308,224.1875,0,0,0,0,0,0,29,1405,19,4663,29200,20360,4,32,60635.91,21762.365,149644.0,36183.0,9589148.91,1416853.6,9998435.0,5801217.0
63354,53,17,196.0,312.0,49.0,49.0,49.0,0.0,78.0,78.0,78.0,0.0,8937.42,28533.133,58047.0,3.0,99248.0,33786.66,53137.396,99240.0,3.0,31547.0,10289.0,27177.594,31489.0,3.0,0,0,0,0,49.0,78.0,0,0,0,0,0,0,0,0,1.0,63.375,49.0,78.0,0,0,0,0,0,0,4,196,4,312,-1,-1,3,20,0.0,0.0,0.0,0.0,0.0,0.0,0.0,0.0
43020,80,6,434.0,1770.0,434.0,0.0,20.2222,108.0,1770.0,0.0,126.3333,476.8993,3819141.96,4963363.125,10206291.0,45.0,115626293.0,7723833.38,4376679.279,10240037.0,1135.0,112623572.0,8662314.23,3839307.879,10240259.0,23496.0,0,0,0,0,0.0,1770.0,0,0,0,1,0,0,0,0,0.0,73.9333,20.2222,126.3333,0,0,0,0,0,0,18,434,15,1770,29200,939,1,32,25964.72,7283.218,41040.0,22390.0,10286704.09,70395.032,10206296.0,10113373.0
54884,80,6,12.0,0.0,6.0,0.0,4.0,3.4641,0.0,0.0,0.0,0.0,1961962.33,3327995.123,5881324.0,115.0,5884857.0,2942428.5,4191546.583,5881324.0,11484.0,0.0,0.0,0.0,0.0,0.0,0,0,0,0,0.0,6.0,0,0,0,1,0,0,0,0,0.0,3.0,4.0,0.0,0,0,0,0,0,0,3,12,1,0,8192,29200,2,20,0.0,0.0,0.0,0.0,0.0,0.0,0.0,0.0
63609,443,6,113.0,7.0,113.0,0.0,28.25,56.5,7.0,0.0,2.3333,4.0415,56189.0,77941.564,108521.0,67.0,117367.0,35885.66,66235.688,118721.0,422.0,112696.0,36896.0,0.0,112696.0,22696.0,0,0,0,0,0.0,113.0,0,0,0,1,0,0,0,0,0.0,17.7571,28.25,2.3333,0,0,0,0,0,0,4,113,3,7,65535,407,1,32,0.0,0.0,0.0,0.0,0.0,0.0,0.0,0.0
62154,443,6,29.0,0.0,29.0,0.0,7.25,14.5,0.0,0.0,0.0,0.0,12114.0,17110.629,36266.0,3.0,35328.0,11749.66,22170.442,36266.0,3.0,0.0,0.0,0.0,0.0,0.0,0,0,0,0,0.0,29.0,0,0,0,0,1,0,0,0,0.0,7.25,7.25,0.0,0,0,0,0,0,0,4,29,0,0,33061,-1,1,32,0.0,0.0,0.0,0.0,0.0,0.0,0.0,0.0
23348,53,17,102.0,198.0,51.0,51.0,51.0,0.0,99.0,99.0,99.0,0.0,67.66,33.921,107.0,46.0,48.0,48.0,0.0,48.0,48.0,48.0,48.0,0.0,48.0,48.0,0,0,0,0,51.0,99.0,0,0,0,0,0,0,0,0,1.0,87.75,51.0,99.0,0,0,0,0,0,0,2,102,2,198,-1,-1,1,32,0.0,0.0,0.0,0.0,0.0,0.0,0.0,0.0
60679,53,17,55.0,110.0,55.0,55.0,55.0,0.0,110.0,110.0,110.0,0.0,2144585.0,0.0,2144585.0,2144585.0,0.0,0.0,0.0,0.0,0.0,0.0,0.0,0.0,0.0,0.0,0,0,0,0,55.0,110.0,0,0,0,0,0,0,0,0,1.0,110.0,55.0,110.0,0,0,0,0,0,0,1,55,1,110,-1,-1,0,20,0.0,0.0,0.0,0.0,0.0,0.0,0.0,0.0
59141,53,17,72.0,186.0,36.0,36.0,36.0,0.0,93.0,93.0,93.0,0.0,59.0,94.786,170.0,3.0,3.0,3.0,0.0,3.0,3.0,4.0,4.0,0.0,4.0,4.0,0,0,0,0,36.0,93.0,0,0,0,0,0,0,0,0,1.0,73.5,36.0,93.0,0,0,0,0,0,0,2,72,2,186,-1,-1,1,20,0.0,0.0,0.0,0.0,0.0,0.0,0.0,0.0
56886,53,17,78.0,134.0,39.0,39.0,39.0,0.0,67.0,67.0,67.0,0.0,51.33,81.406,146.0,3.0,4.0,4.0,0.0,4.0,4.0,3.0,3.0,0.0,3.0,3.0,0,0,0,0,39.0,67.0,0,0,0,0,0,0,0,0,1.0,62.75,39.0,67.0,0,0,0,0,0,0,2,78,2,134,-1,-1,1,32,0.0,0.0,0.0,0.0,0.0,0.0,0.0,0.0
443,51787,6,37.0,0.0,37.0,0.0,18.5,26.163,0.0,0.0,0.0,0.0,3.0,0.0,3.0,3.0,3.0,3.0,0.0,3.0,3.0,0.0,0.0,0.0,0.0,0.0,1,0,0,0,0.0,37.0,0,1,0,0,1,0,0,0,0.0,37.0,18.5,0.0,0,0,0,0,0,0,2,37,0,0,972,-1,0,32,0.0,0.0,0.0,0.0,0.0,0.0,0.0,0.0
62576,53,17,64.0,117.0,64.0,64.0,64.0,0.0,117.0,117.0,117.0,0.0,70629.0,0.0,70629.0,70629.0,0.0,0.0,0.0,0.0,0.0,0.0,0.0,0.0,0.0,0.0,0,0,0,0,64.0,117.0,0,0,0,0,0,0,0,0,1.0,122.5,64.0,117.0,0,0,0,0,0,0,1,64,1,117,-1,-1,0,20,0.0,0.0,0.0,0.0,0.0,0.0,0.0,0.0
48723,53,17,60.0,414.0,30.0,30.0,30.0,0.0,207.0,207.0,207.0,0.0,82.0,108.549,194.0,1.0,1.0,1.0,0.0,1.0,1.0,49.0,49.0,0.0,49.0,49.0,0,0,0,0,30.0,207.0,0,0,0,0,0,0,0,0,1.0,126.0,30.0,207.0,0,0,0,0,0,0,2,60,2,414,-1,-1,1,20,0.0,0.0,0.0,0.0,0.0,0.0,0.0,0.0
58823,443,6,212.0,3466.0,115.0,0.0,47.5,74.0959,1460.0,0.0,702.2,789.8682,252241.71,580776.342,2881434.0,4.0,669243.0,102387.66,109927.9,283713.0,85.0,2830965.0,876491.75,591403.336,2859585.0,49.0,0,0,0,0,0.0,1460.0,0,0,0,1,0,0,0,0,1.0,393.4667,47.5,702.2,0,0,0,0,0,0,4,212,5,3466,8192,31,3,20,0.0,0.0,0.0,0.0,0.0,0.0,0.0,0.0
57568,53,17,60.0,616.0,30.0,30.0,30.0,0.0,308.0,308.0,308.0,0.0,87.0,144.821,256.0,3.0,3.0,3.0,0.0,3.0,3.0,3.0,3.0,0.0,3.0,3.0,0,0,0,0,30.0,308.0,0,0,0,0,0,0,0,0,1.0,176.5,30.0,308.0,0,0,0,0,0,0,2,60,2,616,-1,-1,1,20,0.0,0.0,0.0,0.0,0.0,0.0,0.0,0.0
63137,443,6,6436.0,5295.0,3125.0,0.0,584.8462,1157.0133,1460.0,0.0,572.0,696.4761,6288497.42,16389354.009,58376368.0,3.0,117091906.0,11601657.5,22644722.866,58386368.0,177.0,117493573.0,10473706.11,23429610.326,58348526.0,3.0,0,0,0,0,0.0,3125.0,0,0,0,1,0,0,0,0,1.0,565.7231,584.8462,572.0,0,0,0,0,0,0,13,6436,12,5295,8192,410,12,20,203807.0,92197.288,323820.0,276859.0,58239369.0,397345.625,58376368.0,58847421.0
65644,443,6,18.0,0.0,6.0,0.0,4.5,3.0,0.0,0.0,0.0,0.0,5748.16,11961.076,21929.0,86.0,22033.0,7777.33,12379.032,21019.0,76.0,0.0,0.0,0.0,0.0,0.0,0,0,0,0,0.0,6.0,0,0,0,0,1,1,0,0,0.0,3.6,4.5,0.0,0,0,0,0,0,0,4,18,1,0,33304,114,3,20,0.0,0.0,0.0,0.0,0.0,0.0,0.0,0.0
59631,53,17,88.0,472.0,44.0,44.0,44.0,0.0,236.0,236.0,236.0,0.0,62.66,100.841,180.0,3.0,3.0,3.0,0.0,3.0,3.0,4.0,4.0,0.0,4.0,4.0,0,0,0,0,44.0,236.0,0,0,0,0,0,0,0,0,1.0,151.0,44.0,236.0,0,0,0,0,0,0,2,88,2,472,-1,-1,1,20,0.0,0.0,0.0,0.0,0.0,0.0,0.0,0.0
50306,80,6,903.0,836.0,835.0,0.0,45.6,222.5742,710.0,0.0,47.3077,216.1149,3981682.61,4868485.863,10011827.0,65.0,115156057.0,7661618.73,4137477.083,10048002.0,387.0,110561899.0,8506929.92,3756064.52,10045710.0,20842.0,0,0,0,0,0.0,835.0,0,0,0,1,0,0,0,0,0.0,43.1667,45.6,47.3077,0,0,0,0,0,0,15,903,13,836,29200,351,1,32,45928.18,18949.897,131237.0,36645.0,10010927.54,569.861,10011825.0,9997647.0
55296,53,17,68.0,158.0,34.0,34.0,34.0,0.0,79.0,79.0,79.0,0.0,56.66,91.594,163.0,3.0,4.0,4.0,0.0,4.0,4.0,3.0,3.0,0.0,3.0,3.0,0,0,0,0,34.0,79.0,0,0,0,0,0,0,0,0,1.0,65.0,34.0,79.0,0,0,0,0,0,0,2,68,2,158,-1,-1,1,20,0.0,0.0,0.0,0.0,0.0,0.0,0.0,0.0
49418,53,17,88.0,662.0,44.0,44.0,44.0,0.0,331.0,331.0,331.0,0.0,49814.0,79580.456,129491.0,3.0,3.0,3.0,0.0,3.0,3.0,4.0,4.0,0.0,4.0,4.0,0,0,0,0,44.0,331.0,0,0,0,0,0,0,0,0,1.0,198.5,44.0,331.0,0,0,0,0,0,0,2,88,2,662,-1,-1,1,32,0.0,0.0,0.0,0.0,0.0,0.0,0.0,0.0
58542,80,6,12.0,0.0,6.0,6.0,6.0,0.0,0.0,0.0,0.0,0.0,122.0,0.0,122.0,122.0,122.0,122.0,0.0,122.0,122.0,0.0,0.0,0.0,0.0,0.0,0,0,0,0,6.0,6.0,0,0,0,0,1,0,0,0,0.0,9.0,6.0,0.0,0,0,0,0,0,0,2,12,0,0,16572,-1,1,20,0.0,0.0,0.0,0.0,0.0,0.0,0.0,0.0
61591,443,6,1457.0,789.0,856.0,0.0,245.5,387.2275,360.0,2.0,114.8,137.8778,30234.71,52084.078,115617.0,4.0,225677.0,56921.75,67774.867,113604.0,23371.0,236932.0,48175.5,51242.459,115206.0,4.0,0,0,0,0,0.0,856.0,0,0,0,1,0,0,0,0,1.0,183.275,245.5,114.8,0,0,0,0,0,0,6,1457,5,789,8192,65535,5,20,0.0,0.0,0.0,0.0,0.0,0.0,0.0,0.0
60104,53,17,45.0,95.0,45.0,45.0,45.0,0.0,95.0,95.0,95.0,0.0,49071.0,0.0,49071.0,49071.0,0.0,0.0,0.0,0.0,0.0,0.0,0.0,0.0,0.0,0.0,0,0,0,0,45.0,95.0,0,0,0,0,0,0,0,0,1.0,92.5,45.0,95.0,0,0,0,0,0,0,1,45,1,95,-1,-1,0,20,0.0,0.0,0.0,0.0,0.0,0.0,0.0,0.0
59306,80,6,6.0,6.0,6.0,6.0,6.0,0.0,6.0,6.0,6.0,0.0,15260.0,0.0,15260.0,15260.0,0.0,0.0,0.0,0.0,0.0,0.0,0.0,0.0,0.0,0.0,0,0,0,0,6.0,6.0,0,0,0,0,1,1,0,0,1.0,9.0,6.0,6.0,0,0,0,0,0,0,1,6,1,6,514,30,0,20,0.0,0.0,0.0,0.0,0.0,0.0,0.0,0.0
59123,53,17,72.0,328.0,36.0,36.0,36.0,0.0,164.0,164.0,164.0,0.0,358.33,521.598,967.0,3.0,3.0,3.0,0.0,3.0,3.0,3.0,3.0,0.0,3.0,3.0,0,0,0,0,36.0,164.0,0,0,0,0,0,0,0,0,1.0,109.0,36.0,164.0,0,0,0,0,0,0,2,72,2,328,-1,-1,1,20,0.0,0.0,0.0,0.0,0.0,0.0,0.0,0.0
80,56313,6,0.0,0.0,0.0,0.0,0.0,0.0,0.0,0.0,0.0,0.0,50.0,0.0,50.0,50.0,0.0,0.0,0.0,0.0,0.0,0.0,0.0,0.0,0.0,0.0,0,0,0,0,0.0,0.0,0,0,0,0,1,1,0,0,1.0,0.0,0.0,0.0,0,0,0,0,0,0,1,0,1,0,118,33304,0,32,0.0,0.0,0.0,0.0,0.0,0.0,0.0,0.0
123,123,17,48.0,48.0,48.0,48.0,48.0,0.0,48.0,48.0,48.0,0.0,80878.0,0.0,80878.0,80878.0,0.0,0.0,0.0,0.0,0.0,0.0,0.0,0.0,0.0,0.0,0,0,0,0,48.0,48.0,0,0,0,0,0,0,0,0,1.0,72.0,48.0,48.0,0,0,0,0,0,0,1,48,1,48,-1,-1,0,32,0.0,0.0,0.0,0.0,0.0,0.0,0.0,0.0
443,62357,6,0.0,0.0,0.0,0.0,0.0,0.0,0.0,0.0,0.0,0.0,43.0,0.0,43.0,43.0,0.0,0.0,0.0,0.0,0.0,0.0,0.0,0.0,0.0,0.0,0,0,0,0,0.0,0.0,0,0,0,0,1,0,0,0,1.0,0.0,0.0,0.0,0,0,0,0,0,0,1,0,1,0,79,33304,0,32,0.0,0.0,0.0,0.0,0.0,0.0,0.0,0.0
55105,80,6,437.0,112.0,437.0,0.0,27.3125,109.25,110.0,0.0,53.2857,32.3769,3981066.05,4984273.427,10213596.0,67.0,115650746.0,7717825.6,4377029.119,10240016.0,141.0,112421761.0,8640277.07,3837455.379,10240237.0,20683.0,0,0,0,0,0.0,437.0,0,0,0,1,0,0,0,0,0.0,29.1,27.3125,53.2857,0,0,0,0,0,0,16,437,14,112,29200,939,1,32,25526.54,7645.751,68378.0,23190.0,10203792.18,236.874,10213591.0,10007670.0
62179,53,17,42.0,143.0,42.0,42.0,42.0,0.0,143.0,143.0,143.0,0.0,153038.0,0.0,153038.0,153038.0,0.0,0.0,0.0,0.0,0.0,0.0,0.0,0.0,0.0,0.0,0,0,0,0,42.0,143.0,0,0,0,0,0,0,0,0,1.0,113.5,42.0,143.0,0,0,0,0,0,0,1,42,1,143,-1,-1,0,32,0.0,0.0,0.0,0.0,0.0,0.0,0.0,0.0
61227,443,6,0.0,0.0,0.0,0.0,0.0,0.0,0.0,0.0,0.0,0.0,230.0,0.0,230.0,230.0,230.0,230.0,0.0,230.0,230.0,0.0,0.0,0.0,0.0,0.0,0,0,0,0,0.0,0.0,0,0,0,0,1,0,0,0,0.0,0.0,0.0,0.0,0,0,0,0,0,0,2,0,0,0,33304,-1,0,32,0.0,0.0,0.0,0.0,0.0,0.0,0.0,0.0
35282,443,6,671.0,3950.0,267.0,0.0,59.2,98.1544,1448.0,0.0,359.0909,569.9183,85703.35,170552.717,684330.0,3.0,1782004.0,108686.44,247716.619,686333.0,226.0,1385526.0,157315.6,228691.89,737390.0,3.0,0,0,0,0,0.0,1448.0,0,0,0,1,0,0,0,0,0.0,198.159,59.2,359.0909,0,0,0,0,0,0,10,671,11,3950,29200,252,5,32,0.0,0.0,0.0,0.0,0.0,0.0,0.0,0.0
53688,443,6,12.0,0.0,6.0,6.0,6.0,0.0,0.0,0.0,0.0,0.0,194.0,0.0,194.0,194.0,194.0,194.0,0.0,194.0,194.0,0.0,0.0,0.0,0.0,0.0,0,0,0,0,6.0,6.0,0,0,0,0,1,0,0,0,0.0,9.0,6.0,0.0,0,0,0,0,0,0,2,12,0,0,63553,-1,1,20,0.0,0.0,0.0,0.0,0.0,0.0,0.0,0.0
443,58001,6,0.0,0.0,0.0,0.0,0.0,0.0,0.0,0.0,0.0,0.0,46.0,0.0,46.0,46.0,0.0,0.0,0.0,0.0,0.0,0.0,0.0,0.0,0.0,0.0,0,0,0,0,0.0,0.0,0,0,0,0,1,1,0,0,1.0,0.0,0.0,0.0,0,0,0,0,0,0,1,0,1,0,357,32832,0,32,0.0,0.0,0.0,0.0,0.0,0.0,0.0,0.0
61336,80,6,12.0,0.0,6.0,6.0,6.0,0.0,0.0,0.0,0.0,0.0,82.0,0.0,82.0,82.0,82.0,82.0,0.0,82.0,82.0,0.0,0.0,0.0,0.0,0.0,0,0,0,0,6.0,6.0,0,0,0,0,1,0,0,0,0.0,9.0,6.0,0.0,0,0,0,0,0,0,2,12,0,0,254,-1,1,20,0.0,0.0,0.0,0.0,0.0,0.0,0.0,0.0
63071,443,6,16627.0,5284.0,1460.0,0.0,510.3125,605.5011,764.0,0.0,240.875,310.7164,72999.73,355846.431,2753121.0,1.0,5959985.0,127940.46,665584.268,2748185.0,3.0,4711212.0,98617.35,448111.085,2799962.0,63.0,0,0,0,0,0.0,1460.0,0,0,0,1,0,0,0,0,0.0,477.769,510.3125,240.875,0,0,0,0,0,0,26,16627,29,5284,8192,9450,25,20,0.0,0.0,0.0,0.0,0.0,0.0,0.0,0.0
443,52548,6,6.0,6.0,6.0,6.0,6.0,0.0,6.0,6.0,6.0,0.0,85.0,0.0,85.0,85.0,0.0,0.0,0.0,0.0,0.0,0.0,0.0,0.0,0.0,0.0,0,0,0,0,6.0,6.0,0,0,0,0,1,1,0,0,1.0,9.0,6.0,6.0,0,0,0,0,0,0,1,6,1,6,60,257,0,20,0.0,0.0,0.0,0.0,0.0,0.0,0.0,0.0
443,63297,6,37.0,18.0,37.0,0.0,18.5,26.163,6.0,6.0,6.0,0.0,61127.33,127168.9,243216.0,1.0,243393.0,243393.0,0.0,243393.0,243393.0,48.0,24.0,33.414,48.0,1.0,0,0,0,0,0.0,37.0,0,0,0,0,1,0,0,0,1.0,11.0,18.5,6.0,0,0,0,0,0,0,2,37,3,18,79,0,1,32,0.0,0.0,0.0,0.0,0.0,0.0,0.0,0.0
53084,53,17,172.0,210.0,43.0,43.0,43.0,0.0,55.0,55.0,55.0,0.0,9879.85,14304.945,33010.0,1.0,43034.0,14314.33,21636.385,43020.0,1.0,14656.0,5518.33,13534.613,14642.0,1.0,0,0,0,0,43.0,55.0,0,0,0,0,0,0,0,0,1.0,50.375,43.0,55.0,0,0,0,0,0,0,4,172,4,210,-1,-1,3,20,0.0,0.0,0.0,0.0,0.0,0.0,0.0,0.0
50302,443,6,933.0,6267.0,581.0,0.0,134.1429,221.777,1597.0,0.0,643.2857,743.5748,3641968.68,11249622.895,45001574.0,8.0,90115752.0,11241758.0,22733233.658,45036513.0,124.0,90125651.0,8152308.16,21883857.597,45034554.0,48.0,0,0,0,0,0.0,1597.0,0,0,0,1,0,0,0,0,1.0,410.0,134.1429,643.2857,0,0,0,0,0,0,7,933,7,6267,8192,115,6,20,151255.5,129142.005,244992.0,50418.0,44975755.0,4574.688,45001575.0,44950978.0
53007,53,17,66.0,178.0,33.0,33.0,33.0,0.0,89.0,89.0,89.0,0.0,50.0,84.67,143.0,3.0,4.0,4.0,0.0,4.0,4.0,3.0,3.0,0.0,3.0,3.0,0,0,0,0,33.0,89.0,0,0,0,0,0,0,0,0,1.0,69.25,33.0,89.0,0,0,0,0,0,0,2,66,2,178,-1,-1,1,32,0.0,0.0,0.0,0.0,0.0,0.0,0.0,0.0
33936,53,17,102.0,224.0,51.0,51.0,51.0,0.0,112.0,112.0,112.0,0.0,55.33,99.211,158.0,3.0,3.0,3.0,0.0,3.0,3.0,3.0,3.0,0.0,3.0,3.0,0,0,0,0,51.0,112.0,0,0,0,0,0,0,0,0,1.0,94.25,51.0,112.0,0,0,0,0,0,0,2,102,2,224,-1,-1,1,20,0.0,0.0,0.0,0.0,0.0,0.0,0.0,0.0
52823,443,6,0.0,0.0,0.0,0.0,0.0,0.0,0.0,0.0,0.0,0.0,3.0,0.0,3.0,3.0,3.0,3.0,0.0,3.0,3.0,0.0,0.0,0.0,0.0,0.0,0,0,0,0,0.0,0.0,0,0,0,0,1,1,0,0,0.0,0.0,0.0,0.0,0,0,0,0,0,0,2,0,0,0,33285,-1,0,32,0.0,0.0,0.0,0.0,0.0,0.0,0.0,0.0
59856,443,6,1282.0,26716.0,901.0,0.0,45.2087,193.0574,1997.0,0.0,1223.1059,661.8777,2215.88,5203.149,25028.0,0.0,78104.0,4041.38,8718.045,20123.0,0.0,57151.0,3272.1,6366.417,16164.0,1.0,0,0,0,0,0.0,1997.0,0,0,0,1,0,0,0,0,1.0,631.0417,45.2087,1223.1059,0,0,0,0,0,0,24,1282,36,26716,65535,32,23,20,0.0,0.0,0.0,0.0,0.0,0.0,0.0,0.0
57663,443,6,0.0,0.0,0.0,0.0,0.0,0.0,0.0,0.0,0.0,0.0,26664.5,37122.631,53340.0,0.0,0.0,0.0,0.0,0.0,0.0,0.0,0.0,0.0,0.0,0.0,0,0,0,0,0.0,0.0,0,0,0,0,1,1,0,0,0.0,0.0,0.0,0.0,0,0,0,0,0,0,2,0,1,0,32832,362,0,32,0.0,0.0,0.0,0.0,0.0,0.0,0.0,0.0
443,37894,6,0.0,0.0,0.0,0.0,0.0,0.0,0.0,0.0,0.0,0.0,1.0,0.0,1.0,1.0,1.0,1.0,0.0,1.0,1.0,0.0,0.0,0.0,0.0,0.0,0,0,0,0,0.0,0.0,0,0,0,0,1,0,0,0,0.0,0.0,0.0,0.0,0,0,0,0,0,0,2,0,0,0,254,-1,0,32,0.0,0.0,0.0,0.0,0.0,0.0,0.0,0.0
52514,443,6,12.0,0.0,6.0,6.0,6.0,0.0,0.0,0.0,0.0,0.0,12479578.0,0.0,12479578.0,12479578.0,12479578.0,12479578.0,0.0,12479578.0,12479578.0,0.0,0.0,0.0,0.0,0.0,0,0,0,0,6.0,6.0,0,0,0,0,1,0,0,0,0.0,9.0,6.0,0.0,0,0,0,0,0,0,2,12,0,0,16227,-1,1,20,0.0,0.0,0.0,0.0,0.0,0.0,0.0,0.0
62893,53,17,46.0,46.0,23.0,23.0,23.0,0.0,23.0,23.0,23.0,0.0,50.33,87.179,156.0,3.0,3.0,3.0,0.0,3.0,3.0,3.0,3.0,0.0,3.0,3.0,0,0,0,0,23.0,23.0,0,0,0,0,0,0,0,0,1.0,28.75,23.0,23.0,0,0,0,0,0,0,2,46,2,46,-1,-1,1,20,0.0,0.0,0.0,0.0,0.0,0.0,0.0,0.0
60326,53,17,56.0,84.0,56.0,56.0,56.0,0.0,84.0,84.0,84.0,0.0,49603.0,0.0,49603.0,49603.0,0.0,0.0,0.0,0.0,0.0,0.0,0.0,0.0,0.0,0.0,0,0,0,0,56.0,84.0,0,0,0,0,0,0,0,0,1.0,98.0,56.0,84.0,0,0,0,0,0,0,1,56,1,84,-1,-1,0,40,0.0,0.0,0.0,0.0,0.0,0.0,0.0,0.0
51743,39954,6,18.0,0.0,6.0,6.0,6.0,0.0,0.0,0.0,0.0,0.0,2.0,1.414,3.0,1.0,4.0,2.0,1.414,3.0,1.0,0.0,0.0,0.0,0.0,0.0,0,0,0,0,6.0,6.0,0,0,0,0,1,0,0,0,0.0,8.0,6.0,0.0,0,0,0,0,0,0,3,18,0,0,389,-1,2,20,0.0,0.0,0.0,0.0,0.0,0.0,0.0,0.0
443,49082,6,6.0,6.0,6.0,6.0,6.0,0.0,6.0,6.0,6.0,0.0,27.0,0.0,27.0,27.0,0.0,0.0,0.0,0.0,0.0,0.0,0.0,0.0,0.0,0.0,0,0,0,0,6.0,6.0,0,0,0,0,1,1,0,0,1.0,9.0,6.0,6.0,0,0,0,0,0,0,1,6,1,6,70,255,0,20,0.0,0.0,0.0,0.0,0.0,0.0,0.0,0.0
60790,53,17,52.0,114.0,52.0,52.0,52.0,0.0,114.0,114.0,114.0,0.0,32830.0,0.0,32830.0,32830.0,0.0,0.0,0.0,0.0,0.0,0.0,0.0,0.0,0.0,0.0,0,0,0,0,52.0,114.0,0,0,0,0,0,0,0,0,1.0,109.0,52.0,114.0,0,0,0,0,0,0,1,52,1,114,-1,-1,0,32,0.0,0.0,0.0,0.0,0.0,0.0,0.0,0.0
49992,443,6,12.0,0.0,6.0,6.0,6.0,0.0,0.0,0.0,0.0,0.0,112.0,0.0,112.0,112.0,112.0,112.0,0.0,112.0,112.0,0.0,0.0,0.0,0.0,0.0,0,0,0,0,6.0,6.0,0,0,0,0,1,0,0,0,0.0,9.0,6.0,0.0,0,0,0,0,0,0,2,12,0,0,253,-1,1,20,0.0,0.0,0.0,0.0,0.0,0.0,0.0,0.0
52144,443,6,111.0,7.0,101.0,1.0,1.75,0.0,7.0,0.0,2.3333,4.0419,12411.75,17169.475,37381.0,28.0,37483.0,12427.66,22336.28,37480.0,367.0,31681.0,13546.5,26572.448,31582.0,256.0,0,0,0,0,0.0,101.0,0,0,0,1,0,0,0,0,1.0,2.85,1.75,2.3333,0,0,0,0,0,0,4,111,3,7,65535,970,1,32,0.0,0.0,0.0,0.0,0.0,0.0,0.0,0.0
41961,53,17,68.0,110.0,34.0,34.0,34.0,0.0,55.0,55.0,55.0,0.0,65.0,28.619,99.0,48.0,49.0,49.0,0.0,49.0,49.0,49.0,49.0,0.0,49.0,49.0,0,0,0,0,34.0,55.0,0,0,0,0,0,0,0,0,1.0,53.0,34.0,55.0,0,0,0,0,0,0,2,68,2,110,-1,-1,1,20,0.0,0.0,0.0,0.0,0.0,0.0,0.0,0.0
49937,80,6,432.0,2278.0,426.0,0.0,144.0,244.2376,2266.0,0.0,569.5,1131.0035,11906.75,14191.176,33485.0,5.0,33702.0,16851.0,20568.214,33615.0,159.0,34205.0,12205.66,20098.806,34735.0,5.0,0,0,0,0,0.0,2266.0,0,0,0,1,0,0,0,0,1.0,387.8571,144.0,569.5,0,0,0,0,0,0,3,432,4,2278,8192,237,2,20,0.0,0.0,0.0,0.0,0.0,0.0,0.0,0.0
57836,80,6,428.0,2266.0,428.0,0.0,142.0,247.1059,2266.0,0.0,566.5,1133.0,10850.66,14345.924,20488.0,4.0,32900.0,16950.0,22600.108,20967.0,338.0,30710.0,10210.33,22971.27,30226.0,4.0,0,0,0,0,0.0,2266.0,0,0,0,1,0,0,0,0,1.0,384.8571,142.0,566.5,0,0,0,0,0,0,3,428,4,2266,29200,237,1,32,0.0,0.0,0.0,0.0,0.0,0.0,0.0,0.0
59548,80,6,12.0,0.0,6.0,6.0,6.0,0.0,0.0,0.0,0.0,0.0,137.0,0.0,137.0,137.0,137.0,137.0,0.0,137.0,137.0,0.0,0.0,0.0,0.0,0.0,0,0,0,0,6.0,6.0,0,0,0,0,1,0,0,0,0.0,9.0,6.0,0.0,0,0,0,0,0,0,2,12,0,0,16415,-1,1,20,0.0,0.0,0.0,0.0,0.0,0.0,0.0,0.0
62808,53,17,78.0,134.0,39.0,39.0,39.0,0.0,67.0,67.0,67.0,0.0,57.0,50.518,125.0,3.0,3.0,3.0,0.0,3.0,3.0,48.0,48.0,0.0,48.0,48.0,0,0,0,0,39.0,67.0,0,0,0,0,0,0,0,0,1.0,62.75,39.0,67.0,0,0,0,0,0,0,2,78,2,134,-1,-1,1,32,0.0,0.0,0.0,0.0,0.0,0.0,0.0,0.0
51476,443,6,564.0,4219.0,198.0,0.0,50.5385,70.4755,1430.0,0.0,459.3889,590.6164,7302.12,13276.26,53384.0,1.0,182873.0,11872.8,16712.297,54232.0,3.0,63127.0,12652.9,16423.001,31141.0,1.0,0,0,0,0,0.0,1430.0,0,0,0,1,0,0,0,0,1.0,237.9,50.5385,459.3889,0,0,0,0,0,0,13,564,13,4219,8192,343,12,20,0.0,0.0,0.0,0.0,0.0,0.0,0.0,0.0
58924,443,6,8237.0,65165.0,553.0,0.0,86.5255,157.1621,4270.0,0.0,1242.5385,626.734,1333406.29,8659368.306,58043351.0,1.0,118657892.0,3229846.29,11277623.749,58063331.0,78.0,118626458.0,2521694.38,11086986.409,58293358.0,1.0,0,0,0,0,0.0,4270.0,0,0,0,1,0,0,0,0,1.0,778.1845,86.5255,1242.5385,0,0,0,0,0,0,94,8237,195,65165,8192,1667,83,20,350918.0,561328.98,560938.0,218160.0,58134138.0,64718.759,58043358.0,58351062.0
59242,53,17,82.0,152.0,41.0,41.0,41.0,0.0,76.0,76.0,76.0,0.0,54.66,84.892,158.0,3.0,3.0,3.0,0.0,3.0,3.0,3.0,3.0,0.0,3.0,3.0,0,0,0,0,41.0,76.0,0,0,0,0,0,0,0,0,1.0,68.75,41.0,76.0,0,0,0,0,0,0,2,82,2,152,-1,-1,1,32,0.0,0.0,0.0,0.0,0.0,0.0,0.0,0.0
57047,80,6,439.0,796.0,439.0,0.0,27.4375,109.75,796.0,0.0,56.8571,212.3399,3986744.17,4989185.491,10016452.0,64.0,115487199.0,7693298.93,4388639.051,10048047.0,920.0,110578208.0,8509405.61,3761121.417,10049226.0,891.0,0,0,0,0,0.0,796.0,0,0,0,1,0,0,0,0,0.0,41.1667,27.4375,56.8571,0,0,0,0,0,0,16,439,14,796,29200,285,1,32,26878.36,7295.375,42576.0,23753.0,10015683.9,4778.374,10016450.0,9990142.0
51062,53,17,64.0,96.0,32.0,32.0,32.0,0.0,48.0,48.0,48.0,0.0,60.0,68.049,129.0,4.0,48.0,48.0,0.0,48.0,48.0,4.0,4.0,0.0,4.0,4.0,0,0,0,0,32.0,48.0,0,0,0,0,0,0,0,0,1.0,48.0,32.0,48.0,0,0,0,0,0,0,2,64,2,96,-1,-1,1,20,0.0,0.0,0.0,0.0,0.0,0.0,0.0,0.0
61088,53,17,111.0,119.0,56.0,55.0,55.5,3.5355,60.0,79.0,79.5,4.3484,32194866.0,55944813.998,96323383.0,30365.0,96393958.0,96393958.0,0.0,96393958.0,96393958.0,96324398.0,96324398.0,0.0,96324398.0,96324398.0,0,0,0,0,55.0,60.0,0,0,0,0,0,0,0,0,1.0,82.25,55.5,79.5,0,0,0,0,0,0,2,111,2,119,-1,-1,1,32,31074.0,0.0,31074.0,31074.0,96323310.0,0.0,96323310.0,96323310.0
45145,389,6,4134.0,3164.0,1637.0,0.0,263.6,486.125,444.0,0.0,153.6667,131.2882,303.45,443.973,8197.0,1.0,3312.0,448.45,673.687,3307.0,1.0,261.0,11.2,376.079,211.0,1.0,0,0,0,0,0.0,1637.0,0,0,0,1,0,0,0,0,0.0,245.1667,263.6,153.6667,0,0,0,0,0,0,25,4134,12,3164,29200,0,10,32,0.0,0.0,0.0,0.0,0.0,0.0,0.0,0.0
58105,80,6,12.0,0.0,6.0,0.0,4.0,3.4641,0.0,0.0,0.0,0.0,2017935.0,3424610.019,5972821.0,104.0,6042871.0,3021435.5,4148633.039,5972821.0,996588.0,0.0,0.0,0.0,0.0,0.0,0,0,0,0,0.0,6.0,0,0,0,1,0,0,0,0,0.0,3.0,4.0,0.0,0,0,0,0,0,0,3,12,1,0,8192,65535,2,20,0.0,0.0,0.0,0.0,0.0,0.0,0.0,0.0
443,5594,6,197.0,6.0,198.0,6.0,49.6667,82.9851,6.0,6.0,6.0,0.0,4106.0,7320.557,13735.0,70.0,13918.0,6959.0,8062.855,13765.0,233.0,0.0,0.0,0.0,0.0,0.0,0,0,0,0,6.0,198.0,0,0,0,0,1,0,0,0,0.0,108.8333,49.6667,6.0,0,0,0,0,0,0,3,197,1,6,116,0,2,20,0.0,0.0,0.0,0.0,0.0,0.0,0.0,0.0
443,33268,6,12.0,0.0,6.0,6.0,6.0,0.0,0.0,0.0,0.0,0.0,1.0,0.0,1.0,1.0,1.0,1.0,0.0,1.0,1.0,0.0,0.0,0.0,0.0,0.0,0,0,0,0,6.0,6.0,0,0,0,0,1,0,0,0,0.0,9.0,6.0,0.0,0,0,0,0,0,0,2,12,0,0,17414,-1,1,20,0.0,0.0,0.0,0.0,0.0,0.0,0.0,0.0
56268,53,17,90.0,662.0,45.0,45.0,45.0,0.0,331.0,331.0,331.0,0.0,23371.33,40055.592,69143.0,3.0,3.0,3.0,0.0,3.0,3.0,3.0,3.0,0.0,3.0,3.0,0,0,0,0,45.0,331.0,0,0,0,0,0,0,0,0,1.0,198.25,45.0,331.0,0,0,0,0,0,0,2,90,2,662,-1,-1,1,32,0.0,0.0,0.0,0.0,0.0,0.0,0.0,0.0
49716,53,17,70.0,166.0,35.0,35.0,35.0,0.0,83.0,83.0,83.0,0.0,50.66,86.315,146.0,3.0,4.0,4.0,0.0,4.0,4.0,3.0,3.0,0.0,3.0,3.0,0,0,0,0,35.0,83.0,0,0,0,0,0,0,0,0,1.0,67.75,35.0,83.0,0,0,0,0,0,0,2,70,2,166,-1,-1,1,20,0.0,0.0,0.0,0.0,0.0,0.0,0.0,0.0
53326,443,6,1491.0,4965.0,517.0,0.0,78.3636,142.0223,1418.0,0.0,403.375,502.4844,3052334.77,13455129.187,58199758.0,1.0,117767508.0,5526184.25,18719180.412,58199750.0,1.0,117641115.0,7376435.44,20658374.911,58004767.0,1.0,0,0,0,0,0.0,1418.0,0,0,0,1,0,0,0,0,1.0,238.5609,78.3636,403.375,0,0,0,0,0,0,19,1491,18,4965,29200,349,7,32,252420.0,290806.713,401478.0,79051.0,58675228.5,783372.321,58199753.0,58043728.0
40844,443,6,1216.0,19659.0,917.0,0.0,88.8,213.7112,2896.0,0.0,1428.8167,1060.2952,2439.34,5432.502,15532.0,1.0,69807.0,4907.68,7159.894,27922.0,49.0,20825.0,3880.91,7203.93,15152.0,1.0,0,0,0,0,0.0,2896.0,0,0,0,1,0,0,0,0,1.0,880.569,88.8,1428.8167,0,0,0,0,0,0,15,1216,12,19659,65535,32,4,32,0.0,0.0,0.0,0.0,0.0,0.0,0.0,0.0
55343,53,17,118.0,142.0,59.0,59.0,59.0,0.0,71.0,71.0,71.0,0.0,57.33,90.669,166.0,3.0,4.0,4.0,0.0,4.0,4.0,3.0,3.0,0.0,3.0,3.0,0,0,0,0,59.0,71.0,0,0,0,0,0,0,0,0,1.0,74.75,59.0,71.0,0,0,0,0,0,0,2,118,2,142,-1,-1,1,20,0.0,0.0,0.0,0.0,0.0,0.0,0.0,0.0
443,52478,6,0.0,0.0,0.0,0.0,0.0,0.0,0.0,0.0,0.0,0.0,3.0,0.0,3.0,3.0,3.0,3.0,0.0,3.0,3.0,0.0,0.0,0.0,0.0,0.0,0,0,0,0,0.0,0.0,0,0,0,0,1,0,0,0,0.0,0.0,0.0,0.0,0,0,0,0,0,0,2,0,0,0,357,-1,0,32,0.0,0.0,0.0,0.0,0.0,0.0,0.0,0.0
60728,53,17,48.0,75.0,48.0,48.0,48.0,0.0,75.0,75.0,75.0,0.0,30640.0,0.0,30640.0,30640.0,10000.0,0.0,0.0,0.0,0.0,0.0,0.0,0.0,0.0,0.0,0,0,0,0,48.0,75.0,0,0,0,0,0,0,0,0,1.0,85.5,48.0,75.0,0,0,0,0,0,0,1,48,1,75,-1,-1,0,20,0.0,0.0,0.0,0.0,0.0,0.0,0.0,0.0
2102,53,17,66.0,180.0,33.0,33.0,33.0,0.0,90.0,90.0,90.0,0.0,84.33,143.419,250.0,3.0,3.0,3.0,0.0,3.0,3.0,3.0,3.0,0.0,3.0,3.0,0,0,0,0,33.0,90.0,0,0,0,0,0,0,0,0,1.0,69.75,33.0,90.0,0,0,0,0,0,0,2,66,2,180,-1,-1,1,40,0.0,0.0,0.0,0.0,0.0,0.0,0.0,0.0
52306,443,6,784.0,1321.0,517.0,0.0,146.0,225.6209,1287.0,0.0,266.2,513.7503,63936.85,61639.161,159601.0,4.0,231537.0,85766.2,87526.78,158691.0,649.0,234271.0,76415.25,78622.303,179506.0,4.0,0,0,0,0,0.0,1287.0,0,0,0,1,0,0,0,0,1.0,216.6667,146.0,266.2,0,0,0,0,0,0,6,784,5,1321,8192,61,5,20,0.0,0.0,0.0,0.0,0.0,0.0,0.0,0.0
55312,53,17,128.0,260.0,32.0,32.0,32.0,0.0,130.0,130.0,130.0,0.0,6136.8,13410.016,30794.0,3.0,30760.0,10286.33,17702.1,30764.0,3.0,3.0,3.0,0.0,3.0,3.0,0,0,0,0,32.0,130.0,0,0,0,0,0,0,0,0,0.0,69.0,32.0,130.0,0,0,0,0,0,0,4,128,2,260,-1,-1,3,20,0.0,0.0,0.0,0.0,0.0,0.0,0.0,0.0
62131,53,17,49.0,130.0,49.0,49.0,49.0,0.0,130.0,130.0,130.0,0.0,53579.0,0.0,53579.0,53579.0,0.0,0.0,0.0,0.0,0.0,0.0,0.0,0.0,0.0,0.0,0,0,0,0,49.0,130.0,0,0,0,0,0,0,0,0,1.0,114.0,49.0,130.0,0,0,0,0,0,0,1,49,1,130,-1,-1,0,32,0.0,0.0,0.0,0.0,0.0,0.0,0.0,0.0
55457,443,6,1683.0,206401.0,337.0,0.0,10.7862,49.7164,4380.0,0.0,1995.3545,908.8187,690922.02,2354985.181,9731035.0,1.0,111292843.0,1448911.15,3131730.698,10239605.0,1.0,111159027.0,1097140.24,3409246.71,10233049.0,1.0,0,0,0,0,0.0,4380.0,0,0,0,1,0,0,0,0,1.0,1139.5237,10.7862,1995.3545,0,0,0,0,0,0,126,1683,109,206401,65535,1426,325,20,152386.0,246598.133,753929.0,23249.0,9983736.63,40215.356,9731030.0,9950270.0
58674,80,6,1104.0,592.0,1104.0,0.0,150.8,571.0373,590.0,0.0,120.4,231.2952,74964.31,165831.42,334502.0,77.0,543196.0,110749.0,181630.812,331502.0,112.0,436761.0,119580.75,228837.335,433103.0,23556.0,0,0,0,0,0.0,1104.0,0,0,0,1,0,0,0,0,1.0,152.2,150.8,120.4,0,0,0,0,0,0,5,1104,5,592,65535,248,1,32,0.0,0.0,0.0,0.0,0.0,0.0,0.0,0.0
61783,53,17,39.0,55.0,39.0,39.0,39.0,0.0,55.0,55.0,55.0,0.0,30718.0,0.0,30718.0,30718.0,0.0,0.0,0.0,0.0,0.0,0.0,0.0,0.0,0.0,0.0,0,0,0,0,39.0,55.0,0,0,0,0,0,0,0,0,1.0,66.5,39.0,55.0,0,0,0,0,0,0,1,39,1,55,-1,-1,0,32,0.0,0.0,0.0,0.0,0.0,0.0,0.0,0.0
443,51274,6,6.0,6.0,6.0,6.0,6.0,0.0,6.0,6.0,6.0,0.0,38.0,0.0,38.0,38.0,0.0,0.0,0.0,0.0,0.0,0.0,0.0,0.0,0.0,0.0,0,0,0,0,6.0,6.0,0,0,0,0,1,1,0,0,1.0,9.0,6.0,6.0,0,0,0,0,0,0,1,6,1,6,123,16360,0,20,0.0,0.0,0.0,0.0,0.0,0.0,0.0,0.0
54374,80,6,532.0,99530.0,326.0,0.0,28.0474,90.1977,4344.0,0.0,1708.4409,1032.9354,424712.73,1982135.478,10024394.0,5.0,40838126.0,1142420.1,3392508.027,10116015.0,169.0,46497097.0,853503.31,2494334.086,10114121.0,41.0,0,0,0,0,0.0,4344.0,0,0,0,1,0,0,0,0,1.0,1040.0069,28.0474,1708.4409,0,0,0,0,0,0,29,532,48,99530,29200,122,1,32,659574.75,943721.394,8269510.0,16637.0,10023186.0,27118.913,10024398.0,10004745.0
51116,443,6,1089.0,31262.0,341.0,0.0,33.6048,96.3187,2896.0,0.0,1320.6954,1020.7946,1587338.56,3604271.765,10028068.0,2.0,115820390.0,3137516.22,4805022.352,10042030.0,4.0,110798366.0,2831597.05,4147979.87,10048227.0,48.0,0,0,0,0,0.0,2896.0,0,0,0,1,0,0,0,0,1.0,707.8422,33.6048,1320.6954,0,0,0,0,0,0,33,1089,38,31262,29200,1006,5,32,58834.27,87744.212,380952.0,23585.0,10023228.0,6628.031,10028065.0,9996338.0
16323,53,17,64.0,128.0,32.0,32.0,32.0,0.0,64.0,64.0,64.0,0.0,10262.66,17775.044,30787.0,4.0,4.0,4.0,0.0,4.0,4.0,4.0,4.0,0.0,4.0,4.0,0,0,0,0,32.0,64.0,0,0,0,0,0,0,0,0,1.0,56.0,32.0,64.0,0,0,0,0,0,0,2,64,2,128,-1,-1,1,32,0.0,0.0,0.0,0.0,0.0,0.0,0.0,0.0
443,52861,6,6.0,6.0,6.0,6.0,6.0,0.0,6.0,6.0,6.0,0.0,95.0,0.0,95.0,95.0,0.0,0.0,0.0,0.0,0.0,0.0,0.0,0.0,0.0,0.0,0,0,0,0,6.0,6.0,0,0,0,0,1,1,0,0,1.0,9.0,6.0,6.0,0,0,0,0,0,0,1,6,1,6,32900,63209,0,20,0.0,0.0,0.0,0.0,0.0,0.0,0.0,0.0
49486,53,17,82.0,282.0,41.0,41.0,41.0,0.0,141.0,141.0,141.0,0.0,10555.0,18295.775,31664.0,3.0,3.0,3.0,0.0,3.0,3.0,48.0,48.0,0.0,48.0,48.0,0,0,0,0,41.0,141.0,0,0,0,0,0,0,0,0,1.0,101.25,41.0,141.0,0,0,0,0,0,0,2,82,2,282,-1,-1,1,32,0.0,0.0,0.0,0.0,0.0,0.0,0.0,0.0
443,54377,6,0.0,0.0,0.0,0.0,0.0,0.0,0.0,0.0,0.0,0.0,38.0,0.0,38.0,38.0,0.0,0.0,0.0,0.0,0.0,0.0,0.0,0.0,0.0,0.0,0,0,0,0,0.0,0.0,0,0,0,0,1,1,0,0,1.0,0.0,0.0,0.0,0,0,0,0,0,0,1,0,1,0,8404,310,0,32,0.0,0.0,0.0,0.0,0.0,0.0,0.0,0.0
50914,443,6,4390.0,1771.0,1085.0,0.0,212.0,363.0594,767.0,0.0,80.1667,288.2006,706168.7,2607083.541,9999102.0,77.0,27914499.0,1101688.55,2842359.858,9999102.0,625.0,17910886.0,1405906.34,3403881.876,9999012.0,256.0,0,0,0,0,0.0,1085.0,0,0,0,1,0,0,0,0,0.0,165.8878,212.0,80.1667,0,0,0,0,0,0,25,4390,15,1771,29200,422,8,32,472542.0,682165.977,878170.0,64341.0,7626736.5,3171741.222,9999109.0,5024344.0
62384,53,17,101.0,467.0,56.0,45.0,50.5,9.1924,286.0,137.0,233.5,104.3779,26987165.0,40404540.877,108595684.0,30422.0,108625099.0,108625099.0,0.0,108625099.0,108625099.0,108579998.0,108579998.0,0.0,108579998.0,108579998.0,0,0,0,0,45.0,286.0,0,0,0,0,0,0,0,0,1.0,197.75,50.5,233.5,0,0,0,0,0,0,2,101,2,467,-1,-1,1,20,30945.0,0.0,30945.0,30945.0,108595696.0,0.0,108595696.0,108595696.0
443,51483,6,0.0,0.0,0.0,0.0,0.0,0.0,0.0,0.0,0.0,0.0,46.0,0.0,46.0,46.0,0.0,0.0,0.0,0.0,0.0,0.0,0.0,0.0,0.0,0.0,0,0,0,0,0.0,0.0,0,0,0,0,1,1,0,0,1.0,0.0,0.0,0.0,0,0,0,0,0,0,1,0,1,0,118,65535,0,32,0.0,0.0,0.0,0.0,0.0,0.0,0.0,0.0
443,53356,6,37.0,0.0,31.0,6.0,18.5,17.6777,0.0,0.0,0.0,0.0,47.0,0.0,47.0,47.0,47.0,47.0,0.0,47.0,47.0,0.0,0.0,0.0,0.0,0.0,1,0,0,0,6.0,31.0,0,1,0,0,1,0,0,0,0.0,34.0,18.5,0.0,0,0,0,0,0,0,2,37,0,0,123,-1,1,20,0.0,0.0,0.0,0.0,0.0,0.0,0.0,0.0
35616,443,6,977.0,4517.0,538.0,0.0,69.9375,165.775,2448.0,0.0,251.1667,635.9133,2984064.03,4585162.769,10027335.0,8.0,115406095.0,5727054.43,5013166.006,10040017.0,48.0,110926910.0,6144495.45,5037220.845,10048158.0,48.0,0,0,0,0,0.0,2448.0,0,0,0,1,0,0,0,0,0.0,152.4293,69.9375,251.1667,0,0,0,0,0,0,22,977,18,4517,29200,61,4,32,36401.81,72411.51,298908.0,22953.0,10013242.27,4598.419,10027334.0,9999919.0
443,35484,6,31.0,0.0,31.0,0.0,15.5,21.9203,0.0,0.0,0.0,0.0,3.0,0.0,3.0,3.0,3.0,3.0,0.0,3.0,3.0,0.0,0.0,0.0,0.0,0.0,1,0,0,0,0.0,31.0,0,1,0,0,1,0,0,0,0.0,31.0,15.5,0.0,0,0,0,0,0,0,2,31,0,0,1082,-1,0,32,0.0,0.0,0.0,0.0,0.0,0.0,0.0,0.0
65329,53,17,148.0,170.0,37.0,37.0,37.0,0.0,85.0,85.0,85.0,0.0,12342.2,16734.318,32229.0,1.0,31208.0,10402.66,18201.628,31209.0,1.0,3.0,3.0,0.0,3.0,3.0,0,0,0,0,37.0,85.0,0,0,0,0,0,0,0,0,0.0,60.5,37.0,85.0,0,0,0,0,0,0,4,148,2,170,-1,-1,3,32,0.0,0.0,0.0,0.0,0.0,0.0,0.0,0.0
27253,53,17,82.0,204.0,41.0,41.0,41.0,0.0,102.0,102.0,102.0,0.0,57.66,91.726,167.0,3.0,3.0,3.0,0.0,3.0,3.0,3.0,3.0,0.0,3.0,3.0,0,0,0,0,41.0,102.0,0,0,0,0,0,0,0,0,1.0,81.75,41.0,102.0,0,0,0,0,0,0,2,82,2,204,-1,-1,1,20,0.0,0.0,0.0,0.0,0.0,0.0,0.0,0.0
62293,53,17,50.0,112.0,50.0,50.0,50.0,0.0,112.0,112.0,112.0,0.0,813.0,0.0,813.0,813.0,0.0,0.0,0.0,0.0,0.0,0.0,0.0,0.0,0.0,0.0,0,0,0,0,50.0,112.0,0,0,0,0,0,0,0,0,1.0,106.0,50.0,112.0,0,0,0,0,0,0,1,50,1,112,-1,-1,0,20,0.0,0.0,0.0,0.0,0.0,0.0,0.0,0.0
443,50834,6,0.0,0.0,0.0,0.0,0.0,0.0,0.0,0.0,0.0,0.0,4.0,0.0,4.0,4.0,4.0,4.0,0.0,4.0,4.0,0.0,0.0,0.0,0.0,0.0,0,0,0,0,0.0,0.0,0,0,0,0,1,0,0,0,0.0,0.0,0.0,0.0,0,0,0,0,0,0,2,0,0,0,357,-1,0,32,0.0,0.0,0.0,0.0,0.0,0.0,0.0,0.0
52994,443,6,2354.0,98209.0,522.0,0.0,41.884,129.821,4344.0,0.0,1776.8299,1043.3188,163617.63,1174335.799,10030271.0,1.0,11890743.0,372073.0,1650680.391,10050271.0,174.0,11784199.0,286572.6,1483289.662,10255351.0,1.0,0,0,0,0,0.0,4344.0,0,0,0,1,0,0,0,0,1.0,1005.6145,41.884,1776.8299,0,0,0,0,0,0,48,2354,133,98209,29200,156,9,32,3651661.0,0.0,3651661.0,3651661.0,10030274.0,0.0,10030274.0,10030274.0
52138,53,17,82.0,114.0,41.0,41.0,41.0,0.0,57.0,57.0,57.0,0.0,51.66,86.715,148.0,3.0,3.0,3.0,0.0,3.0,3.0,3.0,3.0,0.0,3.0,3.0,0,0,0,0,41.0,57.0,0,0,0,0,0,0,0,0,1.0,59.25,41.0,57.0,0,0,0,0,0,0,2,82,2,114,-1,-1,1,32,0.0,0.0,0.0,0.0,0.0,0.0,0.0,0.0
36226,80,6,0.0,0.0,0.0,0.0,0.0,0.0,0.0,0.0,0.0,0.0,1791008.33,3050090.037,5347629.0,59.0,5381516.0,2690758.0,3727460.644,5347629.0,36649.0,0.0,0.0,0.0,0.0,0.0,0,0,0,0,0.0,0.0,0,0,0,1,0,0,0,0,0.0,0.0,0.0,0.0,0,0,0,0,0,0,3,0,1,0,29200,28960,0,32,0.0,0.0,0.0,0.0,0.0,0.0,0.0,0.0
52885,443,6,951.0,7953.0,671.0,0.0,64.4167,175.8111,1418.0,0.0,447.1333,642.154,2055467.37,4060805.392,10023418.0,3.0,60864267.0,4316910.92,5139559.525,10113939.0,103.0,60977459.0,4631225.71,5169894.212,10199949.0,3.0,0,0,0,0,0.0,1418.0,0,0,0,1,0,0,0,0,1.0,268.6689,64.4167,447.1333,0,0,0,0,0,0,15,951,15,7953,29200,353,3,32,189922.33,174485.716,615319.0,83527.0,10020799.16,19350.977,10023417.0,9959060.0
48520,443,6,6.0,6.0,6.0,6.0,6.0,0.0,6.0,6.0,6.0,0.0,294840.0,0.0,294840.0,294840.0,0.0,0.0,0.0,0.0,0.0,0.0,0.0,0.0,0.0,0.0,0,0,0,0,6.0,6.0,0,0,0,0,1,1,0,0,1.0,9.0,6.0,6.0,0,0,0,0,0,0,1,6,1,6,484,5100,0,20,0.0,0.0,0.0,0.0,0.0,0.0,0.0,0.0
51290,443,6,12.0,0.0,6.0,6.0,6.0,0.0,0.0,0.0,0.0,0.0,5859938.0,0.0,5459938.0,5859938.0,5459938.0,5459938.0,0.0,5459938.0,5459938.0,0.0,0.0,0.0,0.0,0.0,0,0,0,0,6.0,6.0,0,0,0,0,1,0,0,0,0.0,9.0,6.0,0.0,0,0,0,0,0,0,2,12,0,0,63868,-1,1,20,0.0,0.0,0.0,0.0,0.0,0.0,0.0,0.0
61746,53,17,50.0,185.0,50.0,50.0,50.0,0.0,185.0,185.0,185.0,0.0,61934.0,0.0,61934.0,61934.0,0.0,0.0,0.0,0.0,0.0,0.0,0.0,0.0,0.0,0.0,0,0,0,0,50.0,185.0,0,0,0,0,0,0,0,0,1.0,142.5,50.0,185.0,0,0,0,0,0,0,1,50,1,185,-1,-1,0,20,0.0,0.0,0.0,0.0,0.0,0.0,0.0,0.0
443,57270,6,37.0,18.0,37.0,0.0,18.5,26.163,6.0,6.0,6.0,0.0,61113.5,116410.871,244527.0,1.0,244521.0,244521.0,0.0,244521.0,244521.0,4.0,2.0,1.414,3.0,1.0,0,0,0,0,0.0,37.0,0,0,0,0,1,0,0,0,1.0,11.0,18.5,6.0,0,0,0,0,0,0,2,37,3,18,65,0,1,32,0.0,0.0,0.0,0.0,0.0,0.0,0.0,0.0
55144,443,6,921.0,8841.0,376.0,0.0,30.6025,83.9405,2896.0,0.0,446.4118,866.8833,2599218.45,4332752.876,10011175.0,2.0,115901641.0,4800947.4,4968481.598,10047905.0,3.0,110641548.0,5114018.58,4949388.248,10048474.0,2.0,0,0,0,0,0.0,2896.0,0,0,0,1,0,0,0,0,0.0,222.5295,30.6025,446.4118,0,0,0,0,0,0,22,921,21,8841,29200,126,4,32,36175.36,15039.319,105262.0,23293.0,9611247.91,1396709.185,10011178.0,5006925.0
64721,53,17,84.0,204.0,42.0,42.0,42.0,0.0,102.0,102.0,102.0,0.0,78.0,131.676,234.0,3.0,3.0,3.0,0.0,3.0,3.0,3.0,3.0,0.0,3.0,3.0,0,0,0,0,42.0,102.0,0,0,0,0,0,0,0,0,1.0,82.5,42.0,102.0,0,0,0,0,0,0,2,84,2,204,-1,-1,1,20,0.0,0.0,0.0,0.0,0.0,0.0,0.0,0.0
61914,53,17,62.0,238.0,62.0,62.0,62.0,0.0,238.0,238.0,238.0,0.0,61570.0,0.0,61570.0,61570.0,0.0,0.0,0.0,0.0,0.0,0.0,0.0,0.0,0.0,0.0,0,0,0,0,62.0,238.0,0,0,0,0,0,0,0,0,1.0,171.0,62.0,238.0,0,0,0,0,0,0,1,62,1,238,-1,-1,0,20,0.0,0.0,0.0,0.0,0.0,0.0,0.0,0.0
63845,53,17,80.0,112.0,40.0,40.0,40.0,0.0,56.0,56.0,56.0,0.0,50.33,42.836,105.0,3.0,3.0,3.0,0.0,3.0,3.0,48.0,48.0,0.0,48.0,48.0,0,0,0,0,40.0,56.0,0,0,0,0,0,0,0,0,1.0,58.0,40.0,56.0,0,0,0,0,0,0,2,80,2,112,-1,-1,1,20,0.0,0.0,0.0,0.0,0.0,0.0,0.0,0.0
58558,443,6,352.0,3782.0,208.0,0.0,58.6667,87.8605,1460.0,0.0,630.3333,677.2171,26504.45,39568.637,86263.0,48.0,274045.0,54220.0,46792.517,89767.0,85.0,186779.0,35594.8,46482.386,98267.0,49.0,0,0,0,0,0.0,1460.0,0,0,0,1,0,0,0,0,1.0,344.5,58.6667,630.3333,0,0,0,0,0,0,6,352,6,3782,8192,60,5,20,0.0,0.0,0.0,0.0,0.0,0.0,0.0,0.0
60965,53,17,41.0,73.0,41.0,41.0,41.0,0.0,73.0,73.0,73.0,0.0,31092.0,0.0,31092.0,31092.0,0.0,0.0,0.0,0.0,0.0,0.0,0.0,0.0,0.0,0.0,0,0,0,0,41.0,73.0,0,0,0,0,0,0,0,0,1.0,77.5,41.0,73.0,0,0,0,0,0,0,1,41,1,73,-1,-1,0,32,0.0,0.0,0.0,0.0,0.0,0.0,0.0,0.0
51327,80,6,430.0,2278.0,420.0,0.0,143.3333,246.4606,2266.0,0.0,569.5,1131.0035,10165.0,14931.495,23877.0,5.0,28891.0,14445.5,20922.092,28877.0,2959.0,33481.0,11490.66,11370.03,23740.0,5.0,0,0,0,0,0.0,2266.0,0,0,0,1,0,0,0,0,1.0,387.8571,143.3333,569.5,0,0,0,0,0,0,3,430,4,2278,8192,237,2,20,0.0,0.0,0.0,0.0,0.0,0.0,0.0,0.0
